0.01 0 -0.00278335 -0.00299536 -0.00291724
0.02 0 -0.00220972 -0.0030521 -0.00278615
0.03 0 -0.00150345 -0.00311814 -0.00276823
0.04 0 -0.000941442 -0.00300663 -0.00294842
0.05 0 -4.7445e-05 -0.00198062 -0.00268002
0.06 0 0.00107679 -0.00014035 -0.00190618
0.07 0 0.00196456 0.00180577 -0.000970594
0.08 0 0.00228798 0.00312692 -0.000163043
0.09 0 0.00116153 0.00248398 -0.000471385
0.1 0 -0.00121677 -0.000302046 -0.0019604
0.11 0 -0.0037016 -0.00417619 -0.00382933
0.12 0 -0.00498494 -0.0074169 -0.00502541
0.13 0 -0.00315275 -0.00712622 -0.00358494
0.14 0 -0.000431722 -0.00440599 -0.00136475
0.15 0 0.000949521 -0.00114009 -0.000238645
0.16 0 0.00136898 0.00217791 0.000242713
0.17 0 0.00272941 0.00601655 0.00189676
0.18 0 0.00222439 0.00642846 0.001823
0.19 0 0.000157066 0.00323413 0.000156695
0.2 0 -0.000511328 -0.000104874 -0.000269813
0.21 0 -0.00193929 -0.00440609 -0.00159826
0.22 0 0.00105303 -0.00284471 0.00157106
0.23 0 0.00496166 0.00241899 0.00620243
0.24 0 0.00943859 0.0112325 0.0124124
0.25 0 0.0169353 0.0251155 0.0230667
0.26 0 0.0221901 0.0373201 0.0332732
0.27 0 0.0188315 0.0393395 0.0364312
0.28 0 0.00505891 0.0265473 0.0293132
0.29 0 -0.0114901 0.00440858 0.0172147
0.3 0 -0.0149707 -0.00995518 0.0143039
0.31 0 -0.00967583 -0.0152628 0.0165719
0.32 0 -0.00534792 -0.0151793 0.0157482
0.33 0 0.00194805 -0.00347706 0.0171341
0.34 0 0.0154416 0.0210769 0.0251794
0.35 0 0.027312 0.0460207 0.0333071
0.36 0 0.0205017 0.0478735 0.0247049
0.37 0 -0.00149913 0.0233407 0.00111282
0.38 0 -0.030513 -0.022899 -0.032328
0.39 0 -0.0556966 -0.0770486 -0.0674286
0.4 0 -0.0630334 -0.115404 -0.0907992
0.41 0 -0.0611942 -0.13445 -0.109396
0.42 0 -0.049321 -0.125553 -0.119527
0.43 0 -0.0278964 -0.0896938 -0.118621
0.44 0 -0.0103915 -0.0487583 -0.117554
0.45 0 0.00601951 -0.0120747 -0.111752
0.46 0 0.028116 0.0187967 -0.0925156
0.47 0 0.0515119 0.0403776 -0.0611943
0.48 0 0.0710875 0.056567 -0.0194636
0.49 0 0.0691209 0.0596487 0.0164583
0.5 0 0.0236746 0.0291069 0.0207222
0.51 0 -0.0450507 -0.0252314 0.00301146
0.52 0 -0.0889938 -0.067917 -0.00109694
0.53 0 -0.0867071 -0.0788418 0.0225082
0.54 0 -0.0596224 -0.0672931 0.0527618
0.55 0 -0.0259954 -0.0363656 0.0764569
0.56 0 0.00472868 0.0109708 0.0898301
0.57 0 0.00892277 0.0430258 0.0724221
0.58 0 0.00492544 0.0594437 0.0424886
0.59 0 0.0368513 0.090556 0.0451888
0.6 0 0.0934664 0.129527 0.0760651
0.61 0 0.126531 0.145558 0.096739
0.62 0 0.149786 0.168566 0.128344
0.63 0 0.160205 0.201972 0.170688
0.64 0 0.11474 0.19398 0.176682
0.65 0 -0.00298611 0.102335 0.115636
0.66 0 -0.141495 -0.0521889 0.0169618
0.67 0 -0.240187 -0.221098 -0.0786428
0.68 0 -0.247074 -0.329877 -0.126226
0.69 0 -0.145456 -0.309675 -0.0980648
0.7 0 -0.0301377 -0.20456 -0.0661589
0.71 0 0.0127224 -0.092746 -0.0982228
0.72 0 -0.0094017 -0.0149494 -0.183384
0.73 0 -0.0535998 -0.00176318 -0.286375
0.74 0 -0.0467209 -0.0265054 -0.339333
0.75 0 0.0569487 -0.0248152 -0.286523
0.76 0 0.226088 0.0503765 -0.13193
0.77 0 0.348564 0.172769 0.0427491
0.78 0 0.327132 0.272685 0.151131
0.79 0 0.160117 0.289778 0.16935
0.8 0 -0.0614989 0.205478 0.140678
0.81 0 -0.270011 -0.00149068 0.0811564
0.82 0 -0.383372 -0.259784 0.0382956
0.83 0 -0.393098 -0.484302 0.0138115
0.84 0 -0.326528 -0.584496 -0.00308775
0.85 0 -0.240838 -0.530585 -0.0444874
0.86 0 -0.140826 -0.321788 -0.0945955
0.87 0 -0.00868571 -0.0121396 -0.121311
0.88 0 0.160045 0.303674 -0.105027
0.89 0 0.353826 0.548155 -0.033884
0.9 0 0.525735 0.675974 0.0772714
0.91 0 0.60695 0.676591 0.190531
0.92 0 0.566685 0.590384 0.289925
0.93 0 0.380287 0.42951 0.337587
0.94 0 0.0607699 0.184434 0.301281
0.95 0 -0.277786 -0.0963609 0.227995
0.96 0 -0.465719 -0.297581 0.224739
0.97 0 -0.453677 -0.364219 0.309252
0.98 0 -0.322998 -0.315862 0.405408
0.99 0 -0.191563 -0.205793 0.420989
1 0 -0.112829 -0.0740407 0.327723
1.01 0 -0.0255616 0.0955316 0.204746
1.02 0 0.096417 0.264865 0.0966624
1.03 0 0.223333 0.365501 -0.000445352
1.04 0 0.323354 0.372486 -0.0868166
1.05 0 0.355771 0.288203 -0.173778
1.06 0 0.325245 0.169347 -0.238506
1.07 0 0.230998 0.0482664 -0.280509
1.08 0 0.104544 -0.0440753 -0.284496
1.09 0 0.0284913 -0.0499633 -0.193851
1.1 0 0.0375212 0.0411269 0.00312018
1.11 0 0.0827115 0.170764 0.243459
1.12 0 0.114284 0.287856 0.468138
1.13 0 0.0991241 0.35339 0.632687
1.14 0 -0.01511 0.295248 0.665449
1.15 0 -0.229557 0.0783238 0.535087
1.16 0 -0.480881 -0.266251 0.26914
1.17 0 -0.628851 -0.599101 -0.0177252
1.18 0 -0.613718 -0.810649 -0.263911
1.19 0 -0.491395 -0.876125 -0.493769
1.2 0 -0.25318 -0.71916 -0.647411
1.21 0 0.0629935 -0.354297 -0.702101
1.22 0 0.323702 0.0512396 -0.73424
1.23 0 0.48204 0.370457 -0.751074
1.24 0 0.56518 0.548439 -0.705193
1.25 0 0.612078 0.593468 -0.548887
1.26 0 0.561764 0.482117 -0.343323
1.27 0 0.343429 0.21248 -0.179062
1.28 0 -0.00520961 -0.131278 -0.0681869
1.29 0 -0.375488 -0.441431 0.0232346
1.3 0 -0.668004 -0.654679 0.113818
1.31 0 -0.823249 -0.753225 0.197368
1.32 0 -0.790581 -0.705941 0.290378
1.33 0 -0.597548 -0.526809 0.369961
1.34 0 -0.31587 -0.255405 0.402035
1.35 0 -0.0450648 0.0300898 0.341731
1.36 0 0.120593 0.222073 0.147496
1.37 0 0.171677 0.26513 -0.151612
1.38 0 0.163492 0.169031 -0.475044
1.39 0 0.160498 -0.00549351 -0.736655
1.4 0 0.166824 -0.201581 -0.90801
1.41 0 0.151697 -0.367832 -0.997593
1.42 0 0.10574 -0.449974 -1.00474
1.43 0 0.0648621 -0.39954 -0.900675
1.44 0 0.0321795 -0.252933 -0.703767
1.45 0 -0.0577906 -0.148951 -0.512516
1.46 0 -0.174389 -0.133359 -0.337298
1.47 0 -0.231308 -0.157365 -0.128817
1.48 0 -0.249835 -0.218574 0.069634
1.49 0 -0.302802 -0.329996 0.174227
1.5 0 -0.380579 -0.433241 0.183965
1.51 0 -0.416079 -0.449265 0.154271
1.52 0 -0.322216 -0.306633 0.16955
1.53 0 -0.103381 -0.0286767 0.242364
1.54 0 0.185877 0.321862 0.355223
1.55 0 0.440917 0.639065 0.449782
1.56 0 0.575046 0.828485 0.47834
1.57 0 0.566763 0.848492 0.438531
1.58 0 0.493391 0.757996 0.406995
1.59 0 0.406781 0.61449 0.424699
1.6 0 0.293965 0.437173 0.463581
1.61 0 0.16444 0.273255 0.512907
1.62 0 0.0463398 0.171501 0.575191
1.63 0 -0.0215665 0.165893 0.662459
1.64 0 -0.0572082 0.212512 0.733957
1.65 0 -0.0796605 0.254902 0.75371
1.66 0 -0.0472155 0.304323 0.755907
1.67 0 0.0334246 0.349684 0.740627
1.68 0 0.106906 0.356628 0.671429
1.69 0 0.113279 0.290104 0.50904
1.7 0 0.0365079 0.1411 0.24958
1.71 0 -0.0805807 -0.0607787 -0.0625012
1.72 0 -0.159383 -0.250959 -0.349556
1.73 0 -0.143216 -0.363492 -0.54677
1.74 0 -0.0448566 -0.373391 -0.644455
1.75 0 0.0827992 -0.288468 -0.664611
1.76 0 0.175486 -0.152405 -0.644835
1.77 0 0.230401 0.0121728 -0.57499
1.78 0 0.260922 0.171761 -0.442738
1.79 0 0.304914 0.322154 -0.218493
1.8 0 0.356001 0.446112 0.0825387
1.81 0 0.407321 0.559981 0.44536
1.82 0 0.423178 0.664709 0.822573
1.83 0 0.345271 0.719165 1.13234
1.84 0 0.166576 0.691261 1.32599
1.85 0 -0.0867587 0.546502 1.37293
1.86 0 -0.363767 0.271518 1.26409
1.87 0 -0.540835 -0.0363029 1.07816
1.88 0 -0.565514 -0.28649 0.855422
1.89 0 -0.489898 -0.447029 0.56704
1.9 0 -0.351651 -0.477046 0.221693
1.91 0 -0.196793 -0.394581 -0.172118
1.92 0 -0.0707389 -0.28053 -0.608188
1.93 0 0.0534426 -0.17923 -1.01368
1.94 0 0.185612 -0.135276 -1.33359
1.95 0 0.335589 -0.135342 -1.50966
1.96 0 0.472163 -0.14631 -1.52474
1.97 0 0.503983 -0.175463 -1.43609
1.98 0 0.38095 -0.228052 -1.29271
1.99 0 0.0984772 -0.337188 -1.14118
2 0 -0.249854 -0.495287 -0.965509
2.01 0 -0.501027 -0.622486 -0.689943
2.02 0 -0.575719 -0.658957 -0.301924
2.03 0 -0.52102 -0.598591 0.118266
2.04 0 -0.411238 -0.43757 0.488348
2.05 0 -0.372854 -0.266937 0.679503
2.06 0 -0.499267 -0.23151 0.582288
2.07 0 -0.756945 -0.420663 0.195853
2.08 0 -0.990077 -0.795225 -0.358013
2.09 0 -1.04812 -1.22394 -0.931282
2.1 0 -0.900519 -1.56441 -1.44525
2.11 0 -0.549765 -1.62574 -1.80841
2.12 0 -0.113761 -1.3529 -2.02333
2.13 0 0.343872 -0.749713 -2.04738
2.14 0 0.868271 0.159315 -1.75297
2.15 0 1.32205 1.09235 -1.22053
2.16 0 1.61762 1.81636 -0.510937
2.17 0 1.68961 2.18204 0.301859
2.18 0 1.41718 2.06467 1.04537
2.19 0 0.821315 1.53042 1.63661
2.2 0 -0.0326628 0.691258 1.98644
2.21 0 -0.932543 -0.223457 2.12181
2.22 0 -1.61849 -0.959671 2.12572
2.23 0 -1.92593 -1.35401 2.03871
2.24 0 -1.77425 -1.30457 1.90109
2.25 0 -1.16556 -0.770678 1.7655
2.26 0 -0.246548 0.145008 1.62416
2.27 0 0.696239 1.16409 1.37794
2.28 0 1.4184 1.98652 0.969879
2.29 0 1.84205 2.44533 0.481425
2.3 0 1.98564 2.46745 0.0263441
2.31 0 1.84449 2.02476 -0.363851
2.32 0 1.35094 1.14968 -0.74755
2.33 0 0.75582 0.252349 -0.903167
2.34 0 0.270047 -0.358885 -0.721476
2.35 0 -0.207988 -0.719915 -0.406281
2.36 0 -0.625524 -0.827048 -0.0295089
2.37 0 -0.864096 -0.688014 0.40914
2.38 0 -0.910941 -0.436059 0.827541
2.39 0 -0.856293 -0.249924 1.08794
2.4 0 -0.766501 -0.214724 1.1146
2.41 0 -0.603401 -0.239087 0.9741
2.42 0 -0.319067 -0.17887 0.773325
2.43 0 0.0363981 0.0194481 0.547568
2.44 0 0.402929 0.352995 0.328768
2.45 0 0.761759 0.794104 0.18382
2.46 0 1.08258 1.25279 0.152705
2.47 0 1.2732 1.56624 0.194148
2.48 0 1.21165 1.55614 0.205425
2.49 0 0.859755 1.1539 0.125415
2.5 0 0.264319 0.403474 -0.0666414
2.51 0 -0.365925 -0.45496 -0.25789
2.52 0 -0.863816 -1.18803 -0.379118
2.53 0 -1.16493 -1.67976 -0.465015
2.54 0 -1.40617 -1.96165 -0.664599
2.55 0 -1.5752 -2.06551 -1.00432
2.56 0 -1.57888 -2.00251 -1.40327
2.57 0 -1.35126 -1.82123 -1.78133
2.58 0 -0.836229 -1.48211 -2.00595
2.59 0 -0.0866041 -0.952744 -2.00617
2.6 0 0.631823 -0.375969 -1.91329
2.61 0 1.01794 0.099744 -1.86231
2.62 0 0.990376 0.344744 -1.88328
2.63 0 0.621898 0.271895 -1.92937
2.64 0 0.170669 -0.0481717 -1.8378
2.65 0 -0.119479 -0.418847 -1.45648
2.66 0 -0.218326 -0.691845 -0.822854
2.67 0 -0.323129 -0.852341 -0.172336
2.68 0 -0.612304 -0.95435 0.259092
2.69 0 -1.09741 -1.07022 0.363518
2.7 0 -1.55797 -1.20075 0.234701
2.71 0 -1.70383 -1.27184 0.0663009
2.72 0 -1.34074 -1.14065 0.0424593
2.73 0 -0.592747 -0.766054 0.140098
2.74 0 0.281906 -0.138788 0.274441
2.75 0 1.02706 0.677852 0.371044
2.76 0 1.52924 1.56433 0.448396
2.77 0 1.80323 2.34686 0.585227
2.78 0 1.83806 2.76508 0.775985
2.79 0 1.70029 2.72378 1.05713
2.8 0 1.42821 2.2748 1.42006
2.81 0 0.938688 1.4982 1.719
2.82 0 0.0396138 0.377706 1.65728
2.83 0 -1.02334 -0.781472 1.31927
2.84 0 -1.86599 -1.65876 0.907256
2.85 0 -2.20433 -2.06508 0.570308
2.86 0 -2.04229 -2.04569 0.264782
2.87 0 -1.49902 -1.68872 -0.0658435
2.88 0 -0.716737 -1.06749 -0.422111
2.89 0 0.199955 -0.223992 -0.720436
2.9 0 1.07811 0.731476 -0.904757
2.91 0 1.78824 1.59774 -0.954785
2.92 0 2.20119 2.15651 -0.893297
2.93 0 2.2486 2.28691 -0.731097
2.94 0 1.9697 2.02441 -0.436944
2.95 0 1.38442 1.42695 -0.0664898
2.96 0 0.602975 0.661944 0.358924
2.97 0 -0.225941 -0.029742 0.856289
2.98 0 -0.928104 -0.550231 1.36625
2.99 0 -1.41067 -0.842657 1.81346
3 0 -1.6436 -0.938396 2.09292
3.01 0 -1.63989 -0.878489 2.13453
3.02 0 -1.36795 -0.657863 1.96788
3.03 0 -0.85502 -0.281335 1.64384
3.04 0 -0.18259 0.209021 1.21001
3.05 0 0.492613 0.711535 0.680084
3.06 0 1.0742 1.1548 0.125875
3.07 0 1.52472 1.50611 -0.338361
3.08 0 1.85175 1.76551 -0.58979
3.09 0 2.03624 1.92624 -0.568149
3.1 0 2.01174 1.94637 -0.310298
3.11 0 1.71008 1.7754 0.0871238
3.12 0 1.1428 1.40422 0.539061
3.13 0 0.405404 0.872485 0.988712
3.14 0 -0.447004 0.161661 1.30333
3.15 0 -1.30581 -0.682991 1.39667
3.16 0 -1.97991 -1.49674 1.28949
3.17 0 -2.27109 -2.07019 1.05281
3.18 0 -2.18267 -2.26958 0.691083
3.19 0 -1.78934 -2.06737 0.198571
3.2 0 -1.18866 -1.53991 -0.405897
3.21 0 -0.490264 -0.866155 -1.09049
3.22 0 0.271307 -0.184059 -1.73297
3.23 0 1.00565 0.408412 -2.21746
3.24 0 1.54216 0.763304 -2.54451
3.25 0 1.71669 0.7865 -2.74913
3.26 0 1.46291 0.457509 -2.8564
3.27 0 0.854676 -0.141022 -2.83899
3.28 0 0.122408 -0.825602 -2.6055
3.29 0 -0.517076 -1.40639 -2.10991
3.3 0 -1.03827 -1.78797 -1.4506
3.31 0 -1.45435 -1.97261 -0.787697
3.32 0 -1.81315 -2.03583 -0.293758
3.33 0 -2.09645 -2.05848 -0.0649432
3.34 0 -2.22976 -2.07589 -0.102147
3.35 0 -2.1396 -2.08531 -0.357312
3.36 0 -1.76763 -2.00014 -0.723963
3.37 0 -1.108 -1.74157 -1.11398
3.38 0 -0.274764 -1.24163 -1.46422
3.39 0 0.594874 -0.437114 -1.67228
3.4 0 1.34448 0.53516 -1.71653
3.41 0 1.78619 1.376 -1.65765
3.42 0 1.881 1.84543 -1.4894
3.43 0 1.68195 1.83445 -1.17742
3.44 0 1.17616 1.28262 -0.810073
3.45 0 0.455068 0.368473 -0.410942
3.46 0 -0.213656 -0.47429 0.145171
3.47 0 -0.772712 -1.02017 0.770423
3.48 0 -1.19917 -1.17938 1.34504
3.49 0 -1.39491 -0.929203 1.8402
3.5 0 -1.34655 -0.434484 2.17806
3.51 0 -1.11355 0.0819467 2.28314
3.52 0 -0.699514 0.517204 2.19437
3.53 0 -0.136013 0.814077 1.94708
3.54 0 0.48197 1.02322 1.59456
3.55 0 1.06279 1.24154 1.20796
3.56 0 1.49625 1.51516 0.840416
3.57 0 1.7051 1.84291 0.557045
3.58 0 1.81992 2.17199 0.478087
3.59 0 1.94085 2.43772 0.682618
3.6 0 2.04549 2.61108 1.16547
3.61 0 2.03407 2.67655 1.83269
3.62 0 1.811 2.61591 2.54267
3.63 0 1.3723 2.47647 3.21774
3.64 0 0.830024 2.28827 3.82579
3.65 0 0.29838 2.06206 4.32112
3.66 0 -0.0820936 1.84323 4.70137
3.67 0 -0.276708 1.68544 4.9392
3.68 0 -0.296743 1.57911 4.96421
3.69 0 -0.208605 1.47719 4.68912
3.7 0 -0.0480185 1.40011 4.12491
3.71 0 0.16812 1.36263 3.33247
3.72 0 0.432285 1.35725 2.40401
3.73 0 0.751247 1.37989 1.46284
3.74 0 1.11785 1.43008 0.630733
3.75 0 1.4902 1.49523 -0.0103859
3.76 0 1.87009 1.56703 -0.398659
3.77 0 2.04949 1.61171 -0.587653
3.78 0 1.94627 1.5303 -0.66032
3.79 0 1.84754 1.19974 -0.678819
3.8 0 1.71351 0.492651 -0.825938
3.81 0 0.965549 -0.468192 -1.32968
3.82 0 -0.271303 -1.48524 -2.10094
3.83 0 -1.43114 -2.20316 -2.69565
3.84 0 -2.21251 -2.61705 -2.94787
3.85 0 -2.61759 -2.92913 -2.95982
3.86 0 -2.64075 -3.18571 -2.80048
3.87 0 -2.41368 -3.32041 -2.57069
3.88 0 -2.10234 -3.26283 -2.38825
3.89 0 -1.88242 -3.05328 -2.39075
3.9 0 -1.91244 -2.87899 -2.71622
3.91 0 -2.14556 -2.87242 -3.32008
3.92 0 -2.34494 -3.01655 -3.97544
3.93 0 -2.28251 -3.22633 -4.46295
3.94 0 -1.89479 -3.50346 -4.77594
3.95 0 -1.43902 -3.76012 -5.0332
3.96 0 -1.08857 -3.83913 -5.28551
3.97 0 -0.969026 -3.68357 -5.55859
3.98 0 -1.1284 -3.44574 -5.88555
3.99 0 -1.52682 -3.37722 -6.26765
4 0 -2.04802 -3.68889 -6.66962
4.01 0 -2.51866 -4.36165 -6.98144
4.02 0 -2.64072 -4.98196 -6.91861
4.03 0 -2.27078 -5.05021 -6.28033
4.04 0 -1.13044 -3.8965 -4.70485
4.05 0 0.674718 -1.3419 -2.15445
4.06 0 1.43584 0.866611 -0.251138
4.07 0 1.0518 2.19124 0.875847
4.08 0 0.491646 2.97932 1.88799
4.09 0 0.236792 3.11703 3.07645
4.1 0 0.205068 2.57646 4.24696
4.11 0 0.0564615 1.53212 5.02952
4.12 0 -0.26725 0.555614 5.34712
4.13 0 -0.522577 0.203402 5.35983
4.14 0 -0.230469 0.584648 5.20859
4.15 0 0.274799 1.65749 4.91227
4.16 0 1.16904 2.97181 4.5288
4.17 0 2.08435 4.24149 4.11696
4.18 0 2.90879 5.11051 3.72849
4.19 0 3.46476 5.40696 3.39363
4.2 0 3.67252 4.93971 2.99701
4.21 0 2.47327 2.98145 1.58352
4.22 0 0.424502 0.170341 -0.425033
4.23 0 -0.891216 -1.79418 -1.5857
4.24 0 -1.5499 -2.86655 -2.09585
4.25 0 -2.04294 -3.34749 -2.44197
4.26 0 -2.2173 -3.20695 -2.55439
4.27 0 -1.90041 -2.49165 -2.2912
4.28 0 -0.971882 -1.21579 -1.51589
4.29 0 0.496083 0.492944 -0.225815
4.3 0 2.02244 2.21839 1.21271
4.31 0 2.66943 3.09626 1.95787
4.32 0 2.46771 3.13035 2.04968
4.33 0 1.92137 2.74935 1.97274
4.34 0 1.37027 2.23221 1.99661
4.35 0 1.07221 1.94992 2.38082
4.36 0 1.45135 2.41055 3.48928
4.37 0 2.26562 3.55844 5.10127
4.38 0 2.6751 4.62493 6.40289
4.39 0 2.49151 5.28513 7.16301
4.4 0 2.30147 5.8012 7.84803
4.41 0 2.31202 6.12284 8.55084
4.42 0 2.33519 6.00709 9.01277
4.43 0 2.32332 5.46169 9.16387
4.44 0 2.01146 4.77936 8.87826
4.45 0 1.50565 4.21812 8.20265
4.46 0 0.878674 3.77454 7.22354
4.47 0 0.321182 3.22753 5.99433
4.48 0 0.0635349 2.31286 4.51011
4.49 0 0.106594 1.13356 2.84246
4.5 0 0.748899 0.0753332 1.20482
4.51 0 1.53736 -0.134217 -0.220951
4.52 0 2.14066 0.258551 -1.3623
4.53 0 2.36696 0.846989 -2.46136
4.54 0 2.22325 1.23596 -3.4732
4.55 0 1.83646 1.06314 -4.29847
4.56 0 1.09485 -0.070326 -5.06462
4.57 0 -0.236901 -2.15358 -6.0221
4.58 0 -1.72693 -4.39655 -6.7972
4.59 0 -3.09738 -6.2432 -7.24635
4.6 0 -4.45913 -7.57363 -7.64846
4.61 0 -5.74704 -8.51074 -8.0818
4.62 0 -6.79206 -9.14273 -8.51644
4.63 0 -7.46091 -9.59253 -8.92878
4.64 0 -7.77589 -10.0348 -9.40098
4.65 0 -7.63304 -10.507 -9.91386
4.66 0 -6.86202 -10.9661 -10.4983
4.67 0 -6.02414 -11.326 -11.4215
4.68 0 -5.5245 -11.4477 -12.8195
4.69 0 -5.22193 -10.8957 -14.2509
4.7 0 -4.72487 -9.48766 -15.1663
4.71 0 -3.84303 -7.53771 -15.3184
4.72 0 -2.77257 -5.9181 -14.7806
4.73 0 -1.87987 -5.30462 -13.8864
4.74 0 -1.07399 -5.31768 -12.4953
4.75 0 -0.0208174 -5.06181 -10.2742
4.76 0 0.812652 -4.24404 -7.56297
4.77 0 0.871266 -3.03061 -4.93901
4.78 0 0.305666 -1.39989 -2.64133
4.79 0 0.180208 -0.145993 -0.502737
4.8 0 -0.121241 0.617931 1.42918
4.81 0 -1.29569 1.35719 3.09163
4.82 0 -2.64828 1.52207 4.46453
4.83 0 -3.2439 1.17346 5.42747
4.84 0 -3.09198 0.513808 6.17753
4.85 0 -2.525 0.0118133 6.28013
4.86 0 -1.71674 -0.374122 6.07108
4.87 0 -0.819307 -0.394472 5.62831
4.88 0 -0.0842011 0.110438 4.87155
4.89 0 0.428381 1.03195 3.81456
4.9 0 0.870923 2.08909 2.63799
4.91 0 1.41802 3.0289 1.53055
4.92 0 2.21349 3.63621 0.634061
4.93 0 3.21176 3.8544 0.0338907
4.94 0 4.29235 3.87634 -0.230247
4.95 0 5.39197 4.10385 -0.0607371
4.96 0 5.42485 5.4106 0.767916
4.97 0 4.73864 8.46178 3.08267
4.98 0 7.97372 10.281 6.40939
4.99 0 9.11902 9.95143 8.05265
5 0 8.27099 8.45327 8.28882
5.01 0 7.2676 7.97533 8.93956
5.02 0 6.36957 8.58369 10.1396
5.03 0 5.03175 9.16453 11.1371
5.04 0 3.17259 8.90621 11.5918
5.05 0 1.48265 7.86757 11.9388
5.06 0 0.379124 6.30079 12.442
5.07 0 -0.126386 4.58562 13.0809
5.08 0 -0.208929 3.23546 13.7433
5.09 0 -0.201348 2.53946 14.1234
5.1 0 -0.183524 2.95683 13.9179
5.11 0 0.107014 4.55104 13.3021
5.12 0 0.700428 6.51361 12.3098
5.13 0 1.237 7.56086 10.6521
5.14 0 1.36171 6.78674 8.1148
5.15 0 1.96628 5.18623 5.81956
5.16 0 3.06533 3.53007 4.09638
5.17 0 4.03927 2.22723 2.6619
5.18 0 4.31133 1.46514 1.176
5.19 0 3.77292 1.29332 -0.399597
5.2 0 3.13435 1.96202 -1.45237
5.21 0 2.3086 2.59391 -2.26402
5.22 0 1.32606 2.45101 -3.02318
5.23 0 0.70209 1.63896 -3.36972
5.24 0 0.316887 0.147297 -3.44253
5.25 0 -0.0963744 -1.73515 -3.45442
5.26 0 -0.833322 -3.63712 -3.63942
5.27 0 -1.8507 -5.06515 -3.93741
5.28 0 -3.05725 -5.81589 -4.35841
5.29 0 -4.38644 -6.12322 -4.95103
5.3 0 -5.49938 -6.21002 -5.54064
5.31 0 -5.95332 -6.22023 -5.83345
5.32 0 -5.63835 -6.08695 -5.77745
5.33 0 -4.6065 -5.83661 -5.3837
5.34 0 -3.15882 -5.32502 -4.80493
5.35 0 -1.78578 -4.54188 -4.345
5.36 0 -0.810512 -3.59698 -4.30007
5.37 0 -0.209997 -2.42969 -4.4731
5.38 0 0.197814 -1.15349 -4.62724
5.39 0 0.596511 0.102452 -4.69466
5.4 0 1.21688 1.0646 -4.39166
5.41 0 2.04827 1.52504 -3.60031
5.42 0 2.88419 1.59649 -2.42025
5.43 0 3.38711 1.4979 -1.07864
5.44 0 3.04226 1.48751 0.136598
5.45 0 1.78082 1.8942 1.32715
5.46 0 0.0848254 2.39347 2.57386
5.47 0 -1.4245 2.00681 3.67327
5.48 0 -2.25098 0.793348 4.55304
5.49 0 -2.3653 -0.897094 5.09546
5.5 0 -2.38311 -2.352 5.01607
5.51 0 -2.60124 -2.95905 4.2742
5.52 0 -2.86578 -2.51534 3.06684
5.53 0 -2.70897 -1.28965 1.71329
5.54 0 -2.01162 -0.0607298 0.421799
5.55 0 -0.747235 0.811094 -0.610839
5.56 0 0.945773 1.42028 -1.45362
5.57 0 2.79694 1.68094 -1.91799
5.58 0 4.39226 1.90973 -2.11996
5.59 0 5.35433 2.3203 -2.14824
5.6 0 5.55786 2.98948 -2.00717
5.61 0 5.09999 3.77303 -1.64469
5.62 0 4.26315 4.34433 -0.96892
5.63 0 3.36679 4.33877 0.134502
5.64 0 2.48495 3.72864 1.59457
5.65 0 1.44587 2.53363 3.05128
5.66 0 0.155903 1.05533 4.20069
5.67 0 -1.34371 -0.303891 4.8883
5.68 0 -2.93428 -1.31102 5.01057
5.69 0 -4.35884 -1.96958 4.59992
5.7 0 -5.35247 -2.32725 3.78308
5.71 0 -5.70878 -2.60681 2.83684
5.72 0 -5.29311 -2.92391 1.7808
5.73 0 -4.32869 -3.31739 0.57648
5.74 0 -3.29876 -3.85976 -0.932326
5.75 0 -2.66282 -4.66413 -2.70055
5.76 0 -2.37719 -5.37851 -4.77078
5.77 0 -2.26593 -5.93536 -6.67329
5.78 0 -2.30189 -5.95275 -8.56499
5.79 0 -2.37489 -5.69879 -10.3073
5.8 0 -2.25779 -5.31822 -11.6356
5.81 0 -1.71864 -4.98888 -12.3402
5.82 0 -0.832693 -4.6764 -12.4957
5.83 0 0.296029 -4.21796 -12.0987
5.84 0 1.56735 -3.36092 -11.0327
5.85 0 2.68109 -2.19708 -9.26856
5.86 0 3.22056 -0.89893 -7.20717
5.87 0 2.95575 0.212537 -5.15329
5.88 0 2.02449 0.950015 -3.18638
5.89 0 0.872338 1.32131 -1.13959
5.9 0 -0.289915 1.2192 0.92855
5.91 0 -1.52393 0.497118 2.65464
5.92 0 -3.01338 -0.923343 3.65975
5.93 0 -4.45207 -2.54746 4.0837
5.94 0 -5.64694 -3.99749 4.02279
5.95 0 -6.60669 -5.17626 3.40887
5.96 0 -7.06141 -5.80529 2.4832
5.97 0 -6.98559 -5.85385 1.21634
5.98 0 -6.43397 -5.5391 -0.447906
5.99 0 -5.30549 -4.95689 -2.26214
6 0 -3.55578 -4.13937 -3.94302
6.01 0 -1.20377 -2.95972 -5.20459
6.02 0 1.68508 -1.16328 -5.71092
6.03 0 4.55982 0.941285 -5.68845
6.04 0 6.58079 2.76164 -5.63726
6.05 0 7.46133 4.12114 -5.55089
6.06 0 7.6295 5.16011 -4.9354
6.07 0 7.7375 5.64491 -3.64288
6.08 0 7.07385 5.75327 -1.8979
6.09 0 5.67803 5.51154 0.0473761
6.1 0 3.5571 4.98452 2.03137
6.11 0 1.3005 4.08115 4.04301
6.12 0 -0.619447 2.51563 6.49447
6.13 0 -2.08269 0.63138 9.26535
6.14 0 -3.40263 -0.673696 11.3169
6.15 0 -4.73784 -1.17384 12.2616
6.16 0 -5.90925 -0.997581 12.0197
6.17 0 -6.49945 -0.499373 10.8273
6.18 0 -5.61087 -0.1697 8.94343
6.19 0 -3.31382 -0.0656859 6.59363
6.2 0 -0.308706 0.268608 3.92904
6.21 0 2.07759 1.4118 1.17139
6.22 0 3.74206 3.14217 -1.37285
6.23 0 5.40034 4.69297 -3.28698
6.24 0 6.95733 5.61718 -4.34596
6.25 0 8.1364 5.85026 -4.6196
6.26 0 8.72538 5.58952 -4.14002
6.27 0 8.60973 5.20974 -2.95609
6.28 0 7.69283 4.97104 -1.20181
6.29 0 5.99152 4.77413 0.905941
6.3 0 3.81104 4.58664 3.26114
6.31 0 0.709312 4.52991 5.73865
6.32 0 -2.76696 4.15237 8.26429
6.33 0 -4.40679 2.68221 10.7788
6.34 0 -4.12017 0.604426 12.9138
6.35 0 -3.42881 -0.993337 14.0067
6.36 0 -3.15756 -1.50659 13.5417
6.37 0 -3.49763 -0.826201 11.3396
6.38 0 -4.11876 0.360234 7.72563
6.39 0 -4.24391 1.14376 3.50143
6.4 0 -3.30436 1.02224 -0.375631
6.41 0 -1.25009 -0.161869 -3.43806
6.42 0 1.31472 -1.89478 -5.86815
6.43 0 3.41628 -3.43996 -8.00251
6.44 0 4.24521 -4.33395 -9.99953
6.45 0 3.81105 -4.12147 -11.9114
6.46 0 2.52971 -3.11217 -13.4369
6.47 0 0.934703 -2.13195 -14.3792
6.48 0 -0.4016 -1.94278 -14.4722
6.49 0 -1.24126 -3.15327 -13.4991
6.5 0 -1.76478 -5.42791 -11.7918
6.51 0 -2.42925 -7.91838 -9.83992
6.52 0 -3.51292 -9.56779 -8.0047
6.53 0 -5.15505 -9.96321 -6.60804
6.54 0 -7.2024 -9.3578 -5.73878
6.55 0 -8.95744 -8.37981 -5.0548
6.56 0 -9.81594 -7.51628 -4.37175
6.57 0 -9.42057 -7.05697 -3.50302
6.58 0 -8.05128 -7.11178 -2.73958
6.59 0 -6.23333 -7.4142 -2.42441
6.6 0 -4.50416 -7.34537 -2.72221
6.61 0 -2.13369 -6.48131 -3.55756
6.62 0 0.993082 -4.68948 -4.75559
6.63 0 1.27065 -1.28398 -6.27637
6.64 0 0.96085 1.93715 -7.43517
6.65 0 1.30899 3.55791 -7.52995
6.66 0 2.40597 3.30161 -6.35681
6.67 0 3.8414 1.77589 -4.24363
6.68 0 4.75623 0.0505531 -1.84513
6.69 0 4.6054 -0.864856 0.0459623
6.7 0 3.1986 -0.502616 1.24115
6.71 0 1.01077 0.938287 1.85112
6.72 0 -0.949277 2.5711 2.26375
6.73 0 -1.89444 3.98596 3.10801
6.74 0 -1.54018 4.59031 4.44849
6.75 0 -0.046898 4.26546 6.27431
6.76 0 2.0133 3.64159 8.22927
6.77 0 3.7577 3.41355 9.81919
6.78 0 4.34163 3.83429 10.4476
6.79 0 3.89065 4.96961 10.3466
6.8 0 3.08465 6.67864 10.0244
6.81 0 2.39613 8.22824 9.70545
6.82 0 2.14455 8.92341 9.50001
6.83 0 2.5826 8.64964 9.59232
6.84 0 3.52288 7.65473 9.91115
6.85 0 4.44798 6.38337 10.1578
6.86 0 4.89907 5.35068 10.0646
6.87 0 4.59692 4.99128 9.4027
6.88 0 3.74847 5.37469 8.32735
6.89 0 2.8186 6.12525 7.1811
6.9 0 2.20977 6.61913 6.22861
6.91 0 2.12569 6.41277 5.60264
6.92 0 2.43716 5.40593 5.20982
6.93 0 2.60667 3.69526 4.63235
6.94 0 2.06701 1.54753 3.43055
6.95 0 1.10154 -0.167065 1.95185
6.96 0 0.0728573 -0.990981 0.543208
6.97 0 -1.01222 -1.29207 -0.865404
6.98 0 -1.84385 -1.38703 -2.06868
6.99 0 -2.03837 -1.41693 -2.75861
7 0 -1.52792 -1.45715 -2.86296
7.01 0 -0.383208 -1.2851 -2.35728
7.02 0 1.28331 -0.450372 -1.19347
7.03 0 2.82189 0.928241 0.146311
7.04 0 3.39566 2.20201 0.905385
7.05 0 3.02493 3.09478 1.0765
7.06 0 2.11741 3.43253 0.95855
7.07 0 0.921545 2.87412 0.631488
7.08 0 -0.530546 1.1643 -0.0152774
7.09 0 -1.72895 -1.06549 -0.554139
7.1 0 -2.46575 -3.11674 -0.821727
7.11 0 -2.99859 -4.61154 -1.08204
7.12 0 -3.37665 -5.25456 -1.3883
7.13 0 -3.63782 -4.93358 -1.76609
7.14 0 -3.81627 -4.11603 -2.28597
7.15 0 -3.68347 -3.24821 -2.77126
7.16 0 -2.90341 -2.43812 -2.86625
7.17 0 -1.63634 -1.83993 -2.64849
7.18 0 -0.297725 -1.51544 -2.43836
7.19 0 0.788394 -1.28325 -2.41576
7.2 0 1.38798 -0.934886 -2.59006
7.21 0 1.49997 -0.414229 -2.89876
7.22 0 1.34657 0.23599 -3.14291
7.23 0 1.22446 0.89157 -3.10169
7.24 0 1.28795 1.37304 -2.69269
7.25 0 1.67089 1.66899 -1.7723
7.26 0 2.32769 1.90201 -0.311948
7.27 0 2.49529 2.27299 1.33576
7.28 0 2.09998 2.7053 2.91945
7.29 0 1.00804 2.98289 4.27411
7.3 0 0.016871 2.8062 5.43721
7.31 0 -0.458067 2.32962 6.46114
7.32 0 -0.204507 1.65174 7.20931
7.33 0 -0.0868488 1.14945 7.33853
7.34 0 -0.288698 1.04904 6.82239
7.35 0 -0.51992 1.36757 5.94656
7.36 0 -0.402546 2.00141 4.88454
7.37 0 0.0523164 2.54448 3.85038
7.38 0 0.781688 2.86635 2.73739
7.39 0 1.7217 3.07193 1.60568
7.4 0 2.79368 3.02524 0.721189
7.41 0 3.72484 2.88914 0.130074
7.42 0 4.19301 2.75158 -0.169506
7.43 0 3.94543 2.4227 -0.647184
7.44 0 3.1269 1.92506 -1.10465
7.45 0 1.97388 1.39546 -1.48276
7.46 0 0.061009 0.114963 -2.3547
7.47 0 -2.12861 -1.8532 -3.39049
7.48 0 -3.50891 -3.66665 -3.77349
7.49 0 -4.03055 -5.03399 -3.53505
7.5 0 -4.28464 -6.07637 -3.27255
7.51 0 -4.42394 -6.53006 -3.12597
7.52 0 -4.55213 -6.37699 -3.19985
7.53 0 -4.64463 -5.90007 -3.40763
7.54 0 -4.67139 -5.36099 -3.78041
7.55 0 -4.53615 -4.91231 -4.28612
7.56 0 -4.14018 -4.66964 -4.83511
7.57 0 -3.58905 -4.70866 -5.43931
7.58 0 -3.04299 -5.02195 -6.16636
7.59 0 -2.62187 -5.46134 -7.05471
7.6 0 -2.47294 -5.92755 -8.15281
7.61 0 -2.65306 -6.42248 -9.42291
7.62 0 -3.04446 -6.82754 -10.7821
7.63 0 -3.62208 -7.33441 -12.2324
7.64 0 -4.2629 -8.05477 -13.6783
7.65 0 -4.52139 -8.67499 -14.613
7.66 0 -4.09462 -8.97055 -14.5969
7.67 0 -2.89354 -8.44313 -13.4562
7.68 0 -1.27017 -6.95802 -11.4237
7.69 0 -0.150989 -5.12256 -9.35784
7.7 0 0.412184 -3.07713 -7.33801
7.71 0 0.331988 -1.33637 -5.58743
7.72 0 -0.284935 -0.390722 -4.16216
7.73 0 -0.843092 -0.102663 -2.69952
7.74 0 -1.08513 -0.283479 -1.12859
7.75 0 -1.10107 -0.651992 0.393321
7.76 0 -1.05077 -0.87986 1.70701
7.77 0 -1.11583 -0.807158 2.81935
7.78 0 -1.21709 -0.677615 3.83825
7.79 0 -1.47844 -0.442336 4.50951
7.8 0 -2.06417 -0.111062 4.87409
7.81 0 -1.34155 0.167924 4.88726
7.82 0 0.0449395 0.52175 4.51084
7.83 0 -0.0595673 1.6211 3.69596
7.84 0 -0.549416 2.80238 2.83892
7.85 0 -0.223328 3.26123 2.42714
7.86 0 0.816689 3.07186 2.49928
7.87 0 2.22218 2.62214 2.80557
7.88 0 3.48941 2.34083 3.07332
7.89 0 4.17432 2.58357 3.11557
7.9 0 4.21336 3.36382 2.92997
7.91 0 3.85656 4.41333 2.72832
7.92 0 3.45542 5.36967 2.70206
7.93 0 3.29153 5.91029 2.98051
7.94 0 3.50432 5.94607 3.67549
7.95 0 3.93592 5.63625 4.68358
7.96 0 4.28492 5.3715 5.65732
7.97 0 4.41033 5.32355 6.58724
7.98 0 4.13413 5.45051 7.3351
7.99 0 3.48559 5.66844 7.85989
8 0 2.6393 5.82111 8.20055
8.01 0 1.74646 5.66616 8.37497
8.02 0 0.894717 5.00215 8.33826
8.03 0 0.263785 3.93782 8.19375
8.04 0 0.0122257 2.87557 8.11485
8.05 0 0.0989384 2.1186 8.02607
8.06 0 0.229873 1.88872 7.59265
8.07 0 0.348234 2.16787 6.80966
8.08 0 0.557264 2.81584 5.81597
8.09 0 0.982538 3.52418 4.78962
8.1 0 1.67744 4.02634 3.8663
8.11 0 2.58787 4.19436 3.12523
8.12 0 3.52431 4.08488 2.55274
8.13 0 4.21177 3.82075 2.04967
8.14 0 4.44093 3.54651 1.53515
8.15 0 4.16549 3.33992 1.01411
8.16 0 3.46844 3.14168 0.53493
8.17 0 2.60856 2.89379 0.258221
8.18 0 1.80872 2.49594 0.295231
8.19 0 1.22032 1.92898 0.68404
8.2 0 0.826133 1.30444 1.33386
8.21 0 0.439533 0.740778 2.05047
8.22 0 -0.107395 0.34112 2.65025
8.23 0 -0.72379 0.0960126 3.02941
8.24 0 -1.38461 -0.0395099 3.15421
8.25 0 -3.09722 0.154017 3.03821
8.26 0 -4.27249 -0.219911 3.04615
8.27 0 -3.92877 -1.29715 3.21418
8.28 0 -2.39758 -2.53716 3.23067
8.29 0 -0.664058 -3.07522 2.50051
8.3 0 0.415186 -2.45962 1.12868
8.31 0 0.75401 -0.703749 -1.0516
8.32 0 0.916768 1.3299 -3.14641
8.33 0 1.24984 2.84676 -4.59163
8.34 0 2.00627 2.89704 -5.07123
8.35 0 3.0246 1.84835 -4.96552
8.36 0 3.78003 0.300399 -4.51517
8.37 0 3.74051 -1.07552 -4.12945
8.38 0 2.61406 -1.89852 -3.99815
8.39 0 0.844101 -1.97795 -3.95427
8.4 0 -1.07157 -1.54198 -3.75307
8.41 0 -2.59158 -1.24881 -3.17059
8.42 0 -3.40067 -1.46555 -2.13523
8.43 0 -3.52641 -2.19832 -0.80232
8.44 0 -3.32273 -3.19263 0.456517
8.45 0 -3.20341 -4.01051 1.25901
8.46 0 -3.49458 -4.42397 1.30003
8.47 0 -4.21817 -4.45365 0.523244
8.48 0 -5.0765 -4.33909 -0.838511
8.49 0 -5.5843 -4.42931 -2.28536
8.5 0 -5.43921 -4.91153 -3.45946
8.51 0 -4.76604 -5.63121 -4.45702
8.52 0 -3.80911 -6.2476 -5.38866
8.53 0 -2.91898 -6.50877 -6.3838
8.54 0 -2.24928 -6.29414 -7.48626
8.55 0 -1.87254 -5.68186 -8.67396
8.56 0 -1.69012 -4.94235 -9.81435
8.57 0 -1.53105 -4.26879 -10.8142
8.58 0 -1.19657 -3.83943 -11.4913
8.59 0 -0.626968 -3.71072 -11.7596
8.6 0 0.0915677 -3.83026 -11.425
8.61 0 0.901905 -3.88645 -10.3504
8.62 0 1.76301 -3.29873 -8.49061
8.63 0 2.29459 -2.05065 -6.21815
8.64 0 2.02239 -0.653811 -4.11688
8.65 0 1.00308 0.444769 -2.37039
8.66 0 -0.236607 1.0694 -0.769707
8.67 0 -1.28243 1.10548 0.808307
8.68 0 -1.96086 0.5539 2.37834
8.69 0 -2.35094 -0.384263 3.73168
8.7 0 -2.64106 -1.3942 4.66616
8.71 0 -3.08906 -2.25471 4.95069
8.72 0 -3.87767 -2.96481 4.40947
8.73 0 -4.84502 -3.528 3.15529
8.74 0 -5.46454 -3.811 1.6433
8.75 0 -5.3913 -3.75836 0.106523
8.76 0 -4.6852 -3.62368 -1.43816
8.77 0 -3.48283 -3.56376 -2.97797
8.78 0 -1.86274 -3.52305 -4.42657
8.79 0 -0.0809883 -3.23397 -5.69024
8.8 0 1.80983 -2.56626 -6.69951
8.81 0 5.19045 -1.70039 -7.22043
8.82 0 6.97043 0.857809 -7.36927
8.83 0 6.66474 4.45838 -7.07334
8.84 0 6.00773 7.19489 -5.9392
8.85 0 5.48492 8.06348 -3.9603
8.86 0 5.18182 7.28586 -1.38649
8.87 0 4.73658 5.29899 2.11625
8.88 0 4.00936 2.52075 6.13499
8.89 0 2.11476 0.281243 9.27942
8.9 0 -0.942922 -0.558235 10.3332
8.91 0 -4.42943 -0.146202 10.1814
8.92 0 -6.93708 0.842817 9.69973
8.93 0 -7.66695 1.3221 9.53084
8.94 0 -6.5788 1.04562 9.78232
8.95 0 -4.17069 0.366322 10.2364
8.96 0 -1.27951 0.0622038 10.1672
8.97 0 1.16268 0.660009 9.12053
8.98 0 2.71296 2.25357 7.03922
8.99 0 3.47737 4.34933 4.27986
9 0 3.93532 6.10321 1.44169
9.01 0 4.45051 6.79033 -1.06121
9.02 0 5.29833 6.36501 -2.81614
9.03 0 6.42429 5.09521 -3.588
9.04 0 7.30812 3.56159 -3.63736
9.05 0 7.45225 2.36514 -3.22791
9.06 0 6.54613 1.88345 -2.64289
9.07 0 4.66975 2.00866 -1.98413
9.08 0 2.26629 2.3281 -1.21171
9.09 0 -0.0466305 2.25912 -0.216902
9.1 0 -1.81429 1.49155 1.07708
9.11 0 -2.8859 0.0802908 2.53511
9.12 0 -3.4257 -1.58808 3.89081
9.13 0 -3.72561 -3.00808 4.88445
9.14 0 -4.00034 -3.74209 5.37266
9.15 0 -4.28744 -3.60432 5.33858
9.16 0 -4.4292 -2.58497 4.73772
9.17 0 -4.07653 -1.06465 3.86148
9.18 0 -2.94221 0.503808 3.0264
9.19 0 -1.08295 1.68828 2.34453
9.2 0 1.19348 2.39271 1.79473
9.21 0 3.31393 2.68184 1.16748
9.22 0 4.87018 2.8787 0.398463
9.23 0 5.66516 3.23698 -0.458946
9.24 0 5.63484 3.67164 -1.37632
9.25 0 4.96836 3.95456 -2.18192
9.26 0 3.98153 3.81321 -2.66234
9.27 0 3.13654 3.24084 -2.46526
9.28 0 2.54605 2.32195 -1.56974
9.29 0 2.0395 1.27775 -0.235317
9.3 0 1.38324 0.421972 1.21401
9.31 0 0.425782 -0.0548331 2.47933
9.32 0 -0.802182 -0.144968 3.41579
9.33 0 -2.06112 -0.0125168 4.03354
9.34 0 -3.06232 0.0741365 4.39925
9.35 0 -3.6093 -0.0502425 4.5916
9.36 0 -3.55487 -0.41102 4.61945
9.37 0 -2.97999 -0.852534 4.42767
9.38 0 -2.08049 -1.10417 3.93178
9.39 0 -1.1143 -0.959003 3.09579
9.4 0 -0.196855 -0.352955 1.99778
9.41 0 0.634155 0.547412 0.788284
9.42 0 1.4218 1.55484 -0.389554
9.43 0 2.20835 2.38773 -1.38701
9.44 0 3.08556 2.86111 -2.01187
9.45 0 4.00797 2.98167 -2.21488
9.46 0 4.70634 2.89307 -2.06192
9.47 0 4.79231 2.80078 -1.59551
9.48 0 3.56022 2.92743 -0.941927
9.49 0 1.49623 2.85173 -0.0901426
9.5 0 0.0361907 1.95524 1.02024
9.51 0 -0.229989 0.281529 2.25339
9.52 0 -0.645358 -1.41281 3.045
9.53 0 -1.6284 -2.62571 3.07635
9.54 0 -3.02494 -2.97818 2.38165
9.55 0 -4.27775 -2.78398 1.24553
9.56 0 -4.83597 -2.36307 0.108291
9.57 0 -4.48528 -2.14875 -0.816627
9.58 0 -3.38672 -2.34539 -1.57822
9.59 0 -1.96439 -2.78013 -2.25915
9.6 0 -0.741965 -3.1515 -3.02716
9.61 0 0.0546342 -3.2131 -4.03294
9.62 0 0.360144 -2.87734 -5.16134
9.63 0 0.335043 -2.33886 -6.13759
9.64 0 0.171617 -1.76947 -6.84245
9.65 0 0.101139 -1.4143 -7.11674
9.66 0 0.162659 -1.41087 -6.96667
9.67 0 0.309118 -1.7672 -6.40278
9.68 0 0.351045 -2.32059 -5.56291
9.69 0 0.0701865 -2.83084 -4.65355
9.7 0 -0.588827 -3.08361 -3.80232
9.71 0 -1.47805 -2.99643 -3.00043
9.72 0 -2.36944 -2.686 -2.20371
9.73 0 -3.02225 -2.33671 -1.36422
9.74 0 -3.28883 -2.10646 -0.479209
9.75 0 -3.22429 -2.11999 0.320864
9.76 0 -2.97049 -2.29807 0.869876
9.77 0 -2.66572 -2.45304 1.05473
9.78 0 -2.44122 -2.46928 0.791801
9.79 0 -2.33743 -2.34584 0.0863617
9.8 0 -2.27071 -2.16238 -0.933941
9.81 0 -2.05407 -1.99849 -2.02321
9.82 0 -1.51186 -1.84791 -2.92803
9.83 0 -0.742384 -1.76095 -3.62244
9.84 0 0.0572175 -1.72852 -4.15186
9.85 0 0.700668 -1.67161 -4.55579
9.86 0 1.04089 -1.55095 -4.86998
9.87 0 1.06807 -1.3769 -5.06026
9.88 0 0.891875 -1.19458 -5.04195
9.89 0 0.542097 -1.10351 -4.79166
9.9 0 0.16769 -1.12666 -4.22535
9.91 0 -0.104048 -1.19743 -3.29106
9.92 0 -0.302484 -1.23011 -2.12159
9.93 0 -0.564557 -1.13891 -0.81067
9.94 0 -0.950588 -0.883916 0.38995
9.95 0 -1.40496 -0.60073 1.37543
9.96 0 -1.35239 -0.493829 2.13584
9.97 0 -1.06691 -0.408837 2.60534
9.98 0 -0.55931 -0.335565 2.67745
9.99 0 -0.319857 0.0170659 2.38035
10 0 -0.298351 0.701417 1.92827
10.01 0 -0.541481 1.58117 1.54476
10.02 0 -0.329461 2.21374 1.51006
10.03 0 0.498876 2.31299 1.86433
10.04 0 1.57042 2.10347 2.35509
10.05 0 2.43505 1.83627 2.67492
10.06 0 2.7856 1.82781 2.70036
10.07 0 2.56807 2.18056 2.4617
10.08 0 2.00415 2.67848 2.07786
10.09 0 1.31803 2.93849 1.66624
10.1 0 0.812547 2.76316 1.42776
10.11 0 0.719003 2.24477 1.54116
10.12 0 0.986685 1.62201 1.97198
10.13 0 1.44899 1.26788 2.61609
10.14 0 1.87882 1.45137 3.31217
10.15 0 2.05089 2.1338 3.85964
10.16 0 1.96283 3.10011 4.2205
10.17 0 1.81636 4.06531 4.51766
10.18 0 1.77724 4.70203 4.837
10.19 0 1.88872 4.80166 5.17859
10.2 0 2.14673 4.46138 5.54474
10.21 0 2.4165 3.92695 5.84546
10.22 0 2.47933 3.42813 5.92095
10.23 0 2.17884 3.08724 5.62984
10.24 0 1.59712 2.92942 5.02694
10.25 0 0.994395 2.89027 4.30772
10.26 0 0.624296 2.8286 3.66535
10.27 0 0.652387 2.67593 3.24376
10.28 0 0.977683 2.40109 2.99898
10.29 0 1.39213 2.0734 2.80959
10.3 0 1.70899 1.80602 2.55829
10.31 0 1.79974 1.69338 2.18768
10.32 0 1.64974 1.7265 1.71246
10.33 0 1.39582 1.78611 1.16022
10.34 0 1.15669 1.6731 0.681105
10.35 0 0.169433 1.54628 0.272618
10.36 0 -0.875095 1.03491 0.0501322
10.37 0 -1.54403 -0.0791393 -0.0198766
10.38 0 -1.53536 -1.70848 -0.0802295
10.39 0 -1.11629 -3.25449 -0.334099
10.4 0 -0.919477 -4.09241 -1.0184
10.41 0 -1.33093 -4.00629 -2.22712
10.42 0 -2.13237 -3.29945 -3.77221
10.43 0 -2.84662 -2.5651 -5.24606
10.44 0 -3.03551 -2.36952 -6.22323
10.45 0 -2.5498 -2.87198 -6.6311
10.46 0 -1.60503 -3.8097 -6.55654
10.47 0 -0.669797 -4.66588 -6.28145
10.48 0 -0.203028 -4.9934 -6.09947
10.49 0 -0.385672 -4.63972 -6.13335
10.5 0 -1.06725 -3.80204 -6.29699
10.51 0 -1.82367 -2.84714 -6.30364
10.52 0 -2.13141 -2.08634 -5.78122
10.53 0 -1.88351 -1.79255 -4.71842
10.54 0 -1.30879 -1.97416 -3.35023
10.55 0 -0.725379 -2.32058 -1.9286
10.56 0 -0.560835 -2.5304 -0.859835
10.57 0 -0.965686 -2.42432 -0.317154
10.58 0 -1.6874 -1.94544 -0.152552
10.59 0 -2.37731 -1.33814 -0.16138
10.6 0 -2.72947 -0.908308 -0.145587
10.61 0 -2.55487 -0.826104 -0.00207622
10.62 0 -1.89171 -1.05603 0.218627
10.63 0 -1.04349 -1.36551 0.352149
10.64 0 -0.364718 -1.51302 0.200477
10.65 0 -0.0570941 -1.36333 -0.316932
10.66 0 -0.0989404 -0.927154 -1.11509
10.67 0 -0.252786 -0.386407 -1.94926
10.68 0 -0.262405 -0.0189473 -2.57068
10.69 0 0.111882 0.0399595 -2.79023
10.7 0 1.17883 -0.22942 -2.5877
10.71 0 2.11875 -0.356078 -2.16818
10.72 0 2.70779 -0.0515292 -1.66052
10.73 0 2.51944 0.778059 -1.17295
10.74 0 1.84994 1.79847 -0.615407
10.75 0 1.06668 2.59482 0.174373
10.76 0 0.529423 2.77709 1.2526
10.77 0 0.239318 2.25441 2.47636
10.78 0 -0.0159182 1.23875 3.56692
10.79 0 -0.473203 0.0759404 4.20447
10.8 0 -1.15632 -0.748241 4.2777
10.81 0 -1.86434 -1.03844 3.91133
10.82 0 -2.38754 -0.902663 3.21654
10.83 0 -2.52592 -0.428026 2.46818
10.84 0 -2.18989 0.139222 1.84849
10.85 0 -1.23698 0.485321 1.39586
10.86 0 0.126034 0.712624 1.06726
10.87 0 1.5384 0.941636 0.748575
10.88 0 2.58961 1.25165 0.281123
10.89 0 3.08697 1.66868 -0.348278
10.9 0 3.07336 2.10597 -1.01165
10.91 0 2.71027 2.34597 -1.5468
10.92 0 2.22381 2.22565 -1.77698
10.93 0 1.81641 1.76176 -1.56533
10.94 0 1.4764 1.05613 -0.985288
10.95 0 1.06551 0.282238 -0.25399
10.96 0 0.510205 -0.28945 0.450165
10.97 0 -0.253036 -0.56874 0.993388
10.98 0 -1.08986 -0.594239 1.37973
10.99 0 -1.82059 -0.516173 1.63779
11 0 -2.30274 -0.531345 1.77935
11.01 0 -2.4366 -0.711487 1.83008
11.02 0 -2.18993 -0.957961 1.81884
11.03 0 -1.66727 -1.11172 1.69917
11.04 0 -0.966788 -0.959256 1.47738
11.05 0 -0.162698 -0.359897 1.20962
11.06 0 0.664265 0.618804 0.938613
11.07 0 1.40952 1.66456 0.638163
11.08 0 1.98621 2.44532 0.302603
11.09 0 2.42622 2.81726 0.0342951
11.1 0 2.77848 2.82018 -0.0502683
11.11 0 2.97926 2.54349 0.0551123
11.12 0 2.90327 2.12522 0.258546
11.13 0 2.5141 1.74367 0.507616
11.14 0 1.89841 1.52206 0.827945
11.15 0 1.21824 1.48898 1.2726
11.16 0 0.635658 1.57755 1.87651
11.17 0 0.207136 1.6823 2.60412
11.18 0 -0.0677531 1.65274 3.32413
11.19 0 -0.209024 1.49352 3.94157
11.2 0 -0.266015 1.29108 4.36966
11.21 0 -0.294294 1.14491 4.53679
11.22 0 -0.340357 1.09261 4.39069
11.23 0 -0.389963 1.11384 3.94743
11.24 0 -0.34999 1.18049 3.31299
11.25 0 -0.128263 1.25224 2.60661
11.26 0 0.314848 1.2959 1.84509
11.27 0 0.904933 1.26498 1.1294
11.28 0 1.50833 1.23602 0.489552
11.29 0 1.80809 1.28704 -0.10244
11.3 0 1.66592 1.36929 -0.641342
11.31 0 1.34196 1.34812 -1.00284
11.32 0 0.799054 1.18874 -1.10428
11.33 0 0.380202 0.699844 -0.950757
11.34 0 0.248054 -0.0491338 -0.596362
11.35 0 0.188051 -0.77684 -0.197125
11.36 0 0.380504 -1.30315 0.104719
11.37 0 0.264884 -1.30126 0.156698
11.38 0 -0.185553 -0.812527 -0.038838
11.39 0 -0.74035 -0.143285 -0.346577
11.4 0 -1.1529 0.329527 -0.622534
11.41 0 -1.25461 0.236007 -0.768485
11.42 0 -1.14877 -0.494437 -0.875588
11.43 0 -1.07861 -1.67476 -1.1231
11.44 0 -1.16061 -2.81746 -1.57711
11.45 0 -1.43183 -3.50098 -2.20518
11.46 0 -1.79801 -3.56956 -2.9081
11.47 0 -2.07293 -3.14918 -3.52077
11.48 0 -2.09819 -2.56972 -3.91038
11.49 0 -1.7678 -2.05226 -4.00522
11.5 0 -1.13978 -1.75146 -3.82469
11.51 0 -0.488778 -1.73786 -3.56476
11.52 0 -0.0936451 -1.9414 -3.41212
11.53 0 -0.103186 -2.20719 -3.45517
11.54 0 -0.486459 -2.41013 -3.65333
11.55 0 -1.05976 -2.4972 -3.86678
11.56 0 -1.61038 -2.52826 -3.96464
11.57 0 -1.94049 -2.55651 -3.83024
11.58 0 -1.9848 -2.61267 -3.45146
11.59 0 -1.80103 -2.65626 -2.90245
11.6 0 -1.53688 -2.61725 -2.32085
11.61 0 -1.30011 -2.398 -1.7989
11.62 0 -1.20968 -2.0427 -1.45327
11.63 0 -1.22138 -1.60739 -1.25395
11.64 0 -1.21024 -1.16025 -1.10997
11.65 0 -1.08462 -0.80105 -0.952247
11.66 0 -0.808437 -0.574003 -0.742512
11.67 0 -0.397586 -0.466635 -0.498748
11.68 0 0.00331994 -0.405136 -0.2943
11.69 0 0.227671 -0.350094 -0.231848
11.7 0 0.21872 -0.275398 -0.327153
11.71 0 0.0608985 -0.162245 -0.483853
11.72 0 -0.162822 -0.0600672 -0.669155
11.73 0 -0.346818 -0.0814874 -0.806881
11.74 0 -0.382347 -0.209728 -0.802814
11.75 0 -0.221863 -0.395514 -0.655401
11.76 0 0.460732 -0.576097 -0.374796
11.77 0 0.966845 -0.426678 -0.133884
11.78 0 1.37742 0.0752938 0.0329062
11.79 0 1.34075 0.916842 0.115061
11.8 0 1.10165 1.72839 0.201855
11.81 0 0.811211 2.24726 0.439963
11.82 0 0.677173 2.29653 0.923814
11.83 0 0.762191 1.89246 1.60234
11.84 0 0.900647 1.32061 2.34519
11.85 0 0.854442 0.909795 2.97515
11.86 0 0.489183 0.849805 3.36934
11.87 0 0.00754234 1.06763 3.51968
11.88 0 -0.44327 1.36385 3.4704
11.89 0 -0.687925 1.52847 3.30458
11.9 0 -0.644429 1.41832 3.08981
11.91 0 -0.365787 1.08862 2.80425
11.92 0 0.0539801 0.716245 2.43321
11.93 0 0.481607 0.503538 1.94533
11.94 0 0.821798 0.554917 1.34723
11.95 0 1.04017 0.840265 0.685497
11.96 0 1.20916 1.249 0.0895316
11.97 0 1.43504 1.64686 -0.295118
11.98 0 1.73996 1.89907 -0.405522
11.99 0 2.05391 1.94926 -0.265351
12 0 2.27588 1.85964 0.0683215
12.01 0 2.28008 1.71883 0.490826
12.02 0 1.97175 1.57087 0.886611
12.03 0 1.37778 1.4249 1.20966
12.04 0 0.631634 1.24936 1.4767
12.05 0 -0.0832966 1.00698 1.73612
12.06 0 -0.625096 0.683609 2.01044
12.07 0 -0.936574 0.317797 2.27159
12.08 0 -1.03449 -0.0126751 2.46501
12.09 0 -0.984118 -0.21346 2.52213
12.1 0 -0.821656 -0.204517 2.42002
12.11 0 -0.580906 0.0405283 2.14179
12.12 0 -0.288873 0.422939 1.71403
12.13 0 0.0713647 0.812392 1.21005
12.14 0 0.490377 1.0848 0.692742
12.15 0 0.921222 1.16751 0.200918
12.16 0 1.33876 1.12181 -0.194036
12.17 0 1.67258 1.04783 -0.461685
12.18 0 1.64713 1.01239 -0.654766
12.19 0 1.35517 0.965374 -0.753881
12.2 0 0.918768 0.848783 -0.714697
12.21 0 0.345686 0.615963 -0.535981
12.22 0 -0.240965 0.203611 -0.24654
12.23 0 -0.72013 -0.400984 0.0760561
12.24 0 -1.07102 -1.04075 0.365352
12.25 0 -1.20472 -1.5921 0.520768
12.26 0 -1.40563 -1.86814 0.424498
12.27 0 -1.57311 -1.81292 0.121993
12.28 0 -1.58548 -1.50757 -0.296999
12.29 0 -1.4005 -1.15185 -0.777192
12.3 0 -0.96876 -0.851295 -1.21017
12.31 0 -0.343503 -0.596699 -1.50542
12.32 0 0.373397 -0.36256 -1.65202
12.33 0 0.988116 -0.14449 -1.72621
12.34 0 1.35307 0.0692822 -1.78095
12.35 0 1.44765 0.298247 -1.78624
12.36 0 1.30043 0.479572 -1.71664
12.37 0 0.99101 0.534834 -1.53566
12.38 0 0.61007 0.418303 -1.21739
12.39 0 0.22705 0.143265 -0.765725
12.4 0 -0.126071 -0.202006 -0.222572
12.41 0 -0.491315 -0.541353 0.29846
12.42 0 -0.908129 -0.804405 0.683277
12.43 0 -1.365 -1.00577 0.863077
12.44 0 -1.8236 -1.20164 0.797616
12.45 0 -2.20389 -1.4463 0.502765
12.46 0 -2.40718 -1.74347 0.0424047
12.47 0 -2.36242 -2.03769 -0.504506
12.48 0 -2.11445 -2.28783 -1.12694
12.49 0 -1.75185 -2.44265 -1.8229
12.5 0 -1.34616 -2.45474 -2.56549
12.51 0 -0.928006 -2.29916 -3.27621
12.52 0 -0.559206 -2.05075 -3.9036
12.53 0 -0.265289 -1.82266 -4.4268
12.54 0 -0.0236803 -1.64166 -4.7621
12.55 0 0.169135 -1.54345 -4.86256
12.56 0 0.284779 -1.54226 -4.72426
12.57 0 0.302426 -1.54471 -4.32203
12.58 0 0.228073 -1.48048 -3.69153
12.59 0 0.186515 -1.39693 -2.90473
12.6 0 -0.0278064 -1.21753 -2.07639
12.61 0 -0.381103 -0.965414 -1.26027
12.62 0 -0.789208 -0.708937 -0.483404
12.63 0 -1.08148 -0.541485 0.248712
12.64 0 -1.14215 -0.527683 0.883541
12.65 0 -1.07266 -0.562258 1.36818
12.66 0 -0.90876 -0.537342 1.65939
12.67 0 -0.788037 -0.355984 1.72761
12.68 0 -0.750357 -0.0299677 1.59543
12.69 0 -0.655507 0.322631 1.34728
12.7 0 -0.76824 0.705735 1.08123
12.71 0 -0.525295 0.848411 0.954052
12.72 0 0.0237573 0.729416 0.968874
12.73 0 0.708072 0.607697 1.05955
12.74 0 1.34888 0.709501 1.16561
12.75 0 1.77636 1.11614 1.20839
12.76 0 1.96094 1.76421 1.20052
12.77 0 1.99804 2.47058 1.21834
12.78 0 1.9851 3.00345 1.35589
12.79 0 2.0178 3.2375 1.67736
12.8 0 2.11844 3.16307 2.16492
12.81 0 2.21034 2.88849 2.75054
12.82 0 2.15145 2.56836 3.29453
12.83 0 1.83813 2.31599 3.67301
12.84 0 1.32417 2.21313 3.88232
12.85 0 0.756081 2.23429 3.98123
12.86 0 0.306585 2.29003 4.04921
12.87 0 0.060622 2.26108 4.10865
12.88 0 0.0792445 2.12035 4.16716
12.89 0 0.291271 1.91225 4.16501
12.9 0 0.554247 1.7057 4.0056
12.91 0 0.77989 1.60974 3.66175
12.92 0 0.96844 1.70534 3.19033
12.93 0 1.15077 1.96335 2.66866
12.94 0 1.36402 2.27171 2.17454
12.95 0 1.61656 2.49379 1.75843
12.96 0 1.91183 2.56436 1.39441
12.97 0 2.19641 2.48047 1.15961
12.98 0 2.37023 2.27381 1.02422
12.99 0 2.33204 1.932 0.937182
13 0 1.99467 1.57116 0.815998
13.01 0 0.718461 1.39354 0.634063
13.02 0 -0.744027 1.01755 0.516756
13.03 0 -1.92852 0.197048 0.547623
13.04 0 -2.14985 -1.07534 0.785407
13.05 0 -1.86443 -2.28994 1.02222
13.06 0 -1.1928 -3.07667 0.983004
13.07 0 -0.929749 -3.05099 0.394389
13.08 0 -1.13442 -2.30983 -0.70227
13.09 0 -1.50481 -1.28049 -2.02707
13.1 0 -1.65953 -0.558754 -3.2417
13.11 0 -1.36518 -0.474201 -4.06545
13.12 0 -0.675714 -1.08647 -4.41305
13.13 0 0.165876 -2.04237 -4.45856
13.14 0 0.77139 -2.83389 -4.39849
13.15 0 0.839407 -3.10177 -4.42208
13.16 0 0.336227 -2.77686 -4.55913
13.17 0 -0.510449 -2.12432 -4.69478
13.18 0 -1.3623 -1.59727 -4.66701
13.19 0 -1.87311 -1.50464 -4.29055
13.2 0 -1.96222 -1.89579 -3.55512
13.21 0 -1.75306 -2.56876 -2.58743
13.22 0 -1.53415 -3.1496 -1.66402
13.23 0 -1.55712 -3.34061 -1.02263
13.24 0 -1.90039 -3.05868 -0.776151
13.25 0 -2.40495 -2.45806 -0.84975
13.26 0 -2.76346 -1.80823 -1.04099
13.27 0 -2.70108 -1.35574 -1.14269
13.28 0 -2.15117 -1.20998 -1.08057
13.29 0 -1.30188 -1.32604 -0.9567
13.3 0 -0.387521 -1.46947 -0.89255
13.31 0 0.313781 -1.37235 -0.987499
13.32 0 0.671102 -0.930227 -1.25998
13.33 0 0.703818 -0.275336 -1.64809
13.34 0 0.568484 0.329551 -2.00766
13.35 0 0.481119 0.667247 -2.14913
13.36 0 0.509969 0.648648 -2.00287
13.37 0 0.611797 0.266452 -1.62743
13.38 0 0.636729 -0.299359 -1.14886
13.39 0 0.454434 -0.765538 -0.691256
13.4 0 0.0314642 -0.966379 -0.336972
13.41 0 -0.528394 -0.909971 -0.106361
13.42 0 -0.948208 -0.737778 0.0562275
13.43 0 -1.19587 -0.588603 0.166132
13.44 0 -1.19309 -0.50483 0.286108
13.45 0 -0.815495 -0.508858 0.42382
13.46 0 -0.239652 -0.45689 0.536535
13.47 0 0.3004 -0.194074 0.574173
13.48 0 0.573645 0.295968 0.488409
13.49 0 0.606911 0.898418 0.350826
13.5 0 0.610907 1.37503 0.267646
13.51 0 0.512886 1.59707 0.300244
13.52 0 0.46396 1.48015 0.50036
13.53 0 0.569055 1.07903 0.844976
13.54 0 0.70872 0.607938 1.23755
13.55 0 0.759871 0.312767 1.57966
13.56 0 0.633141 0.333075 1.78323
13.57 0 0.329061 0.617875 1.80623
13.58 0 -0.0249498 0.979375 1.70196
13.59 0 -0.23325 1.23518 1.59198
13.6 0 -0.185131 1.27402 1.5629
13.61 0 0.0611616 1.07348 1.57842
13.62 0 0.431949 0.802739 1.62278
13.63 0 0.766181 0.625297 1.60986
13.64 0 0.952157 0.661774 1.48885
13.65 0 1.04172 0.991393 1.34111
13.66 0 1.12962 1.53759 1.26473
13.67 0 1.23961 2.06597 1.27367
13.68 0 1.37192 2.3619 1.36123
13.69 0 1.49472 2.33664 1.50259
13.7 0 1.53125 2.02932 1.63532
13.71 0 1.44658 1.61272 1.73895
13.72 0 1.22226 1.25603 1.79483
13.73 0 0.860603 1.03611 1.78069
13.74 0 0.436207 0.949356 1.71855
13.75 0 0.0428938 0.910496 1.63612
13.76 0 -0.18619 0.874729 1.60845
13.77 0 -0.20499 0.805158 1.65045
13.78 0 -0.0499956 0.71416 1.7282
13.79 0 0.164795 0.629198 1.75639
13.8 0 0.37677 0.639301 1.71072
13.81 0 0.561698 0.80188 1.58402
13.82 0 0.701783 1.05477 1.38141
13.83 0 0.785073 1.28288 1.12501
13.84 0 0.83816 1.38443 0.85729
13.85 0 0.888599 1.32433 0.63126
13.86 0 0.943828 1.11495 0.476206
13.87 0 0.979521 0.825134 0.394505
13.88 0 0.959644 0.596848 0.37285
13.89 0 0.83819 0.510686 0.383306
13.9 0 0.253593 0.621941 0.384499
13.91 0 -0.269223 0.677361 0.473437
13.92 0 -0.699653 0.585175 0.682385
13.93 0 -0.834668 0.242099 0.983036
13.94 0 -0.731466 -0.227823 1.28442
13.95 0 -0.533821 -0.647213 1.43978
13.96 0 -0.362188 -0.895209 1.30059
13.97 0 -0.448009 -0.85695 0.823031
13.98 0 -0.652762 -0.645466 0.0978091
13.99 0 -0.691557 -0.445219 -0.687385
14 0 -0.472406 -0.365085 -1.37271
14.01 0 -0.0557949 -0.373583 -1.84585
14.02 0 0.468553 -0.425415 -2.09989
14.03 0 0.89132 -0.475033 -2.22881
14.04 0 1.07598 -0.475574 -2.30374
14.05 0 0.98872 -0.388456 -2.32821
14.06 0 0.664723 -0.265766 -2.29282
14.07 0 0.245498 -0.239989 -2.14326
14.08 0 -0.197256 -0.416961 -1.88331
14.09 0 -0.633793 -0.826486 -1.55995
14.1 0 -1.09889 -1.42615 -1.27527
14.11 0 -1.58502 -2.06633 -1.08554
14.12 0 -2.02459 -2.55478 -0.990945
14.13 0 -2.3507 -2.77216 -0.980118
14.14 0 -2.54303 -2.72813 -1.06044
14.15 0 -2.57595 -2.53443 -1.23415
14.16 0 -2.40735 -2.2961 -1.45989
14.17 0 -2.01539 -2.0654 -1.68297
14.18 0 -1.46801 -1.87239 -1.90355
14.19 0 -0.905298 -1.73685 -2.1733
14.2 0 -0.444312 -1.64952 -2.52621
14.21 0 -0.155133 -1.56588 -2.93587
14.22 0 -0.0370508 -1.47056 -3.33886
14.23 0 -0.0347565 -1.38264 -3.64986
14.24 0 -0.0753033 -1.33162 -3.78719
14.25 0 -0.0996669 -1.32371 -3.69508
14.26 0 -0.118977 -1.36176 -3.39337
14.27 0 -0.148972 -1.38943 -2.91388
14.28 0 -0.225955 -1.33697 -2.29435
14.29 0 -0.405664 -1.19944 -1.62342
14.3 0 -0.667078 -0.977607 -0.968751
14.31 0 -0.903315 -0.735845 -0.321363
14.32 0 -1.07093 -0.530468 0.276193
14.33 0 -1.13708 -0.422591 0.792772
14.34 0 -1.11892 -0.40713 1.17348
14.35 0 -0.803564 -0.498434 1.3859
14.36 0 -0.337777 -0.54763 1.36745
14.37 0 0.0750408 -0.383824 1.10481
14.38 0 0.403728 -0.0011661 0.635081
14.39 0 0.550361 0.538357 0.0633535
14.4 0 0.567336 1.07291 -0.440627
14.41 0 0.626362 1.37721 -0.728773
14.42 0 0.82117 1.34375 -0.728037
14.43 0 0.836787 1.08779 -0.492838
14.44 0 0.894185 0.673162 -0.0705676
14.45 0 0.896686 0.307599 0.426338
14.46 0 0.757512 0.158404 0.89834
14.47 0 0.462367 0.25359 1.28472
14.48 0 0.0786097 0.557377 1.568
14.49 0 -0.276545 0.876789 1.75742
14.5 0 -0.47387 1.04605 1.89077
14.51 0 -0.456184 1.0204 2.02214
14.52 0 -0.226287 0.855632 2.15917
14.53 0 0.137998 0.709409 2.27421
14.54 0 0.517203 0.728937 2.31131
14.55 0 0.814139 0.980777 2.23151
14.56 0 1.00137 1.4137 2.04361
14.57 0 1.0943 1.86323 1.78147
14.58 0 1.16706 2.17219 1.52812
14.59 0 1.27984 2.23704 1.3493
14.6 0 1.43349 2.05745 1.26567
14.61 0 1.57694 1.74779 1.26483
14.62 0 1.64506 1.4729 1.31865
14.63 0 1.56496 1.33126 1.37165
14.64 0 1.34512 1.35818 1.41887
14.65 0 1.03156 1.47406 1.46298
14.66 0 0.717821 1.56726 1.53784
14.67 0 0.466767 1.53918 1.65991
14.68 0 0.319233 1.35422 1.82144
14.69 0 0.270664 1.07653 1.9977
14.7 0 0.277929 0.819192 2.14235
14.71 0 0.286925 0.68774 2.20863
14.72 0 0.239534 0.695388 2.14137
14.73 0 0.150036 0.803505 1.94769
14.74 0 0.0768114 0.933336 1.67093
14.75 0 0.0831664 1.006 1.36331
14.76 0 0.223527 0.979795 1.09177
14.77 0 0.478637 0.86529 0.856166
14.78 0 0.744168 0.71816 0.636915
14.79 0 0.937997 0.617398 0.411766
14.8 0 1.02271 0.598392 0.197566
14.81 0 1.00187 0.656846 0.0174896
14.82 0 0.871974 0.722639 -0.130673
14.83 0 0.596179 0.779392 -0.200656
14.84 0 0.0861556 0.795901 -0.146916
14.85 0 -0.213419 0.618127 0.108121
14.86 0 -0.512698 0.282573 0.474993
14.87 0 -0.623342 -0.233233 0.843671
14.88 0 -0.735116 -0.752501 1.06273
14.89 0 -0.845727 -1.19648 0.99669
14.9 0 -1.03841 -1.41235 0.628195
14.91 0 -1.26406 -1.3706 0.0419635
14.92 0 -1.31794 -1.18833 -0.621244
14.93 0 -1.05543 -1.03841 -1.25859
14.94 0 -0.653643 -0.976328 -1.84046
14.95 0 -0.183463 -0.981317 -2.3203
14.96 0 0.230116 -1.03039 -2.71951
14.97 0 0.481434 -1.08408 -3.05156
14.98 0 0.532103 -1.09335 -3.29343
14.99 0 0.441862 -1.0254 -3.38249
15 0 0.249699 -0.951107 -3.29906
15.01 0 0.0116685 -0.931314 -3.03019
15.02 0 -0.232761 -0.989933 -2.589
15.03 0 -0.508518 -1.14265 -2.06107
15.04 0 -0.834032 -1.38233 -1.52999
15.05 0 -1.18262 -1.61107 -1.0363
15.06 0 -1.5438 -1.77906 -0.644605
15.07 0 -1.85615 -1.84605 -0.369167
15.08 0 -2.09365 -1.85576 -0.246659
15.09 0 -2.20944 -1.84764 -0.273679
15.1 0 -2.12121 -1.79667 -0.381177
15.11 0 -1.85372 -1.7241 -0.571478
15.12 0 -1.45068 -1.61106 -0.832169
15.13 0 -0.947965 -1.39266 -1.11893
15.14 0 -0.420848 -1.06165 -1.41546
15.15 0 0.0598537 -0.683272 -1.70454
15.16 0 0.464574 -0.315123 -1.93736
15.17 0 0.766613 -0.0186842 -2.0795
15.18 0 0.935267 0.136675 -2.11938
15.19 0 0.957851 0.129547 -2.04872
15.2 0 0.834058 -0.0108519 -1.86836
15.21 0 0.68303 -0.213997 -1.5627
15.22 0 0.434306 -0.377312 -1.17404
15.23 0 0.0886517 -0.453282 -0.745489
15.24 0 -0.328876 -0.471403 -0.329938
15.25 0 -0.726505 -0.474139 0.0615696
15.26 0 -0.995433 -0.485743 0.438148
15.27 0 -1.05289 -0.481524 0.811881
15.28 0 -0.888283 -0.444537 1.13635
15.29 0 -0.561662 -0.37141 1.3179
15.3 0 -0.247989 -0.154653 1.32829
15.31 0 0.0448164 0.230296 1.20822
15.32 0 0.30299 0.703761 1.00368
15.33 0 0.488305 1.14586 0.77547
15.34 0 0.642364 1.41137 0.585582
15.35 0 0.880877 1.45253 0.51548
15.36 0 1.16024 1.37902 0.606611
15.37 0 1.35604 1.26892 0.784859
15.38 0 1.29668 1.22461 0.978116
15.39 0 1.1634 1.27495 1.21726
15.4 0 0.985215 1.39539 1.49132
15.41 0 0.781902 1.4997 1.7683
15.42 0 0.628645 1.56629 2.07182
15.43 0 0.536978 1.55967 2.37075
15.44 0 0.455763 1.4495 2.58514
15.45 0 0.368972 1.2816 2.68091
15.46 0 0.26297 1.10586 2.63328
15.47 0 0.126909 0.938715 2.42316
15.48 0 0.00987965 0.824378 2.10714
15.49 0 -0.0210194 0.791696 1.76864
15.5 0 0.0753628 0.780693 1.43115
15.51 0 0.276811 0.773043 1.11442
15.52 0 0.541757 0.780148 0.833217
15.53 0 0.822469 0.841245 0.609099
15.54 0 1.02398 0.953138 0.42792
15.55 0 1.10916 1.07382 0.286451
15.56 0 1.07992 1.14894 0.198164
15.57 0 0.953503 1.12022 0.170775
15.58 0 0.712491 0.967736 0.201624
15.59 0 0.322634 0.669702 0.250579
15.6 0 -0.0794689 0.21142 0.296136
15.61 0 -0.456264 -0.314156 0.319742
15.62 0 -0.790057 -0.819956 0.273708
15.63 0 -1.0341 -1.20546 0.142135
15.64 0 -1.13369 -1.42737 -0.0883343
15.65 0 -1.18058 -1.44868 -0.42007
15.66 0 -1.11208 -1.30561 -0.79258
15.67 0 -0.923798 -1.0963 -1.16859
15.68 0 -0.628691 -0.918268 -1.51733
15.69 0 -0.271726 -0.80508 -1.8084
15.7 0 0.0641458 -0.759422 -2.04249
15.71 0 0.317661 -0.725342 -2.19959
15.72 0 0.441385 -0.667144 -2.27118
15.73 0 0.442384 -0.564817 -2.22867
15.74 0 0.357886 -0.456867 -2.06295
15.75 0 0.187618 -0.399912 -1.79411
15.76 0 0.00601344 -0.434536 -1.43638
15.77 0 -0.173436 -0.56745 -1.04179
15.78 0 -0.406851 -0.731249 -0.662224
15.79 0 -0.681587 -0.872905 -0.33738
15.8 0 -0.948542 -0.944478 -0.0744317
15.81 0 -1.16024 -0.945111 0.119323
15.82 0 -1.26288 -0.886758 0.254255
15.83 0 -1.2656 -0.83244 0.296464
15.84 0 -1.19993 -0.832137 0.211788
15.85 0 -1.04547 -0.84364 0.0394182
15.86 0 -0.847766 -0.86127 -0.2288
15.87 0 -0.53013 -0.877588 -0.563441
15.88 0 -0.151122 -0.822226 -0.930167
15.89 0 0.199877 -0.647213 -1.29435
15.9 0 0.470695 -0.336157 -1.58835
15.91 0 0.658193 0.0156664 -1.76763
15.92 0 0.803798 0.283092 -1.79677
15.93 0 0.890869 0.40076 -1.66379
15.94 0 0.884366 0.400547 -1.36068
15.95 0 0.744212 0.295286 -0.948728
15.96 0 0.462082 0.133206 -0.484129
15.97 0 0.0712487 -0.0426331 -0.016467
15.98 0 -0.330865 -0.1738 0.448488
15.99 0 -0.666851 -0.254114 0.879439
16 0 -0.867035 -0.276248 1.25485
16.01 0 -0.916777 -0.253265 1.52914
16.02 0 -0.831205 -0.185494 1.66547
16.03 0 -0.650098 -0.0746425 1.63695
16.04 0 -0.412395 0.0765853 1.44466
16.05 0 -0.142052 0.258298 1.12232
16.06 0 0.118258 0.458781 0.726753
16.07 0 0.353688 0.66827 0.344611
16.08 0 0.634261 0.811468 0.0346671
16.09 0 0.92118 0.883979 -0.166706
16.1 0 1.13447 0.880643 -0.278571
16.11 0 1.18363 0.836672 -0.319639
16.12 0 1.11153 0.790909 -0.266726
16.13 0 0.905592 0.720703 -0.151732
16.14 0 0.611785 0.617193 0.0234943
16.15 0 0.310905 0.497169 0.276866
16.16 0 0.0604224 0.374922 0.59863
16.17 0 -0.151957 0.250084 0.927954
16.18 0 -0.298386 0.155432 1.23052
16.19 0 -0.395177 0.101004 1.44876
16.2 0 -0.449225 0.0947004 1.54811
16.21 0 -0.434121 0.1549 1.5416
16.22 0 -0.383045 0.218984 1.39643
16.23 0 -0.298073 0.250442 1.12656
16.24 0 -0.143924 0.267151 0.799625
16.25 0 0.0590822 0.277393 0.454032
16.26 0 0.266811 0.274159 0.102855
16.27 0 0.471684 0.288196 -0.207856
16.28 0 0.632229 0.318305 -0.464824
16.29 0 0.720506 0.353033 -0.654758
16.3 0 0.77987 0.427559 -0.70981
16.31 0 0.81019 0.521407 -0.621267
16.32 0 0.768942 0.572199 -0.437652
16.33 0 0.617755 0.545366 -0.204942
16.34 0 0.387661 0.451128 0.0661251
16.35 0 0.10686 0.280601 0.333953
16.36 0 -0.221852 0.0280466 0.537041
16.37 0 -0.545387 -0.255342 0.662592
16.38 0 -0.790909 -0.491685 0.726434
16.39 0 -0.941787 -0.618886 0.733961
16.4 0 -0.907771 -0.609266 0.713192
16.41 0 -0.676518 -0.436605 0.689025
16.42 0 -0.288632 -0.116874 0.662747
16.43 0 0.117743 0.252107 0.572567
16.44 0 0.45139 0.581937 0.4012
16.45 0 0.696234 0.832497 0.199587
16.46 0 0.86877 0.983869 0.0343642
16.47 0 0.966997 1.02462 -0.0559204
16.48 0 0.964675 0.94583 -0.0760029
16.49 0 0.840166 0.765593 -0.0443502
16.5 0 0.588296 0.509982 0.0103449
16.51 0 0.249166 0.224041 0.0797611
16.52 0 -0.0961368 -0.0353234 0.178365
16.53 0 -0.415271 -0.273243 0.267394
16.54 0 -0.647104 -0.461191 0.344412
16.55 0 -0.732782 -0.561243 0.416419
16.56 0 -0.662428 -0.586637 0.443404
16.57 0 -0.550996 -0.518395 0.386585
16.58 0 -0.41214 -0.372806 0.248646
16.59 0 -0.274002 -0.20595 0.0343196
16.6 0 -0.124917 -0.0676443 -0.216779
16.61 0 0.0263738 -0.00223494 -0.474302
16.62 0 0.164229 -0.0247469 -0.713752
16.63 0 0.253425 -0.123609 -0.92744
16.64 0 0.265561 -0.265924 -1.11087
16.65 0 0.19338 -0.411604 -1.25351
16.66 0 0.0560559 -0.532782 -1.33916
16.67 0 -0.137131 -0.649624 -1.37969
16.68 0 -0.334189 -0.784176 -1.37549
16.69 0 -0.508362 -0.915608 -1.31612
16.7 0 -0.655055 -1.04567 -1.22694
16.71 0 -0.750686 -1.13875 -1.11069
16.72 0 -0.810848 -1.18923 -1.00292
16.73 0 -0.864712 -1.2134 -0.947998
16.74 0 -0.906516 -1.2128 -0.952166
16.75 0 -0.899217 -1.17362 -0.98541
16.76 0 -0.837904 -1.11367 -1.04061
16.77 0 -0.719082 -1.06535 -1.12194
16.78 0 -0.548936 -1.00127 -1.20197
16.79 0 -0.353358 -0.891025 -1.25926
16.8 0 -0.156917 -0.724786 -1.27959
16.81 0 -0.00790853 -0.543666 -1.27973
16.82 0 0.158445 -0.402311 -1.25116
16.83 0 0.250254 -0.256731 -1.17185
16.84 0 0.311196 -0.0932525 -1.0014
16.85 0 0.326013 0.0665353 -0.747647
16.86 0 0.301811 0.185103 -0.432591
16.87 0 0.24608 0.2624 -0.070186
16.88 0 0.169811 0.298662 0.310237
16.89 0 0.0603254 0.295417 0.66105
16.9 0 -0.0551905 0.28245 0.965208
16.91 0 -0.154562 0.286291 1.20931
16.92 0 -0.235744 0.322992 1.38262
16.93 0 -0.288902 0.375761 1.47328
16.94 0 -0.250618 0.434796 1.50165
16.95 0 -0.100236 0.523857 1.49791
16.96 0 0.144176 0.659432 1.47284
16.97 0 0.431908 0.855413 1.4302
16.98 0 0.686753 1.10223 1.36812
16.99 0 0.916325 1.35892 1.30939
17 0 1.01181 1.55792 1.23549
17.01 0 1.06999 1.61345 1.16938
17.02 0 1.0975 1.529 1.12985
17.03 0 1.0486 1.31244 1.08037
17.04 0 0.895641 1.01924 0.996043
17.05 0 0.677663 0.750423 0.905857
17.06 0 0.440108 0.588212 0.85016
17.07 0 0.182399 0.550447 0.846502
17.08 0 -0.0105018 0.521585 0.867474
17.09 0 -0.122226 0.4768 0.918792
17.1 0 -0.1128 0.412669 1.00068
17.11 0 -0.0178035 0.35226 1.07837
17.12 0 0.0765438 0.303711 1.08288
17.13 0 0.117538 0.290044 0.985515
17.14 0 0.121167 0.329985 0.81467
17.15 0 0.115527 0.395886 0.605551
17.16 0 0.14275 0.457306 0.410216
17.17 0 0.17452 0.480188 0.24832
17.18 0 0.232739 0.414889 0.116998
17.19 0 0.284497 0.282235 0.0101049
17.2 0 0.313639 0.143219 -0.0686101
17.21 0 0.305445 0.0651582 -0.111287
17.22 0 0.259989 0.0678617 -0.117926
17.23 0 0.165111 0.10588 -0.111868
17.24 0 0.0517356 0.130555 -0.0903784
17.25 0 -0.0311207 0.120063 -0.0329404
17.26 0 -0.017088 0.0571449 0.0609086
17.27 0 0.0347606 -0.0249504 0.155333
17.28 0 0.0328631 -0.0920843 0.197899
17.29 0 -0.0644949 -0.151177 0.145619
17.3 0 -0.227696 -0.210139 0.0115995
17.31 0 -0.343449 -0.286452 -0.152207
17.32 0 -0.408544 -0.391204 -0.328618
17.33 0 -0.346832 -0.539122 -0.50466
17.34 0 -0.274972 -0.644925 -0.677179
17.35 0 -0.242155 -0.707053 -0.872167
17.36 0 -0.267826 -0.73738 -1.09235
17.37 0 -0.349406 -0.777561 -1.32958
17.38 0 -0.456053 -0.859778 -1.55428
17.39 0 -0.571824 -1.01645 -1.75464
17.4 0 -0.654474 -1.20963 -1.89037
17.41 0 -0.723344 -1.41859 -1.97965
17.42 0 -0.77432 -1.5772 -2.01605
17.43 0 -0.812147 -1.64045 -2.00464
17.44 0 -0.84009 -1.59912 -1.95375
17.45 0 -0.850003 -1.47561 -1.86524
17.46 0 -0.824993 -1.30814 -1.73383
17.47 0 -0.768707 -1.15122 -1.57273
17.48 0 -0.689722 -1.03529 -1.39506
17.49 0 -0.608202 -0.966725 -1.22081
17.5 0 -0.567179 -0.951596 -1.09082
17.51 0 -0.602004 -0.99118 -1.04142
17.52 0 -0.545651 -1.09074 -1.0547
17.53 0 -0.515077 -1.15159 -1.1286
17.54 0 -0.503125 -1.13821 -1.24275
17.55 0 -0.512807 -1.03761 -1.36103
17.56 0 -0.435419 -0.904212 -1.43628
17.57 0 -0.252349 -0.780568 -1.45339
17.58 0 -0.0723315 -0.645763 -1.41317
17.59 0 0.074648 -0.500347 -1.3186
17.6 0 0.179498 -0.328346 -1.15504
17.61 0 0.182953 -0.104175 -0.906405
17.62 0 0.139839 0.107465 -0.575739
17.63 0 0.126596 0.251717 -0.169278
17.64 0 0.123199 0.344894 0.292285
17.65 0 0.0707357 0.432239 0.773691
17.66 0 -0.09615 0.512728 1.21092
17.67 0 -0.212236 0.539026 1.59348
17.68 0 -0.271248 0.52054 1.88935
17.69 0 -0.260651 0.476057 2.08293
17.7 0 -0.230781 0.471367 2.12828
17.71 0 -0.16433 0.533573 2.03563
17.72 0 -0.022889 0.696311 1.87855
17.73 0 0.216783 0.935237 1.70676
17.74 0 0.491455 1.14816 1.49546
17.75 0 0.767359 1.28339 1.25671
17.76 0 1.0475 1.36761 1.04585
17.77 0 1.30306 1.4253 0.886087
17.78 0 1.48529 1.47008 0.774768
17.79 0 1.5551 1.50133 0.703348
17.8 0 1.51534 1.52174 0.686024
17.81 0 1.42489 1.55495 0.773137
17.82 0 1.31305 1.58461 0.971178
17.83 0 1.17576 1.57647 1.24581
17.84 0 1.01758 1.53003 1.56593
17.85 0 0.855528 1.47502 1.90625
17.86 0 0.682811 1.41657 2.22165
17.87 0 0.512141 1.36752 2.48869
17.88 0 0.360312 1.33649 2.68718
17.89 0 0.225607 1.29932 2.78358
17.9 0 0.135811 1.25731 2.78205
17.91 0 0.14038 1.24145 2.72176
17.92 0 0.237456 1.2523 2.6073
17.93 0 0.38188 1.27305 2.40944
17.94 0 0.554239 1.30843 2.14014
17.95 0 0.770085 1.36492 1.83034
17.96 0 0.979757 1.41273 1.48866
17.97 0 1.14676 1.42877 1.13363
17.98 0 1.29066 1.42073 0.840712
17.99 0 1.41162 1.39306 0.646729
18 0 1.47245 1.36845 0.546527
18.01 0 1.194 1.37689 0.486871
18.02 0 0.634191 1.36948 0.521224
18.03 0 0.0479545 1.16703 0.67238
18.04 0 -0.446476 0.711625 0.927954
18.05 0 -0.667283 0.066506 1.25026
18.06 0 -0.580016 -0.638651 1.48605
18.07 0 -0.572863 -1.10254 1.46129
18.08 0 -0.517436 -1.22767 1.13922
18.09 0 -0.495608 -1.01108 0.525555
18.1 0 -0.603574 -0.572323 -0.281963
18.11 0 -0.652289 -0.169006 -1.09478
18.12 0 -0.510031 -0.0185985 -1.76363
18.13 0 -0.159469 -0.205694 -2.1974
18.14 0 0.284115 -0.566201 -2.41381
18.15 0 0.608829 -0.992092 -2.5012
18.16 0 0.692819 -1.28826 -2.56982
18.17 0 0.461335 -1.37863 -2.66627
18.18 0 -0.0274903 -1.31891 -2.77551
18.19 0 -0.59128 -1.2352 -2.8163
18.2 0 -1.06365 -1.29343 -2.73149
18.21 0 -1.39195 -1.5644 -2.51159
18.22 0 -1.54884 -1.97286 -2.17459
18.23 0 -1.62276 -2.39866 -1.82379
18.24 0 -1.6946 -2.67292 -1.54946
18.25 0 -1.81007 -2.6957 -1.41254
18.26 0 -1.95317 -2.48917 -1.4229
18.27 0 -2.06063 -2.18035 -1.54952
18.28 0 -2.03999 -1.91148 -1.72111
18.29 0 -1.84234 -1.78167 -1.88344
18.3 0 -1.49074 -1.79428 -2.02435
18.31 0 -1.06743 -1.87121 -2.15941
18.32 0 -0.691651 -1.9152 -2.33056
18.33 0 -0.452625 -1.85828 -2.56017
18.34 0 -0.364139 -1.68793 -2.81921
18.35 0 -0.382187 -1.46595 -3.04818
18.36 0 -0.426555 -1.28008 -3.17183
18.37 0 -0.415867 -1.18036 -3.1184
18.38 0 -0.337857 -1.20065 -2.89699
18.39 0 -0.265261 -1.30451 -2.56589
18.4 0 -0.271115 -1.41929 -2.1794
18.41 0 -0.40546 -1.45894 -1.81235
18.42 0 -0.64515 -1.3857 -1.47557
18.43 0 -0.962493 -1.24343 -1.15381
18.44 0 -1.25488 -1.13778 -0.868245
18.45 0 -1.45959 -1.05768 -0.60754
18.46 0 -1.46045 -1.03383 -0.324326
18.47 0 -1.28561 -1.02015 -0.0514868
18.48 0 -0.98406 -0.961052 0.177959
18.49 0 -0.237997 -0.889023 0.325407
18.5 0 0.49993 -0.618461 0.277727
18.51 0 1.16086 -0.0977406 0.0317625
18.52 0 1.35498 0.710829 -0.355932
18.53 0 1.17296 1.53816 -0.723949
18.54 0 0.947581 2.04395 -0.855869
18.55 0 0.858731 2.05903 -0.611834
18.56 0 0.783476 1.67356 -0.00452594
18.57 0 0.880945 1.00549 0.833809
18.58 0 0.917692 0.380415 1.67945
18.59 0 0.737456 0.0767155 2.36085
18.6 0 0.27831 0.218227 2.71862
18.61 0 -0.328933 0.682128 2.75129
18.62 0 -0.81836 1.19702 2.69017
18.63 0 -0.95598 1.50677 2.66694
18.64 0 -0.680828 1.48488 2.72292
18.65 0 -0.092899 1.22622 2.81102
18.66 0 0.616826 0.989537 2.85659
18.67 0 1.18002 0.973309 2.71661
18.68 0 1.43476 1.25762 2.33826
18.69 0 1.4639 1.76404 1.81869
18.7 0 1.41054 2.26853 1.29646
18.71 0 1.43016 2.55402 0.918293
18.72 0 1.60756 2.52665 0.780159
18.73 0 1.90073 2.2487 0.880575
18.74 0 2.13798 1.86467 1.1047
18.75 0 2.1679 1.56717 1.34365
18.76 0 1.9422 1.49616 1.55075
18.77 0 1.48789 1.61678 1.70279
18.78 0 0.93515 1.79101 1.83922
18.79 0 0.471074 1.88125 2.04378
18.8 0 0.213806 1.79637 2.35083
18.81 0 0.16064 1.53675 2.71239
18.82 0 0.211425 1.21662 3.03761
18.83 0 0.261513 0.964281 3.22023
18.84 0 0.23597 0.876708 3.19285
18.85 0 0.146959 0.972268 2.96498
18.86 0 0.0568472 1.16487 2.58855
18.87 0 0.0746564 1.34993 2.16671
18.88 0 0.254318 1.42828 1.76976
18.89 0 0.581185 1.39583 1.41525
18.9 0 0.986998 1.2615 1.07585
18.91 0 1.3487 1.1169 0.740817
18.92 0 1.56085 1.04437 0.40589
18.93 0 1.56465 0.993266 0.0680674
18.94 0 1.37365 0.95288 -0.244976
18.95 0 0.918662 0.947244 -0.461644
18.96 0 0.115968 0.900992 -0.531363
18.97 0 -0.596538 0.567606 -0.386709
18.98 0 -1.06692 -0.0835902 -0.0428444
18.99 0 -1.17235 -0.931834 0.397324
19 0 -0.971726 -1.72988 0.729419
19.01 0 -0.964293 -2.13942 0.716254
19.02 0 -1.02697 -2.10254 0.316301
19.03 0 -1.14383 -1.69824 -0.401665
19.04 0 -1.31671 -1.14338 -1.27917
19.05 0 -1.30518 -0.736219 -2.08625
19.06 0 -0.975508 -0.665722 -2.65894
19.07 0 -0.393862 -0.921264 -2.96976
19.08 0 0.234258 -1.33144 -3.08216
19.09 0 0.646453 -1.62063 -3.13181
19.1 0 0.692782 -1.6601 -3.19738
19.11 0 0.405007 -1.45585 -3.27731
19.12 0 -0.0869891 -1.16309 -3.30097
19.13 0 -0.592213 -0.9867 -3.1738
19.14 0 -0.95923 -1.06718 -2.83453
19.15 0 -1.13779 -1.39468 -2.30172
19.16 0 -1.20485 -1.838 -1.68663
19.17 0 -1.29688 -2.21882 -1.14416
19.18 0 -1.50375 -2.38298 -0.780452
19.19 0 -1.8141 -2.2889 -0.636256
19.2 0 -2.12858 -2.03127 -0.683743
19.21 0 -2.29842 -1.75997 -0.833959
19.22 0 -2.20801 -1.59644 -0.99949
19.23 0 -1.85075 -1.58503 -1.15209
19.24 0 -1.3211 -1.66212 -1.31293
19.25 0 -0.763603 -1.69795 -1.5209
19.26 0 -0.312239 -1.58628 -1.80564
19.27 0 -0.0332221 -1.30826 -2.15181
19.28 0 0.0890107 -0.940374 -2.49824
19.29 0 0.128018 -0.609947 -2.75377
19.3 0 0.1553 -0.398026 -2.84107
19.31 0 0.223416 -0.396622 -2.70878
19.32 0 0.30546 -0.552012 -2.37378
19.33 0 0.312517 -0.754524 -1.91219
19.34 0 0.173923 -0.89559 -1.42103
19.35 0 -0.0951214 -0.905906 -0.953112
19.36 0 -0.303403 -0.830773 -0.532649
19.37 0 -0.530574 -0.66543 -0.182596
19.38 0 -0.725469 -0.456462 0.115703
19.39 0 -0.765987 -0.281456 0.386855
19.4 0 -0.531766 -0.180875 0.641384
19.41 0 -0.228704 -0.0584464 0.839288
19.42 0 0.0866001 0.136904 0.955815
19.43 0 0.229894 0.460088 0.980419
19.44 0 0.291294 0.8256 0.961493
19.45 0 0.367506 1.12954 0.963885
19.46 0 0.343903 1.34133 1.02743
19.47 0 0.371173 1.38328 1.19313
19.48 0 0.54241 1.24093 1.44899
19.49 0 0.761751 1.0179 1.72475
19.5 0 0.899968 0.894196 1.92576
19.51 0 0.891554 0.957722 1.99884
19.52 0 0.757458 1.18569 1.95388
19.53 0 0.593674 1.46609 1.85059
19.54 0 0.510575 1.66798 1.76479
19.55 0 0.566797 1.71207 1.75276
19.56 0 0.749209 1.60669 1.81227
19.57 0 0.97738 1.43853 1.89816
19.58 0 1.15073 1.31876 1.95162
19.59 0 1.1997 1.32119 1.93226
19.6 0 1.12085 1.44445 1.84135
19.61 0 0.974248 1.61745 1.72173
19.62 0 0.845196 1.74081 1.63137
19.63 0 0.795963 1.74264 1.61133
19.64 0 0.833927 1.61655 1.66432
19.65 0 0.91309 1.42159 1.75576
19.66 0 0.962751 1.24594 1.83277
19.67 0 0.929258 1.15809 1.85223
19.68 0 0.805427 1.17205 1.80139
19.69 0 0.635364 1.2431 1.70119
19.7 0 0.492634 1.29673 1.5855
19.71 0 0.423411 1.27469 1.49383
19.72 0 0.443783 1.16115 1.4332
19.73 0 0.521698 0.992193 1.38584
19.74 0 0.603588 0.814699 1.32358
19.75 0 0.636173 0.679239 1.21798
19.76 0 0.586773 0.630399 1.05175
19.77 0 0.293474 0.695357 0.830639
19.78 0 -0.124559 0.750606 0.620091
19.79 0 -0.363032 0.621046 0.496108
19.8 0 -0.488574 0.310542 0.457991
19.81 0 -0.45343 -0.134086 0.463753
19.82 0 -0.35254 -0.569396 0.426545
19.83 0 -0.309459 -0.850232 0.264402
19.84 0 -0.373861 -0.915399 -0.0536883
19.85 0 -0.418267 -0.834473 -0.488307
19.86 0 -0.50456 -0.672216 -0.976598
19.87 0 -0.517837 -0.567096 -1.42617
19.88 0 -0.372127 -0.611664 -1.77005
19.89 0 -0.0509136 -0.804905 -1.99516
19.9 0 0.249242 -1.01813 -2.1487
19.91 0 0.373301 -1.13307 -2.28019
19.92 0 0.280664 -1.11249 -2.40341
19.93 0 0.0166351 -1.00636 -2.48993
19.94 0 -0.318145 -0.917049 -2.48736
19.95 0 -0.616 -0.950983 -2.35173
19.96 0 -0.823313 -1.13884 -2.0827
19.97 0 -0.953104 -1.42757 -1.73099
19.98 0 -1.05595 -1.69311 -1.37071
19.99 0 -1.19998 -1.86821 -1.09557
20 0 -1.38816 -1.89927 -0.940406
20.01 0 -1.58262 -1.80762 -0.906968
20.02 0 -1.71247 -1.66331 -0.962562
20.03 0 -1.71071 -1.54409 -1.06343
20.04 0 -1.55099 -1.49219 -1.17898
20.05 0 -1.26239 -1.49569 -1.30357
