0.01 0 -7.46753e-08 -8.03633e-08 -7.82675e-08
0.02 0 -3.57986e-07 -4.03339e-07 -3.8782e-07
0.03 0 -8.74879e-07 -1.05411e-06 -9.99411e-07
0.04 0 -1.55699e-06 -2.03474e-06 -1.9134e-06
0.05 0 -2.33122e-06 -3.3135e-06 -3.13176e-06
0.06 0 -3.10437e-06 -4.78297e-06 -4.62418e-06
0.07 0 -3.76831e-06 -6.26466e-06 -6.31682e-06
0.08 0 -4.23655e-06 -7.56933e-06 -8.11706e-06
0.09 0 -4.49815e-06 -8.59112e-06 -9.96473e-06
0.1 0 -4.66869e-06 -9.40384e-06 -1.18947e-05
0.11 0 -4.97267e-06 -1.02782e-05 -1.40452e-05
0.12 0 -5.64166e-06 -1.15837e-05 -1.65886e-05
0.13 0 -6.76203e-06 -1.35904e-05 -1.96006e-05
0.14 0 -8.19689e-06 -1.62967e-05 -2.29764e-05
0.15 0 -9.71403e-06 -1.94612e-05 -2.6528e-05
0.16 0 -1.11551e-05 -2.27466e-05 -3.01225e-05
0.17 0 -1.2424e-05 -2.57844e-05 -3.36595e-05
0.18 0 -1.345e-05 -2.82684e-05 -3.70394e-05
0.19 0 -1.42792e-05 -3.01593e-05 -4.02663e-05
0.2 0 -1.5054e-05 -3.1707e-05 -4.34431e-05
0.21 0 -1.59041e-05 -3.32918e-05 -4.66731e-05
0.22 0 -1.68437e-05 -3.51921e-05 -4.99539e-05
0.23 0 -1.76458e-05 -3.72984e-05 -5.30269e-05
0.24 0 -1.79001e-05 -3.90498e-05 -5.53919e-05
0.25 0 -1.70604e-05 -3.94598e-05 -5.63056e-05
0.26 0 -1.44635e-05 -3.72195e-05 -5.47559e-05
0.27 0 -9.71627e-06 -3.12473e-05 -4.98245e-05
0.28 0 -3.22751e-06 -2.14508e-05 -4.12591e-05
0.29 0 3.72968e-06 -9.05604e-06 -2.96815e-05
0.3 0 9.80439e-06 4.02044e-06 -1.601e-05
0.31 0 1.45079e-05 1.62715e-05 -6.64558e-07
0.32 0 1.81471e-05 2.70293e-05 1.63764e-05
0.33 0 2.12921e-05 3.64698e-05 3.51668e-05
0.34 0 2.48123e-05 4.58819e-05 5.59745e-05
0.35 0 2.99462e-05 5.75664e-05 7.94867e-05
0.36 0 3.75099e-05 7.35702e-05 0.000106124
0.37 0 4.68662e-05 9.40038e-05 0.000135011
0.38 0 5.58735e-05 0.00011636 0.000163753
0.39 0 6.1709e-05 0.000136046 0.000188981
0.4 0 6.20462e-05 0.000147888 0.000207288
0.41 0 5.58649e-05 0.000147862 0.000215978
0.42 0 4.33857e-05 0.000134158 0.000213156
0.43 0 2.58698e-05 0.000107703 0.000197802
0.44 0 5.25489e-06 7.17585e-05 0.000169723
0.45 0 -1.65045e-05 3.04674e-05 0.000129154
0.46 0 -3.74654e-05 -1.22755e-05 7.6954e-05
0.47 0 -5.5374e-05 -5.32504e-05 1.51492e-05
0.48 0 -6.78571e-05 -9.00368e-05 -5.29435e-05
0.49 0 -7.32892e-05 -0.000121104 -0.000123281
0.5 0 -7.247e-05 -0.000146672 -0.000192701
0.51 0 -6.97347e-05 -0.000169755 -0.000260487
0.52 0 -7.11692e-05 -0.000195234 -0.000327585
0.53 0 -8.09139e-05 -0.000227148 -0.000394058
0.54 0 -9.92985e-05 -0.000266921 -0.000457936
0.55 0 -0.000123906 -0.000313396 -0.000516328
0.56 0 -0.000151381 -0.000363333 -0.000566792
0.57 0 -0.000179061 -0.000412502 -0.000608441
0.58 0 -0.000206003 -0.000457474 -0.000642655
0.59 0 -0.000231452 -0.000495672 -0.000671433
0.6 0 -0.000252284 -0.000523941 -0.000694605
0.61 0 -0.000263718 -0.000538925 -0.000709888
0.62 0 -0.000261835 -0.000538101 -0.000714496
0.63 0 -0.000244223 -0.000518908 -0.000705043
0.64 0 -0.000210917 -0.000479151 -0.000678247
0.65 0 -0.000167236 -0.000420821 -0.000634289
0.66 0 -0.000124433 -0.000353195 -0.00057893
0.67 0 -9.57471e-05 -0.000291557 -0.000521669
0.68 0 -9.03741e-05 -0.000252032 -0.000471559
0.69 0 -0.000108605 -0.000244449 -0.000432963
0.7 0 -0.000142079 -0.00026782 -0.000404791
0.71 0 -0.00018073 -0.000312965 -0.000385435
0.72 0 -0.00021976 -0.000368976 -0.000378044
0.73 0 -0.000260391 -0.000428324 -0.000390812
0.74 0 -0.000305404 -0.000488879 -0.000432971
0.75 0 -0.000352834 -0.00055157 -0.000508708
0.76 0 -0.000392396 -0.000614951 -0.000612463
0.77 0 -0.000408947 -0.00067166 -0.000729838
0.78 0 -0.000391951 -0.000710431 -0.000844404
0.79 0 -0.000343755 -0.000722161 -0.000945169
0.8 0 -0.000279841 -0.000705512 -0.00102902
0.81 0 -0.000222175 -0.000670103 -0.0010986
0.82 0 -0.000190932 -0.000636231 -0.00115902
0.83 0 -0.000198052 -0.000629333 -0.00121484
0.84 0 -0.000245311 -0.000671072 -0.00126898
0.85 0 -0.000327099 -0.000771404 -0.0013241
0.86 0 -0.000434348 -0.000924521 -0.00138423
0.87 0 -0.000555849 -0.00110947 -0.00145389
0.88 0 -0.0006773 -0.00129555 -0.00153541
0.89 0 -0.000780904 -0.00145095 -0.00162673
0.9 0 -0.000847123 -0.00155066 -0.00172061
0.91 0 -0.000859355 -0.00158124 -0.00180615
0.92 0 -0.00080971 -0.00154154 -0.00187161
0.93 0 -0.00070317 -0.00144048 -0.00190734
0.94 0 -0.000559391 -0.00129559 -0.0019091
0.95 0 -0.000409601 -0.00113187 -0.00187951
0.96 0 -0.000285581 -0.000976347 -0.00182358
0.97 0 -0.000206175 -0.000849152 -0.00174118
0.98 0 -0.000172274 -0.000757959 -0.00162528
0.99 0 -0.000173016 -0.000699008 -0.00146803
1 0 -0.000195729 -0.00066156 -0.00126852
1.01 0 -0.000230322 -0.000631043 -0.00103464
1.02 0 -0.000266727 -0.00059028 -0.000778385
1.03 0 -0.000292653 -0.000522936 -0.000511463
1.04 0 -0.000295332 -0.00041888 -0.000244302
1.05 0 -0.000265124 -0.000277298 1.35273e-05
1.06 0 -0.000198424 -0.000105715 0.000253303
1.07 0 -9.85298e-05 8.39818e-05 0.000468094
1.08 0 2.52907e-05 0.00027963 0.0006538
1.09 0 0.000161683 0.000472867 0.000811515
1.1 0 0.000303415 0.000663345 0.000951278
1.11 0 0.000450145 0.00085927 0.00109254
1.12 0 0.000605385 0.00107318 0.00125951
1.13 0 0.000771636 0.00131661 0.0014751
1.14 0 0.000945867 0.00159464 0.00175506
1.15 0 0.00111579 0.00190009 0.00210206
1.16 0 0.00126008 0.00221053 0.00250284
1.17 0 0.00135554 0.0024927 0.00293194
1.18 0 0.0013879 0.00271384 0.00336023
1.19 0 0.00135726 0.0028519 0.00376064
1.2 0 0.001277 0.00290191 0.0041101
1.21 0 0.00117166 0.00288031 0.00439274
1.22 0 0.00107159 0.00282179 0.00460064
1.23 0 0.00100352 0.00276644 0.00473015
1.24 0 0.000985155 0.00274707 0.00478074
1.25 0 0.00102647 0.00278298 0.00475862
1.26 0 0.00113087 0.00287839 0.00467891
1.27 0 0.00129105 0.00302129 0.00456125
1.28 0 0.00148458 0.003185 0.00442294
1.29 0 0.00167698 0.00333553 0.00427679
1.3 0 0.00183117 0.00344128 0.00413311
1.31 0 0.00191735 0.00347986 0.00400146
1.32 0 0.00192022 0.00344151 0.00389124
1.33 0 0.00184256 0.00333094 0.00381182
1.34 0 0.00170314 0.00316631 0.00377083
1.35 0 0.00152954 0.00297465 0.00377051
1.36 0 0.00134828 0.00278371 0.00380327
1.37 0 0.00117688 0.0026126 0.00384905
1.38 0 0.00102232 0.00246622 0.0038779
1.39 0 0.000885444 0.00233587 0.00385743
1.4 0 0.000766042 0.00220435 0.00376033
1.41 0 0.000663968 0.002052 0.00356797
1.42 0 0.000577346 0.00186243 0.00327077
1.43 0 0.000502208 0.00162813 0.00286872
1.44 0 0.000434251 0.00135353 0.00237251
1.45 0 0.000368211 0.00105065 0.00180062
1.46 0 0.000295254 0.000729406 0.0011733
1.47 0 0.000205183 0.000392789 0.000510677
1.48 0 9.13189e-05 3.82871e-05 -0.000166043
1.49 0 -5.02807e-05 -0.000341019 -0.000837808
1.5 0 -0.000225042 -0.00075552 -0.00149342
1.51 0 -0.000439511 -0.00121418 -0.00213035
1.52 0 -0.000695162 -0.00171679 -0.00274951
1.53 0 -0.00098204 -0.00224868 -0.00334894
1.54 0 -0.00127812 -0.00278169 -0.00392128
1.55 0 -0.00155518 -0.00328107 -0.00445599
1.56 0 -0.00178815 -0.00371528 -0.0049442
1.57 0 -0.00196324 -0.00406514 -0.00538292
1.58 0 -0.00207925 -0.0043269 -0.00577435
1.59 0 -0.00214267 -0.00450873 -0.00612078
1.6 0 -0.00216313 -0.00462553 -0.00642106
1.61 0 -0.0021525 -0.00469505 -0.00667132
1.62 0 -0.00212391 -0.00473358 -0.00686618
1.63 0 -0.002089 -0.00475113 -0.00699865
1.64 0 -0.00205554 -0.00474947 -0.00706044
1.65 0 -0.00202787 -0.00472511 -0.00704486
1.66 0 -0.00200727 -0.00467322 -0.00694886
1.67 0 -0.00199045 -0.00458877 -0.00677221
1.68 0 -0.00197023 -0.00446783 -0.00651752
1.69 0 -0.00194034 -0.00431058 -0.00619328
1.7 0 -0.00190053 -0.00412442 -0.00581702
1.71 0 -0.00185787 -0.00392453 -0.00541538
1.72 0 -0.00182284 -0.00373085 -0.00501978
1.73 0 -0.00180236 -0.00356202 -0.00465928
1.74 0 -0.00179505 -0.00342945 -0.00435479
1.75 0 -0.00179177 -0.0033344 -0.00411738
1.76 0 -0.00178054 -0.00326894 -0.00395022
1.77 0 -0.00175149 -0.00321906 -0.00385092
1.78 0 -0.00169837 -0.00316802 -0.00381165
1.79 0 -0.00161688 -0.00309879 -0.00381743
1.8 0 -0.00150248 -0.0029957 -0.00384459
1.81 0 -0.00134987 -0.002845 -0.00386124
1.82 0 -0.0011545 -0.00263445 -0.00382971
1.83 0 -0.000916235 -0.00235391 -0.00371172
1.84 0 -0.000643617 -0.00199841 -0.00347531
1.85 0 -0.000355125 -0.00157186 -0.00310055
1.86 0 -7.65793e-05 -0.00109015 -0.00258262
1.87 0 0.00016561 -0.000580183 -0.00193111
1.88 0 0.000353846 -7.25675e-05 -0.00116487
1.89 0 0.000484085 0.000406708 -0.000308601
1.9 0 0.000563429 0.000841512 0.000606997
1.91 0 0.000605481 0.00122814 0.00154509
1.92 0 0.00062564 0.00157327 0.00246357
1.93 0 0.000638158 0.00188795 0.00331761
1.94 0 0.000656626 0.00218185 0.00406515
1.95 0 0.00069549 0.00246006 0.00467344
1.96 0 0.00077001 0.00272346 0.00512404
1.97 0 0.00089239 0.00297066 0.00541379
1.98 0 0.0010647 0.0031984 0.00555089
1.99 0 0.00127362 0.00340016 0.00554948
2 0 0.00149134 0.00356441 0.00542625
2.01 0 0.00168485 0.00367634 0.00520208
2.02 0 0.00182932 0.0037239 0.00490689
2.03 0 0.00191549 0.00370334 0.00458016
2.04 0 0.00194721 0.00362124 0.00426478
2.05 0 0.00193289 0.00349244 0.003997
2.06 0 0.00187414 0.00333137 0.00379441
2.07 0 0.00175828 0.00313943 0.00364655
2.08 0 0.00156185 0.00289737 0.00351521
2.09 0 0.00126386 0.00256851 0.00334494
2.1 0 0.00085891 0.00211067 0.00307631
2.11 0 0.000362769 0.00149244 0.00265663
2.12 0 -0.000190084 0.000708696 0.00204685
2.13 0 -0.000754566 -0.000211371 0.00122506
2.14 0 -0.00128035 -0.00120369 0.000192091
2.15 0 -0.00171485 -0.00217827 -0.00102262
2.16 0 -0.00201172 -0.00304123 -0.00236355
2.17 0 -0.00214099 -0.00371887 -0.00375655
2.18 0 -0.00209817 -0.00417531 -0.00511902
2.19 0 -0.00191195 -0.00442135 -0.00637338
2.2 0 -0.0016445 -0.00451134 -0.00745859
2.21 0 -0.0013818 -0.00452917 -0.00833637
2.22 0 -0.00121343 -0.00456619 -0.00898997
2.23 0 -0.0012086 -0.00469702 -0.00941788
2.24 0 -0.00139814 -0.00496126 -0.00962836
2.25 0 -0.00176582 -0.00535251 -0.00963477
2.26 0 -0.00225026 -0.00581622 -0.00945187
2.27 0 -0.00276053 -0.00626159 -0.00909748
2.28 0 -0.00320203 -0.0065873 -0.00859955
2.29 0 -0.0034998 -0.00670948 -0.00799972
2.3 0 -0.00360837 -0.00658087 -0.0073473
2.31 0 -0.00351217 -0.00620021 -0.00669013
2.32 0 -0.00322732 -0.00561465 -0.00607148
2.33 0 -0.00279912 -0.00490734 -0.00552663
2.34 0 -0.00228537 -0.00416594 -0.00506969
2.35 0 -0.00174162 -0.00345598 -0.00468727
2.36 0 -0.00121882 -0.00281511 -0.00434799
2.37 0 -0.00075908 -0.00225468 -0.00401151
2.38 0 -0.000387384 -0.00176391 -0.00363254
2.39 0 -0.000110423 -0.00132161 -0.00316913
2.4 0 7.64962e-05 -0.000911064 -0.00259464
2.41 0 0.000184018 -0.000526392 -0.00190407
2.42 0 0.00023023 -0.000165976 -0.00110965
2.43 0 0.000243308 0.000178832 -0.000232279
2.44 0 0.000259068 0.000529849 0.000704381
2.45 0 0.000316308 0.000922223 0.00167857
2.46 0 0.000453364 0.00140045 0.00267595
2.47 0 0.000703129 0.00200877 0.00369225
2.48 0 0.00108351 0.00277569 0.0047292
2.49 0 0.00158708 0.00369847 0.00578609
2.5 0 0.002177 0.00473575 0.00685327
2.51 0 0.00279451 0.00581417 0.00791266
2.52 0 0.00337643 0.00684821 0.0089453
2.53 0 0.00387173 0.00776215 0.00993727
2.54 0 0.00424485 0.00850209 0.0108756
2.55 0 0.00447008 0.00903677 0.0117383
2.56 0 0.00453127 0.00935466 0.0124915
2.57 0 0.00442925 0.00946112 0.0130948
2.58 0 0.00418946 0.00937652 0.0135116
2.59 0 0.00386539 0.00913787 0.01372
2.6 0 0.00352977 0.00879795 0.0137169
2.61 0 0.00325109 0.00841443 0.0135087
2.62 0 0.00306901 0.0080344 0.0131003
2.63 0 0.00298341 0.00768143 0.0124908
2.64 0 0.00296232 0.00734968 0.011679
2.65 0 0.00296408 0.00701073 0.0106781
2.66 0 0.00295835 0.00662967 0.00952709
2.67 0 0.00292928 0.00617839 0.00828681
2.68 0 0.00286113 0.00563854 0.00702025
2.69 0 0.00272312 0.00499703 0.00577072
2.7 0 0.00246963 0.00424093 0.00455217
2.71 0 0.00205922 0.00335774 0.00335634
2.72 0 0.0014811 0.00234346 0.00217048
2.73 0 0.000770096 0.00121328 0.000991741
2.74 0 -1.42248e-06 7.72289e-06 -0.000171303
2.75 0 -0.000747259 -0.00120765 -0.0013058
2.76 0 -0.00139088 -0.00234876 -0.00240035
2.77 0 -0.00187799 -0.00332562 -0.00344404
2.78 0 -0.00217925 -0.0040617 -0.00442198
2.79 0 -0.00228888 -0.00451482 -0.00531266
2.8 0 -0.00222052 -0.00468776 -0.00608643
2.81 0 -0.00200551 -0.00462604 -0.00670882
2.82 0 -0.00170139 -0.00441281 -0.00715636
2.83 0 -0.00139765 -0.0041597 -0.00743404
2.84 0 -0.00119747 -0.00398231 -0.00757314
2.85 0 -0.00118299 -0.00396973 -0.00761413
2.86 0 -0.00139013 -0.00416687 -0.00759446
2.87 0 -0.00180456 -0.00457401 -0.00754845
2.88 0 -0.00237203 -0.00515475 -0.00751153
2.89 0 -0.00301196 -0.00584345 -0.00751951
2.9 0 -0.00363162 -0.0065525 -0.00760255
2.91 0 -0.00414124 -0.00718502 -0.00777935
2.92 0 -0.00446808 -0.00765471 -0.00805509
2.93 0 -0.00456912 -0.00790577 -0.00842274
2.94 0 -0.00443791 -0.00792376 -0.00886366
2.95 0 -0.004104 -0.00773505 -0.00934786
2.96 0 -0.00362769 -0.00739853 -0.00983667
2.97 0 -0.00308878 -0.00698907 -0.0102846
2.98 0 -0.00257084 -0.00657774 -0.0106405
2.99 0 -0.00214634 -0.00621846 -0.010852
3 0 -0.00186601 -0.00594323 -0.0108744
3.01 0 -0.00175483 -0.00576352 -0.0106796
3.02 0 -0.00181119 -0.00567308 -0.010262
3.03 0 -0.00200655 -0.00564862 -0.00963793
3.04 0 -0.00228827 -0.00565099 -0.00884069
3.05 0 -0.00258895 -0.00563028 -0.00791617
3.06 0 -0.00283935 -0.00553441 -0.00691905
3.07 0 -0.0029786 -0.00531676 -0.00590545
3.08 0 -0.00295847 -0.00493984 -0.00492152
3.09 0 -0.0027443 -0.00437639 -0.00399227
3.1 0 -0.00231781 -0.00361063 -0.00311613
3.11 0 -0.00168325 -0.00264183 -0.00226803
3.12 0 -0.000872684 -0.00148834 -0.00140785
3.13 0 5.55355e-05 -0.00018849 -0.000489073
3.14 0 0.00102382 0.00120057 0.000532524
3.15 0 0.00194389 0.00260401 0.00168798
3.16 0 0.0027292 0.00393563 0.00298761
3.17 0 0.00331364 0.00511352 0.00442166
3.18 0 0.00366663 0.00607964 0.00596474
3.19 0 0.0037954 0.00681368 0.00757766
3.2 0 0.00373863 0.0073358 0.00920793
3.21 0 0.00355686 0.00769806 0.0107916
3.22 0 0.0033232 0.00796881 0.012259
3.23 0 0.00311664 0.00821773 0.0135451
3.24 0 0.00301199 0.00850312 0.0145987
3.25 0 0.00306307 0.00885956 0.0153846
3.26 0 0.00328685 0.00928887 0.01588
3.27 0 0.00365747 0.00975869 0.0160737
3.28 0 0.00411555 0.0102108 0.0159691
3.29 0 0.00458865 0.0105775 0.0155918
3.3 0 0.00500903 0.0107998 0.0149915
3.31 0 0.00532074 0.0108366 0.0142345
3.32 0 0.00547856 0.0106658 0.0133872
3.33 0 0.00544519 0.0102779 0.0125002
3.34 0 0.00519253 0.00966887 0.0115984
3.35 0 0.00470795 0.00883709 0.0106791
3.36 0 0.00400193 0.00778411 0.00971774
3.37 0 0.00311316 0.00652161 0.00867745
3.38 0 0.00210813 0.00507922 0.00751827
3.39 0 0.00107268 0.00351148 0.00620598
3.4 0 9.69896e-05 0.00189988 0.00471951
3.41 0 -0.000742681 0.000339959 0.00305287
3.42 0 -0.0013998 -0.00108438 0.00121233
3.43 0 -0.00186322 -0.00232479 -0.000783824
3.44 0 -0.0021553 -0.00338288 -0.00290539
3.45 0 -0.00232807 -0.00431225 -0.00511431
3.46 0 -0.00245125 -0.00519924 -0.00736472
3.47 0 -0.00259405 -0.00612875 -0.00959924
3.48 0 -0.0028148 -0.00715765 -0.0117537
3.49 0 -0.00315617 -0.00830276 -0.0137671
3.5 0 -0.00363911 -0.00954148 -0.0155882
3.51 0 -0.00426131 -0.0108261 -0.0171831
3.52 0 -0.00499938 -0.0121033 -0.0185392
3.53 0 -0.00581007 -0.0133284 -0.0196649
3.54 0 -0.00663483 -0.014469 -0.0205843
3.55 0 -0.00740911 -0.015501 -0.0213328
3.56 0 -0.00807477 -0.0164002 -0.0219501
3.57 0 -0.00859159 -0.0171364 -0.0224741
3.58 0 -0.00893884 -0.0176755 -0.0229319
3.59 0 -0.00910411 -0.0179857 -0.0233292
3.6 0 -0.00907065 -0.0180442 -0.0236428
3.61 0 -0.00881966 -0.0178379 -0.0238227
3.62 0 -0.00834571 -0.017361 -0.0238035
3.63 0 -0.00767022 -0.0166128 -0.0235167
3.64 0 -0.00684144 -0.0155967 -0.0228984
3.65 0 -0.00592059 -0.0143226 -0.021891
3.66 0 -0.00496392 -0.0128096 -0.0204431
3.67 0 -0.00400814 -0.011084 -0.0185108
3.68 0 -0.00306708 -0.00917271 -0.0160629
3.69 0 -0.00214048 -0.0070968 -0.0130913
3.7 0 -0.00122351 -0.00486953 -0.00961983
3.71 0 -0.000309433 -0.00249596 -0.00570494
3.72 0 0.000613304 2.46768e-05 -0.00142836
3.73 0 0.00156577 0.00269454 0.00311474
3.74 0 0.0025816 0.00551445 0.00782906
3.75 0 0.0037047 0.00848447 0.0126305
3.76 0 0.00498337 0.0116065 0.0174538
3.77 0 0.00646051 0.014886 0.0222545
3.78 0 0.00815941 0.018329 0.0270056
3.79 0 0.0100823 0.0219321 0.0316907
3.8 0 0.012219 0.0256675 0.0362952
3.81 0 0.0145341 0.0294736 0.0407911
3.82 0 0.0169447 0.0332574 0.0451246
3.83 0 0.0193334 0.0369156 0.0492287
3.84 0 0.0215888 0.0403602 0.0530526
3.85 0 0.0236331 0.0435291 0.0565766
3.86 0 0.0254253 0.0463795 0.0598051
3.87 0 0.0269544 0.0488861 0.0627557
3.88 0 0.0282286 0.0510435 0.0654487
3.89 0 0.0292641 0.052866 0.0678972
3.9 0 0.0300723 0.0543759 0.0700961
3.91 0 0.030651 0.0555865 0.0720133
3.92 0 0.0309878 0.0564907 0.0735941
3.93 0 0.031076 0.0570663 0.0747778
3.94 0 0.030931 0.057285 0.0755127
3.95 0 0.0305889 0.0571206 0.0757583
3.96 0 0.030091 0.0565568 0.0754778
3.97 0 0.0294674 0.0555952 0.0746345
3.98 0 0.0287285 0.0542545 0.0731902
3.99 0 0.0278621 0.0525537 0.0711052
4 0 0.0268358 0.0504899 0.0683379
4.01 0 0.0256055 0.0480238 0.0648487
4.02 0 0.0241317 0.0450899 0.0606122
4.03 0 0.0224028 0.0416342 0.0556399
4.04 0 0.0204583 0.0376696 0.0500086
4.05 0 0.0184078 0.0333279 0.0438871
4.06 0 0.0163926 0.0288364 0.0375054
4.07 0 0.0144924 0.0244123 0.0310657
4.08 0 0.0126977 0.0201958 0.0247108
4.09 0 0.0109646 0.0162574 0.0185612
4.1 0 0.0092603 0.0126094 0.0127394
4.11 0 0.00756375 0.00920592 0.00735647
4.12 0 0.00584884 0.00595962 0.00248804
4.13 0 0.00408176 0.00278639 -0.00183196
4.14 0 0.00223751 -0.000347261 -0.00559985
4.15 0 0.000329112 -0.00340811 -0.00882842
4.16 0 -0.00157471 -0.00631101 -0.0115407
4.17 0 -0.0033648 -0.00894301 -0.0137699
4.18 0 -0.00492192 -0.0111879 -0.0155599
4.19 0 -0.00615069 -0.0129487 -0.0169637
4.2 0 -0.00700244 -0.0141717 -0.0180416
4.21 0 -0.0075 -0.0148952 -0.0188836
4.22 0 -0.00776588 -0.0152935 -0.0196427
4.23 0 -0.00797226 -0.0156245 -0.0204941
4.24 0 -0.00824641 -0.0161168 -0.0215537
4.25 0 -0.00865606 -0.016918 -0.0228694
4.26 0 -0.00924483 -0.018095 -0.0244592
4.27 0 -0.010037 -0.0196346 -0.0263214
4.28 0 -0.0110174 -0.0214482 -0.0284207
4.29 0 -0.0121138 -0.0233857 -0.0306734
4.3 0 -0.0131996 -0.0252644 -0.0329484
4.31 0 -0.0141401 -0.0269243 -0.0351065
4.32 0 -0.0148562 -0.028284 -0.0370557
4.33 0 -0.0153411 -0.0293441 -0.0387625
4.34 0 -0.0156318 -0.0301472 -0.0402229
4.35 0 -0.0157732 -0.0307367 -0.0414311
4.36 0 -0.0157825 -0.0311158 -0.0423485
4.37 0 -0.0156241 -0.0312177 -0.0428782
4.38 0 -0.0152305 -0.0309219 -0.0428844
4.39 0 -0.0145559 -0.0301125 -0.0422437
4.4 0 -0.0135925 -0.02871 -0.0408652
4.41 0 -0.0123431 -0.0266657 -0.0386699
4.42 0 -0.0108044 -0.0239581 -0.0355829
4.43 0 -0.00897725 -0.0206015 -0.0315491
4.44 0 -0.00687572 -0.0166435 -0.0265476
4.45 0 -0.00453118 -0.0121501 -0.0205961
4.46 0 -0.00199684 -0.00718251 -0.0137515
4.47 0 0.000652987 -0.00178988 -0.00610744
4.48 0 0.00333818 0.00397082 0.00221133
4.49 0 0.00600605 0.0100076 0.011057
4.5 0 0.00866011 0.0161947 0.02027
4.51 0 0.0113632 0.0224183 0.0296939
4.52 0 0.0142072 0.0286294 0.0391862
4.53 0 0.0172658 0.0348525 0.0486157
4.54 0 0.0205674 0.0411487 0.0578529
4.55 0 0.0240975 0.0475696 0.0667716
4.56 0 0.027809 0.054107 0.0752572
4.57 0 0.0316198 0.0606529 0.0832033
4.58 0 0.0354095 0.067007 0.0905079
4.59 0 0.0390425 0.0729371 0.09709
4.6 0 0.0423865 0.0782386 0.102895
4.61 0 0.0453108 0.0827576 0.107879
4.62 0 0.0476859 0.0863889 0.111995
4.63 0 0.049397 0.0890657 0.115196
4.64 0 0.0503578 0.0907431 0.117436
4.65 0 0.0505183 0.09138 0.118665
4.66 0 0.0498775 0.0909295 0.118834
4.67 0 0.0484881 0.0893388 0.117882
4.68 0 0.0464257 0.0865582 0.115721
4.69 0 0.0437536 0.0825671 0.112224
4.7 0 0.0405233 0.0774125 0.107263
4.71 0 0.0367963 0.0712296 0.10075
4.72 0 0.0326574 0.0642076 0.0926596
4.73 0 0.0282007 0.0565153 0.0830287
4.74 0 0.0235145 0.0482458 0.0719392
4.75 0 0.0186912 0.0394331 0.0595338
4.76 0 0.0138398 0.0301125 0.0460301
4.77 0 0.00905549 0.0203586 0.0316934
4.78 0 0.00436907 0.0102888 0.0167905
4.79 0 -0.000243332 4.46042e-05 0.00156215
4.8 0 -0.0048127 -0.0102444 -0.0137795
4.81 0 -0.00938903 -0.0204813 -0.0290405
4.82 0 -0.0140813 -0.0305989 -0.0440445
4.83 0 -0.0190212 -0.0405741 -0.0586425
4.84 0 -0.0242857 -0.050439 -0.0727188
4.85 0 -0.0298771 -0.0602558 -0.0861976
4.86 0 -0.035747 -0.0700851 -0.0990511
4.87 0 -0.0418184 -0.0799702 -0.111289
4.88 0 -0.0480067 -0.0899183 -0.122951
4.89 0 -0.0542399 -0.0998853 -0.134107
4.9 0 -0.060465 -0.109783 -0.14486
4.91 0 -0.0666363 -0.119505 -0.155328
4.92 0 -0.0726956 -0.128954 -0.165626
4.93 0 -0.0785617 -0.138063 -0.175851
4.94 0 -0.0841307 -0.146801 -0.186069
4.95 0 -0.0892841 -0.155153 -0.196309
4.96 0 -0.0940003 -0.163053 -0.206555
4.97 0 -0.098301 -0.170345 -0.216696
4.98 0 -0.101981 -0.176855 -0.226478
4.99 0 -0.104734 -0.182451 -0.235612
5 0 -0.106456 -0.187102 -0.243944
5.01 0 -0.107252 -0.190831 -0.251445
5.02 0 -0.107287 -0.193608 -0.258088
5.03 0 -0.106709 -0.195352 -0.263789
5.04 0 -0.105653 -0.196033 -0.268445
5.05 0 -0.104251 -0.195732 -0.271965
5.06 0 -0.102611 -0.194627 -0.274265
5.07 0 -0.100811 -0.192928 -0.275256
5.08 0 -0.0989084 -0.190822 -0.274857
5.09 0 -0.0969662 -0.188415 -0.273011
5.1 0 -0.0950543 -0.185718 -0.269697
5.11 0 -0.0932289 -0.182641 -0.264933
5.12 0 -0.0914932 -0.179023 -0.258771
5.13 0 -0.089791 -0.174716 -0.251292
5.14 0 -0.0880446 -0.169682 -0.242639
5.15 0 -0.0861816 -0.164022 -0.233021
5.16 0 -0.0841164 -0.157908 -0.222664
5.17 0 -0.0817502 -0.151492 -0.211773
5.18 0 -0.0790128 -0.144868 -0.200541
5.19 0 -0.0758975 -0.138071 -0.18916
5.2 0 -0.0724469 -0.131085 -0.177809
5.21 0 -0.0687134 -0.123855 -0.166623
5.22 0 -0.0647472 -0.116348 -0.155695
5.23 0 -0.060597 -0.108598 -0.145097
5.24 0 -0.0562995 -0.100706 -0.13487
5.25 0 -0.0518881 -0.0928223 -0.125036
5.26 0 -0.0474198 -0.0851175 -0.115618
5.27 0 -0.0429902 -0.0777524 -0.106653
5.28 0 -0.0387256 -0.0708473 -0.0981872
5.29 0 -0.0347646 -0.0644776 -0.0902675
5.3 0 -0.0312382 -0.0586923 -0.0829393
5.31 0 -0.0282417 -0.0535293 -0.0762351
5.32 0 -0.0258068 -0.0490148 -0.0701586
5.33 0 -0.0238948 -0.0451547 -0.0646778
5.34 0 -0.0224133 -0.0419231 -0.0597337
5.35 0 -0.0212473 -0.0392538 -0.0552611
5.36 0 -0.0202952 -0.0370463 -0.0512126
5.37 0 -0.0194873 -0.0351811 -0.0475695
5.38 0 -0.0187762 -0.0335335 -0.0443278
5.39 0 -0.0181135 -0.0319876 -0.041478
5.4 0 -0.0174334 -0.030449 -0.0389879
5.41 0 -0.0166496 -0.0288485 -0.0367976
5.42 0 -0.0156684 -0.0271368 -0.0348243
5.43 0 -0.0144118 -0.0252738 -0.0329736
5.44 0 -0.0128412 -0.0232222 -0.0311513
5.45 0 -0.0109644 -0.0209425 -0.0292681
5.46 0 -0.00882122 -0.0183885 -0.0272305
5.47 0 -0.00647457 -0.0155219 -0.0249429
5.48 0 -0.00403006 -0.0123402 -0.0223254
5.49 0 -0.00164039 -0.00889085 -0.0193188
5.5 0 0.000543565 -0.00528027 -0.0158771
5.51 0 0.00243419 -0.00167155 -0.0119633
5.52 0 0.00402213 0.001759 -0.00755513
5.53 0 0.00534754 0.00489915 -0.00265864
5.54 0 0.0064668 0.00774815 0.00267991
5.55 0 0.00742886 0.0104008 0.00837734
5.56 0 0.00827809 0.0130073 0.0143222
5.57 0 0.00908016 0.0157389 0.0203799
5.58 0 0.00994224 0.0187481 0.0264152
5.59 0 0.0110189 0.0221303 0.0323256
5.6 0 0.012496 0.02591 0.0380636
5.61 0 0.0145474 0.0300666 0.043633
5.62 0 0.0172821 0.0345805 0.0490668
5.63 0 0.0207089 0.0394658 0.0544077
5.64 0 0.0247405 0.0447675 0.0597029
5.65 0 0.0292263 0.0505208 0.0650095
5.66 0 0.0339857 0.0567026 0.0704001
5.67 0 0.0388392 0.0632079 0.0759644
5.68 0 0.0436286 0.0698638 0.0818041
5.69 0 0.0482183 0.0764731 0.0880117
5.7 0 0.0524842 0.0828636 0.0946452
5.71 0 0.0563112 0.088921 0.101712
5.72 0 0.0596037 0.0945968 0.109165
5.73 0 0.0623014 0.0998913 0.11691
5.74 0 0.0643878 0.104816 0.124817
5.75 0 0.0658852 0.109348 0.132728
5.76 0 0.0668439 0.113401 0.140472
5.77 0 0.067335 0.116852 0.147868
5.78 0 0.0674368 0.119584 0.154739
5.79 0 0.0672105 0.121537 0.160902
5.8 0 0.0666888 0.122725 0.166166
5.81 0 0.0658933 0.123218 0.170359
5.82 0 0.0648607 0.12312 0.173342
5.83 0 0.0636642 0.122545 0.17503
5.84 0 0.0624276 0.121601 0.175407
5.85 0 0.0613221 0.120401 0.174538
5.86 0 0.0605328 0.119057 0.172554
5.87 0 0.0602024 0.117672 0.169631
5.88 0 0.0603841 0.116331 0.165963
5.89 0 0.0610305 0.115097 0.161748
5.9 0 0.0620175 0.11402 0.157189
5.91 0 0.063173 0.113114 0.152486
5.92 0 0.0642943 0.112327 0.147819
5.93 0 0.0651661 0.111532 0.143323
5.94 0 0.0655925 0.110541 0.139089
5.95 0 0.0654172 0.109155 0.135171
5.96 0 0.0645274 0.107192 0.131582
5.97 0 0.0628553 0.104523 0.128292
5.98 0 0.0603729 0.101094 0.12523
5.99 0 0.0570874 0.0969247 0.122265
6 0 0.0530561 0.0920954 0.119229
6.01 0 0.0484116 0.086729 0.115943
6.02 0 0.0433805 0.0809802 0.112266
6.03 0 0.0382738 0.0750322 0.108119
6.04 0 0.0334256 0.0690761 0.10347
6.05 0 0.0291103 0.0632808 0.0982918
6.06 0 0.025502 0.057789 0.0925567
6.07 0 0.0226821 0.0527268 0.0862641
6.08 0 0.0206591 0.0481959 0.0794648
6.09 0 0.0193841 0.0442502 0.0722665
6.1 0 0.0187601 0.0408795 0.0648246
6.11 0 0.0186519 0.0380133 0.0573222
6.12 0 0.0188974 0.0355444 0.0499486
6.13 0 0.0193217 0.0333584 0.0428831
6.14 0 0.0197477 0.0313535 0.0362891
6.15 0 0.0200074 0.0294294 0.0303264
6.16 0 0.0199512 0.0274711 0.0251511
6.17 0 0.0194451 0.0253695 0.020883
6.18 0 0.0183699 0.0230529 0.0175731
6.19 0 0.016638 0.0204951 0.0151873
6.2 0 0.0142247 0.0177081 0.0136114
6.21 0 0.0111965 0.0147303 0.0126775
6.22 0 0.00771994 0.0116228 0.0121951
6.23 0 0.00405303 0.00846125 0.0119733
6.24 0 0.000540325 0.00533084 0.0118271
6.25 0 -0.00245566 0.00234871 0.0115654
6.26 0 -0.00469498 -0.000306956 0.0109873
6.27 0 -0.00610683 -0.00241857 0.0099165
6.28 0 -0.00670891 -0.00379874 0.00825707
6.29 0 -0.00652469 -0.0043611 0.00603523
6.3 0 -0.00555947 -0.00414967 0.00340748
6.31 0 -0.00382745 -0.00330359 0.000634521
6.32 0 -0.00142323 -0.00197712 -0.00197029
6.33 0 0.00141369 -0.000278848 -0.00409076
6.34 0 0.00434825 0.00172489 -0.00543421
6.35 0 0.00708627 0.0039726 -0.00574667
6.36 0 0.00943648 0.00638784 -0.00483405
6.37 0 0.0112769 0.0088861 -0.00259066
6.38 0 0.0125266 0.0113824 0.000975793
6.39 0 0.0131439 0.0137927 0.00573331
6.4 0 0.0131359 0.0160426 0.0114378
6.41 0 0.0125721 0.0180787 0.0177646
6.42 0 0.0115824 0.0198728 0.0243447
6.43 0 0.0103373 0.0214107 0.0307991
6.44 0 0.00902106 0.0226772 0.0367617
6.45 0 0.00780936 0.023652 0.041899
6.46 0 0.00686155 0.0243197 0.0459377
6.47 0 0.006299 0.0246904 0.048673
6.48 0 0.00616386 0.024805 0.0499568
6.49 0 0.00640654 0.0247125 0.0496937
6.5 0 0.00690966 0.0244212 0.0478538
6.51 0 0.0075242 0.0238569 0.044492
6.52 0 0.00810327 0.0228657 0.0397523
6.53 0 0.00851804 0.0212619 0.0338501
6.54 0 0.00864049 0.018886 0.027031
6.55 0 0.00831771 0.0156431 0.0195307
6.56 0 0.00737364 0.0115136 0.0115594
6.57 0 0.00563714 0.00654427 0.00330499
6.58 0 0.00299049 0.00081932 -0.0050688
6.59 0 -0.000569765 -0.00558556 -0.0134389
6.6 0 -0.0049127 -0.0126263 -0.0217377
6.61 0 -0.00986008 -0.0202465 -0.0299613
6.62 0 -0.0152813 -0.0283236 -0.0381649
6.63 0 -0.021064 -0.0366874 -0.046431
6.64 0 -0.0270608 -0.0451745 -0.0548383
6.65 0 -0.0330926 -0.0536592 -0.0634496
6.66 0 -0.0389693 -0.0620578 -0.0723093
6.67 0 -0.0445162 -0.070318 -0.0814433
6.68 0 -0.0496048 -0.0784031 -0.090863
6.69 0 -0.054173 -0.0862792 -0.100569
6.7 0 -0.0582274 -0.0939049 -0.110546
6.71 0 -0.0618227 -0.101232 -0.12076
6.72 0 -0.065029 -0.108218 -0.131147
6.73 0 -0.0679046 -0.114824 -0.1416
6.74 0 -0.0704777 -0.121009 -0.151975
6.75 0 -0.072747 -0.126728 -0.162101
6.76 0 -0.0746879 -0.13194 -0.171794
6.77 0 -0.0762677 -0.136611 -0.18086
6.78 0 -0.0774735 -0.140702 -0.189123
6.79 0 -0.0783325 -0.144185 -0.196447
6.8 0 -0.0788989 -0.147036 -0.202725
6.81 0 -0.0792264 -0.149231 -0.20786
6.82 0 -0.0793589 -0.150752 -0.211765
6.83 0 -0.0793318 -0.151606 -0.214374
6.84 0 -0.0791688 -0.151822 -0.21564
6.85 0 -0.0788839 -0.151441 -0.21554
6.86 0 -0.0784881 -0.150508 -0.214086
6.87 0 -0.0779944 -0.149057 -0.211338
6.88 0 -0.0774116 -0.147101 -0.207408
6.89 0 -0.0767279 -0.144636 -0.202441
6.9 0 -0.0758987 -0.141646 -0.196591
6.91 0 -0.0748493 -0.138124 -0.190011
6.92 0 -0.0734934 -0.134087 -0.18285
6.93 0 -0.0717634 -0.129578 -0.175263
6.94 0 -0.0696474 -0.124686 -0.16743
6.95 0 -0.0672018 -0.119536 -0.159556
6.96 0 -0.0645169 -0.114259 -0.151833
6.97 0 -0.0616804 -0.108962 -0.144416
6.98 0 -0.0587689 -0.103735 -0.13741
6.99 0 -0.0558421 -0.0986499 -0.130878
7 0 -0.0529322 -0.0937532 -0.124834
7.01 0 -0.0500395 -0.0890542 -0.11924
7.02 0 -0.0471268 -0.0845078 -0.114
7.03 0 -0.0441232 -0.0800074 -0.108966
7.04 0 -0.0409601 -0.0754179 -0.103971
7.05 0 -0.0376189 -0.0706326 -0.0988795
7.06 0 -0.0341408 -0.0656056 -0.0936062
7.07 0 -0.0306097 -0.0603607 -0.088107
7.08 0 -0.0271439 -0.0550004 -0.082384
7.09 0 -0.0238842 -0.0496972 -0.0764861
7.1 0 -0.0209609 -0.0446463 -0.0704875
7.11 0 -0.0184674 -0.0400152 -0.0644668
7.12 0 -0.0164562 -0.0359165 -0.0585028
7.13 0 -0.0149373 -0.0323983 -0.0526667
7.14 0 -0.0138801 -0.0294507 -0.047016
7.15 0 -0.0132293 -0.0270219 -0.0416055
7.16 0 -0.0129107 -0.0250234 -0.0364938
7.17 0 -0.0128225 -0.0233376 -0.031734
7.18 0 -0.0128377 -0.0218419 -0.0273704
7.19 0 -0.0128246 -0.0204345 -0.023446
7.2 0 -0.0126689 -0.0190366 -0.0200099
7.21 0 -0.0122838 -0.0175883 -0.017115
7.22 0 -0.0116068 -0.0160564 -0.0147931
7.23 0 -0.0105943 -0.0144299 -0.0130354
7.24 0 -0.00922341 -0.0127053 -0.0117856
7.25 0 -0.00749669 -0.0108731 -0.0109374
7.26 0 -0.00544076 -0.00890428 -0.0103367
7.27 0 -0.003121 -0.00674108 -0.0097917
7.28 0 -0.000662843 -0.00431142 -0.00908901
7.29 0 0.00178304 -0.00157588 -0.00800604
7.3 0 0.00410751 0.00143306 -0.00632465
7.31 0 0.00628027 0.00462177 -0.00385097
7.32 0 0.00833005 0.00788932 -0.000441007
7.33 0 0.0102789 0.0111862 0.00396631
7.34 0 0.0121042 0.0145372 0.00932989
7.35 0 0.0137606 0.0180249 0.0155234
7.36 0 0.0152365 0.0217516 0.0223802
7.37 0 0.016599 0.0257941 0.0297375
7.38 0 0.0179919 0.0301795 0.0374514
7.39 0 0.0195982 0.0348966 0.04539
7.4 0 0.0215961 0.0399247 0.0534321
7.41 0 0.0241172 0.0452619 0.0614746
7.42 0 0.0272226 0.0509335 0.069438
7.43 0 0.0308964 0.0569731 0.0772614
7.44 0 0.0350532 0.0633905 0.0848932
7.45 0 0.0395656 0.0701514 0.0923004
7.46 0 0.0442823 0.0771537 0.0994683
7.47 0 0.0490193 0.0842015 0.106376
7.48 0 0.0535851 0.0910369 0.113004
7.49 0 0.0578301 0.0974259 0.119366
7.5 0 0.061649 0.103213 0.125499
7.51 0 0.064953 0.108327 0.131427
7.52 0 0.0676659 0.11277 0.137143
7.53 0 0.0697402 0.116587 0.14262
7.54 0 0.0711735 0.119829 0.147821
7.55 0 0.0720129 0.122516 0.152712
7.56 0 0.0723439 0.12464 0.157258
7.57 0 0.0722647 0.126185 0.161407
7.58 0 0.0718568 0.127145 0.165079
7.59 0 0.0711675 0.12753 0.16816
7.6 0 0.0702092 0.127354 0.170508
7.61 0 0.06897 0.126623 0.171963
7.62 0 0.0674284 0.125317 0.172364
7.63 0 0.0655668 0.123383 0.171556
7.64 0 0.0633718 0.120735 0.169391
7.65 0 0.0608353 0.117261 0.165741
7.66 0 0.057969 0.112874 0.160526
7.67 0 0.0548215 0.107555 0.153751
7.68 0 0.0514823 0.101386 0.145523
7.69 0 0.0480556 0.0945432 0.136028
7.7 0 0.0446183 0.0872397 0.125486
7.71 0 0.0412041 0.0796773 0.114126
7.72 0 0.0378038 0.0720018 0.102162
7.73 0 0.0343757 0.0642803 0.0897874
7.74 0 0.0308733 0.0565182 0.0771847
7.75 0 0.0272637 0.0486882 0.0645307
7.76 0 0.0235248 0.0407608 0.0519855
7.77 0 0.0196327 0.032729 0.0396836
7.78 0 0.0155593 0.024608 0.02774
7.79 0 0.0112785 0.0164168 0.0162555
7.8 0 0.006761 0.00817253 0.00530638
7.81 0 0.00198899 -0.000106098 -0.00506674
7.82 0 -0.00297723 -0.00839762 -0.0148683
7.83 0 -0.00801829 -0.016659 -0.0241525
7.84 0 -0.0130761 -0.0247941 -0.0330178
7.85 0 -0.0181525 -0.032682 -0.0415767
7.86 0 -0.0232129 -0.0402422 -0.0499116
7.87 0 -0.0281574 -0.0474562 -0.0580557
7.88 0 -0.0328457 -0.0543462 -0.0660044
7.89 0 -0.0371408 -0.0609382 -0.0737388
7.9 0 -0.0409518 -0.067226 -0.0812466
7.91 0 -0.0442538 -0.073157 -0.0885268
7.92 0 -0.0470761 -0.078644 -0.09558
7.93 0 -0.0494734 -0.0835946 -0.102392
7.94 0 -0.0514926 -0.0879423 -0.108923
7.95 0 -0.0531502 -0.0916656 -0.115093
7.96 0 -0.0544354 -0.0947809 -0.120795
7.97 0 -0.0553274 -0.0973188 -0.125911
7.98 0 -0.0558163 -0.0993046 -0.130326
7.99 0 -0.0559213 -0.100751 -0.133942
8 0 -0.0556978 -0.101659 -0.136686
8.01 0 -0.0552304 -0.102026 -0.138516
8.02 0 -0.0546188 -0.101864 -0.139421
8.03 0 -0.0539602 -0.101226 -0.139414
8.04 0 -0.0533268 -0.100195 -0.138521
8.05 0 -0.0527463 -0.0988639 -0.136767
8.06 0 -0.0522044 -0.097302 -0.134185
8.07 0 -0.0516652 -0.0955386 -0.130833
8.08 0 -0.0510853 -0.0935569 -0.126795
8.09 0 -0.0504153 -0.0913021 -0.122182
8.1 0 -0.0495947 -0.0887036 -0.117109
8.11 0 -0.0485493 -0.0857002 -0.111684
8.12 0 -0.0471948 -0.0822573 -0.105996
8.13 0 -0.0454489 -0.0783704 -0.100113
8.14 0 -0.0432518 -0.0740602 -0.0940887
8.15 0 -0.0405833 -0.0693598 -0.0879655
8.16 0 -0.0374707 -0.0643062 -0.0817806
8.17 0 -0.0339825 -0.0589362 -0.0755623
8.18 0 -0.0302103 -0.0532882 -0.0693207
8.19 0 -0.0262472 -0.0474067 -0.0630393
8.2 0 -0.0221719 -0.0413448 -0.0566713
8.21 0 -0.0180464 -0.0351598 -0.0501474
8.22 0 -0.0139266 -0.0289048 -0.0433916
8.23 0 -0.0098704 -0.0226226 -0.0363386
8.24 0 -0.0059436 -0.0163418 -0.0289463
8.25 0 -0.00224476 -0.0100717 -0.0212025
8.26 0 0.00110437 -0.00382249 -0.0131137
8.27 0 0.00404367 0.00235344 -0.00468528
8.28 0 0.00663332 0.00835732 0.0040805
8.29 0 0.00902072 0.0140913 0.0131609
8.3 0 0.0113571 0.0195284 0.022476
8.31 0 0.0137335 0.0247589 0.0318687
8.32 0 0.0161827 0.0299677 0.0411261
8.33 0 0.0187246 0.0353582 0.0500419
8.34 0 0.0214097 0.0410576 0.05848
8.35 0 0.0243332 0.047059 0.0663948
8.36 0 0.027608 0.053243 0.0738079
8.37 0 0.0313069 0.0594495 0.0807693
8.38 0 0.0354082 0.065546 0.0873186
8.39 0 0.0397837 0.0714673 0.0934694
8.4 0 0.0442362 0.0772195 0.0992252
8.41 0 0.0485629 0.0828427 0.104611
8.42 0 0.0526104 0.0883552 0.109695
8.43 0 0.0563033 0.0937189 0.114594
8.44 0 0.059634 0.0988452 0.119451
8.45 0 0.0626242 0.103629 0.124397
8.46 0 0.0652797 0.107991 0.129508
8.47 0 0.0675623 0.111898 0.134776
8.48 0 0.0693932 0.115355 0.140115
8.49 0 0.0706877 0.118375 0.145387
8.5 0 0.0714007 0.120943 0.150446
8.51 0 0.0715511 0.123004 0.155168
8.52 0 0.0712119 0.124484 0.159447
8.53 0 0.0704813 0.125322 0.163179
8.54 0 0.0694532 0.125495 0.166254
8.55 0 0.0681982 0.125024 0.168551
8.56 0 0.0667578 0.123972 0.169945
8.57 0 0.0651534 0.122418 0.170312
8.58 0 0.0634051 0.120432 0.169547
8.59 0 0.0615504 0.118061 0.167577
8.6 0 0.0596506 0.115316 0.164379
8.61 0 0.0577853 0.11219 0.159994
8.62 0 0.0560435 0.108686 0.154539
8.63 0 0.0545079 0.104865 0.148204
8.64 0 0.0532201 0.100849 0.141217
8.65 0 0.0521474 0.096776 0.133796
8.66 0 0.0511889 0.0927618 0.126135
8.67 0 0.0502189 0.0888707 0.118405
8.68 0 0.0491284 0.0851054 0.110775
8.69 0 0.0478435 0.0814096 0.103405
8.7 0 0.0463195 0.077686 0.0964345
8.71 0 0.0445199 0.0738255 0.0899596
8.72 0 0.0423912 0.0697299 0.0840093
8.73 0 0.0398496 0.0653199 0.078531
8.74 0 0.0367988 0.0605384 0.0734035
8.75 0 0.0331735 0.0553586 0.0684707
8.76 0 0.028973 0.04978 0.0635679
8.77 0 0.024266 0.04381 0.0585294
8.78 0 0.0191773 0.0374537 0.0531913
8.79 0 0.0138728 0.0307205 0.0473983
8.8 0 0.00853785 0.0236434 0.0410134
8.81 0 0.00339337 0.0162905 0.0339303
8.82 0 -0.00128749 0.00878399 0.026089
8.83 0 -0.00529128 0.00135266 0.0174784
8.84 0 -0.00856458 -0.00568355 0.0081343
8.85 0 -0.0111579 -0.0120438 -0.00184371
8.86 0 -0.0131405 -0.0175996 -0.0122768
8.87 0 -0.0145713 -0.0223902 -0.0229101
8.88 0 -0.0155103 -0.0265897 -0.0334122
8.89 0 -0.016053 -0.0304566 -0.0434011
8.9 0 -0.0163818 -0.0342394 -0.0525482
8.91 0 -0.0167813 -0.038079 -0.0606777
8.92 0 -0.0175781 -0.0419809 -0.0677535
8.93 0 -0.0190345 -0.0458715 -0.0737987
8.94 0 -0.021262 -0.0496869 -0.0788293
8.95 0 -0.0241968 -0.05342 -0.08283
8.96 0 -0.0276338 -0.0571036 -0.085773
8.97 0 -0.0313012 -0.0607564 -0.0876689
8.98 0 -0.0349421 -0.0643314 -0.0886132
8.99 0 -0.0383675 -0.0676999 -0.0887989
9 0 -0.0414632 -0.0706824 -0.088492
9.01 0 -0.0441616 -0.0731155 -0.0879836
9.02 0 -0.0464033 -0.0749142 -0.0875417
9.03 0 -0.0481093 -0.0760913 -0.0873689
9.04 0 -0.0491812 -0.0767394 -0.0875807
9.05 0 -0.0495341 -0.0769883 -0.0882117
9.06 0 -0.0491423 -0.0769544 -0.0892391
9.07 0 -0.0480709 -0.0767047 -0.0906069
9.08 0 -0.0464787 -0.076254 -0.0922427
9.09 0 -0.0445871 -0.0755937 -0.0940602
9.1 0 -0.0426291 -0.0747357 -0.0959546
9.11 0 -0.0408028 -0.0737455 -0.0977974
9.12 0 -0.0392478 -0.0727449 -0.0994454
9.13 0 -0.0380482 -0.0718865 -0.10076
9.14 0 -0.0372516 -0.0713108 -0.101632
9.15 0 -0.0368886 -0.0711045 -0.101991
9.16 0 -0.0369808 -0.0712747 -0.10182
9.17 0 -0.0375317 -0.0717447 -0.101148
9.18 0 -0.0385027 -0.0723755 -0.100039
9.19 0 -0.0397914 -0.0730067 -0.0985697
9.2 0 -0.0412298 -0.0734991 -0.0968105
9.21 0 -0.0426089 -0.0737589 -0.0948285
9.22 0 -0.0437194 -0.0737377 -0.0926943
9.23 0 -0.0443924 -0.0734097 -0.090488
9.24 0 -0.0445247 -0.0727491 -0.0882982
9.25 0 -0.0440913 -0.0717259 -0.0862182
9.26 0 -0.043136 -0.0703199 -0.0843342
9.27 0 -0.0417408 -0.0685369 -0.0827021
9.28 0 -0.0399892 -0.066416 -0.0813206
9.29 0 -0.0379471 -0.0640283 -0.0801222
9.3 0 -0.0356696 -0.0614632 -0.0789881
9.31 0 -0.0332195 -0.0588046 -0.0777776
9.32 0 -0.0306846 -0.05611 -0.076357
9.33 0 -0.0281788 -0.0534029 -0.0746181
9.34 0 -0.0258263 -0.0506835 -0.0724836
9.35 0 -0.0237346 -0.0479485 -0.0699025
9.36 0 -0.0219706 -0.045209 -0.0668445
9.37 0 -0.0205481 -0.0424938 -0.0632977
9.38 0 -0.0194319 -0.0398381 -0.0592722
9.39 0 -0.0185517 -0.0372633 -0.0548053
9.4 0 -0.0178194 -0.0347589 -0.0499653
9.41 0 -0.0171413 -0.0322759 -0.0448472
9.42 0 -0.0164248 -0.0297358 -0.039561
9.43 0 -0.0155799 -0.0270499 -0.0342157
9.44 0 -0.0145186 -0.0241371 -0.0289067
9.45 0 -0.0131552 -0.0209333 -0.0237054
9.46 0 -0.0114082 -0.0173975 -0.0186485
9.47 0 -0.00920868 -0.0135121 -0.0137353
9.48 0 -0.00651498 -0.00927652 -0.008933
9.49 0 -0.00334326 -0.00469915 -0.00418609
9.5 0 0.000184987 0.000210413 0.000571687
9.51 0 0.00385822 0.00542215 0.00541566
9.52 0 0.00748964 0.0108371 0.0104367
9.53 0 0.0109874 0.016273 0.0157272
9.54 0 0.0143041 0.0215218 0.0213463
9.55 0 0.017374 0.026432 0.0272908
9.56 0 0.020108 0.0309545 0.0334916
9.57 0 0.0224265 0.0351325 0.0398342
9.58 0 0.0242954 0.0390498 0.0461843
9.59 0 0.0257471 0.0427719 0.0524101
9.6 0 0.0268798 0.0463106 0.0583982
9.61 0 0.0278291 0.0496271 0.0640565
9.62 0 0.0287317 0.052663 0.0693024
9.63 0 0.0296924 0.0553784 0.0740539
9.64 0 0.0307633 0.0577781 0.0782278
9.65 0 0.0319423 0.0599131 0.0817472
9.66 0 0.0331914 0.0618587 0.0845543
9.67 0 0.034465 0.063678 0.0866249
9.68 0 0.0357335 0.065389 0.0879798
9.69 0 0.0369882 0.066953 0.0886881
9.7 0 0.0382263 0.068291 0.0888539
9.71 0 0.0394297 0.0693228 0.0885947
9.72 0 0.0405498 0.0700044 0.0880231
9.73 0 0.041509 0.0703447 0.0872358
9.74 0 0.0422178 0.0703939 0.0863144
9.75 0 0.0425999 0.070214 0.0853294
9.76 0 0.0426123 0.0698449 0.0843424
9.77 0 0.042253 0.0692873 0.0834039
9.78 0 0.0415545 0.0685085 0.0825454
9.79 0 0.0405644 0.0674634 0.0817664
9.8 0 0.0393235 0.0661178 0.0810224
9.81 0 0.0378561 0.0644651 0.0802248
9.82 0 0.0361785 0.0625301 0.0792581
9.83 0 0.0343177 0.0603583 0.0780045
9.84 0 0.0323216 0.0579951 0.0763624
9.85 0 0.0302579 0.0554667 0.0742539
9.86 0 0.0282023 0.0527767 0.071627
9.87 0 0.026221 0.0499143 0.0684514
9.88 0 0.0243533 0.0468685 0.0647137
9.89 0 0.0226033 0.0436385 0.060416
9.9 0 0.0209407 0.0402354 0.0555767
9.91 0 0.0193164 0.0366783 0.0502381
9.92 0 0.0176822 0.0329878 0.0444749
9.93 0 0.016003 0.0291781 0.0383944
9.94 0 0.0142557 0.0252535 0.0321258
9.95 0 0.0124176 0.0212105 0.025802
9.96 0 0.0104552 0.0170456 0.0195421
9.97 0 0.00832235 0.0127627 0.0134388
9.98 0 0.00596797 0.00837557 0.00755014
9.99 0 0.0033619 0.0038945 0.00189896
10 0 0.000538016 -0.000682557 -0.00351637
10.01 0 -0.00239618 -0.00535295 -0.00871386
10.02 0 -0.00531412 -0.0100716 -0.0137287
10.03 0 -0.00814107 -0.0147279 -0.0186122
10.04 0 -0.010861 -0.0191738 -0.0234165
10.05 0 -0.0134621 -0.0232931 -0.0281718
10.06 0 -0.0159009 -0.0270517 -0.0328708
10.07 0 -0.0181088 -0.0304924 -0.0374714
10.08 0 -0.0200238 -0.033692 -0.0419153
10.09 0 -0.0216272 -0.0367167 -0.0461564
10.1 0 -0.0229627 -0.0395965 -0.0501819
10.11 0 -0.0241242 -0.0423223 -0.0540056
10.12 0 -0.0252156 -0.0448615 -0.0576422
10.13 0 -0.0263077 -0.0471822 -0.0610806
10.14 0 -0.0274098 -0.0492688 -0.0642678
10.15 0 -0.0284725 -0.0511209 -0.0671143
10.16 0 -0.0294169 -0.0527404 -0.069518
10.17 0 -0.0301707 -0.0541109 -0.0713911
10.18 0 -0.0306919 -0.0551832 -0.0726773
10.19 0 -0.0309753 -0.0558819 -0.0733564
10.2 0 -0.0310413 -0.0561291 -0.0734375
10.21 0 -0.0309115 -0.0558716 -0.0729415
10.22 0 -0.0305887 -0.0550998 -0.0718856
10.23 0 -0.0300554 -0.0538525 -0.070282
10.24 0 -0.0292888 -0.0522025 -0.0681471
10.25 0 -0.0282783 -0.0502275 -0.0655108
10.26 0 -0.0270334 -0.0479812 -0.0624192
10.27 0 -0.0255815 -0.0454785 -0.0589289
10.28 0 -0.0239554 -0.0427025 -0.0550969
10.29 0 -0.02218 -0.0396267 -0.0509711
10.3 0 -0.0202635 -0.03624 -0.0465843
10.31 0 -0.0181979 -0.0325587 -0.0419538
10.32 0 -0.0159676 -0.0286219 -0.0370858
10.33 0 -0.0135634 -0.0244776 -0.0319844
10.34 0 -0.0109924 -0.020166 -0.0266594
10.35 0 -0.00828212 -0.0157115 -0.0211324
10.36 0 -0.0054784 -0.0111292 -0.0154368
10.37 0 -0.00265886 -0.00643791 -0.00961551
10.38 0 5.65313e-05 -0.00167358 -0.00371782
10.39 0 0.00255303 0.00308636 0.00221114
10.4 0 0.00478326 0.00771379 0.00813845
10.41 0 0.00677357 0.0120574 0.0140324
10.42 0 0.00858152 0.0159922 0.0198363
10.43 0 0.0102408 0.0194642 0.0254465
10.44 0 0.011737 0.0225013 0.0307144
10.45 0 0.0130277 0.0251832 0.0354742
10.46 0 0.0140822 0.0275873 0.0395844
10.47 0 0.0149157 0.0297436 0.042959
10.48 0 0.0155959 0.0316232 0.0455731
10.49 0 0.0162162 0.0331607 0.0474469
10.5 0 0.0168533 0.0342949 0.0486213
10.51 0 0.0175333 0.0350067 0.0491368
10.52 0 0.0182273 0.0353377 0.0490321
10.53 0 0.0188747 0.0353799 0.0483585
10.54 0 0.019413 0.0352361 0.0471924
10.55 0 0.0198013 0.0349757 0.0456398
10.56 0 0.0200284 0.0346115 0.0438308
10.57 0 0.0201001 0.0341037 0.0419005
10.58 0 0.0200177 0.0333899 0.0399668
10.59 0 0.0197638 0.0324268 0.0381145
10.6 0 0.0193009 0.0312153 0.0363881
10.61 0 0.0185835 0.0297979 0.0347942
10.62 0 0.0175816 0.0282362 0.0333136
10.63 0 0.0163024 0.0265822 0.0319158
10.64 0 0.014797 0.0248587 0.0305666
10.65 0 0.013147 0.0230576 0.0292262
10.66 0 0.0114409 0.021155 0.0278425
10.67 0 0.00975116 0.0191355 0.0263466
10.68 0 0.00812257 0.0170089 0.0246573
10.69 0 0.00657517 0.0148105 0.022694
10.7 0 0.00512655 0.0125863 0.0203961
10.71 0 0.00381319 0.0103751 0.0177382
10.72 0 0.00268261 0.00820544 0.0147363
10.73 0 0.00177364 0.00610229 0.011445
10.74 0 0.00109963 0.00409302 0.00794851
10.75 0 0.000637342 0.00220877 0.0043508
10.76 0 0.000330339 0.000477839 0.000767902
10.77 0 0.000101467 -0.00108842 -0.0026809
10.78 0 -0.000134608 -0.00251022 -0.00588561
10.79 0 -0.000462445 -0.00384572 -0.00876047
10.8 0 -0.000958258 -0.00518178 -0.0112561
10.81 0 -0.00167889 -0.00660787 -0.0133623
10.82 0 -0.00265244 -0.00818763 -0.0151061
10.83 0 -0.00387705 -0.00993945 -0.0165467
10.84 0 -0.00531985 -0.0118293 -0.0177647
10.85 0 -0.00692053 -0.0137817 -0.0188484
10.86 0 -0.00860265 -0.0157034 -0.0198817
10.87 0 -0.0102724 -0.0175117 -0.020931
10.88 0 -0.0118169 -0.0191574 -0.0220388
10.89 0 -0.0131263 -0.0206278 -0.0232309
10.9 0 -0.0141225 -0.021932 -0.0245263
10.91 0 -0.0147798 -0.0230823 -0.0259437
10.92 0 -0.0151289 -0.024087 -0.0275007
10.93 0 -0.0152427 -0.0249521 -0.0292054
10.94 0 -0.0152104 -0.0256908 -0.0310425
10.95 0 -0.0151163 -0.0263345 -0.0329681
10.96 0 -0.0150294 -0.0269365 -0.0349148
10.97 0 -0.015002 -0.0275622 -0.0368047
10.98 0 -0.0150764 -0.0282717 -0.0385662
10.99 0 -0.0152933 -0.0291018 -0.0401479
11 0 -0.0156935 -0.0300613 -0.0415268
11.01 0 -0.0163123 -0.0311395 -0.0427085
11.02 0 -0.017167 -0.0323178 -0.0437201
11.03 0 -0.0182434 -0.0335782 -0.0445991
11.04 0 -0.0194903 -0.0349044 -0.0453835
11.05 0 -0.0208227 -0.0362721 -0.0461041
11.06 0 -0.0221334 -0.0376356 -0.0467811
11.07 0 -0.0233123 -0.0389243 -0.047427
11.08 0 -0.0242685 -0.0400561 -0.0480553
11.09 0 -0.0249455 -0.0409566 -0.0486844
11.1 0 -0.0253206 -0.0415747 -0.04933
11.11 0 -0.0253934 -0.0418902 -0.0499929
11.12 0 -0.0251791 -0.0419154 -0.0506525
11.13 0 -0.0247078 -0.0416905 -0.0512696
11.14 0 -0.0240244 -0.0412681 -0.0517913
11.15 0 -0.0231847 -0.0406935 -0.052156
11.16 0 -0.0222489 -0.0399891 -0.0522966
11.17 0 -0.0212723 -0.0391527 -0.0521437
11.18 0 -0.0202992 -0.0381671 -0.05163
11.19 0 -0.0193607 -0.0370149 -0.050698
11.2 0 -0.0184726 -0.035688 -0.0493055
11.21 0 -0.0176337 -0.0341895 -0.0474286
11.22 0 -0.0168288 -0.0325293 -0.0450651
11.23 0 -0.0160355 -0.0307185 -0.0422392
11.24 0 -0.0152299 -0.0287632 -0.0390013
11.25 0 -0.0143873 -0.0266598 -0.0354222
11.26 0 -0.0134787 -0.0243951 -0.0315843
11.27 0 -0.0124669 -0.0219516 -0.0275724
11.28 0 -0.0113057 -0.0193157 -0.0234639
11.29 0 -0.00994623 -0.0164813 -0.0193217
11.3 0 -0.00834799 -0.013452 -0.015192
11.31 0 -0.0064889 -0.0102415 -0.0111058
11.32 0 -0.00437677 -0.00686501 -0.00707845
11.33 0 -0.00206788 -0.00333179 -0.00311025
11.34 0 0.000329929 0.00034806 0.000815023
11.35 0 0.00269885 0.00414026 0.00473707
11.36 0 0.00496728 0.00796991 0.00872112
11.37 0 0.0071312 0.011734 0.0128443
11.38 0 0.00922798 0.0153425 0.0171684
11.39 0 0.0112821 0.0187643 0.0217116
11.4 0 0.0132744 0.0220418 0.0264374
11.41 0 0.0151551 0.0252625 0.0312641
11.42 0 0.0168747 0.0285041 0.0360887
11.43 0 0.0184107 0.0317787 0.0408097
11.44 0 0.0197778 0.0350128 0.0453411
11.45 0 0.0210221 0.0380749 0.0496159
11.46 0 0.0222003 0.0408347 0.0535794
11.47 0 0.0233519 0.0432186 0.0571793
11.48 0 0.0244831 0.0452353 0.0603597
11.49 0 0.0255718 0.0469622 0.0630673
11.5 0 0.0265901 0.0485036 0.0652681
11.51 0 0.0275266 0.0499413 0.0669607
11.52 0 0.0283922 0.0512976 0.0681763
11.53 0 0.0292077 0.0525274 0.0689672
11.54 0 0.0299834 0.0535428 0.0693901
11.55 0 0.0306994 0.0542548 0.0694904
11.56 0 0.0312997 0.0546084 0.0692944
11.57 0 0.0317032 0.0545959 0.0688118
11.58 0 0.0318285 0.0542462 0.0680469
11.59 0 0.031623 0.0536 0.0670125
11.6 0 0.0310797 0.0526866 0.0657375
11.61 0 0.0302384 0.0515152 0.0642647
11.62 0 0.0291682 0.0500832 0.0626387
11.63 0 0.0279413 0.0483936 0.0608899
11.64 0 0.0266135 0.046471 0.0590244
11.65 0 0.0252179 0.0443685 0.0570258
11.66 0 0.0237734 0.0421573 0.0548659
11.67 0 0.0222975 0.0399066 0.052519
11.68 0 0.0208177 0.0376632 0.049974
11.69 0 0.0193713 0.0354413 0.0472373
11.7 0 0.0179952 0.0332241 0.044327
11.71 0 0.0167107 0.0309798 0.0412631
11.72 0 0.0155131 0.0286807 0.0380616
11.73 0 0.0143675 0.0263132 0.0347309
11.74 0 0.0132183 0.0238762 0.0312747
11.75 0 0.0120076 0.0213729 0.0277019
11.76 0 0.0106934 0.0188044 0.0240356
11.77 0 0.00925882 0.0161675 0.0203168
11.78 0 0.00771186 0.0134576 0.0165988
11.79 0 0.00607729 0.0106757 0.0129365
11.8 0 0.00439116 0.00783323 0.00937478
11.81 0 0.00269998 0.00495377 0.00593833
11.82 0 0.00105167 0.00207622 0.00262757
11.83 0 -0.000516338 -0.000744466 -0.000578067
11.84 0 -0.00198201 -0.00344566 -0.00371041
11.85 0 -0.00333637 -0.00597046 -0.00679778
11.86 0 -0.00457421 -0.0082824 -0.00985056
11.87 0 -0.0056834 -0.0103752 -0.0128537
11.88 0 -0.00665211 -0.0122684 -0.0157699
11.89 0 -0.00748364 -0.0139953 -0.0185514
11.9 0 -0.00819827 -0.0155909 -0.0211516
11.91 0 -0.00883283 -0.0170844 -0.0235357
11.92 0 -0.00943827 -0.0184945 -0.0256851
11.93 0 -0.0100678 -0.0198318 -0.0275949
11.94 0 -0.0107618 -0.0211035 -0.0292669
11.95 0 -0.0115377 -0.0223176 -0.0307061
11.96 0 -0.012387 -0.0234826 -0.0319192
11.97 0 -0.013279 -0.0246018 -0.0329152
11.98 0 -0.0141682 -0.0256653 -0.0337065
11.99 0 -0.0150048 -0.0266464 -0.034312
12 0 -0.0157438 -0.0275057 -0.0347578
12.01 0 -0.0163487 -0.0281989 -0.0350738
12.02 0 -0.0167918 -0.0286895 -0.0352891
12.03 0 -0.017055 -0.02896 -0.035428
12.04 0 -0.0171303 -0.0290163 -0.0355072
12.05 0 -0.01702 -0.0288833 -0.0355333
12.06 0 -0.0167376 -0.0285947 -0.0355034
12.07 0 -0.0163083 -0.0281819 -0.0354062
12.08 0 -0.0157675 -0.0276675 -0.0352247
12.09 0 -0.0151563 -0.0270638 -0.0349382
12.1 0 -0.0145145 -0.0263755 -0.0345221
12.11 0 -0.0138713 -0.0256035 -0.0339476
12.12 0 -0.0132418 -0.024748 -0.0331825
12.13 0 -0.0126277 -0.0238099 -0.0321969
12.14 0 -0.0120221 -0.02279 -0.0309692
12.15 0 -0.0114163 -0.021688 -0.0294924
12.16 0 -0.0108029 -0.0205006 -0.0277762
12.17 0 -0.0101733 -0.0192202 -0.0258436
12.18 0 -0.00951511 -0.0178358 -0.0237249
12.19 0 -0.00881137 -0.0163391 -0.0214543
12.2 0 -0.00804176 -0.0147287 -0.0190663
12.21 0 -0.00718517 -0.0130091 -0.0165936
12.22 0 -0.00622483 -0.0111884 -0.0140663
12.23 0 -0.0051572 -0.00927618 -0.0115138
12.24 0 -0.00400168 -0.00728289 -0.00896412
12.25 0 -0.00279692 -0.0052222 -0.00643975
12.26 0 -0.00158642 -0.00311829 -0.00395245
12.27 0 -0.000408503 -0.00100852 -0.00150154
12.28 0 0.000711596 0.00106261 0.000925852
12.29 0 0.00176361 0.00305351 0.00334883
12.3 0 0.00274629 0.00493547 0.00578247
12.31 0 0.0036635 0.00670176 0.00823155
12.32 0 0.0045217 0.00837257 0.0106908
12.33 0 0.0053298 0.00998792 0.0131473
12.34 0 0.00610399 0.0115896 0.0155839
12.35 0 0.00687257 0.0132059 0.0179828
12.36 0 0.00767241 0.0148474 0.0203289
12.37 0 0.00853717 0.0165125 0.0226097
12.38 0 0.00948678 0.0181947 0.0248133
12.39 0 0.0105231 0.0198885 0.0269277
12.4 0 0.0116318 0.0215917 0.0289439
12.41 0 0.0127881 0.0233042 0.0308583
12.42 0 0.0139618 0.0250209 0.0326746
12.43 0 0.015122 0.0267239 0.0344025
12.44 0 0.0162372 0.0283789 0.0360532
12.45 0 0.0172731 0.029938 0.0376323
12.46 0 0.0181907 0.0313471 0.0391341
12.47 0 0.0189482 0.0325568 0.0405402
12.48 0 0.0195081 0.0335292 0.0418216
12.49 0 0.0198413 0.0342392 0.0429404
12.5 0 0.0199321 0.0346706 0.043853
12.51 0 0.0197813 0.0348137 0.0445141
12.52 0 0.0194074 0.0346638 0.0448814
12.53 0 0.0188419 0.0342194 0.0449154
12.54 0 0.018121 0.0334825 0.0445783
12.55 0 0.0172795 0.0324615 0.0438346
12.56 0 0.0163462 0.0311725 0.0426534
12.57 0 0.0153434 0.0296378 0.0410135
12.58 0 0.0142895 0.027884 0.0389091
12.59 0 0.0132018 0.0259385 0.0363546
12.6 0 0.0120947 0.023825 0.0333841
12.61 0 0.010976 0.0215605 0.0300471
12.62 0 0.00984346 0.0191571 0.0264044
12.63 0 0.00868165 0.0166256 0.0225225
12.64 0 0.00746196 0.0139754 0.0184695
12.65 0 0.00614772 0.0112115 0.0143101
12.66 0 0.00470776 0.00833128 0.0101028
12.67 0 0.00313368 0.00532527 0.00589748
12.68 0 0.00144184 0.00218479 0.00173055
12.69 0 -0.000338295 -0.00108533 -0.00238155
12.7 0 -0.00217541 -0.00445756 -0.00644412
12.71 0 -0.00404885 -0.00787865 -0.0104788
12.72 0 -0.00595087 -0.0112799 -0.0145115
12.73 0 -0.007878 -0.0145972 -0.0185573
12.74 0 -0.00981782 -0.0177884 -0.022606
12.75 0 -0.0117289 -0.0208441 -0.026615
12.76 0 -0.0135438 -0.0237797 -0.0305181
12.77 0 -0.0151987 -0.0266065 -0.034245
12.78 0 -0.0166584 -0.0293071 -0.0377403
12.79 0 -0.0179242 -0.0318312 -0.0409715
12.8 0 -0.0190237 -0.0341094 -0.0439243
12.81 0 -0.01999 -0.0360788 -0.0465885
12.82 0 -0.0208424 -0.0377067 -0.0489452
12.83 0 -0.0215783 -0.0390023 -0.0509637
12.84 0 -0.0221801 -0.0400088 -0.0526077
12.85 0 -0.0226286 -0.0407787 -0.0538455
12.86 0 -0.0229168 -0.0413464 -0.0546593
12.87 0 -0.0230565 -0.0417142 -0.0550498
12.88 0 -0.0230744 -0.0418553 -0.0550349
12.89 0 -0.0229983 -0.0417317 -0.0546417
12.9 0 -0.0228417 -0.0413165 -0.0538961
12.91 0 -0.0225966 -0.0406092 -0.0528174
12.92 0 -0.0222345 -0.039634 -0.0514169
12.93 0 -0.0217157 -0.0384225 -0.0496997
12.94 0 -0.0210034 -0.0369943 -0.0476717
12.95 0 -0.0200774 -0.0353451 -0.0453455
12.96 0 -0.0189389 -0.0334494 -0.0427423
12.97 0 -0.0176055 -0.0312742 -0.0398873
12.98 0 -0.0160988 -0.0287962 -0.0368002
12.99 0 -0.0144341 -0.026017 -0.0334894
13 0 -0.0126195 -0.0229688 -0.029954
13.01 0 -0.0106624 -0.0197076 -0.0261906
13.02 0 -0.00857924 -0.016296 -0.0222028
13.03 0 -0.00640406 -0.0127918 -0.0180084
13.04 0 -0.00419971 -0.009237 -0.0136413
13.05 0 -0.00206087 -0.0056518 -0.00914299
13.06 0 -8.20905e-05 -0.00204966 -0.00454811
13.07 0 0.00168471 0.00153563 0.000124053
13.08 0 0.00325103 0.00503797 0.00486496
13.09 0 0.00467475 0.00837735 0.0096602
13.1 0 0.00601731 0.0114954 0.0144691
13.11 0 0.00731743 0.014378 0.0192127
13.12 0 0.00858617 0.017055 0.0237781
13.13 0 0.00981138 0.0195804 0.0280371
13.14 0 0.0109774 0.0220011 0.0318755
13.15 0 0.0120881 0.0243306 0.0352188
13.16 0 0.013174 0.0265417 0.03804
13.17 0 0.0142798 0.0285816 0.0403515
13.18 0 0.0154386 0.0303968 0.0421867
13.19 0 0.0166484 0.0319561 0.0435831
13.2 0 0.0178658 0.0332615 0.0445741
13.21 0 0.0190179 0.0343413 0.0451922
13.22 0 0.0200273 0.0352286 0.0454777
13.23 0 0.020836 0.0359378 0.0454861
13.24 0 0.0214153 0.0364542 0.0452876
13.25 0 0.0217608 0.0367404 0.0449563
13.26 0 0.0218799 0.0367575 0.0445556
13.27 0 0.0217805 0.0364891 0.0441273
13.28 0 0.0214664 0.0359545 0.0436873
13.29 0 0.0209406 0.035204 0.0432271
13.3 0 0.0202131 0.0342991 0.0427206
13.31 0 0.0193119 0.0332913 0.0421361
13.32 0 0.0182895 0.0322113 0.0414458
13.33 0 0.0172179 0.031069 0.0406297
13.34 0 0.0161706 0.0298635 0.0396703
13.35 0 0.0152041 0.028597 0.0385472
13.36 0 0.014346 0.0272844 0.0372361
13.37 0 0.0135947 0.0259508 0.0357114
13.38 0 0.0129259 0.0246178 0.0339529
13.39 0 0.0123053 0.0232894 0.0319534
13.4 0 0.0117008 0.0219455 0.0297256
13.41 0 0.0110861 0.020547 0.0273032
13.42 0 0.0104375 0.0190489 0.0247331
13.43 0 0.0097265 0.0174138 0.0220649
13.44 0 0.00891668 0.0156212 0.0193397
13.45 0 0.00796745 0.0136708 0.0165869
13.46 0 0.00684487 0.0115773 0.0138254
13.47 0 0.0055336 0.00936196 0.0110692
13.48 0 0.0040537 0.00704108 0.00833026
13.49 0 0.00246731 0.00462327 0.00561654
13.5 0 0.000859024 0.00212061 0.00292427
13.51 0 -0.000693146 -0.000436594 0.000231108
13.52 0 -0.00214279 -0.00299403 -0.00250408
13.53 0 -0.00348259 -0.00548277 -0.00533016
13.54 0 -0.00472679 -0.00784297 -0.00828424
13.55 0 -0.00588604 -0.0100468 -0.0113728
13.56 0 -0.00695929 -0.0121046 -0.0145637
13.57 0 -0.00793942 -0.0140554 -0.0177923
13.58 0 -0.00882228 -0.0159495 -0.02098
13.59 0 -0.00962105 -0.0178258 -0.0240533
13.6 0 -0.0103739 -0.0196965 -0.0269568
13.61 0 -0.0111383 -0.0215473 -0.0296568
13.62 0 -0.0119737 -0.0233511 -0.0321383
13.63 0 -0.0129202 -0.0250847 -0.0343953
13.64 0 -0.0139841 -0.0267421 -0.0364218
13.65 0 -0.0151358 -0.0283324 -0.0382092
13.66 0 -0.0163167 -0.0298642 -0.0397461
13.67 0 -0.0174559 -0.0313265 -0.0410252
13.68 0 -0.0184917 -0.0326828 -0.0420542
13.69 0 -0.0193859 -0.0338782 -0.0428617
13.7 0 -0.0201243 -0.0348576 -0.0434932
13.71 0 -0.0207062 -0.035586 -0.0439983
13.72 0 -0.0211296 -0.0360604 -0.0444157
13.73 0 -0.0213844 -0.0363092 -0.0447641
13.74 0 -0.0214576 -0.0363784 -0.0450441
13.75 0 -0.0213454 -0.0363137 -0.0452457
13.76 0 -0.0210628 -0.0361437 -0.045357
13.77 0 -0.0206437 -0.0358724 -0.0453659
13.78 0 -0.0201322 -0.0354846 -0.0452585
13.79 0 -0.0195708 -0.0349611 -0.0450157
13.8 0 -0.0189896 -0.0342933 -0.0446102
13.81 0 -0.0184002 -0.0334881 -0.0440068
13.82 0 -0.0177964 -0.0325628 -0.0431654
13.83 0 -0.0171644 -0.031535 -0.0420513
13.84 0 -0.0164959 -0.030415 -0.0406465
13.85 0 -0.0157946 -0.0292004 -0.0389555
13.86 0 -0.0150731 -0.0278792 -0.0370032
13.87 0 -0.0143431 -0.0264367 -0.0348273
13.88 0 -0.0136043 -0.0248643 -0.0324675
13.89 0 -0.0128365 -0.0231633 -0.0299572
13.9 0 -0.0120028 -0.0213423 -0.0273218
13.91 0 -0.0110608 -0.0194099 -0.0245817
13.92 0 -0.00997504 -0.0173658 -0.0217547
13.93 0 -0.00872535 -0.015197 -0.0188576
13.94 0 -0.00730829 -0.0128835 -0.0159048
13.95 0 -0.00573338 -0.0104073 -0.0129042
13.96 0 -0.00403088 -0.00775926 -0.00985528
13.97 0 -0.00225944 -0.00494734 -0.00674946
13.98 0 -0.000490141 -0.0020079 -0.00356811
13.99 0 0.00121455 0.00099169 -0.000283534
14 0 0.00281824 0.00396397 0.00313495
14.01 0 0.00431304 0.00682645 0.00670978
14.02 0 0.00570501 0.00953127 0.0104426
14.03 0 0.00700517 0.0120783 0.0143056
14.04 0 0.00822467 0.0145077 0.0182401
14.05 0 0.00937128 0.0168802 0.0221661
14.06 0 0.0104586 0.0192503 0.0260001
14.07 0 0.0115183 0.0216439 0.0296727
14.08 0 0.0125984 0.0240508 0.0331368
14.09 0 0.0137473 0.0264341 0.0363643
14.1 0 0.0149932 0.0287452 0.0393343
14.11 0 0.0163283 0.0309391 0.0420217
14.12 0 0.0177082 0.0329849 0.0443963
14.13 0 0.0190672 0.034868 0.0464328
14.14 0 0.0203407 0.0365821 0.0481227
14.15 0 0.021482 0.0381162 0.0494805
14.16 0 0.0224665 0.0394476 0.0505416
14.17 0 0.0232868 0.0405469 0.0513536
14.18 0 0.0239432 0.0413902 0.0519664
14.19 0 0.0244323 0.0419689 0.0524191
14.2 0 0.0247397 0.0422899 0.0527309
14.21 0 0.0248414 0.042369 0.0528986
14.22 0 0.0247144 0.0422197 0.0529026
14.23 0 0.0243489 0.0418457 0.0527163
14.24 0 0.0237564 0.0412385 0.0523136
14.25 0 0.0229685 0.0403837 0.0516724
14.26 0 0.022029 0.0392726 0.0507733
14.27 0 0.020983 0.0379123 0.0495971
14.28 0 0.0198686 0.0363307 0.0481247
14.29 0 0.018716 0.0345732 0.0463401
14.3 0 0.0175492 0.03269 0.0442354
14.31 0 0.0163895 0.0307242 0.0418155
14.32 0 0.0152571 0.0287045 0.0391028
14.33 0 0.0141688 0.0266431 0.0361357
14.34 0 0.0131316 0.0245385 0.0329627
14.35 0 0.012135 0.0223807 0.0296351
14.36 0 0.0111477 0.0201586 0.0262012
14.37 0 0.0101207 0.0178644 0.0227031
14.38 0 0.00899883 0.015492 0.0191769
14.39 0 0.007734 0.0130322 0.0156535
14.4 0 0.00629509 0.0104696 0.012159
14.41 0 0.00467668 0.00778408 0.00871344
14.42 0 0.0029086 0.00495612 0.00532638
14.43 0 0.00105149 0.00197793 0.00198983
14.44 0 -0.000827163 -0.00113005 -0.00132759
14.45 0 -0.00267797 -0.00431065 -0.00467831
14.46 0 -0.00447856 -0.00747884 -0.00812195
14.47 0 -0.00622431 -0.0105474 -0.0117042
14.48 0 -0.00791233 -0.0134566 -0.015437
14.49 0 -0.00952556 -0.0161944 -0.01929
14.5 0 -0.0110281 -0.0187979 -0.0231966
14.51 0 -0.0123842 -0.0213284 -0.0270741
14.52 0 -0.0135853 -0.0238334 -0.0308465
14.53 0 -0.0146635 -0.0263187 -0.0344596
14.54 0 -0.0156808 -0.0287464 -0.0378818
14.55 0 -0.0167035 -0.0310569 -0.0410938
14.56 0 -0.0177757 -0.0331989 -0.0440732
14.57 0 -0.0189031 -0.0351521 -0.0467866
14.58 0 -0.0200552 -0.0369319 -0.0491942
14.59 0 -0.0211842 -0.0385741 -0.0512613
14.6 0 -0.0222482 -0.0401102 -0.0529727
14.61 0 -0.0232267 -0.0415474 -0.0543419
14.62 0 -0.0241216 -0.0428629 -0.0554087
14.63 0 -0.0249447 -0.0440138 -0.0562276
14.64 0 -0.0256996 -0.044958 -0.0568513
14.65 0 -0.0263691 -0.0456724 -0.0573177
14.66 0 -0.0269143 -0.04616 -0.0576453
14.67 0 -0.0272864 -0.0464427 -0.0578377
14.68 0 -0.0274462 -0.0465455 -0.0578928
14.69 0 -0.0273787 -0.0464813 -0.057812
14.7 0 -0.0270974 -0.0462443 -0.0576012
14.71 0 -0.0266364 -0.0458149 -0.0572659
14.72 0 -0.026036 -0.0451738 -0.0568034
14.73 0 -0.0253298 -0.0443172 -0.0561981
14.74 0 -0.0245392 -0.0432642 -0.0554207
14.75 0 -0.0236751 -0.0420507 -0.0544346
14.76 0 -0.0227455 -0.0407167 -0.0532044
14.77 0 -0.0217632 -0.0392904 -0.0517049
14.78 0 -0.0207497 -0.0377807 -0.0499265
14.79 0 -0.0197316 -0.0361794 -0.0478762
14.8 0 -0.018732 -0.034471 -0.0455719
14.81 0 -0.0177592 -0.0326426 -0.043035
14.82 0 -0.0168012 -0.030692 -0.0402851
14.83 0 -0.0158279 -0.0286277 -0.0373413
14.84 0 -0.0148005 -0.0264611 -0.0342237
14.85 0 -0.0136804 -0.0241959 -0.0309555
14.86 0 -0.0124369 -0.0218208 -0.0275635
14.87 0 -0.0110516 -0.0193135 -0.0240794
14.88 0 -0.00952043 -0.0166514 -0.0205363
14.89 0 -0.00785071 -0.0138258 -0.0169643
14.9 0 -0.00605683 -0.010853 -0.0133857
14.91 0 -0.00416701 -0.00776988 -0.00981239
14.92 0 -0.00223437 -0.00461987 -0.00624452
14.93 0 -0.000330304 -0.00144674 -0.00267068
14.94 0 0.00147517 0.00170059 0.000929254
14.95 0 0.00313786 0.00476335 0.00457817
14.96 0 0.00464701 0.0076802 0.00829157
14.97 0 0.00601056 0.010404 0.012064
14.98 0 0.00724318 0.0129147 0.0158598
14.99 0 0.00835879 0.0152259 0.0196149
15 0 0.00936722 0.0173793 0.0232481
15.01 0 0.0102827 0.0194253 0.0266776
15.02 0 0.011135 0.0214003 0.0298374
15.03 0 0.0119704 0.023314 0.0326862
15.04 0 0.0128392 0.0251516 0.0352064
15.05 0 0.0137785 0.0268868 0.0373942
15.06 0 0.0147997 0.0284983 0.0392524
15.07 0 0.0158839 0.0299774 0.0407859
15.08 0 0.0169873 0.0313272 0.0420034
15.09 0 0.0180519 0.0325507 0.0429204
15.1 0 0.0190209 0.0336398 0.043564
15.11 0 0.0198521 0.0345714 0.0439757
15.12 0 0.0205204 0.0353114 0.0442069
15.13 0 0.0210133 0.035826 0.0443104
15.14 0 0.0213235 0.0360977 0.0443308
15.15 0 0.0214439 0.0361328 0.0442973
15.16 0 0.0213674 0.0359588 0.0442199
15.17 0 0.0210923 0.0356124 0.0440929
15.18 0 0.0206292 0.0351263 0.0438998
15.19 0 0.0200038 0.0345175 0.0436178
15.2 0 0.0192536 0.0337853 0.0432196
15.21 0 0.018422 0.0329183 0.0426748
15.22 0 0.0175505 0.0319076 0.04195
15.23 0 0.0166705 0.0307567 0.0410103
15.24 0 0.0157992 0.0294832 0.0398207
15.25 0 0.01494 0.0281108 0.0383507
15.26 0 0.0140898 0.0266593 0.0365815
15.27 0 0.0132462 0.0251382 0.0345128
15.28 0 0.0124121 0.0235453 0.0321664
15.29 0 0.0115904 0.0218708 0.0295826
15.3 0 0.010775 0.0201038 0.0268114
15.31 0 0.00994699 0.0182398 0.0239053
15.32 0 0.00907736 0.0162851 0.0209156
15.33 0 0.00813307 0.0142529 0.0178897
15.34 0 0.0070836 0.012155 0.0148687
15.35 0 0.00590758 0.00999567 0.0118864
15.36 0 0.00460423 0.00777096 0.00897066
15.37 0 0.0032042 0.00547448 0.00614315
15.38 0 0.00176023 0.0031089 0.00341283
15.39 0 0.000327703 0.000699154 0.000771008
15.4 0 -0.00104652 -0.00170149 -0.00180573
15.41 0 -0.00233066 -0.00401919 -0.00434734
15.42 0 -0.00350725 -0.00617898 -0.00687829
15.43 0 -0.00456162 -0.0081265 -0.00940364
15.44 0 -0.00547249 -0.00984324 -0.0119027
15.45 0 -0.00622067 -0.011346 -0.014334
15.46 0 -0.0068043 -0.0126715 -0.0166466
15.47 0 -0.00724446 -0.0138601 -0.0187921
15.48 0 -0.00758409 -0.0149423 -0.0207328
15.49 0 -0.00787974 -0.0159322 -0.0224434
15.5 0 -0.00818666 -0.0168299 -0.0239064
15.51 0 -0.00854461 -0.017631 -0.0251084
15.52 0 -0.00896873 -0.0183358 -0.0260376
15.53 0 -0.00944754 -0.018949 -0.0266843
15.54 0 -0.00994859 -0.0194738 -0.0270433
15.55 0 -0.0104297 -0.019904 -0.0271205
15.56 0 -0.0108505 -0.0202203 -0.0269362
15.57 0 -0.0111783 -0.0203926 -0.0265253
15.58 0 -0.0113888 -0.0203878 -0.0259316
15.59 0 -0.0114635 -0.0201817 -0.0252013
15.6 0 -0.0113881 -0.0197689 -0.0243761
15.61 0 -0.0111524 -0.0191655 -0.0234897
15.62 0 -0.0107529 -0.018403 -0.0225654
15.63 0 -0.010196 -0.0175181 -0.0216172
15.64 0 -0.00950118 -0.016542 -0.020651
15.65 0 -0.00869923 -0.0154955 -0.019666
15.66 0 -0.00782747 -0.0143897 -0.0186539
15.67 0 -0.00692225 -0.0132288 -0.0175985
15.68 0 -0.00601328 -0.0120171 -0.0164762
15.69 0 -0.005127 -0.0107619 -0.0152606
15.7 0 -0.00429156 -0.00947388 -0.0139261
15.71 0 -0.00352907 -0.00816928 -0.0124515
15.72 0 -0.0028464 -0.00686819 -0.0108219
15.73 0 -0.00223733 -0.00558656 -0.00903228
15.74 0 -0.0016892 -0.00432782 -0.00709014
15.75 0 -0.0011862 -0.00308117 -0.0050166
15.76 0 -0.00070987 -0.00182678 -0.002845
15.77 0 -0.00023921 -0.000543876 -0.000616888
15.78 0 0.00024876 0.000781445 0.00162313
15.79 0 0.000777308 0.00215218 0.00383249
15.8 0 0.00136689 0.00356155 0.00597494
15.81 0 0.00203099 0.0049978 0.00802322
15.82 0 0.00277339 0.00644886 0.00996021
15.83 0 0.00358824 0.00790372 0.0117782
15.84 0 0.00445841 0.00935 0.0134753
15.85 0 0.00535444 0.0107714 0.015053
15.86 0 0.00624288 0.0121455 0.0165156
15.87 0 0.00709678 0.013443 0.0178701
15.88 0 0.00789563 0.0146333 0.0191232
15.89 0 0.00861924 0.0156936 0.0202791
15.9 0 0.00924732 0.0166147 0.0213388
15.91 0 0.00976411 0.0174001 0.022302
15.92 0 0.0101621 0.0180598 0.023168
15.93 0 0.010443 0.018603 0.0239349
15.94 0 0.0106176 0.0190334 0.0245998
15.95 0 0.0107031 0.0193508 0.0251583
15.96 0 0.0107175 0.0195529 0.025602
15.97 0 0.0106743 0.0196381 0.0259167
15.98 0 0.0105815 0.0196087 0.0260845
15.99 0 0.0104431 0.0194716 0.0260876
16 0 0.0102633 0.0192366 0.0259132
16.01 0 0.010048 0.0189132 0.0255561
16.02 0 0.00980457 0.0185071 0.0250192
16.03 0 0.00953882 0.0180189 0.0243117
16.04 0 0.00925162 0.0174453 0.0234455
16.05 0 0.00893636 0.0167804 0.0224327
16.06 0 0.00857925 0.0160183 0.0212843
16.07 0 0.00816268 0.0151539 0.0200105
16.08 0 0.00767002 0.0141843 0.0186228
16.09 0 0.00708923 0.0131077 0.0171334
16.1 0 0.00641415 0.0119225 0.0155551
16.11 0 0.00564393 0.0106263 0.0138979
16.12 0 0.00478703 0.00921656 0.0121675
16.13 0 0.00386425 0.00769283 0.0103647
16.14 0 0.00289927 0.00606268 0.00848268
16.15 0 0.00191115 0.00434468 0.00650759
16.16 0 0.000918563 0.00256689 0.00442458
16.17 0 -5.77237e-05 0.000761754 0.00222372
16.18 0 -0.000997563 -0.00103975 -9.57655e-05
16.19 0 -0.00188313 -0.00281304 -0.00252276
16.2 0 -0.00270314 -0.00454211 -0.00503427
16.21 0 -0.00345698 -0.00621862 -0.00759701
16.22 0 -0.00415294 -0.00784107 -0.0101701
16.23 0 -0.00480711 -0.00941479 -0.0127107
16.24 0 -0.00544327 -0.0109493 -0.0151789
16.25 0 -0.00608944 -0.0124537 -0.0175396
16.26 0 -0.00677492 -0.0139336 -0.0197634
16.27 0 -0.00752647 -0.015392 -0.021828
16.28 0 -0.00835909 -0.0168318 -0.0237173
16.29 0 -0.00927074 -0.0182569 -0.0254218
16.3 0 -0.010244 -0.0196685 -0.0269393
16.31 0 -0.0112495 -0.0210572 -0.0282752
16.32 0 -0.0122511 -0.0223997 -0.0294425
16.33 0 -0.0132135 -0.0236635 -0.0304633
16.34 0 -0.0141046 -0.024815 -0.0313663
16.35 0 -0.0148961 -0.0258267 -0.0321816
16.36 0 -0.0155639 -0.0266843 -0.0329362
16.37 0 -0.0160906 -0.0273889 -0.0336518
16.38 0 -0.016467 -0.0279535 -0.0343427
16.39 0 -0.0166925 -0.0283939 -0.0350127
16.4 0 -0.0167739 -0.0287205 -0.0356538
16.41 0 -0.0167226 -0.0289326 -0.0362454
16.42 0 -0.0165508 -0.0290168 -0.0367529
16.43 0 -0.0162693 -0.0289523 -0.0371311
16.44 0 -0.0158903 -0.0287206 -0.0373305
16.45 0 -0.0154285 -0.0283129 -0.0373036
16.46 0 -0.0148992 -0.0277304 -0.0370089
16.47 0 -0.0143165 -0.0269808 -0.036412
16.48 0 -0.0136924 -0.0260739 -0.035489
16.49 0 -0.0130382 -0.0250186 -0.0342298
16.5 0 -0.0123643 -0.0238229 -0.0326407
16.51 0 -0.0116789 -0.0224939 -0.0307428
16.52 0 -0.0109839 -0.0210386 -0.0285692
16.53 0 -0.0102707 -0.0194633 -0.0261594
16.54 0 -0.00952026 -0.0177739 -0.0235569
16.55 0 -0.00870527 -0.0159737 -0.0208055
16.56 0 -0.00779417 -0.0140613 -0.0179451
16.57 0 -0.00675749 -0.0120311 -0.0150106
16.58 0 -0.0055746 -0.00987438 -0.0120317
16.59 0 -0.0042459 -0.00757984 -0.00903265
16.6 0 -0.00280016 -0.00513979 -0.0060292
16.61 0 -0.00128269 -0.00256267 -0.00302436
16.62 0 0.00025862 0.000117741 -6.31069e-06
16.63 0 0.00178233 0.00284248 0.0030477
16.64 0 0.00326038 0.005537 0.00616189
16.65 0 0.00467448 0.00812999 0.00934922
16.66 0 0.00600626 0.0105733 0.0126007
16.67 0 0.00723808 0.01285 0.0158814
16.68 0 0.00835543 0.01497 0.0191336
16.69 0 0.00934654 0.0169581 0.0222861
16.7 0 0.0102112 0.0188368 0.0252684
16.71 0 0.0109695 0.020612 0.0280228
16.72 0 0.0116608 0.0222707 0.0305096
16.73 0 0.0123298 0.0237888 0.032704
16.74 0 0.0130092 0.0251442 0.0345885
16.75 0 0.0137081 0.026327 0.036148
16.76 0 0.014412 0.0273418 0.037369
16.77 0 0.0150897 0.0282009 0.038243
16.78 0 0.0157042 0.0289113 0.0387723
16.79 0 0.0162245 0.0294668 0.0389748
16.8 0 0.016632 0.0298473 0.0388854
16.81 0 0.0169172 0.0300253 0.0385498
16.82 0 0.0170713 0.0299753 0.0380138
16.83 0 0.0170789 0.029684 0.0373135
16.84 0 0.0169183 0.0291559 0.0364723
16.85 0 0.0165691 0.0284111 0.0355038
16.86 0 0.0160214 0.0274759 0.0344145
16.87 0 0.0152817 0.0263723 0.0332078
16.88 0 0.0143745 0.0251127 0.0318854
16.89 0 0.0133369 0.0237021 0.0304461
16.9 0 0.0122089 0.0221444 0.0288824
16.91 0 0.0110247 0.0204503 0.0271786
16.92 0 0.00980849 0.0186409 0.0253134
16.93 0 0.00857568 0.0167439 0.023264
16.94 0 0.00733681 0.014785 0.021013
16.95 0 0.00610291 0.0127819 0.0185553
16.96 0 0.00489651 0.0107413 0.0159024
16.97 0 0.00375534 0.00866312 0.013082
16.98 0 0.00271172 0.00655472 0.0101306
16.99 0 0.00177515 0.00444051 0.00708626
17 0 0.000932462 0.0023583 0.00398694
17.01 0 0.000152807 0.000346098 0.000870872
17.02 0 -0.000600396 -0.00157332 -0.00221985
17.03 0 -0.001356 -0.00340247 -0.00523735
17.04 0 -0.00213112 -0.00516884 -0.00813243
17.05 0 -0.00293641 -0.00691168 -0.0108625
17.06 0 -0.00378302 -0.00866153 -0.0133976
17.07 0 -0.00468251 -0.0104251 -0.0157224
17.08 0 -0.0056419 -0.0121841 -0.0178356
17.09 0 -0.00666249 -0.013904 -0.0197479
17.1 0 -0.00773868 -0.0155465 -0.0214757
17.11 0 -0.00884939 -0.0170821 -0.0230329
17.12 0 -0.00995207 -0.0184988 -0.0244273
17.13 0 -0.0109916 -0.0197994 -0.0256644
17.14 0 -0.0119165 -0.0209884 -0.0267546
17.15 0 -0.0126917 -0.0220593 -0.0277151
17.16 0 -0.0133023 -0.0229906 -0.0285691
17.17 0 -0.0137493 -0.0237513 -0.0293382
17.18 0 -0.0140414 -0.0243145 -0.0300356
17.19 0 -0.0141872 -0.0246695 -0.0306604
17.2 0 -0.0141916 -0.0248262 -0.0311958
17.21 0 -0.0140564 -0.0248084 -0.0316107
17.22 0 -0.0137852 -0.0246402 -0.0318656
17.23 0 -0.0133899 -0.0243351 -0.0319207
17.24 0 -0.0128938 -0.0238918 -0.0317425
17.25 0 -0.0123276 -0.0232978 -0.0313065
17.26 0 -0.0117205 -0.0225374 -0.0305941
17.27 0 -0.0110902 -0.0216 -0.0295888
17.28 0 -0.0104389 -0.0204858 -0.0282758
17.29 0 -0.00975652 -0.019206 -0.0266467
17.3 0 -0.00902776 -0.0177775 -0.0247049
17.31 0 -0.00823951 -0.0162148 -0.0224698
17.32 0 -0.00738356 -0.0145247 -0.0199752
17.33 0 -0.00645634 -0.0127069 -0.0172664
17.34 0 -0.00545881 -0.0107572 -0.0143938
17.35 0 -0.00439842 -0.00867203 -0.0114065
17.36 0 -0.0032866 -0.00645781 -0.00834663
17.37 0 -0.00213156 -0.00413868 -0.0052467
17.38 0 -0.000940754 -0.00175564 -0.00213091
17.39 0 0.000270887 0.000641584 0.000979797
17.4 0 0.00148007 0.00300313 0.00406331
17.41 0 0.00265872 0.00528616 0.00709392
17.42 0 0.00378031 0.00745801 0.0100419
17.43 0 0.00482486 0.00949743 0.0128752
17.44 0 0.00578076 0.0113942 0.0155625
17.45 0 0.00665124 0.0131448 0.0180763
17.46 0 0.00745576 0.0147499 0.0203938
17.47 0 0.00821817 0.016216 0.0224969
17.48 0 0.00895587 0.0175551 0.0243702
17.49 0 0.00967678 0.0187814 0.0260017
17.5 0 0.0103794 0.0199051 0.0273837
17.51 0 0.0110538 0.0209257 0.0285133
17.52 0 0.0116829 0.0218287 0.0293916
17.53 0 0.0122446 0.0225872 0.0300237
17.54 0 0.0127137 0.0231691 0.0304177
17.55 0 0.0130634 0.0235448 0.0305825
17.56 0 0.013267 0.0236924 0.0305267
17.57 0 0.0133006 0.0235998 0.0302567
17.58 0 0.0131463 0.0232627 0.0297759
17.59 0 0.0127944 0.0226818 0.0290848
17.6 0 0.012246 0.0218606 0.0281813
17.61 0 0.0115136 0.0208062 0.0270622
17.62 0 0.0106206 0.0195299 0.0257248
17.63 0 0.00959641 0.0180479 0.0241656
17.64 0 0.00847185 0.0163818 0.0223803
17.65 0 0.00727585 0.0145578 0.0203654
17.66 0 0.00603396 0.012604 0.0181196
17.67 0 0.00477534 0.0105438 0.0156461
17.68 0 0.00353774 0.00839264 0.0129533
17.69 0 0.00235317 0.00616566 0.0100523
17.7 0 0.00123619 0.00388292 0.00695638
17.71 0 0.000183538 0.00156854 0.00368176
17.72 0 -0.000822014 -0.000752628 0.000252825
17.73 0 -0.00180074 -0.00305945 -0.0032913
17.74 0 -0.00276867 -0.00533969 -0.00689549
17.75 0 -0.00374013 -0.00759306 -0.0104953
17.76 0 -0.0047288 -0.00982845 -0.014025
17.77 0 -0.00574668 -0.0120551 -0.0174241
17.78 0 -0.00680966 -0.0142726 -0.0206427
17.79 0 -0.00794106 -0.0164693 -0.0236462
17.8 0 -0.0091615 -0.0186295 -0.0264145
17.81 0 -0.010474 -0.0207422 -0.0289378
17.82 0 -0.0118584 -0.0227988 -0.0312138
17.83 0 -0.0132759 -0.0247887 -0.0332471
17.84 0 -0.0146788 -0.0266956 -0.0350517
17.85 0 -0.0160189 -0.0284946 -0.0366516
17.86 0 -0.017253 -0.0301522 -0.0380778
17.87 0 -0.0183444 -0.0316319 -0.0393631
17.88 0 -0.0192626 -0.0329011 -0.040536
17.89 0 -0.0199829 -0.0339378 -0.0416148
17.9 0 -0.0204879 -0.0347342 -0.0426053
17.91 0 -0.0207687 -0.0352949 -0.0434997
17.92 0 -0.0208251 -0.0356302 -0.0442771
17.93 0 -0.0206691 -0.0357495 -0.0449069
17.94 0 -0.0203271 -0.0356598 -0.0453548
17.95 0 -0.0198359 -0.035365 -0.0455848
17.96 0 -0.0192366 -0.0348685 -0.0455604
17.97 0 -0.0185687 -0.0341774 -0.0452465
17.98 0 -0.0178644 -0.0333049 -0.044611
17.99 0 -0.0171432 -0.0322672 -0.0436256
18 0 -0.0164105 -0.0310776 -0.0422678
18.01 0 -0.015662 -0.0297425 -0.040526
18.02 0 -0.0148882 -0.0282588 -0.0384038
18.03 0 -0.0140769 -0.0266135 -0.0359209
18.04 0 -0.0132126 -0.0247891 -0.0331107
18.05 0 -0.012275 -0.0227692 -0.0300152
18.06 0 -0.011236 -0.0205437 -0.026679
18.07 0 -0.0100625 -0.0181114 -0.0231467
18.08 0 -0.00872241 -0.0154788 -0.0194606
18.09 0 -0.00719147 -0.0126565 -0.0156576
18.1 0 -0.00545986 -0.00965692 -0.011769
18.11 0 -0.00355018 -0.00648856 -0.00782137
18.12 0 -0.00152814 -0.00315735 -0.00383403
18.13 0 0.000519566 0.000316326 0.000187501
18.14 0 0.00252114 0.00388037 0.0042568
18.15 0 0.004444 0.00744985 0.0084022
18.16 0 0.00629309 0.0109269 0.0126502
18.17 0 0.00808884 0.0142341 0.0170045
18.18 0 0.00983784 0.0173429 0.0214302
18.19 0 0.0115154 0.0202803 0.025853
18.2 0 0.0130795 0.0231053 0.0301764
18.21 0 0.0145002 0.0258697 0.034307
18.22 0 0.0157821 0.0285867 0.0381774
18.23 0 0.0169682 0.0312217 0.041756
18.24 0 0.0181235 0.0337112 0.0450375
18.25 0 0.0193051 0.0359973 0.0480254
18.26 0 0.0205372 0.0380566 0.0507172
18.27 0 0.0218026 0.0399086 0.0530987
18.28 0 0.023053 0.0416001 0.0551496
18.29 0 0.0242309 0.0431767 0.0568569
18.3 0 0.0252936 0.0446546 0.0582279
18.31 0 0.026225 0.0460098 0.059295
18.32 0 0.0270304 0.0471868 0.0601089
18.33 0 0.0277185 0.048124 0.0607224
18.34 0 0.0282831 0.0487791 0.0611735
18.35 0 0.0286947 0.0491439 0.0614762
18.36 0 0.0289084 0.049241 0.0616224
18.37 0 0.0288825 0.0491061 0.0615926
18.38 0 0.0285994 0.0487678 0.061369
18.39 0 0.0280746 0.0482335 0.0609431
18.4 0 0.0273523 0.0474895 0.0603131
18.41 0 0.0264887 0.0465149 0.059477
18.42 0 0.0255336 0.0452999 0.058424
18.43 0 0.0245182 0.0438581 0.0571304
18.44 0 0.0234521 0.0422242 0.0555625
18.45 0 0.0223312 0.04044 0.0536841
18.46 0 0.0211507 0.0385374 0.0514697
18.47 0 0.0199178 0.0365289 0.0489152
18.48 0 0.018653 0.0344068 0.0460403
18.49 0 0.017382 0.0321537 0.0428823
18.5 0 0.0161208 0.0297561 0.0394851
18.51 0 0.0148634 0.0272142 0.0358882
18.52 0 0.0135805 0.0245436 0.032123
18.53 0 0.012229 0.021766 0.0282162
18.54 0 0.0107639 0.0188967 0.0241954
18.55 0 0.0091522 0.015937 0.0200919
18.56 0 0.00738176 0.0128732 0.0159412
18.57 0 0.00546169 0.00968446 0.0117794
18.58 0 0.00342851 0.00635159 0.00763507
18.59 0 0.00134848 0.00287118 0.00352136
18.6 0 -0.000707868 -0.000725316 -0.000571459
18.61 0 -0.00269652 -0.0043645 -0.00467641
18.62 0 -0.00460929 -0.00794628 -0.00883741
18.63 0 -0.00645952 -0.011375 -0.0130861
18.64 0 -0.00825934 -0.0145933 -0.0174203
18.65 0 -0.00999948 -0.0176026 -0.0217956
18.66 0 -0.0116426 -0.0204569 -0.0261308
18.67 0 -0.0131453 -0.0232277 -0.0303304
18.68 0 -0.0144919 -0.0259604 -0.0343134
18.69 0 -0.0157118 -0.0286501 -0.0380336
18.7 0 -0.0168705 -0.0312466 -0.0414797
18.71 0 -0.0180415 -0.0336841 -0.044659
18.72 0 -0.0192738 -0.0359168 -0.0475772
18.73 0 -0.0205702 -0.0379404 -0.0502253
18.74 0 -0.0218892 -0.0397897 -0.0525792
18.75 0 -0.0231676 -0.0415154 -0.054614
18.76 0 -0.0243482 -0.0431522 -0.0563192
18.77 0 -0.025399 -0.0446957 -0.0577103
18.78 0 -0.0263178 -0.0461008 -0.0588275
18.79 0 -0.027119 -0.0473011 -0.0597244
18.8 0 -0.0278104 -0.0482383 -0.060448
18.81 0 -0.0283765 -0.0488844 -0.061023
18.82 0 -0.0287777 -0.0492489 -0.0614483
18.83 0 -0.0289647 -0.0493661 -0.0617043
18.84 0 -0.0289016 -0.0492724 -0.0617666
18.85 0 -0.0285831 -0.0489853 -0.0616182
18.86 0 -0.0280389 -0.048497 -0.0612533
18.87 0 -0.0273219 -0.0477829 -0.0606721
18.88 0 -0.0264885 -0.0468204 -0.0598708
18.89 0 -0.025579 -0.0456066 -0.0588326
18.9 0 -0.0246104 -0.044165 -0.0575271
18.91 0 -0.0235813 -0.0425381 -0.0559172
18.92 0 -0.0224849 -0.0407694 -0.053972
18.93 0 -0.0213225 -0.038887 -0.0516776
18.94 0 -0.0201104 -0.0368956 -0.0490447
18.95 0 -0.0188747 -0.0347811 -0.046105
18.96 0 -0.0176386 -0.0325229 -0.0429006
18.97 0 -0.0164075 -0.0301087 -0.0394732
18.98 0 -0.0151641 -0.0275441 -0.0358586
18.99 0 -0.0138717 -0.0248497 -0.0320858
19 0 -0.0124863 -0.0220491 -0.0281809
19.01 0 -0.0109718 -0.0191577 -0.0241744
19.02 0 -0.0093114 -0.0161764 -0.0201052
19.03 0 -0.00750983 -0.0130953 -0.0160171
19.04 0 -0.00558639 -0.00990534 -0.0119497
19.05 0 -0.00358008 -0.00660746 -0.00793124
19.06 0 -0.00155478 -0.00321682 -0.0039723
19.07 0 0.00042221 0.000226883 -6.1719e-05
19.08 0 0.00230498 0.00365479 0.00383117
19.09 0 0.00407919 0.00698009 0.0077442
19.1 0 0.00575151 0.0101237 0.0117033
19.11 0 0.00733134 0.0130414 0.015705
19.12 0 0.00882009 0.0157365 0.0197098
19.13 0 0.0102029 0.0182554 0.023647
19.14 0 0.0114587 0.0206606 0.0274325
19.15 0 0.0125853 0.0229981 0.0309915
19.16 0 0.013612 0.025276 0.0342744
19.17 0 0.014594 0.0274664 0.0372608
19.18 0 0.0155898 0.0295233 0.0399496
19.19 0 0.0166385 0.0314082 0.0423447
19.2 0 0.0177428 0.0331089 0.0444431
19.21 0 0.0188688 0.0346415 0.0462345
19.22 0 0.0199607 0.0360354 0.0477088
19.23 0 0.0209644 0.0373117 0.0488681
19.24 0 0.0218441 0.0384653 0.0497343
19.25 0 0.0225865 0.0394633 0.0503485
19.26 0 0.0231919 0.0402579 0.0507606
19.27 0 0.023661 0.0408072 0.0510165
19.28 0 0.0239823 0.0410921 0.0511451
19.29 0 0.0241301 0.0411209 0.0511542
19.3 0 0.0240732 0.0409205 0.0510331
19.31 0 0.02379 0.0405205 0.0507626
19.32 0 0.0232812 0.0399377 0.0503239
19.33 0 0.0225737 0.0391713 0.0497035
19.34 0 0.0217134 0.0382082 0.0488912
19.35 0 0.0207502 0.0370363 0.0478746
19.36 0 0.0197245 0.0356573 0.0466342
19.37 0 0.0186599 0.0340917 0.0451425
19.38 0 0.0175653 0.0323731 0.0433689
19.39 0 0.0164422 0.0305361 0.0412885
19.4 0 0.0152929 0.0286046 0.0388904
19.41 0 0.0141255 0.0265846 0.0361831
19.42 0 0.0129517 0.0244664 0.0331928
19.43 0 0.0117789 0.0222332 0.0299585
19.44 0 0.0106016 0.0198737 0.0265248
19.45 0 0.00939672 0.0173901 0.0229355
19.46 0 0.00812939 0.0147965 0.0192311
19.47 0 0.0067636 0.012111 0.0154499
19.48 0 0.00527559 0.00934632 0.0116307
19.49 0 0.00367145 0.00650321 0.00781281
19.5 0 0.00199183 0.00357536 0.00403171
19.51 0 0.000293607 0.000566328 0.000309994
19.52 0 -0.00137288 -0.00249441 -0.00334915
19.53 0 -0.00298268 -0.00554691 -0.00696111
19.54 0 -0.0045373 -0.00851429 -0.0105491
19.55 0 -0.00604584 -0.0113294 -0.0141273
19.56 0 -0.00751138 -0.0139567 -0.0176872
19.57 0 -0.0089249 -0.0164009 -0.0211923
19.58 0 -0.0102611 -0.0187009 -0.0245847
19.59 0 -0.0114904 -0.0209066 -0.0278002
19.6 0 -0.0126018 -0.0230483 -0.0307876
19.61 0 -0.0136132 -0.0251198 -0.0335209
19.62 0 -0.014565 -0.0270824 -0.0359983
19.63 0 -0.015501 -0.028887 -0.0382302
19.64 0 -0.0164462 -0.0304987 -0.0402247
19.65 0 -0.0173937 -0.0319122 -0.0419787
19.66 0 -0.0183078 -0.0331497 -0.0434789
19.67 0 -0.0191398 -0.0342427 -0.0447114
19.68 0 -0.0198488 -0.0352109 -0.0456721
19.69 0 -0.020416 -0.0360482 -0.0463742
19.7 0 -0.0208451 -0.0367233 -0.0468463
19.71 0 -0.0211515 -0.0371946 -0.0471231
19.72 0 -0.0213461 -0.03743 -0.0472332
19.73 0 -0.0214248 -0.0374218 -0.0471893
19.74 0 -0.0213679 -0.0371876 -0.0469868
19.75 0 -0.0211506 -0.0367597 -0.04661
19.76 0 -0.0207575 -0.0361673 -0.0460416
19.77 0 -0.0201931 -0.0354235 -0.0452712
19.78 0 -0.0194833 -0.0345222 -0.0442975
19.79 0 -0.0186668 -0.0334464 -0.0431247
19.8 0 -0.0177819 -0.0321828 -0.0417554
19.81 0 -0.0168536 -0.0307341 -0.0401843
19.82 0 -0.0158889 -0.0291219 -0.0383985
19.83 0 -0.0148816 -0.0273796 -0.0363818
19.84 0 -0.0138225 -0.0255384 -0.0341236
19.85 0 -0.0127092 -0.0236155 -0.0316265
19.86 0 -0.0115499 -0.0216095 -0.0289083
19.87 0 -0.0103581 -0.0195061 -0.0259996
19.88 0 -0.00914351 -0.0172894 -0.0229366
19.89 0 -0.00790372 -0.0149539 -0.019754
19.9 0 -0.00662253 -0.0125105 -0.0164792
19.91 0 -0.00527854 -0.00998253 -0.0131334
19.92 0 -0.00386535 -0.0073931 -0.00973602
19.93 0 -0.00240174 -0.00475706 -0.0063076
19.94 0 -0.000924912 -0.00208484 -0.00286845
19.95 0 0.000521903 0.00060851 0.000565363
19.96 0 0.00190677 0.00329428 0.00398493
19.97 0 0.0032209 0.00592886 0.00738705
19.98 0 0.00447434 0.00846467 0.0107673
19.99 0 0.00567886 0.0108671 0.0141109
20 0 0.00684049 0.0131238 0.0173869
20.01 0 0.00796243 0.0152432 0.02055
20.02 0 0.00904237 0.0172489 0.0235467
20.03 0 0.010075 0.0191655 0.0263259
20.04 0 0.011061 0.0210055 0.0288489
20.05 0 0.0120109 0.0227611 0.0310955
