0.01 0 0.0102552 0.0110364 0.0107485
0.02 0 0.00827457 0.0113884 0.0104048
0.03 0 0.00568505 0.0116776 0.0103745
0.04 0 0.00341036 0.0110964 0.010866
0.05 0 0.00185141 0.0091794 0.0117152
0.06 0 0.000986813 0.00630361 0.0125943
0.07 0 0.000682923 0.00366722 0.0133105
0.08 0 0.000536865 0.00227734 0.0135332
0.09 0 -0.000112467 0.00207772 0.0126412
0.1 0 -0.000974276 0.00277395 0.0107965
0.11 0 -0.00131319 0.00378296 0.00853161
0.12 0 -0.000914618 0.00414573 0.00600676
0.13 0 6.56729e-05 0.00336038 0.00328865
0.14 0 0.000516824 0.000880397 -0.000295584
0.15 0 9.57193e-05 -0.00263613 -0.00462999
0.16 0 0.000403163 -0.00462602 -0.00773776
0.17 0 0.000947967 -0.0049394 -0.00977726
0.18 0 0.00191682 -0.00329682 -0.0102841
0.19 0 0.00222575 -0.00131956 -0.0102206
0.2 0 0.000825886 -0.00109891 -0.0107846
0.21 0 -0.00133329 -0.0027536 -0.0114144
0.22 0 -0.00581639 -0.00845268 -0.0142192
0.23 0 -0.0113923 -0.0169509 -0.0186321
0.24 0 -0.0172616 -0.0268569 -0.0245339
0.25 0 -0.0187722 -0.0323523 -0.0276792
0.26 0 -0.0111186 -0.0266682 -0.0228398
0.27 0 -0.00660057 -0.0204756 -0.0212799
0.28 0 -0.00907529 -0.0186132 -0.0264017
0.29 0 -0.0107334 -0.0165697 -0.0307683
0.3 0 -0.00751639 -0.0128969 -0.0305201
0.31 0 -0.00233673 -0.0103881 -0.0279694
0.32 0 -0.000288647 -0.011966 -0.0272432
0.33 0 -0.000626789 -0.014546 -0.0269595
0.34 0 7.81797e-05 -0.0132753 -0.0235083
0.35 0 0.00346797 -0.0061083 -0.0152348
0.36 0 0.00782755 0.00470362 -0.00387445
0.37 0 0.00180149 0.00567338 -0.00142887
0.38 0 -0.00816524 -0.000360079 -0.0031888
0.39 0 -0.0101866 -0.00366887 0.00100983
0.4 0 -0.00242218 -0.000367411 0.012791
0.41 0 0.00544439 0.00476316 0.0236256
0.42 0 0.00679686 0.00854964 0.0279181
0.43 0 0.00358298 0.0121167 0.0274598
0.44 0 0.000956958 0.0165327 0.0263912
0.45 0 0.000654164 0.0193523 0.0255325
0.46 0 0.00149022 0.0176596 0.0234796
0.47 0 -0.0111104 -0.00280717 0.00549618
0.48 0 -0.028364 -0.0324874 -0.0205806
0.49 0 -0.0383288 -0.0575528 -0.0437394
0.5 0 -0.0412623 -0.0746202 -0.0640075
0.51 0 -0.0440118 -0.087187 -0.087118
0.52 0 -0.035734 -0.0830279 -0.100577
0.53 0 -0.012984 -0.0582959 -0.0980743
0.54 0 0.000329105 -0.0379015 -0.10009
0.55 0 0.0257135 -0.00267096 -0.0820081
0.56 0 0.0456219 0.0283674 -0.0584045
0.57 0 0.0478506 0.0416319 -0.0399812
0.58 0 0.0392813 0.0418255 -0.0210237
0.59 0 0.0345363 0.0429659 0.0103606
0.6 0 0.0383764 0.0530271 0.0564321
0.61 0 0.0378355 0.0639217 0.102029
0.62 0 0.0287825 0.0730967 0.139743
0.63 0 0.0088976 0.0738537 0.162098
0.64 0 -0.00956203 0.0703478 0.175189
0.65 0 -0.014068 0.0692405 0.186812
0.66 0 -0.0168963 0.0581573 0.182838
0.67 0 -0.0420416 0.0154 0.138579
0.68 0 -0.0668475 -0.0351774 0.0756948
0.69 0 -0.0508724 -0.0490669 0.0363033
0.7 0 -0.0031823 -0.024887 0.0188751
0.71 0 0.0500737 0.0222279 0.00878307
0.72 0 0.0980764 0.0845348 0.00641947
0.73 0 0.140993 0.155608 0.0204964
0.74 0 0.162681 0.207176 0.0398725
0.75 0 0.167833 0.232574 0.0703748
0.76 0 0.144469 0.21453 0.0973854
0.77 0 0.0782734 0.139088 0.0991228
0.78 0 -0.0135366 0.02627 0.0800271
0.79 0 -0.0696624 -0.0554898 0.0875423
0.8 0 -0.0961953 -0.0995272 0.105965
0.81 0 -0.125929 -0.129688 0.0964503
0.82 0 -0.156699 -0.148814 0.0554904
0.83 0 -0.171157 -0.155909 -0.00414088
0.84 0 -0.147834 -0.144236 -0.0603957
0.85 0 -0.095913 -0.124874 -0.113818
0.86 0 -0.0337627 -0.104729 -0.167428
0.87 0 0.0380597 -0.0665958 -0.203269
0.88 0 0.10078 -0.0143222 -0.222184
0.89 0 0.165178 0.0686394 -0.198921
0.9 0 0.218189 0.165342 -0.136833
0.91 0 0.224844 0.228053 -0.0683246
0.92 0 0.174502 0.226595 -0.01145
0.93 0 0.108847 0.186138 0.0599782
0.94 0 0.0587973 0.137129 0.159758
0.95 0 0.0165851 0.0887146 0.265505
0.96 0 -0.0579574 0.0192214 0.322543
0.97 0 -0.142287 -0.045691 0.335795
0.98 0 -0.197105 -0.0792654 0.326961
0.99 0 -0.216808 -0.0928528 0.290166
1 0 -0.224773 -0.122634 0.199057
1.01 0 -0.226785 -0.179718 0.0523544
1.02 0 -0.202132 -0.238085 -0.117417
1.03 0 -0.131559 -0.259979 -0.270503
1.04 0 -0.0508196 -0.255799 -0.415404
1.05 0 -0.0138349 -0.264202 -0.580081
1.06 0 0.00560053 -0.263409 -0.720137
1.07 0 0.0701687 -0.202357 -0.75926
1.08 0 0.154045 -0.108908 -0.709069
1.09 0 0.224637 -0.00753246 -0.589586
1.1 0 0.260313 0.0884726 -0.417315
1.11 0 0.223341 0.138858 -0.237739
1.12 0 0.0921617 0.101532 -0.0971688
1.13 0 -0.088433 -0.0109014 0.00947797
1.14 0 -0.257841 -0.16161 0.0983262
1.15 0 -0.383589 -0.316903 0.164215
1.16 0 -0.466363 -0.453508 0.181488
1.17 0 -0.478533 -0.512797 0.166776
1.18 0 -0.40548 -0.457057 0.138619
1.19 0 -0.282293 -0.316898 0.0793087
1.2 0 -0.145787 -0.147508 -0.0222426
1.21 0 -0.00626373 0.00917362 -0.146459
1.22 0 0.14366 0.137307 -0.252441
1.23 0 0.309571 0.247356 -0.296745
1.24 0 0.459327 0.341513 -0.272491
1.25 0 0.560341 0.431056 -0.180669
1.26 0 0.58037 0.509721 -0.0392975
1.27 0 0.502486 0.550712 0.124779
1.28 0 0.353117 0.538467 0.304459
1.29 0 0.155764 0.445337 0.473904
1.3 0 -0.0568379 0.269942 0.611175
1.31 0 -0.205758 0.0928482 0.74717
1.32 0 -0.294713 -0.0531371 0.845646
1.33 0 -0.371367 -0.172941 0.840131
1.34 0 -0.421057 -0.235621 0.734357
1.35 0 -0.397232 -0.211005 0.573215
1.36 0 -0.274075 -0.10253 0.397266
1.37 0 -0.0663158 0.0577315 0.227444
1.38 0 0.165949 0.215166 0.0564844
1.39 0 0.367976 0.336625 -0.111429
1.4 0 0.517119 0.423711 -0.245819
1.41 0 0.582774 0.461082 -0.339169
1.42 0 0.538233 0.420282 -0.402193
1.43 0 0.410586 0.311455 -0.416067
1.44 0 0.260483 0.178218 -0.346487
1.45 0 0.117205 0.0481526 -0.198831
1.46 0 -0.0308573 -0.0776692 -0.0223569
1.47 0 -0.164862 -0.167176 0.162582
1.48 0 -0.269564 -0.203253 0.3331
1.49 0 -0.346036 -0.201181 0.4545
1.5 0 -0.39033 -0.183707 0.504874
1.51 0 -0.397483 -0.173283 0.474812
1.52 0 -0.34562 -0.160854 0.387491
1.53 0 -0.244606 -0.145481 0.252142
1.54 0 -0.108903 -0.112039 0.0884174
1.55 0 0.0487615 -0.0391163 -0.0733604
1.56 0 0.191015 0.0584722 -0.226386
1.57 0 0.266155 0.127296 -0.386472
1.58 0 0.261273 0.12822 -0.546101
1.59 0 0.268933 0.125694 -0.604631
1.6 0 0.331115 0.163116 -0.513343
1.61 0 0.35243 0.177282 -0.361052
1.62 0 0.262343 0.126451 -0.224734
1.63 0 0.112343 0.0603701 -0.0805351
1.64 0 -0.0311714 0.0185622 0.0960045
1.65 0 -0.148964 -0.0108865 0.280095
1.66 0 -0.255059 -0.0635177 0.418942
1.67 0 -0.396555 -0.198646 0.432283
1.68 0 -0.552626 -0.403478 0.312281
1.69 0 -0.631856 -0.584352 0.132494
1.7 0 -0.613756 -0.699103 -0.0840568
1.71 0 -0.535208 -0.751596 -0.350476
1.72 0 -0.399896 -0.719309 -0.631694
1.73 0 -0.199061 -0.582202 -0.869936
1.74 0 0.0267792 -0.38234 -1.05063
1.75 0 0.228164 -0.179744 -1.16963
1.76 0 0.369121 -0.0243815 -1.21932
1.77 0 0.439345 0.0642944 -1.18224
1.78 0 0.415267 0.0632439 -1.07362
1.79 0 0.281201 -0.0374732 -0.923714
1.8 0 0.077238 -0.193707 -0.729685
1.81 0 -0.118683 -0.324598 -0.465626
1.82 0 -0.255611 -0.373352 -0.135105
1.83 0 -0.314975 -0.314704 0.232955
1.84 0 -0.326718 -0.18111 0.571386
1.85 0 -0.329814 -0.033976 0.812386
1.86 0 -0.344278 0.0648433 0.913461
1.87 0 -0.296574 0.149182 0.93689
1.88 0 -0.111781 0.290533 0.969867
1.89 0 0.149435 0.472028 0.992361
1.9 0 0.397627 0.665221 0.971396
1.91 0 0.609506 0.884776 0.938315
1.92 0 0.778989 1.12237 0.929801
1.93 0 0.857409 1.29304 0.923323
1.94 0 0.803492 1.30264 0.882998
1.95 0 0.617497 1.10543 0.792759
1.96 0 0.337126 0.72247 0.656919
1.97 0 0.056005 0.27266 0.528693
1.98 0 -0.129301 -0.0837517 0.470181
1.99 0 -0.217278 -0.270514 0.461723
2 0 -0.240992 -0.278528 0.459222
2.01 0 -0.233725 -0.161392 0.421904
2.02 0 -0.210882 -0.010279 0.328369
2.03 0 -0.150849 0.107986 0.200923
2.04 0 -0.0592403 0.138611 0.0489673
2.05 0 0.0428956 0.077348 -0.117484
2.06 0 0.140868 -0.0192755 -0.272045
2.07 0 0.197112 -0.104212 -0.412605
2.08 0 0.210493 -0.126697 -0.513782
2.09 0 0.185757 -0.0864337 -0.563118
2.1 0 0.124307 -0.0348758 -0.569147
2.11 0 0.0786551 0.0140131 -0.499166
2.12 0 0.0739096 0.0478855 -0.346192
2.13 0 0.0965937 0.0651583 -0.133782
2.14 0 0.107469 0.0727437 0.0935713
2.15 0 0.0836701 0.0919033 0.304214
2.16 0 0.0346211 0.143815 0.48969
2.17 0 -0.0208061 0.220234 0.643141
2.18 0 -0.0724442 0.281609 0.747104
2.19 0 -0.109259 0.29362 0.790206
2.2 0 -0.155173 0.212268 0.735689
2.21 0 -0.20847 0.0487266 0.581701
2.22 0 -0.247574 -0.142507 0.355716
2.23 0 -0.249574 -0.299822 0.0930815
2.24 0 -0.250302 -0.421408 -0.217024
2.25 0 -0.285381 -0.538052 -0.587849
2.26 0 -0.319216 -0.642311 -0.967689
2.27 0 -0.277442 -0.690362 -1.26407
2.28 0 -0.160823 -0.683875 -1.44886
2.29 0 0.00198035 -0.617745 -1.51205
2.3 0 0.136609 -0.519772 -1.48942
2.31 0 0.175729 -0.432887 -1.42486
2.32 0 0.0778943 -0.418697 -1.3632
2.33 0 -0.147386 -0.527327 -1.32796
2.34 0 -0.433053 -0.757907 -1.30582
2.35 0 -0.739938 -1.10625 -1.31767
2.36 0 -0.98521 -1.47339 -1.33326
2.37 0 -1.08321 -1.71045 -1.30005
2.38 0 -1.0264 -1.74482 -1.23071
2.39 0 -0.855819 -1.55746 -1.15252
2.4 0 -0.644908 -1.20737 -1.10311
2.41 0 -0.433165 -0.801016 -1.09385
2.42 0 -0.209023 -0.422917 -1.08367
2.43 0 0.0456886 -0.121034 -1.01905
2.44 0 0.272772 0.0529301 -0.912975
2.45 0 0.375953 0.0664337 -0.820232
2.46 0 0.426359 0.0718464 -0.6443
2.47 0 0.519545 0.231928 -0.281176
2.48 0 0.575744 0.495416 0.182788
2.49 0 0.510153 0.739849 0.631841
2.5 0 0.375366 0.922712 1.06165
2.51 0 0.171381 0.938911 1.40083
2.52 0 -0.0598941 0.768247 1.62167
2.53 0 -0.21236 0.539422 1.78556
2.54 0 -0.242039 0.367419 1.90576
2.55 0 -0.10422 0.398258 2.02688
2.56 0 0.0150795 0.52003 1.98687
2.57 0 0.012689 0.609063 1.70256
2.58 0 0.0726519 0.746715 1.36969
2.59 0 0.329796 0.975053 1.15188
2.6 0 0.712218 1.21541 1.04086
2.61 0 1.07673 1.40206 0.980641
2.62 0 1.25615 1.46447 0.88304
2.63 0 1.19172 1.38894 0.729941
2.64 0 1.01008 1.27696 0.6436
2.65 0 0.845905 1.20397 0.724004
2.66 0 0.736076 1.16791 0.966532
2.67 0 0.611165 1.0983 1.26131
2.68 0 0.51229 1.06027 1.6095
2.69 0 0.429905 1.07151 1.96214
2.7 0 0.256472 1.02549 2.16846
2.71 0 -0.0634495 0.838041 2.13323
2.72 0 -0.43263 0.515512 1.88908
2.73 0 -0.690765 0.102681 1.51088
2.74 0 -0.718749 -0.257077 1.10804
2.75 0 -0.541712 -0.476725 0.693852
2.76 0 -0.296022 -0.540554 0.217119
2.77 0 -0.0499519 -0.434467 -0.301006
2.78 0 0.227954 -0.139265 -0.744034
2.79 0 0.611091 0.337092 -0.962952
2.8 0 0.98132 0.799835 -0.998997
2.81 0 1.15617 1.02013 -0.974726
2.82 0 1.00445 0.851341 -0.999282
2.83 0 0.560667 0.326357 -1.07183
2.84 0 0.0457437 -0.31152 -1.04772
2.85 0 -0.460377 -0.932337 -0.943302
2.86 0 -0.898486 -1.47156 -0.836954
2.87 0 -1.20799 -1.75928 -0.708325
2.88 0 -1.34849 -1.76412 -0.582636
2.89 0 -1.41581 -1.64498 -0.594026
2.9 0 -1.46038 -1.57731 -0.824487
2.91 0 -1.43284 -1.6099 -1.22233
2.92 0 -1.23794 -1.67811 -1.66028
2.93 0 -0.873285 -1.68995 -2.05118
2.94 0 -0.419824 -1.57245 -2.36127
2.95 0 0.0349694 -1.26708 -2.55253
2.96 0 0.375326 -0.839072 -2.64093
2.97 0 0.499383 -0.457705 -2.6726
2.98 0 0.502887 -0.173962 -2.54708
2.99 0 0.427942 -0.0819569 -2.25594
3 0 0.260038 -0.212952 -1.84364
3.01 0 0.00051051 -0.510807 -1.36732
3.02 0 -0.382965 -0.904961 -0.930436
3.03 0 -0.824567 -1.26574 -0.565602
3.04 0 -1.19055 -1.45845 -0.245539
3.05 0 -1.37978 -1.44135 0.0333147
3.06 0 -1.36101 -1.25529 0.241987
3.07 0 -1.16802 -0.987709 0.331914
3.08 0 -0.809118 -0.65426 0.330674
3.09 0 -0.299206 -0.229382 0.303052
3.1 0 0.253119 0.249205 0.252057
3.11 0 0.757898 0.749521 0.205293
3.12 0 1.14139 1.2133 0.190163
3.13 0 1.34687 1.58638 0.244623
3.14 0 1.42195 1.81105 0.415467
3.15 0 1.35466 1.81712 0.672806
3.16 0 1.10801 1.57246 0.943308
3.17 0 0.700228 1.14048 1.18426
3.18 0 0.228706 0.661783 1.40394
3.19 0 -0.200267 0.270896 1.61098
3.2 0 -0.573066 -0.0261145 1.72271
3.21 0 -0.836314 -0.215617 1.7129
3.22 0 -0.899818 -0.259939 1.62138
3.23 0 -0.718755 -0.139015 1.49052
3.24 0 -0.304618 0.157831 1.35973
3.25 0 0.248695 0.596812 1.23226
3.26 0 0.839535 1.1373 1.12745
3.27 0 1.34428 1.68238 1.04107
3.28 0 1.7118 2.15903 1.01743
3.29 0 1.90575 2.47883 1.0805
3.3 0 1.80848 2.4681 1.12979
3.31 0 1.44767 2.11396 1.16141
3.32 0 1.06577 1.66348 1.35133
3.33 0 0.819357 1.34657 1.78384
3.34 0 0.616966 1.17883 2.30211
3.35 0 0.311771 1.06634 2.68686
3.36 0 -0.132291 0.980477 2.86273
3.37 0 -0.521345 0.843363 2.84568
3.38 0 -0.768038 0.59839 2.64281
3.39 0 -0.816441 0.246054 2.26419
3.4 0 -0.696402 -0.119359 1.72667
3.41 0 -0.480267 -0.401848 1.03637
3.42 0 -0.253759 -0.525968 0.22461
3.43 0 -0.0350312 -0.475694 -0.626153
3.44 0 0.21272 -0.272489 -1.3807
3.45 0 0.524745 0.0076843 -1.92006
3.46 0 0.843171 0.245213 -2.21222
3.47 0 1.07731 0.357376 -2.27106
3.48 0 1.12968 0.279712 -2.1709
3.49 0 0.899415 0.00667279 -2.002
3.5 0 0.430196 -0.356994 -1.76013
3.51 0 -0.172125 -0.754696 -1.4602
3.52 0 -0.751963 -1.1397 -1.12019
3.53 0 -1.13603 -1.52752 -0.791815
3.54 0 -1.29208 -1.876 -0.579062
3.55 0 -1.45611 -2.0572 -0.557162
3.56 0 -1.659 -2.04727 -0.729574
3.57 0 -1.85946 -1.9361 -1.0674
3.58 0 -1.99907 -1.8851 -1.53204
3.59 0 -1.89753 -1.97049 -2.01035
3.6 0 -1.49191 -2.13951 -2.41716
3.61 0 -0.923349 -2.26086 -2.75447
3.62 0 -0.383579 -2.20082 -3.05274
3.63 0 -0.0306023 -1.92448 -3.35285
3.64 0 0.0760262 -1.52362 -3.64462
3.65 0 0.0102863 -1.12944 -3.85136
3.66 0 -0.119473 -0.943616 -3.88913
3.67 0 -0.219805 -1.07572 -3.73058
3.68 0 -0.331939 -1.44593 -3.39389
3.69 0 -0.495679 -1.89252 -2.94619
3.7 0 -0.780222 -2.26905 -2.50913
3.71 0 -1.15365 -2.41882 -2.10954
3.72 0 -1.52278 -2.32927 -1.76059
3.73 0 -1.78891 -2.11357 -1.47881
3.74 0 -1.79155 -1.85196 -1.21096
3.75 0 -1.40428 -1.53799 -0.885812
3.76 0 -0.584764 -0.884128 -0.308102
3.77 0 0.551089 0.247741 0.56219
3.78 0 1.46502 1.54955 1.38661
3.79 0 1.83513 2.7274 2.00609
3.8 0 1.95594 3.56617 2.56151
3.81 0 1.98983 3.96173 3.18117
3.82 0 2.01973 3.92473 3.88832
3.83 0 1.94101 3.60046 4.5703
3.84 0 1.76801 3.16324 5.12003
3.85 0 1.42265 2.77973 5.4259
3.86 0 0.744445 2.32658 5.28015
3.87 0 -0.165814 1.77962 4.70362
3.88 0 -0.746006 1.36772 4.10661
3.89 0 -0.734796 1.16951 3.6846
3.9 0 -0.228089 1.1414 3.38194
3.91 0 0.468865 1.39232 3.14485
3.92 0 1.3508 1.99227 3.00305
3.93 0 2.19593 2.74523 2.83444
3.94 0 2.83348 3.5094 2.61061
3.95 0 3.14422 4.14735 2.41245
3.96 0 3.15834 4.4479 2.30057
3.97 0 2.94719 4.30158 2.35026
3.98 0 2.40304 3.7561 2.52781
3.99 0 1.49672 2.70269 2.60237
4 0 -0.0698672 0.846353 2.06007
4.01 0 -1.9806 -1.39113 1.04628
4.02 0 -3.4775 -3.45877 -0.0688314
4.03 0 -4.08778 -4.79544 -0.977262
4.04 0 -3.76245 -5.13235 -1.63767
4.05 0 -3.01984 -4.73346 -2.41349
4.06 0 -1.90952 -3.60297 -3.15422
4.07 0 -0.410561 -1.83972 -3.58989
4.08 0 1.17621 0.0859657 -3.72693
4.09 0 2.55924 1.74463 -3.5546
4.1 0 3.22565 2.56689 -3.35507
4.11 0 3.01685 2.38169 -3.21329
4.12 0 2.2411 1.45112 -2.94525
4.13 0 0.988122 -0.0676515 -2.62939
4.14 0 -0.466062 -1.82811 -2.30837
4.15 0 -1.78591 -3.42916 -2.00903
4.16 0 -2.91757 -4.64546 -1.89215
4.17 0 -3.77492 -4.95534 -1.73729
4.18 0 -3.83557 -4.06195 -1.14397
4.19 0 -3.20076 -2.46399 -0.285403
4.2 0 -2.14131 -0.976268 0.432684
4.21 0 -0.875966 0.0976425 0.894799
4.22 0 0.405766 0.814306 1.12666
4.23 0 1.54697 1.44818 1.2399
4.24 0 2.32566 2.07453 1.23281
4.25 0 2.50805 2.53185 1.01163
4.26 0 2.01198 2.50549 0.496403
4.27 0 0.676742 1.43866 -0.588775
4.28 0 -0.947565 -0.482209 -1.89765
4.29 0 -1.84784 -2.28207 -2.59206
4.3 0 -2.04255 -3.60176 -2.75097
4.31 0 -1.88195 -4.22353 -2.67794
4.32 0 -1.71908 -4.08721 -2.66136
4.33 0 -1.63477 -3.29542 -2.76345
4.34 0 -1.6909 -2.37046 -3.08331
4.35 0 -1.76909 -1.79352 -3.56347
4.36 0 -1.43108 -1.67732 -3.88238
4.37 0 -0.717026 -1.80714 -3.88198
4.38 0 0.074202 -1.98545 -3.68532
4.39 0 0.525123 -1.97246 -3.4666
4.4 0 0.599241 -1.6618 -3.26077
4.41 0 0.323744 -1.05289 -2.9863
4.42 0 -0.0365194 -0.376159 -2.52386
4.43 0 -0.232604 0.154676 -1.76082
4.44 0 -0.084541 0.471682 -0.642558
4.45 0 0.253621 0.615325 0.674355
4.46 0 0.302236 0.569931 1.7919
4.47 0 0.00327324 0.391216 2.50666
4.48 0 -0.522151 0.229067 2.82291
4.49 0 -1.1117 0.0965012 2.79831
4.5 0 -1.79096 0.0350572 2.54677
4.51 0 -2.24427 -0.236815 2.10622
4.52 0 -2.23232 -0.585743 1.69342
4.53 0 -1.63116 -0.751231 1.47809
4.54 0 -0.692575 -0.6321 1.33376
4.55 0 0.220556 -0.250582 1.04951
4.56 0 0.825049 0.265991 0.480464
4.57 0 1.05253 0.769734 -0.321865
4.58 0 1.12862 1.1731 -1.09013
4.59 0 1.2746 1.35733 -1.60575
4.6 0 1.53942 1.26996 -1.77241
4.61 0 1.8938 1.06045 -1.56917
4.62 0 2.22027 0.933603 -1.05204
4.63 0 2.39296 1.07048 -0.314907
4.64 0 2.32441 1.50254 0.537082
4.65 0 2.06412 2.1533 1.47644
4.66 0 1.73184 2.83498 2.50232
4.67 0 1.38655 3.29547 3.53598
4.68 0 1.04949 3.4141 4.51111
4.69 0 0.873985 3.34968 5.43883
4.7 0 0.817744 3.13502 6.21936
4.71 0 0.630713 2.75012 6.62924
4.72 0 0.441854 2.51617 6.80564
4.73 0 0.503996 2.72387 6.9685
4.74 0 0.776172 3.28094 7.02661
4.75 0 1.27406 4.06017 7.02506
4.76 0 1.96693 4.8908 6.9942
4.77 0 2.7622 5.60441 6.92977
4.78 0 3.46211 6.06695 6.78425
4.79 0 4.04957 6.36169 6.6593
4.8 0 4.52588 6.58783 6.6334
4.81 0 4.81873 6.71121 6.63894
4.82 0 5.06385 6.84414 6.78913
4.83 0 5.26139 6.97276 7.02434
4.84 0 5.18219 6.96265 7.14643
4.85 0 4.97919 6.88744 7.26365
4.86 0 4.84891 6.65568 7.49831
4.87 0 3.86266 6.63678 7.68096
4.88 0 1.29259 6.72613 7.73862
4.89 0 1.10609 5.56712 8.08774
4.9 0 1.98608 4.2009 8.41053
4.91 0 2.87217 3.33435 8.49764
4.92 0 3.30565 3.2566 8.1254
4.93 0 2.88626 3.77286 7.08091
4.94 0 1.78872 4.28842 5.44674
4.95 0 -0.558367 3.51247 2.63513
4.96 0 -4.82938 -0.790605 -2.02616
4.97 0 -8.05529 -6.58257 -5.9134
4.98 0 -8.52673 -11.0624 -7.56616
4.99 0 -8.0571 -14.1708 -8.50681
5 0 -7.80824 -15.7967 -9.74999
5.01 0 -7.92665 -15.7068 -11.1898
5.02 0 -8.43483 -14.243 -12.9651
5.03 0 -9.10013 -12.4498 -15.0721
5.04 0 -9.20695 -11.0087 -17.0237
5.05 0 -7.7844 -10.2785 -18.2689
5.06 0 -4.99438 -10.2085 -18.8114
5.07 0 -1.62154 -10.0018 -18.7384
5.08 0 1.68028 -8.50907 -17.9442
5.09 0 3.97834 -5.71081 -16.8994
5.1 0 5.19252 -1.86847 -15.532
5.11 0 5.26338 1.80106 -13.8041
5.12 0 4.16498 3.53446 -11.7292
5.13 0 2.8334 3.24517 -8.8747
5.14 0 1.42454 1.20711 -5.52495
5.15 0 -0.364704 -1.80099 -2.44596
5.16 0 -3.28513 -5.42324 -0.853561
5.17 0 -6.96226 -8.92822 -0.829005
5.18 0 -9.91554 -10.9782 -1.07376
5.19 0 -11.4801 -11.7091 -1.27672
5.2 0 -11.7199 -11.8178 -1.73839
5.21 0 -10.8233 -11.34 -2.39815
5.22 0 -9.3436 -10.1716 -3.22493
5.23 0 -7.71042 -8.19707 -4.33152
5.24 0 -5.81157 -5.85054 -5.45038
5.25 0 -3.49677 -3.65444 -6.36863
5.26 0 -0.731479 -1.87652 -6.85307
5.27 0 2.28869 -0.42357 -6.805
5.28 0 5.10167 0.947695 -6.32953
5.29 0 7.2645 2.46104 -5.55068
5.3 0 8.50659 4.16108 -4.5967
5.31 0 8.68339 6.02034 -3.74696
5.32 0 8.04545 7.84941 -2.95446
5.33 0 6.98764 9.04846 -1.85908
5.34 0 6.00751 9.01554 -0.314729
5.35 0 5.62178 7.61978 2.04678
5.36 0 4.79876 5.72486 4.98136
5.37 0 3.29431 2.96254 9.21313
5.38 0 0.817494 0.694399 13.5234
5.39 0 -2.548 0.451839 15.9197
5.4 0 -5.56067 1.56885 16.5295
5.41 0 -7.23171 2.82812 16.4532
5.42 0 -7.01365 3.22155 16.1556
5.43 0 -4.66303 2.80885 15.8535
5.44 0 -1.72425 2.69087 15.0569
5.45 0 0.106666 3.26267 13.1981
5.46 0 1.58758 4.27881 10.3885
5.47 0 2.58309 5.16168 6.80981
5.48 0 3.2894 5.49539 2.98372
5.49 0 4.38277 5.6757 -0.252961
5.5 0 5.82509 5.41046 -2.63248
5.51 0 7.31031 4.85544 -4.13152
5.52 0 8.49197 4.3926 -4.82753
5.53 0 8.88958 4.10253 -4.89465
5.54 0 7.72822 4.13953 -4.49706
5.55 0 5.48371 4.20726 -3.54384
5.56 0 3.03599 3.93796 -1.90648
5.57 0 1.12046 3.04013 0.465294
5.58 0 -0.104053 1.62832 3.2852
5.59 0 -0.942147 0.163409 6.01237
5.6 0 -1.81335 -0.752051 8.15521
5.61 0 -2.66312 -0.722664 9.58854
5.62 0 -3.43987 0.0442803 10.2224
5.63 0 -4.00337 0.987448 10.0027
5.64 0 -4.06187 1.68586 9.11182
5.65 0 -3.45832 1.82785 7.70492
5.66 0 -2.3471 1.25655 5.83036
5.67 0 -0.787612 0.287072 3.57155
5.68 0 0.93041 -0.451737 1.0291
5.69 0 2.13556 -0.558231 -1.87624
5.7 0 2.67761 -0.156209 -4.76465
5.71 0 2.7891 0.46981 -7.20398
5.72 0 2.85832 0.818934 -8.78448
5.73 0 3.06429 0.483587 -9.34156
5.74 0 3.21745 -0.302939 -9.04212
5.75 0 2.67053 -1.14596 -8.10563
5.76 0 1.28038 -2.02725 -6.8835
5.77 0 -0.843383 -2.84469 -5.57934
5.78 0 -2.50901 -3.72459 -3.96082
5.79 0 -3.50738 -4.52224 -2.18863
5.8 0 -4.08966 -5.04427 -0.634831
5.81 0 -4.68358 -5.04536 0.432843
5.82 0 -5.20866 -4.58611 0.933844
5.83 0 -5.41268 -3.8304 0.99405
5.84 0 -5.00801 -3.1206 0.720716
5.85 0 -3.869 -2.73641 0.141353
5.86 0 -2.35952 -2.6234 -0.786225
5.87 0 -0.78418 -2.4037 -1.93087
5.88 0 0.603838 -1.72988 -3.07819
5.89 0 1.56177 -0.702706 -4.13143
5.9 0 2.07003 0.320017 -4.99652
5.91 0 2.3859 1.01571 -5.50594
5.92 0 2.47791 1.19961 -5.56233
5.93 0 2.33482 0.853105 -5.16814
5.94 0 1.97388 0.243787 -4.20273
5.95 0 1.37707 -0.361402 -2.79273
5.96 0 0.393095 -0.849582 -1.27797
5.97 0 -0.879912 -1.1945 0.116237
5.98 0 -2.19922 -1.48612 1.25445
5.99 0 -3.26848 -1.81729 2.07952
6 0 -3.67682 -2.03953 2.73391
6.01 0 -3.27665 -1.98354 3.25194
6.02 0 -2.44958 -1.65354 3.38535
6.03 0 -1.54453 -1.06894 2.97946
6.04 0 -0.632431 -0.27498 2.10847
6.05 0 0.270999 0.771022 1.08582
6.06 0 1.18186 1.90889 0.192615
6.07 0 2.07703 2.8739 -0.386852
6.08 0 3.01219 3.53161 -0.482083
6.09 0 3.7597 3.96466 -0.0371537
6.1 0 4.36706 4.0505 0.773458
6.11 0 4.6014 3.97301 1.77495
6.12 0 4.13748 3.94122 2.79239
6.13 0 2.9732 3.9214 3.69941
6.14 0 1.50301 3.75782 4.53316
6.15 0 -0.0134153 3.21374 5.24148
6.16 0 -1.31477 2.12881 5.70632
6.17 0 -2.12992 0.711138 5.92291
6.18 0 -2.31579 -0.531671 5.96579
6.19 0 -1.9975 -1.13478 5.73521
6.2 0 -1.43846 -0.908416 5.09332
6.21 0 -0.773925 0.071337 4.02824
6.22 0 0.0317012 1.4109 2.71903
6.23 0 1.00756 2.62959 1.39904
6.24 0 2.07694 3.32584 0.224908
6.25 0 3.1701 3.51466 -0.57911
6.26 0 4.01262 3.34647 -0.984453
6.27 0 4.16811 2.94778 -1.15869
6.28 0 3.53627 2.44415 -1.16449
6.29 0 2.32661 1.81718 -1.01269
6.3 0 0.906541 0.923626 -0.73599
6.31 0 -0.432942 -0.249238 -0.477567
6.32 0 -1.44949 -1.79327 -0.374183
6.33 0 -2.30108 -3.35878 -0.563403
6.34 0 -3.1563 -4.45556 -1.04649
6.35 0 -3.93424 -4.93371 -1.78847
6.36 0 -4.53815 -4.95346 -2.71427
6.37 0 -4.81493 -4.84446 -3.74851
6.38 0 -4.6649 -4.892 -4.79534
6.39 0 -3.8759 -5.27489 -5.7808
6.4 0 -2.79056 -5.73332 -6.76298
6.41 0 -1.73078 -5.92242 -7.74681
6.42 0 -1.0029 -5.6142 -8.72008
6.43 0 -0.657627 -4.85407 -9.56913
6.44 0 -0.552503 -3.879 -10.0853
6.45 0 -0.498294 -3.07139 -10.1011
6.46 0 -0.483295 -2.8037 -9.63311
6.47 0 -0.563056 -3.14216 -8.77095
6.48 0 -0.589646 -3.88003 -7.61622
6.49 0 -0.93124 -4.44918 -6.29785
6.5 0 -1.66202 -4.69279 -4.93507
6.51 0 -2.49718 -4.54977 -3.7319
6.52 0 -3.34219 -4.10936 -2.71115
6.53 0 -3.93319 -3.52221 -1.80123
6.54 0 -4.08705 -2.85124 -0.846741
6.55 0 -4.05855 -1.99471 0.204781
6.56 0 -3.35829 -1.41221 1.24468
6.57 0 -2.04346 -0.82791 2.3834
6.58 0 -0.347234 0.113322 3.5436
6.59 0 1.11204 1.42272 4.39781
6.6 0 2.18208 2.92103 4.80081
6.61 0 3.02565 4.53569 5.00664
6.62 0 3.73516 5.9946 5.16581
6.63 0 4.45649 6.98156 5.40297
6.64 0 5.2502 7.5785 5.86033
6.65 0 5.96282 7.86803 6.48619
6.66 0 6.45541 8.09313 7.17105
6.67 0 6.63626 8.33795 7.90022
6.68 0 6.407 8.58277 8.56067
6.69 0 5.56168 8.84807 9.15282
6.7 0 4.39723 8.89141 9.75285
6.71 0 3.22164 8.44308 10.3904
6.72 0 2.23288 7.34873 10.9881
6.73 0 1.4837 5.77927 11.461
6.74 0 0.99722 4.15966 11.718
6.75 0 0.584589 2.95701 11.5566
6.76 0 0.0477587 2.42431 10.6876
6.77 0 -0.519463 2.4538 9.19536
6.78 0 -0.767745 2.8149 7.41796
6.79 0 -0.305692 3.27257 5.82307
6.8 0 0.771118 3.52727 4.4851
6.81 0 2.12817 3.42434 3.33459
6.82 0 3.51986 3.15947 2.2816
6.83 0 4.55209 3.15038 1.16495
6.84 0 5.09282 3.51501 0.09274
6.85 0 5.28088 4.14872 -0.823744
6.86 0 5.16114 4.80048 -1.5405
6.87 0 4.94285 4.73993 -1.61924
6.88 0 4.46004 4.23553 -1.0855
6.89 0 1.77073 3.84424 -0.159491
6.9 0 0.429414 2.25373 1.1995
6.91 0 0.282061 -0.0646451 2.43696
6.92 0 -0.375121 -1.99159 3.09484
6.93 0 -1.46298 -2.98998 3.14435
6.94 0 -2.98151 -2.96493 2.598
6.95 0 -4.55318 -2.49613 1.49463
6.96 0 -5.63307 -2.12359 0.181992
6.97 0 -5.86842 -2.51762 -0.969796
6.98 0 -5.36171 -3.77772 -1.82878
6.99 0 -4.19805 -5.28408 -2.4919
7 0 -2.73211 -6.29495 -2.91057
7.01 0 -1.5908 -6.4745 -3.38259
7.02 0 -1.25913 -5.64888 -4.27624
7.03 0 -1.43937 -4.06099 -5.36585
7.04 0 -1.61477 -2.33977 -6.25088
7.05 0 -1.52509 -1.12337 -6.87546
7.06 0 -1.10806 -0.849614 -7.27407
7.07 0 -0.37971 -1.44806 -7.40368
7.08 0 0.406569 -2.54828 -7.3573
7.09 0 0.769121 -3.75734 -7.42225
7.1 0 0.478695 -4.63908 -7.69422
7.11 0 -0.388702 -4.95162 -8.09125
7.12 0 -1.68085 -4.91346 -8.58765
7.13 0 -3.04856 -4.87905 -9.04304
7.14 0 -4.13664 -5.24924 -9.1958
7.15 0 -4.64925 -6.03697 -8.85836
7.16 0 -4.68708 -7.06934 -8.17376
7.17 0 -4.63563 -8.11203 -7.53432
7.18 0 -4.65204 -8.89644 -7.2516
7.19 0 -4.92218 -9.14974 -7.44665
7.2 0 -5.29561 -8.82049 -8.00584
7.21 0 -5.6176 -8.19067 -8.80063
7.22 0 -5.68854 -7.59714 -9.62269
7.23 0 -5.42272 -7.24577 -10.2669
7.24 0 -4.83961 -7.14532 -10.5923
7.25 0 -4.0821 -7.19763 -10.6087
7.26 0 -3.36373 -7.2746 -10.451
7.27 0 -2.89752 -7.27086 -10.2947
7.28 0 -2.74455 -7.08409 -10.2014
7.29 0 -2.84691 -6.73408 -10.1582
7.3 0 -3.02097 -6.29355 -10.0799
7.31 0 -3.1157 -5.83553 -9.9083
7.32 0 -2.99089 -5.47684 -9.60316
7.33 0 -2.6713 -5.10167 -9.09287
7.34 0 -1.99087 -4.44003 -8.35103
7.35 0 -1.10391 -3.82257 -7.32397
7.36 0 1.40361 -3.4777 -6.12052
7.37 0 2.72841 -1.87201 -5.18158
7.38 0 1.11525 0.298056 -3.43426
7.39 0 -0.217597 1.2778 -0.712518
7.4 0 -0.991466 1.33881 2.02555
7.41 0 -1.16679 1.49207 4.15456
7.42 0 -0.797484 1.87476 5.4881
7.43 0 -0.247538 2.12678 6.58283
7.44 0 0.718943 2.69581 7.63063
7.45 0 1.75175 3.73158 8.43466
7.46 0 2.52575 4.86506 8.91806
7.47 0 3.08803 6.01995 9.13153
7.48 0 3.48919 7.03902 9.14904
7.49 0 3.85382 7.75289 9.09384
7.5 0 3.00634 8.38658 8.94973
7.51 0 0.679747 8.78451 8.89974
7.52 0 2.5463 7.13085 9.52533
7.53 0 4.61037 5.28051 10.2234
7.54 0 6.06753 4.24956 10.6318
7.55 0 6.52015 4.20732 10.62
7.56 0 5.63169 5.8814 9.89339
7.57 0 4.49601 6.53507 9.236
7.58 0 2.83456 8.42197 8.18188
7.59 0 1.71199 9.8223 7.39888
7.6 0 1.76324 9.78127 7.26567
7.61 0 2.87921 8.35856 7.72516
7.62 0 4.23783 6.05799 8.25056
7.63 0 4.75564 3.51319 8.13058
7.64 0 4.11688 1.69394 7.3001
7.65 0 2.58053 1.15096 6.03276
7.66 0 0.747664 1.93966 4.58437
7.67 0 -0.701704 3.14636 3.3653
7.68 0 -1.24332 3.8517 2.63898
7.69 0 -0.712642 3.58798 2.51217
7.7 0 0.605532 2.55638 2.82227
7.71 0 2.12461 1.41025 3.24946
7.72 0 3.17844 0.816657 3.40049
7.73 0 3.39433 1.11663 3.0754
7.74 0 2.84455 2.16496 2.35436
7.75 0 2.00271 3.45989 1.58658
7.76 0 1.45018 4.424 1.18318
7.77 0 1.54739 4.68874 1.39487
7.78 0 2.29377 4.3054 2.23253
7.79 0 3.29915 3.62718 3.43109
7.8 0 4.0036 3.11785 4.57443
7.81 0 4.09572 3.19806 5.43078
7.82 0 3.48373 3.84843 5.86683
7.83 0 2.43912 4.74301 5.99717
7.84 0 1.44181 5.43962 6.0905
7.85 0 0.898561 5.59704 6.37543
7.86 0 0.933391 5.13719 6.89639
7.87 0 1.37414 4.29575 7.51457
7.88 0 1.86382 3.47512 7.97907
7.89 0 2.10096 3.06646 8.10199
7.9 0 1.99503 3.24331 7.8612
7.91 0 1.64368 3.83626 7.36115
7.92 0 1.27998 4.47433 6.80092
7.93 0 1.16662 4.82367 6.40198
7.94 0 1.42562 4.75903 6.2807
7.95 0 1.97875 4.38003 6.39934
7.96 0 2.59064 3.91436 6.61739
7.97 0 2.98347 3.6468 6.7719
7.98 0 2.9032 3.52812 6.64053
7.99 0 2.03477 3.2497 5.87893
8 0 0.749343 2.62985 4.73805
8.01 0 -0.416536 1.83392 3.59103
8.02 0 -1.21756 0.895858 2.54523
8.03 0 -2.64814 -0.263474 1.35446
8.04 0 -4.60087 -1.64962 0.14395
8.05 0 -3.34936 -3.75765 -0.884294
8.06 0 -1.43171 -4.40532 -3.20689
8.07 0 -0.113991 -3.95544 -6.17454
8.08 0 0.491465 -3.34313 -8.63037
8.09 0 0.759297 -3.02295 -10.214
8.1 0 0.747321 -3.05516 -10.8592
8.11 0 0.640816 -3.16179 -11.1748
8.12 0 0.483319 -3.26374 -11.0439
8.13 0 0.237459 -3.41767 -10.5258
8.14 0 -0.201761 -3.74665 -9.76407
8.15 0 -0.917404 -4.23576 -8.98909
8.16 0 -1.8854 -4.8541 -8.26634
8.17 0 -2.81252 -5.34139 -7.40132
8.18 0 -3.44707 -5.55473 -6.21262
8.19 0 -3.85771 -5.51512 -4.89339
8.2 0 -3.91265 -5.05414 -3.39945
8.21 0 -3.84272 -4.38711 -2.03849
8.22 0 -3.69975 -3.63628 -0.908941
8.23 0 -3.52814 -3.0301 -0.0290908
8.24 0 -3.32486 -2.67104 0.608466
8.25 0 -3.05669 -2.43637 1.00749
8.26 0 -2.68026 -2.19251 1.23154
8.27 0 -2.36754 -2.0242 1.14654
8.28 0 -2.17829 -1.94869 0.728446
8.29 0 -2.11169 -1.99203 0.0073696
8.3 0 -2.09013 -2.13719 -0.912864
8.31 0 -1.97687 -2.30074 -1.88787
8.32 0 -1.72306 -2.45027 -2.83026
8.33 0 -1.27213 -2.48187 -3.62465
8.34 0 -0.611942 -2.28168 -4.17926
8.35 0 0.146115 -1.83872 -4.52132
8.36 0 0.903798 -1.17624 -4.67123
8.37 0 1.45675 -0.499837 -4.77562
8.38 0 1.67618 -0.0305163 -4.93696
8.39 0 1.62482 0.153448 -5.0997
8.4 0 1.34909 -0.0271683 -5.24152
8.41 0 0.892341 -0.580995 -5.3477
8.42 0 0.156666 -1.6893 -5.46037
8.43 0 -0.735179 -3.01093 -5.44839
8.44 0 -1.62334 -4.13207 -5.2102
8.45 0 -2.49755 -4.8621 -4.83885
8.46 0 -3.33477 -5.18309 -4.43312
8.47 0 -4.08375 -5.21973 -4.07897
8.48 0 -4.62859 -5.13287 -3.78869
8.49 0 -4.89684 -5.08552 -3.58625
8.5 0 -4.87094 -5.15486 -3.49749
8.51 0 -4.59159 -5.29906 -3.54997
8.52 0 -4.16164 -5.41924 -3.78633
8.53 0 -3.70548 -5.42226 -4.2483
8.54 0 -3.31572 -5.28466 -4.93975
8.55 0 -3.03164 -5.07438 -5.82159
8.56 0 -2.82694 -4.90706 -6.80143
8.57 0 -2.6028 -4.84483 -7.71921
8.58 0 -2.25323 -4.8585 -8.40011
8.59 0 -1.74085 -4.8443 -8.72485
8.6 0 -1.11068 -4.66646 -8.65058
8.61 0 -0.637037 -4.39317 -8.38035
8.62 0 -0.494264 -4.0874 -8.06287
8.63 0 -0.682293 -3.79914 -7.73442
8.64 0 -1.11187 -3.61918 -7.39813
8.65 0 -1.6183 -3.58887 -7.01202
8.66 0 -2.0266 -3.6744 -6.53138
8.67 0 -2.13185 -3.67039 -5.847
8.68 0 -1.74698 -3.25834 -4.81377
8.69 0 -1.16102 -2.57295 -3.69973
8.7 0 -0.6121 -1.73624 -2.69477
8.71 0 -0.0837925 -0.756044 -1.74727
8.72 0 0.303442 0.170637 -0.943952
8.73 0 0.612342 1.01651 -0.206145
8.74 0 0.927019 1.61634 0.525577
8.75 0 1.11332 2.08911 1.21171
8.76 0 1.19349 2.3834 1.8859
8.77 0 1.39431 2.19159 2.68362
8.78 0 1.34369 1.82999 3.33138
8.79 0 0.470003 1.61048 3.54538
8.8 0 0.851063 0.41555 3.84626
8.81 0 0.944696 -0.261117 4.44797
8.82 0 -0.27927 0.211855 4.95176
8.83 0 -1.97913 1.03258 5.23948
8.84 0 -3.0528 1.66644 5.28482
8.85 0 -3.18577 1.80595 5.21034
8.86 0 -2.50788 1.51637 5.19983
8.87 0 -1.09906 0.836655 5.24925
8.88 0 0.41017 0.39747 5.07382
8.89 0 1.61037 0.521046 4.43729
8.9 0 2.29143 1.36555 3.41607
8.91 0 2.6243 2.8068 2.22344
8.92 0 2.90497 4.32201 1.17798
8.93 0 3.35505 5.31399 0.512585
8.94 0 3.96686 5.44657 0.262324
8.95 0 4.59818 4.90135 0.317283
8.96 0 5.00037 4.17533 0.430229
8.97 0 4.9931 3.58006 0.53831
8.98 0 4.65855 3.32361 0.770675
8.99 0 4.0762 3.46881 1.18235
9 0 3.34788 3.8618 1.78418
9.01 0 2.67715 4.29711 2.61777
9.02 0 2.16084 4.60361 3.57314
9.03 0 1.89583 4.55923 4.71599
9.04 0 1.81487 4.23183 5.95882
9.05 0 1.69192 3.71842 7.07683
9.06 0 1.38802 3.21697 7.95101
9.07 0 0.889019 2.90599 8.55402
9.08 0 0.238501 2.81351 8.87222
9.09 0 -0.408884 2.87606 8.96879
9.1 0 -0.881319 2.96153 8.91418
9.11 0 -1.09198 2.91102 8.72366
9.12 0 -1.0589 2.68931 8.24626
9.13 0 -0.790504 2.36991 7.40368
9.14 0 -0.278442 2.10703 6.30909
9.15 0 0.366424 1.95896 4.99576
9.16 0 1.08758 1.99789 3.57985
9.17 0 1.84138 2.22757 2.19257
9.18 0 2.57086 2.56791 0.941418
9.19 0 3.2137 2.90032 -0.0971346
9.2 0 3.7609 3.17491 -0.824574
9.21 0 4.18303 3.36852 -1.19193
9.22 0 4.46551 3.51753 -1.16476
9.23 0 4.67587 3.7629 -0.654415
9.24 0 4.70348 4.03946 0.231948
9.25 0 4.42776 4.22741 1.34071
9.26 0 3.88819 4.34694 2.62327
9.27 0 3.1646 4.38992 4.01234
9.28 0 2.1892 4.17587 5.26227
9.29 0 1.07887 3.70043 6.29685
9.3 0 -0.00949599 3.0313 7.08365
9.31 0 -1.05295 2.15268 7.48158
9.32 0 -1.90144 1.25029 7.51448
9.33 0 -2.42954 0.529881 7.22297
9.34 0 -2.6725 0.0184288 6.55761
9.35 0 -2.53623 -0.175573 5.67169
9.36 0 -2.05573 -0.0819737 4.66907
9.37 0 -1.36719 0.132106 3.60327
9.38 0 -0.554684 0.352647 2.58566
9.39 0 0.324305 0.508784 1.69668
9.4 0 1.15146 0.690469 0.944189
9.41 0 1.78804 0.946296 0.263909
9.42 0 2.17082 1.27182 -0.401973
9.43 0 2.34891 1.52583 -1.08592
9.44 0 2.30682 1.75173 -1.80884
9.45 0 2.17244 1.76362 -2.35612
9.46 0 1.97036 1.49191 -2.71205
9.47 0 1.71924 0.979082 -2.89512
9.48 0 1.4665 0.267843 -2.9517
9.49 0 1.17193 -0.772081 -2.7835
9.5 0 -0.473872 -1.1967 -2.79539
9.51 0 -2.88867 -1.5388 -2.74635
9.52 0 -3.44485 -2.67439 -2.47753
9.53 0 -2.74147 -4.17625 -2.07347
9.54 0 -2.23375 -4.96014 -2.00031
9.55 0 -2.10878 -4.94596 -2.3819
9.56 0 -2.28843 -4.13629 -3.15566
9.57 0 -2.40785 -3.00768 -3.99122
9.58 0 -2.27864 -2.01796 -4.63211
9.59 0 -1.79667 -1.55247 -4.90107
9.6 0 -1.09072 -1.72629 -4.81553
9.61 0 -0.374362 -2.29126 -4.62134
9.62 0 0.0938201 -2.86145 -4.43806
9.63 0 0.0827106 -3.23067 -4.40799
9.64 0 -0.452419 -3.29398 -4.56587
9.65 0 -1.30816 -3.12585 -4.82494
9.66 0 -2.2233 -3.00599 -5.06286
9.67 0 -2.89847 -3.13619 -5.12074
9.68 0 -3.13648 -3.55775 -4.87095
9.69 0 -3.01211 -4.1556 -4.40478
9.7 0 -2.72739 -4.66605 -3.88991
9.71 0 -2.44811 -4.77552 -3.44623
9.72 0 -2.26409 -4.34209 -3.13521
9.73 0 -2.22884 -3.53861 -3.01787
9.74 0 -2.23315 -2.64564 -3.02306
9.75 0 -2.06508 -1.8982 -2.97623
9.76 0 -1.66089 -1.49203 -2.81788
9.77 0 -1.13965 -1.49918 -2.62072
9.78 0 -0.637589 -1.74771 -2.43926
9.79 0 -0.285977 -1.97109 -2.3203
9.8 0 -0.219215 -2.02504 -2.34218
9.81 0 -0.438255 -1.88549 -2.4994
9.82 0 -0.791263 -1.6277 -2.68025
9.83 0 -1.13245 -1.44057 -2.80188
9.84 0 -1.301 -1.42354 -2.75845
9.85 0 -1.21078 -1.54508 -2.48395
9.86 0 -0.936682 -1.70821 -2.02916
9.87 0 -0.644536 -1.77524 -1.54309
9.88 0 -0.479437 -1.59558 -1.14301
9.89 0 -0.476445 -1.17311 -0.867831
9.9 0 -0.58409 -0.666282 -0.700747
9.91 0 -0.69807 -0.258111 -0.585787
9.92 0 -0.666422 -0.0345587 -0.406791
9.93 0 -0.448543 0.000990434 -0.127979
9.94 0 -0.127221 -0.0867882 0.189143
9.95 0 0.198341 -0.144948 0.498392
9.96 0 0.385358 -0.0635962 0.685216
9.97 0 0.367909 0.157492 0.704439
9.98 0 0.194635 0.431539 0.594827
9.99 0 -0.137605 0.615443 0.314041
10 0 -0.488886 0.500714 -0.0589537
10.01 0 -0.347262 0.0585312 -0.284884
10.02 0 0.33177 -0.559868 -0.400895
10.03 0 1.13233 -0.914601 -0.512321
10.04 0 1.52786 -0.584656 -0.666953
10.05 0 1.26592 0.322263 -0.896887
10.06 0 0.771895 1.33993 -1.01287
10.07 0 0.265309 2.03344 -0.818226
10.08 0 -0.0143058 2.07124 -0.224109
10.09 0 0.147407 1.43429 0.694983
10.1 0 0.517294 0.451691 1.69369
10.11 0 0.754315 -0.30741 2.46104
10.12 0 0.541947 -0.504668 2.82225
10.13 0 -0.138332 -0.176353 2.70072
10.14 0 -0.975077 0.430162 2.28389
10.15 0 -1.51709 0.977537 1.87179
10.16 0 -1.45771 1.21087 1.6879
10.17 0 -0.760062 1.14559 1.81998
10.18 0 0.381038 1.01964 2.19476
10.19 0 1.53563 1.05225 2.53978
10.2 0 2.302 1.40096 2.61432
10.21 0 2.51006 2.0389 2.33479
10.22 0 2.35897 2.82998 1.90684
10.23 0 2.18304 3.55486 1.61992
10.24 0 2.21918 3.97045 1.66604
10.25 0 2.54195 4.01006 2.1125
10.26 0 3.00732 3.78376 2.85233
10.27 0 3.35848 3.52077 3.68217
10.28 0 3.37054 3.43128 4.4026
10.29 0 2.97232 3.58749 4.90634
10.3 0 2.30757 3.92048 5.2383
10.31 0 1.61166 4.23182 5.50191
10.32 0 1.07953 4.28724 5.76412
10.33 0 0.834002 3.9929 6.04592
10.34 0 0.834483 3.43226 6.27912
10.35 0 0.904128 2.77588 6.30554
10.36 0 0.877481 2.26001 6.02646
10.37 0 0.725419 2.04096 5.43006
10.38 0 0.56026 2.10238 4.62104
10.39 0 0.492941 2.27749 3.72162
10.4 0 0.619067 2.37814 2.85489
10.41 0 0.979919 2.31795 2.12418
10.42 0 1.52386 1.89794 1.57314
10.43 0 1.76543 1.49617 0.941552
10.44 0 1.29384 1.29406 0.222751
10.45 0 0.366292 1.05762 -0.442117
10.46 0 -0.208325 0.415749 -0.928716
10.47 0 -0.236829 -0.605688 -1.22567
10.48 0 0.329921 -1.70698 -1.44873
10.49 0 0.418633 -2.16301 -1.91858
10.5 0 -0.0405938 -2.20353 -2.66337
10.51 0 -0.872996 -2.04139 -3.55218
10.52 0 -1.68752 -1.9373 -4.24629
10.53 0 -2.11048 -2.15454 -4.6107
10.54 0 -2.20646 -2.79449 -4.70297
10.55 0 -2.07687 -3.64803 -4.59972
10.56 0 -1.9345 -4.38925 -4.44803
10.57 0 -1.96482 -4.76411 -4.39427
10.58 0 -2.24216 -4.66481 -4.50777
10.59 0 -2.62845 -4.23362 -4.70566
10.6 0 -2.88082 -3.68776 -4.82407
10.61 0 -2.7932 -3.21061 -4.71309
10.62 0 -2.33361 -2.91017 -4.34675
10.63 0 -1.67012 -2.79556 -3.84417
10.64 0 -1.00749 -2.72031 -3.32254
10.65 0 -0.508422 -2.48973 -2.86531
10.66 0 -0.274668 -2.02564 -2.52097
10.67 0 -0.336132 -1.45254 -2.32617
10.68 0 -0.564058 -0.941792 -2.2003
10.69 0 -0.775872 -0.648022 -2.02595
10.7 0 -0.867352 -0.659105 -1.74815
10.71 0 -0.848276 -0.943993 -1.39783
10.72 0 -0.833464 -1.38493 -1.08784
10.73 0 -0.956651 -1.83356 -0.945694
10.74 0 -1.29754 -2.1917 -1.05946
10.75 0 -1.74667 -2.34275 -1.3558
10.76 0 -2.09287 -2.2853 -1.67622
10.77 0 -2.17221 -2.11659 -1.89896
10.78 0 -1.97237 -1.9699 -2.01768
10.79 0 -1.54675 -1.87588 -2.04942
10.8 0 -1.02393 -1.81493 -2.05241
10.81 0 -0.539937 -1.70573 -2.08078
10.82 0 -0.176424 -1.47237 -2.14428
10.83 0 0.0773125 -1.12989 -2.22219
10.84 0 0.194217 -0.758117 -2.29393
10.85 0 0.190392 -0.47542 -2.32383
10.86 0 0.108847 -0.388046 -2.28331
10.87 0 -0.0336992 -0.535245 -2.16002
10.88 0 -0.242598 -0.824124 -1.93342
10.89 0 -0.452699 -1.00081 -1.61546
10.9 0 -0.392334 -1.11612 -1.16274
10.91 0 0.00970212 -1.16158 -0.699756
10.92 0 0.368061 -0.964853 -0.359532
10.93 0 0.493062 -0.425524 -0.163397
10.94 0 0.322493 0.38821 -0.0238485
10.95 0 0.0759745 1.22382 0.22474
10.96 0 -0.0906267 1.81025 0.704046
10.97 0 -0.120476 1.97991 1.44968
10.98 0 0.254854 1.62549 2.41556
10.99 0 0.749993 1.16132 3.27499
11 0 1.0509 0.904483 3.80187
11.01 0 0.949486 0.997773 3.90821
11.02 0 0.446951 1.30398 3.55826
11.03 0 -0.254363 1.53973 2.8668
11.04 0 -0.727986 1.57433 2.17335
11.05 0 -0.704611 1.39423 1.73739
11.06 0 -0.191533 1.01644 1.55871
11.07 0 0.521944 0.581687 1.46279
11.08 0 1.17102 0.361424 1.32474
11.09 0 1.58621 0.548968 1.08491
11.1 0 1.74229 1.12762 0.776996
11.11 0 1.77417 1.93285 0.54056
11.12 0 1.81004 2.63135 0.47923
11.13 0 1.89948 2.92984 0.619724
11.14 0 2.00616 2.778 0.92607
11.15 0 2.09338 2.34729 1.37305
11.16 0 2.0631 1.89053 1.87627
11.17 0 1.78882 1.57411 2.2968
11.18 0 1.27136 1.47512 2.57681
11.19 0 0.634785 1.55624 2.75536
11.2 0 0.0615385 1.68357 2.90239
11.21 0 -0.26987 1.74305 3.09734
11.22 0 -0.307366 1.65997 3.33901
11.23 0 -0.122489 1.45711 3.56346
11.24 0 0.171579 1.2528 3.67549
11.25 0 0.462582 1.19434 3.60868
11.26 0 0.662552 1.32972 3.32501
11.27 0 0.748496 1.5912 2.83577
11.28 0 0.811769 1.87646 2.2571
11.29 0 0.96868 2.07423 1.72981
11.3 0 1.29423 2.13624 1.3676
11.31 0 1.71986 2.09215 1.1736
11.32 0 2.1167 2.01053 1.10004
11.33 0 2.34115 1.95 1.07045
11.34 0 2.32117 1.95672 1.04706
11.35 0 2.08638 2.03076 1.05063
11.36 0 1.72337 2.09936 1.12127
11.37 0 1.33952 2.07706 1.29942
11.38 0 0.982934 1.9259 1.59596
11.39 0 0.678574 1.64919 1.97646
11.4 0 0.418844 1.27362 2.35075
11.41 0 0.166051 0.90211 2.64193
11.42 0 -0.0928938 0.639225 2.80144
11.43 0 -0.328025 0.39182 2.81955
11.44 0 -1.01576 0.344017 2.63956
11.45 0 -1.77484 0.325052 2.28562
11.46 0 -2.23082 0.123902 1.84802
11.47 0 -1.98519 -0.408588 1.46222
11.48 0 -1.14544 -1.09064 1.04471
11.49 0 -0.258217 -1.51942 0.44653
11.5 0 0.424787 -1.45453 -0.404401
11.51 0 0.986107 -0.962237 -1.46719
11.52 0 1.13073 -0.13951 -2.64739
11.53 0 1.05422 0.613625 -3.67727
11.54 0 1.01448 0.867239 -4.235
11.55 0 1.11209 0.556266 -4.31545
11.56 0 1.27903 -0.176359 -4.00422
11.57 0 1.29771 -1.02362 -3.46539
11.58 0 0.996964 -1.68135 -2.87404
11.59 0 0.314386 -1.96734 -2.36574
11.6 0 -0.71218 -1.922 -1.98964
11.61 0 -1.84975 -1.77293 -1.69924
11.62 0 -2.81868 -1.79111 -1.41747
11.63 0 -3.43103 -2.16647 -1.11776
11.64 0 -3.64869 -2.81672 -0.847384
11.65 0 -3.56668 -3.56264 -0.704458
11.66 0 -3.37348 -4.15695 -0.830773
11.67 0 -3.20211 -4.38287 -1.2939
11.68 0 -3.07591 -4.18749 -2.05889
11.69 0 -2.91456 -3.69951 -2.99824
11.7 0 -2.59417 -3.14776 -3.93885
11.71 0 -2.02075 -2.72516 -4.71064
11.72 0 -1.22258 -2.51256 -5.22701
11.73 0 -0.354606 -2.46251 -5.52713
11.74 0 0.376182 -2.44523 -5.67997
11.75 0 0.828287 -2.30403 -5.71584
11.76 0 0.912753 -2.01456 -5.64267
11.77 0 0.640202 -1.69528 -5.45916
11.78 0 0.106027 -1.47395 -5.14238
11.79 0 -0.53836 -1.5362 -4.65282
11.8 0 -1.15411 -1.90952 -3.97428
11.81 0 -1.66123 -2.46539 -3.13343
11.82 0 -2.07131 -2.99791 -2.24021
11.83 0 -2.45282 -3.3428 -1.44211
11.84 0 -2.82483 -3.43441 -0.80689
11.85 0 -3.1618 -3.21729 -0.409347
11.86 0 -3.37272 -2.82173 -0.202408
11.87 0 -3.28044 -2.40685 -0.167453
11.88 0 -2.86405 -2.03967 -0.234886
11.89 0 -2.16687 -1.69928 -0.402009
11.9 0 -1.34621 -1.22274 -0.694786
11.91 0 0.429536 -0.963166 -0.974361
11.92 0 2.60359 -0.55839 -1.32888
11.93 0 3.55516 0.580158 -1.8713
11.94 0 3.1169 2.26075 -2.41462
11.95 0 2.23565 3.64371 -2.55404
11.96 0 1.77629 3.94044 -1.95868
11.97 0 1.86551 3.0887 -0.607639
11.98 0 2.16089 1.75966 1.16185
11.99 0 2.25503 0.608329 2.80675
12 0 1.74403 0.267263 3.93832
12.01 0 0.644296 0.74893 4.53966
12.02 0 -0.682668 1.66199 4.76872
12.03 0 -1.6989 2.48306 4.90931
12.04 0 -1.98606 2.79427 5.16254
12.05 0 -1.45681 2.53474 5.58786
12.06 0 -0.360678 1.98933 6.01221
12.07 0 0.817485 1.53037 6.21123
12.08 0 1.68795 1.55552 5.97054
12.09 0 2.09337 2.18333 5.24151
12.1 0 2.10706 3.21378 4.13779
12.11 0 2.04796 4.22064 2.97532
12.12 0 2.20241 4.75319 2.04401
12.13 0 2.69512 4.62868 1.51928
12.14 0 3.40422 3.98843 1.39619
12.15 0 4.04538 3.2146 1.54176
12.16 0 4.28614 2.67724 1.74891
12.17 0 3.94967 2.57015 1.87937
12.18 0 3.11942 2.8371 1.9459
12.19 0 2.09182 3.22548 2.0858
12.2 0 1.17287 3.39819 2.41996
12.21 0 0.573161 3.12459 2.98995
12.22 0 0.34097 2.42585 3.74302
12.23 0 0.307014 1.60006 4.48149
12.24 0 0.257741 0.953527 4.99655
12.25 0 0.0586069 0.737172 5.15231
12.26 0 -0.284446 0.962394 4.91758
12.27 0 -0.665006 1.43036 4.37211
12.28 0 -0.818702 1.84352 3.70082
12.29 0 -0.577803 1.97135 3.0548
12.3 0 0.0413179 1.77248 2.49458
12.31 0 0.862202 1.40083 1.99191
12.32 0 1.60709 1.08053 1.44487
12.33 0 2.10795 0.896548 0.784019
12.34 0 2.29941 0.958334 -0.0441016
12.35 0 1.74066 1.34215 -0.881132
12.36 0 0.649253 1.67195 -1.53626
12.37 0 -0.402331 1.46658 -1.79177
12.38 0 -0.589685 0.436999 -1.53761
12.39 0 -0.155998 -1.07538 -1.00284
12.4 0 0.61354 -2.46473 -0.562097
12.41 0 0.604809 -2.82916 -0.628587
12.42 0 -0.156067 -2.3316 -1.1956
12.43 0 -1.29296 -1.41991 -2.02893
12.44 0 -2.22551 -0.708411 -2.73281
12.45 0 -2.49316 -0.667519 -3.02913
12.46 0 -2.12905 -1.34437 -2.86906
12.47 0 -1.3732 -2.38368 -2.45813
12.48 0 -0.690266 -3.26625 -2.10494
12.49 0 -0.455648 -3.57248 -2.06336
12.5 0 -0.739947 -3.19917 -2.35052
12.51 0 -1.33732 -2.38212 -2.83494
12.52 0 -1.88425 -1.51709 -3.2783
12.53 0 -2.07375 -1.07219 -3.48706
12.54 0 -1.80279 -1.23878 -3.3921
12.55 0 -1.21875 -1.86821 -3.07766
12.56 0 -0.658845 -2.62845 -2.75683
12.57 0 -0.445059 -3.16388 -2.65092
12.58 0 -0.695293 -3.25353 -2.8363
12.59 0 -1.29255 -2.94253 -3.23561
12.6 0 -1.93303 -2.46631 -3.64062
12.61 0 -2.32172 -2.13225 -3.85668
12.62 0 -2.31126 -2.14406 -3.79692
12.63 0 -1.94814 -2.47767 -3.49748
12.64 0 -1.43915 -2.91551 -3.09668
12.65 0 -1.03923 -3.17967 -2.7651
12.66 0 -0.93748 -3.11027 -2.63598
12.67 0 -1.14245 -2.72186 -2.72036
12.68 0 -1.48456 -2.18462 -2.90084
12.69 0 -1.73943 -1.7435 -3.02612
12.7 0 -1.74648 -1.54066 -2.98514
12.71 0 -1.48505 -1.6283 -2.76169
12.72 0 -1.06742 -1.90345 -2.42622
12.73 0 -0.685882 -2.13298 -2.10323
12.74 0 -0.483579 -2.13523 -1.88122
12.75 0 -0.50156 -1.84396 -1.78442
12.76 0 -0.687925 -1.37844 -1.78704
12.77 0 -0.865166 -0.967167 -1.80386
12.78 0 -0.954375 -0.763873 -1.77258
12.79 0 -0.896685 -0.817416 -1.64665
12.8 0 -0.770527 -1.06993 -1.43499
12.81 0 -0.633719 -1.31624 -1.20664
12.82 0 -0.605637 -1.30387 -1.04473
12.83 0 -0.140168 -1.26414 -0.920614
12.84 0 0.501392 -1.06875 -0.901196
12.85 0 1.03193 -0.57161 -0.98406
12.86 0 0.987328 0.314112 -1.11049
12.87 0 0.666854 1.22029 -1.11645
12.88 0 0.0309851 1.88617 -0.831436
12.89 0 -0.11772 1.84693 -0.0825683
12.9 0 0.223213 1.13361 1.05024
12.91 0 0.662369 0.312782 2.18307
12.92 0 0.867987 -0.105675 2.91429
12.93 0 0.595629 0.0274074 3.19295
12.94 0 -0.0433873 0.598118 3.05996
12.95 0 -0.752955 1.30078 2.72887
12.96 0 -1.15272 1.71926 2.39932
12.97 0 -1.03422 1.65765 2.2273
12.98 0 -0.394758 1.22053 2.25786
12.99 0 0.496869 0.722126 2.35918
13 0 1.3164 0.45577 2.3679
13.01 0 1.79441 0.698011 2.15817
13.02 0 1.89974 1.44017 1.74719
13.03 0 1.81835 2.42047 1.31233
13.04 0 1.79318 3.26445 1.05466
13.05 0 1.9792 3.66829 1.09989
13.06 0 2.44138 3.6296 1.5127
13.07 0 3.02021 3.34974 2.20907
13.08 0 3.3922 3.0618 2.9376
13.09 0 3.35059 2.98406 3.52664
13.1 0 2.88305 3.19001 3.9274
13.11 0 2.13057 3.54543 4.16999
13.12 0 1.35033 3.80498 4.37559
13.13 0 0.776629 3.76736 4.64717
13.14 0 0.516107 3.37937 5.00776
13.15 0 0.527637 2.76821 5.39904
13.16 0 0.666991 2.15902 5.69136
13.17 0 0.727268 1.74713 5.7145
13.18 0 0.644476 1.70737 5.40855
13.19 0 0.489572 1.99971 4.84438
13.2 0 0.387732 2.40985 4.12977
13.21 0 0.492893 2.71455 3.41733
13.22 0 0.86458 2.79105 2.78891
13.23 0 1.43093 2.60435 2.28026
13.24 0 2.0483 2.28325 1.86871
13.25 0 2.5836 1.9783 1.50675
13.26 0 2.79659 1.8722 1.10577
13.27 0 2.6526 1.94481 0.665187
13.28 0 2.25088 2.1154 0.279471
13.29 0 1.7425 2.17339 0.0336855
13.3 0 1.22789 1.99219 0.00465959
13.31 0 0.834229 1.53979 0.225876
13.32 0 0.55483 0.88048 0.614788
13.33 0 0.324669 0.133975 1.07624
13.34 0 -0.120822 -0.461382 1.51411
13.35 0 -1.58616 -0.446668 1.74682
13.36 0 -2.91052 -0.396465 1.86701
13.37 0 -3.11232 -0.745176 2.01924
13.38 0 -2.33414 -1.46252 2.0627
13.39 0 -1.20037 -2.11045 1.75076
13.4 0 -0.475175 -2.19073 0.870346
13.41 0 -0.304837 -1.56456 -0.563928
13.42 0 -0.416592 -0.755787 -2.22963
13.43 0 -0.488283 -0.226103 -3.73068
13.44 0 -0.305546 -0.275021 -4.6297
13.45 0 0.208327 -0.781792 -5.02384
13.46 0 0.859523 -1.52919 -5.02315
13.47 0 1.32691 -2.13197 -4.8145
13.48 0 1.34668 -2.31544 -4.55072
13.49 0 0.837283 -2.04316 -4.33926
13.5 0 -0.0379057 -1.55665 -4.12995
13.51 0 -0.977972 -1.13437 -3.79526
13.52 0 -1.68945 -1.12378 -3.20822
13.53 0 -2.05477 -1.59427 -2.38508
13.54 0 -2.15292 -2.35776 -1.45826
13.55 0 -2.18276 -3.08598 -0.644298
13.56 0 -2.3334 -3.48043 -0.141215
13.57 0 -2.65506 -3.41295 -0.0325571
13.58 0 -3.05044 -2.99098 -0.285042
13.59 0 -3.30862 -2.46682 -0.757755
13.6 0 -3.23516 -2.1073 -1.29061
13.61 0 -2.77141 -2.06424 -1.79058
13.62 0 -2.03539 -2.3074 -2.26923
13.63 0 -1.22888 -2.63444 -2.76857
13.64 0 -0.584073 -2.82587 -3.33907
13.65 0 -0.214093 -2.74548 -3.97789
13.66 0 -0.113748 -2.42586 -4.62093
13.67 0 -0.178512 -1.98774 -5.17644
13.68 0 -0.266317 -1.6266 -5.52446
13.69 0 -0.281141 -1.50071 -5.5713
13.7 0 -0.221468 -1.68878 -5.30048
13.71 0 -0.182032 -2.0861 -4.80008
13.72 0 -0.27208 -2.48532 -4.16615
13.73 0 -0.605875 -2.75431 -3.51198
13.74 0 -1.16949 -2.79989 -2.93073
13.75 0 -1.82665 -2.6468 -2.40862
13.76 0 -2.42131 -2.41212 -1.91774
13.77 0 -2.81173 -2.2195 -1.4375
13.78 0 -2.90645 -2.20306 -0.970921
13.79 0 -2.70363 -2.28746 -0.541926
13.8 0 -2.32996 -2.38458 -0.250932
13.81 0 -1.92977 -2.36135 -0.184454
13.82 0 -1.53781 -2.12366 -0.348306
13.83 0 -1.14524 -1.66933 -0.689883
13.84 0 -0.799556 -1.0796 -1.11701
13.85 0 -0.427615 -0.461881 -1.53168
13.86 0 0.0633355 0.149752 -1.8736
13.87 0 1.6383 0.248189 -1.95588
13.88 0 3.21044 0.383634 -1.92502
13.89 0 3.68358 1.03899 -1.89943
13.9 0 3.10408 2.07032 -1.80137
13.91 0 1.92902 3.01175 -1.39362
13.92 0 1.07478 3.25078 -0.444263
13.93 0 0.740499 2.58405 1.05505
13.94 0 0.706058 1.46929 2.78715
13.95 0 0.696724 0.485478 4.22568
13.96 0 0.302829 0.149898 5.11414
13.97 0 -0.455311 0.399459 5.46643
13.98 0 -1.313 1.05195 5.40113
13.99 0 -1.87396 1.72795 5.14872
14 0 -1.89538 2.11111 4.8839
14.01 0 -1.26793 2.07538 4.70218
14.02 0 -0.186005 1.76972 4.52586
14.03 0 1.03285 1.51626 4.21871
14.04 0 2.04145 1.61443 3.65291
14.05 0 2.66574 2.11335 2.82411
14.06 0 2.90686 2.89582 1.8443
14.07 0 2.93532 3.65081 0.919387
14.08 0 2.96151 4.06004 0.265914
14.09 0 3.11323 3.97566 0.0282022
14.1 0 3.34992 3.47153 0.209929
14.11 0 3.50321 2.80417 0.696763
14.12 0 3.37685 2.27144 1.31989
14.13 0 2.84733 2.03779 1.91712
14.14 0 1.98296 2.10772 2.44397
14.15 0 0.995988 2.32383 2.93842
14.16 0 0.118977 2.43414 3.44293
14.17 0 -0.468901 2.26883 3.98285
14.18 0 -0.697311 1.83452 4.52826
14.19 0 -0.657311 1.2811 4.97024
14.2 0 -0.502658 0.809032 5.17151
14.21 0 -0.368261 0.615846 5.02218
14.22 0 -0.32541 0.766487 4.48605
14.23 0 -0.319457 1.13146 3.64187
14.24 0 -0.214743 1.48339 2.64042
14.25 0 0.109908 1.66459 1.6514
14.26 0 0.682505 1.60445 0.80671
14.27 0 1.3833 1.35953 0.123556
14.28 0 2.02539 1.08425 -0.43056
14.29 0 2.45384 0.975924 -0.890851
14.3 0 2.59035 1.10161 -1.24919
14.31 0 2.42518 1.39899 -1.44393
14.32 0 2.1247 1.68205 -1.41518
14.33 0 1.74823 1.74803 -1.13119
14.34 0 1.35481 1.51004 -0.60851
14.35 0 0.983615 0.869952 0.115252
14.36 0 0.388308 0.210927 0.859909
14.37 0 -1.06522 -0.125105 1.47221
14.38 0 -2.6235 -0.405742 1.99627
14.39 0 -3.36287 -0.981822 2.4866
14.4 0 -3.2612 -1.78792 2.81359
14.41 0 -2.56325 -2.53112 2.75671
14.42 0 -1.86289 -2.78239 2.12168
14.43 0 -1.50081 -2.40459 0.868257
14.44 0 -1.38366 -1.59697 -0.810121
14.45 0 -1.20301 -0.718683 -2.53793
14.46 0 -0.690112 -0.210232 -3.96176
14.47 0 0.170173 -0.270906 -4.85208
14.48 0 1.18065 -0.773981 -5.18198
14.49 0 2.04138 -1.35596 -5.18506
14.5 0 2.36157 -1.69671 -5.11022
14.51 0 1.99702 -1.66348 -5.06091
14.52 0 1.09152 -1.3499 -4.96901
14.53 0 -0.0630789 -1.07035 -4.69994
14.54 0 -1.08585 -1.10927 -4.11682
14.55 0 -1.76884 -1.57431 -3.19422
14.56 0 -2.1396 -2.34985 -2.032
14.57 0 -2.34214 -3.0942 -0.860538
14.58 0 -2.57796 -3.51103 0.0630154
14.59 0 -2.94728 -3.45559 0.567414
14.6 0 -3.36227 -2.99384 0.654231
14.61 0 -3.63713 -2.37859 0.418221
14.62 0 -3.55115 -1.87268 0.0284049
14.63 0 -3.00194 -1.63024 -0.390468
14.64 0 -2.07321 -1.63719 -0.811036
14.65 0 -0.986432 -1.72566 -1.27497
14.66 0 -0.00270355 -1.68827 -1.83885
14.67 0 0.666114 -1.42494 -2.53683
14.68 0 1.01568 -0.968095 -3.27236
14.69 0 1.11424 -0.434184 -3.91853
14.7 0 1.09632 -0.0199977 -4.31328
14.71 0 1.08152 0.118809 -4.34352
14.72 0 1.1126 -0.0376666 -3.96809
14.73 0 1.1082 -0.381639 -3.27357
14.74 0 0.949976 -0.752113 -2.37517
14.75 0 0.537685 -0.966888 -1.4409
14.76 0 -0.147041 -0.942745 -0.526211
14.77 0 -0.959622 -0.748044 0.297894
14.78 0 -1.70547 -0.540922 1.03629
14.79 0 -2.19729 -0.445231 1.6854
14.8 0 -2.35544 -0.460561 2.22327
14.81 0 -2.17788 -0.59572 2.60305
14.82 0 -1.79907 -0.744043 2.71944
14.83 0 -1.36824 -0.787865 2.49126
14.84 0 -0.600494 -0.74378 1.91816
14.85 0 0.172411 -0.47735 1.00506
14.86 0 1.00219 0.0295384 -0.0896288
14.87 0 1.5162 0.794671 -1.20267
14.88 0 1.75195 1.59805 -2.09338
14.89 0 1.95764 2.12768 -2.53969
14.9 0 2.18266 2.21195 -2.45023
14.91 0 2.24962 1.92024 -1.87199
14.92 0 2.30148 1.38536 -0.917001
14.93 0 2.13554 0.903137 0.195789
14.94 0 1.61972 0.693466 1.26258
14.95 0 0.7883 0.80763 2.1768
14.96 0 -0.178109 1.09089 2.91856
14.97 0 -1.02263 1.33516 3.51622
14.98 0 -1.51395 1.32235 3.98138
14.99 0 -1.56828 1.04796 4.37547
15 0 -1.27997 0.669461 4.6251
15.01 0 -0.838963 0.381595 4.60761
15.02 0 -0.417257 0.361319 4.22915
15.03 0 -0.0831009 0.652633 3.50946
15.04 0 0.210259 1.14969 2.55601
15.05 0 0.569653 1.6665 1.49003
15.06 0 1.0601 1.98729 0.504117
15.07 0 1.68643 2.02968 -0.259567
15.08 0 2.35512 1.86386 -0.745833
15.09 0 2.89133 1.64497 -0.987401
15.1 0 3.12228 1.51657 -1.05024
15.11 0 2.96668 1.53749 -0.97886
15.12 0 2.45097 1.63173 -0.788007
15.13 0 1.72861 1.67541 -0.434012
15.14 0 0.98213 1.54946 0.120333
15.15 0 0.363048 1.19426 0.877628
15.16 0 -0.102192 0.688714 1.74106
15.17 0 -0.473077 0.206205 2.55386
15.18 0 -1.09584 -0.0502269 3.14135
15.19 0 -1.75225 -0.138725 3.45028
15.2 0 -2.12938 -0.196201 3.49785
15.21 0 -2.24962 -0.280306 3.27831
15.22 0 -1.9295 -0.424977 2.83648
15.23 0 -1.29902 -0.543379 2.16624
15.24 0 -0.543409 -0.543916 1.26482
15.25 0 0.162919 -0.33773 0.190428
15.26 0 0.732544 0.0409003 -0.950164
15.27 0 1.13408 0.451402 -2.02415
15.28 0 1.41807 0.735904 -2.86987
15.29 0 1.62192 0.794018 -3.36182
15.3 0 1.70295 0.587726 -3.48168
15.31 0 1.57503 0.180466 -3.28249
15.32 0 1.16222 -0.324158 -2.86348
15.33 0 0.594709 -0.875572 -2.33481
15.34 0 -0.219308 -1.33614 -1.7965
15.35 0 -1.03783 -1.7114 -1.29269
15.36 0 -1.60021 -2.02955 -0.85221
15.37 0 -2.13718 -2.19699 -0.542767
15.38 0 -2.56727 -2.25931 -0.383314
15.39 0 -2.78621 -2.24911 -0.342718
15.4 0 -2.74521 -2.22019 -0.406985
15.41 0 -2.46142 -2.18501 -0.577749
15.42 0 -1.97901 -2.09118 -0.837846
15.43 0 -1.38073 -1.88068 -1.17502
15.44 0 -0.772957 -1.54445 -1.58518
15.45 0 -0.199731 -1.09816 -2.00404
15.46 0 0.399437 -0.664593 -2.38259
15.47 0 0.974835 -0.306853 -2.67573
15.48 0 1.31974 -0.0264731 -2.86626
15.49 0 1.36124 0.127561 -2.94028
15.5 0 1.15206 0.131318 -2.84443
15.51 0 0.780094 -0.0253753 -2.54653
15.52 0 0.325851 -0.314022 -2.05294
15.53 0 -0.150214 -0.664485 -1.41037
15.54 0 -0.618655 -0.995524 -0.707431
15.55 0 -1.04493 -1.22611 -0.032933
15.56 0 -1.3932 -1.30882 0.535963
15.57 0 -1.60016 -1.23834 0.95593
15.58 0 -1.60431 -1.02456 1.22558
15.59 0 -1.39175 -0.721473 1.33666
15.6 0 -0.983573 -0.367149 1.30161
15.61 0 -0.435551 0.0247331 1.14965
15.62 0 0.0117241 0.473017 0.901084
15.63 0 0.496643 0.877265 0.635417
15.64 0 0.898779 1.20169 0.391497
15.65 0 1.04723 1.45251 0.218062
15.66 0 1.22523 1.54568 0.207901
15.67 0 1.40614 1.47366 0.337278
15.68 0 1.52554 1.31794 0.568339
15.69 0 1.51324 1.20208 0.845193
15.7 0 1.33222 1.18223 1.11575
15.71 0 1.00531 1.2374 1.35485
15.72 0 0.64807 1.31368 1.60539
15.73 0 0.330605 1.34342 1.86157
15.74 0 0.10872 1.27015 2.11342
15.75 0 0.0154836 1.11929 2.34994
15.76 0 0.0269214 0.951433 2.53114
15.77 0 0.0670263 0.817492 2.58345
15.78 0 0.112484 0.786274 2.49542
15.79 0 0.17377 0.88235 2.28957
15.8 0 0.248902 1.0375 1.98043
15.81 0 0.368089 1.17901 1.61884
15.82 0 0.570155 1.24682 1.27839
15.83 0 0.848038 1.25909 1.00289
15.84 0 1.14722 1.24291 0.799786
15.85 0 1.38976 1.23932 0.651729
15.86 0 1.53659 1.28198 0.566159
15.87 0 1.5417 1.35954 0.520438
15.88 0 1.42725 1.43822 0.532969
15.89 0 1.08823 1.47442 0.594695
15.9 0 0.531931 1.38307 0.713129
15.91 0 0.037638 1.03923 0.907219
15.92 0 -0.439916 0.480105 1.12095
15.93 0 -0.816401 -0.188316 1.30194
15.94 0 -1.05357 -0.802643 1.38085
15.95 0 -1.20839 -1.21452 1.27504
15.96 0 -1.33476 -1.38414 0.918011
15.97 0 -1.33506 -1.36529 0.33736
15.98 0 -1.27254 -1.21216 -0.397056
15.99 0 -1.06352 -1.04906 -1.17247
16 0 -0.691768 -0.956197 -1.88647
16.01 0 -0.184129 -0.936131 -2.45951
16.02 0 0.332685 -0.941938 -2.87797
16.03 0 0.730192 -0.902448 -3.14498
16.04 0 0.923612 -0.766345 -3.25328
16.05 0 0.858413 -0.596846 -3.22815
16.06 0 0.616707 -0.492269 -3.05472
16.07 0 0.324226 -0.519856 -2.70535
16.08 0 0.0680825 -0.704195 -2.20559
16.09 0 -0.252354 -0.952251 -1.6293
16.1 0 -0.637572 -1.18501 -1.05104
16.11 0 -1.05474 -1.33514 -0.522916
16.12 0 -1.47425 -1.40639 -0.106829
16.13 0 -1.80217 -1.39656 0.203831
16.14 0 -1.96677 -1.33819 0.412542
16.15 0 -1.94067 -1.26893 0.510292
16.16 0 -1.7192 -1.18024 0.503853
16.17 0 -1.34994 -1.05188 0.384352
16.18 0 -0.89567 -0.85066 0.15572
16.19 0 -0.422897 -0.580537 -0.167529
16.2 0 -0.00601615 -0.296114 -0.575784
16.21 0 0.404819 -0.0475582 -0.9964
16.22 0 0.87454 0.121023 -1.36374
16.23 0 1.18964 0.239331 -1.67131
16.24 0 1.2647 0.311552 -1.89608
16.25 0 1.14378 0.341544 -1.97052
16.26 0 0.866249 0.262839 -1.88842
16.27 0 0.495863 0.0536204 -1.64572
16.28 0 0.0945504 -0.261329 -1.26322
16.29 0 -0.312521 -0.623621 -0.80218
16.3 0 -0.706324 -0.95095 -0.333978
16.31 0 -1.04304 -1.14844 0.0979855
16.32 0 -1.29331 -1.1895 0.440117
16.33 0 -1.36509 -1.0974 0.671383
16.34 0 -1.24071 -0.864332 0.808081
16.35 0 -0.945587 -0.546698 0.836995
16.36 0 -0.544606 -0.200986 0.750502
16.37 0 -0.0913945 0.138983 0.57151
16.38 0 0.362869 0.471657 0.352852
16.39 0 0.62852 0.770288 0.102117
16.4 0 0.809239 0.923174 -0.137974
16.41 0 0.917238 0.922692 -0.311976
16.42 0 0.926726 0.799675 -0.395638
16.43 0 0.868035 0.625214 -0.361974
16.44 0 0.695483 0.494053 -0.207575
16.45 0 0.505824 0.399966 0.0446717
16.46 0 0.32112 0.355462 0.364307
16.47 0 0.157524 0.367642 0.72134
16.48 0 0.0247093 0.426412 1.07966
16.49 0 -0.0733635 0.505545 1.40063
16.5 0 -0.132743 0.57424 1.65321
16.51 0 -0.145361 0.629439 1.82172
16.52 0 -0.109301 0.673524 1.89733
16.53 0 -0.0317167 0.709132 1.87519
16.54 0 0.0597796 0.722816 1.74143
16.55 0 0.16727 0.729337 1.52093
16.56 0 0.295506 0.741526 1.24856
16.57 0 0.440098 0.758922 0.955296
16.58 0 0.584829 0.771956 0.663469
16.59 0 0.71592 0.780501 0.397677
16.6 0 0.816824 0.777376 0.175722
16.61 0 0.91368 0.79607 0.0516228
16.62 0 0.998306 0.839216 0.0379431
16.63 0 1.05318 0.907129 0.128977
16.64 0 1.08638 1.014 0.333553
16.65 0 1.09298 1.15105 0.636081
16.66 0 1.03664 1.26764 0.978296
16.67 0 0.895981 1.31406 1.3051
16.68 0 0.702743 1.28089 1.60519
16.69 0 0.494042 1.19579 1.8699
16.7 0 0.14983 1.08448 2.05206
16.71 0 -0.273754 0.919663 2.1406
16.72 0 -0.561833 0.676124 2.1737
16.73 0 -0.662228 0.367977 2.13271
16.74 0 -0.649337 0.0760936 1.97687
16.75 0 -0.591576 -0.117195 1.67859
16.76 0 -0.468556 -0.19519 1.23841
16.77 0 -0.32412 -0.17162 0.673578
16.78 0 -0.14107 -0.0796107 0.0561969
16.79 0 0.119114 0.0629125 -0.50276
16.8 0 0.438053 0.202104 -0.944619
16.81 0 0.74971 0.301129 -1.2467
16.82 0 0.978377 0.350569 -1.40692
16.83 0 1.06116 0.337815 -1.44962
16.84 0 1.04122 0.239543 -1.39772
16.85 0 0.804036 0.104705 -1.28364
16.86 0 0.433097 -0.0751646 -1.11437
16.87 0 0.145636 -0.334428 -0.890231
16.88 0 -0.110671 -0.641541 -0.683408
16.89 0 -0.481725 -0.89031 -0.555368
16.9 0 -0.88842 -1.04916 -0.488105
16.91 0 -1.25574 -1.12008 -0.471324
16.92 0 -1.47595 -1.14694 -0.45595
16.93 0 -1.501 -1.18724 -0.428424
16.94 0 -1.36958 -1.25444 -0.42731
16.95 0 -1.15544 -1.31792 -0.498185
16.96 0 -0.913396 -1.30844 -0.64991
16.97 0 -0.724043 -1.22996 -0.913018
16.98 0 -0.611058 -1.11555 -1.27313
16.99 0 -0.522687 -0.991456 -1.64957
17 0 -0.434143 -0.922854 -1.98883
17.01 0 -0.341371 -0.956731 -2.25968
17.02 0 -0.246141 -1.07419 -2.43267
17.03 0 -0.173148 -1.22023 -2.50328
17.04 0 -0.166431 -1.34592 -2.50101
17.05 0 -0.253266 -1.41149 -2.44196
17.06 0 -0.411938 -1.4009 -2.32314
17.07 0 -0.589619 -1.32577 -2.12597
17.08 0 -0.748807 -1.23777 -1.85681
17.09 0 -0.876977 -1.19432 -1.54801
17.1 0 -0.95839 -1.19679 -1.21559
17.11 0 -0.996765 -1.22155 -0.894128
17.12 0 -1.0217 -1.22327 -0.635756
17.13 0 -1.05369 -1.16435 -0.47661
17.14 0 -1.03313 -1.04214 -0.372913
17.15 0 -0.948573 -0.863534 -0.318598
17.16 0 -0.81761 -0.711571 -0.326742
17.17 0 -0.424221 -0.659895 -0.380804
17.18 0 0.0528871 -0.621011 -0.509088
17.19 0 0.388368 -0.448803 -0.706816
17.2 0 0.721129 -0.164752 -0.91624
17.21 0 0.839661 0.242532 -1.09842
17.22 0 0.843763 0.628346 -1.17576
17.23 0 0.802782 0.875745 -1.07536
17.24 0 0.740203 0.933766 -0.762054
17.25 0 0.679694 0.817302 -0.258057
17.26 0 0.632159 0.607497 0.366006
17.27 0 0.508626 0.430277 0.997288
17.28 0 0.260011 0.376234 1.54056
17.29 0 -0.106262 0.455541 1.94212
17.3 0 -0.46364 0.59615 2.21078
17.31 0 -0.812861 0.712964 2.35342
17.32 0 -0.92726 0.703763 2.43834
17.33 0 -0.792291 0.585132 2.46641
17.34 0 -0.471136 0.417331 2.4079
17.35 0 -0.0748349 0.327283 2.22247
17.36 0 0.301472 0.445071 1.89537
17.37 0 0.60577 0.759198 1.44498
17.38 0 0.864229 1.18375 0.9552
17.39 0 1.14599 1.59772 0.545059
17.4 0 1.49555 1.90053 0.31079
17.41 0 1.86868 2.03084 0.266847
17.42 0 2.18153 2.02163 0.389316
17.43 0 2.33845 1.95774 0.627895
17.44 0 2.26784 1.91178 0.92391
17.45 0 1.9733 1.91694 1.25046
17.46 0 1.50906 1.92955 1.58992
17.47 0 0.993875 1.89573 1.95926
17.48 0 0.512073 1.74285 2.33821
17.49 0 0.135857 1.4727 2.7087
17.5 0 -0.10336 1.15761 3.04071
17.51 0 -0.224155 0.895492 3.27595
17.52 0 -0.295749 0.708319 3.33099
17.53 0 -0.305236 0.642958 3.20357
17.54 0 -0.245787 0.75304 2.90835
17.55 0 -0.194404 0.933017 2.44865
17.56 0 -0.135821 1.11466 1.90621
17.57 0 0.0550987 1.15501 1.36466
17.58 0 0.3757 0.999857 0.849006
17.59 0 0.737832 0.732163 0.37464
17.6 0 0.949433 0.457868 -0.103741
17.61 0 0.856928 0.254849 -0.603855
17.62 0 0.587998 0.0924602 -1.07038
17.63 0 0.229858 -0.0895501 -1.44238
17.64 0 -0.0833918 -0.343616 -1.65514
17.65 0 -0.161309 -0.711762 -1.69413
17.66 0 -0.224467 -1.0722 -1.63684
17.67 0 -0.318291 -1.36507 -1.57263
17.68 0 -0.352892 -1.57395 -1.56371
17.69 0 -0.49342 -1.60686 -1.64651
17.7 0 -0.761943 -1.47427 -1.79626
17.71 0 -1.05296 -1.31608 -1.95487
17.72 0 -1.24961 -1.22632 -2.05233
17.73 0 -1.26894 -1.31921 -2.03542
17.74 0 -1.12685 -1.54264 -1.91558
17.75 0 -0.922057 -1.77783 -1.75914
17.76 0 -0.800054 -1.92641 -1.6775
17.77 0 -0.834271 -1.92897 -1.7239
17.78 0 -0.989798 -1.79362 -1.87083
17.79 0 -1.16145 -1.59824 -2.04022
17.8 0 -1.24488 -1.45091 -2.15672
17.81 0 -1.1798 -1.4149 -2.17192
17.82 0 -0.993511 -1.49112 -2.09891
17.83 0 -0.764642 -1.6045 -1.9826
17.84 0 -0.579575 -1.65117 -1.87124
17.85 0 -0.495415 -1.56523 -1.79628
17.86 0 -0.520934 -1.36052 -1.76246
17.87 0 -0.607996 -1.11079 -1.73739
17.88 0 -0.687626 -0.887426 -1.67747
17.89 0 -0.694664 -0.749544 -1.54495
17.9 0 -0.592043 -0.73049 -1.31448
17.91 0 -0.464626 -0.80621 -1.06401
17.92 0 -0.366494 -0.915836 -0.84777
17.93 0 -0.117796 -0.991697 -0.675791
17.94 0 0.0151609 -0.887037 -0.602613
17.95 0 -0.0294049 -0.605993 -0.635943
17.96 0 -0.104917 -0.259497 -0.701247
17.97 0 -0.0554336 0.0400506 -0.696741
17.98 0 0.0644446 0.226445 -0.596845
17.99 0 0.266144 0.290553 -0.390214
18 0 0.47465 0.305777 -0.102785
18.01 0 0.546034 0.399634 0.237863
18.02 0 0.518391 0.550716 0.58423
18.03 0 0.425773 0.727435 0.916535
18.04 0 0.307763 0.903825 1.24437
18.05 0 0.20952 1.04136 1.5721
18.06 0 0.0406311 1.13258 1.87828
18.07 0 -0.0083433 1.11086 2.16618
18.08 0 0.0453384 1.00685 2.4012
18.09 0 0.168929 0.930486 2.55499
18.1 0 0.335026 0.948022 2.62006
18.11 0 0.48855 1.1008 2.56616
18.12 0 0.605083 1.35401 2.38945
18.13 0 0.725208 1.63448 2.14799
18.14 0 0.881893 1.84493 1.89413
18.15 0 1.09742 1.93657 1.68277
18.16 0 1.34427 1.91025 1.53156
18.17 0 1.54803 1.80271 1.41706
18.18 0 1.64825 1.68547 1.32252
18.19 0 1.61333 1.61054 1.24022
18.2 0 1.4504 1.58119 1.17495
18.21 0 1.21743 1.5726 1.1586
18.22 0 0.979797 1.53844 1.21669
18.23 0 0.767086 1.4265 1.33665
18.24 0 0.610139 1.24195 1.51296
18.25 0 0.5074 1.00395 1.71675
18.26 0 0.376988 0.790344 1.85058
18.27 0 0.20457 0.632209 1.87962
18.28 0 -0.0845922 0.572646 1.7815
18.29 0 -0.524457 0.550917 1.56911
18.3 0 -0.79997 0.429119 1.32989
18.31 0 -0.819804 0.151831 1.09207
18.32 0 -0.65604 -0.211877 0.830999
18.33 0 -0.445499 -0.515464 0.511249
18.34 0 -0.236044 -0.679544 0.0978138
18.35 0 -0.115727 -0.662734 -0.410379
18.36 0 -0.0653024 -0.51258 -0.955504
18.37 0 -0.0305134 -0.331172 -1.4504
18.38 0 0.0473436 -0.236445 -1.82158
18.39 0 0.189836 -0.265797 -2.01243
18.4 0 0.357441 -0.393059 -2.02442
18.41 0 0.499571 -0.584845 -1.92706
18.42 0 0.474705 -0.71145 -1.77101
18.43 0 0.244423 -0.740613 -1.60331
18.44 0 -0.142231 -0.738738 -1.45258
18.45 0 -0.503879 -0.789663 -1.28889
18.46 0 -0.698343 -0.935061 -1.09458
18.47 0 -0.871525 -1.1074 -0.908674
18.48 0 -1.01972 -1.26273 -0.758817
18.49 0 -1.12346 -1.33642 -0.649462
18.5 0 -1.18885 -1.33631 -0.606602
18.51 0 -1.20573 -1.28071 -0.632532
18.52 0 -1.15994 -1.19872 -0.715867
18.53 0 -1.04623 -1.11936 -0.841382
18.54 0 -0.873616 -1.05794 -0.994161
18.55 0 -0.665377 -1.01141 -1.16182
18.56 0 -0.449448 -0.96068 -1.32975
18.57 0 -0.253442 -0.887695 -1.4829
18.58 0 -0.104554 -0.794635 -1.61182
18.59 0 -0.00674205 -0.684663 -1.69418
18.6 0 0.0491025 -0.578135 -1.7063
18.61 0 0.0669612 -0.504812 -1.6402
18.62 0 0.0460473 -0.48145 -1.50115
18.63 0 0.0125308 -0.5339 -1.31974
18.64 0 -0.0675637 -0.622421 -1.12329
18.65 0 -0.205927 -0.681462 -0.917163
18.66 0 -0.36679 -0.703664 -0.718099
18.67 0 -0.530484 -0.698725 -0.541152
18.68 0 -0.646232 -0.665129 -0.371916
18.69 0 -0.677076 -0.611648 -0.206143
18.7 0 -0.620923 -0.546709 -0.0572947
18.71 0 -0.466068 -0.471567 0.0589646
18.72 0 -0.202444 -0.353669 0.142855
18.73 0 0.0246738 -0.154067 0.16575
18.74 0 0.198744 0.115061 0.142146
18.75 0 0.341946 0.427262 0.126474
18.76 0 0.484025 0.711638 0.158501
18.77 0 0.610251 0.899381 0.246138
18.78 0 0.667037 0.997209 0.402982
18.79 0 0.720616 1.00496 0.634324
18.8 0 0.749915 0.969517 0.91422
18.81 0 0.711659 0.928591 1.18914
18.82 0 0.591497 0.919371 1.42679
18.83 0 0.413566 0.940538 1.6112
18.84 0 0.221419 0.959763 1.73833
18.85 0 0.084428 0.956111 1.82967
18.86 0 0.0352592 0.913885 1.88736
18.87 0 0.0723131 0.844692 1.90117
18.88 0 0.158338 0.790471 1.85853
18.89 0 0.263995 0.774202 1.74276
18.9 0 0.354422 0.799244 1.54676
18.91 0 0.436652 0.865469 1.30389
18.92 0 0.540533 0.963496 1.06961
18.93 0 0.667048 1.05281 0.872215
18.94 0 0.79842 1.1001 0.72459
18.95 0 0.925653 1.11646 0.649296
18.96 0 1.01467 1.11367 0.640179
18.97 0 0.992238 1.08563 0.658075
18.98 0 0.852152 1.02545 0.688458
18.99 0 0.641089 0.927408 0.738961
19 0 0.40728 0.788416 0.814817
19.01 0 0.148592 0.601441 0.890935
19.02 0 -0.154302 0.387165 0.947877
19.03 0 -0.372804 0.129359 0.97554
19.04 0 -0.511904 -0.134045 0.944747
19.05 0 -0.581755 -0.365189 0.822329
19.06 0 -0.609881 -0.520122 0.592406
19.07 0 -0.582628 -0.571089 0.2785
19.08 0 -0.50393 -0.537374 -0.0945608
19.09 0 -0.368752 -0.465724 -0.490775
19.1 0 -0.177175 -0.391901 -0.863397
19.11 0 0.052984 -0.356531 -1.1904
19.12 0 0.247345 -0.359122 -1.46267
19.13 0 0.367206 -0.381 -1.66385
19.14 0 0.392986 -0.402947 -1.77783
19.15 0 0.32577 -0.425227 -1.79564
19.16 0 0.172814 -0.470717 -1.72471
19.17 0 -0.0382797 -0.559276 -1.57369
19.18 0 -0.25094 -0.70096 -1.35785
19.19 0 -0.465315 -0.871956 -1.11173
19.2 0 -0.616491 -1.04926 -0.86992
19.21 0 -0.765682 -1.1647 -0.674572
19.22 0 -0.93389 -1.18637 -0.550228
19.23 0 -1.08903 -1.13575 -0.499028
19.24 0 -1.17422 -1.05044 -0.49431
19.25 0 -1.15451 -0.977134 -0.517525
19.26 0 -1.02749 -0.939501 -0.562104
19.27 0 -0.823352 -0.927261 -0.63343
19.28 0 -0.589248 -0.904935 -0.739138
19.29 0 -0.273443 -0.865223 -0.879556
19.3 0 -0.0257381 -0.744863 -1.06206
19.31 0 0.155449 -0.56024 -1.26324
19.32 0 0.225333 -0.340789 -1.4448
19.33 0 0.243501 -0.159294 -1.54693
19.34 0 0.246746 -0.0735673 -1.5286
19.35 0 0.255432 -0.101437 -1.37839
19.36 0 0.248205 -0.205722 -1.12024
19.37 0 0.220707 -0.331758 -0.802173
19.38 0 0.0898788 -0.398303 -0.481707
19.39 0 -0.126194 -0.381525 -0.189799
19.4 0 -0.374794 -0.305077 0.0655426
19.41 0 -0.565075 -0.222196 0.295336
19.42 0 -0.638686 -0.173477 0.503717
19.43 0 -0.577034 -0.163151 0.680539
19.44 0 -0.415941 -0.152693 0.801566
19.45 0 -0.215535 -0.0935618 0.839105
19.46 0 -0.028628 0.0471773 0.783983
19.47 0 0.123197 0.264881 0.656816
19.48 0 0.184636 0.527595 0.497052
19.49 0 0.29035 0.730386 0.370191
19.5 0 0.455601 0.828399 0.315014
19.51 0 0.657984 0.827233 0.337146
19.52 0 0.818534 0.784868 0.412269
19.53 0 0.870039 0.763112 0.51072
19.54 0 0.813051 0.782997 0.615172
19.55 0 0.667982 0.833595 0.724245
19.56 0 0.484585 0.878111 0.849466
19.57 0 0.320152 0.877169 1.00164
19.58 0 0.20957 0.814932 1.17664
19.59 0 0.155834 0.709107 1.35124
19.6 0 0.13666 0.603308 1.49116
19.61 0 0.124499 0.541806 1.56422
19.62 0 0.105824 0.5467 1.55427
19.63 0 0.0905521 0.60768 1.46727
19.64 0 0.103986 0.69001 1.32695
19.65 0 0.169219 0.754499 1.16268
19.66 0 0.289427 0.77812 0.997187
19.67 0 0.442447 0.763519 0.84085
19.68 0 0.588231 0.732692 0.693626
19.69 0 0.686638 0.709889 0.552955
19.7 0 0.713915 0.705696 0.422174
19.71 0 0.647442 0.714928 0.312076
19.72 0 0.53974 0.698208 0.243705
19.73 0 0.420867 0.628381 0.229879
19.74 0 0.311088 0.498615 0.268206
19.75 0 0.207476 0.329841 0.338809
19.76 0 0.0409987 0.171233 0.409081
19.77 0 -0.146018 0.030175 0.459669
19.78 0 -0.305671 -0.0957813 0.477829
19.79 0 -0.415692 -0.205755 0.453489
19.8 0 -0.468483 -0.295404 0.379294
19.81 0 -0.463554 -0.360284 0.252252
19.82 0 -0.412358 -0.39561 0.0743884
19.83 0 -0.328443 -0.401853 -0.145203
19.84 0 -0.227613 -0.385221 -0.390686
19.85 0 -0.122601 -0.358322 -0.640953
19.86 0 -0.0223589 -0.336447 -0.873203
19.87 0 0.0678179 -0.332789 -1.06737
19.88 0 0.142627 -0.352951 -1.21017
19.89 0 0.1623 -0.385558 -1.29839
19.9 0 0.122171 -0.428414 -1.33038
19.91 0 0.0261403 -0.482167 -1.30744
19.92 0 -0.108715 -0.551047 -1.23359
19.93 0 -0.262616 -0.636509 -1.11791
19.94 0 -0.416063 -0.733979 -0.975522
19.95 0 -0.552498 -0.832255 -0.826443
19.96 0 -0.652372 -0.91746 -0.692298
19.97 0 -0.733409 -0.96602 -0.595021
19.98 0 -0.771678 -0.953686 -0.52846
19.99 0 -0.79251 -0.923222 -0.529751
20 0 -0.764096 -0.869963 -0.571374
20.01 0 -0.680833 -0.80822 -0.64132
20.02 0 -0.542637 -0.746773 -0.727829
20.03 0 -0.361365 -0.684169 -0.822251
20.04 0 -0.186268 -0.604448 -0.919809
20.05 0 -0.0431126 -0.504106 -1.01027
