0.01 0 -2.52019e-07 -2.71215e-07 -2.64142e-07
0.02 0 -1.21436e-06 -1.36789e-06 -1.31534e-06
0.03 0 -2.98435e-06 -3.59313e-06 -3.4072e-06
0.04 0 -5.33411e-06 -6.96234e-06 -6.54794e-06
0.05 0 -8.05468e-06 -1.14162e-05 -1.07905e-05
0.06 0 -1.10081e-05 -1.67974e-05 -1.62325e-05
0.07 0 -1.41263e-05 -2.28827e-05 -2.29865e-05
0.08 0 -1.73705e-05 -2.94511e-05 -3.11312e-05
0.09 0 -2.06853e-05 -3.63511e-05 -4.06674e-05
0.1 0 -2.39838e-05 -4.35271e-05 -5.14976e-05
0.11 0 -2.71739e-05 -5.09956e-05 -6.34375e-05
0.12 0 -3.02088e-05 -5.87908e-05 -7.62487e-05
0.13 0 -3.31269e-05 -6.69152e-05 -8.96755e-05
0.14 0 -3.60506e-05 -7.53211e-05 -0.000103469
0.15 0 -3.91413e-05 -8.3927e-05 -0.000117393
0.16 0 -4.2534e-05 -9.26522e-05 -0.000131216
0.17 0 -4.62862e-05 -0.000101443 -0.000144714
0.18 0 -5.03646e-05 -0.000110275 -0.000157677
0.19 0 -5.46699e-05 -0.000119124 -0.000169941
0.2 0 -5.90782e-05 -0.000127932 -0.000181404
0.21 0 -6.34683e-05 -0.000136571 -0.000192035
0.22 0 -6.77262e-05 -0.000144845 -0.00020185
0.23 0 -7.17316e-05 -0.000152521 -0.000210881
0.24 0 -7.53422e-05 -0.000159376 -0.000219143
0.25 0 -7.83928e-05 -0.000165232 -0.000226607
0.26 0 -8.07278e-05 -0.000169982 -0.000233205
0.27 0 -8.22495e-05 -0.000173583 -0.000238847
0.28 0 -8.29454e-05 -0.000176031 -0.000243426
0.29 0 -8.28879e-05 -0.000177338 -0.000246826
0.3 0 -8.22146e-05 -0.00017753 -0.000248926
0.31 0 -8.10898e-05 -0.000176662 -0.000249603
0.32 0 -7.9663e-05 -0.000174816 -0.000248741
0.33 0 -7.80437e-05 -0.000172104 -0.000246239
0.34 0 -7.63025e-05 -0.000168641 -0.000242041
0.35 0 -7.44754e-05 -0.000164523 -0.000236149
0.36 0 -7.2546e-05 -0.000159773 -0.000228609
0.37 0 -7.04289e-05 -0.000154316 -0.000219481
0.38 0 -6.79849e-05 -0.000147991 -0.000208837
0.39 0 -6.50441e-05 -0.000140604 -0.000196753
0.4 0 -6.14299e-05 -0.000131961 -0.000183294
0.41 0 -5.70088e-05 -0.000121939 -0.000168532
0.42 0 -5.17296e-05 -0.00011052 -0.000152554
0.43 0 -4.56155e-05 -9.7784e-05 -0.000135438
0.44 0 -3.87417e-05 -8.38614e-05 -0.00011723
0.45 0 -3.12269e-05 -6.8911e-05 -9.79455e-05
0.46 0 -2.32395e-05 -5.31135e-05 -7.75968e-05
0.47 0 -1.50269e-05 -3.67106e-05 -5.62586e-05
0.48 0 -6.90479e-06 -2.00307e-05 -3.41069e-05
0.49 0 9.40718e-07 -3.32265e-06 -1.12682e-05
0.5 0 8.64378e-06 1.34528e-05 1.23548e-05
0.51 0 1.64136e-05 3.04482e-05 3.68623e-05
0.52 0 2.41654e-05 4.75938e-05 6.20154e-05
0.53 0 3.16578e-05 6.46729e-05 8.73663e-05
0.54 0 3.88742e-05 8.16123e-05 0.000112624
0.55 0 4.6029e-05 9.84737e-05 0.000137678
0.56 0 5.32313e-05 0.000115181 0.000162311
0.57 0 6.02687e-05 0.000131357 0.000186021
0.58 0 6.68854e-05 0.000146594 0.000208289
0.59 0 7.33339e-05 0.000161016 0.000229145
0.6 0 8.01102e-05 0.000175104 0.000248954
0.61 0 8.66291e-05 0.000188373 0.000267119
0.62 0 9.09079e-05 0.000198799 0.000281628
0.63 0 9.16047e-05 0.000204496 0.000290852
0.64 0 9.0104e-05 0.000205912 0.000295584
0.65 0 8.99725e-05 0.0002061 0.000298833
0.66 0 9.41886e-05 0.000208843 0.000303597
0.67 0 0.000102606 0.000216153 0.000310596
0.68 0 0.000112224 0.000227325 0.000318268
0.69 0 0.000120077 0.000240216 0.00032503
0.7 0 0.00012572 0.000253062 0.000331294
0.71 0 0.000130782 0.000264987 0.000339055
0.72 0 0.000136517 0.000275362 0.000349806
0.73 0 0.000142753 0.000284037 0.000363761
0.74 0 0.000148942 0.000292326 0.000380862
0.75 0 0.000155135 0.000302843 0.000401525
0.76 0 0.000160732 0.000316784 0.000425139
0.77 0 0.000162169 0.000330301 0.000447406
0.78 0 0.000155733 0.000336698 0.00046275
0.79 0 0.000146693 0.000336771 0.000473619
0.8 0 0.000147143 0.000340092 0.000489694
0.81 0 0.000159294 0.000351101 0.000512715
0.82 0 0.000172086 0.000364152 0.000532934
0.83 0 0.00017579 0.000373141 0.00054191
0.84 0 0.000174206 0.00038054 0.000543424
0.85 0 0.000181016 0.000395825 0.000550643
0.86 0 0.00020155 0.000422013 0.000569765
0.87 0 0.000223724 0.000448396 0.000591357
0.88 0 0.000234042 0.000463769 0.000604629
0.89 0 0.000234195 0.000470018 0.000612316
0.9 0 0.000233822 0.000475349 0.000623574
0.91 0 0.000233782 0.000479722 0.000638289
0.92 0 0.000224436 0.000473261 0.000645388
0.93 0 0.000202833 0.000451837 0.000639203
0.94 0 0.000183151 0.000427898 0.000630246
0.95 0 0.000179083 0.000415852 0.000629629
0.96 0 0.000184581 0.000413766 0.000631115
0.97 0 0.000183942 0.00040967 0.000620065
0.98 0 0.000175476 0.000400964 0.000595206
0.99 0 0.000177523 0.000401713 0.000574985
1 0 0.000210372 0.000430979 0.000582262
1.01 0 0.000269355 0.000490087 0.000619371
1.02 0 0.000320564 0.000553781 0.00066164
1.03 0 0.00033666 0.00059621 0.000687872
1.04 0 0.000326788 0.000617106 0.000707073
1.05 0 0.000316237 0.000628985 0.000740044
1.06 0 0.000312763 0.000634131 0.000789653
1.07 0 0.000304566 0.000625556 0.000840245
1.08 0 0.000280236 0.000600886 0.000876016
1.09 0 0.000243236 0.000568904 0.000893815
1.1 0 0.000208534 0.000543175 0.00090035
1.11 0 0.000188258 0.000530322 0.00090031
1.12 0 0.000182021 0.000524554 0.000888925
1.13 0 0.000183813 0.000516891 0.000859509
1.14 0 0.000194618 0.000508506 0.000815816
1.15 0 0.00021755 0.000506213 0.000767022
1.16 0 0.000246952 0.000510507 0.000716249
1.17 0 0.000274017 0.000518084 0.000664519
1.18 0 0.000296312 0.000528649 0.000618426
1.19 0 0.000316193 0.000543489 0.000587669
1.2 0 0.000334623 0.000561712 0.000578836
1.21 0 0.000345904 0.000576911 0.000589937
1.22 0 0.000337413 0.00057624 0.000608984
1.23 0 0.000303384 0.000552017 0.00062628
1.24 0 0.00025954 0.000516529 0.000649279
1.25 0 0.00022849 0.000491209 0.000690816
1.26 0 0.000211751 0.000481065 0.000744067
1.27 0 0.000191305 0.000472373 0.000784141
1.28 0 0.000156856 0.000453206 0.000793378
1.29 0 0.000122617 0.000428978 0.000777893
1.3 0 0.00011508 0.000417352 0.000758532
1.31 0 0.00014602 0.000430123 0.000747966
1.32 0 0.000200557 0.000462672 0.000739686
1.33 0 0.000253293 0.000502224 0.000720813
1.34 0 0.000291802 0.000541685 0.000690895
1.35 0 0.000321019 0.000581332 0.00066385
1.36 0 0.000348215 0.000619263 0.000653389
1.37 0 0.000370171 0.000646068 0.000661245
1.38 0 0.000379404 0.000654611 0.000683246
1.39 0 0.000375431 0.00065011 0.000719604
1.4 0 0.000360839 0.000642514 0.000770318
1.41 0 0.000333164 0.000633737 0.000826706
1.42 0 0.000288833 0.000617642 0.000875052
1.43 0 0.000231029 0.000587443 0.000904978
1.44 0 0.0001725 0.000543108 0.000914437
1.45 0 0.000132981 0.000496528 0.000910856
1.46 0 0.000128263 0.000466696 0.000904043
1.47 0 0.000155725 0.000464512 0.000893391
1.48 0 0.000197215 0.00048707 0.000868938
1.49 0 0.000242498 0.000530963 0.000831208
1.5 0 0.000296503 0.000596542 0.000796377
1.51 0 0.000362123 0.000676513 0.000779253
1.52 0 0.000431615 0.000755683 0.000785009
1.53 0 0.000490766 0.000819652 0.000812085
1.54 0 0.000523938 0.000858494 0.000854449
1.55 0 0.000521346 0.000868785 0.000905782
1.56 0 0.00048594 0.000855626 0.000964584
1.57 0 0.000428974 0.00082703 0.00103034
1.58 0 0.000358457 0.000784336 0.00109421
1.59 0 0.000279511 0.00072517 0.00114196
1.6 0 0.000203932 0.000655458 0.00116619
1.61 0 0.000149031 0.000590846 0.00116837
1.62 0 0.00012228 0.000542426 0.00114639
1.63 0 0.0001136 0.000506005 0.0010876
1.64 0 0.000109993 0.000471068 0.000981855
1.65 0 0.000111177 0.000433724 0.000835423
1.66 0 0.000126754 0.000397654 0.000668202
1.67 0 0.000163636 0.000368766 0.000502268
1.68 0 0.000212439 0.000345445 0.000348018
1.69 0 0.000248805 0.00031613 0.000202241
1.7 0 0.000258321 0.000276145 6.81046e-05
1.71 0 0.000243418 0.000229788 -4.12268e-05
1.72 0 0.000199775 0.000167371 -0.000127146
1.73 0 0.000113521 6.48066e-05 -0.000208945
1.74 0 -1.43715e-05 -8.90989e-05 -0.000299551
1.75 0 -0.000159636 -0.000278833 -0.00039472
1.76 0 -0.000292461 -0.000473797 -0.000485817
1.77 0 -0.000400226 -0.000650191 -0.000577961
1.78 0 -0.000491404 -0.000802682 -0.000692522
1.79 0 -0.000571322 -0.000931246 -0.000843948
1.8 0 -0.000624768 -0.00102779 -0.00102228
1.81 0 -0.000635025 -0.00108839 -0.00120945
1.82 0 -0.000603717 -0.00112245 -0.00139642
1.83 0 -0.000544741 -0.00114086 -0.00157732
1.84 0 -0.000474997 -0.00114831 -0.00174351
1.85 0 -0.000411571 -0.00114703 -0.00188549
1.86 0 -0.000367898 -0.0011404 -0.00199398
1.87 0 -0.000350253 -0.00113349 -0.00206001
1.88 0 -0.000358027 -0.00113212 -0.00207676
1.89 0 -0.000388061 -0.00114211 -0.00204351
1.9 0 -0.000437052 -0.00116647 -0.00196677
1.91 0 -0.000499084 -0.00120055 -0.00185625
1.92 0 -0.000566965 -0.00123469 -0.00172454
1.93 0 -0.000636645 -0.00126254 -0.00158985
1.94 0 -0.000702041 -0.00128012 -0.00146922
1.95 0 -0.000747723 -0.00127931 -0.00136859
1.96 0 -0.000756961 -0.00125195 -0.00128707
1.97 0 -0.000722909 -0.00119569 -0.00122465
1.98 0 -0.000646583 -0.00110915 -0.00117855
1.99 0 -0.000536616 -0.000993027 -0.00114376
2 0 -0.000410517 -0.000855802 -0.00111713
2.01 0 -0.000286888 -0.000711064 -0.00109386
2.02 0 -0.000181237 -0.000575765 -0.0010675
2.03 0 -0.000103246 -0.000465758 -0.00103027
2.04 0 -5.25874e-05 -0.000386608 -0.000970444
2.05 0 -2.31596e-05 -0.000332502 -0.000876569
2.06 0 -1.1946e-05 -0.000293397 -0.000745911
2.07 0 -2.28407e-05 -0.000263021 -0.000588584
2.08 0 -6.1632e-05 -0.000241815 -0.000423519
2.09 0 -0.000126419 -0.000233446 -0.000269127
2.1 0 -0.000200919 -0.000237108 -0.000134408
2.11 0 -0.000259204 -0.000243749 -1.86602e-05
2.12 0 -0.000283416 -0.000243616 7.66667e-05
2.13 0 -0.000273911 -0.000232474 0.000141432
2.14 0 -0.000238591 -0.000205756 0.000167526
2.15 0 -0.00018265 -0.000157035 0.000157161
2.16 0 -0.000110739 -8.64556e-05 0.000118581
2.17 0 -2.68204e-05 -1.21482e-06 6.46224e-05
2.18 0 6.73113e-05 9.06343e-05 1.32118e-05
2.19 0 0.000163924 0.000178557 -2.17578e-05
2.2 0 0.000245058 0.000248295 -3.7043e-05
2.21 0 0.000293765 0.000290669 -3.26151e-05
2.22 0 0.000304749 0.000307314 -4.57198e-06
2.23 0 0.000283074 0.00030603 5.19602e-05
2.24 0 0.000237716 0.000293926 0.000136961
2.25 0 0.000177513 0.000274893 0.000243417
2.26 0 0.000111157 0.00025163 0.000359876
2.27 0 4.75647e-05 0.000227731 0.000473593
2.28 0 -5.37421e-06 0.000207371 0.000572006
2.29 0 -4.19123e-05 0.00019418 0.000643968
2.3 0 -5.78286e-05 0.000191232 0.000682141
2.31 0 -4.91652e-05 0.000201927 0.000685528
2.32 0 -1.45373e-05 0.000227962 0.0006579
2.33 0 3.86615e-05 0.000263311 0.000601307
2.34 0 9.44714e-05 0.000293462 0.000514393
2.35 0 0.000141298 0.000307132 0.000402463
2.36 0 0.000179382 0.000304646 0.000282737
2.37 0 0.000211429 0.000291427 0.000174011
2.38 0 0.000234656 0.00027154 8.78802e-05
2.39 0 0.000242452 0.000247244 2.87793e-05
2.4 0 0.000228712 0.000218838 -3.75076e-06
2.41 0 0.00019119 0.000184293 -1.3194e-05
2.42 0 0.000131976 0.000139207 -5.72082e-06
2.43 0 5.69065e-05 7.91597e-05 1.05537e-05
2.44 0 -2.54007e-05 3.44194e-06 2.70048e-05
2.45 0 -0.000106494 -8.40723e-05 3.42973e-05
2.46 0 -0.000180822 -0.00017689 2.19485e-05
2.47 0 -0.000245315 -0.000268019 -1.98211e-05
2.48 0 -0.000296042 -0.000350421 -9.59157e-05
2.49 0 -0.00032586 -0.000416736 -0.000203108
2.5 0 -0.000327316 -0.000461087 -0.000331712
2.51 0 -0.000298452 -0.000481882 -0.000470449
2.52 0 -0.00024575 -0.000482587 -0.000609726
2.53 0 -0.000183035 -0.000471117 -0.000742659
2.54 0 -0.000128246 -0.000459509 -0.00086545
2.55 0 -9.73606e-05 -0.000461166 -0.000975375
2.56 0 -9.67708e-05 -0.00048437 -0.00106631
2.57 0 -0.000123718 -0.000530519 -0.00113039
2.58 0 -0.00017705 -0.000601475 -0.00116854
2.59 0 -0.000255323 -0.000696214 -0.00118798
2.6 0 -0.000347711 -0.00080239 -0.00119206
2.61 0 -0.000441899 -0.000905623 -0.00118609
2.62 0 -0.000523645 -0.000990478 -0.00117425
2.63 0 -0.000573314 -0.00103721 -0.0011529
2.64 0 -0.000584929 -0.00104011 -0.0011266
2.65 0 -0.000574668 -0.00101724 -0.00111575
2.66 0 -0.000559833 -0.000991982 -0.00113728
2.67 0 -0.000535715 -0.000968721 -0.00118274
2.68 0 -0.000485759 -0.000935988 -0.00122734
2.69 0 -0.00041264 -0.000891149 -0.00125968
2.7 0 -0.000340363 -0.000844699 -0.00128582
2.71 0 -0.000293072 -0.000808679 -0.00131325
2.72 0 -0.000279127 -0.000789166 -0.00133964
2.73 0 -0.000285892 -0.000781087 -0.00134906
2.74 0 -0.000295043 -0.000775592 -0.00132502
2.75 0 -0.000304184 -0.000773583 -0.00126927
2.76 0 -0.000320394 -0.000777975 -0.00119447
2.77 0 -0.000338645 -0.000776432 -0.00110306
2.78 0 -0.000345782 -0.000749785 -0.000990654
2.79 0 -0.000341297 -0.000695808 -0.000865595
2.8 0 -0.000341142 -0.000635874 -0.000752755
2.81 0 -0.000361602 -0.00060029 -0.000678615
2.82 0 -0.000399426 -0.000604633 -0.000651512
2.83 0 -0.000433459 -0.000641602 -0.000660565
2.84 0 -0.000452455 -0.000699649 -0.000699688
2.85 0 -0.000463184 -0.000771095 -0.000774407
2.86 0 -0.00046569 -0.000836309 -0.00087862
2.87 0 -0.000449552 -0.000869554 -0.000992406
2.88 0 -0.000416697 -0.000866987 -0.00110558
2.89 0 -0.000379454 -0.00084561 -0.00121704
2.9 0 -0.000338363 -0.000816902 -0.00131378
2.91 0 -0.000278587 -0.000773712 -0.00136672
2.92 0 -0.000190241 -0.000701174 -0.00134952
2.93 0 -9.00156e-05 -0.000598036 -0.00126085
2.94 0 -1.49678e-05 -0.000482298 -0.00112334
2.95 0 1.34547e-05 -0.000370444 -0.000954222
2.96 0 1.42105e-05 -0.000257024 -0.000742901
2.97 0 3.22849e-05 -0.000117371 -0.000460723
2.98 0 0.000110435 8.2581e-05 -8.05112e-05
2.99 0 0.000268164 0.000375565 0.000409491
3 0 0.000492742 0.000777529 0.000998094
3.01 0 0.000755709 0.0012848 0.00166346
3.02 0 0.0010397 0.00188316 0.00239425
3.03 0 0.00134216 0.00254851 0.0031906
3.04 0 0.00167259 0.00325775 0.00406284
3.05 0 0.00205591 0.00401411 0.00503923
3.06 0 0.0025032 0.00483448 0.00614099
3.07 0 0.00297461 0.00570886 0.0073437
3.08 0 0.00339972 0.00659503 0.00858773
3.09 0 0.00372952 0.00744179 0.00981793
3.1 0 0.00395912 0.0082043 0.0110015
3.11 0 0.0041209 0.0088565 0.0121261
3.12 0 0.00426088 0.00939943 0.0131871
3.13 0 0.00440071 0.00984621 0.0141607
3.14 0 0.00452509 0.010207 0.0149956
3.15 0 0.00461453 0.0104967 0.0156439
3.16 0 0.00467048 0.0107321 0.016083
3.17 0 0.00471365 0.0109191 0.0163144
3.18 0 0.00477558 0.0110563 0.0163605
3.19 0 0.00487914 0.0111393 0.0162523
3.2 0 0.00502679 0.0111703 0.0160218
3.21 0 0.00519345 0.011155 0.0156928
3.22 0 0.00531484 0.0110738 0.0152602
3.23 0 0.00530963 0.0108751 0.0146961
3.24 0 0.00512586 0.0104989 0.0139817
3.25 0 0.00476317 0.00990254 0.0131227
3.26 0 0.00425976 0.00907313 0.012139
3.27 0 0.00366199 0.00803075 0.0110449
3.28 0 0.00300449 0.00682365 0.00983697
3.29 0 0.00232317 0.00553157 0.00851275
3.3 0 0.00166812 0.00425558 0.00708815
3.31 0 0.00107236 0.00306354 0.00557189
3.32 0 0.000529822 0.00195187 0.00394626
3.33 0 3.36983e-05 0.000883081 0.00220643
3.34 0 -0.000394763 -0.000165068 0.000391898
3.35 0 -0.000732203 -0.00119248 -0.00143426
3.36 0 -0.000981071 -0.00218118 -0.00321118
3.37 0 -0.00118729 -0.00311735 -0.00490437
3.38 0 -0.00144291 -0.00402718 -0.0065251
3.39 0 -0.00184421 -0.00497804 -0.00811057
3.4 0 -0.0024443 -0.00605488 -0.00969416
3.41 0 -0.0032296 -0.00732249 -0.0112863
3.42 0 -0.00410944 -0.00876578 -0.0128511
3.43 0 -0.00495524 -0.0102745 -0.0143221
3.44 0 -0.0056999 -0.0117248 -0.0156838
3.45 0 -0.00638247 -0.0130599 -0.0170123
3.46 0 -0.00705665 -0.0142658 -0.018393
3.47 0 -0.00769333 -0.0153209 -0.0198293
3.48 0 -0.00819514 -0.0161974 -0.0212479
3.49 0 -0.00845834 -0.0168651 -0.0225415
3.5 0 -0.008422 -0.0172831 -0.0236041
3.51 0 -0.00811809 -0.0174246 -0.0243779
3.52 0 -0.00768334 -0.0173163 -0.0248785
3.53 0 -0.00727467 -0.0170216 -0.0251411
3.54 0 -0.00696718 -0.0165961 -0.0251495
3.55 0 -0.00674062 -0.0160787 -0.0248363
3.56 0 -0.00653053 -0.0154943 -0.0241294
3.57 0 -0.00628978 -0.0148513 -0.0229983
3.58 0 -0.00602718 -0.0141473 -0.021484
3.59 0 -0.00578963 -0.0133703 -0.0196826
3.6 0 -0.00560789 -0.0124983 -0.0176995
3.61 0 -0.00545772 -0.0115081 -0.0156129
3.62 0 -0.00526097 -0.0103849 -0.0134653
3.63 0 -0.00492756 -0.00913129 -0.0112839
3.64 0 -0.00441115 -0.00777398 -0.00911266
3.65 0 -0.00373471 -0.00635821 -0.00702373
3.66 0 -0.00297392 -0.00493696 -0.00510177
3.67 0 -0.00221749 -0.00356286 -0.00341562
3.68 0 -0.00151918 -0.00227372 -0.00198472
3.69 0 -0.000873155 -0.00108026 -0.00076471
3.7 0 -0.000243804 2.19264e-05 0.000321871
3.71 0 0.000374172 0.00102367 0.00132926
3.72 0 0.000923187 0.00188403 0.00225346
3.73 0 0.00131247 0.00254504 0.00304908
3.74 0 0.00147728 0.00296061 0.00367163
3.75 0 0.00141985 0.00311882 0.00410835
3.76 0 0.00121038 0.00305175 0.00438288
3.77 0 0.000940279 0.00281804 0.00452405
3.78 0 0.000672479 0.00247885 0.00453408
3.79 0 0.000433544 0.00209195 0.00439259
3.8 0 0.000242014 0.00171981 0.00408926
3.81 0 0.000134135 0.00143136 0.00365146
3.82 0 0.000150241 0.00127821 0.0031341
3.83 0 0.000303076 0.00126929 0.00259168
3.84 0 0.0005695 0.00137607 0.00206977
3.85 0 0.000911501 0.00156505 0.00161999
3.86 0 0.00129392 0.00182119 0.00130775
3.87 0 0.00166539 0.00212558 0.00118052
3.88 0 0.00194247 0.00242493 0.00123583
3.89 0 0.00205729 0.00265911 0.0014515
3.9 0 0.00201336 0.00280966 0.00183125
3.91 0 0.00186701 0.00289581 0.00238914
3.92 0 0.00167781 0.00294959 0.00311252
3.93 0 0.00149415 0.00301581 0.00396196
3.94 0 0.00136036 0.00315513 0.00489021
3.95 0 0.00131633 0.00342682 0.00585153
3.96 0 0.00139744 0.00387153 0.0068102
3.97 0 0.00164334 0.00451434 0.00775817
3.98 0 0.00208725 0.00536427 0.0087136
3.99 0 0.00271911 0.00639477 0.00968988
4 0 0.00346713 0.00753411 0.0106739
4.01 0 0.00422236 0.00868092 0.0116349
4.02 0 0.00487555 0.00972443 0.0125396
4.03 0 0.00534905 0.0105697 0.0133667
4.04 0 0.00562559 0.0111727 0.0141259
4.05 0 0.0057468 0.0115565 0.0148557
4.06 0 0.00577513 0.0117902 0.0155925
4.07 0 0.0057467 0.0119436 0.0163313
4.08 0 0.00565015 0.0120438 0.0170087
4.09 0 0.00546443 0.0120803 0.0175387
4.1 0 0.00520601 0.0120333 0.0178617
4.11 0 0.00490884 0.0118662 0.0179328
4.12 0 0.00458349 0.0115162 0.0176934
4.13 0 0.00421494 0.010922 0.0170788
4.14 0 0.00377639 0.0100482 0.0160337
4.15 0 0.00323556 0.00888166 0.0145157
4.16 0 0.00256285 0.0074187 0.0124973
4.17 0 0.00175446 0.00566881 0.00998383
4.18 0 0.000849612 0.00366856 0.00703021
4.19 0 -8.18475e-05 0.00148492 0.00373452
4.2 0 -0.000972522 -0.000794591 0.000214199
4.21 0 -0.00180136 -0.00309487 -0.00343315
4.22 0 -0.00260963 -0.0053835 -0.00715153
4.23 0 -0.00345112 -0.00765204 -0.0108916
4.24 0 -0.00434042 -0.00988688 -0.0145732
4.25 0 -0.00526592 -0.0120809 -0.0181058
4.26 0 -0.00622735 -0.0142526 -0.0214297
4.27 0 -0.00723953 -0.0164285 -0.0245214
4.28 0 -0.00830216 -0.0186017 -0.0273651
4.29 0 -0.00938416 -0.0207115 -0.0299316
4.3 0 -0.0104583 -0.0226796 -0.0322025
4.31 0 -0.0115328 -0.0244611 -0.0341975
4.32 0 -0.012623 -0.0260533 -0.0359539
4.33 0 -0.0136979 -0.0274633 -0.0374807
4.34 0 -0.0146644 -0.0286741 -0.0387375
4.35 0 -0.0154186 -0.0296518 -0.039673
4.36 0 -0.0159306 -0.0303937 -0.0402988
4.37 0 -0.0162652 -0.0309419 -0.0407052
4.38 0 -0.0164983 -0.0313273 -0.0409831
4.39 0 -0.016648 -0.0315357 -0.0411607
4.4 0 -0.0166949 -0.0315484 -0.0412266
4.41 0 -0.0166091 -0.0313652 -0.0411538
4.42 0 -0.0163545 -0.030983 -0.0408973
4.43 0 -0.0159168 -0.0303956 -0.0404142
4.44 0 -0.0153339 -0.0296133 -0.0396937
4.45 0 -0.0146722 -0.0286553 -0.0387431
4.46 0 -0.0139756 -0.0275263 -0.0375495
4.47 0 -0.0132505 -0.0262199 -0.0360755
4.48 0 -0.0124871 -0.0247392 -0.0342834
4.49 0 -0.0116898 -0.0231137 -0.0321658
4.5 0 -0.0108951 -0.0214033 -0.029764
4.51 0 -0.0101495 -0.0196733 -0.0271497
4.52 0 -0.00946812 -0.0179582 -0.0243878
4.53 0 -0.00882301 -0.0162515 -0.0215212
4.54 0 -0.0081717 -0.0145299 -0.0185909
4.55 0 -0.00748937 -0.0127827 -0.0156581
4.56 0 -0.00676614 -0.0110131 -0.0127941
4.57 0 -0.00598024 -0.00921592 -0.0100471
4.58 0 -0.00508183 -0.00736047 -0.00741911
4.59 0 -0.00401114 -0.00539968 -0.00487613
4.6 0 -0.00274357 -0.00329962 -0.00238288
4.61 0 -0.00131658 -0.00105933 7.69268e-05
4.62 0 0.00019163 0.00129141 0.00251208
4.63 0 0.00170033 0.00370535 0.00494559
4.64 0 0.00314935 0.00612871 0.00742203
4.65 0 0.00450174 0.00850279 0.00999262
4.66 0 0.00573287 0.0107657 0.01269
4.67 0 0.00682201 0.0128676 0.0155148
4.68 0 0.0077544 0.0147926 0.0184405
4.69 0 0.00853161 0.0165645 0.0214233
4.7 0 0.00917585 0.0182275 0.024407
4.71 0 0.00971919 0.019818 0.0273202
4.72 0 0.0101918 0.021344 0.0300783
4.73 0 0.0106268 0.0227892 0.032602
4.74 0 0.0110683 0.0241308 0.0348355
4.75 0 0.0115524 0.0253431 0.0367362
4.76 0 0.0120753 0.0263873 0.0382503
4.77 0 0.012588 0.0272124 0.039309
4.78 0 0.0130262 0.0277743 0.039856
4.79 0 0.0133533 0.0280608 0.039883
4.8 0 0.0135802 0.0280999 0.0394461
4.81 0 0.0137318 0.0279278 0.0386289
4.82 0 0.0137975 0.0275468 0.037492
4.83 0 0.0137328 0.0269302 0.0360694
4.84 0 0.0134864 0.0260463 0.0343871
4.85 0 0.0130165 0.0248666 0.0324668
4.86 0 0.0123061 0.0233757 0.0303314
4.87 0 0.0113765 0.0215895 0.0280159
4.88 0 0.0102766 0.0195547 0.0255587
4.89 0 0.00904256 0.0173178 0.0229679
4.9 0 0.00766997 0.0148945 0.0201977
4.91 0 0.0061405 0.0122789 0.0171775
4.92 0 0.0044737 0.00947485 0.0138633
4.93 0 0.00274985 0.00651478 0.0102628
4.94 0 0.00108515 0.00346497 0.00642744
4.95 0 -0.000428233 0.000404684 0.00241294
4.96 0 -0.00177415 -0.00261087 -0.00175982
4.97 0 -0.0030057 -0.00555984 -0.00609668
4.98 0 -0.0041825 -0.00843096 -0.0105787
4.99 0 -0.00532542 -0.0112084 -0.0151294
5 0 -0.00642836 -0.013885 -0.0196337
5.01 0 -0.00749047 -0.0164766 -0.0239787
5.02 0 -0.00853781 -0.0190165 -0.0280821
5.03 0 -0.00962025 -0.0215295 -0.0318941
5.04 0 -0.0107799 -0.0240016 -0.0353734
5.05 0 -0.0120225 -0.0263762 -0.0384699
5.06 0 -0.0133208 -0.0285847 -0.0411355
5.07 0 -0.0146364 -0.0305804 -0.0433459
5.08 0 -0.0159222 -0.032341 -0.0450995
5.09 0 -0.0170979 -0.0338291 -0.0463841
5.1 0 -0.018056 -0.0349759 -0.047171
5.11 0 -0.0187175 -0.0357173 -0.0474579
5.12 0 -0.0190544 -0.0360143 -0.0472826
5.13 0 -0.0190612 -0.0358389 -0.0466897
5.14 0 -0.0187355 -0.0351697 -0.0457064
5.15 0 -0.0180812 -0.0340001 -0.0443384
5.16 0 -0.017114 -0.0323453 -0.0425734
5.17 0 -0.0158617 -0.0302407 -0.0403844
5.18 0 -0.0143629 -0.0277329 -0.0377358
5.19 0 -0.0126664 -0.0248725 -0.0345922
5.2 0 -0.0108303 -0.0217111 -0.0309312
5.21 0 -0.00891303 -0.0183002 -0.0267489
5.22 0 -0.00695743 -0.0146854 -0.0220579
5.23 0 -0.00497963 -0.0108977 -0.0168833
5.24 0 -0.00298473 -0.00695148 -0.0112695
5.25 0 -0.000992425 -0.0028547 -0.00528966
5.26 0 0.000965466 0.00137603 0.000960202
5.27 0 0.0028676 0.00570654 0.00737793
5.28 0 0.00472081 0.0100824 0.0138679
5.29 0 0.00656433 0.0144389 0.0203455
5.3 0 0.00844331 0.0187122 0.026723
5.31 0 0.0103712 0.0228416 0.0328879
5.32 0 0.01233 0.0267785 0.0387108
5.33 0 0.0142886 0.0304969 0.0440711
5.34 0 0.0162136 0.0339896 0.0488754
5.35 0 0.0180852 0.0372566 0.053071
5.36 0 0.0199016 0.040293 0.0566505
5.37 0 0.0216705 0.043082 0.0596431
5.38 0 0.0233927 0.0455976 0.062099
5.39 0 0.0250471 0.0478109 0.0640718
5.4 0 0.026584 0.0496947 0.065606
5.41 0 0.0279418 0.0512399 0.0667457
5.42 0 0.0290684 0.05246 0.0675458
5.43 0 0.0299151 0.0533632 0.0680533
5.44 0 0.0304297 0.0539265 0.0682908
5.45 0 0.0305811 0.0541135 0.0682723
5.46 0 0.0303834 0.0539046 0.0680229
5.47 0 0.0298904 0.0533048 0.0675682
5.48 0 0.0291677 0.0523396 0.0669124
5.49 0 0.0282695 0.051053 0.0660266
5.5 0 0.0272369 0.0495053 0.0648592
5.51 0 0.0261121 0.0477697 0.063359
5.52 0 0.0249524 0.0459221 0.0614971
5.53 0 0.0238255 0.0440259 0.0592737
5.54 0 0.0227832 0.0421091 0.0567015
5.55 0 0.021837 0.0401557 0.0537898
5.56 0 0.0209692 0.0381325 0.0505572
5.57 0 0.0201581 0.0360246 0.0470528
5.58 0 0.0193792 0.0338407 0.0433523
5.59 0 0.0186015 0.0316018 0.0395437
5.6 0 0.0177922 0.0293359 0.0357238
5.61 0 0.0169189 0.0270677 0.0319887
5.62 0 0.0159413 0.0247986 0.0284126
5.63 0 0.0148192 0.0225071 0.025042
5.64 0 0.0135411 0.0201792 0.0219163
5.65 0 0.0121255 0.0178231 0.0190673
5.66 0 0.0105997 0.0154604 0.0165002
5.67 0 0.00899907 0.0131275 0.014198
5.68 0 0.00736943 0.0108712 0.0121293
5.69 0 0.00575748 0.00872985 0.0102462
5.7 0 0.00420637 0.00672278 0.00848923
5.71 0 0.00276768 0.00485733 0.00680405
5.72 0 0.00151323 0.00314138 0.00515606
5.73 0 0.000514082 0.00158934 0.0035245
5.74 0 -0.000200852 0.000218428 0.00188554
5.75 0 -0.000658785 -0.000959741 0.000208772
5.76 0 -0.000923389 -0.0019452 -0.0015267
5.77 0 -0.00106248 -0.00275281 -0.00331086
5.78 0 -0.00112452 -0.00341355 -0.00509359
5.79 0 -0.00114289 -0.00397696 -0.00680036
5.8 0 -0.001154 -0.00450614 -0.00835903
5.81 0 -0.00119997 -0.00505368 -0.00971125
5.82 0 -0.00131935 -0.00563881 -0.0108133
5.83 0 -0.00154089 -0.00624783 -0.0116411
5.84 0 -0.00187686 -0.00684942 -0.0121929
5.85 0 -0.00231709 -0.00741237 -0.0124879
5.86 0 -0.002834 -0.00792176 -0.0125668
5.87 0 -0.00339106 -0.00838315 -0.0124903
5.88 0 -0.00394307 -0.0088083 -0.0123262
5.89 0 -0.00443734 -0.0091972 -0.0121364
5.9 0 -0.00482543 -0.00953297 -0.011974
5.91 0 -0.00507806 -0.00978949 -0.0118855
5.92 0 -0.0051919 -0.00994669 -0.011911
5.93 0 -0.00518222 -0.0100027 -0.0120776
5.94 0 -0.0050632 -0.00996748 -0.012382
5.95 0 -0.00483286 -0.00984515 -0.0127763
5.96 0 -0.0044835 -0.00962921 -0.0131782
5.97 0 -0.00402705 -0.00931135 -0.0134991
5.98 0 -0.0035063 -0.00889032 -0.0136642
5.99 0 -0.0029895 -0.00838184 -0.0136234
6 0 -0.00254921 -0.00782119 -0.0133503
6.01 0 -0.00222215 -0.00723983 -0.0128182
6.02 0 -0.00199263 -0.00664521 -0.0119909
6.03 0 -0.00183146 -0.00603948 -0.0108585
6.04 0 -0.0017336 -0.00543879 -0.00946869
6.05 0 -0.0017051 -0.00485813 -0.00790844
6.06 0 -0.00172984 -0.00428933 -0.00626635
6.07 0 -0.00175606 -0.00369789 -0.0046103
6.08 0 -0.00171462 -0.00304145 -0.00299098
6.09 0 -0.00156398 -0.00230742 -0.00147023
6.1 0 -0.0013197 -0.00153809 -0.000139162
6.11 0 -0.00102975 -0.000808451 0.000909449
6.12 0 -0.000730808 -0.000185059 0.00162238
6.13 0 -0.000439928 0.000288223 0.00199176
6.14 0 -0.000178451 0.000577675 0.00202889
6.15 0 1.58438e-05 0.000653761 0.00174724
6.16 0 0.000108997 0.000507113 0.0011741
6.17 0 9.55358e-05 0.000163673 0.000366271
6.18 0 -2.44376e-06 -0.000322991 -0.000596392
6.19 0 -0.000160668 -0.000899337 -0.00163843
6.2 0 -0.000367471 -0.00152813 -0.00270461
6.21 0 -0.000609032 -0.00217579 -0.00374646
6.22 0 -0.000863612 -0.00280687 -0.00471679
6.23 0 -0.0011231 -0.00340406 -0.00559058
6.24 0 -0.00140142 -0.00397732 -0.00637401
6.25 0 -0.00170819 -0.00454015 -0.00707991
6.26 0 -0.00202485 -0.00508432 -0.00770362
6.27 0 -0.00232106 -0.00558867 -0.00823514
6.28 0 -0.00258533 -0.00604312 -0.00868463
6.29 0 -0.00282673 -0.00645197 -0.00908164
6.3 0 -0.00305558 -0.0068229 -0.00945624
6.31 0 -0.00326465 -0.00715444 -0.00982027
6.32 0 -0.00342749 -0.00743189 -0.010163
6.33 0 -0.00352156 -0.00764127 -0.0104693
6.34 0 -0.00354312 -0.00777676 -0.0107312
6.35 0 -0.00349655 -0.00782937 -0.0109365
6.36 0 -0.00338452 -0.00778227 -0.0110612
6.37 0 -0.00320988 -0.00761924 -0.0110746
6.38 0 -0.00298079 -0.00733499 -0.0109478
6.39 0 -0.00271081 -0.00693749 -0.0106578
6.4 0 -0.00240947 -0.00643703 -0.010182
6.41 0 -0.00207555 -0.00583448 -0.00949357
6.42 0 -0.00170458 -0.0051228 -0.00857031
6.43 0 -0.00129537 -0.00429137 -0.00740129
6.44 0 -0.000846242 -0.0033258 -0.00598413
6.45 0 -0.000358055 -0.00221809 -0.00432881
6.46 0 0.000162427 -0.000977222 -0.00246161
6.47 0 0.00071861 0.000384303 -0.00040824
6.48 0 0.00132513 0.00185669 0.00181054
6.49 0 0.00197909 0.00341203 0.00415391
6.5 0 0.00265071 0.00499827 0.00655282
6.51 0 0.0033012 0.00655563 0.00892735
6.52 0 0.00389788 0.00802827 0.0112007
6.53 0 0.00442157 0.00936956 0.0133062
6.54 0 0.00486465 0.0105424 0.0151866
6.55 0 0.00522222 0.0115153 0.0167885
6.56 0 0.00549566 0.0122707 0.0180693
6.57 0 0.00570093 0.0128159 0.0190093
6.58 0 0.00585815 0.0131736 0.0196056
6.59 0 0.00597722 0.0133651 0.0198605
6.6 0 0.00606087 0.0134076 0.0197856
6.61 0 0.0061143 0.0133188 0.0194103
6.62 0 0.00614442 0.0131154 0.0187802
6.63 0 0.00615176 0.0128084 0.0179466
6.64 0 0.00612379 0.0124001 0.0169572
6.65 0 0.00603711 0.0118868 0.0158525
6.66 0 0.00587195 0.0112696 0.0146732
6.67 0 0.00562466 0.0105624 0.0134659
6.68 0 0.00530691 0.00979049 0.0122784
6.69 0 0.004941 0.00898714 0.0111542
6.7 0 0.00455316 0.00819026 0.0101273
6.71 0 0.00415627 0.00742505 0.00920726
6.72 0 0.00373759 0.00668604 0.00836775
6.73 0 0.00327179 0.00594101 0.00755803
6.74 0 0.00273996 0.00514475 0.00672068
6.75 0 0.00213422 0.00424821 0.00579772
6.76 0 0.00145638 0.00320941 0.00473353
6.77 0 0.000716648 0.00200431 0.00347815
6.78 0 -7.15895e-05 0.000629711 0.00198781
6.79 0 -0.000893763 -0.000896203 0.000229949
6.8 0 -0.00172615 -0.00253241 -0.00180353
6.81 0 -0.00253702 -0.00422654 -0.00409382
6.82 0 -0.0033024 -0.00593787 -0.00660794
6.83 0 -0.00401383 -0.00764701 -0.009305
6.84 0 -0.00467728 -0.00935063 -0.0121352
6.85 0 -0.00531261 -0.0110554 -0.0150425
6.86 0 -0.00594964 -0.0127739 -0.0179699
6.87 0 -0.00662297 -0.01452 -0.0208644
6.88 0 -0.00736672 -0.0163066 -0.0236815
6.89 0 -0.00820746 -0.0181409 -0.0263865
6.9 0 -0.009156 -0.020017 -0.02895
6.91 0 -0.0102041 -0.0219101 -0.0313432
6.92 0 -0.0113296 -0.0237833 -0.0335428
6.93 0 -0.0125012 -0.0255988 -0.0355358
6.94 0 -0.0136795 -0.0273227 -0.0373192
6.95 0 -0.0148228 -0.0289287 -0.0389007
6.96 0 -0.0158911 -0.0303965 -0.0402958
6.97 0 -0.0168398 -0.0316998 -0.0415155
6.98 0 -0.0176202 -0.0328007 -0.04256
6.99 0 -0.0181967 -0.0336651 -0.0434298
7 0 -0.0185578 -0.0342741 -0.0441327
7.01 0 -0.0187037 -0.0346186 -0.0446704
7.02 0 -0.0186297 -0.0346843 -0.0450202
7.03 0 -0.0183257 -0.0344463 -0.0451319
7.04 0 -0.0177919 -0.033878 -0.044941
7.05 0 -0.0170492 -0.0329644 -0.0443843
7.06 0 -0.0161361 -0.0317079 -0.0434051
7.07 0 -0.0150971 -0.0301278 -0.0419543
7.08 0 -0.0139739 -0.0282577 -0.039993
7.09 0 -0.0128021 -0.0261403 -0.0374988
7.1 0 -0.0116079 -0.0238173 -0.0344695
7.11 0 -0.0104091 -0.0213228 -0.0309266
7.12 0 -0.00921966 -0.0186841 -0.0269224
7.13 0 -0.00804868 -0.0159276 -0.0225412
7.14 0 -0.00689356 -0.013079 -0.0178894
7.15 0 -0.00572889 -0.0101532 -0.0130748
7.16 0 -0.00450078 -0.0071441 -0.00818686
7.17 0 -0.00314681 -0.00403071 -0.00329766
7.18 0 -0.00163748 -0.00080351 0.00151745
7.19 0 2.84592e-06 0.00251035 0.00616813
7.2 0 0.00171069 0.00584595 0.0105638
7.21 0 0.00341247 0.00911583 0.0146379
7.22 0 0.00505236 0.0122259 0.0183611
7.23 0 0.00660171 0.0150895 0.0217363
7.24 0 0.00804178 0.017639 0.0247761
7.25 0 0.00934655 0.0198358 0.0274836
7.26 0 0.0104841 0.0216726 0.0298469
7.27 0 0.0114192 0.0231653 0.0318423
7.28 0 0.0121165 0.0243341 0.0334408
7.29 0 0.0125546 0.0251874 0.0346174
7.3 0 0.0127439 0.0257227 0.0353675
7.31 0 0.0127433 0.0259516 0.0357249
7.32 0 0.0126522 0.0259213 0.035762
7.33 0 0.0125719 0.025715 0.0355645
7.34 0 0.0125642 0.0254336 0.0352021
7.35 0 0.0126324 0.0251657 0.0347133
7.36 0 0.0127419 0.0249672 0.0341185
7.37 0 0.0128661 0.0248616 0.0334534
7.38 0 0.0130089 0.0248466 0.032784
7.39 0 0.0131953 0.0249033 0.0321959
7.4 0 0.0134455 0.0250109 0.0317711
7.41 0 0.013742 0.0251477 0.0315543
7.42 0 0.0140161 0.0252839 0.0315337
7.43 0 0.0141758 0.0253864 0.0316575
7.44 0 0.014149 0.0254247 0.0318659
7.45 0 0.0139119 0.0253672 0.0321085
7.46 0 0.0134914 0.0251747 0.0323427
7.47 0 0.0129465 0.0248116 0.0325245
7.48 0 0.0123494 0.0242726 0.0326099
7.49 0 0.0117615 0.0235934 0.0325503
7.5 0 0.0112001 0.0228173 0.0322714
7.51 0 0.0106355 0.0219607 0.0316724
7.52 0 0.0100393 0.0210186 0.0306721
7.53 0 0.00942807 0.0199837 0.0292503
7.54 0 0.00884848 0.0188457 0.0274391
7.55 0 0.00832825 0.0175809 0.0252839
7.56 0 0.00784948 0.0161614 0.0228225
7.57 0 0.00735775 0.0145726 0.0200895
7.58 0 0.0067759 0.0128088 0.0171148
7.59 0 0.0060199 0.010853 0.0139208
7.6 0 0.00502817 0.00867567 0.0105337
7.61 0 0.00378598 0.0062456 0.00699298
7.62 0 0.00232831 0.00354615 0.00334743
7.63 0 0.00072089 0.000597347 -0.000354737
7.64 0 -0.000963442 -0.00253455 -0.00407802
7.65 0 -0.00265985 -0.00574646 -0.00780587
7.66 0 -0.00431822 -0.00891838 -0.0115349
7.67 0 -0.00590268 -0.0119406 -0.0152623
7.68 0 -0.00738481 -0.0147413 -0.0189744
7.69 0 -0.00873637 -0.0172968 -0.0226369
7.7 0 -0.00992948 -0.019617 -0.0261888
7.71 0 -0.0109428 -0.0217258 -0.02955
7.72 0 -0.0117778 -0.0236514 -0.032649
7.73 0 -0.0124781 -0.0254225 -0.0354487
7.74 0 -0.0131244 -0.0270656 -0.0379499
7.75 0 -0.0138042 -0.0286014 -0.0401724
7.76 0 -0.0145722 -0.0300401 -0.0421272
7.77 0 -0.0154277 -0.0313806 -0.0438007
7.78 0 -0.0163284 -0.0326191 -0.045169
7.79 0 -0.0172232 -0.0337577 -0.0462232
7.8 0 -0.0180726 -0.034798 -0.0469822
7.81 0 -0.0188431 -0.0357198 -0.0474787
7.82 0 -0.0194898 -0.0364654 -0.0477356
7.83 0 -0.0199538 -0.03695 -0.0477582
7.84 0 -0.020177 -0.0370934 -0.0475421
7.85 0 -0.0201191 -0.0368498 -0.0470858
7.86 0 -0.0197672 -0.0362151 -0.0463907
7.87 0 -0.0191276 -0.0352052 -0.045445
7.88 0 -0.0182146 -0.0338335 -0.04421
7.89 0 -0.0170558 -0.0321115 -0.0426319
7.9 0 -0.0157035 -0.0300628 -0.0406634
7.91 0 -0.0142326 -0.0277331 -0.0382768
7.92 0 -0.0127186 -0.0251827 -0.0354593
7.93 0 -0.0112171 -0.0224733 -0.0322066
7.94 0 -0.0097582 -0.0196574 -0.0285247
7.95 0 -0.00834746 -0.0167706 -0.0244357
7.96 0 -0.0069702 -0.0138248 -0.0199805
7.97 0 -0.00560051 -0.010809 -0.0152216
7.98 0 -0.00420768 -0.00769657 -0.0102388
7.99 0 -0.00276215 -0.00445633 -0.00511907
8 0 -0.00124227 -0.00106574 5.33904e-05
8.01 0 0.000364807 0.00246846 0.0052008
8.02 0 0.00205796 0.00609979 0.0102512
8.03 0 0.00381923 0.00975294 0.0151425
8.04 0 0.0056198 0.0133409 0.0198241
8.05 0 0.0074236 0.0167793 0.0242533
8.06 0 0.00919173 0.0200026 0.0283922
8.07 0 0.0108903 0.0229722 0.0322077
8.08 0 0.0124869 0.0256687 0.0356664
8.09 0 0.0139408 0.0280794 0.0387309
8.1 0 0.015209 0.0301907 0.041366
8.11 0 0.0162605 0.0319832 0.0435486
8.12 0 0.0170829 0.0334312 0.0452703
8.13 0 0.0176835 0.0345115 0.0465392
8.14 0 0.0180821 0.0352145 0.0473748
8.15 0 0.0182925 0.0355424 0.047792
8.16 0 0.0183061 0.0355 0.0477866
8.17 0 0.0181007 0.0350909 0.0473392
8.18 0 0.0176568 0.0343116 0.0464242
8.19 0 0.0169661 0.0331441 0.0450128
8.2 0 0.016035 0.0315599 0.0430776
8.21 0 0.0148811 0.0295333 0.0405942
8.22 0 0.0135252 0.0270541 0.0375414
8.23 0 0.0119966 0.024148 0.0339155
8.24 0 0.0103435 0.0208912 0.0297477
8.25 0 0.00862196 0.0173939 0.0251016
8.26 0 0.00687912 0.013773 0.0200625
8.27 0 0.00515503 0.0101317 0.0147387
8.28 0 0.00349476 0.00655013 0.00926521
8.29 0 0.0019555 0.00308709 0.00379967
8.3 0 0.000588513 -0.000210082 -0.00149623
8.31 0 -0.000592481 -0.0032988 -0.00648282
8.32 0 -0.00161582 -0.00613566 -0.0110521
8.33 0 -0.00253004 -0.00867411 -0.015119
8.34 0 -0.00339315 -0.0108884 -0.0186264
8.35 0 -0.00426856 -0.012805 -0.0215592
8.36 0 -0.00520455 -0.0144981 -0.023938
8.37 0 -0.00621571 -0.0160536 -0.0258007
8.38 0 -0.0072729 -0.0175193 -0.0271816
8.39 0 -0.00830921 -0.018877 -0.0281055
8.4 0 -0.00926285 -0.0200643 -0.0286146
8.41 0 -0.0101004 -0.0210047 -0.0287775
8.42 0 -0.0107869 -0.0216199 -0.0286597
8.43 0 -0.0112628 -0.0218497 -0.0283004
8.44 0 -0.0114527 -0.0216693 -0.0277136
8.45 0 -0.011287 -0.0210869 -0.0268958
8.46 0 -0.0107358 -0.0201292 -0.0258414
8.47 0 -0.00983446 -0.0188291 -0.0245552
8.48 0 -0.00867676 -0.0172228 -0.0230491
8.49 0 -0.00738298 -0.0153601 -0.0213336
8.5 0 -0.00606945 -0.0133171 -0.0194113
8.51 0 -0.00482919 -0.0111938 -0.0172771
8.52 0 -0.0037234 -0.00909794 -0.0149236
8.53 0 -0.00278355 -0.00712309 -0.012354
8.54 0 -0.00202535 -0.00533307 -0.00959893
8.55 0 -0.00145846 -0.00375236 -0.00672392
8.56 0 -0.00107721 -0.00236229 -0.00381641
8.57 0 -0.000845893 -0.00111261 -0.000967521
8.58 0 -0.000699336 5.24209e-05 0.00173637
8.59 0 -0.000556489 0.0011727 0.00421695
8.6 0 -0.000337817 0.0022683 0.00640894
8.61 0 1.56845e-05 0.00334609 0.00826372
8.62 0 0.000526619 0.00440584 0.0097502
8.63 0 0.00117804 0.00544314 0.0108579
8.64 0 0.00192599 0.00644995 0.011604
8.65 0 0.00271298 0.00740752 0.0120338
8.66 0 0.00347025 0.00827173 0.0122048
8.67 0 0.00412304 0.00897323 0.0121742
8.68 0 0.00461279 0.00944616 0.0120045
8.69 0 0.00491159 0.00965759 0.011765
8.7 0 0.00500848 0.0096101 0.0115122
8.71 0 0.00489711 0.00933297 0.011274
8.72 0 0.00458724 0.00887738 0.0110561
8.73 0 0.00411928 0.00830795 0.0108551
8.74 0 0.00356535 0.00769071 0.0106652
8.75 0 0.00301531 0.00708496 0.010478
8.76 0 0.00254871 0.00653679 0.0102762
8.77 0 0.00221403 0.00607803 0.0100315
8.78 0 0.00203151 0.00573477 0.00971983
8.79 0 0.00200203 0.00552869 0.00933393
8.8 0 0.00210568 0.00546192 0.00888049
8.81 0 0.00229465 0.00549717 0.00836607
8.82 0 0.00249589 0.00555364 0.00778853
8.83 0 0.00263042 0.00552791 0.00714263
8.84 0 0.00263583 0.00532683 0.00642949
8.85 0 0.00247609 0.00489225 0.00565672
8.86 0 0.00213735 0.00420762 0.00482838
8.87 0 0.00162567 0.00329572 0.00393991
8.88 0 0.000970506 0.00221126 0.00298233
8.89 0 0.000220717 0.00102225 0.00194308
8.9 0 -0.000569056 -0.000214111 0.000801477
8.91 0 -0.00135081 -0.00146557 -0.000471836
8.92 0 -0.00208397 -0.00271784 -0.00190286
8.93 0 -0.00273115 -0.00395549 -0.00349721
8.94 0 -0.00326103 -0.00515172 -0.00523402
8.95 0 -0.00365941 -0.00627515 -0.00707424
8.96 0 -0.0039363 -0.00730144 -0.00896999
8.97 0 -0.00412027 -0.00821886 -0.0108661
8.98 0 -0.00424794 -0.00903043 -0.0127001
8.99 0 -0.00435686 -0.00975419 -0.0144074
9 0 -0.0044813 -0.010418 -0.0159281
9.01 0 -0.00464963 -0.0110499 -0.0172138
9.02 0 -0.00488342 -0.0116696 -0.018234
9.03 0 -0.00519415 -0.0122814 -0.0189786
9.04 0 -0.00557518 -0.0128694 -0.019452
9.05 0 -0.00599625 -0.0133971 -0.0196664
9.06 0 -0.00640952 -0.013818 -0.0196409
9.07 0 -0.00676622 -0.0140929 -0.0194082
9.08 0 -0.00703163 -0.0142038 -0.019018
9.09 0 -0.00717917 -0.0141461 -0.0185209
9.1 0 -0.00716559 -0.0138991 -0.0179343
9.11 0 -0.006931 -0.0134146 -0.0172325
9.12 0 -0.00643845 -0.0126445 -0.0163762
9.13 0 -0.00569775 -0.0115637 -0.0153324
9.14 0 -0.00475196 -0.01017 -0.0140675
9.15 0 -0.00366248 -0.00849108 -0.0125457
9.16 0 -0.00250107 -0.00659077 -0.0107377
9.17 0 -0.00133674 -0.00455333 -0.0086209
9.18 0 -0.000228453 -0.00246388 -0.0061839
9.19 0 0.000771351 -0.000401002 -0.00344224
9.2 0 0.00162347 0.00157725 -0.000440127
9.21 0 0.0023147 0.00344678 0.00275943
9.22 0 0.00285257 0.00520505 0.00607101
9.23 0 0.00325405 0.00684884 0.00938193
9.24 0 0.00354795 0.00836783 0.012565
9.25 0 0.0037845 0.00975483 0.015503
9.26 0 0.00404062 0.011025 0.0181138
9.27 0 0.00439953 0.012218 0.0203533
9.28 0 0.004903 0.0133662 0.0221864
9.29 0 0.00552847 0.0144676 0.0235715
9.3 0 0.00621551 0.01549 0.0244805
9.31 0 0.00690055 0.0163834 0.0249207
9.32 0 0.00753057 0.0170863 0.0249348
9.33 0 0.00806178 0.0175356 0.0245881
9.34 0 0.00844863 0.0176776 0.0239485
9.35 0 0.00862855 0.0174676 0.0230602
9.36 0 0.00852591 0.016872 0.0219353
9.37 0 0.00809262 0.0158909 0.0205826
9.38 0 0.00734942 0.014571 0.0190346
9.39 0 0.00637992 0.0129883 0.0173389
9.4 0 0.00529486 0.011229 0.0155361
9.41 0 0.00419485 0.00937841 0.0136441
9.42 0 0.00314268 0.00750808 0.0116503
9.43 0 0.00217106 0.00567602 0.00952939
9.44 0 0.00130952 0.00393517 0.00727538
9.45 0 0.000585487 0.00232489 0.00490877
9.46 0 5.46613e-06 0.000852606 0.00246186
9.47 0 -0.000451006 -0.000506042 -2.82833e-05
9.48 0 -0.000819029 -0.00178591 -0.00251307
9.49 0 -0.00113218 -0.00300811 -0.00492517
9.5 0 -0.0014167 -0.00417026 -0.00718322
9.51 0 -0.00169724 -0.00525519 -0.00920875
9.52 0 -0.00200446 -0.00624961 -0.0109455
9.53 0 -0.0023699 -0.0071545 -0.0123659
9.54 0 -0.00280633 -0.00797694 -0.0134594
9.55 0 -0.00329819 -0.00872018 -0.0142253
9.56 0 -0.00381407 -0.0093831 -0.0146798
9.57 0 -0.0043241 -0.0099611 -0.0148627
9.58 0 -0.0048062 -0.0104456 -0.0148347
9.59 0 -0.00524049 -0.0108242 -0.0146654
9.6 0 -0.00559949 -0.0110803 -0.0144165
9.61 0 -0.00584231 -0.0111914 -0.0141275
9.62 0 -0.00592269 -0.0111335 -0.0138136
9.63 0 -0.00581207 -0.0108936 -0.0134794
9.64 0 -0.00552184 -0.0104839 -0.0131344
9.65 0 -0.0051004 -0.00994017 -0.012792
9.66 0 -0.00460149 -0.00930041 -0.0124462
9.67 0 -0.00406203 -0.00859152 -0.0120611
9.68 0 -0.00351304 -0.00784071 -0.0115916
9.69 0 -0.002993 -0.00708451 -0.0110059
9.7 0 -0.00254199 -0.0063588 -0.0102877
9.71 0 -0.00218911 -0.0056861 -0.009431
9.72 0 -0.00194367 -0.00507142 -0.00843819
9.73 0 -0.00179422 -0.00450556 -0.00732114
9.74 0 -0.00171329 -0.00397042 -0.00610296
9.75 0 -0.00166254 -0.0034418 -0.00481563
9.76 0 -0.00159678 -0.00288954 -0.00349373
9.77 0 -0.00147122 -0.00228062 -0.00216997
9.78 0 -0.00125438 -0.00159012 -0.000877287
9.79 0 -0.000935976 -0.000810742 0.00035088
9.8 0 -0.000520604 4.95577e-05 0.00149059
9.81 0 -1.85902e-05 0.000974495 0.00253684
9.82 0 0.000555207 0.00194285 0.00350307
9.83 0 0.00117756 0.00292963 0.00441357
9.84 0 0.00181017 0.00390262 0.00529031
9.85 0 0.00239711 0.00481726 0.00614052
9.86 0 0.00287963 0.00562356 0.00695932
9.87 0 0.00322534 0.00628857 0.0077484
9.88 0 0.00344272 0.00681206 0.00852557
9.89 0 0.00355522 0.00720872 0.00930021
9.9 0 0.00356834 0.00748081 0.0100443
9.91 0 0.00347454 0.00761872 0.0106995
9.92 0 0.00327683 0.00761471 0.0112029
9.93 0 0.00300378 0.0074737 0.0115066
9.94 0 0.00271368 0.00722495 0.011593
9.95 0 0.00247908 0.00692302 0.0114734
9.96 0 0.00235503 0.00663041 0.0111711
9.97 0 0.00236502 0.00640449 0.0107151
9.98 0 0.0025076 0.0062911 0.0101477
9.99 0 0.0027591 0.00630818 0.00952058
10 0 0.00308408 0.00644257 0.00889499
10.01 0 0.00344894 0.00666284 0.00834443
10.02 0 0.00381041 0.00691794 0.00793142
10.03 0 0.0040999 0.00713353 0.00767958
10.04 0 0.00423501 0.0072288 0.00757226
10.05 0 0.00414339 0.00713396 0.00756298
10.06 0 0.00378465 0.00679928 0.00758638
10.07 0 0.00317538 0.00621165 0.00757967
10.08 0 0.00239686 0.00540751 0.00749837
10.09 0 0.00156741 0.00446553 0.00730995
10.1 0 0.000795602 0.00348096 0.00697508
10.11 0 0.000147148 0.00253567 0.00643813
10.12 0 -0.000345449 0.00169031 0.00565066
10.13 0 -0.00065224 0.000993329 0.00460913
10.14 0 -0.000748493 0.00047021 0.00335657
10.15 0 -0.00064436 0.000102956 0.0019545
10.16 0 -0.000390964 -0.000159964 0.000471868
10.17 0 -6.16859e-05 -0.000373823 -0.00100971
10.18 0 0.000259722 -0.000585237 -0.00240425
10.19 0 0.000490752 -0.000830545 -0.00363345
10.2 0 0.000573388 -0.00112742 -0.00462599
10.21 0 0.000488124 -0.00147171 -0.00532007
10.22 0 0.000247493 -0.0018459 -0.00567751
10.23 0 -0.000120836 -0.00223124 -0.00570004
10.24 0 -0.000586681 -0.00261484 -0.00543542
10.25 0 -0.00111368 -0.00298356 -0.00496363
10.26 0 -0.00164938 -0.00331345 -0.00437331
10.27 0 -0.00212118 -0.0035627 -0.00374026
10.28 0 -0.00244457 -0.00367269 -0.00311524
10.29 0 -0.00255155 -0.00358815 -0.00253215
10.3 0 -0.00241212 -0.00327682 -0.00201542
10.31 0 -0.00203708 -0.00273795 -0.00157719
10.32 0 -0.00148366 -0.00201746 -0.00122619
10.33 0 -0.000843118 -0.00120621 -0.000967802
10.34 0 -0.000197834 -0.000400628 -0.000778574
10.35 0 0.000404289 0.000333278 -0.000596339
10.36 0 0.000927879 0.000956446 -0.000353847
10.37 0 0.00132053 0.00143701 -1.9411e-05
10.38 0 0.00151668 0.00174393 0.00039352
10.39 0 0.00146565 0.00184985 0.000840518
10.4 0 0.00116368 0.00174111 0.0012701
10.41 0 0.000673193 0.00143572 0.00164711
10.42 0 0.000100224 0.000983855 0.00194821
10.43 0 -0.000461567 0.000442389 0.0021313
10.44 0 -0.00095893 -0.000138582 0.00212958
10.45 0 -0.00136545 -0.000711716 0.00187875
10.46 0 -0.0016643 -0.00123789 0.0013408
10.47 0 -0.00184047 -0.00169623 0.000515097
10.48 0 -0.00188557 -0.00208998 -0.000564144
10.49 0 -0.00181495 -0.00244957 -0.00184481
10.5 0 -0.00167702 -0.00282468 -0.00327137
10.51 0 -0.00154524 -0.00326836 -0.00478956
10.52 0 -0.001499 -0.00382378 -0.00634617
10.53 0 -0.00159546 -0.00451002 -0.00788096
10.54 0 -0.00185117 -0.00531555 -0.00932434
10.55 0 -0.00224912 -0.00620816 -0.0106123
10.56 0 -0.00274454 -0.00713544 -0.0116918
10.57 0 -0.00326916 -0.00802019 -0.0125183
10.58 0 -0.00375909 -0.00878135 -0.013072
10.59 0 -0.00417247 -0.00935511 -0.0133644
10.6 0 -0.00448187 -0.00970119 -0.0134249
10.61 0 -0.00467424 -0.00981496 -0.0132954
10.62 0 -0.00474354 -0.00972125 -0.0130184
10.63 0 -0.00467058 -0.00944227 -0.01261
10.64 0 -0.00442504 -0.00897758 -0.0120549
10.65 0 -0.00398917 -0.00830839 -0.0113235
10.66 0 -0.00338549 -0.00742298 -0.0103992
10.67 0 -0.00268412 -0.00634322 -0.00929432
10.68 0 -0.00196988 -0.00512223 -0.00803179
10.69 0 -0.00129774 -0.00382314 -0.00661789
10.7 0 -0.000683076 -0.00250695 -0.00504232
10.71 0 -0.000127998 -0.00123192 -0.00330529
10.72 0 0.000355312 -4.68646e-05 -0.00143764
10.73 0 0.00074373 0.00101981 0.000499612
10.74 0 0.00101389 0.00195907 0.00242457
10.75 0 0.00115681 0.00277059 0.00424767
10.76 0 0.00119016 0.00345372 0.00588617
10.77 0 0.00115742 0.00400387 0.00727247
10.78 0 0.00111237 0.00441468 0.00835382
10.79 0 0.00110018 0.00468569 0.00909063
10.8 0 0.00114371 0.00482763 0.00945607
10.81 0 0.00123799 0.00485747 0.00943616
10.82 0 0.00135367 0.00478479 0.0090302
10.83 0 0.00145035 0.0046015 0.00825522
10.84 0 0.00150241 0.004293 0.0071612
10.85 0 0.00151814 0.00386274 0.0058433
10.86 0 0.00152264 0.00333725 0.00442249
10.87 0 0.00151534 0.00274448 0.00300106
10.88 0 0.00145381 0.00209759 0.0016382
10.89 0 0.00128775 0.00140623 0.000369348
10.9 0 0.000994386 0.000684067 -0.000773135
10.91 0 0.000576386 -6.75206e-05 -0.00177011
10.92 0 5.01914e-05 -0.000865011 -0.00262699
10.93 0 -0.000554644 -0.00172342 -0.0033676
10.94 0 -0.00119353 -0.00263148 -0.00402108
10.95 0 -0.00181152 -0.00354149 -0.00461363
10.96 0 -0.00235767 -0.0043838 -0.00517061
10.97 0 -0.00280013 -0.00509688 -0.00572261
10.98 0 -0.00313003 -0.00565211 -0.00630383
10.99 0 -0.0033495 -0.0060572 -0.00693793
11 0 -0.00345743 -0.00634219 -0.00762331
11.01 0 -0.00344828 -0.00653938 -0.00833011
11.02 0 -0.00332554 -0.00666973 -0.00901169
11.03 0 -0.00312251 -0.0067477 -0.00962822
11.04 0 -0.00290625 -0.00679183 -0.0101607
11.05 0 -0.00274415 -0.00681783 -0.0105942
11.06 0 -0.00267055 -0.00683336 -0.0109013
11.07 0 -0.00268975 -0.00685163 -0.0110553
11.08 0 -0.00278364 -0.00688752 -0.0110383
11.09 0 -0.00291166 -0.00693307 -0.0108354
11.1 0 -0.0030248 -0.0069489 -0.0104384
11.11 0 -0.00308748 -0.00687936 -0.00985857
11.12 0 -0.00308741 -0.00667673 -0.00913111
11.13 0 -0.00302454 -0.0063166 -0.00830264
11.14 0 -0.00289211 -0.00579958 -0.00741132
11.15 0 -0.00267196 -0.00514661 -0.00647784
11.16 0 -0.00234972 -0.00439381 -0.00551333
11.17 0 -0.00193586 -0.00358718 -0.00453415
11.18 0 -0.00147279 -0.00277557 -0.00356887
11.19 0 -0.00101948 -0.00200103 -0.00265012
11.2 0 -0.000613774 -0.0012794 -0.00178776
11.21 0 -0.000243568 -0.000585594 -0.000947324
11.22 0 0.000128002 0.000121233 -7.55442e-05
11.23 0 0.000512442 0.000855047 0.000852631
11.24 0 0.000888498 0.00159844 0.00182699
11.25 0 0.00123383 0.00233037 0.0028306
11.26 0 0.00154932 0.00304702 0.0038614
11.27 0 0.00185248 0.00375795 0.00492643
11.28 0 0.00214594 0.00445941 0.00601302
11.29 0 0.00240349 0.00512018 0.00707549
11.3 0 0.00260345 0.00570912 0.00806684
11.31 0 0.00276176 0.00622616 0.00897189
11.32 0 0.00291326 0.0066904 0.00979344
11.33 0 0.00307989 0.00711755 0.0105272
11.34 0 0.00327531 0.00752792 0.0111712
11.35 0 0.00351965 0.00795791 0.0117434
11.36 0 0.00383825 0.00845281 0.0122812
11.37 0 0.00424843 0.00904897 0.0128285
11.38 0 0.0047356 0.00974734 0.0134112
11.39 0 0.00524616 0.0105017 0.0140244
11.4 0 0.00571583 0.0112415 0.0146513
11.41 0 0.00609749 0.0119008 0.0152813
11.42 0 0.00636846 0.0124336 0.015912
11.43 0 0.00653014 0.0128263 0.0165464
11.44 0 0.00659228 0.0130894 0.0171788
11.45 0 0.00655377 0.0132342 0.0177758
11.46 0 0.00641665 0.0132726 0.0182913
11.47 0 0.00621431 0.0132322 0.0186965
11.48 0 0.00600588 0.0131514 0.0189836
11.49 0 0.00584085 0.013056 0.0191424
11.5 0 0.00573377 0.0129458 0.0191458
11.51 0 0.00566618 0.0127997 0.0189563
11.52 0 0.00560018 0.0125821 0.0185376
11.53 0 0.0054891 0.0122441 0.0178589
11.54 0 0.00529364 0.0117341 0.0169047
11.55 0 0.00501151 0.0110322 0.0156987
11.56 0 0.00468465 0.0101736 0.0143127
11.57 0 0.00435155 0.00921739 0.0128221
11.58 0 0.00400091 0.00820011 0.0112604
11.59 0 0.00358679 0.00712832 0.00962684
11.6 0 0.00307706 0.00599806 0.00792355
11.61 0 0.00248153 0.00480944 0.006177
11.62 0 0.00184492 0.00357192 0.00443219
11.63 0 0.00121801 0.00230557 0.00273243
11.64 0 0.000621058 0.00103094 0.0010927
11.65 0 3.551e-05 -0.000238 -0.000505803
11.66 0 -0.000562723 -0.00148374 -0.00208706
11.67 0 -0.0011801 -0.0026901 -0.00366295
11.68 0 -0.00180058 -0.00385042 -0.00523
11.69 0 -0.00237736 -0.00494946 -0.00675628
11.7 0 -0.002848 -0.00595135 -0.00818633
11.71 0 -0.00317442 -0.00681405 -0.00947127
11.72 0 -0.00336904 -0.00751084 -0.010592
11.73 0 -0.00348017 -0.00803662 -0.0115513
11.74 0 -0.0035456 -0.00839226 -0.0123394
11.75 0 -0.00356107 -0.00856989 -0.0129109
11.76 0 -0.00350072 -0.00856474 -0.0132069
11.77 0 -0.0033677 -0.00840292 -0.0132026
11.78 0 -0.00320658 -0.00813816 -0.0129207
11.79 0 -0.00305532 -0.00780432 -0.0123895
11.8 0 -0.00291518 -0.007394 -0.0116182
11.81 0 -0.00277649 -0.0068927 -0.0106239
11.82 0 -0.00263729 -0.00630392 -0.00944809
11.83 0 -0.00249211 -0.00564181 -0.00814259
11.84 0 -0.0023252 -0.00492163 -0.00675715
11.85 0 -0.00211804 -0.00415825 -0.00533935
11.86 0 -0.00185913 -0.0033657 -0.00393644
11.87 0 -0.00154865 -0.00255682 -0.00259416
11.88 0 -0.00119764 -0.00174496 -0.00135346
11.89 0 -0.000824382 -0.000947908 -0.000247369
11.9 0 -0.000449567 -0.000190557 0.000701392
11.91 0 -9.10242e-05 0.000498037 0.00148295
11.92 0 0.000238131 0.00109061 0.00209984
11.93 0 0.00052524 0.00156516 0.00256092
11.94 0 0.000755904 0.00190852 0.00287667
11.95 0 0.000921272 0.00212398 0.00306325
11.96 0 0.00102672 0.00223592 0.00314817
11.97 0 0.00109149 0.00228426 0.00316862
11.98 0 0.00114086 0.00231297 0.00316429
11.99 0 0.00119284 0.00235467 0.0031656
12 0 0.00124749 0.00241788 0.00318373
12.01 0 0.00129571 0.00249382 0.00321854
12.02 0 0.00133457 0.00257245 0.00327275
12.03 0 0.00136483 0.00264461 0.00334931
12.04 0 0.00138418 0.00270115 0.00344524
12.05 0 0.00139127 0.00273995 0.00355585
12.06 0 0.00138684 0.00276623 0.00367597
12.07 0 0.00137278 0.00278766 0.00379891
12.08 0 0.00136015 0.00281855 0.00392514
12.09 0 0.00137336 0.0028837 0.0040689
12.1 0 0.00143925 0.00301118 0.00425131
12.11 0 0.00157499 0.00322446 0.00449224
12.12 0 0.0017852 0.00354028 0.00480927
12.13 0 0.00205846 0.0039612 0.00521294
12.14 0 0.00236351 0.00446465 0.00569861
12.15 0 0.00265952 0.00500616 0.00625005
12.16 0 0.00290817 0.00552919 0.00684463
12.17 0 0.00307429 0.00597001 0.00744861
12.18 0 0.00312941 0.00626955 0.0080177
12.19 0 0.003077 0.00640779 0.00852236
12.2 0 0.00297647 0.00643709 0.0089771
12.21 0 0.00290694 0.00645336 0.00941499
12.22 0 0.00290163 0.00652625 0.00983256
12.23 0 0.00294294 0.00667283 0.010188
12.24 0 0.00300598 0.00687505 0.0104416
12.25 0 0.00309675 0.00710982 0.0105919
12.26 0 0.00325062 0.00736691 0.0106785
12.27 0 0.00348002 0.00762938 0.0107362
12.28 0 0.00374116 0.00785954 0.0107625
12.29 0 0.00396963 0.00802763 0.0107438
12.3 0 0.0041264 0.00813418 0.0106894
12.31 0 0.00419863 0.0081891 0.0106212
12.32 0 0.00418206 0.00818528 0.0105511
12.33 0 0.00407836 0.00810086 0.0104776
12.34 0 0.00389861 0.0079168 0.0103919
12.35 0 0.0036636 0.00763307 0.010283
12.36 0 0.00339781 0.00727207 0.0101378
12.37 0 0.0031143 0.00686101 0.0099306
12.38 0 0.00280953 0.00641225 0.00961937
12.39 0 0.00248661 0.00593036 0.00916964
12.4 0 0.00217834 0.00543152 0.00858129
12.41 0 0.00193151 0.00494033 0.00788107
12.42 0 0.00177091 0.00447259 0.00709521
12.43 0 0.00168336 0.00402855 0.00623667
12.44 0 0.00162891 0.00359718 0.00531163
12.45 0 0.00156402 0.00316238 0.00433248
12.46 0 0.0014581 0.00270531 0.00332359
12.47 0 0.00129263 0.00220099 0.0023125
12.48 0 0.00105237 0.00161781 0.00131664
12.49 0 0.00072425 0.000928293 0.000339733
12.5 0 0.000302817 0.000122487 -0.000624139
12.51 0 -0.000204158 -0.00078575 -0.00158509
12.52 0 -0.00077092 -0.00175907 -0.0025506
12.53 0 -0.00135563 -0.00274503 -0.00352235
12.54 0 -0.00191462 -0.00369464 -0.00450289
12.55 0 -0.00241343 -0.00457456 -0.00549836
12.56 0 -0.00282614 -0.00536459 -0.00651058
12.57 0 -0.00313748 -0.00605536 -0.00753377
12.58 0 -0.00334537 -0.00664571 -0.00855418
12.59 0 -0.00346254 -0.00714163 -0.00955249
12.6 0 -0.00352077 -0.00756239 -0.0105127
12.61 0 -0.00356473 -0.00794043 -0.0114245
12.62 0 -0.00363812 -0.00831377 -0.0122789
12.63 0 -0.00377358 -0.0087185 -0.013067
12.64 0 -0.00398756 -0.00918075 -0.0137812
12.65 0 -0.00428092 -0.00971091 -0.014418
12.66 0 -0.00464499 -0.0103042 -0.0149836
12.67 0 -0.00506149 -0.0109395 -0.0154914
12.68 0 -0.0054921 -0.0115717 -0.0159466
12.69 0 -0.00587707 -0.0121324 -0.0163371
12.7 0 -0.00615176 -0.0125474 -0.0166399
12.71 0 -0.00627152 -0.0127611 -0.0168365
12.72 0 -0.00622978 -0.0127572 -0.0169257
12.73 0 -0.00605256 -0.0125581 -0.0169177
12.74 0 -0.00577753 -0.0122067 -0.0168172
12.75 0 -0.00543909 -0.0117499 -0.0166149
12.76 0 -0.00507143 -0.0112343 -0.0162968
12.77 0 -0.00472476 -0.0107154 -0.0158677
12.78 0 -0.00446604 -0.0102605 -0.0153614
12.79 0 -0.00435126 -0.00992895 -0.0148242
12.8 0 -0.00439494 -0.00974991 -0.0142907
12.81 0 -0.0045702 -0.00972003 -0.0137839
12.82 0 -0.00483646 -0.00982234 -0.013335
12.83 0 -0.00515265 -0.010031 -0.0129858
12.84 0 -0.00546863 -0.0103001 -0.0127687
12.85 0 -0.00572741 -0.0105676 -0.0126971
12.86 0 -0.00587754 -0.0107715 -0.0127675
12.87 0 -0.00588091 -0.0108611 -0.0129587
12.88 0 -0.0057204 -0.0108063 -0.0132349
12.89 0 -0.00540587 -0.0106029 -0.013551
12.9 0 -0.00496997 -0.0102677 -0.0138542
12.91 0 -0.00445859 -0.00982886 -0.0140836
12.92 0 -0.0039236 -0.00931895 -0.0141769
12.93 0 -0.00341772 -0.00877045 -0.0140784
12.94 0 -0.00298655 -0.00820969 -0.0137444
12.95 0 -0.0026535 -0.00764611 -0.0131397
12.96 0 -0.00240823 -0.00706339 -0.0122337
12.97 0 -0.00221423 -0.00642433 -0.0110069
12.98 0 -0.00202937 -0.00568709 -0.0094656
12.99 0 -0.0018224 -0.00482189 -0.00765012
13 0 -0.00157445 -0.00381823 -0.00562782
13.01 0 -0.0012672 -0.00267941 -0.00347367
13.02 0 -0.000871719 -0.00141097 -0.00124971
13.03 0 -0.000355735 -1.83522e-05 0.000998526
13.04 0 0.00029474 0.00148448 0.00323062
13.05 0 0.00106789 0.00307467 0.00540922
13.06 0 0.0019427 0.00473513 0.00751645
13.07 0 0.00290695 0.00646584 0.00956809
13.08 0 0.00395643 0.00827487 0.0116057
13.09 0 0.00507938 0.0101593 0.0136737
13.1 0 0.00624483 0.0120978 0.015804
13.11 0 0.007417 0.0140633 0.0180211
13.12 0 0.00857801 0.0160383 0.0203515
13.13 0 0.00971349 0.018004 0.0228047
13.14 0 0.0107837 0.019924 0.0253467
13.15 0 0.0117342 0.0217514 0.0279107
13.16 0 0.0125309 0.0234506 0.0304298
13.17 0 0.0131803 0.0250075 0.0328571
13.18 0 0.0137211 0.0264258 0.0351644
13.19 0 0.0142005 0.0277161 0.0373275
13.2 0 0.0146513 0.0288847 0.0393114
13.21 0 0.0150781 0.0299239 0.0410614
13.22 0 0.0154636 0.0308137 0.0425136
13.23 0 0.0157886 0.0315326 0.0436144
13.24 0 0.016049 0.0320681 0.0443384
13.25 0 0.0162574 0.0324185 0.0446906
13.26 0 0.016426 0.0325843 0.044691
13.27 0 0.0165516 0.0325618 0.0443609
13.28 0 0.0166161 0.0323476 0.0437217
13.29 0 0.0165939 0.0319416 0.042798
13.3 0 0.0164577 0.0313444 0.0416174
13.31 0 0.0161831 0.03055 0.0402074
13.32 0 0.0157525 0.0295428 0.0385915
13.33 0 0.0151625 0.0283086 0.036792
13.34 0 0.0144257 0.0268473 0.0348319
13.35 0 0.0135559 0.0251699 0.0327222
13.36 0 0.0125516 0.023285 0.0304477
13.37 0 0.0113988 0.0211937 0.0279715
13.38 0 0.0100873 0.0188926 0.0252499
13.39 0 0.00863056 0.0163871 0.0222542
13.4 0 0.00708307 0.0137154 0.0189965
13.41 0 0.00552592 0.0109471 0.0155255
13.42 0 0.00402077 0.00814584 0.0118885
13.43 0 0.00258759 0.00534143 0.00810746
13.44 0 0.00121564 0.00253415 0.00418695
13.45 0 -0.000118687 -0.00028773 0.000133049
13.46 0 -0.00142897 -0.00312855 -0.00402764
13.47 0 -0.00271091 -0.00597546 -0.00824301
13.48 0 -0.003968 -0.00881519 -0.0124604
13.49 0 -0.00523177 -0.0116509 -0.0166486
13.5 0 -0.00654293 -0.0144891 -0.0207837
13.51 0 -0.00792354 -0.0173259 -0.024831
13.52 0 -0.00938014 -0.0201559 -0.0287524
13.53 0 -0.0109141 -0.0229736 -0.0325141
13.54 0 -0.0125063 -0.0257554 -0.0360747
13.55 0 -0.0141074 -0.0284513 -0.0393805
13.56 0 -0.0156562 -0.0309977 -0.0423812
13.57 0 -0.0171014 -0.0333354 -0.0450463
13.58 0 -0.0184073 -0.0354162 -0.0473664
13.59 0 -0.0195439 -0.0371992 -0.0493402
13.6 0 -0.0204843 -0.0386545 -0.0509685
13.61 0 -0.0212177 -0.0397789 -0.0522643
13.62 0 -0.0217547 -0.0406 -0.0532564
13.63 0 -0.0221197 -0.0411642 -0.0539811
13.64 0 -0.022338 -0.0415177 -0.0544693
13.65 0 -0.0224218 -0.0416859 -0.0547331
13.66 0 -0.0223646 -0.0416621 -0.0547599
13.67 0 -0.0221563 -0.0414176 -0.0545244
13.68 0 -0.0217963 -0.0409178 -0.0540002
13.69 0 -0.021292 -0.0401348 -0.0531618
13.7 0 -0.0206569 -0.0390593 -0.0519868
13.71 0 -0.0199088 -0.0377073 -0.0504597
13.72 0 -0.0190662 -0.0361144 -0.0485719
13.73 0 -0.0181524 -0.0343291 -0.0463283
13.74 0 -0.0172016 -0.0324086 -0.0437566
13.75 0 -0.0162536 -0.0304075 -0.0409052
13.76 0 -0.0153391 -0.0283656 -0.0378323
13.77 0 -0.0144697 -0.0263036 -0.0345978
13.78 0 -0.0136395 -0.0242316 -0.0312651
13.79 0 -0.0128291 -0.0221572 -0.0279017
13.8 0 -0.0120059 -0.0200837 -0.0245708
13.81 0 -0.0111271 -0.0180048 -0.0213214
13.82 0 -0.0101544 -0.0159111 -0.0181923
13.83 0 -0.00907543 -0.0138043 -0.0152247
13.84 0 -0.00790844 -0.0117034 -0.0124644
13.85 0 -0.00668747 -0.00963792 -0.0099483
13.86 0 -0.00544624 -0.00764052 -0.00769188
13.87 0 -0.00421521 -0.00574595 -0.00569076
13.88 0 -0.00302866 -0.00399002 -0.00392898
13.89 0 -0.00192852 -0.0023993 -0.00238118
13.9 0 -0.000951001 -0.000978497 -0.00100548
13.91 0 -0.000108768 0.000290384 0.000258962
13.92 0 0.000605235 0.00143605 0.00147917
13.93 0 0.00120042 0.00248167 0.00270798
13.94 0 0.00167933 0.00343371 0.00396978
13.95 0 0.00204432 0.00428878 0.00526452
13.96 0 0.00231012 0.00505023 0.00658171
13.97 0 0.00250445 0.00573378 0.0079054
13.98 0 0.00265997 0.00636328 0.00921256
13.99 0 0.00280645 0.00696362 0.0104727
14 0 0.00296487 0.00755192 0.0116485
14.01 0 0.00314697 0.00813257 0.0127016
14.02 0 0.0033593 0.00869889 0.0136002
14.03 0 0.00360798 0.00924017 0.014328
14.04 0 0.00390089 0.00975086 0.0148891
14.05 0 0.00424361 0.0102348 0.0153059
14.06 0 0.004633 0.0107032 0.0156123
14.07 0 0.00505593 0.0111693 0.0158473
14.08 0 0.00548892 0.0116378 0.0160472
14.09 0 0.00589789 0.0120961 0.0162384
14.1 0 0.00624823 0.0125204 0.0164407
14.11 0 0.00651884 0.0128891 0.0166756
14.12 0 0.00670439 0.0131898 0.016964
14.13 0 0.00680721 0.0134191 0.0173173
14.14 0 0.00682862 0.013578 0.0177282
14.15 0 0.0067685 0.0136689 0.0181706
14.16 0 0.00663519 0.0136972 0.0186092
14.17 0 0.00645194 0.0136736 0.0190098
14.18 0 0.00625036 0.0136091 0.0193396
14.19 0 0.00605997 0.0135114 0.0195657
14.2 0 0.00590483 0.0133887 0.0196605
14.21 0 0.00580291 0.0132537 0.0196078
14.22 0 0.00575618 0.013113 0.0193969
14.23 0 0.00573754 0.0129479 0.0190086
14.24 0 0.00569585 0.01271 0.0184155
14.25 0 0.0055786 0.012336 0.0175956
14.26 0 0.00535124 0.011768 0.0165441
14.27 0 0.00499842 0.0109672 0.0152702
14.28 0 0.00451384 0.00991647 0.0137853
14.29 0 0.00390083 0.00862854 0.0121021
14.3 0 0.00318147 0.00715082 0.0102433
14.31 0 0.00239469 0.00555253 0.00824005
14.32 0 0.00158792 0.00390741 0.00612778
14.33 0 0.000810462 0.00228333 0.00394704
14.34 0 0.000103223 0.000732874 0.00174004
14.35 0 -0.00050929 -0.000710913 -0.000452164
14.36 0 -0.00101312 -0.00202374 -0.00258141
14.37 0 -0.0014021 -0.00318309 -0.00458998
14.38 0 -0.00169457 -0.00418436 -0.00643093
14.39 0 -0.00193945 -0.00505318 -0.00808251
14.4 0 -0.00219618 -0.00583614 -0.00954011
14.41 0 -0.00251258 -0.00658639 -0.0108062
14.42 0 -0.00290847 -0.00734506 -0.0118818
14.43 0 -0.00336758 -0.00811996 -0.0127587
14.44 0 -0.00385105 -0.00888219 -0.0134275
14.45 0 -0.0043191 -0.00958078 -0.0138917
14.46 0 -0.00473688 -0.0101568 -0.0141678
14.47 0 -0.00507085 -0.0105562 -0.0142765
14.48 0 -0.00528915 -0.0107442 -0.0142377
14.49 0 -0.00536661 -0.0107138 -0.0140687
14.5 0 -0.00529092 -0.0104835 -0.0137846
14.51 0 -0.00506442 -0.0100832 -0.013394
14.52 0 -0.00470295 -0.00953845 -0.0128961
14.53 0 -0.00423656 -0.00886747 -0.0122836
14.54 0 -0.00370612 -0.00808545 -0.0115475
14.55 0 -0.00315028 -0.0072064 -0.0106738
14.56 0 -0.0025922 -0.0062414 -0.00963951
14.57 0 -0.00203891 -0.00519903 -0.00841705
14.58 0 -0.00149148 -0.00408926 -0.00698662
14.59 0 -0.000952937 -0.00292434 -0.00534578
14.6 0 -0.000428089 -0.00171431 -0.00350985
14.61 0 7.67225e-05 -0.000467585 -0.00151148
14.62 0 0.000548059 0.000797133 0.000593879
14.63 0 0.000965033 0.00204194 0.00272784
14.64 0 0.00130988 0.00321488 0.00480077
14.65 0 0.00157412 0.00425853 0.00672149
14.66 0 0.00175293 0.0051144 0.00839761
14.67 0 0.00183949 0.00572905 0.00973663
14.68 0 0.00183235 0.00606922 0.0106594
14.69 0 0.00174904 0.00613822 0.0111196
14.7 0 0.00162496 0.00597447 0.0111091
14.71 0 0.0015021 0.0056382 0.0106539
14.72 0 0.00142278 0.00520181 0.00981291
14.73 0 0.00142412 0.00474097 0.00867634
14.74 0 0.00152812 0.00432205 0.00735543
14.75 0 0.0017227 0.0039794 0.00595862
14.76 0 0.0019484 0.00369467 0.00456624
14.77 0 0.00211815 0.00340612 0.0032316
14.78 0 0.00215094 0.00303583 0.00199405
14.79 0 0.00198752 0.00250862 0.000877423
14.8 0 0.00159053 0.00176299 -0.000121085
14.81 0 0.000943983 0.000761044 -0.00103664
14.82 0 6.157e-05 -0.00049861 -0.00192751
14.83 0 -0.0010035 -0.00197256 -0.0028574
14.84 0 -0.00216214 -0.0035794 -0.00388355
14.85 0 -0.00330699 -0.00521588 -0.00505035
14.86 0 -0.00433248 -0.00677472 -0.00638353
14.87 0 -0.00514814 -0.00816232 -0.00788473
14.88 0 -0.00569422 -0.0093172 -0.00953426
14.89 0 -0.00595936 -0.0102254 -0.0113016
14.9 0 -0.00598198 -0.0109179 -0.0131477
14.91 0 -0.00583188 -0.0114485 -0.0150158
14.92 0 -0.00557849 -0.0118604 -0.0168149
14.93 0 -0.00526775 -0.0121619 -0.0184157
14.94 0 -0.00493331 -0.012337 -0.0196792
14.95 0 -0.00462064 -0.0123749 -0.0204986
14.96 0 -0.00438306 -0.0122798 -0.0208128
14.97 0 -0.00424542 -0.0120509 -0.0205847
14.98 0 -0.00417448 -0.0116576 -0.0197766
14.99 0 -0.00408945 -0.011038 -0.018355
15 0 -0.0039103 -0.0101296 -0.0163244
15.01 0 -0.00362693 -0.00893036 -0.0137833
15.02 0 -0.00331301 -0.00753074 -0.0109318
15.03 0 -0.00303753 -0.00605287 -0.00798492
15.04 0 -0.00279465 -0.00458837 -0.00509905
15.05 0 -0.00253603 -0.00320399 -0.00238933
15.06 0 -0.00222463 -0.00195276 3.78136e-05
15.07 0 -0.0018447 -0.000854607 0.00209204
15.08 0 -0.00138839 0.000118505 0.00372188
15.09 0 -0.00085196 0.00102439 0.00492098
15.1 0 -0.000237357 0.00191721 0.00572328
15.11 0 0.000448402 0.00282291 0.00619652
15.12 0 0.00117955 0.00371985 0.00642033
15.13 0 0.00189741 0.00453641 0.00646191
15.14 0 0.00252888 0.00518789 0.00638096
15.15 0 0.00301915 0.00562522 0.00624741
15.16 0 0.00333772 0.00584813 0.00613387
15.17 0 0.00345534 0.00587506 0.00608079
15.18 0 0.00333149 0.00570798 0.00607275
15.19 0 0.00293906 0.00532848 0.00605325
15.2 0 0.00229955 0.00471868 0.00595789
15.21 0 0.00149723 0.00389028 0.0057405
15.22 0 0.000656496 0.00290037 0.00537597
15.23 0 -0.000109047 0.00183772 0.00483934
15.24 0 -0.000729899 0.000800189 0.00409642
15.25 0 -0.00117139 -0.000117474 0.0031254
15.26 0 -0.0014103 -0.000836309 0.00194362
15.27 0 -0.00143221 -0.00131577 0.000609552
15.28 0 -0.00125372 -0.00157725 -0.000801859
15.29 0 -0.000939058 -0.00170358 -0.00222315
15.3 0 -0.000588713 -0.0018072 -0.00359794
15.31 0 -0.000318474 -0.00199748 -0.00488203
15.32 0 -0.000236047 -0.00235952 -0.00604545
15.33 0 -0.000404569 -0.00292964 -0.00705918
15.34 0 -0.000819207 -0.00368365 -0.00788587
15.35 0 -0.0014216 -0.00455478 -0.00849568
15.36 0 -0.00212531 -0.00545547 -0.00888152
15.37 0 -0.00283074 -0.00628664 -0.00905614
15.38 0 -0.00343943 -0.0069472 -0.00904418
15.39 0 -0.00386955 -0.00735063 -0.00887684
15.4 0 -0.00407003 -0.00744723 -0.00859176
15.41 0 -0.00403251 -0.00724259 -0.00823578
15.42 0 -0.00378851 -0.00679491 -0.00785802
15.43 0 -0.00339482 -0.00619441 -0.00749706
15.44 0 -0.00292661 -0.00554699 -0.00718122
15.45 0 -0.00247758 -0.00496659 -0.00694045
15.46 0 -0.00214608 -0.00455974 -0.00680747
15.47 0 -0.00199125 -0.00438623 -0.00678958
15.48 0 -0.00199546 -0.00442421 -0.00684122
15.49 0 -0.00208486 -0.00458442 -0.00688354
15.5 0 -0.0021778 -0.00475109 -0.0068437
15.51 0 -0.00221241 -0.00481302 -0.00667275
15.52 0 -0.00214727 -0.00468012 -0.00633977
15.53 0 -0.00194976 -0.00428997 -0.0058165
15.54 0 -0.00160278 -0.00362304 -0.00508096
15.55 0 -0.0011225 -0.00271641 -0.00413376
15.56 0 -0.000554619 -0.00164835 -0.00299629
15.57 0 4.28265e-05 -0.000508677 -0.00169923
15.58 0 0.000615961 0.000626805 -0.000273843
15.59 0 0.00113369 0.00171857 0.00125944
15.6 0 0.0015937 0.00276823 0.00289274
15.61 0 0.00200797 0.00379885 0.00461562
15.62 0 0.00238786 0.0048312 0.00640191
15.63 0 0.00274719 0.0058774 0.0082158
15.64 0 0.00311409 0.0069492 0.010029
15.65 0 0.00353009 0.00806345 0.0118284
15.66 0 0.00403642 0.00924104 0.0136115
15.67 0 0.00465692 0.0104994 0.0153775
15.68 0 0.00537647 0.0118314 0.0171072
15.69 0 0.00613334 0.0131875 0.0187527
15.7 0 0.00684216 0.0144817 0.0202504
15.71 0 0.00742629 0.0156128 0.0215421
15.72 0 0.00785081 0.016501 0.0226001
15.73 0 0.00814228 0.0171307 0.0234472
15.74 0 0.00836494 0.0175536 0.0241394
15.75 0 0.00857343 0.0178553 0.0247258
15.76 0 0.008785 0.0181157 0.0252239
15.77 0 0.00898949 0.0183887 0.0256291
15.78 0 0.00918261 0.0187026 0.0259444
15.79 0 0.00938151 0.0190626 0.026194
15.8 0 0.00960798 0.0194469 0.0264088
15.81 0 0.00986045 0.019807 0.0266018
15.82 0 0.0101021 0.0200823 0.0267573
15.83 0 0.01027 0.0202174 0.0268359
15.84 0 0.0102888 0.0201643 0.0267815
15.85 0 0.0100936 0.0198788 0.0265329
15.86 0 0.00967566 0.0193426 0.0260592
15.87 0 0.009107 0.0185884 0.0253855
15.88 0 0.0084916 0.0176802 0.0245578
15.89 0 0.00789636 0.0166753 0.0235908
15.9 0 0.00734088 0.0156208 0.0224691
15.91 0 0.00682092 0.0145571 0.0211722
15.92 0 0.00632441 0.0135036 0.0196869
15.93 0 0.00583977 0.0124495 0.0180121
15.94 0 0.00535807 0.0113577 0.0161607
15.95 0 0.00486964 0.0101813 0.0141555
15.96 0 0.00436459 0.00888896 0.01203
15.97 0 0.00383794 0.00748805 0.0098316
15.98 0 0.00328843 0.00602347 0.00761644
15.99 0 0.00271329 0.00455528 0.00543772
16 0 0.00211115 0.00313615 0.0033414
16.01 0 0.00149231 0.0018015 0.00137099
16.02 0 0.000881192 0.000567424 -0.000432178
16.03 0 0.00029601 -0.000576466 -0.00204691
16.04 0 -0.000274025 -0.00166856 -0.0034901
16.05 0 -0.000862522 -0.00275694 -0.00480918
16.06 0 -0.0015068 -0.00388295 -0.00606588
16.07 0 -0.00223735 -0.00508199 -0.00732949
16.08 0 -0.0030738 -0.00639093 -0.00867482
16.09 0 -0.00402546 -0.00785107 -0.0101798
16.1 0 -0.00508998 -0.0094988 -0.0119163
16.11 0 -0.00624503 -0.0113475 -0.0139345
16.12 0 -0.00745077 -0.0133788 -0.0162563
16.13 0 -0.00867483 -0.0155531 -0.0188854
16.14 0 -0.0099085 -0.0178294 -0.0218175
16.15 0 -0.0111588 -0.0201863 -0.0250399
16.16 0 -0.0124362 -0.022628 -0.0285275
16.17 0 -0.0137387 -0.025164 -0.0322298
16.18 0 -0.0150294 -0.0277681 -0.0360511
16.19 0 -0.016238 -0.0303578 -0.0398526
16.2 0 -0.0172986 -0.0328173 -0.0434895
16.21 0 -0.0181834 -0.0350342 -0.0468443
16.22 0 -0.0188966 -0.0369188 -0.0498266
16.23 0 -0.0194473 -0.0384088 -0.0523549
16.24 0 -0.0198373 -0.0394771 -0.0543507
16.25 0 -0.0200631 -0.0401324 -0.0557459
16.26 0 -0.0201205 -0.0404024 -0.0564885
16.27 0 -0.0200228 -0.0403248 -0.0565595
16.28 0 -0.0198233 -0.0399534 -0.0559958
16.29 0 -0.0196005 -0.0393504 -0.054881
16.3 0 -0.019406 -0.0385608 -0.0533033
16.31 0 -0.0192283 -0.0375944 -0.0513232
16.32 0 -0.0190044 -0.0364355 -0.0489787
16.33 0 -0.0186574 -0.0350601 -0.0463074
16.34 0 -0.018127 -0.0334429 -0.0433596
16.35 0 -0.0173811 -0.0315592 -0.0401965
16.36 0 -0.0164039 -0.0293803 -0.0368708
16.37 0 -0.0151809 -0.0268777 -0.0334082
16.38 0 -0.013696 -0.0240353 -0.0298052
16.39 0 -0.0119364 -0.0208545 -0.0260329
16.4 0 -0.00990027 -0.017355 -0.0220459
16.41 0 -0.00761505 -0.0135826 -0.0178062
16.42 0 -0.00514796 -0.00961102 -0.0133041
16.43 0 -0.00260125 -0.00551924 -0.00855738
16.44 0 -0.000105017 -0.00137288 -0.00359923
16.45 0 0.00220399 0.00276656 0.00152904
16.46 0 0.00422469 0.00681899 0.00678352
16.47 0 0.0059246 0.0106767 0.0121163
16.48 0 0.00733068 0.0142242 0.0174637
16.49 0 0.0084903 0.0173751 0.0227294
16.5 0 0.00944107 0.0200958 0.027775
16.51 0 0.0101976 0.0224028 0.0324272
16.52 0 0.0107592 0.0243381 0.0365053
16.53 0 0.0111442 0.0259473 0.0398619
16.54 0 0.0114183 0.0272701 0.0424159
16.55 0 0.0116821 0.0283284 0.044151
16.56 0 0.012026 0.0291195 0.0450887
16.57 0 0.0124905 0.0296246 0.0452616
16.58 0 0.0130571 0.029833 0.0447101
16.59 0 0.0136692 0.0297631 0.0434975
16.6 0 0.0142548 0.0294578 0.0417185
16.61 0 0.0147417 0.0289586 0.0394954
16.62 0 0.0150708 0.0282855 0.0369724
16.63 0 0.0152011 0.0274315 0.0343058
16.64 0 0.0151023 0.026372 0.0316452
16.65 0 0.0147479 0.025084 0.0291135
16.66 0 0.0141218 0.0235659 0.026797
16.67 0 0.0132265 0.0218459 0.0247397
16.68 0 0.0120828 0.0199734 0.0229394
16.69 0 0.0107267 0.018002 0.0213485
16.7 0 0.00921229 0.0159794 0.0198868
16.71 0 0.00761274 0.0139447 0.0184601
16.72 0 0.00601238 0.0119271 0.0169752
16.73 0 0.00449632 0.00994655 0.0153502
16.74 0 0.00314639 0.00801921 0.0135232
16.75 0 0.00202969 0.00616423 0.0114557
16.76 0 0.00117744 0.00440713 0.0091317
16.77 0 0.000578057 0.00277446 0.00655828
16.78 0 0.000187425 0.00128292 0.00377045
16.79 0 -5.7001e-05 -7.14065e-05 0.000833723
16.8 0 -0.000223532 -0.00131858 -0.00215988
16.81 0 -0.000378491 -0.00251052 -0.00510294
16.82 0 -0.000582972 -0.00370668 -0.00788781
16.83 0 -0.000891778 -0.00495623 -0.0104225
16.84 0 -0.00135127 -0.00628543 -0.012644
16.85 0 -0.00199289 -0.00769397 -0.0145248
16.86 0 -0.00282347 -0.00915908 -0.0160712
16.87 0 -0.00381777 -0.010643 -0.017316
16.88 0 -0.00491875 -0.0121005 -0.0183092
16.89 0 -0.00604954 -0.0134848 -0.019111
16.9 0 -0.0071312 -0.014753 -0.0197872
16.91 0 -0.00809636 -0.0158746 -0.0204065
16.92 0 -0.00889812 -0.0168345 -0.0210343
16.93 0 -0.00950604 -0.0176213 -0.0217147
16.94 0 -0.00989347 -0.0182219 -0.0224575
16.95 0 -0.0100435 -0.0186319 -0.0232464
16.96 0 -0.00996871 -0.018866 -0.0240577
16.97 0 -0.00971616 -0.0189518 -0.0248642
16.98 0 -0.00935446 -0.0189184 -0.0256293
16.99 0 -0.0089568 -0.0187958 -0.026306
17 0 -0.00858798 -0.0186184 -0.0268421
17.01 0 -0.00829303 -0.0184211 -0.0271843
17.02 0 -0.00809089 -0.0182284 -0.0272823
17.03 0 -0.00797936 -0.0180458 -0.0270971
17.04 0 -0.00794449 -0.0178583 -0.026611
17.05 0 -0.00796464 -0.017632 -0.0258294
17.06 0 -0.00801155 -0.0173245 -0.0247799
17.07 0 -0.0080523 -0.0168989 -0.0235093
17.08 0 -0.00804956 -0.0163344 -0.0220752
17.09 0 -0.00796143 -0.015625 -0.0205355
17.1 0 -0.00774756 -0.0147751 -0.0189413
17.11 0 -0.00738008 -0.0137942 -0.0173356
17.12 0 -0.0068516 -0.0126912 -0.0157516
17.13 0 -0.00617446 -0.0114704 -0.0142071
17.14 0 -0.0053733 -0.0101319 -0.0126994
17.15 0 -0.00447893 -0.00868114 -0.0112061
17.16 0 -0.00352423 -0.00713537 -0.0096905
17.17 0 -0.00254208 -0.00552546 -0.00810942
17.18 0 -0.00156871 -0.00389138 -0.00642395
17.19 0 -0.000644694 -0.00227289 -0.00460707
17.2 0 0.00019343 -0.000700152 -0.00264536
17.21 0 0.000923792 0.000812101 -0.000537692
17.22 0 0.00154254 0.00226313 0.00170385
17.23 0 0.0020581 0.00365633 0.00404832
17.24 0 0.00248571 0.00499129 0.00644429
17.25 0 0.00284798 0.0062645 0.00882725
17.26 0 0.00317394 0.00747218 0.0111281
17.27 0 0.00349399 0.00861168 0.0132791
17.28 0 0.00383553 0.00968364 0.0152204
17.29 0 0.00421992 0.0106924 0.0169058
17.3 0 0.00465881 0.0116418 0.0183054
17.31 0 0.00515132 0.0125308 0.019405
17.32 0 0.00568391 0.0133508 0.0202076
17.33 0 0.00623252 0.0140859 0.0207316
17.34 0 0.00676659 0.0147152 0.0210097
17.35 0 0.00725426 0.0152184 0.0210855
17.36 0 0.00766538 0.0155792 0.021008
17.37 0 0.00797034 0.015784 0.0208207
17.38 0 0.00813824 0.015818 0.0205522
17.39 0 0.00813886 0.0156686 0.0202137
17.4 0 0.00795056 0.0153271 0.0198033
17.41 0 0.00756899 0.0147864 0.0193068
17.42 0 0.00701174 0.0140426 0.0187015
17.43 0 0.00632148 0.0131044 0.0179629
17.44 0 0.00556102 0.0120041 0.0170716
17.45 0 0.0047957 0.0107955 0.0160107
17.46 0 0.00407773 0.00954357 0.014765
17.47 0 0.00344242 0.00831253 0.0133268
17.48 0 0.00291039 0.00715109 0.011703
17.49 0 0.00249142 0.00608351 0.00991969
17.5 0 0.00218688 0.00511008 0.00802441
17.51 0 0.00198398 0.00421176 0.00607751
17.52 0 0.00184685 0.00335608 0.00413853
17.53 0 0.00171918 0.00250739 0.00225901
17.54 0 0.00153982 0.00163741 0.000483173
17.55 0 0.0012597 0.000728848 -0.00115128
17.56 0 0.000852415 -0.000226836 -0.00261592
17.57 0 0.000317534 -0.0012313 -0.00389542
17.58 0 -0.000324537 -0.00228001 -0.00499275
17.59 0 -0.00104315 -0.00336299 -0.00593368
17.6 0 -0.00180473 -0.00446372 -0.0067648
17.61 0 -0.00257487 -0.00555883 -0.00754497
17.62 0 -0.00331749 -0.00662039 -0.00833377
17.63 0 -0.00399347 -0.00761887 -0.00917922
17.64 0 -0.00456522 -0.00852773 -0.0101108
17.65 0 -0.00500349 -0.00932825 -0.0111373
17.66 0 -0.00528723 -0.0100073 -0.0122435
17.67 0 -0.00540279 -0.0105507 -0.0133875
17.68 0 -0.00535038 -0.0109416 -0.014507
17.69 0 -0.00515038 -0.0111637 -0.015529
17.7 0 -0.0048437 -0.0112095 -0.0163799
17.71 0 -0.00448698 -0.0110906 -0.0169957
17.72 0 -0.00414227 -0.010842 -0.0173282
17.73 0 -0.00386642 -0.0105187 -0.0173497
17.74 0 -0.00370279 -0.0101845 -0.0170568
17.75 0 -0.00367542 -0.00989669 -0.0164719
17.76 0 -0.00378752 -0.00969151 -0.0156428
17.77 0 -0.00402315 -0.00957739 -0.0146403
17.78 0 -0.00434961 -0.00953591 -0.0135505
17.79 0 -0.00471088 -0.00952086 -0.0124556
17.8 0 -0.00501925 -0.00945676 -0.0114097
17.81 0 -0.00516844 -0.00925194 -0.0104317
17.82 0 -0.0050633 -0.00882055 -0.00951461
17.83 0 -0.00465122 -0.00810518 -0.00863994
17.84 0 -0.00394075 -0.00709339 -0.00778845
17.85 0 -0.00299125 -0.00581463 -0.00693343
17.86 0 -0.00188819 -0.00432662 -0.00602928
17.87 0 -0.000722351 -0.00270461 -0.00501177
17.88 0 0.000425383 -0.00102834 -0.00380662
17.89 0 0.00148736 0.000630241 -0.00234627
17.9 0 0.00240737 0.00221516 -0.000588852
17.91 0 0.00314868 0.00369754 0.00147643
17.92 0 0.00370144 0.00508101 0.00383132
17.93 0 0.00407908 0.00638957 0.00642632
17.94 0 0.0043138 0.00764927 0.00918184
17.95 0 0.00445767 0.00887938 0.0119999
17.96 0 0.0045835 0.0100957 0.0147816
17.97 0 0.00477459 0.0113172 0.0174396
17.98 0 0.00509993 0.0125634 0.0198968
17.99 0 0.0055913 0.0138456 0.022083
18 0 0.00624124 0.0151622 0.0239429
18.01 0 0.00701705 0.0164977 0.0254488
18.02 0 0.00787628 0.0178204 0.0266069
18.03 0 0.00877817 0.0190822 0.0274548
18.04 0 0.00968534 0.0202259 0.0280488
18.05 0 0.010556 0.0211993 0.0284502
18.06 0 0.0113383 0.0219684 0.0287131
18.07 0 0.0119713 0.0225191 0.0288759
18.08 0 0.0123903 0.0228475 0.0289562
18.09 0 0.0125387 0.0229467 0.0289514
18.1 0 0.012385 0.0227981 0.0288459
18.11 0 0.0119362 0.0223722 0.0286159
18.12 0 0.011236 0.0216388 0.0282294
18.13 0 0.0103499 0.0205869 0.0276433
18.14 0 0.00934496 0.0192402 0.026804
18.15 0 0.00828016 0.017662 0.0256535
18.16 0 0.00720631 0.0159433 0.0241435
18.17 0 0.00617056 0.0141757 0.0222471
18.18 0 0.00522308 0.0124261 0.0199697
18.19 0 0.00441675 0.010728 0.0173536
18.2 0 0.00378952 0.00908811 0.0144711
18.21 0 0.003344 0.00750063 0.0114113
18.22 0 0.00304201 0.00596214 0.00827005
18.23 0 0.00281531 0.0044783 0.00514683
18.24 0 0.00258455 0.00305764 0.00214167
18.25 0 0.00227624 0.00169574 -0.000653283
18.26 0 0.00183482 0.000364875 -0.00316404
18.27 0 0.00123348 -0.000976233 -0.00533875
18.28 0 0.000479681 -0.00235712 -0.00714691
18.29 0 -0.000390412 -0.00377408 -0.00858162
18.3 0 -0.00132716 -0.00518703 -0.00966651
18.31 0 -0.00228366 -0.0065343 -0.01046
18.32 0 -0.00322075 -0.00775454 -0.0110479
18.33 0 -0.0040974 -0.00880341 -0.011523
18.34 0 -0.00486112 -0.0096591 -0.011963
18.35 0 -0.00545306 -0.0103192 -0.0124179
18.36 0 -0.00582286 -0.0107928 -0.0129105
18.37 0 -0.00594128 -0.0110895 -0.0134403
18.38 0 -0.00581056 -0.0112104 -0.0139878
18.39 0 -0.00546899 -0.0111481 -0.0145191
18.4 0 -0.00498122 -0.0108973 -0.0149869
18.41 0 -0.0044196 -0.0104684 -0.0153308
18.42 0 -0.00384949 -0.00989617 -0.0154831
18.43 0 -0.0033212 -0.00923581 -0.0153766
18.44 0 -0.00286759 -0.00854696 -0.014956
18.45 0 -0.00250843 -0.00787481 -0.0141893
18.46 0 -0.00225626 -0.00723792 -0.0130775
18.47 0 -0.00211726 -0.00662855 -0.0116571
18.48 0 -0.00208556 -0.00602357 -0.00999475
18.49 0 -0.00213433 -0.00539773 -0.00817507
18.5 0 -0.00221148 -0.00473164 -0.00628584
18.51 0 -0.0022466 -0.00401228 -0.00440764
18.52 0 -0.00216829 -0.00322874 -0.00260912
18.53 0 -0.00192197 -0.00236579 -0.000943578
18.54 0 -0.00148033 -0.00140109 0.000555844
18.55 0 -0.000847361 -0.000313402 0.00187829
18.56 0 -5.52554e-05 0.000902616 0.003035
18.57 0 0.000848278 0.00222839 0.00406165
18.58 0 0.00181528 0.003626 0.0050201
18.59 0 0.00280515 0.00504898 0.00599143
18.6 0 0.00378036 0.00645231 0.00705791
18.61 0 0.0046928 0.00779597 0.00827852
18.62 0 0.0054783 0.00904488 0.00967279
18.63 0 0.00607462 0.0101718 0.0112249
18.64 0 0.00644455 0.0111575 0.0128956
18.65 0 0.0065851 0.0119847 0.0146276
18.66 0 0.00652488 0.0126345 0.0163476
18.67 0 0.00631633 0.0130918 0.0179693
18.68 0 0.00602964 0.0133614 0.0194057
18.69 0 0.00574678 0.0134845 0.0205847
18.7 0 0.00554656 0.0135347 0.0214558
18.71 0 0.00548709 0.0135948 0.0219903
18.72 0 0.00559502 0.0137278 0.0221792
18.73 0 0.00586064 0.0139507 0.0220298
18.74 0 0.00624414 0.0142282 0.021568
18.75 0 0.00668906 0.0144885 0.0208417
18.76 0 0.00712876 0.0146453 0.0199156
18.77 0 0.0074896 0.0146203 0.0188579
18.78 0 0.00770031 0.0143634 0.0177321
18.79 0 0.00770127 0.0138615 0.0165919
18.8 0 0.00745087 0.01313 0.0154731
18.81 0 0.00693509 0.0121954 0.0143917
18.82 0 0.00617813 0.0110855 0.013347
18.83 0 0.00524219 0.00982639 0.0123246
18.84 0 0.00420987 0.00844436 0.0112928
18.85 0 0.00315851 0.00697104 0.0101999
18.86 0 0.00214494 0.00544702 0.00898012
18.87 0 0.00120666 0.00391811 0.00756787
18.88 0 0.000369873 0.00242474 0.00591314
18.89 0 -0.000345927 0.00099329 0.00399426
18.9 0 -0.000927889 -0.000368054 0.00182329
18.91 0 -0.00137507 -0.00166854 -0.000557733
18.92 0 -0.00170546 -0.00292821 -0.00308572
18.93 0 -0.00195831 -0.00416866 -0.00568593
18.94 0 -0.00218811 -0.00540533 -0.00827855
18.95 0 -0.00245101 -0.00664338 -0.010782
18.96 0 -0.00279079 -0.00787876 -0.0131163
18.97 0 -0.00323027 -0.00910211 -0.0152095
18.98 0 -0.00376997 -0.0103013 -0.0170048
18.99 0 -0.0043948 -0.0114637 -0.0184706
19 0 -0.00508444 -0.0125756 -0.0196063
19.01 0 -0.00581558 -0.0136175 -0.0204384
19.02 0 -0.00655747 -0.014564 -0.0210106
19.03 0 -0.00727147 -0.015389 -0.0213766
19.04 0 -0.00791416 -0.0160704 -0.0215919
19.05 0 -0.00843947 -0.0165855 -0.021702
19.06 0 -0.00879957 -0.0169066 -0.0217309
19.07 0 -0.00894864 -0.0170054 -0.0216818
19.08 0 -0.00885381 -0.0168599 -0.0215432
19.09 0 -0.00850836 -0.016457 -0.0212947
19.1 0 -0.00793611 -0.0157922 -0.020909
19.11 0 -0.00718313 -0.014871 -0.0203489
19.12 0 -0.00630711 -0.0137124 -0.019568
19.13 0 -0.00536972 -0.0123537 -0.018517
19.14 0 -0.00442771 -0.0108486 -0.0171516
19.15 0 -0.00352609 -0.00925681 -0.0154399
19.16 0 -0.00269759 -0.00763074 -0.0133706
19.17 0 -0.00196615 -0.00600583 -0.0109603
19.18 0 -0.00134667 -0.00439811 -0.00825513
19.19 0 -0.000838134 -0.00280867 -0.00532519
19.2 0 -0.000415443 -0.00122862 -0.00225354
19.21 0 -2.87168e-05 0.000357102 0.000875304
19.22 0 0.000385355 0.00196459 0.0039801
19.23 0 0.000887025 0.00360818 0.0069854
19.24 0 0.00152058 0.00530062 0.00982618
19.25 0 0.00230669 0.0070511 0.0124529
19.26 0 0.00323977 0.00885884 0.0148345
19.27 0 0.00429195 0.0107058 0.0169604
19.28 0 0.00542421 0.0125549 0.0188419
19.29 0 0.0065937 0.0143566 0.0205103
19.3 0 0.00775261 0.0160577 0.0220075
19.31 0 0.00884777 0.0176038 0.0233698
19.32 0 0.00981929 0.0189403 0.0246127
19.33 0 0.0106023 0.0200247 0.0257303
19.34 0 0.0111456 0.0208401 0.0267108
19.35 0 0.0114286 0.0213936 0.0275465
19.36 0 0.0114615 0.0217006 0.0282308
19.37 0 0.0112797 0.0217737 0.0287521
19.38 0 0.0109394 0.0216232 0.0290935
19.39 0 0.0105044 0.0212663 0.0292308
19.4 0 0.0100311 0.0207334 0.0291337
19.41 0 0.00956021 0.0200689 0.02877
19.42 0 0.0091154 0.0193207 0.0281115
19.43 0 0.00870627 0.0185252 0.0271402
19.44 0 0.00833293 0.0176953 0.0258535
19.45 0 0.00799127 0.0168195 0.0242694
19.46 0 0.00767201 0.0158691 0.0224249
19.47 0 0.00735367 0.0148094 0.0203664
19.48 0 0.00699828 0.0136103 0.0181402
19.49 0 0.00655576 0.0122526 0.0157866
19.5 0 0.00597638 0.0107294 0.0133401
19.51 0 0.00522615 0.00904307 0.0108316
19.52 0 0.00429641 0.00719831 0.00828762
19.53 0 0.00320167 0.00519708 0.00572317
19.54 0 0.00197277 0.00304437 0.00313968
19.55 0 0.000654726 0.000763485 0.000531621
19.56 0 -0.000695255 -0.00159719 -0.00210773
19.57 0 -0.00201808 -0.00397185 -0.00478657
19.58 0 -0.00326384 -0.00628905 -0.00751221
19.59 0 -0.0043947 -0.00848286 -0.010283
19.6 0 -0.00538332 -0.010502 -0.0130794
19.61 0 -0.00620865 -0.0123149 -0.015859
19.62 0 -0.00685569 -0.0139105 -0.0185587
19.63 0 -0.00732827 -0.0152982 -0.0211099
19.64 0 -0.0076616 -0.0165058 -0.0234556
19.65 0 -0.0079162 -0.0175688 -0.0255539
19.66 0 -0.00815888 -0.0185191 -0.0273746
19.67 0 -0.00844249 -0.0193788 -0.0288931
19.68 0 -0.00879352 -0.0201583 -0.0300869
19.69 0 -0.00921404 -0.0208574 -0.0309398
19.7 0 -0.00968744 -0.0214673 -0.0314458
19.71 0 -0.0101814 -0.0219689 -0.0316103
19.72 0 -0.0106539 -0.0223349 -0.0314515
19.73 0 -0.0110623 -0.022536 -0.0310027
19.74 0 -0.0113702 -0.0225486 -0.0303118
19.75 0 -0.0115464 -0.022358 -0.0294336
19.76 0 -0.011562 -0.0219585 -0.02842
19.77 0 -0.0113926 -0.0213513 -0.0273134
19.78 0 -0.0110254 -0.0205434 -0.0261438
19.79 0 -0.0104671 -0.0195452 -0.0249292
19.8 0 -0.00974355 -0.0183725 -0.0236749
19.81 0 -0.00889445 -0.0170492 -0.0223733
19.82 0 -0.00796407 -0.0156086 -0.0210047
19.83 0 -0.00699362 -0.0140886 -0.0195391
19.84 0 -0.00601867 -0.0125251 -0.0179425
19.85 0 -0.005073 -0.0109465 -0.0161862
19.86 0 -0.00418971 -0.00937065 -0.0142533
19.87 0 -0.00339495 -0.00780826 -0.0121425
19.88 0 -0.00270118 -0.00626731 -0.00986797
19.89 0 -0.00210445 -0.00475602 -0.0074592
19.9 0 -0.00158537 -0.00328137 -0.00495777
19.91 0 -0.00111409 -0.00184518 -0.00241407
19.92 0 -0.000656872 -0.000441106 0.000116728
19.93 0 -0.000181711 0.0009439 0.00257875
19.94 0 0.000337109 0.00232465 0.00491981
19.95 0 0.000916837 0.00371199 0.00709675
19.96 0 0.00156611 0.00510842 0.00908047
19.97 0 0.0022851 0.00650665 0.0108591
19.98 0 0.00306423 0.00789026 0.0124375
19.99 0 0.0038797 0.00923333 0.0138302
20 0 0.00469226 0.0104991 0.0150531
20.01 0 0.00545712 0.0116473 0.0161226
20.02 0 0.00613859 0.0126509 0.017063
20.03 0 0.00671627 0.0135051 0.0179082
20.04 0 0.00718049 0.0142196 0.0186907
20.05 0 0.00752712 0.0148082 0.0194319
20.06 0 0.00775778 0.0152836 0.0201403
20.07 0 0.00788455 0.0156595 0.0208164
20.08 0 0.00793006 0.0159515 0.0214562
20.09 0 0.00792019 0.016173 0.0220482
20.1 0 0.00787945 0.0163351 0.0225737
20.11 0 0.00782984 0.0164483 0.0230115
20.12 0 0.00778933 0.0165238 0.023341
20.13 0 0.00777046 0.0165725 0.0235464
20.14 0 0.00778028 0.0166035 0.0236192
20.15 0 0.00781972 0.0166207 0.0235596
20.16 0 0.00787956 0.0166174 0.0233714
20.17 0 0.00793788 0.0165721 0.0230575
20.18 0 0.00796721 0.0164552 0.0226221
20.19 0 0.00794363 0.0162403 0.0220753
20.2 0 0.00784688 0.0159069 0.0214289
20.21 0 0.00765782 0.0154389 0.0206892
20.22 0 0.0073608 0.0148252 0.0198548
20.23 0 0.00694801 0.0140599 0.0189178
20.24 0 0.00642205 0.0131428 0.0178652
20.25 0 0.0057966 0.0120789 0.0166813
20.26 0 0.00509368 0.0108781 0.0153485
20.27 0 0.00433909 0.00955531 0.0138493
20.28 0 0.00356001 0.00813275 0.0121709
20.29 0 0.00278326 0.0066396 0.0103097
20.3 0 0.00203202 0.00510603 0.00827203
20.31 0 0.00132177 0.00355549 0.00607182
20.32 0 0.000656336 0.00200123 0.00372963
20.33 0 2.87363e-05 0.000447557 0.00127347
20.34 0 -0.000575292 -0.00110768 -0.0012611
20.35 0 -0.0011751 -0.00267146 -0.00383424
20.36 0 -0.00179244 -0.00425305 -0.00640564
20.37 0 -0.00244669 -0.00585923 -0.00893645
20.38 0 -0.00314967 -0.00748931 -0.0113902
20.39 0 -0.00390416 -0.00913327 -0.0137353
20.4 0 -0.00470681 -0.0107734 -0.0159484
20.41 0 -0.00554969 -0.0123882 -0.0180161
20.42 0 -0.0064177 -0.0139558 -0.0199337
20.43 0 -0.00728779 -0.015456 -0.0217022
20.44 0 -0.00813385 -0.0168697 -0.0233264
20.45 0 -0.00893414 -0.0181787 -0.024813
20.46 0 -0.00967283 -0.0193673 -0.0261692
20.47 0 -0.0103348 -0.0204252 -0.0273993
20.48 0 -0.0109017 -0.0213447 -0.0285009
20.49 0 -0.0113534 -0.0221146 -0.0294632
20.5 0 -0.0116726 -0.0227201 -0.0302701
20.51 0 -0.0118498 -0.0231444 -0.0309036
20.52 0 -0.0118832 -0.0233694 -0.0313435
20.53 0 -0.0117778 -0.023379 -0.0315679
20.54 0 -0.0115479 -0.0231651 -0.0315551
20.55 0 -0.011215 -0.0227327 -0.0312866
20.56 0 -0.010802 -0.0220992 -0.0307449
20.57 0 -0.0103274 -0.0212883 -0.0299142
20.58 0 -0.00980552 -0.0203247 -0.0287829
20.59 0 -0.00924804 -0.0192285 -0.027349
20.6 0 -0.00866393 -0.0180123 -0.0256214
20.61 0 -0.00805834 -0.0166816 -0.0236205
20.62 0 -0.00743118 -0.0152372 -0.0213765
20.63 0 -0.00677583 -0.0136793 -0.0189266
20.64 0 -0.00607931 -0.0120098 -0.0163118
20.65 0 -0.00532643 -0.0102337 -0.0135738
20.66 0 -0.00450504 -0.00835796 -0.0107531
20.67 0 -0.0036085 -0.00639211 -0.00788695
20.68 0 -0.00263707 -0.00434913 -0.00500783
20.69 0 -0.00159821 -0.00224623 -0.0021429
20.7 0 -0.000506983 -0.000104586 0.000686705
20.71 0 0.000612921 0.00205182 0.00346582
20.72 0 0.00173302 0.00419575 0.00618481
20.73 0 0.00282599 0.0062963 0.0088382
20.74 0 0.00386838 0.00832093 0.011422
20.75 0 0.00484312 0.0102386 0.0139305
20.76 0 0.00574008 0.0120236 0.0163525
20.77 0 0.00655054 0.01366 0.0186689
20.78 0 0.0072652 0.0151424 0.0208527
20.79 0 0.00787833 0.0164713 0.0228723
20.8 0 0.00839306 0.0176475 0.0246954
20.81 0 0.00882245 0.0186687 0.0262926
20.82 0 0.00918345 0.0195306 0.0276384
20.83 0 0.00949078 0.0202303 0.0287123
20.84 0 0.00975489 0.0207691 0.0295011
20.85 0 0.00998129 0.0211526 0.03
20.86 0 0.0101695 0.0213881 0.0302116
20.87 0 0.0103128 0.0214805 0.0301448
20.88 0 0.0104009 0.0214301 0.0298151
20.89 0 0.0104217 0.0212332 0.0292446
20.9 0 0.0103624 0.0208834 0.0284603
20.91 0 0.0102102 0.0203735 0.0274911
20.92 0 0.00995373 0.0196972 0.0263635
20.93 0 0.00958484 0.0188519 0.0250994
20.94 0 0.0090984 0.0178397 0.023713
20.95 0 0.0084927 0.016667 0.0222093
20.96 0 0.00777176 0.0153433 0.0205853
20.97 0 0.00694738 0.01388 0.0188333
20.98 0 0.0060404 0.01229 0.0169436
20.99 0 0.00507993 0.010587 0.0149066
21 0 0.00409758 0.00878798 0.0127143
21.01 0 0.00311936 0.00691476 0.010361
21.02 0 0.00216097 0.00499226 0.0078448
21.03 0 0.00122982 0.00304404 0.00517125
21.04 0 0.000330388 0.00108737 0.00235633
21.05 0 -0.000534315 -0.000867595 -0.000571988
21.06 0 -0.00136454 -0.00281545 -0.00357512
21.07 0 -0.0021658 -0.00475265 -0.0066078
21.08 0 -0.00294934 -0.00667497 -0.00962252
21.09 0 -0.00373015 -0.00857588 -0.0125731
21.1 0 -0.00452417 -0.0104462 -0.0154168
21.11 0 -0.0053448 -0.0122743 -0.0181159
21.12 0 -0.00619717 -0.0140477 -0.0206371
21.13 0 -0.00707422 -0.015754 -0.0229525
21.14 0 -0.0079591 -0.0173799 -0.0250422
21.15 0 -0.00883371 -0.018909 -0.0268957
21.16 0 -0.00968438 -0.0203209 -0.0285119
21.17 0 -0.0104974 -0.0215948 -0.0298958
21.18 0 -0.0112533 -0.0227125 -0.0310552
21.19 0 -0.0119267 -0.0236601 -0.0319982
21.2 0 -0.0124901 -0.0244271 -0.0327322
21.21 0 -0.0129182 -0.025004 -0.0332639
21.22 0 -0.0131919 -0.0253814 -0.0335991
21.23 0 -0.0133037 -0.0255518 -0.0337456
21.24 0 -0.0132595 -0.0255137 -0.0337133
21.25 0 -0.0130744 -0.0252705 -0.0335086
21.26 0 -0.0127658 -0.0248266 -0.0331278
21.27 0 -0.0123491 -0.0241899 -0.0325562
21.28 0 -0.0118391 -0.0233732 -0.0317729
21.29 0 -0.0112511 -0.0223935 -0.030756
21.3 0 -0.0106017 -0.0212682 -0.0294871
21.31 0 -0.00990727 -0.020011 -0.0279545
21.32 0 -0.00918264 -0.0186315 -0.0261553
21.33 0 -0.00843844 -0.017137 -0.0240964
21.34 0 -0.00768131 -0.0155365 -0.0217963
21.35 0 -0.0069141 -0.0138432 -0.0192854
21.36 0 -0.00613452 -0.0120721 -0.0166032
21.37 0 -0.00533528 -0.0102371 -0.0137942
21.38 0 -0.00450905 -0.0083494 -0.0109058
21.39 0 -0.00365246 -0.00641843 -0.0079861
21.4 0 -0.00276469 -0.00445435 -0.00508048
21.41 0 -0.00184519 -0.00247017 -0.0022277
21.42 0 -0.000893222 -0.000481956 0.000542344
21.43 0 8.77497e-05 0.00149297 0.00320856
21.44 0 0.00108544 0.00343788 0.00575747
21.45 0 0.00208117 0.00533548 0.00818197
21.46 0 0.00305393 0.00716645 0.01048
21.47 0 0.00398272 0.00890971 0.0126528
21.48 0 0.00485024 0.0105432 0.0147026
21.49 0 0.005645 0.0120461 0.0166298
21.5 0 0.0063576 0.013403 0.0184303
21.51 0 0.00697794 0.0146063 0.0200938
21.52 0 0.00749764 0.0156549 0.0216054
21.53 0 0.00791387 0.0165505 0.0229474
21.54 0 0.00823139 0.0172942 0.024102
21.55 0 0.00846197 0.0178851 0.0250532
21.56 0 0.00862028 0.0183218 0.0257866
21.57 0 0.0087186 0.0186044 0.0262898
21.58 0 0.00876395 0.0187366 0.0265523
21.59 0 0.00875805 0.0187236 0.026567
21.6 0 0.0086991 0.0185706 0.026332
21.61 0 0.00858447 0.0182797 0.0258518
21.62 0 0.00841188 0.01785 0.0251368
21.63 0 0.0081791 0.0172786 0.0242029
21.64 0 0.00788298 0.0165631 0.0230686
21.65 0 0.00751941 0.0157039 0.0217537
21.66 0 0.0070845 0.0147052 0.0202772
21.67 0 0.00657554 0.0135755 0.0186566
21.68 0 0.00599253 0.0123262 0.0169077
21.69 0 0.00534035 0.0109704 0.0150451
21.7 0 0.00462922 0.009522 0.0130827
21.71 0 0.00387293 0.00799571 0.0110337
21.72 0 0.00308641 0.00640785 0.00891024
21.73 0 0.00228394 0.00477644 0.00672424
21.74 0 0.00147941 0.00312032 0.00448765
21.75 0 0.000686106 0.00145818 0.00221366
21.76 0 -8.54523e-05 -0.00019176 -8.26657e-05
21.77 0 -0.000828474 -0.00181252 -0.00238358
21.78 0 -0.00153914 -0.00338955 -0.00466817
21.79 0 -0.00221556 -0.00491148 -0.00691231
21.8 0 -0.00285712 -0.00636995 -0.0090895
21.81 0 -0.00346425 -0.00775852 -0.0111723
21.82 0 -0.00403945 -0.009071 -0.013134
21.83 0 -0.00458757 -0.0103004 -0.0149506
21.84 0 -0.00511301 -0.0114394 -0.0166011
21.85 0 -0.00561655 -0.0124815 -0.0180684
21.86 0 -0.00609443 -0.0134206 -0.0193394
21.87 0 -0.00653908 -0.0142505 -0.0204061
21.88 0 -0.00694056 -0.0149638 -0.0212657
21.89 0 -0.00728852 -0.0155516 -0.0219204
21.9 0 -0.00757344 -0.0160037 -0.0223765
21.91 0 -0.00778619 -0.0163109 -0.0226426
21.92 0 -0.00791784 -0.016466 -0.0227275
21.93 0 -0.00796041 -0.0164654 -0.0226391
21.94 0 -0.00790736 -0.0163088 -0.0223836
21.95 0 -0.00775522 -0.0159988 -0.0219652
21.96 0 -0.00750652 -0.0155393 -0.021387
21.97 0 -0.00717068 -0.0149351 -0.0206504
21.98 0 -0.0067615 -0.0141936 -0.0197558
21.99 0 -0.00629392 -0.0133258 -0.018702
22 0 -0.00578205 -0.0123459 -0.0174873
22.01 0 -0.00523817 -0.0112708 -0.0161113
22.02 0 -0.00467229 -0.0101172 -0.0145766
22.03 0 -0.00409248 -0.00889995 -0.0128909
22.04 0 -0.00350508 -0.00763031 -0.0110678
22.05 0 -0.00291439 -0.00631624 -0.00912684
22.06 0 -0.00232215 -0.00496343 -0.00709242
22.07 0 -0.00172784 -0.00357695 -0.00499182
22.08 0 -0.00112883 -0.00216295 -0.00285333
22.09 0 -0.000520218 -0.000729849 -0.000704579
22.1 0 0.000103596 0.000711896 0.0014285
22.11 0 0.000746096 0.0021511 0.00352197
22.12 0 0.00140632 0.00357698 0.00555417
22.13 0 0.00207812 0.0049793 0.00750616
22.14 0 0.00275124 0.00634746 0.00936253
22.15 0 0.0034133 0.00766912 0.011112
22.16 0 0.00405306 0.00892932 0.0127475
22.17 0 0.0046623 0.0101111 0.0142651
22.18 0 0.0052333 0.0111987 0.0156621
22.19 0 0.00575624 0.0121803 0.0169351
22.2 0 0.00621955 0.0130485 0.0180788
22.21 0 0.0066123 0.0137991 0.0190869
22.22 0 0.00692708 0.0144291 0.0199525
22.23 0 0.00716212 0.0149344 0.0206696
22.24 0 0.00732072 0.0153108 0.0212322
22.25 0 0.0074088 0.0155549 0.0216347
22.26 0 0.00743239 0.0156666 0.0218705
22.27 0 0.00739648 0.0156488 0.0219332
22.28 0 0.00730524 0.0155067 0.0218165
22.29 0 0.00716106 0.0152451 0.0215146
22.3 0 0.00696532 0.0148663 0.0210233
22.31 0 0.0067218 0.0143731 0.0203435
22.32 0 0.0064361 0.0137688 0.019482
22.33 0 0.00611264 0.0130571 0.0184483
22.34 0 0.0057534 0.0122428 0.0172546
22.35 0 0.00535762 0.0113329 0.0159146
22.36 0 0.00492295 0.0103353 0.0144438
