0.01 0 -1.00807e-06 -1.08486e-06 -1.05657e-06
0.02 0 -4.85742e-06 -5.47154e-06 -5.26135e-06
0.03 0 -1.19374e-05 -1.43725e-05 -1.36288e-05
0.04 0 -2.13364e-05 -2.78494e-05 -2.61918e-05
0.05 0 -3.22187e-05 -4.56646e-05 -4.3162e-05
0.06 0 -4.40324e-05 -6.71897e-05 -6.493e-05
0.07 0 -5.65054e-05 -9.15306e-05 -9.19458e-05
0.08 0 -6.94819e-05 -0.000117804 -0.000124525
0.09 0 -8.27413e-05 -0.000145405 -0.00016267
0.1 0 -9.59354e-05 -0.000174109 -0.000205991
0.11 0 -0.000108695 -0.000203982 -0.00025375
0.12 0 -0.000120835 -0.000235163 -0.000304995
0.13 0 -0.000132508 -0.000267661 -0.000358702
0.14 0 -0.000144202 -0.000301284 -0.000413876
0.15 0 -0.000156565 -0.000335708 -0.000469571
0.16 0 -0.000170136 -0.000370609 -0.000524866
0.17 0 -0.000185145 -0.000405773 -0.000578856
0.18 0 -0.000201458 -0.000441099 -0.00063071
0.19 0 -0.00021868 -0.000476497 -0.000679763
0.2 0 -0.000236313 -0.000511727 -0.000725616
0.21 0 -0.000253873 -0.000546283 -0.000768141
0.22 0 -0.000270905 -0.000579381 -0.000807401
0.23 0 -0.000286926 -0.000610086 -0.000843526
0.24 0 -0.000301369 -0.000637504 -0.000876572
0.25 0 -0.000313571 -0.000660929 -0.000906428
0.26 0 -0.000322911 -0.000679928 -0.000932821
0.27 0 -0.000328998 -0.00069433 -0.000955387
0.28 0 -0.000331781 -0.000704123 -0.000973703
0.29 0 -0.000331552 -0.000709351 -0.000987304
0.3 0 -0.000328858 -0.000710121 -0.000995703
0.31 0 -0.000324359 -0.000706647 -0.000998412
0.32 0 -0.000318652 -0.000699266 -0.000994963
0.33 0 -0.000312175 -0.000688415 -0.000984956
0.34 0 -0.00030521 -0.000674563 -0.000968163
0.35 0 -0.000297902 -0.000658091 -0.000944597
0.36 0 -0.000290184 -0.000639094 -0.000914435
0.37 0 -0.000281716 -0.000617262 -0.000877923
0.38 0 -0.00027194 -0.000591965 -0.000835348
0.39 0 -0.000260176 -0.000562415 -0.000787011
0.4 0 -0.00024572 -0.000527844 -0.000733177
0.41 0 -0.000228035 -0.000487754 -0.00067413
0.42 0 -0.000206918 -0.000442082 -0.000610216
0.43 0 -0.000182462 -0.000391136 -0.000541751
0.44 0 -0.000154967 -0.000335446 -0.00046892
0.45 0 -0.000124908 -0.000275644 -0.000391782
0.46 0 -9.29581e-05 -0.000212454 -0.000310387
0.47 0 -6.01076e-05 -0.000146842 -0.000225035
0.48 0 -2.76192e-05 -8.01226e-05 -0.000136428
0.49 0 3.76287e-06 -1.32906e-05 -4.50726e-05
0.5 0 3.45751e-05 5.38113e-05 4.94191e-05
0.51 0 6.56545e-05 0.000121793 0.000147449
0.52 0 9.66616e-05 0.000190375 0.000248061
0.53 0 0.000126631 0.000258692 0.000349465
0.54 0 0.000155497 0.000326449 0.000450495
0.55 0 0.000184116 0.000393895 0.00055071
0.56 0 0.000212925 0.000460725 0.000649246
0.57 0 0.000241075 0.000525428 0.000744083
0.58 0 0.000267542 0.000586374 0.000833154
0.59 0 0.000293336 0.000644065 0.000916578
0.6 0 0.000320441 0.000700414 0.000995815
0.61 0 0.000346516 0.000753492 0.00106847
0.62 0 0.000363632 0.000795196 0.00112651
0.63 0 0.000366419 0.000817982 0.00116341
0.64 0 0.000360416 0.00082365 0.00118233
0.65 0 0.00035989 0.000824399 0.00119533
0.66 0 0.000376754 0.000835374 0.00121439
0.67 0 0.000410424 0.000864611 0.00124238
0.68 0 0.000448895 0.000909299 0.00127307
0.69 0 0.000480309 0.000960862 0.00130012
0.7 0 0.000502881 0.00101225 0.00132518
0.71 0 0.000523129 0.00105995 0.00135622
0.72 0 0.000546069 0.00110145 0.00139923
0.73 0 0.000571011 0.00113615 0.00145504
0.74 0 0.000595769 0.0011693 0.00152345
0.75 0 0.000620538 0.00121137 0.0016061
0.76 0 0.000642928 0.00126714 0.00170056
0.77 0 0.000648676 0.0013212 0.00178962
0.78 0 0.000622934 0.00134679 0.001851
0.79 0 0.000586772 0.00134708 0.00189448
0.8 0 0.000588574 0.00136037 0.00195878
0.81 0 0.000637178 0.0014044 0.00205086
0.82 0 0.000688342 0.00145661 0.00213174
0.83 0 0.000703158 0.00149257 0.00216764
0.84 0 0.000696824 0.00152216 0.00217369
0.85 0 0.000724063 0.0015833 0.00220257
0.86 0 0.0008062 0.00168805 0.00227906
0.87 0 0.000894897 0.00179358 0.00236543
0.88 0 0.000936169 0.00185508 0.00241852
0.89 0 0.000936779 0.00188007 0.00244927
0.9 0 0.000935288 0.00190139 0.0024943
0.91 0 0.000935128 0.00191889 0.00255315
0.92 0 0.000897744 0.00189305 0.00258155
0.93 0 0.000811333 0.00180735 0.00255681
0.94 0 0.000732603 0.00171159 0.00252098
0.95 0 0.000716333 0.00166341 0.00251851
0.96 0 0.000738324 0.00165506 0.00252446
0.97 0 0.00073577 0.00163868 0.00248026
0.98 0 0.000701906 0.00160386 0.00238082
0.99 0 0.000710093 0.00160685 0.00229994
1 0 0.000841488 0.00172392 0.00232905
1.01 0 0.00107742 0.00196035 0.00247748
1.02 0 0.00128226 0.00221512 0.00264656
1.03 0 0.00134664 0.00238484 0.00275149
1.04 0 0.00130715 0.00246842 0.00282829
1.05 0 0.00126495 0.00251594 0.00296018
1.06 0 0.00125105 0.00253652 0.00315861
1.07 0 0.00121826 0.00250222 0.00336098
1.08 0 0.00112095 0.00240354 0.00350407
1.09 0 0.000972943 0.00227562 0.00357526
1.1 0 0.000834135 0.0021727 0.0036014
1.11 0 0.000753033 0.00212129 0.00360124
1.12 0 0.000728083 0.00209821 0.0035557
1.13 0 0.000735253 0.00206756 0.00343804
1.14 0 0.000778472 0.00203402 0.00326326
1.15 0 0.0008702 0.00202485 0.00306809
1.16 0 0.000987809 0.00204203 0.002865
1.17 0 0.00109607 0.00207233 0.00265808
1.18 0 0.00118525 0.0021146 0.00247371
1.19 0 0.00126477 0.00217396 0.00235068
1.2 0 0.00133849 0.00224685 0.00231534
1.21 0 0.00138362 0.00230764 0.00235975
1.22 0 0.00134965 0.00230496 0.00243594
1.23 0 0.00121353 0.00220807 0.00250512
1.24 0 0.00103816 0.00206611 0.00259712
1.25 0 0.000913961 0.00196483 0.00276327
1.26 0 0.000847003 0.00192426 0.00297627
1.27 0 0.00076522 0.00188949 0.00313656
1.28 0 0.000627425 0.00181282 0.00317351
1.29 0 0.00049047 0.00171591 0.00311157
1.3 0 0.000460318 0.00166941 0.00303413
1.31 0 0.000584082 0.00172049 0.00299186
1.32 0 0.000802229 0.00185069 0.00295874
1.33 0 0.00101317 0.0020089 0.00288325
1.34 0 0.00116721 0.00216674 0.00276358
1.35 0 0.00128407 0.00232533 0.0026554
1.36 0 0.00139286 0.00247705 0.00261356
1.37 0 0.00148069 0.00258427 0.00264498
1.38 0 0.00151762 0.00261844 0.00273299
1.39 0 0.00150173 0.00260044 0.00287841
1.4 0 0.00144336 0.00257006 0.00308127
1.41 0 0.00133266 0.00253495 0.00330682
1.42 0 0.00115533 0.00247057 0.00350021
1.43 0 0.000924116 0.00234977 0.00361991
1.44 0 0.000690001 0.00217243 0.00365775
1.45 0 0.000531923 0.00198611 0.00364342
1.46 0 0.000513054 0.00186679 0.00361617
1.47 0 0.000622901 0.00185805 0.00357357
1.48 0 0.000788861 0.00194828 0.00347575
1.49 0 0.000969992 0.00212385 0.00332483
1.5 0 0.00118601 0.00238617 0.00318551
1.51 0 0.00144849 0.00270605 0.00311701
1.52 0 0.00172646 0.00302273 0.00314004
1.53 0 0.00196307 0.00327861 0.00324834
1.54 0 0.00209575 0.00343398 0.0034178
1.55 0 0.00208538 0.00347514 0.00362313
1.56 0 0.00194376 0.0034225 0.00385834
1.57 0 0.0017159 0.00330812 0.00412135
1.58 0 0.00143383 0.00313734 0.00437683
1.59 0 0.00111804 0.00290068 0.00456785
1.6 0 0.000815729 0.00262183 0.00466477
1.61 0 0.000596123 0.00236339 0.00467348
1.62 0 0.00048912 0.0021697 0.00458555
1.63 0 0.000454399 0.00202402 0.0043504
1.64 0 0.00043997 0.00188427 0.00392742
1.65 0 0.000444709 0.0017349 0.00334169
1.66 0 0.000507014 0.00159062 0.00267281
1.67 0 0.000654545 0.00147506 0.00200907
1.68 0 0.000849755 0.00138178 0.00139207
1.69 0 0.00099522 0.00126452 0.000808963
1.7 0 0.00103328 0.00110458 0.000272418
1.71 0 0.00097367 0.000919151 -0.000164907
1.72 0 0.000799101 0.000669484 -0.000508586
1.73 0 0.000454083 0.000259226 -0.000835782
1.74 0 -5.7486e-05 -0.000356396 -0.00119821
1.75 0 -0.000638543 -0.00111533 -0.00157888
1.76 0 -0.00116984 -0.00189519 -0.00194327
1.77 0 -0.00160091 -0.00260076 -0.00231185
1.78 0 -0.00196561 -0.00321073 -0.00277009
1.79 0 -0.00228529 -0.00372498 -0.00337579
1.8 0 -0.00249907 -0.00411118 -0.00408913
1.81 0 -0.0025401 -0.00435357 -0.00483781
1.82 0 -0.00241487 -0.0044898 -0.00558567
1.83 0 -0.00217896 -0.00456344 -0.00630929
1.84 0 -0.00189999 -0.00459323 -0.00697405
1.85 0 -0.00164628 -0.00458813 -0.00754196
1.86 0 -0.00147159 -0.0045616 -0.0079759
1.87 0 -0.00140101 -0.00453395 -0.00824005
1.88 0 -0.00143211 -0.00452848 -0.00830706
1.89 0 -0.00155224 -0.00456846 -0.00817404
1.9 0 -0.00174821 -0.00466587 -0.00786706
1.91 0 -0.00199634 -0.00480221 -0.007425
1.92 0 -0.00226786 -0.00493878 -0.00689815
1.93 0 -0.00254658 -0.00505018 -0.00635941
1.94 0 -0.00280817 -0.00512049 -0.00587688
1.95 0 -0.00299095 -0.00511721 -0.00547434
1.96 0 -0.00302824 -0.00500774 -0.00514829
1.97 0 -0.00289262 -0.00478264 -0.00489859
1.98 0 -0.00258772 -0.00443668 -0.00471407
1.99 0 -0.00214782 -0.00397269 -0.00457467
2 0 -0.0016431 -0.00342438 -0.00446797
2.01 0 -0.00114824 -0.00284581 -0.00437493
2.02 0 -0.000725485 -0.00230462 -0.00426976
2.03 0 -0.000413577 -0.00186424 -0.0041214
2.04 0 -0.000211043 -0.00154713 -0.00388277
2.05 0 -9.3274e-05 -0.00133031 -0.00350787
2.06 0 -4.81023e-05 -0.00117378 -0.00298566
2.07 0 -9.11827e-05 -0.00105244 -0.00235656
2.08 0 -0.000245887 -0.000967889 -0.00169635
2.09 0 -0.000504837 -0.000934607 -0.00107877
2.1 0 -0.00080301 -0.00094927 -0.000539866
2.11 0 -0.00103662 -0.000975719 -7.68162e-05
2.12 0 -0.00113402 -0.000975102 0.000304642
2.13 0 -0.00109644 -0.000930613 0.000563994
2.14 0 -0.000955373 -0.000824022 0.000668786
2.15 0 -0.000731633 -0.000629524 0.000627785
2.16 0 -0.000443942 -0.000347519 0.000473846
2.17 0 -0.000108273 -6.6475e-06 0.000258213
2.18 0 0.000268177 0.000360918 5.25648e-05
2.19 0 0.000654558 0.000712955 -8.74824e-05
2.2 0 0.00097916 0.000992284 -0.000148863
2.21 0 0.00117426 0.00116206 -0.000131375
2.22 0 0.00121866 0.00122879 -1.9363e-05
2.23 0 0.00113247 0.00122373 0.000206666
2.24 0 0.000951456 0.00117542 0.000546607
2.25 0 0.000710842 0.00109947 0.000972397
2.26 0 0.000445389 0.00100666 0.00143825
2.27 0 0.00019084 0.000911284 0.00189323
2.28 0 -2.11289e-05 0.000829948 0.00228713
2.29 0 -0.000167447 0.000777116 0.00257538
2.3 0 -0.000231221 0.000765132 0.00272857
2.31 0 -0.000196664 0.000807692 0.00274264
2.32 0 -5.829e-05 0.000911693 0.00263258
2.33 0 0.000154319 0.00105309 0.00240653
2.34 0 0.000377376 0.00117383 0.00205906
2.35 0 0.000564591 0.00122869 0.00161141
2.36 0 0.000717002 0.00121893 0.00113249
2.37 0 0.000845443 0.00116619 0.000697517
2.38 0 0.000938719 0.00108676 0.000352881
2.39 0 0.000970288 0.000989706 0.000116317
2.4 0 0.000915636 0.000876267 -1.40035e-05
2.41 0 0.000765735 0.000738316 -5.19859e-05
2.42 0 0.000528954 0.000558193 -2.22629e-05
2.43 0 0.000228678 0.000318144 4.27576e-05
2.44 0 -0.000100582 1.52829e-05 0.000108607
2.45 0 -0.000425012 -0.000334893 0.000137942
2.46 0 -0.000722431 -0.000706365 8.8793e-05
2.47 0 -0.000980583 -0.0010711 -7.80125e-05
2.48 0 -0.00118375 -0.00140088 -0.000382144
2.49 0 -0.00130332 -0.00166626 -0.000810723
2.5 0 -0.00130942 -0.00184375 -0.00132502
2.51 0 -0.00119414 -0.00192701 -0.00187993
2.52 0 -0.000983377 -0.00192991 -0.00243707
2.53 0 -0.000732431 -0.0018841 -0.00296893
2.54 0 -0.000513107 -0.0018377 -0.0034603
2.55 0 -0.000389372 -0.00184431 -0.0039003
2.56 0 -0.000386834 -0.00193704 -0.00426441
2.57 0 -0.000494478 -0.00212152 -0.00452112
2.58 0 -0.000707689 -0.00240525 -0.00467409
2.59 0 -0.00102069 -0.00278417 -0.00475217
2.6 0 -0.00139018 -0.00320894 -0.00476868
2.61 0 -0.00176693 -0.00362201 -0.00474488
2.62 0 -0.002094 -0.00396161 -0.00469754
2.63 0 -0.00229286 -0.00414871 -0.00461212
2.64 0 -0.00233958 -0.00416052 -0.00450681
2.65 0 -0.00229884 -0.00406924 -0.00446332
2.66 0 -0.00223978 -0.00396839 -0.00454935
2.67 0 -0.00214352 -0.00387553 -0.00473111
2.68 0 -0.00194383 -0.00374477 -0.00490947
2.69 0 -0.00165139 -0.00356555 -0.00503885
2.7 0 -0.00136226 -0.00337982 -0.00514356
2.71 0 -0.00117301 -0.00323573 -0.00525346
2.72 0 -0.00111712 -0.0031576 -0.0053593
2.73 0 -0.00114404 -0.00312518 -0.00539728
2.74 0 -0.00118047 -0.00310309 -0.00530142
2.75 0 -0.00121685 -0.00309497 -0.00507865
2.76 0 -0.00128153 -0.00311249 -0.00477963
2.77 0 -0.00135444 -0.00310631 -0.0044141
2.78 0 -0.00138296 -0.00299973 -0.0039645
2.79 0 -0.00136509 -0.00278385 -0.0034642
2.8 0 -0.00136461 -0.00254416 -0.0030127
2.81 0 -0.00144663 -0.0024019 -0.00271595
2.82 0 -0.00159811 -0.00241936 -0.00260729
2.83 0 -0.00173441 -0.00256733 -0.00264325
2.84 0 -0.00181052 -0.0027996 -0.00279949
2.85 0 -0.00185351 -0.00308543 -0.00309816
2.86 0 -0.00186356 -0.00334627 -0.00351488
2.87 0 -0.00179898 -0.00347917 -0.00396996
2.88 0 -0.00166747 -0.00346878 -0.00442267
2.89 0 -0.00151835 -0.0033831 -0.00486857
2.9 0 -0.00135378 -0.00326809 -0.00525558
2.91 0 -0.00111445 -0.00309515 -0.00546745
2.92 0 -0.000760846 -0.00280482 -0.0053987
2.93 0 -0.000359759 -0.00239211 -0.00504407
2.94 0 -5.94432e-05 -0.00192902 -0.00449402
2.95 0 5.43013e-05 -0.00148149 -0.00381745
2.96 0 5.73125e-05 -0.00102774 -0.00297201
2.97 0 0.000129545 -0.000469099 -0.00184309
2.98 0 0.000442046 0.000330696 -0.00032197
2.99 0 0.00107284 0.00150259 0.00163834
3 0 0.00197103 0.00311041 0.00399305
3.01 0 0.00302324 0.00513937 0.00665481
3.02 0 0.00416259 0.00753209 0.00957828
3.03 0 0.00538317 0.0101921 0.0127638
3.04 0 0.00672599 0.0130285 0.0162517
3.05 0 0.00829582 0.0160569 0.0201536
3.06 0 0.0101698 0.0193443 0.0245537
3.07 0 0.0122587 0.0228525 0.0293515
3.08 0 0.014338 0.0264391 0.0342968
3.09 0 0.0162072 0.0299598 0.0391509
3.1 0 0.0177873 0.0333076 0.0437726
3.11 0 0.0191345 0.036423 0.04813
3.12 0 0.0203879 0.0392972 0.0522615
3.13 0 0.0216343 0.0419132 0.0561606
3.14 0 0.0228395 0.0442193 0.0597203
3.15 0 0.0239399 0.0462075 0.0628246
3.16 0 0.0249137 0.0479354 0.0654151
3.17 0 0.0257787 0.049474 0.0674853
3.18 0 0.0265958 0.0508853 0.0690846
3.19 0 0.0274363 0.0522 0.0702918
3.2 0 0.0283604 0.05343 0.0712
3.21 0 0.0293752 0.0545648 0.0718795
3.22 0 0.0303407 0.0554922 0.0722787
3.23 0 0.0310006 0.056007 0.0722385
3.24 0 0.0311332 0.0559192 0.0716183
3.25 0 0.0306568 0.0551233 0.0703764
3.26 0 0.029637 0.0536011 0.0685589
3.27 0 0.0282138 0.0513947 0.066234
3.28 0 0.0265235 0.0485949 0.0634406
3.29 0 0.0247165 0.0453958 0.0602331
3.3 0 0.0229743 0.0421022 0.0567221
3.31 0 0.0213731 0.0389408 0.05295
3.32 0 0.019808 0.0359054 0.0488115
3.33 0 0.0181772 0.0328796 0.0442239
3.34 0 0.0165343 0.0297955 0.0392741
3.35 0 0.01501 0.0266378 0.0341515
3.36 0 0.0136934 0.0234307 0.0290472
3.37 0 0.0125193 0.0201849 0.0240454
3.38 0 0.0112017 0.0167932 0.01903
3.39 0 0.00935763 0.013043 0.0137622
3.4 0 0.00669114 0.00868301 0.00802038
3.41 0 0.00312785 0.00351631 0.00171033
3.42 0 -0.0010362 -0.00242752 -0.00501171
3.43 0 -0.00520701 -0.0088479 -0.011803
3.44 0 -0.00898909 -0.0154143 -0.018505
3.45 0 -0.0125188 -0.0219853 -0.0253622
3.46 0 -0.0161241 -0.0284853 -0.0327114
3.47 0 -0.0198642 -0.0347421 -0.0405998
3.48 0 -0.0234882 -0.0405658 -0.0487718
3.49 0 -0.0266038 -0.045827 -0.0568127
3.5 0 -0.0288564 -0.050427 -0.0642867
3.51 0 -0.0301686 -0.0543511 -0.0709478
3.52 0 -0.0308684 -0.0577496 -0.0768762
3.53 0 -0.0314516 -0.0608047 -0.0822876
3.54 0 -0.0322205 -0.0635499 -0.0872433
3.55 0 -0.0331942 -0.0659028 -0.091609
3.56 0 -0.0342256 -0.0677815 -0.0951721
3.57 0 -0.0351553 -0.069191 -0.0977673
3.58 0 -0.035942 -0.070265 -0.0993771
3.59 0 -0.0366638 -0.0711868 -0.100118
3.6 0 -0.0374159 -0.0720522 -0.10014
3.61 0 -0.0382263 -0.0728069 -0.0995593
3.62 0 -0.0390324 -0.0732843 -0.0984355
3.63 0 -0.0397343 -0.073326 -0.0968247
3.64 0 -0.0402857 -0.0729158 -0.0948592
3.65 0 -0.0407244 -0.0722182 -0.0927667
3.66 0 -0.0411337 -0.0715107 -0.0908202
3.67 0 -0.0415829 -0.0710662 -0.089266
3.68 0 -0.042045 -0.0710067 -0.0882282
3.69 0 -0.0423634 -0.071217 -0.0876589
3.7 0 -0.0423579 -0.0714329 -0.0874267
3.71 0 -0.0420017 -0.0714457 -0.0874801
3.72 0 -0.0414936 -0.0712633 -0.0879283
3.73 0 -0.0411215 -0.0710932 -0.0889419
3.74 0 -0.0410602 -0.0712062 -0.0905909
3.75 0 -0.0412707 -0.0717848 -0.0927576
3.76 0 -0.0415456 -0.0728185 -0.0951608
3.77 0 -0.0416987 -0.0741396 -0.0975124
3.78 0 -0.0417185 -0.0755282 -0.0996558
3.79 0 -0.0417285 -0.0767698 -0.101548
3.8 0 -0.0418111 -0.0776548 -0.103126
3.81 0 -0.0418739 -0.0779766 -0.104203
3.82 0 -0.0417109 -0.0776042 -0.104528
3.83 0 -0.041163 -0.0765465 -0.103917
3.84 0 -0.0401937 -0.0749001 -0.102298
3.85 0 -0.0388339 -0.0727122 -0.0996443
3.86 0 -0.0371157 -0.0699109 -0.0959158
3.87 0 -0.0351358 -0.066438 -0.0911476
3.88 0 -0.0331136 -0.0624121 -0.0855389
3.89 0 -0.0312178 -0.0580363 -0.0793077
3.9 0 -0.0293724 -0.0534028 -0.0724983
3.91 0 -0.0273489 -0.0484963 -0.0650475
3.92 0 -0.0249627 -0.0432781 -0.0569458
3.93 0 -0.0221198 -0.0376677 -0.0482561
3.94 0 -0.0187747 -0.0315145 -0.0390586
3.95 0 -0.0149138 -0.0246569 -0.0294306
3.96 0 -0.0105347 -0.0169887 -0.0194254
3.97 0 -0.00558065 -0.00845766 -0.00901074
3.98 0 2.40598e-05 0.000927781 0.00191632
3.99 0 0.00617307 0.011041 0.0133978
4 0 0.012548 0.0215842 0.0253364
4.01 0 0.0188189 0.0321279 0.0375405
4.02 0 0.0247157 0.0422332 0.0497748
4.03 0 0.0300381 0.0515843 0.0618185
4.04 0 0.0347435 0.0601118 0.0735652
4.05 0 0.0389653 0.0680098 0.0850507
4.06 0 0.0429128 0.0755951 0.0963676
4.07 0 0.0467161 0.0830953 0.107531
4.08 0 0.0503303 0.0904946 0.118396
4.09 0 0.0536492 0.0976076 0.128759
4.1 0 0.0566569 0.104257 0.1385
4.11 0 0.0593499 0.110262 0.147509
4.12 0 0.0616157 0.115382 0.15558
4.13 0 0.0632781 0.119378 0.162453
4.14 0 0.0641817 0.122082 0.167892
4.15 0 0.0642138 0.123386 0.171687
4.16 0 0.0633232 0.123211 0.173654
4.17 0 0.0615921 0.121551 0.173689
4.18 0 0.0592727 0.118552 0.171827
4.19 0 0.0567186 0.114524 0.168228
4.2 0 0.0542587 0.109884 0.163103
4.21 0 0.0520449 0.104981 0.156593
4.22 0 0.0499994 0.0999435 0.148724
4.23 0 0.0479923 0.0947486 0.139555
4.24 0 0.046012 0.089366 0.129329
4.25 0 0.0440852 0.083739 0.118366
4.26 0 0.0421167 0.0777264 0.106891
4.27 0 0.0398893 0.0711649 0.0950079
4.28 0 0.0372167 0.0640142 0.0828261
4.29 0 0.0340572 0.0564129 0.0705569
4.3 0 0.0304259 0.0485293 0.0584107
4.31 0 0.026263 0.0403908 0.0464564
4.32 0 0.0214795 0.0319056 0.0346729
4.33 0 0.0161212 0.0230231 0.023116
4.34 0 0.0104411 0.0138678 0.0119929
4.35 0 0.0047385 0.00467536 0.00151923
4.36 0 -0.000911306 -0.00444378 -0.00835334
4.37 0 -0.00664969 -0.0135978 -0.0179904
4.38 0 -0.0125658 -0.0228711 -0.0277669
4.39 0 -0.0185822 -0.0321391 -0.0378302
4.4 0 -0.0245433 -0.0412365 -0.0481822
4.41 0 -0.0302612 -0.0500792 -0.0587599
4.42 0 -0.0355085 -0.0585873 -0.0694134
4.43 0 -0.0401108 -0.066688 -0.0799861
4.44 0 -0.0440765 -0.0743895 -0.0904369
4.45 0 -0.0475435 -0.0817264 -0.100788
4.46 0 -0.0506131 -0.088637 -0.110983
4.47 0 -0.0533034 -0.0949761 -0.120875
4.48 0 -0.0556153 -0.100622 -0.130303
4.49 0 -0.0576184 -0.105584 -0.139189
4.5 0 -0.0594871 -0.11007 -0.14758
4.51 0 -0.061414 -0.114386 -0.155571
4.52 0 -0.0634792 -0.118756 -0.163175
4.53 0 -0.0656311 -0.123228 -0.170295
4.54 0 -0.0678075 -0.127752 -0.176832
4.55 0 -0.0700488 -0.13228 -0.182795
4.56 0 -0.0724593 -0.136779 -0.188274
4.57 0 -0.0750644 -0.14116 -0.19331
4.58 0 -0.0777113 -0.145227 -0.197806
4.59 0 -0.0801182 -0.148729 -0.201564
4.6 0 -0.0820368 -0.15148 -0.204426
4.61 0 -0.0833612 -0.153419 -0.206361
4.62 0 -0.0841023 -0.154561 -0.207432
4.63 0 -0.0842989 -0.154919 -0.207703
4.64 0 -0.0839644 -0.154464 -0.207188
4.65 0 -0.083108 -0.15316 -0.205861
4.66 0 -0.0817796 -0.151024 -0.203707
4.67 0 -0.080062 -0.148133 -0.200722
4.68 0 -0.0780148 -0.144575 -0.196876
4.69 0 -0.075642 -0.140399 -0.192093
4.7 0 -0.0729235 -0.135619 -0.186286
4.71 0 -0.0698803 -0.130253 -0.179429
4.72 0 -0.0666075 -0.124365 -0.171599
4.73 0 -0.0632213 -0.118035 -0.162928
4.74 0 -0.0597791 -0.111318 -0.153532
4.75 0 -0.0563004 -0.104276 -0.143527
4.76 0 -0.0528543 -0.0970643 -0.133109
4.77 0 -0.0495733 -0.0899325 -0.12256
4.78 0 -0.0465663 -0.0831212 -0.112155
4.79 0 -0.0437988 -0.076718 -0.102031
4.8 0 -0.0410586 -0.0705879 -0.0921394
4.81 0 -0.0381121 -0.0644963 -0.0823858
4.82 0 -0.0348976 -0.0583013 -0.0728054
4.83 0 -0.031501 -0.0519793 -0.0635403
4.84 0 -0.0280324 -0.0455705 -0.054729
4.85 0 -0.0245709 -0.0391751 -0.046466
4.86 0 -0.0211244 -0.032916 -0.0387708
4.87 0 -0.0176022 -0.0268483 -0.0315504
4.88 0 -0.0138803 -0.0209307 -0.0246439
4.89 0 -0.00996903 -0.0151303 -0.0179743
4.9 0 -0.00610826 -0.00954257 -0.0116546
4.91 0 -0.00263753 -0.0043529 -0.00588553
4.92 0 0.000209102 0.000292312 -0.000766712
4.93 0 0.00240575 0.00435538 0.00379174
4.94 0 0.00412814 0.00790232 0.0080305
4.95 0 0.00559501 0.0110092 0.0121757
4.96 0 0.00685881 0.0136499 0.0162525
4.97 0 0.00778886 0.0157227 0.0200797
4.98 0 0.00826015 0.0172009 0.023447
4.99 0 0.00830667 0.0182018 0.026256
5 0 0.00808759 0.0188854 0.0284913
5.01 0 0.00776769 0.0193291 0.0301254
5.02 0 0.00743412 0.0194914 0.0310687
5.03 0 0.00710814 0.0192843 0.0312109
5.04 0 0.00683357 0.018707 0.0305296
5.05 0 0.00671309 0.0179047 0.02914
5.06 0 0.00683389 0.0170891 0.0272298
5.07 0 0.00717873 0.0164094 0.0249643
5.08 0 0.0076595 0.0159199 0.0224942
5.09 0 0.0082839 0.0156974 0.020089
5.1 0 0.00919113 0.0158887 0.0181519
5.11 0 0.0104564 0.0165747 0.0170173
5.12 0 0.0119956 0.0177313 0.0168504
5.13 0 0.0136663 0.0193355 0.0177296
5.14 0 0.0153565 0.0214118 0.0197115
5.15 0 0.0170073 0.0239978 0.022833
5.16 0 0.0186145 0.0271066 0.0271005
5.17 0 0.0202258 0.0307239 0.0324867
5.18 0 0.0219296 0.0348293 0.0389304
5.19 0 0.023827 0.0394131 0.0463277
5.2 0 0.0259953 0.0444706 0.0545209
5.21 0 0.0284732 0.0499962 0.063311
5.22 0 0.0312868 0.0559948 0.0725107
5.23 0 0.0344847 0.062488 0.0819959
5.24 0 0.0381234 0.0694853 0.091698
5.25 0 0.0422092 0.0769419 0.101554
5.26 0 0.0466784 0.0847565 0.111491
5.27 0 0.0514255 0.0928033 0.121439
5.28 0 0.0563311 0.10096 0.131345
5.29 0 0.0612877 0.109132 0.141186
5.3 0 0.0661754 0.117217 0.150934
5.31 0 0.0708032 0.125035 0.160484
5.32 0 0.0749416 0.132339 0.169673
5.33 0 0.0784125 0.138895 0.178357
5.34 0 0.0811312 0.14453 0.18644
5.35 0 0.0831092 0.149162 0.19388
5.36 0 0.0844294 0.15281 0.200677
5.37 0 0.0851974 0.155568 0.206833
5.38 0 0.0855066 0.157576 0.212327
5.39 0 0.0854223 0.158967 0.217092
5.4 0 0.0849924 0.159821 0.221022
5.41 0 0.0843127 0.160203 0.224033
5.42 0 0.083557 0.160214 0.226118
5.43 0 0.0828696 0.159921 0.227261
5.44 0 0.0822689 0.159302 0.227369
5.45 0 0.0817182 0.158319 0.226342
5.46 0 0.0812278 0.157008 0.224185
5.47 0 0.0808493 0.155448 0.221017
5.48 0 0.0806064 0.153698 0.216999
5.49 0 0.0804529 0.151763 0.212294
5.5 0 0.0802914 0.149617 0.207062
5.51 0 0.0800286 0.14725 0.201488
5.52 0 0.0796215 0.144704 0.195803
5.53 0 0.0790683 0.142059 0.19025
5.54 0 0.0783334 0.139356 0.184999
5.55 0 0.0773008 0.136531 0.180078
5.56 0 0.0758627 0.133485 0.175454
5.57 0 0.0740326 0.130191 0.171138
5.58 0 0.0719265 0.12671 0.167183
5.59 0 0.0696898 0.123169 0.163641
5.6 0 0.0674674 0.119752 0.160548
5.61 0 0.0653791 0.116659 0.157915
5.62 0 0.0634689 0.114002 0.155672
5.63 0 0.0617275 0.111774 0.153699
5.64 0 0.0602065 0.109951 0.151936
5.65 0 0.0590233 0.108522 0.150406
5.66 0 0.0582698 0.107463 0.149136
5.67 0 0.0579912 0.106776 0.148152
5.68 0 0.0581807 0.106507 0.147483
5.69 0 0.0587421 0.106694 0.147125
5.7 0 0.0595098 0.107317 0.147042
5.71 0 0.0603404 0.108306 0.147225
5.72 0 0.0611837 0.109578 0.147738
5.73 0 0.0620543 0.111039 0.148679
5.74 0 0.062939 0.112568 0.150099
5.75 0 0.0637442 0.114023 0.151946
5.76 0 0.0643283 0.11528 0.154089
5.77 0 0.0645797 0.116279 0.156381
5.78 0 0.0644759 0.117028 0.158701
5.79 0 0.064068 0.117543 0.160939
5.8 0 0.0634275 0.117803 0.162956
5.81 0 0.0626413 0.117772 0.164606
5.82 0 0.061823 0.117458 0.165777
5.83 0 0.0610827 0.116919 0.166394
5.84 0 0.0604927 0.116239 0.166398
5.85 0 0.0600725 0.115486 0.16574
5.86 0 0.0597761 0.114665 0.164366
5.87 0 0.0595006 0.113686 0.162218
5.88 0 0.0591392 0.112405 0.159271
5.89 0 0.0586245 0.110688 0.155569
5.9 0 0.0579159 0.108447 0.151203
5.91 0 0.056959 0.105635 0.146263
5.92 0 0.0556556 0.102225 0.140791
5.93 0 0.0538783 0.0981972 0.134783
5.94 0 0.0515495 0.0935642 0.128248
5.95 0 0.0487226 0.0884205 0.121281
5.96 0 0.0455634 0.0829235 0.114048
5.97 0 0.042256 0.0772286 0.106709
5.98 0 0.038929 0.0714485 0.0993585
5.99 0 0.0356151 0.0656296 0.0919951
6 0 0.032269 0.059759 0.0845423
6.01 0 0.0288841 0.0538574 0.0769617
6.02 0 0.025558 0.0480309 0.0693208
6.03 0 0.022372 0.0423535 0.0616761
6.04 0 0.0192766 0.0367627 0.0539626
6.05 0 0.016158 0.0311204 0.0460579
6.06 0 0.0129642 0.0253317 0.0379031
6.07 0 0.0097492 0.019404 0.0295456
6.08 0 0.00660334 0.0134125 0.0210843
6.09 0 0.00350199 0.00736757 0.0125283
6.1 0 0.000248424 0.00110802 0.00370664
6.11 0 -0.00336737 -0.00562554 -0.00562352
6.12 0 -0.00741766 -0.0130255 -0.0156043
6.13 0 -0.0118957 -0.0211416 -0.0262572
6.14 0 -0.0168393 -0.0299468 -0.0375783
6.15 0 -0.0223171 -0.039421 -0.0495756
6.16 0 -0.0283173 -0.0495241 -0.062203
6.17 0 -0.0346791 -0.0601174 -0.0753012
6.18 0 -0.0411332 -0.0709629 -0.0886319
6.19 0 -0.0474365 -0.0818125 -0.101987
6.2 0 -0.0534477 -0.0924658 -0.115252
6.21 0 -0.0590682 -0.102722 -0.128339
6.22 0 -0.0642099 -0.112375 -0.141151
6.23 0 -0.068861 -0.121311 -0.153649
6.24 0 -0.0730996 -0.129571 -0.165873
6.25 0 -0.076984 -0.137264 -0.177841
6.26 0 -0.0804703 -0.144448 -0.189459
6.27 0 -0.0834888 -0.151137 -0.200593
6.28 0 -0.086071 -0.157379 -0.211182
6.29 0 -0.0883568 -0.163259 -0.221248
6.3 0 -0.0905145 -0.168843 -0.230829
6.31 0 -0.0926488 -0.174141 -0.239907
6.32 0 -0.0947967 -0.179099 -0.24839
6.33 0 -0.0970595 -0.183663 -0.256177
6.34 0 -0.0995507 -0.187858 -0.263189
6.35 0 -0.102184 -0.191793 -0.269313
6.36 0 -0.104733 -0.195565 -0.27441
6.37 0 -0.107014 -0.199174 -0.278384
6.38 0 -0.108966 -0.202513 -0.281235
6.39 0 -0.110645 -0.205387 -0.283078
6.4 0 -0.112125 -0.207562 -0.284053
6.41 0 -0.113388 -0.208822 -0.284247
6.42 0 -0.114304 -0.20906 -0.283665
6.43 0 -0.114664 -0.208291 -0.282257
6.44 0 -0.114237 -0.206584 -0.279935
6.45 0 -0.112871 -0.204013 -0.276637
6.46 0 -0.110572 -0.200619 -0.272389
6.47 0 -0.107444 -0.196353 -0.267238
6.48 0 -0.103629 -0.191104 -0.261215
6.49 0 -0.0993354 -0.184861 -0.254396
6.5 0 -0.0948173 -0.177804 -0.246908
6.51 0 -0.0902809 -0.170249 -0.23886
6.52 0 -0.0858517 -0.162559 -0.230322
6.53 0 -0.0815995 -0.155051 -0.221345
6.54 0 -0.0775904 -0.147933 -0.212007
6.55 0 -0.0739306 -0.141299 -0.202455
6.56 0 -0.0707223 -0.135127 -0.192864
6.57 0 -0.0679777 -0.129288 -0.183354
6.58 0 -0.0656149 -0.123639 -0.173987
6.59 0 -0.0635007 -0.118107 -0.164802
6.6 0 -0.0614644 -0.112674 -0.155806
6.61 0 -0.0593078 -0.107311 -0.146968
6.62 0 -0.0568533 -0.101942 -0.138236
6.63 0 -0.0539991 -0.0964531 -0.129583
6.64 0 -0.0507412 -0.0907237 -0.121023
6.65 0 -0.0471444 -0.0846546 -0.112596
6.66 0 -0.0432633 -0.0781696 -0.104303
6.67 0 -0.0390835 -0.0712093 -0.096063
6.68 0 -0.034531 -0.0637431 -0.0877215
6.69 0 -0.0295092 -0.0557616 -0.0790826
6.7 0 -0.0239507 -0.0472568 -0.0699476
6.71 0 -0.0179061 -0.0382592 -0.0601947
6.72 0 -0.0116008 -0.028893 -0.049841
6.73 0 -0.00538982 -0.0193586 -0.0390049
6.74 0 0.000301046 -0.00988642 -0.0278355
6.75 0 0.00509406 -0.000767154 -0.0164689
6.76 0 0.00883718 0.00761458 -0.0050049
6.77 0 0.0115909 0.014869 0.00646676
6.78 0 0.013474 0.0207339 0.0178017
6.79 0 0.0145826 0.0251745 0.0287555
6.8 0 0.0150001 0.0284485 0.0389826
6.81 0 0.0148294 0.0310061 0.0480868
6.82 0 0.0142221 0.0332203 0.0557274
6.83 0 0.0134139 0.0352155 0.0617078
6.84 0 0.0127076 0.0369087 0.065969
6.85 0 0.0123816 0.0381341 0.0685184
6.86 0 0.0125929 0.0387555 0.0693683
6.87 0 0.0133199 0.0387265 0.0685094
6.88 0 0.0143666 0.0380854 0.0659266
6.89 0 0.0154376 0.0369027 0.0616455
6.9 0 0.0162575 0.0352286 0.0557975
6.91 0 0.0166606 0.0330646 0.0486568
6.92 0 0.016585 0.0303482 0.0405958
6.93 0 0.0160164 0.0269718 0.0320108
6.94 0 0.0149335 0.0228373 0.0232717
6.95 0 0.0132564 0.0179052 0.0146699
6.96 0 0.0108471 0.0122275 0.0063862
6.97 0 0.00759769 0.00596933 -0.00147283
6.98 0 0.0035077 -0.000635842 -0.00883353
6.99 0 -0.00127524 -0.00741196 -0.0156744
7 0 -0.0064557 -0.0143051 -0.0220486
7.01 0 -0.0117151 -0.0212753 -0.0280597
7.02 0 -0.0168041 -0.0281588 -0.0338093
7.03 0 -0.0214948 -0.0346677 -0.0393564
7.04 0 -0.0255707 -0.0404888 -0.0447204
7.05 0 -0.0288601 -0.045383 -0.0498941
7.06 0 -0.03124 -0.0492303 -0.054833
7.07 0 -0.0326329 -0.0520198 -0.0594431
7.08 0 -0.0330243 -0.0538161 -0.0635943
7.09 0 -0.0324845 -0.0547182 -0.0671477
7.1 0 -0.0311686 -0.054816 -0.069972
7.11 0 -0.0293008 -0.0541777 -0.071958
7.12 0 -0.0271519 -0.0528822 -0.0730383
7.13 0 -0.025001 -0.0510581 -0.0731887
7.14 0 -0.0230776 -0.0488829 -0.0724087
7.15 0 -0.0214964 -0.0465279 -0.0706752
7.16 0 -0.0202235 -0.0440889 -0.0679044
7.17 0 -0.0191386 -0.0415714 -0.0640063
7.18 0 -0.0181727 -0.0389555 -0.0590169
7.19 0 -0.01739 -0.0362699 -0.0531753
7.2 0 -0.0169292 -0.0335978 -0.0468657
7.21 0 -0.0168811 -0.0310443 -0.0404968
7.22 0 -0.0172049 -0.0287084 -0.0344087
7.23 0 -0.0177262 -0.0266653 -0.0288502
7.24 0 -0.0182171 -0.0249658 -0.0240211
7.25 0 -0.0184876 -0.0236287 -0.0201048
7.26 0 -0.0184306 -0.0226253 -0.0172668
7.27 0 -0.018031 -0.0218908 -0.0156421
7.28 0 -0.0173517 -0.0213687 -0.0153184
7.29 0 -0.0164999 -0.0210515 -0.0163112
7.3 0 -0.0155569 -0.0209639 -0.0185098
7.31 0 -0.0144934 -0.0210737 -0.0216077
7.32 0 -0.0131629 -0.0212244 -0.0251067
7.33 0 -0.011402 -0.0211566 -0.0284261
7.34 0 -0.00914778 -0.0205824 -0.0310423
7.35 0 -0.00650794 -0.0192783 -0.0325872
7.36 0 -0.00373327 -0.0171198 -0.0328304
7.37 0 -0.00106648 -0.0140511 -0.0315651
7.38 0 0.00141419 -0.0100862 -0.0285437
7.39 0 0.00383128 -0.00531485 -0.0235027
7.4 0 0.00640661 0.000145277 -0.0162436
7.41 0 0.00926878 0.00618899 -0.00677149
7.42 0 0.0123346 0.0127317 0.00461871
7.43 0 0.0153933 0.0197303 0.0174204
7.44 0 0.0182792 0.0271838 0.0310718
7.45 0 0.0209786 0.0350805 0.0450691
7.46 0 0.0236313 0.043327 0.0590215
7.47 0 0.0264744 0.0517374 0.0726683
7.48 0 0.0297859 0.060134 0.0858843
7.49 0 0.0337802 0.0684377 0.0986192
7.5 0 0.0384401 0.0766202 0.11074
7.51 0 0.0434777 0.084633 0.12197
7.52 0 0.0485332 0.0924443 0.132045
7.53 0 0.053398 0.100076 0.140885
7.54 0 0.0580411 0.107527 0.148591
7.55 0 0.0624909 0.114658 0.155317
7.56 0 0.066747 0.121212 0.1612
7.57 0 0.0707595 0.126938 0.166351
7.58 0 0.0743844 0.131666 0.170809
7.59 0 0.0773616 0.135293 0.1745
7.6 0 0.0794037 0.137781 0.177294
7.61 0 0.0803171 0.13914 0.179089
7.62 0 0.0800736 0.139396 0.179859
7.63 0 0.0788228 0.138584 0.179671
7.64 0 0.0768328 0.136764 0.178642
7.65 0 0.074393 0.134045 0.176887
7.66 0 0.0717407 0.130597 0.17447
7.67 0 0.0690248 0.126639 0.171395
7.68 0 0.0663021 0.12239 0.167614
7.69 0 0.0635794 0.118022 0.163063
7.7 0 0.0608865 0.113651 0.157727
7.71 0 0.0583057 0.109324 0.151674
7.72 0 0.0559118 0.104985 0.145007
7.73 0 0.0536811 0.100469 0.137783
7.74 0 0.0514634 0.0955538 0.129981
7.75 0 0.0490341 0.0900461 0.121543
7.76 0 0.0461952 0.0838603 0.112443
7.77 0 0.0428516 0.0770406 0.102745
7.78 0 0.0389933 0.0696881 0.0925653
7.79 0 0.0346314 0.061862 0.0819927
7.8 0 0.0297768 0.0535516 0.0710686
7.81 0 0.0244895 0.0447473 0.059837
7.82 0 0.0189316 0.0355431 0.0484103
7.83 0 0.0133406 0.0261551 0.0369591
7.84 0 0.00793546 0.0168516 0.0256411
7.85 0 0.00285391 0.00785253 0.0145336
7.86 0 -0.00180913 -0.000713342 0.00362971
7.87 0 -0.00596315 -0.00873573 -0.00707693
7.88 0 -0.00955672 -0.0160579 -0.017506
7.89 0 -0.0125906 -0.0225319 -0.0274948
7.9 0 -0.0151054 -0.0281275 -0.0368571
7.91 0 -0.0171867 -0.0329684 -0.0454314
7.92 0 -0.0189448 -0.0372525 -0.053094
7.93 0 -0.0204924 -0.0411438 -0.059762
7.94 0 -0.0219472 -0.0447209 -0.0653943
7.95 0 -0.0234149 -0.0479762 -0.0699786
7.96 0 -0.0249547 -0.0508418 -0.073512
7.97 0 -0.0265626 -0.0532376 -0.0759928
7.98 0 -0.0281739 -0.0551061 -0.0774231
7.99 0 -0.0296723 -0.0564131 -0.0778126
8 0 -0.0309201 -0.057138 -0.0771945
8.01 0 -0.0318153 -0.057285 -0.0756629
8.02 0 -0.0323341 -0.0568956 -0.0733971
8.03 0 -0.0325132 -0.0560363 -0.0706307
8.04 0 -0.0324105 -0.0547861 -0.0676043
8.05 0 -0.0320805 -0.0532427 -0.0645373
8.06 0 -0.0315523 -0.0515127 -0.0616008
8.07 0 -0.0308247 -0.0496943 -0.0589043
8.08 0 -0.0299023 -0.0478819 -0.0565237
8.09 0 -0.0288351 -0.046175 -0.0545346
8.1 0 -0.0277138 -0.0446637 -0.0530102
8.11 0 -0.0266437 -0.0434142 -0.0520019
8.12 0 -0.0257187 -0.0424698 -0.0515256
8.13 0 -0.0249922 -0.0418443 -0.0515452
8.14 0 -0.0244633 -0.0415179 -0.0519675
8.15 0 -0.0241233 -0.0414763 -0.0526937
8.16 0 -0.02401 -0.0417514 -0.0536783
8.17 0 -0.0242006 -0.042409 -0.0549292
8.18 0 -0.024792 -0.043533 -0.0564964
8.19 0 -0.0258936 -0.0452318 -0.0584753
8.2 0 -0.0276023 -0.0476258 -0.0609896
8.21 0 -0.0299787 -0.0508287 -0.0641712
8.22 0 -0.0330344 -0.0549274 -0.0681458
8.23 0 -0.0366825 -0.0599128 -0.0729737
8.24 0 -0.0406956 -0.0656108 -0.0785887
8.25 0 -0.0447663 -0.0717161 -0.0848331
8.26 0 -0.0485987 -0.0778749 -0.0915223
8.27 0 -0.0519387 -0.0837283 -0.0984527
8.28 0 -0.054565 -0.0889271 -0.105379
8.29 0 -0.0562797 -0.0931473 -0.112
8.3 0 -0.0569282 -0.0961249 -0.117981
8.31 0 -0.0564505 -0.0976984 -0.123011
8.32 0 -0.0548889 -0.0978002 -0.126832
8.33 0 -0.0523426 -0.0964123 -0.129211
8.34 0 -0.0489881 -0.0936083 -0.129983
8.35 0 -0.0451279 -0.0896298 -0.129121
8.36 0 -0.0411385 -0.0848539 -0.12671
8.37 0 -0.0373577 -0.0796828 -0.12286
8.38 0 -0.0339628 -0.0744031 -0.117595
8.39 0 -0.0309393 -0.0690996 -0.110838
8.4 0 -0.0282166 -0.0637228 -0.102558
8.41 0 -0.0257521 -0.0581602 -0.0928587
8.42 0 -0.0234612 -0.0522282 -0.0818968
8.43 0 -0.0211725 -0.0457133 -0.0698206
8.44 0 -0.0186576 -0.0384516 -0.0567644
8.45 0 -0.0156754 -0.0303669 -0.0428534
8.46 0 -0.0120304 -0.0214765 -0.0282322
8.47 0 -0.00762834 -0.0118651 -0.0131097
8.48 0 -0.0025012 -0.00163219 0.00222444
8.49 0 0.00316774 0.009122 0.0174272
8.5 0 0.00911294 0.020243 0.0321731
8.51 0 0.0151609 0.0314638 0.0462295
8.52 0 0.0212579 0.0424505 0.0594768
8.53 0 0.0273717 0.0528979 0.071868
8.54 0 0.0334138 0.0625812 0.0833631
8.55 0 0.039213 0.0713853 0.0938995
8.56 0 0.0445715 0.0793216 0.10343
8.57 0 0.0493437 0.0864906 0.111967
8.58 0 0.0534628 0.0929927 0.119579
8.59 0 0.0569307 0.0988595 0.126356
8.6 0 0.0598022 0.104049 0.132398
8.61 0 0.0621572 0.108483 0.137792
8.62 0 0.064058 0.112092 0.142591
8.63 0 0.0655256 0.114854 0.146805
8.64 0 0.0665544 0.116828 0.150412
8.65 0 0.0671264 0.118123 0.153374
8.66 0 0.0671962 0.118821 0.15561
8.67 0 0.0667073 0.118918 0.156999
8.68 0 0.0656797 0.118375 0.157462
8.69 0 0.0642588 0.117199 0.157022
8.7 0 0.0626421 0.115431 0.155752
8.71 0 0.060991 0.113144 0.15371
8.72 0 0.0594166 0.110467 0.15095
8.73 0 0.0579972 0.107603 0.147545
8.74 0 0.0567923 0.104782 0.143604
8.75 0 0.0558511 0.102199 0.139276
8.76 0 0.0551925 0.0999454 0.134722
8.77 0 0.0547914 0.0979923 0.130093
8.78 0 0.0546066 0.0962549 0.125549
8.79 0 0.0545916 0.0946593 0.121262
8.8 0 0.0546499 0.093141 0.11736
8.81 0 0.054581 0.0915925 0.113851
8.82 0 0.0540884 0.0898265 0.110608
8.83 0 0.0528753 0.0876038 0.107433
8.84 0 0.0507564 0.0846977 0.104146
8.85 0 0.0477069 0.0809454 0.100624
8.86 0 0.0438279 0.0762674 0.0967803
8.87 0 0.0392955 0.0706887 0.0925292
8.88 0 0.0343269 0.0643556 0.0877862
8.89 0 0.0291367 0.0574959 0.0824531
8.9 0 0.0238875 0.0503303 0.0763945
8.91 0 0.0186772 0.0429985 0.069442
8.92 0 0.0135868 0.0355566 0.0614541
8.93 0 0.00874114 0.028028 0.0523932
8.94 0 0.00434247 0.0204361 0.0423482
8.95 0 0.000617707 0.0128142 0.0314773
8.96 0 -0.00233831 0.00524794 0.0199289
8.97 0 -0.00464175 -0.00209541 0.00781932
8.98 0 -0.0065479 -0.00902455 -0.00473494
8.99 0 -0.00833635 -0.0154397 -0.0175584
9 0 -0.0102169 -0.0214262 -0.0303563
9.01 0 -0.0122958 -0.0272408 -0.0427334
9.02 0 -0.0146196 -0.0331783 -0.05432
9.03 0 -0.0172405 -0.0394216 -0.0648807
9.04 0 -0.0202329 -0.0459707 -0.0743097
9.05 0 -0.023661 -0.0526635 -0.0825741
9.06 0 -0.0275522 -0.0592609 -0.0896872
9.07 0 -0.0318943 -0.0655639 -0.0957207
9.08 0 -0.0366322 -0.0715034 -0.100816
9.09 0 -0.0416182 -0.0771159 -0.105129
9.1 0 -0.0465322 -0.0823923 -0.108718
9.11 0 -0.0509238 -0.0871757 -0.111531
9.12 0 -0.0544102 -0.0912257 -0.113542
9.13 0 -0.056797 -0.0942919 -0.114831
9.14 0 -0.0580385 -0.0961335 -0.115522
9.15 0 -0.0581837 -0.0965896 -0.115734
9.16 0 -0.057341 -0.0956659 -0.11556
9.17 0 -0.0556156 -0.0935287 -0.115011
9.18 0 -0.0530944 -0.0904485 -0.114015
9.19 0 -0.049909 -0.0867474 -0.112484
9.2 0 -0.0462555 -0.0827023 -0.110341
9.21 0 -0.0423615 -0.0784585 -0.107517
9.22 0 -0.0384927 -0.0740698 -0.10398
9.23 0 -0.0349502 -0.069599 -0.0997776
9.24 0 -0.0319983 -0.0651621 -0.0949989
9.25 0 -0.0297618 -0.0608975 -0.0897088
9.26 0 -0.028154 -0.0568796 -0.0838831
9.27 0 -0.0269279 -0.0530803 -0.0774415
9.28 0 -0.0258685 -0.0494512 -0.0704041
9.29 0 -0.0249168 -0.0459868 -0.0629824
9.3 0 -0.0241056 -0.0426847 -0.0554966
9.31 0 -0.02345 -0.0395174 -0.0482602
9.32 0 -0.0229023 -0.0364539 -0.0415297
9.33 0 -0.0223521 -0.0334822 -0.0354938
9.34 0 -0.0216632 -0.0306308 -0.0302915
9.35 0 -0.0207561 -0.0280019 -0.0260714
9.36 0 -0.0196477 -0.0257501 -0.0229972
9.37 0 -0.018361 -0.0239508 -0.021135
9.38 0 -0.0168382 -0.0224965 -0.0203597
9.39 0 -0.014986 -0.0211508 -0.0204017
9.4 0 -0.0127524 -0.0196572 -0.0209316
9.41 0 -0.0101675 -0.0178312 -0.0216253
9.42 0 -0.00736173 -0.0156305 -0.0222198
9.43 0 -0.00452181 -0.0131205 -0.0224907
9.44 0 -0.00182255 -0.010374 -0.022186
9.45 0 0.000593914 -0.00746221 -0.0210477
9.46 0 0.00260733 -0.00451552 -0.0189009
9.47 0 0.00412534 -0.00171498 -0.015693
9.48 0 0.00511347 0.00080327 -0.0114653
9.49 0 0.00561916 0.00304399 -0.0063077
9.5 0 0.00576654 0.00516654 -0.000341609
9.51 0 0.0057248 0.0074025 0.00626485
9.52 0 0.00566348 0.00993925 0.0132705
9.53 0 0.00574089 0.0128561 0.0203794
9.54 0 0.00614207 0.0161468 0.027323
9.55 0 0.00706879 0.0197655 0.0339151
9.56 0 0.00866135 0.0236439 0.0400294
9.57 0 0.0109419 0.0277021 0.0455569
9.58 0 0.01381 0.0318684 0.050391
9.59 0 0.0170813 0.0360883 0.0544522
9.6 0 0.0205618 0.0403188 0.0577394
9.61 0 0.0241182 0.0445226 0.0603712
9.62 0 0.0276861 0.0486553 0.062569
9.63 0 0.031199 0.0526332 0.0645707
9.64 0 0.0345061 0.0563066 0.0665324
9.65 0 0.0373777 0.0594937 0.0685083
9.66 0 0.039612 0.0620834 0.0705278
9.67 0 0.0411136 0.0640821 0.0726455
9.68 0 0.0418549 0.0655358 0.0748846
9.69 0 0.0418313 0.0664519 0.0771852
9.7 0 0.0410827 0.0668065 0.0794294
9.71 0 0.0397208 0.0665846 0.0814863
9.72 0 0.0379197 0.0658095 0.0832313
9.73 0 0.0358775 0.0645509 0.0845433
9.74 0 0.0337759 0.0629151 0.0853006
9.75 0 0.0317643 0.0610308 0.0853959
9.76 0 0.0299672 0.0590408 0.084758
9.77 0 0.028488 0.0570848 0.0833574
9.78 0 0.0273841 0.0552547 0.0811849
9.79 0 0.0266513 0.0535579 0.0782438
9.8 0 0.02625 0.0519353 0.0745812
9.81 0 0.0261299 0.0503086 0.0703112
9.82 0 0.0262232 0.0486121 0.0655977
9.83 0 0.0264239 0.0468027 0.0606195
9.84 0 0.0265649 0.044834 0.0555235
9.85 0 0.0264133 0.0426161 0.0503881
9.86 0 0.0257297 0.0400251 0.0452449
9.87 0 0.0243817 0.0369782 0.0401654
9.88 0 0.0224014 0.0334912 0.0353043
9.89 0 0.019883 0.0296132 0.0307924
9.9 0 0.0168522 0.025334 0.0266035
9.91 0 0.0132794 0.0206025 0.0225691
9.92 0 0.00916633 0.0153954 0.0184696
9.93 0 0.00461834 0.0097605 0.0141142
9.94 0 -6.51815e-05 0.00383923 0.00940883
9.95 0 -0.00443018 -0.0021338 0.0043569
9.96 0 -0.00812046 -0.007854 -0.00102257
9.97 0 -0.0109887 -0.0129868 -0.00671374
9.98 0 -0.0129914 -0.0172413 -0.0126473
9.99 0 -0.0141351 -0.0204748 -0.0186884
10 0 -0.0144497 -0.0227142 -0.0246215
10.01 0 -0.0139692 -0.0240862 -0.030143
10.02 0 -0.0128188 -0.0247911 -0.0349668
10.03 0 -0.0113018 -0.0250977 -0.0389517
10.04 0 -0.00985107 -0.025283 -0.0421101
10.05 0 -0.00891889 -0.0255928 -0.0445463
10.06 0 -0.00886646 -0.0262426 -0.0463922
10.07 0 -0.0098393 -0.0273744 -0.0477162
10.08 0 -0.0117131 -0.0290044 -0.0484746
10.09 0 -0.0141778 -0.0310241 -0.0485773
10.1 0 -0.0169017 -0.0332549 -0.0480129
10.11 0 -0.0196597 -0.0355154 -0.0469341
10.12 0 -0.0223065 -0.0376138 -0.0455935
10.13 0 -0.0246584 -0.0393009 -0.0441988
10.14 0 -0.0264846 -0.0403413 -0.0428838
10.15 0 -0.0276014 -0.0406482 -0.0417729
10.16 0 -0.0279015 -0.0402871 -0.040971
10.17 0 -0.0273218 -0.0393713 -0.0405027
10.18 0 -0.0258679 -0.0380023 -0.0403196
10.19 0 -0.0236428 -0.0362456 -0.0403313
10.2 0 -0.0208053 -0.0340941 -0.0403846
10.21 0 -0.0175224 -0.0314753 -0.0402552
10.22 0 -0.013966 -0.0283212 -0.0396887
10.23 0 -0.010329 -0.0246499 -0.0384608
10.24 0 -0.00683105 -0.0206041 -0.0364152
10.25 0 -0.00370021 -0.0163985 -0.0334519
10.26 0 -0.0011248 -0.012234 -0.0294903
10.27 0 0.000837922 -0.00823525 -0.0244414
10.28 0 0.00229391 -0.00440986 -0.018221
10.29 0 0.0034081 -0.00067594 -0.0108375
10.3 0 0.00431425 0.0030891 -0.00245256
10.31 0 0.00510496 0.00701021 0.00663037
10.32 0 0.00580659 0.0111202 0.0159683
10.33 0 0.00641094 0.0153118 0.0250449
10.34 0 0.00700818 0.0194375 0.0334545
10.35 0 0.00783509 0.0234204 0.0410091
10.36 0 0.00913231 0.0272353 0.0476359
10.37 0 0.0109736 0.0308384 0.0532316
10.38 0 0.0132302 0.0341596 0.0576287
10.39 0 0.0156487 0.037125 0.0606487
10.4 0 0.0179883 0.0396776 0.0622063
10.41 0 0.0201508 0.0418086 0.062416
10.42 0 0.0221699 0.0435306 0.061566
10.43 0 0.0240562 0.0447868 0.0599549
10.44 0 0.0257135 0.0454537 0.0577986
10.45 0 0.026983 0.0454389 0.0552593
10.46 0 0.0276973 0.0447305 0.0524724
10.47 0 0.0277203 0.0433858 0.0495529
10.48 0 0.0269702 0.0414808 0.0465896
10.49 0 0.0254057 0.0390373 0.0436114
10.5 0 0.0230194 0.0359951 0.0405748
10.51 0 0.0198499 0.0322505 0.0373805
10.52 0 0.0159909 0.0277198 0.0338966
10.53 0 0.0116161 0.0224256 0.0300065
10.54 0 0.00697504 0.0165426 0.0256391
10.55 0 0.00236988 0.010342 0.0207434
10.56 0 -0.00182958 0.00415206 0.0153052
10.57 0 -0.00526735 -0.00163223 0.00938234
10.58 0 -0.00776435 -0.00664292 0.00305543
10.59 0 -0.00932136 -0.0106616 -0.00358471
10.6 0 -0.0100184 -0.0136612 -0.0103863
10.61 0 -0.00999979 -0.0158235 -0.0171548
10.62 0 -0.00945611 -0.0174569 -0.0236602
10.63 0 -0.00855221 -0.0188069 -0.0295932
10.64 0 -0.0074158 -0.0199366 -0.0345991
10.65 0 -0.00619737 -0.0207442 -0.0383758
10.66 0 -0.00514091 -0.0211041 -0.0407656
10.67 0 -0.0045601 -0.0210254 -0.0417877
10.68 0 -0.00467635 -0.0206711 -0.0415466
10.69 0 -0.00547258 -0.0202616 -0.0401181
10.7 0 -0.00673378 -0.0199811 -0.0375623
10.71 0 -0.0082353 -0.0199344 -0.0340395
10.72 0 -0.00987331 -0.0201242 -0.0298712
10.73 0 -0.0116396 -0.0204602 -0.0254978
10.74 0 -0.0135349 -0.0208239 -0.0214012
10.75 0 -0.0154995 -0.0211472 -0.0180203
10.76 0 -0.0173788 -0.0214534 -0.0156775
10.77 0 -0.0189515 -0.0218452 -0.014556
10.78 0 -0.0200114 -0.0224526 -0.0147304
10.79 0 -0.0204454 -0.0233631 -0.0162054
10.8 0 -0.020277 -0.0245788 -0.0189415
10.81 0 -0.0196683 -0.0260353 -0.0228661
10.82 0 -0.0188822 -0.0276718 -0.0278723
10.83 0 -0.0182083 -0.0294932 -0.0337981
10.84 0 -0.0178415 -0.031546 -0.0403627
10.85 0 -0.0177895 -0.0338261 -0.0471271
10.86 0 -0.0179331 -0.0362535 -0.0535833
10.87 0 -0.0182065 -0.0387434 -0.0593365
10.88 0 -0.0186912 -0.0412534 -0.064204
10.89 0 -0.0195164 -0.0437296 -0.0681282
10.9 0 -0.0207453 -0.04608 -0.0710773
10.91 0 -0.0223895 -0.0482537 -0.0730676
10.92 0 -0.0244351 -0.0502906 -0.074193
10.93 0 -0.0268122 -0.0522702 -0.074589
10.94 0 -0.0293605 -0.0542236 -0.0743797
10.95 0 -0.0318417 -0.0560781 -0.0736568
10.96 0 -0.0340123 -0.0576764 -0.0725137
10.97 0 -0.035709 -0.058853 -0.0710982
10.98 0 -0.0368809 -0.0595033 -0.0696239
10.99 0 -0.0375394 -0.0596017 -0.06831
11 0 -0.0376821 -0.0591782 -0.0672995
11.01 0 -0.0372576 -0.0582859 -0.0666131
11.02 0 -0.0361964 -0.0569821 -0.0661685
11.03 0 -0.0345057 -0.0553476 -0.065865
11.04 0 -0.032331 -0.0534985 -0.0656496
11.05 0 -0.0298827 -0.0515158 -0.0654666
11.06 0 -0.0273454 -0.0494031 -0.0651995
11.07 0 -0.0248841 -0.0471576 -0.0647154
11.08 0 -0.0226239 -0.0448032 -0.0638762
11.09 0 -0.0205866 -0.0423418 -0.0624958
11.1 0 -0.0187021 -0.0397374 -0.0603566
11.11 0 -0.0168928 -0.0369464 -0.0572893
11.12 0 -0.0151422 -0.0339497 -0.0532416
11.13 0 -0.013492 -0.0307452 -0.0482785
11.14 0 -0.0119831 -0.0273234 -0.0425277
11.15 0 -0.0106108 -0.0236701 -0.036136
11.16 0 -0.00933183 -0.0198021 -0.0292681
11.17 0 -0.00810193 -0.0158031 -0.0221309
11.18 0 -0.00689761 -0.011823 -0.0149776
11.19 0 -0.00569898 -0.00802067 -0.00807682
11.2 0 -0.00441861 -0.0044357 -0.00161614
11.21 0 -0.00285639 -0.00089601 0.00438572
11.22 0 -0.000821646 0.00287064 0.00999932
11.23 0 0.00168949 0.00702222 0.0152298
11.24 0 0.00451427 0.0115308 0.0200207
11.25 0 0.00751274 0.0162563 0.0243835
11.26 0 0.0106858 0.0210447 0.0284689
11.27 0 0.0140985 0.025782 0.0324981
11.28 0 0.0176879 0.0303623 0.0365981
11.29 0 0.0211913 0.0346556 0.0407226
11.3 0 0.0243136 0.038594 0.0447793
11.31 0 0.0269178 0.0422427 0.0487828
11.32 0 0.0290124 0.0456982 0.0528187
11.33 0 0.0306611 0.0489747 0.0569498
11.34 0 0.0319931 0.0520587 0.061238
11.35 0 0.0332168 0.0550103 0.0657826
11.36 0 0.0345646 0.0579905 0.0706905
11.37 0 0.0362088 0.0612152 0.0760164
11.38 0 0.0381708 0.0648299 0.0816861
11.39 0 0.0403108 0.0688144 0.0874868
11.4 0 0.0424573 0.0730258 0.0931824
11.41 0 0.044521 0.0772777 0.0986188
11.42 0 0.0465131 0.081392 0.103746
11.43 0 0.0485203 0.0852632 0.108603
11.44 0 0.0506128 0.0888598 0.11324
11.45 0 0.0527419 0.0921649 0.117624
11.46 0 0.0547865 0.0951922 0.121677
11.47 0 0.0566854 0.0980441 0.125396
11.48 0 0.058465 0.100867 0.128856
11.49 0 0.0601579 0.103727 0.132128
11.5 0 0.0617404 0.106545 0.135211
11.51 0 0.0631395 0.109133 0.138041
11.52 0 0.064251 0.111261 0.140513
11.53 0 0.0649383 0.112699 0.142481
11.54 0 0.0650689 0.113276 0.143786
11.55 0 0.0646357 0.112992 0.144383
11.56 0 0.0638168 0.112068 0.144397
11.57 0 0.0628187 0.110788 0.143977
11.58 0 0.0617001 0.109295 0.143124
11.59 0 0.0604021 0.107582 0.141721
11.6 0 0.0588923 0.105597 0.139669
11.61 0 0.0572422 0.103327 0.136974
11.62 0 0.055598 0.100806 0.133735
11.63 0 0.0540958 0.0980945 0.130077
11.64 0 0.052752 0.0952242 0.126051
11.65 0 0.0514419 0.0921652 0.121614
11.66 0 0.0500145 0.08889 0.11672
11.67 0 0.0483631 0.0853813 0.111375
11.68 0 0.0464408 0.081611 0.105635
11.69 0 0.0443161 0.0776062 0.0996541
11.7 0 0.0421519 0.0734781 0.0936699
11.71 0 0.0400765 0.0693515 0.0878836
11.72 0 0.0380809 0.065287 0.0823622
11.73 0 0.0360467 0.0612802 0.0770587
11.74 0 0.0338923 0.0573484 0.0719431
11.75 0 0.0316789 0.0535915 0.0670991
11.76 0 0.0295422 0.0501205 0.0626579
11.77 0 0.0275163 0.0469112 0.0586328
11.78 0 0.0254948 0.0437938 0.0548867
11.79 0 0.0234058 0.0406412 0.0513054
11.8 0 0.0213032 0.0374737 0.0478902
11.81 0 0.0192418 0.0343444 0.0446368
11.82 0 0.0171978 0.0312507 0.0414585
11.83 0 0.015123 0.028162 0.0382398
11.84 0 0.012995 0.0250449 0.0348859
11.85 0 0.0108145 0.0218536 0.0313242
11.86 0 0.00858876 0.0185251 0.0274921
11.87 0 0.00631959 0.0149891 0.0233299
11.88 0 0.0040112 0.0111795 0.0187773
11.89 0 0.00167631 0.00704405 0.0137688
11.9 0 -0.000682685 0.00256348 0.00823023
11.91 0 -0.00308838 -0.00223196 0.00209421
11.92 0 -0.00558526 -0.00727479 -0.00467263
11.93 0 -0.00823156 -0.0125021 -0.012056
11.94 0 -0.0110689 -0.0178883 -0.0199866
11.95 0 -0.0140683 -0.0234323 -0.0283153
11.96 0 -0.0171148 -0.0291137 -0.0368039
11.97 0 -0.0200581 -0.0348572 -0.0451693
11.98 0 -0.0227814 -0.0405242 -0.0531523
11.99 0 -0.0252625 -0.0459466 -0.060586
12 0 -0.0275937 -0.0509942 -0.0674254
12.01 0 -0.0299035 -0.0555955 -0.0736873
12.02 0 -0.0322509 -0.0597249 -0.0793655
12.03 0 -0.0346115 -0.0634223 -0.0844256
12.04 0 -0.0369152 -0.0667864 -0.0888343
12.05 0 -0.0390694 -0.0699055 -0.0925617
12.06 0 -0.0409988 -0.072809 -0.0956003
12.07 0 -0.0426781 -0.0754568 -0.0979867
12.08 0 -0.0440971 -0.0777214 -0.0997675
12.09 0 -0.0452118 -0.0794076 -0.100953
12.1 0 -0.0459411 -0.0803293 -0.101517
12.11 0 -0.0461828 -0.0803734 -0.101408
12.12 0 -0.0458263 -0.0795077 -0.100556
12.13 0 -0.0448005 -0.0777777 -0.0989005
12.14 0 -0.043137 -0.0753054 -0.0964525
12.15 0 -0.0409697 -0.0722462 -0.0932878
12.16 0 -0.0384963 -0.0687525 -0.0895242
12.17 0 -0.0359546 -0.0649908 -0.0853176
12.18 0 -0.0335696 -0.0611448 -0.0808334
12.19 0 -0.0314175 -0.0573151 -0.0761279
12.2 0 -0.0293131 -0.0533896 -0.0710356
12.21 0 -0.0269551 -0.0491281 -0.0652976
12.22 0 -0.0242064 -0.0443888 -0.0588211
12.23 0 -0.0211464 -0.0391798 -0.0517231
12.24 0 -0.0179218 -0.033563 -0.0441856
12.25 0 -0.0145828 -0.027551 -0.0363012
12.26 0 -0.0110396 -0.0210907 -0.0280305
12.27 0 -0.00721737 -0.0141989 -0.0193496
12.28 0 -0.00319464 -0.00704117 -0.0103643
12.29 0 0.000862368 0.000206352 -0.00120905
12.3 0 0.00484252 0.00747895 0.00807561
12.31 0 0.00874028 0.0147482 0.0175022
12.32 0 0.0125952 0.0219318 0.0270389
12.33 0 0.0164179 0.0289346 0.0365869
12.34 0 0.0201804 0.0357178 0.0460164
12.35 0 0.0238581 0.0423134 0.0552201
12.36 0 0.027455 0.0487902 0.0641337
12.37 0 0.0309663 0.0551705 0.0726913
12.38 0 0.0343458 0.0613734 0.0807938
12.39 0 0.0375683 0.0672851 0.0883757
12.4 0 0.0407008 0.0728783 0.0954834
12.41 0 0.0438508 0.0782136 0.102227
12.42 0 0.0470535 0.0833547 0.108672
12.43 0 0.0502354 0.088318 0.114801
12.44 0 0.0532642 0.0930749 0.120548
12.45 0 0.0560251 0.0975735 0.125861
12.46 0 0.0584638 0.10175 0.130729
12.47 0 0.0605631 0.105515 0.135158
12.48 0 0.0622988 0.108745 0.13913
12.49 0 0.06363 0.111315 0.142594
12.5 0 0.0645188 0.113154 0.145495
12.51 0 0.0649513 0.114266 0.147788
12.52 0 0.0649591 0.114735 0.149463
12.53 0 0.0646211 0.1147 0.150547
12.54 0 0.0640228 0.114289 0.151063
12.55 0 0.0632299 0.113573 0.151007
12.56 0 0.0623047 0.112583 0.150372
12.57 0 0.0613053 0.111322 0.149152
12.58 0 0.0602747 0.109781 0.147343
12.59 0 0.0592258 0.107944 0.144941
12.6 0 0.0581082 0.105763 0.141911
12.61 0 0.0568149 0.103158 0.138187
12.62 0 0.0552243 0.100038 0.133707
12.63 0 0.0532343 0.0963108 0.128431
12.64 0 0.0507832 0.0919016 0.122353
12.65 0 0.0478519 0.086764 0.1155
12.66 0 0.0444422 0.0808768 0.107905
12.67 0 0.0405766 0.0742608 0.0996056
12.68 0 0.03634 0.0670273 0.0906924
12.69 0 0.031893 0.0593902 0.0813232
12.7 0 0.0274219 0.0516092 0.0716825
12.71 0 0.0230576 0.0438973 0.0619075
12.72 0 0.018817 0.0363418 0.0520315
12.73 0 0.014634 0.0289012 0.0420078
12.74 0 0.010438 0.02147 0.0317845
12.75 0 0.00619689 0.0139425 0.0213503
12.76 0 0.00192608 0.00621412 0.0107132
12.77 0 -0.00236624 -0.00185923 -0.000179384
12.78 0 -0.00679506 -0.0104293 -0.0114798
12.79 0 -0.0115966 -0.0195685 -0.0233627
12.8 0 -0.0169617 -0.0292403 -0.0359017
12.81 0 -0.0229271 -0.0393768 -0.049039
12.82 0 -0.0294258 -0.0499855 -0.0626684
12.83 0 -0.0363367 -0.0611245 -0.0766863
12.84 0 -0.0434807 -0.0727779 -0.0909705
12.85 0 -0.0506608 -0.0848065 -0.105393
12.86 0 -0.057717 -0.0969768 -0.119857
12.87 0 -0.0645403 -0.109004 -0.134303
12.88 0 -0.0710671 -0.120619 -0.1487
12.89 0 -0.0772613 -0.131642 -0.163034
12.9 0 -0.0830753 -0.142003 -0.177279
12.91 0 -0.088429 -0.151725 -0.191373
12.92 0 -0.0932357 -0.16088 -0.205227
12.93 0 -0.0974472 -0.169537 -0.218755
12.94 0 -0.101075 -0.177725 -0.231888
12.95 0 -0.10416 -0.18539 -0.244537
12.96 0 -0.106726 -0.192385 -0.256559
12.97 0 -0.108772 -0.19852 -0.267768
12.98 0 -0.110312 -0.20366 -0.277979
12.99 0 -0.111402 -0.20779 -0.287063
13 0 -0.112136 -0.211032 -0.294939
13.01 0 -0.112606 -0.213575 -0.301547
13.02 0 -0.112873 -0.215558 -0.306811
13.03 0 -0.112982 -0.217045 -0.310655
13.04 0 -0.113011 -0.218072 -0.313059
13.05 0 -0.113072 -0.218666 -0.314062
13.06 0 -0.113224 -0.2188 -0.313703
13.07 0 -0.1134 -0.218352 -0.311961
13.08 0 -0.113428 -0.217146 -0.308789
13.09 0 -0.113113 -0.215038 -0.304178
13.1 0 -0.112303 -0.211955 -0.2982
13.11 0 -0.110866 -0.20786 -0.290959
13.12 0 -0.108655 -0.202682 -0.282526
13.13 0 -0.105583 -0.196381 -0.272994
13.14 0 -0.101716 -0.189041 -0.262558
13.15 0 -0.0972248 -0.180844 -0.251465
13.16 0 -0.0922544 -0.171966 -0.239897
13.17 0 -0.0868544 -0.16251 -0.227907
13.18 0 -0.0810039 -0.152513 -0.215444
13.19 0 -0.0746851 -0.141979 -0.20243
13.2 0 -0.0679524 -0.130934 -0.188822
13.21 0 -0.0609643 -0.119467 -0.174662
13.22 0 -0.0539376 -0.107724 -0.160044
13.23 0 -0.0470583 -0.0958603 -0.145049
13.24 0 -0.0404094 -0.0839895 -0.129687
13.25 0 -0.0339708 -0.0721641 -0.113897
13.26 0 -0.0276897 -0.0604064 -0.0976134
13.27 0 -0.0215427 -0.0487318 -0.0808206
13.28 0 -0.0155419 -0.0371378 -0.0635514
13.29 0 -0.0097099 -0.0255977 -0.0458678
13.3 0 -0.00408271 -0.0140698 -0.0278572
13.31 0 0.00125206 -0.00252104 -0.00964146
13.32 0 0.00622346 0.00901169 0.00862666
13.33 0 0.0109309 0.0204207 0.0267727
13.34 0 0.015632 0.0316248 0.0445889
13.35 0 0.0205542 0.0425962 0.0618292
13.36 0 0.0257645 0.053297 0.0782264
13.37 0 0.0311826 0.0636437 0.093524
13.38 0 0.0366484 0.0735296 0.107501
13.39 0 0.0420221 0.0828912 0.120025
13.4 0 0.0473024 0.0917862 0.131146
13.41 0 0.052616 0.100363 0.14108
13.42 0 0.0580539 0.108717 0.150051
13.43 0 0.0635565 0.116795 0.158175
13.44 0 0.0689402 0.124437 0.165479
13.45 0 0.0739793 0.131445 0.171971
13.46 0 0.0784955 0.137678 0.177705
13.47 0 0.0823958 0.143087 0.182799
13.48 0 0.0855933 0.147634 0.18734
13.49 0 0.0879416 0.151223 0.191305
13.5 0 0.0893088 0.153744 0.194617
13.51 0 0.0896624 0.15515 0.197226
13.52 0 0.0890444 0.155423 0.199081
13.53 0 0.0875458 0.154568 0.20012
13.54 0 0.0853468 0.152675 0.200333
13.55 0 0.082715 0.149953 0.199789
13.56 0 0.0799207 0.146682 0.198567
13.57 0 0.0771574 0.143132 0.196691
13.58 0 0.0745362 0.139524 0.194134
13.59 0 0.072141 0.136031 0.190872
13.6 0 0.0700484 0.132751 0.18691
13.61 0 0.068278 0.129644 0.18225
13.62 0 0.0667609 0.126526 0.176872
13.63 0 0.0653568 0.123138 0.170749
13.64 0 0.0638925 0.119251 0.163874
13.65 0 0.0622216 0.114753 0.156306
13.66 0 0.0602667 0.10969 0.148184
13.67 0 0.0579968 0.104203 0.139688
13.68 0 0.0554033 0.0984477 0.130991
13.69 0 0.0525033 0.0925488 0.122252
13.7 0 0.0493297 0.0865683 0.113595
13.71 0 0.0459124 0.0804953 0.105095
13.72 0 0.0422722 0.0742744 0.0967796
13.73 0 0.0384001 0.0678235 0.0886153
13.74 0 0.034231 0.0610335 0.0804895
13.75 0 0.0296694 0.0537931 0.072232
13.76 0 0.0246479 0.0460287 0.0636689
13.77 0 0.0191619 0.0377201 0.0546557
13.78 0 0.0132614 0.0288768 0.0450692
13.79 0 0.0070355 0.0195102 0.034796
13.8 0 0.000677164 0.0096383 0.0237548
13.81 0 -0.00552459 -0.0006558 0.0119068
13.82 0 -0.0114026 -0.0111755 -0.000787091
13.83 0 -0.0170105 -0.021699 -0.0144064
13.84 0 -0.0225068 -0.0321103 -0.0290357
13.85 0 -0.0280246 -0.0424457 -0.0446696
13.86 0 -0.0335995 -0.0528893 -0.0611405
13.87 0 -0.0391978 -0.0637122 -0.0781589
13.88 0 -0.044813 -0.075145 -0.0954457
13.89 0 -0.0505174 -0.0872401 -0.112824
13.9 0 -0.0564194 -0.0998139 -0.130192
13.91 0 -0.062586 -0.112511 -0.147444
13.92 0 -0.0689988 -0.124958 -0.164442
13.93 0 -0.0755608 -0.136907 -0.181046
13.94 0 -0.0821345 -0.148303 -0.197144
13.95 0 -0.088555 -0.15923 -0.212648
13.96 0 -0.0946367 -0.169786 -0.227463
13.97 0 -0.100226 -0.179994 -0.2415
13.98 0 -0.105257 -0.189779 -0.254716
13.99 0 -0.109768 -0.198994 -0.267122
14 0 -0.113873 -0.207483 -0.278775
14.01 0 -0.117698 -0.215155 -0.289747
14.02 0 -0.121313 -0.222012 -0.300077
14.03 0 -0.124678 -0.228181 -0.309728
14.04 0 -0.127666 -0.233842 -0.318586
14.05 0 -0.13016 -0.239048 -0.326531
14.06 0 -0.132116 -0.243704 -0.333471
14.07 0 -0.133557 -0.247644 -0.339349
14.08 0 -0.134553 -0.250709 -0.344156
14.09 0 -0.135199 -0.252823 -0.34793
14.1 0 -0.135567 -0.254 -0.350695
14.11 0 -0.135658 -0.254313 -0.352417
14.12 0 -0.135393 -0.253856 -0.353008
14.13 0 -0.13469 -0.25272 -0.352378
14.14 0 -0.133522 -0.250972 -0.350487
14.15 0 -0.131953 -0.248638 -0.347369
14.16 0 -0.130091 -0.245685 -0.343111
14.17 0 -0.128026 -0.242034 -0.337808
14.18 0 -0.125799 -0.23763 -0.331545
14.19 0 -0.123394 -0.232489 -0.32439
14.2 0 -0.120732 -0.226681 -0.316384
14.21 0 -0.117691 -0.22028 -0.307541
14.22 0 -0.114187 -0.213354 -0.2979
14.23 0 -0.110264 -0.206002 -0.287602
14.24 0 -0.106098 -0.198362 -0.276893
14.25 0 -0.101904 -0.190582 -0.266038
14.26 0 -0.0978342 -0.182784 -0.255243
14.27 0 -0.0939455 -0.175077 -0.244624
14.28 0 -0.0902228 -0.167562 -0.234235
14.29 0 -0.0865924 -0.160302 -0.224074
14.3 0 -0.0829248 -0.153252 -0.214064
14.31 0 -0.0790831 -0.146271 -0.204093
14.32 0 -0.074967 -0.13915 -0.19405
14.33 0 -0.0705164 -0.131662 -0.18383
14.34 0 -0.0657081 -0.123616 -0.17334
14.35 0 -0.0605432 -0.114909 -0.162501
14.36 0 -0.0549968 -0.105503 -0.151204
14.37 0 -0.0490064 -0.0953948 -0.139295
14.38 0 -0.0425667 -0.0846618 -0.126666
14.39 0 -0.035798 -0.0734806 -0.113318
14.4 0 -0.0289107 -0.0620686 -0.0993316
14.41 0 -0.0221393 -0.0506305 -0.0848143
14.42 0 -0.0156702 -0.0393159 -0.0698482
14.43 0 -0.0095764 -0.0281735 -0.0544355
14.44 0 -0.00385333 -0.0171598 -0.0385205
14.45 0 0.00148292 -0.00620756 -0.0220501
14.46 0 0.00644052 0.00471571 -0.00499745
14.47 0 0.0111542 0.0155966 0.0126232
14.48 0 0.0158273 0.0264275 0.0306986
14.49 0 0.0206076 0.0372803 0.0489506
14.5 0 0.0255537 0.0482766 0.0669889
14.51 0 0.0307002 0.059484 0.0844766
14.52 0 0.036118 0.070876 0.101233
14.53 0 0.041898 0.0823602 0.117199
14.54 0 0.0481046 0.0938263 0.13237
14.55 0 0.0547521 0.105201 0.146775
14.56 0 0.0618061 0.116489 0.160485
14.57 0 0.069187 0.127759 0.173601
14.58 0 0.0767681 0.139088 0.186229
14.59 0 0.0843934 0.150503 0.198467
14.6 0 0.0919195 0.161952 0.210427
14.61 0 0.0992289 0.173305 0.22223
14.62 0 0.106188 0.184339 0.233959
14.63 0 0.112609 0.194764 0.245601
14.64 0 0.118269 0.204293 0.257064
14.65 0 0.122939 0.212677 0.268197
14.66 0 0.126405 0.219694 0.278806
14.67 0 0.128487 0.225151 0.288651
14.68 0 0.129101 0.228918 0.297503
14.69 0 0.12833 0.230998 0.305212
14.7 0 0.126419 0.231528 0.311716
14.71 0 0.123708 0.230761 0.317005
14.72 0 0.12059 0.229051 0.321108
14.73 0 0.11747 0.226828 0.324085
14.74 0 0.114718 0.224523 0.326029
14.75 0 0.112611 0.222366 0.327107
14.76 0 0.111208 0.220358 0.327426
14.77 0 0.110318 0.218518 0.326836
14.78 0 0.109657 0.216893 0.325074
14.79 0 0.109004 0.215404 0.321956
14.8 0 0.108232 0.213812 0.317399
14.81 0 0.107298 0.211755 0.311398
14.82 0 0.106209 0.208873 0.304028
14.83 0 0.104991 0.20495 0.295438
14.84 0 0.103645 0.199984 0.285817
14.85 0 0.102109 0.194174 0.275364
14.86 0 0.100291 0.187834 0.264268
14.87 0 0.0981082 0.181281 0.252722
14.88 0 0.0955244 0.174721 0.24091
14.89 0 0.0925247 0.168151 0.228966
14.9 0 0.0891058 0.16138 0.216966
14.91 0 0.0852914 0.154149 0.204964
14.92 0 0.0811712 0.146314 0.193056
14.93 0 0.0769084 0.137966 0.181415
14.94 0 0.0726452 0.129386 0.170214
14.95 0 0.0683945 0.12088 0.159508
14.96 0 0.0640675 0.112679 0.14924
14.97 0 0.0596393 0.104953 0.139377
14.98 0 0.0552867 0.0978778 0.130038
14.99 0 0.0513563 0.0916308 0.121477
15 0 0.048166 0.0863059 0.113922
15.01 0 0.0457011 0.0817292 0.107312
15.02 0 0.0435165 0.0774115 0.101199
15.03 0 0.0410659 0.0728371 0.095051
15.04 0 0.0380183 0.0676967 0.0885276
15.05 0 0.0342248 0.0617987 0.0814255
15.06 0 0.0296117 0.0549525 0.0735631
15.07 0 0.0242 0.0470233 0.0648048
15.08 0 0.0181481 0.0380335 0.0551174
15.09 0 0.0117089 0.0281658 0.0445477
15.1 0 0.00516418 0.017703 0.0331634
15.11 0 -0.00117738 0.00696942 0.0210163
15.12 0 -0.00709328 -0.00374368 0.00807901
15.13 0 -0.0126186 -0.0142495 -0.0057782
15.14 0 -0.0179098 -0.024488 -0.0206405
15.15 0 -0.0229955 -0.0344928 -0.0363532
15.16 0 -0.0277736 -0.0443437 -0.0525231
15.17 0 -0.032196 -0.0541527 -0.0687564
15.18 0 -0.0364154 -0.0640564 -0.0848783
15.19 0 -0.0407354 -0.0741788 -0.100915
15.2 0 -0.0454457 -0.084579 -0.116936
15.21 0 -0.0506709 -0.0952079 -0.132915
15.22 0 -0.056326 -0.10593 -0.148694
15.23 0 -0.0622139 -0.116618 -0.16407
15.24 0 -0.0681349 -0.127196 -0.178883
15.25 0 -0.0739078 -0.13758 -0.193002
15.26 0 -0.0793612 -0.147606 -0.206303
15.27 0 -0.0843739 -0.15706 -0.21869
15.28 0 -0.0889538 -0.165789 -0.230179
15.29 0 -0.0932501 -0.173799 -0.240924
15.3 0 -0.0974568 -0.181234 -0.251144
15.31 0 -0.101724 -0.188342 -0.261045
15.32 0 -0.106119 -0.195403 -0.270786
15.33 0 -0.110576 -0.202604 -0.280412
15.34 0 -0.114902 -0.209932 -0.28983
15.35 0 -0.118882 -0.217195 -0.298893
15.36 0 -0.122372 -0.224095 -0.307478
15.37 0 -0.125295 -0.230283 -0.315479
15.38 0 -0.127595 -0.235431 -0.322792
15.39 0 -0.129225 -0.239311 -0.329304
15.4 0 -0.130161 -0.241882 -0.33493
15.41 0 -0.130453 -0.243318 -0.339656
15.42 0 -0.130235 -0.243962 -0.343546
15.43 0 -0.129701 -0.244209 -0.34671
15.44 0 -0.129102 -0.244433 -0.349297
15.45 0 -0.128712 -0.24499 -0.351567
15.46 0 -0.128793 -0.246184 -0.35386
15.47 0 -0.12953 -0.248108 -0.356375
15.48 0 -0.130873 -0.250555 -0.359028
15.49 0 -0.132531 -0.253128 -0.36154
15.5 0 -0.134136 -0.255416 -0.363593
15.51 0 -0.135363 -0.257081 -0.36492
15.52 0 -0.135967 -0.257868 -0.365327
15.53 0 -0.135769 -0.257567 -0.36466
15.54 0 -0.134704 -0.256053 -0.362841
15.55 0 -0.132867 -0.253357 -0.359922
15.56 0 -0.130465 -0.249653 -0.356047
15.57 0 -0.127722 -0.245191 -0.351371
15.58 0 -0.124804 -0.240231 -0.346003
15.59 0 -0.121764 -0.23495 -0.339948
15.6 0 -0.118556 -0.229402 -0.333114
15.61 0 -0.115123 -0.223553 -0.325397
15.62 0 -0.111481 -0.217342 -0.316754
15.63 0 -0.107698 -0.2107 -0.307194
15.64 0 -0.103815 -0.203531 -0.296712
15.65 0 -0.0997944 -0.195717 -0.285254
15.66 0 -0.095533 -0.187158 -0.272728
15.67 0 -0.0909105 -0.177798 -0.259045
15.68 0 -0.0858937 -0.167692 -0.244213
15.69 0 -0.0806055 -0.157041 -0.228396
15.7 0 -0.0752791 -0.146135 -0.211875
15.71 0 -0.0701576 -0.135269 -0.194957
15.72 0 -0.065359 -0.124625 -0.177851
15.73 0 -0.0607623 -0.114151 -0.160555
15.74 0 -0.0560656 -0.103588 -0.142903
15.75 0 -0.0509657 -0.0926136 -0.124716
15.76 0 -0.0452888 -0.080961 -0.105928
15.77 0 -0.038985 -0.0684514 -0.0865879
15.78 0 -0.032026 -0.0549504 -0.0667647
15.79 0 -0.0243408 -0.0403555 -0.046511
15.8 0 -0.0158418 -0.0246613 -0.0259016
15.81 0 -0.00649925 -0.00803705 -0.00506905
15.82 0 0.00353184 0.00919336 0.0158112
15.83 0 0.0139047 0.0266426 0.0365647
15.84 0 0.0242662 0.0438996 0.0570323
15.85 0 0.0343314 0.06058 0.0770764
15.86 0 0.043927 0.0764819 0.0966805
15.87 0 0.053076 0.0917018 0.116028
15.88 0 0.061878 0.1065 0.135367
15.89 0 0.0703345 0.12107 0.154833
15.9 0 0.0783728 0.135485 0.17446
15.91 0 0.0859398 0.149736 0.194255
15.92 0 0.093017 0.163739 0.214207
15.93 0 0.099605 0.17735 0.234268
15.94 0 0.105707 0.19041 0.254357
15.95 0 0.111317 0.202794 0.274354
15.96 0 0.116447 0.214467 0.294137
15.97 0 0.121171 0.225533 0.313636
15.98 0 0.125624 0.236204 0.332829
15.99 0 0.129964 0.246721 0.351704
16 0 0.134338 0.257281 0.370242
16.01 0 0.138896 0.268025 0.388424
16.02 0 0.143779 0.279036 0.406242
16.03 0 0.149053 0.290289 0.423638
16.04 0 0.154641 0.301619 0.440454
16.05 0 0.160363 0.312775 0.456471
16.06 0 0.166011 0.323491 0.471468
16.07 0 0.171363 0.333503 0.485241
16.08 0 0.176192 0.342536 0.497585
16.09 0 0.180273 0.350308 0.508291
16.1 0 0.183412 0.356559 0.517172
16.11 0 0.185517 0.36112 0.524116
16.12 0 0.186602 0.363947 0.529098
16.13 0 0.186735 0.365077 0.532131
16.14 0 0.185969 0.364582 0.533199
16.15 0 0.184317 0.362522 0.532244
16.16 0 0.181775 0.358937 0.529172
16.17 0 0.178395 0.353894 0.523936
16.18 0 0.174404 0.347597 0.516657
16.19 0 0.170214 0.340428 0.507649
16.2 0 0.166256 0.332845 0.497297
16.21 0 0.162828 0.325253 0.485916
16.22 0 0.160059 0.317972 0.473734
16.23 0 0.157988 0.311248 0.460963
16.24 0 0.156591 0.305234 0.447811
16.25 0 0.155802 0.299952 0.434485
16.26 0 0.155527 0.295316 0.421198
16.27 0 0.155608 0.291123 0.408125
16.28 0 0.155753 0.287024 0.395317
16.29 0 0.155562 0.282593 0.382716
16.3 0 0.154686 0.277481 0.370283
16.31 0 0.15294 0.271538 0.358096
16.32 0 0.150281 0.264783 0.346303
16.33 0 0.146722 0.257304 0.335033
16.34 0 0.142281 0.249197 0.324339
16.35 0 0.136993 0.240544 0.314204
16.36 0 0.130956 0.231441 0.304591
16.37 0 0.124368 0.222035 0.295486
16.38 0 0.117493 0.212512 0.286885
16.39 0 0.110617 0.203083 0.278778
16.4 0 0.104007 0.193977 0.271131
16.41 0 0.0978332 0.185365 0.263831
16.42 0 0.0921297 0.177298 0.256654
16.43 0 0.0868521 0.169725 0.249328
16.44 0 0.081955 0.162535 0.241606
16.45 0 0.0774101 0.155577 0.233286
16.46 0 0.0731888 0.148665 0.224207
16.47 0 0.0692377 0.141606 0.214227
16.48 0 0.0654616 0.134217 0.203218
16.49 0 0.0617199 0.126346 0.191057
16.5 0 0.0578329 0.117854 0.177627
16.51 0 0.0535962 0.108597 0.162808
16.52 0 0.0488163 0.0984153 0.146499
16.53 0 0.0433873 0.0871902 0.128678
16.54 0 0.0373458 0.0749057 0.109456
16.55 0 0.0308191 0.0616433 0.0890344
16.56 0 0.0239066 0.0475107 0.0676112
16.57 0 0.016608 0.0325927 0.045324
16.58 0 0.00886145 0.0169506 0.0223073
16.59 0 0.000667898 0.000660685 -0.00118195
16.6 0 -0.00784331 -0.0161234 -0.0247807
16.61 0 -0.0165243 -0.0331427 -0.0481671
16.62 0 -0.025308 -0.0500615 -0.0711371
16.63 0 -0.0341453 -0.0665582 -0.0935618
16.64 0 -0.0429389 -0.082423 -0.115338
16.65 0 -0.0515385 -0.0975741 -0.136373
16.66 0 -0.0597498 -0.112007 -0.156569
16.67 0 -0.0673786 -0.125731 -0.175827
16.68 0 -0.0743041 -0.138738 -0.194092
16.69 0 -0.0805322 -0.151007 -0.211386
16.7 0 -0.08618 -0.162512 -0.227799
16.71 0 -0.0914083 -0.173235 -0.243439
16.72 0 -0.0963574 -0.183198 -0.2584
16.73 0 -0.101107 -0.192482 -0.27273
16.74 0 -0.105663 -0.201208 -0.286428
16.75 0 -0.109977 -0.209506 -0.299451
16.76 0 -0.114002 -0.217477 -0.311753
16.77 0 -0.117733 -0.225167 -0.323309
16.78 0 -0.121221 -0.232563 -0.334128
16.79 0 -0.124553 -0.239606 -0.344246
16.8 0 -0.127818 -0.246237 -0.353707
16.81 0 -0.13108 -0.252432 -0.362555
16.82 0 -0.134356 -0.258225 -0.370817
16.83 0 -0.13761 -0.263695 -0.378508
16.84 0 -0.140786 -0.268938 -0.385635
16.85 0 -0.143837 -0.274036 -0.392222
16.86 0 -0.146744 -0.279021 -0.398313
16.87 0 -0.149519 -0.283871 -0.403968
16.88 0 -0.152187 -0.288514 -0.409252
16.89 0 -0.154764 -0.292869 -0.414223
16.9 0 -0.157251 -0.296884 -0.418931
16.91 0 -0.159638 -0.300575 -0.42343
16.92 0 -0.161914 -0.304021 -0.427783
16.93 0 -0.164036 -0.307305 -0.432021
16.94 0 -0.165917 -0.310441 -0.436116
16.95 0 -0.167492 -0.313398 -0.440037
16.96 0 -0.168784 -0.316154 -0.443807
16.97 0 -0.169889 -0.318709 -0.447502
16.98 0 -0.170909 -0.321071 -0.451188
16.99 0 -0.171912 -0.323265 -0.454903
17 0 -0.172921 -0.325346 -0.458651
17.01 0 -0.173916 -0.327377 -0.462401
17.02 0 -0.174838 -0.329391 -0.466083
17.03 0 -0.175616 -0.331371 -0.469605
17.04 0 -0.176207 -0.333245 -0.472879
17.05 0 -0.176598 -0.334908 -0.475832
17.06 0 -0.176808 -0.336246 -0.47841
17.07 0 -0.17688 -0.337188 -0.480584
17.08 0 -0.176865 -0.337729 -0.482342
17.09 0 -0.17679 -0.337924 -0.483672
17.1 0 -0.176655 -0.33786 -0.48455
17.11 0 -0.176454 -0.33763 -0.484956
17.12 0 -0.176187 -0.337307 -0.484879
17.13 0 -0.175862 -0.336904 -0.484315
17.14 0 -0.17548 -0.336368 -0.483246
17.15 0 -0.175035 -0.335598 -0.481656
17.16 0 -0.174515 -0.334492 -0.479526
17.17 0 -0.173893 -0.332973 -0.476842
17.18 0 -0.173136 -0.331019 -0.473601
17.19 0 -0.172208 -0.328648 -0.469807
17.2 0 -0.171059 -0.325896 -0.465461
17.21 0 -0.169634 -0.322772 -0.460549
17.22 0 -0.167884 -0.31925 -0.455052
17.23 0 -0.165804 -0.315293 -0.448974
17.24 0 -0.163441 -0.310884 -0.442361
17.25 0 -0.160866 -0.306029 -0.435275
17.26 0 -0.158138 -0.300763 -0.427769
17.27 0 -0.155289 -0.295146 -0.41988
17.28 0 -0.152318 -0.289249 -0.41162
17.29 0 -0.149199 -0.283128 -0.402978
17.3 0 -0.145908 -0.276814 -0.39394
17.31 0 -0.142445 -0.270307 -0.384503
17.32 0 -0.138831 -0.263585 -0.374676
17.33 0 -0.135101 -0.256612 -0.364478
17.34 0 -0.131282 -0.249353 -0.353921
17.35 0 -0.127371 -0.241779 -0.342997
17.36 0 -0.123329 -0.233873 -0.331675
17.37 0 -0.119118 -0.225644 -0.319926
17.38 0 -0.114727 -0.217132 -0.30775
17.39 0 -0.110181 -0.208395 -0.295179
17.4 0 -0.105527 -0.199487 -0.282261
17.41 0 -0.100831 -0.190456 -0.269058
17.42 0 -0.0961515 -0.181342 -0.255632
17.43 0 -0.0915096 -0.172158 -0.242017
17.44 0 -0.0868588 -0.162866 -0.228187
17.45 0 -0.0821106 -0.153398 -0.214082
17.46 0 -0.0771726 -0.143671 -0.199637
17.47 0 -0.0719693 -0.133602 -0.184794
17.48 0 -0.066454 -0.123111 -0.169511
17.49 0 -0.0606084 -0.112136 -0.153765
17.5 0 -0.0544289 -0.100631 -0.137534
17.51 0 -0.0479287 -0.0885891 -0.120811
17.52 0 -0.0411509 -0.0760606 -0.103616
17.53 0 -0.0341592 -0.0631446 -0.0859992
17.54 0 -0.0270103 -0.0499508 -0.0680185
17.55 0 -0.0197393 -0.03658 -0.0497204
17.56 0 -0.0123714 -0.0231019 -0.0311644
17.57 0 -0.00493743 -0.00953702 -0.0124652
17.58 0 0.00246205 0.00411772 0.00620269
17.59 0 0.00967339 0.017812 0.0246472
17.6 0 0.0166511 0.0313837 0.0427215
17.61 0 0.0234608 0.0446003 0.0603492
17.62 0 0.0301664 0.0572461 0.0775003
17.63 0 0.0367787 0.0692096 0.0941543
17.64 0 0.043236 0.0805179 0.11027
17.65 0 0.0494258 0.0912883 0.125793
17.66 0 0.0552503 0.101672 0.140697
17.67 0 0.060697 0.111814 0.155023
17.68 0 0.0658553 0.121811 0.168876
17.69 0 0.0708812 0.131701 0.182404
17.7 0 0.075929 0.141472 0.195741
17.71 0 0.0810766 0.151077 0.208964
17.72 0 0.0862876 0.160462 0.222062
17.73 0 0.0914198 0.169569 0.234943
17.74 0 0.0962717 0.178328 0.247463
17.75 0 0.100649 0.186643 0.259466
17.76 0 0.104423 0.194388 0.270823
17.77 0 0.107549 0.201417 0.281446
17.78 0 0.11006 0.207588 0.29128
17.79 0 0.112063 0.212843 0.300329
17.8 0 0.113755 0.217289 0.30868
17.81 0 0.115369 0.2212 0.316483
17.82 0 0.117106 0.224934 0.323883
17.83 0 0.119072 0.22882 0.330963
17.84 0 0.121265 0.233046 0.337716
17.85 0 0.123634 0.237639 0.344093
17.86 0 0.126158 0.242514 0.350071
17.87 0 0.128861 0.247518 0.355677
17.88 0 0.131787 0.252497 0.360975
17.89 0 0.134948 0.257345 0.366039
17.9 0 0.138283 0.262008 0.370911
17.91 0 0.141672 0.266506 0.375617
17.92 0 0.144991 0.270916 0.380193
17.93 0 0.148131 0.27531 0.384685
17.94 0 0.151 0.279683 0.389128
17.95 0 0.153549 0.283952 0.393557
17.96 0 0.155788 0.288003 0.398025
17.97 0 0.157777 0.291749 0.402612
17.98 0 0.159568 0.295144 0.407373
17.99 0 0.16114 0.29817 0.41229
18 0 0.162413 0.300834 0.417279
18.01 0 0.1633 0.303169 0.422227
18.02 0 0.163756 0.305211 0.427034
18.03 0 0.163804 0.306982 0.431623
18.04 0 0.163525 0.308468 0.435937
18.05 0 0.163031 0.309636 0.439924
18.06 0 0.162437 0.310461 0.443534
18.07 0 0.161824 0.310942 0.446694
18.08 0 0.161211 0.311093 0.449296
18.09 0 0.160552 0.310924 0.451191
18.1 0 0.159772 0.310423 0.45222
18.11 0 0.158805 0.309549 0.452239
18.12 0 0.157624 0.308229 0.451145
18.13 0 0.156248 0.306377 0.448885
18.14 0 0.154729 0.30393 0.445457
18.15 0 0.153144 0.300877 0.440906
18.16 0 0.151565 0.297287 0.435317
18.17 0 0.150041 0.293292 0.428794
18.18 0 0.148584 0.289049 0.421444
18.19 0 0.147196 0.284711 0.413389
18.2 0 0.14587 0.280388 0.404763
18.21 0 0.144605 0.276124 0.395708
18.22 0 0.143402 0.271906 0.386376
18.23 0 0.14227 0.267697 0.376931
18.24 0 0.141208 0.263466 0.367536
18.25 0 0.140162 0.25918 0.358313
18.26 0 0.139006 0.254788 0.349316
18.27 0 0.137577 0.250228 0.340547
18.28 0 0.135744 0.245455 0.332013
18.29 0 0.133458 0.240454 0.323754
18.3 0 0.130737 0.235221 0.315827
18.31 0 0.127614 0.229731 0.308257
18.32 0 0.124099 0.223928 0.301004
18.33 0 0.120177 0.217744 0.293969
18.34 0 0.115841 0.211143 0.287029
18.35 0 0.111109 0.204133 0.280058
18.36 0 0.106035 0.196755 0.272937
18.37 0 0.100704 0.189078 0.265562
18.38 0 0.0952388 0.181183 0.257846
18.39 0 0.0897755 0.173161 0.249722
18.4 0 0.08445 0.165096 0.241133
18.41 0 0.0793758 0.157064 0.232027
18.42 0 0.074627 0.14912 0.222347
18.43 0 0.0702354 0.141297 0.212041
18.44 0 0.0662029 0.133604 0.20107
18.45 0 0.0625128 0.126034 0.189423
18.46 0 0.0591335 0.118562 0.177116
18.47 0 0.0560132 0.111135 0.164183
18.48 0 0.053074 0.103679 0.150671
18.49 0 0.0502161 0.0961023 0.136634
18.5 0 0.0473318 0.0883204 0.122142
18.51 0 0.044319 0.0802641 0.107291
18.52 0 0.0410848 0.0718825 0.0922032
18.53 0 0.0375519 0.0631459 0.0770303
18.54 0 0.0336666 0.0540416 0.06197
18.55 0 0.0293822 0.0445614 0.0472626
18.56 0 0.024622 0.0347224 0.0331334
18.57 0 0.0192863 0.0246001 0.0197402
18.58 0 0.0133208 0.0143307 0.00717472
18.59 0 0.00677594 0.00408801 -0.00451185
18.6 0 -0.000151253 -0.00597373 -0.0152991
18.61 0 -0.00712074 -0.0157863 -0.0252272
18.62 0 -0.0138247 -0.0253419 -0.0344387
18.63 0 -0.0201477 -0.034603 -0.0431643
18.64 0 -0.0261015 -0.0434829 -0.0516672
18.65 0 -0.0317224 -0.0519001 -0.0601964
18.66 0 -0.0370319 -0.0598456 -0.0689538
18.67 0 -0.0420097 -0.0674079 -0.0780675
18.68 0 -0.0465745 -0.0747092 -0.0875629
18.69 0 -0.0505834 -0.0818001 -0.0973497
18.7 0 -0.0538908 -0.0886052 -0.107269
18.71 0 -0.0564252 -0.0949436 -0.117158
18.72 0 -0.0582278 -0.100613 -0.126891
18.73 0 -0.0594502 -0.105494 -0.136402
18.74 0 -0.0602993 -0.109603 -0.14567
18.75 0 -0.0609584 -0.113081 -0.154671
18.76 0 -0.0615491 -0.116157 -0.163343
18.77 0 -0.0621417 -0.119099 -0.1716
18.78 0 -0.0627739 -0.122124 -0.179336
18.79 0 -0.0634788 -0.125337 -0.186437
18.8 0 -0.0643207 -0.128722 -0.192822
18.81 0 -0.0654001 -0.132185 -0.198456
18.82 0 -0.0668139 -0.135597 -0.203336
18.83 0 -0.0686083 -0.138849 -0.207464
18.84 0 -0.0707628 -0.141899 -0.21085
18.85 0 -0.0732049 -0.144791 -0.213521
18.86 0 -0.0758329 -0.147622 -0.215527
18.87 0 -0.0785415 -0.150486 -0.216947
18.88 0 -0.0812485 -0.153425 -0.217887
18.89 0 -0.0839024 -0.156402 -0.218478
18.9 0 -0.086474 -0.159313 -0.218862
18.91 0 -0.0889403 -0.162032 -0.219177
18.92 0 -0.0912632 -0.164451 -0.219548
18.93 0 -0.0933727 -0.166516 -0.220068
18.94 0 -0.095162 -0.168218 -0.220786
18.95 0 -0.096498 -0.169564 -0.221699
18.96 0 -0.0972507 -0.170543 -0.222765
18.97 0 -0.0973319 -0.171109 -0.223921
18.98 0 -0.0967208 -0.171181 -0.225099
18.99 0 -0.0954757 -0.170683 -0.226248
19 0 -0.0937212 -0.169581 -0.227334
19.01 0 -0.0915993 -0.167903 -0.228316
19.02 0 -0.0892286 -0.165738 -0.229118
19.03 0 -0.0866993 -0.163221 -0.22964
19.04 0 -0.0840836 -0.160512 -0.229768
19.05 0 -0.081435 -0.15773 -0.229371
19.06 0 -0.0787838 -0.154906 -0.228298
19.07 0 -0.0761562 -0.15198 -0.226397
19.08 0 -0.0735947 -0.148846 -0.223544
19.09 0 -0.0711526 -0.145395 -0.219661
19.1 0 -0.0688686 -0.141554 -0.214696
19.11 0 -0.066736 -0.137289 -0.208611
19.12 0 -0.0647002 -0.132607 -0.201377
19.13 0 -0.0626873 -0.127548 -0.192988
19.14 0 -0.0606347 -0.122162 -0.183487
19.15 0 -0.0585036 -0.116485 -0.172956
19.16 0 -0.0562813 -0.110515 -0.161516
19.17 0 -0.053973 -0.104229 -0.149316
19.18 0 -0.0515848 -0.0975992 -0.13652
19.19 0 -0.0491017 -0.0906085 -0.12329
19.2 0 -0.046465 -0.0832507 -0.109764
19.21 0 -0.0435658 -0.0755135 -0.0960477
19.22 0 -0.0402713 -0.067378 -0.0822304
19.23 0 -0.036463 -0.0588086 -0.0684098
19.24 0 -0.032053 -0.049736 -0.0547156
19.25 0 -0.0269747 -0.0400904 -0.0412847
19.26 0 -0.0211784 -0.029859 -0.0282195
19.27 0 -0.0146501 -0.0191009 -0.0155703
19.28 0 -0.00743106 -0.00793241 -0.00332473
19.29 0 0.00032973 0.00351004 0.00858786
19.3 0 0.00833349 0.0151003 0.0202721
19.31 0 0.0162439 0.0266785 0.031834
19.32 0 0.0238002 0.0380036 0.0433472
19.33 0 0.0308028 0.0488026 0.0548516
19.34 0 0.0371139 0.0588782 0.066383
19.35 0 0.0426709 0.0681704 0.077976
19.36 0 0.047456 0.0767226 0.0896375
19.37 0 0.0514782 0.0846173 0.10134
19.38 0 0.0547858 0.091932 0.113044
19.39 0 0.057478 0.0987237 0.124713
19.4 0 0.0596915 0.105042 0.136305
19.41 0 0.0615769 0.110941 0.147774
19.42 0 0.0632747 0.11649 0.159062
19.43 0 0.0648865 0.121759 0.17008
19.44 0 0.0664656 0.126816 0.180705
19.45 0 0.0680379 0.131717 0.1908
19.46 0 0.0696243 0.136497 0.200236
19.47 0 0.0712477 0.141152 0.208903
19.48 0 0.0729302 0.145635 0.216703
19.49 0 0.0746887 0.14987 0.223562
19.5 0 0.0765312 0.153782 0.229427
19.51 0 0.078454 0.157318 0.234275
19.52 0 0.0804286 0.160456 0.238098
19.53 0 0.082385 0.163176 0.240889
19.54 0 0.0842269 0.165454 0.242639
19.55 0 0.0858837 0.167277 0.243384
19.56 0 0.0873392 0.168659 0.24322
19.57 0 0.0886109 0.169622 0.242282
19.58 0 0.0897209 0.170185 0.240715
19.59 0 0.0906807 0.17037 0.23866
19.6 0 0.0914887 0.170218 0.236249
19.61 0 0.0921354 0.169791 0.233612
19.62 0 0.092606 0.169161 0.230866
19.63 0 0.0928582 0.168362 0.228091
19.64 0 0.0928045 0.167356 0.225297
19.65 0 0.0923387 0.166033 0.222443
19.66 0 0.0913788 0.16426 0.219473
19.67 0 0.0898958 0.161924 0.216347
19.68 0 0.0879175 0.158973 0.213045
19.69 0 0.0855017 0.155417 0.209555
19.7 0 0.0827143 0.151326 0.205853
19.71 0 0.0796276 0.146817 0.201908
19.72 0 0.0763198 0.142029 0.197685
19.73 0 0.0728667 0.137076 0.193133
19.74 0 0.0693322 0.13202 0.188182
19.75 0 0.0657755 0.126866 0.182753
19.76 0 0.0622591 0.121588 0.176779
19.77 0 0.0588413 0.116153 0.170204
19.78 0 0.0555609 0.110534 0.162985
19.79 0 0.0524244 0.104724 0.155082
19.8 0 0.0494048 0.0987251 0.146459
19.81 0 0.0464519 0.0925442 0.13709
19.82 0 0.0435123 0.0861802 0.12697
19.83 0 0.0405491 0.0796237 0.116129
19.84 0 0.037549 0.0728582 0.104635
19.85 0 0.0345085 0.0658609 0.092584
19.86 0 0.0314152 0.0586048 0.0800892
19.87 0 0.0282355 0.0510646 0.0672712
19.88 0 0.0249037 0.043223 0.0542469
19.89 0 0.0213246 0.0350582 0.0411447
19.9 0 0.0173877 0.0265369 0.0281204
19.91 0 0.0129848 0.0176387 0.0153385
19.92 0 0.00803005 0.00839294 0.00293249
19.93 0 0.00249382 -0.00111707 -0.00901916
19.94 0 -0.00351041 -0.0108077 -0.0204857
19.95 0 -0.00974098 -0.0206102 -0.0314787
19.96 0 -0.0160056 -0.030421 -0.0420563
19.97 0 -0.0222095 -0.0400933 -0.0523086
19.98 0 -0.0282822 -0.049473 -0.0623326
19.99 0 -0.0341525 -0.0584516 -0.0722217
20 0 -0.0397492 -0.0670115 -0.0820679
20.01 0 -0.0449944 -0.0752005 -0.0919463
20.02 0 -0.0497822 -0.0830485 -0.101876
20.03 0 -0.053988 -0.0905166 -0.111808
20.04 0 -0.057522 -0.0975112 -0.121664
20.05 0 -0.0603685 -0.10392 -0.13137
20.06 0 -0.0625748 -0.109641 -0.140866
20.07 0 -0.0642074 -0.114591 -0.150076
20.08 0 -0.0653195 -0.118722 -0.158893
20.09 0 -0.0659518 -0.122053 -0.167187
20.1 0 -0.0661408 -0.12466 -0.174819
20.11 0 -0.0659268 -0.126647 -0.181645
20.12 0 -0.0653687 -0.128107 -0.18753
20.13 0 -0.0645524 -0.129101 -0.192359
20.14 0 -0.0635861 -0.129647 -0.196037
20.15 0 -0.0625865 -0.12974 -0.198499
20.16 0 -0.0616726 -0.129388 -0.199712
20.17 0 -0.0609593 -0.128653 -0.199692
20.18 0 -0.0605229 -0.127635 -0.198481
20.19 0 -0.0603734 -0.126435 -0.196117
20.2 0 -0.0604742 -0.125139 -0.192648
20.21 0 -0.0607816 -0.123808 -0.188161
20.22 0 -0.0612626 -0.122466 -0.182786
20.23 0 -0.061894 -0.121096 -0.17669
20.24 0 -0.0626479 -0.119652 -0.17006
20.25 0 -0.063474 -0.118075 -0.163085
20.26 0 -0.0642911 -0.116319 -0.155947
20.27 0 -0.0649864 -0.114355 -0.148805
20.28 0 -0.0654187 -0.112159 -0.14179
20.29 0 -0.0654355 -0.10969 -0.135
20.3 0 -0.064905 -0.106889 -0.128518
20.31 0 -0.0637438 -0.103696 -0.122421
20.32 0 -0.0619283 -0.100073 -0.116781
20.33 0 -0.0594855 -0.0960079 -0.111645
20.34 0 -0.0564726 -0.0915186 -0.107025
20.35 0 -0.0529669 -0.0866699 -0.102886
20.36 0 -0.0490631 -0.081566 -0.0991539
20.37 0 -0.0448707 -0.0763229 -0.0957277
20.38 0 -0.0405066 -0.0710427 -0.0924779
20.39 0 -0.0360944 -0.0658015 -0.0892586
20.4 0 -0.0317679 -0.0606513 -0.0859264
20.41 0 -0.0276666 -0.0556313 -0.0823542
20.42 0 -0.0239191 -0.0507782 -0.0784363
20.43 0 -0.0206248 -0.0461345 -0.0740869
20.44 0 -0.0178441 -0.0417465 -0.0692389
20.45 0 -0.0156 -0.0376587 -0.0638487
20.46 0 -0.0138843 -0.0339032 -0.0579059
20.47 0 -0.0126632 -0.0304842 -0.0514395
20.48 0 -0.011873 -0.0273596 -0.0445085
20.49 0 -0.0114088 -0.0244373 -0.0371907
20.5 0 -0.011133 -0.0215813 -0.0295992
20.51 0 -0.0108879 -0.0186165 -0.0219067
20.52 0 -0.0104845 -0.0153656 -0.0143204
20.53 0 -0.00969847 -0.0117081 -0.00702309
20.54 0 -0.00830987 -0.00761698 -0.000138846
20.55 0 -0.006161 -0.00314044 0.00625912
20.56 0 -0.00320223 0.00165964 0.0121336
20.57 0 0.000462517 0.00675798 0.017478
20.58 0 0.00457315 0.0121577 0.0223184
20.59 0 0.00884781 0.0178181 0.0267365
20.6 0 0.013123 0.0236049 0.030884
20.61 0 0.0173349 0.0293221 0.0349618
20.62 0 0.0214347 0.0347771 0.0391751
20.63 0 0.0253382 0.0398435 0.0436829
20.64 0 0.0289107 0.0444978 0.0485632
20.65 0 0.0319912 0.0488024 0.0538154
20.66 0 0.034447 0.0528512 0.0593877
20.67 0 0.0362286 0.0567066 0.0652116
20.68 0 0.0373939 0.0603632 0.071226
20.69 0 0.0380892 0.0637537 0.0773783
20.7 0 0.0384961 0.0667919 0.0836151
20.71 0 0.038776 0.0694214 0.0898687
20.72 0 0.0390296 0.0716563 0.0960367
20.73 0 0.0392864 0.0735909 0.101975
20.74 0 0.0395298 0.0753623 0.107524
20.75 0 0.03974 0.0770948 0.112545
20.76 0 0.0399298 0.0788587 0.116935
20.77 0 0.0401598 0.0806525 0.120642
20.78 0 0.0405245 0.0824154 0.123653
20.79 0 0.0411158 0.0840631 0.125981
20.8 0 0.0419843 0.0855292 0.127645
20.81 0 0.0431135 0.0867907 0.128655
20.82 0 0.0444226 0.0878672 0.129012
20.83 0 0.0457945 0.0887996 0.128724
20.84 0 0.047119 0.0896229 0.12782
20.85 0 0.0483255 0.0903412 0.126374
20.86 0 0.0493865 0.0909138 0.12449
20.87 0 0.0502995 0.0912644 0.12229
20.88 0 0.0510628 0.0913095 0.119891
20.89 0 0.0516547 0.0909894 0.117395
20.9 0 0.0520222 0.090285 0.114877
20.91 0 0.0520844 0.0892176 0.112384
20.92 0 0.0517542 0.0878292 0.109933
20.93 0 0.0509679 0.086156 0.107524
20.94 0 0.0497048 0.084205 0.105148
20.95 0 0.0479875 0.081945 0.102786
20.96 0 0.0458716 0.0793218 0.100406
20.97 0 0.0434273 0.0762871 0.0979554
20.98 0 0.0407189 0.0728226 0.0953586
20.99 0 0.0377939 0.0689512 0.0925154
21 0 0.0346855 0.0647314 0.0893104
21.01 0 0.0314242 0.0602355 0.085626
21.02 0 0.0280502 0.0555245 0.0813551
21.03 0 0.0246206 0.050634 0.0764118
21.04 0 0.0212066 0.0455742 0.0707362
21.05 0 0.0178867 0.0403385 0.0642962
21.06 0 0.0147324 0.0349175 0.0570844
21.07 0 0.0117849 0.0293137 0.0491098
21.08 0 0.00904079 0.023546 0.0403917
21.09 0 0.00645551 0.0176465 0.0309651
21.1 0 0.00397252 0.0116418 0.0208961
21.11 0 0.00155334 0.00552977 0.0103089
21.12 0 -0.00083093 -0.000725571 -0.000599223
21.13 0 -0.00323018 -0.0071618 -0.0115901
21.14 0 -0.00573463 -0.0137706 -0.0224493
21.15 0 -0.00846465 -0.0204863 -0.0330286
21.16 0 -0.0115356 -0.0272202 -0.0432416
21.17 0 -0.0150084 -0.0339076 -0.0530334
21.18 0 -0.0188531 -0.0405365 -0.0623514
21.19 0 -0.0229618 -0.0471396 -0.0711393
21.2 0 -0.0271968 -0.0537538 -0.0793537
21.21 0 -0.0314341 -0.0603803 -0.086982
21.22 0 -0.0355912 -0.0669665 -0.0940541
21.23 0 -0.0396406 -0.0734191 -0.100649
21.24 0 -0.0435987 -0.0796368 -0.106889
21.25 0 -0.0474779 -0.0855357 -0.112896
21.26 0 -0.0512369 -0.09106 -0.118754
21.27 0 -0.0547757 -0.0961896 -0.124496
21.28 0 -0.0579675 -0.100936 -0.130121
21.29 0 -0.0606999 -0.105319 -0.135619
21.3 0 -0.0629065 -0.109335 -0.140979
21.31 0 -0.0645791 -0.112951 -0.146201
21.32 0 -0.0657588 -0.116104 -0.151281
21.33 0 -0.0665148 -0.118736 -0.15621
21.34 0 -0.0669255 -0.120828 -0.160964
21.35 0 -0.0670641 -0.122423 -0.165506
21.36 0 -0.0669856 -0.123614 -0.169781
21.37 0 -0.0667296 -0.124519 -0.173721
21.38 0 -0.0663376 -0.12525 -0.177251
21.39 0 -0.065871 -0.125892 -0.180316
21.4 0 -0.0654145 -0.126487 -0.182876
21.41 0 -0.0650628 -0.127042 -0.184913
21.42 0 -0.0648975 -0.127542 -0.186416
21.43 0 -0.0649654 -0.127968 -0.187376
21.44 0 -0.0652681 -0.128314 -0.187777
21.45 0 -0.0657658 -0.128585 -0.187608
21.46 0 -0.0663932 -0.128794 -0.186863
21.47 0 -0.0670789 -0.128941 -0.185556
21.48 0 -0.0677614 -0.129003 -0.183722
21.49 0 -0.068396 -0.12893 -0.181419
21.5 0 -0.068951 -0.128659 -0.178723
21.51 0 -0.0693949 -0.128122 -0.175712
21.52 0 -0.0696857 -0.127267 -0.172458
21.53 0 -0.0697661 -0.126066 -0.169018
21.54 0 -0.0695691 -0.124512 -0.165434
21.55 0 -0.0690308 -0.122611 -0.161734
21.56 0 -0.0681047 -0.12037 -0.15794
21.57 0 -0.0667725 -0.117788 -0.154066
21.58 0 -0.0650455 -0.114856 -0.150125
21.59 0 -0.0629586 -0.111561 -0.146116
21.6 0 -0.0605582 -0.107898 -0.142029
21.61 0 -0.0578922 -0.10388 -0.137834
21.62 0 -0.0550032 -0.0995413 -0.133483
21.63 0 -0.051929 -0.0949308 -0.128917
21.64 0 -0.0487083 -0.090105 -0.124072
21.65 0 -0.0453862 -0.085114 -0.118882
21.66 0 -0.0420175 -0.0799946 -0.113295
21.67 0 -0.0386641 -0.0747694 -0.107267
21.68 0 -0.0353858 -0.0694505 -0.100766
21.69 0 -0.0322309 -0.0640463 -0.0937714
21.7 0 -0.0292266 -0.0585668 -0.0862718
21.71 0 -0.0263761 -0.0530249 -0.0782664
21.72 0 -0.0236616 -0.0474347 -0.0697697
21.73 0 -0.0210524 -0.0418047 -0.0608139
21.74 0 -0.0185122 -0.0361317 -0.0514504
21.75 0 -0.0160025 -0.0303962 -0.041755
21.76 0 -0.0134811 -0.0245545 -0.0318416
21.77 0 -0.0108964 -0.0185399 -0.0218664
21.78 0 -0.00816947 -0.0122992 -0.0120025
21.79 0 -0.00519099 -0.00583266 -0.00239846
21.8 0 -0.0018676 0.000813561 0.00684402
21.81 0 0.00180725 0.0075821 0.0156675
21.82 0 0.00574531 0.014418 0.0240544
21.83 0 0.00984572 0.0212551 0.0320251
21.84 0 0.0140543 0.0280135 0.039627
21.85 0 0.018329 0.0346212 0.046916
21.86 0 0.0226026 0.0410298 0.0539442
21.87 0 0.0267866 0.0472141 0.0607548
21.88 0 0.0307851 0.0531628 0.0673847
21.89 0 0.0345092 0.0588679 0.0738682
21.9 0 0.0378921 0.0643144 0.0802404
21.91 0 0.0409006 0.069473 0.0865365
21.92 0 0.0435343 0.0743016 0.0927877
21.93 0 0.045814 0.0787593 0.0990132
21.94 0 0.0477669 0.0828228 0.105211
21.95 0 0.0494158 0.0864974 0.111354
21.96 0 0.0507773 0.0898158 0.117391
21.97 0 0.0518678 0.0928253 0.123258
21.98 0 0.0527131 0.0955706 0.12889
21.99 0 0.0533558 0.0980831 0.134232
22 0 0.0538544 0.10038 0.139233
22.01 0 0.0542755 0.10247 0.143848
22.02 0 0.0546817 0.10436 0.148036
22.03 0 0.0551217 0.106065 0.151758
22.04 0 0.0556237 0.107607 0.154977
22.05 0 0.0561976 0.109013 0.15766
22.06 0 0.0568403 0.110311 0.159783
22.07 0 0.057544 0.111513 0.161339
22.08 0 0.0583004 0.112619 0.162336
22.09 0 0.0591018 0.113609 0.162797
22.1 0 0.059937 0.114455 0.16276
22.11 0 0.0607852 0.115124 0.162272
22.12 0 0.0616127 0.115589 0.161378
22.13 0 0.0623726 0.115832 0.160125
22.14 0 0.0630099 0.11584 0.158559
22.15 0 0.0634696 0.115601 0.156722
22.16 0 0.0637043 0.115103 0.154658
22.17 0 0.0636799 0.114326 0.152408
22.18 0 0.0633762 0.113247 0.150012
22.19 0 0.0627847 0.111845 0.1475
22.2 0 0.061904 0.110107 0.144892
22.21 0 0.0607367 0.108034 0.142192
22.22 0 0.0592889 0.105638 0.139393
22.23 0 0.0575718 0.102941 0.136473
22.24 0 0.0556051 0.0999701 0.133401
22.25 0 0.0534198 0.0967533 0.130141
22.26 0 0.051058 0.0933138 0.126658
22.27 0 0.0485697 0.0896715 0.122912
22.28 0 0.0460073 0.0858455 0.118866
22.29 0 0.0434127 0.0818495 0.114477
22.3 0 0.0408133 0.077694 0.109697
22.31 0 0.0382336 0.0733988 0.104488
22.32 0 0.0356954 0.068989 0.0988241
22.33 0 0.0332124 0.0644846 0.0926933
22.34 0 0.030792 0.0598963 0.0860957
22.35 0 0.0284363 0.0552228 0.0790489
22.36 0 0.0261402 0.050455 0.0715857
