0.01 0 -0.040323 -0.0433943 -0.0422626
0.02 0 -0.033005 -0.0452842 -0.0414036
0.03 0 -0.0228926 -0.0466098 -0.0414366
0.04 0 -0.0139717 -0.0445294 -0.0435432
0.05 0 -0.00849396 -0.037869 -0.0477692
0.06 0 -0.00629579 -0.0281258 -0.0528298
0.07 0 -0.00528542 -0.0185123 -0.0564811
0.08 0 -0.00327807 -0.0121596 -0.0567325
0.09 0 0.00052975 -0.0102299 -0.0526903
0.1 0 0.0048297 -0.0115342 -0.0449345
0.11 0 0.00717109 -0.0134858 -0.0349833
0.12 0 0.00564302 -0.0137793 -0.0245001
0.13 0 0.000230156 -0.0116413 -0.0145187
0.14 0 -0.00698876 -0.00796262 -0.00515142
0.15 0 -0.012979 -0.00443104 0.00399594
0.16 0 -0.0153821 -0.00226509 0.0131795
0.17 0 -0.0137613 -0.00157528 0.0217985
0.18 0 -0.0092851 -0.00108512 0.02872
0.19 0 -0.00399437 0.000924324 0.0327576
0.2 0 0.000823245 0.00592202 0.0337767
0.21 0 0.00523897 0.0141752 0.032815
0.22 0 0.00986002 0.0240826 0.0311795
0.23 0 0.0154364 0.0333651 0.0302624
0.24 0 0.0224338 0.0406663 0.0314339
0.25 0 0.0292957 0.04502 0.0344556
0.26 0 0.0334709 0.0463404 0.0381637
0.27 0 0.0338952 0.0461382 0.0423315
0.28 0 0.0308683 0.0457954 0.0471477
0.29 0 0.0248968 0.044842 0.051998
0.3 0 0.017892 0.0428422 0.0569439
0.31 0 0.0115411 0.0392715 0.0616678
0.32 0 0.00733877 0.0348597 0.0660725
0.33 0 0.00459314 0.0298198 0.0685205
0.34 0 0.00298793 0.0255214 0.0682742
0.35 0 0.00316207 0.0239537 0.0659079
0.36 0 0.00705334 0.027584 0.0637155
0.37 0 0.0127723 0.034259 0.0606762
0.38 0 0.0196991 0.042501 0.05743
0.39 0 0.0273328 0.0508745 0.0549689
0.4 0 0.0333649 0.0565663 0.0525162
0.41 0 0.0350412 0.0567594 0.0485219
0.42 0 0.0338507 0.0532235 0.0450908
0.43 0 0.0308448 0.0477159 0.0433459
0.44 0 0.0260052 0.0411368 0.0428717
0.45 0 0.0197122 0.0344477 0.0431746
0.46 0 0.010179 0.0255271 0.0410566
0.47 0 -0.00403082 0.0113398 0.0330273
0.48 0 -0.0166001 -0.00387064 0.0230627
0.49 0 -0.00702454 0.000888443 0.0307651
0.5 0 0.00785823 0.01289 0.040878
0.51 0 0.00199192 0.0085197 0.0290157
0.52 0 -0.0147333 -0.00590376 0.00437473
0.53 0 -0.014022 -0.00733914 -0.0061087
0.54 0 -0.00138697 -0.00178514 -0.00711763
0.55 0 0.00694966 -0.00155113 -0.0122258
0.56 0 -0.00492386 -0.0197332 -0.0356266
0.57 0 -0.0234785 -0.0440769 -0.0644512
0.58 0 -0.0154406 -0.0423987 -0.0660934
0.59 0 0.0274575 -0.00131188 -0.0292787
0.6 0 0.0129675 -0.00866149 -0.0428403
0.61 0 -0.0945784 -0.112246 -0.148097
0.62 0 -0.182214 -0.221742 -0.245942
0.63 0 -0.114129 -0.20102 -0.205577
0.64 0 0.0588862 -0.0609641 -0.0616799
0.65 0 0.215425 0.126235 0.0918156
0.66 0 0.205876 0.217504 0.120319
0.67 0 0.0450177 0.169256 0.0250761
0.68 0 -0.103831 0.0620244 -0.0627272
0.69 0 -0.119628 -0.0183257 -0.0451654
0.7 0 -0.010628 -0.0324418 0.0732801
0.71 0 0.0479182 -0.0642483 0.138113
0.72 0 0.0224921 -0.0869911 0.129046
0.73 0 -0.012793 -0.0338924 0.11632
0.74 0 -0.00429449 0.093092 0.141735
0.75 0 0.0218283 0.204223 0.170092
0.76 0 -0.134544 0.0462232 -0.00976337
0.77 0 -0.4184 -0.364486 -0.366146
0.78 0 -0.288283 -0.456409 -0.365493
0.79 0 0.578204 0.265377 0.381019
0.8 0 0.650396 0.445531 0.436426
0.81 0 -0.00689999 0.0734234 -0.142416
0.82 0 -0.534163 -0.265545 -0.599959
0.83 0 -0.378723 -0.192223 -0.456567
0.84 0 0.445592 0.395414 0.319081
0.85 0 0.830491 0.663288 0.73142
0.86 0 0.0893084 0.0225824 0.122427
0.87 0 -0.746694 -0.677413 -0.581106
0.88 0 -0.492892 -0.429259 -0.291344
0.89 0 0.105972 0.0759432 0.270198
0.9 0 0.196896 0.130566 0.322258
0.91 0 -0.446498 -0.490295 -0.361682
0.92 0 -0.792867 -0.883332 -0.817203
0.93 0 0.0711476 -0.137354 -0.12959
0.94 0 0.957827 0.755833 0.633033
0.95 0 0.511584 0.528496 0.197769
0.96 0 -0.450518 -0.219321 -0.691952
0.97 0 -0.592407 -0.411362 -0.819667
0.98 0 0.38295 0.304483 0.121814
0.99 0 1.50858 1.31514 1.31817
1 0 1.52816 1.62802 1.6414
1.01 0 -0.383345 0.203474 0.172326
1.02 0 -2.00544 -1.30119 -1.16056
1.03 0 -1.22382 -1.00355 -0.417084
1.04 0 0.298225 -0.13687 0.869749
1.05 0 0.518805 -0.16554 0.880817
1.06 0 -0.203514 -0.609288 0.0306803
1.07 0 -0.867565 -0.81132 -0.784929
1.08 0 -0.642549 -0.343165 -0.832086
1.09 0 0.125366 0.327775 -0.426553
1.1 0 0.759536 0.687978 -0.117067
1.11 0 0.66382 0.356424 -0.39122
1.12 0 0.158936 -0.267245 -0.915668
1.13 0 0.303063 -0.125103 -0.662391
1.14 0 0.67694 0.402046 -0.0440043
1.15 0 0.283381 0.295649 -0.0656396
1.16 0 -0.20845 0.0604716 -0.141357
1.17 0 -0.240554 0.108787 0.19516
1.18 0 -0.0734809 0.200175 0.653065
1.19 0 0.00127057 0.17472 0.952339
1.2 0 -0.161325 -0.00832348 0.950137
1.21 0 -0.822338 -0.642015 0.336842
1.22 0 -1.35753 -1.2468 -0.352422
1.23 0 -0.548839 -0.632598 0.087804
1.24 0 0.885028 0.709485 1.08933
1.25 0 0.825748 0.8406 0.699639
1.26 0 -0.246884 0.0374162 -0.614541
1.27 0 -0.924972 -0.683036 -1.57873
1.28 0 -0.143608 -0.34743 -1.16187
1.29 0 1.24573 0.568259 -0.0531177
1.3 0 1.92429 1.22712 0.647875
1.31 0 1.06231 0.881 0.164632
1.32 0 -0.273587 0.17548 -0.611424
1.33 0 -0.803243 -0.111473 -0.63654
1.34 0 -0.39619 0.0327752 0.117135
1.35 0 0.108716 0.075759 0.86212
1.36 0 -0.144352 -0.458944 0.811917
1.37 0 -0.658536 -0.937917 0.444809
1.38 0 -0.574301 -0.587131 0.561764
1.39 0 -0.305695 0.0250316 0.728574
1.4 0 -0.513416 0.0419823 0.278161
1.41 0 -0.760831 -0.297943 -0.377041
1.42 0 -0.629839 -0.617095 -0.810772
1.43 0 -0.135108 -0.724398 -0.948601
1.44 0 0.784049 -0.195953 -0.566812
1.45 0 1.60851 0.757099 -0.00419811
1.46 0 1.56729 1.36151 0.0582607
1.47 0 0.405592 0.943373 -0.726712
1.48 0 -0.133998 0.710643 -0.813066
1.49 0 0.469261 1.04885 0.228741
1.5 0 0.590986 0.661539 0.819253
1.51 0 0.207207 -0.0693805 0.965922
1.52 0 -0.38586 -0.650895 0.90969
1.53 0 -1.08998 -1.06091 0.62582
1.54 0 -1.59093 -1.24759 0.284955
1.55 0 -1.45043 -1.01219 0.239088
1.56 0 -0.75832 -0.479907 0.432149
1.57 0 -0.4826 -0.497995 0.00871183
1.58 0 -0.444581 -0.779796 -0.750844
1.59 0 0.0230138 -0.577806 -1.0857
1.6 0 0.937446 0.247953 -0.841355
1.61 0 1.4104 0.898006 -0.760463
1.62 0 0.745897 0.54666 -1.50301
1.63 0 -0.0109328 -0.0715311 -2.12238
1.64 0 0.0876356 -0.166144 -1.76537
1.65 0 0.60238 0.0188115 -0.856936
1.66 0 1.01027 0.33232 0.153158
1.67 0 0.786071 0.465588 0.756317
1.68 0 -0.675213 -0.372746 0.203798
1.69 0 -1.42546 -0.679112 0.191774
1.7 0 -0.769996 0.0238994 1.27519
1.71 0 -0.941509 -0.388419 1.2266
1.72 0 -1.94528 -1.81655 0.017484
1.73 0 -1.98586 -2.40206 -0.602252
1.74 0 -0.745079 -1.59393 -0.222111
1.75 0 0.696519 -0.142698 0.316554
1.76 0 1.34234 1.04263 0.240362
1.77 0 0.62828 1.02864 -0.964899
1.78 0 0.0552369 0.724495 -1.89713
1.79 0 1.06271 1.35065 -1.13922
1.8 0 2.05479 1.69672 -0.129913
1.81 0 1.73816 1.00819 -0.0147718
1.82 0 1.11907 0.532953 0.192741
1.83 0 0.450776 0.429795 0.598313
1.84 0 -0.297833 0.361389 0.965533
1.85 0 -0.865948 0.243172 1.34456
1.86 0 -1.13082 0.00931657 1.70368
1.87 0 -1.03671 -0.216923 2.04016
1.88 0 -0.863022 -0.463016 2.10141
1.89 0 -0.798696 -0.674441 1.75805
1.9 0 -0.572735 -0.485679 1.34099
1.91 0 -0.142416 0.0885455 0.963399
1.92 0 -0.0782279 0.299577 0.12363
1.93 0 0.0109229 0.319025 -0.734976
1.94 0 0.741891 0.705803 -0.902362
1.95 0 1.65728 1.21295 -0.659663
1.96 0 1.76356 1.11644 -0.837607
1.97 0 1.73162 1.17893 -0.719411
1.98 0 1.54448 1.36009 -0.330881
1.99 0 0.579345 0.822119 -0.423526
2 0 -0.110115 0.368759 -0.130279
2.01 0 -0.753706 -0.349536 0.137973
2.02 0 -1.26637 -1.16484 0.339531
2.03 0 -1.14764 -1.35297 0.910416
2.04 0 -0.813323 -1.06022 1.45058
2.05 0 -0.616331 -0.538322 1.63893
2.06 0 -0.857892 -0.274653 1.16433
2.07 0 -1.19797 -0.319684 0.30794
2.08 0 -1.21112 -0.557818 -0.536074
2.09 0 -0.549628 -0.615351 -0.94089
2.1 0 0.741422 -0.129284 -0.729071
2.11 0 1.64948 0.402455 -0.635218
2.12 0 1.40761 0.407027 -1.26413
2.13 0 0.934964 0.53839 -1.72076
2.14 0 0.861677 1.00028 -1.47677
2.15 0 0.648697 0.977305 -1.15741
2.16 0 0.398933 0.545429 -0.725885
2.17 0 0.472568 0.286453 0.141378
2.18 0 0.287204 -0.0505571 0.842534
2.19 0 -0.649788 -0.806473 0.797595
2.2 0 -1.45874 -1.24483 0.70894
2.21 0 -1.61282 -1.08593 0.939272
2.22 0 -1.34379 -0.70524 1.19347
2.23 0 -0.922756 -0.375179 1.23449
2.24 0 -0.604152 -0.274556 0.893991
2.25 0 -0.252767 -0.181159 0.41153
2.26 0 0.116168 -0.0373283 -0.114629
2.27 0 0.456569 0.152988 -0.617195
2.28 0 0.673898 0.292946 -1.09393
2.29 0 0.821655 0.401291 -1.42126
2.3 0 0.984575 0.538387 -1.46567
2.31 0 1.14244 0.703712 -1.21242
2.32 0 0.883225 0.511783 -1.07449
2.33 0 0.0605092 -0.231261 -1.27836
2.34 0 -0.586317 -0.875985 -1.2256
2.35 0 -0.321573 -0.651371 -0.277659
2.36 0 -0.162669 -0.406443 0.530288
2.37 0 -0.311901 -0.254804 0.974893
2.38 0 -0.620112 -0.151898 1.13335
2.39 0 -0.916174 -0.145951 1.08131
2.4 0 -0.99639 -0.211705 0.953765
2.41 0 -0.900993 -0.411147 0.704685
2.42 0 -0.676826 -0.65288 0.345079
2.43 0 -0.28514 -0.680149 0.0170557
2.44 0 0.0877025 -0.499273 -0.346022
2.45 0 0.302969 -0.213904 -0.785616
2.46 0 0.3868 0.0752267 -1.22208
2.47 0 0.494114 0.333128 -1.47649
2.48 0 0.824308 0.656339 -1.31795
2.49 0 1.20106 0.930192 -0.86553
2.5 0 1.31265 0.999085 -0.379883
2.51 0 1.02867 0.841087 0.00104147
2.52 0 0.44942 0.532921 0.28853
2.53 0 -0.320295 0.0412533 0.433389
2.54 0 -1.07368 -0.591816 0.463803
2.55 0 -1.3559 -0.977532 0.693923
2.56 0 -1.06243 -0.898263 1.18423
2.57 0 -0.926528 -0.89595 1.23327
2.58 0 -1.30715 -1.27979 0.498936
2.59 0 -0.450719 -0.352407 0.764731
2.6 0 -0.0512342 0.151068 0.434207
2.61 0 0.263006 0.518238 -0.0207494
2.62 0 1.51237 1.75101 0.548869
2.63 0 1.84075 2.07967 0.446247
2.64 0 0.891574 1.10146 -0.645992
2.65 0 -0.125348 -0.159084 -1.6269
2.66 0 0.0918812 -0.400118 -1.28059
2.67 0 1.42947 0.63927 0.358248
2.68 0 1.1867 0.63771 0.700339
2.69 0 -0.0933345 0.023818 0.200442
2.7 0 -1.13197 -0.424976 -0.114577
2.71 0 -1.63841 -0.839566 -0.178935
2.72 0 -0.925193 -0.534558 0.634876
2.73 0 0.176361 0.0807707 1.62379
2.74 0 0.191941 -0.0404774 1.47086
2.75 0 -0.558484 -0.558585 0.511193
2.76 0 -0.20668 0.132032 0.556751
2.77 0 0.642843 1.24289 1.03548
2.78 0 0.696259 1.39787 0.735128
2.79 0 -0.179526 0.333385 -0.477898
2.8 0 -1.03288 -1.11238 -1.7312
2.81 0 -1.05491 -2.00541 -2.24938
2.82 0 0.364383 -1.26578 -1.29422
2.83 0 0.93337 -0.683652 -0.946308
2.84 0 0.176535 -0.738793 -1.62492
2.85 0 0.0381384 0.0188931 -1.50086
2.86 0 1.06496 1.70064 -0.0952264
2.87 0 0.817093 1.69727 0.156816
2.88 0 -0.0217964 0.63681 -0.123803
2.89 0 -0.0691804 0.0402376 0.363397
2.9 0 0.778077 0.456161 1.7525
2.91 0 1.50356 1.36468 3.13699
2.92 0 0.785776 1.50975 3.19857
2.93 0 -1.17588 0.511303 1.90133
2.94 0 -2.46486 -0.517225 0.815121
2.95 0 -1.35726 -0.0994354 1.52963
2.96 0 0.750047 0.965141 2.87998
2.97 0 2.62603 2.36484 4.05019
2.98 0 3.60865 3.95121 4.70709
2.99 0 2.88834 4.61684 4.1033
3 0 1.3105 4.25177 2.86239
3.01 0 0.651759 3.7256 2.45405
3.02 0 0.871025 2.84748 2.69778
3.03 0 0.856024 1.27025 2.63253
3.04 0 2.30615 1.66859 4.1317
3.05 0 3.61199 3.07376 5.66689
3.06 0 2.63658 2.54283 4.46016
3.07 0 -0.289597 0.670704 1.31721
3.08 0 -2.44104 -0.749229 -1.18982
3.09 0 -3.23298 -1.80579 -2.58586
3.1 0 -2.65497 -2.55436 -2.93559
3.11 0 -0.772431 -2.38212 -2.11532
3.12 0 0.444414 -2.32783 -1.87016
3.13 0 -0.395757 -3.2922 -3.43646
3.14 0 -1.29635 -3.48308 -4.83719
3.15 0 -1.20747 -2.45966 -5.10524
3.16 0 -1.35399 -2.00683 -5.50057
3.17 0 -0.433198 -1.10267 -4.70788
3.18 0 0.300935 -0.876867 -3.91998
3.19 0 0.769919 -1.00596 -3.13614
3.2 0 1.5032 -0.500129 -1.76599
3.21 0 -0.148236 -1.8032 -2.48365
3.22 0 -3.18003 -4.1893 -4.47489
3.23 0 -5.71427 -6.32125 -6.14339
3.24 0 -6.48685 -7.27547 -6.43962
3.25 0 -5.66737 -7.44868 -5.84587
3.26 0 -3.91719 -6.88073 -4.89259
3.27 0 -2.63544 -6.15689 -4.66148
3.28 0 -1.49167 -4.5399 -4.52919
3.29 0 0.946833 -0.737521 -2.84225
3.3 0 2.19088 2.23629 -1.9242
3.31 0 0.312953 1.55102 -3.75387
3.32 0 -1.37276 -0.294651 -5.227
3.33 0 -0.197209 -0.580319 -3.7558
3.34 0 1.28331 -0.875188 -1.74826
3.35 0 2.37686 -0.618487 0.340487
3.36 0 2.26604 0.143519 1.80119
3.37 0 -1.20528 -1.22118 0.155319
3.38 0 -5.59265 -3.53486 -2.65809
3.39 0 -8.67297 -6.05105 -4.93212
3.4 0 -9.95643 -8.75447 -6.43846
3.41 0 -7.28647 -8.70778 -4.92125
3.42 0 0.49887 -4.91537 -0.198153
3.43 0 6.0187 -0.522965 2.54842
3.44 0 3.01247 0.118187 -1.32824
3.45 0 -1.94669 0.10681 -6.10228
3.46 0 -2.14555 2.50594 -6.1452
3.47 0 0.845577 4.60859 -3.17505
3.48 0 5.09831 5.60095 1.15431
3.49 0 9.29702 6.69159 6.10624
3.5 0 10.8234 7.46102 9.31019
3.51 0 6.6772 5.4237 7.78968
3.52 0 0.315612 2.7187 4.42055
3.53 0 -2.64703 2.87185 4.04449
3.54 0 -2.44766 3.93399 5.72308
3.55 0 -0.649337 4.95104 8.10645
3.56 0 1.44168 5.13312 10.1682
3.57 0 1.83068 3.54818 10.2763
3.58 0 0.6162 1.19276 8.69251
3.59 0 -0.467679 0.156216 7.10519
3.6 0 -0.890503 0.747724 5.82203
3.61 0 -0.0847453 2.77564 5.38733
3.62 0 1.23393 4.79551 5.12014
3.63 0 1.78225 5.06221 3.85237
3.64 0 1.22163 3.15436 1.36282
3.65 0 0.28667 0.123837 -1.49672
3.66 0 -0.624947 -3.00346 -4.2124
3.67 0 -0.629009 -4.63946 -5.76882
3.68 0 1.36702 -3.11494 -4.90628
3.69 0 3.64409 0.0727515 -3.15817
3.7 0 4.29813 2.75197 -2.26175
3.71 0 1.78866 2.5438 -3.74339
3.72 0 -1.79997 -0.0330292 -6.04144
3.73 0 -3.63094 -2.96682 -6.78884
3.74 0 -3.36609 -5.35923 -5.80004
3.75 0 -0.509437 -4.93949 -2.3162
3.76 0 1.80863 -2.96282 0.970821
3.77 0 1.76047 -0.633302 2.43812
3.78 0 0.00552663 1.52984 2.48116
3.79 0 -1.3774 3.45361 2.64872
3.8 0 -0.156393 5.8292 4.79471
3.81 0 2.47883 7.41329 7.78733
3.82 0 4.23388 7.11193 9.7066
3.83 0 4.45035 5.77517 10.2487
3.84 0 3.72164 4.88627 10.1233
3.85 0 3.72308 6.11483 10.9003
3.86 0 3.17135 7.41896 11.0576
3.87 0 0.399851 5.90722 8.5721
3.88 0 -2.27617 2.89052 5.41485
3.89 0 -0.904584 2.30702 5.50141
3.9 0 2.06531 2.80361 6.71221
3.91 0 3.90109 3.00431 6.72584
3.92 0 4.64426 3.65813 5.87554
3.93 0 5.07142 5.36649 5.03973
3.94 0 5.30396 7.31683 4.36054
3.95 0 4.95598 8.1801 3.4587
3.96 0 5.50671 8.74899 3.80759
3.97 0 7.03192 8.83082 5.306
3.98 0 6.45502 7.76753 6.07659
3.99 0 1.83006 4.74577 4.71643
4 0 -1.0799 -0.0610034 2.77585
4.01 0 -3.83047 -4.60262 0.353389
4.02 0 -6.22136 -8.27092 -2.27484
4.03 0 -6.70533 -9.02529 -3.42983
4.04 0 -5.04429 -6.61942 -2.74544
4.05 0 -2.55596 -2.91419 -1.52521
4.06 0 -0.808667 -0.0621574 -0.948361
4.07 0 -1.60079 -0.36615 -2.71245
4.08 0 -3.55192 -3.24194 -5.57485
4.09 0 -3.10782 -4.6036 -6.21627
4.1 0 -2.67654 -6.10956 -6.88453
4.11 0 -4.13254 -8.91392 -9.27216
4.12 0 -6.14419 -11.4841 -12.0959
4.13 0 -7.71242 -13.0956 -14.4427
4.14 0 -8.78585 -13.9892 -16.4133
4.15 0 -9.57722 -14.9155 -18.4591
4.16 0 -8.96364 -15.3394 -19.7938
4.17 0 -6.12003 -13.8081 -19.2523
4.18 0 -2.32522 -10.6394 -17.5594
4.19 0 1.38045 -6.04349 -15.1129
4.2 0 3.33409 -1.75745 -13.2758
4.21 0 1.79755 -0.94158 -13.7013
4.22 0 -0.200532 -1.76316 -13.7177
4.23 0 0.137733 -1.82269 -10.8189
4.24 0 1.00189 -2.10085 -6.9702
4.25 0 -0.00541858 -3.74903 -4.70602
4.26 0 -2.65688 -5.82688 -4.08221
4.27 0 -5.03761 -6.55539 -3.4694
4.28 0 -5.07451 -4.62517 -0.926032
4.29 0 -4.29384 -2.22017 1.82888
4.3 0 -5.20314 -2.22799 2.19028
4.31 0 -6.57058 -3.51991 1.46463
4.32 0 -6.47293 -4.59922 1.70988
4.33 0 -3.48288 -3.17096 4.18303
4.34 0 0.572834 0.025752 7.27636
4.35 0 1.43426 1.63386 7.23953
4.36 0 -1.32919 -0.360692 2.28923
4.37 0 -2.31877 -2.30779 -2.39651
4.38 0 -1.14148 0.206257 -3.07779
4.39 0 0.586419 2.10665 -2.91642
4.4 0 2.18362 2.40233 -2.63543
4.41 0 4.77559 3.27901 -0.84303
4.42 0 7.08958 4.42273 1.28928
4.43 0 6.84264 4.17222 1.49495
4.44 0 4.69085 3.19863 0.596172
4.45 0 3.72003 4.01597 1.31782
4.46 0 3.76702 5.82365 2.97952
4.47 0 3.92024 7.19384 4.84787
4.48 0 3.52614 7.53875 5.89639
4.49 0 1.38174 5.04045 5.06321
4.5 0 -0.91626 1.45043 3.74789
4.51 0 -1.87407 -1.15065 3.44696
4.52 0 -0.870753 -1.29004 4.84777
4.53 0 0.147689 -0.403088 6.22101
4.54 0 -0.404356 0.0583117 6.01686
4.55 0 -1.93291 0.121239 4.69191
4.56 0 -2.49753 0.858112 3.98325
4.57 0 -0.859485 2.90709 5.03925
4.58 0 2.5486 5.87392 7.5435
4.59 0 5.36018 7.92652 9.3959
4.6 0 6.26297 8.31794 9.52032
4.61 0 5.88039 7.92359 8.62553
4.62 0 5.30942 7.69534 7.80392
4.63 0 5.28044 8.07966 7.74392
4.64 0 5.37621 8.664 8.18203
4.65 0 4.84234 8.52187 8.34449
4.66 0 3.81838 7.58121 8.22921
4.67 0 3.08683 6.52129 8.42448
4.68 0 3.19224 6.07247 9.35091
4.69 0 3.55616 6.03286 10.3824
4.7 0 3.52123 6.03153 10.8326
4.71 0 2.39038 5.31982 9.92526
4.72 0 0.88059 4.25102 8.26428
4.73 0 0.385361 3.82841 7.17799
4.74 0 0.590319 3.58612 6.3896
4.75 0 -0.111503 1.98861 4.39821
4.76 0 -1.66701 -0.771482 1.33464
4.77 0 -3.15955 -3.64003 -1.83429
4.78 0 -2.97237 -4.76942 -3.41003
4.79 0 -0.476516 -3.14732 -2.59129
4.8 0 2.8343 0.143388 -0.723656
4.81 0 3.05759 1.32166 -1.46738
4.82 0 1.77399 1.34409 -3.26764
4.83 0 0.675041 1.07379 -4.61308
4.84 0 -0.244628 -0.0184941 -5.65582
4.85 0 -0.466393 -1.57627 -6.00907
4.86 0 0.573347 -2.27667 -5.03384
4.87 0 2.35252 -1.53104 -2.92037
4.88 0 2.70601 -0.663299 -1.67819
4.89 0 -0.188829 -1.82772 -3.20247
4.9 0 -4.34815 -4.19196 -5.90978
4.91 0 -6.7168 -5.70902 -7.00336
4.92 0 -7.18176 -6.16862 -6.09417
4.93 0 -4.91919 -5.23959 -3.22303
4.94 0 -1.95017 -3.99683 -0.247619
4.95 0 -1.40147 -4.36774 -0.0238105
4.96 0 -3.36941 -5.91819 -2.44034
4.97 0 -5.20961 -6.51215 -5.08154
4.98 0 -4.56204 -4.83634 -5.78857
4.99 0 -2.65708 -2.91199 -5.67928
5 0 -0.747736 -2.03175 -5.79687
5.01 0 0.119756 -2.61927 -6.77385
5.02 0 -0.0383937 -3.98477 -8.29134
5.03 0 0.260223 -4.18723 -8.68444
5.04 0 1.57441 -2.44756 -7.28023
5.05 0 2.75478 0.0793826 -5.08635
5.06 0 2.56734 1.75686 -3.37316
5.07 0 1.07184 1.84731 -2.37807
5.08 0 0.726382 2.15054 -0.0568723
5.09 0 3.22067 4.53498 5.09
5.1 0 4.14505 5.32941 8.60012
5.11 0 2.80965 4.59599 9.81233
5.12 0 1.1974 4.30403 10.4804
5.13 0 0.0525666 4.69757 11.0722
5.14 0 -0.525239 5.18735 11.4832
5.15 0 -0.572782 5.31366 11.5445
5.16 0 -0.0758817 5.09763 11.2662
5.17 0 0.886262 4.8295 10.6745
5.18 0 2.00753 4.77002 9.68358
5.19 0 2.84107 4.76298 8.10385
5.2 0 3.14487 4.65365 5.9424
5.21 0 3.25459 4.65527 3.88637
5.22 0 3.773 4.95524 2.66985
5.23 0 4.5739 5.21898 2.19684
5.24 0 4.70776 4.76995 1.60835
5.25 0 3.89554 3.61085 0.751674
5.26 0 2.83987 2.33119 0.103367
5.27 0 1.53619 1.01533 -0.507295
5.28 0 0.430821 0.0423866 -0.749342
5.29 0 -0.357273 -0.507707 -0.590901
5.3 0 -2.47248 -2.47837 -1.81182
5.31 0 -5.09764 -5.23407 -3.71349
5.32 0 -6.90552 -7.6153 -5.16945
5.33 0 -7.78779 -9.46098 -6.16612
5.34 0 -7.61357 -10.3028 -6.55908
5.35 0 -6.60666 -10.0355 -6.41236
5.36 0 -5.48858 -9.02271 -6.34056
5.37 0 -4.50579 -7.49224 -6.51958
5.38 0 -3.84868 -5.97197 -7.12476
5.39 0 -3.53842 -5.27485 -8.37737
5.4 0 -2.8962 -4.96423 -9.55782
5.41 0 -0.665645 -3.63414 -9.2365
5.42 0 1.19198 -2.64261 -9.02483
5.43 0 1.00906 -3.23665 -10.3543
5.44 0 0.261867 -3.93454 -11.715
5.45 0 0.466525 -3.41132 -11.614
5.46 0 1.21466 -2.40375 -10.2151
5.47 0 1.58367 -1.72615 -8.44048
5.48 0 1.04013 -1.76186 -6.85855
5.49 0 -0.088676 -2.14141 -5.34011
5.5 0 -1.17957 -2.37513 -3.56177
5.51 0 -1.60613 -1.95122 -1.2041
5.52 0 -1.38123 -0.90395 1.51238
5.53 0 -1.47378 -0.191949 3.49402
5.54 0 -2.94063 -1.04303 3.5388
5.55 0 -4.55177 -2.56184 2.6769
5.56 0 -4.17615 -2.70001 2.97192
5.57 0 -2.77666 -1.98451 3.67109
5.58 0 -1.31127 -0.785487 4.14703
5.59 0 0.176082 1.15928 4.53929
5.6 0 1.53267 3.45287 4.77662
5.61 0 2.11941 4.8697 4.25048
5.62 0 1.35326 4.21368 2.36085
5.63 0 1.92836 3.91711 1.80114
5.64 0 3.60457 4.1225 2.46893
5.65 0 4.37766 3.58611 2.56148
5.66 0 4.82467 3.53368 2.8053
5.67 0 4.96808 4.21734 3.27367
5.68 0 3.96376 4.76016 3.24885
5.69 0 1.98427 4.4927 2.66814
5.7 0 0.316833 3.67796 2.41946
5.71 0 -0.102079 2.80995 3.14337
5.72 0 0.392321 2.0015 4.46248
5.73 0 0.413346 0.771412 5.09353
5.74 0 -0.65454 -0.814556 4.47744
5.75 0 -2.28787 -2.1425 3.01436
5.76 0 -3.61001 -2.79019 1.366
5.77 0 -3.80087 -2.58043 0.204386
5.78 0 -2.99931 -2.10887 -0.649915
5.79 0 -2.36139 -2.50451 -2.18655
5.8 0 -1.58058 -3.08716 -3.81945
5.81 0 -0.307302 -2.97608 -4.86523
5.82 0 0.909326 -2.29513 -5.56703
5.83 0 1.61174 -1.41723 -6.1888
5.84 0 1.87561 -0.539274 -6.59491
5.85 0 1.43189 -0.37834 -7.09141
5.86 0 0.211964 -1.43133 -7.84109
5.87 0 -1.01937 -3.09457 -8.21505
5.88 0 -1.60851 -4.47249 -7.67406
5.89 0 -1.89724 -5.36995 -6.63032
5.9 0 -2.35152 -5.77099 -5.6202
5.91 0 -3.33389 -5.93903 -5.1336
5.92 0 -4.83817 -6.23205 -5.35729
5.93 0 -5.94787 -6.33101 -5.57973
5.94 0 -5.32504 -5.30817 -4.56212
5.95 0 -3.32702 -3.48366 -2.59775
5.96 0 -1.31456 -1.85669 -0.8742
5.97 0 0.0321401 -0.71833 0.102631
5.98 0 0.462983 -0.115361 0.196508
5.99 0 -0.433195 -0.60482 -1.00029
6 0 -0.882115 -0.739842 -1.77222
6.01 0 0.642468 0.84598 -0.563237
6.02 0 1.9512 2.04653 0.484643
6.03 0 1.05855 1.03075 -0.558594
6.04 0 -0.445236 -0.649094 -2.12106
6.05 0 -1.09657 -1.79036 -2.8416
6.06 0 -0.365389 -1.62326 -2.20565
6.07 0 0.974781 -0.528603 -0.854249
6.08 0 1.18287 0.133587 -0.236458
6.09 0 -1.56012 -1.87939 -2.45758
6.1 0 -4.15111 -4.95849 -5.47966
6.11 0 -4.62687 -7.16391 -6.9212
6.12 0 -3.97498 -7.36947 -6.70489
6.13 0 -4.53245 -6.74544 -6.55133
6.14 0 -5.58449 -6.69917 -6.91806
6.15 0 -5.66452 -6.61954 -6.66455
6.16 0 -3.98456 -5.21448 -4.9557
6.17 0 -0.82839 -2.56351 -2.25576
6.18 0 1.9485 0.258216 0.165726
6.19 0 2.96183 1.87833 0.931765
6.2 0 3.81347 3.84018 1.602
6.21 0 5.03898 6.31049 2.96918
6.22 0 5.26181 7.70246 3.46575
6.23 0 4.05937 6.95385 2.67404
6.24 0 3.12351 5.40581 2.12679
6.25 0 3.85722 4.90853 3.32932
6.26 0 5.08878 5.1654 5.17958
6.27 0 4.67344 4.55896 5.68786
6.28 0 3.02144 3.56509 5.25793
6.29 0 1.13651 2.83787 4.72401
6.3 0 -0.169211 2.58512 4.68031
6.31 0 0.136014 3.41819 6.00495
6.32 0 -0.645612 4.15621 7.14281
6.33 0 -3.44038 4.07387 7.54617
6.34 0 -1.6098 2.45554 8.78313
6.35 0 0.982746 1.37557 10.3885
6.36 0 3.01253 1.33106 11.4973
6.37 0 3.69448 2.48467 11.5928
6.38 0 2.78154 4.52202 10.1718
6.39 0 1.66644 7.02836 8.44587
6.4 0 1.83064 9.44164 7.59744
6.41 0 3.32164 10.6334 7.65303
6.42 0 5.44269 10.1852 8.10488
6.43 0 8.03844 9.29811 9.17518
6.44 0 9.96543 8.68865 10.1262
6.45 0 9.577 7.93282 9.5656
6.46 0 8.19125 8.34565 8.78978
6.47 0 7.19147 10.2478 8.96598
6.48 0 4.9444 10.514 8.14622
6.49 0 2.04066 8.459 6.57786
6.5 0 -0.0461321 5.11625 5.4763
6.51 0 -1.21229 1.2331 4.85934
6.52 0 -1.81787 -2.17552 4.41512
6.53 0 -2.23404 -4.15403 3.86748
6.54 0 -3.43677 -5.11471 2.27614
6.55 0 -4.86506 -4.99675 0.144231
6.56 0 -4.89047 -3.34515 -0.973238
6.57 0 -3.9049 -1.63975 -1.45525
6.58 0 -2.56842 -0.988585 -1.86693
6.59 0 -0.905179 -1.06814 -2.05833
6.6 0 1.26237 -0.826598 -1.60923
6.61 0 3.19467 -0.0544598 -0.993701
6.62 0 4.26368 1.16137 -0.67033
6.63 0 4.26469 2.50543 -0.820938
6.64 0 3.3538 3.46198 -1.42678
6.65 0 2.58692 4.15608 -1.62765
6.66 0 2.84371 4.8649 -0.691764
6.67 0 3.66995 5.12883 0.908908
6.68 0 4.72991 5.10946 2.92874
6.69 0 5.63922 5.26675 5.12547
6.7 0 5.45894 5.28414 6.66747
6.71 0 2.88828 3.88348 6.25481
6.72 0 -0.807666 1.69014 4.85417
6.73 0 -5.04559 -0.538582 3.33174
6.74 0 -9.90581 -3.09819 1.81669
6.75 0 -11.0568 -7.38281 0.92325
6.76 0 -9.97651 -11.6373 0.231191
6.77 0 -8.56614 -14.4361 -1.07854
6.78 0 -7.71682 -15.0696 -3.54471
6.79 0 -6.97891 -12.3948 -7.07374
6.8 0 -5.96838 -6.80956 -11.3786
6.81 0 -4.61404 -2.64066 -15.0844
6.82 0 -2.2671 -1.64315 -16.9974
6.83 0 1.11315 -2.83192 -17.3272
6.84 0 4.11443 -4.77805 -17.1199
6.85 0 5.87023 -6.31873 -16.9006
6.86 0 5.63854 -6.74771 -17.0622
6.87 0 3.47893 -6.20357 -17.3243
6.88 0 0.193917 -5.32456 -17.2465
6.89 0 -2.89351 -4.81447 -16.1141
6.9 0 -4.45323 -4.7008 -13.2
6.91 0 -4.8727 -5.37994 -9.19894
6.92 0 -4.94839 -6.63436 -5.20994
6.93 0 -4.95346 -7.75361 -1.34039
6.94 0 -5.71038 -8.1823 1.72465
6.95 0 -7.39971 -7.78605 3.38313
6.96 0 -8.77382 -6.06721 4.23322
6.97 0 -8.66049 -3.30139 5.1376
6.98 0 -7.52719 -1.20855 5.42439
6.99 0 -4.003 -1.1193 4.80529
7 0 -0.367637 -1.23498 3.63586
7.01 0 1.58078 0.510395 2.44637
7.02 0 4.02385 3.6793 1.92903
7.03 0 6.29884 7.11544 1.79547
7.04 0 7.97596 9.59991 1.80402
7.05 0 9.20321 10.7622 2.20897
7.06 0 10.0029 10.7531 3.17032
7.07 0 10.2672 10.0431 4.60346
7.08 0 9.5245 8.88767 5.97907
7.09 0 7.93335 7.95021 7.3457
7.1 0 5.65112 7.384 8.49879
7.11 0 2.84308 6.72819 9.18506
7.12 0 -0.0994461 5.4446 9.36337
7.13 0 -2.55687 3.5276 9.28299
7.14 0 -3.89073 1.54488 9.2815
7.15 0 -3.35134 0.571767 10.2993
7.16 0 -1.73481 0.675405 11.6116
7.17 0 -0.702113 1.21286 11.568
7.18 0 -1.62118 0.839332 8.90372
7.19 0 -3.38156 -0.104442 4.7141
7.2 0 -4.49134 -1.17404 0.388312
7.21 0 -4.14416 -2.28678 -3.1219
7.22 0 -2.09656 -2.95851 -5.37218
7.23 0 0.437686 -3.50939 -7.31991
7.24 0 2.43409 -3.76557 -9.1635
7.25 0 3.51321 -3.45553 -10.8647
7.26 0 3.6372 -2.66951 -12.2428
7.27 0 2.92107 -1.96611 -13.1774
7.28 0 1.7044 -1.88831 -13.4413
7.29 0 0.572657 -2.4574 -12.604
7.3 0 0.796945 -2.38087 -9.58264
7.31 0 2.65135 -0.673518 -4.20112
7.32 0 4.58173 2.0871 1.94266
7.33 0 5.40191 5.24448 7.49818
7.34 0 4.34929 7.67639 11.1894
7.35 0 1.32203 8.59827 12.9752
7.36 0 -1.59966 9.30511 14.926
7.37 0 -2.43797 9.1996 17.515
7.38 0 -0.96942 8.14509 20.2866
7.39 0 1.83358 6.7646 22.6956
7.4 0 3.63228 5.87844 23.0454
7.41 0 2.37504 4.82183 19.7372
7.42 0 -0.236276 4.43599 14.2023
7.43 0 -2.18617 4.54579 8.31818
7.44 0 -2.30366 4.66662 3.1503
7.45 0 -0.669608 3.84929 -0.783211
7.46 0 1.7758 1.62538 -3.38316
7.47 0 4.7353 -0.544632 -4.66916
7.48 0 7.49327 -1.0847 -4.51267
7.49 0 7.58467 -1.00609 -5.55158
7.5 0 3.96464 -1.74861 -8.93617
7.51 0 -0.407195 -2.28413 -12.2233
7.52 0 -2.43569 -1.74492 -12.8335
7.53 0 -2.34677 -1.39092 -11.4592
7.54 0 -1.73989 -2.73118 -9.64587
7.55 0 -1.90624 -5.92433 -8.45657
7.56 0 -2.19531 -8.53297 -7.14196
7.57 0 -3.44799 -10.0923 -6.52832
7.58 0 -6.4111 -11.2119 -7.53783
7.59 0 -9.63922 -11.5398 -9.08495
7.6 0 -11.7129 -11.2663 -10.1715
7.61 0 -12.0821 -11.0609 -10.5174
7.62 0 -10.4023 -10.7578 -9.76346
7.63 0 -7.40128 -10.1593 -8.33573
7.64 0 -4.3656 -9.20193 -7.15406
7.65 0 -1.86148 -7.42041 -6.4393
7.66 0 -0.405795 -5.11209 -6.44659
7.67 0 0.12246 -2.74219 -6.96057
7.68 0 -0.107932 -1.07788 -7.86242
7.69 0 0.0964816 0.147991 -8.13114
7.7 0 1.1032 0.688746 -7.29336
7.71 0 2.18277 0.217846 -5.95809
7.72 0 2.00363 -1.60694 -5.33587
7.73 0 0.340568 -4.07931 -5.65782
7.74 0 -2.1632 -6.1992 -6.44252
7.75 0 -4.47795 -7.22585 -6.94686
7.76 0 -5.2672 -6.47358 -6.10827
7.77 0 -5.17468 -5.18206 -4.73642
7.78 0 -4.97299 -4.47856 -3.73508
7.79 0 -5.023 -4.80062 -3.48868
7.8 0 -4.68617 -5.2949 -3.34593
7.81 0 -2.91751 -4.36186 -2.12191
7.82 0 -0.299066 -1.98029 -0.215
7.83 0 2.19375 0.968578 1.57238
7.84 0 3.34149 3.42804 2.39822
7.85 0 4.06843 4.34956 2.05515
7.86 0 5.26189 5.20111 1.63122
7.87 0 5.76861 6.98765 2.57365
7.88 0 5.6192 8.83082 4.32315
7.89 0 5.38238 9.28157 6.39417
7.9 0 4.37634 7.73946 7.94677
7.91 0 3.20508 5.42747 9.23113
7.92 0 2.14381 3.67613 10.0578
7.93 0 0.922234 2.93393 10.4428
7.94 0 -0.271855 3.02578 10.4812
7.95 0 -0.892981 3.8845 10.5125
7.96 0 -0.828124 4.79173 10.5357
7.97 0 -0.178667 5.32808 10.5162
7.98 0 1.05534 5.6401 10.4516
7.99 0 2.58138 5.85445 10.2121
8 0 3.80478 5.93107 9.4307
8.01 0 3.91446 5.40589 7.46823
8.02 0 3.42462 4.70705 4.99742
8.03 0 2.82105 3.97968 2.56086
8.04 0 2.20549 2.96829 0.282929
8.05 0 1.86028 1.81301 -1.50384
8.06 0 2.00244 0.867121 -2.49433
8.07 0 2.11236 -0.00988326 -3.10991
8.08 0 1.5596 -1.08858 -3.91944
8.09 0 0.567219 -2.0318 -4.71266
8.1 0 -0.535349 -2.67095 -5.24491
8.11 0 -1.54103 -3.10095 -5.43647
8.12 0 -2.18971 -3.32861 -5.16739
8.13 0 -2.01796 -2.99744 -4.06242
8.14 0 -1.67837 -2.64342 -2.81408
8.15 0 -2.18059 -3.10472 -2.46594
8.16 0 -3.02641 -3.81773 -2.59218
8.17 0 -3.92791 -4.55659 -3.00139
8.18 0 -5.14655 -5.72592 -4.05698
8.19 0 -6.18573 -6.98424 -5.35198
8.2 0 -6.76776 -8.11637 -6.6529
8.21 0 -6.9867 -9.1373 -8.03589
8.22 0 -6.43064 -9.43749 -8.99794
8.23 0 -3.84798 -7.45974 -8.09634
8.24 0 -0.474607 -4.14711 -6.29461
8.25 0 2.49511 -0.536665 -4.49151
8.26 0 5.01554 3.07966 -2.51297
8.27 0 7.16998 6.59469 -0.130987
8.28 0 9.18878 9.91528 2.9354
8.29 0 10.9204 12.7167 6.47133
8.3 0 11.6196 14.3589 9.7374
8.31 0 10.8855 14.7272 12.0715
8.32 0 9.9679 15.0534 14.5106
8.33 0 8.5645 14.7525 16.5715
8.34 0 5.23127 12.0897 16.6191
8.35 0 1.20102 8.04825 15.5557
8.36 0 -2.46568 3.70807 14.2036
8.37 0 -4.60963 0.34323 13.6242
8.38 0 -3.75407 -0.0517421 15.1463
8.39 0 -2.7384 0.714181 15.7628
8.4 0 -2.80155 1.55635 14.2345
8.41 0 -1.98844 3.60482 12.5673
8.42 0 -0.161779 6.00587 11.1191
8.43 0 2.22146 7.70584 9.76598
8.44 0 4.76968 8.44904 8.55322
8.45 0 6.92863 8.31841 7.31664
8.46 0 7.88694 7.14236 5.22034
8.47 0 7.57763 6.23733 2.29614
8.48 0 5.96204 5.24216 -1.34536
8.49 0 2.1705 4.12997 -4.86247
8.5 0 0.747531 1.16878 -7.20225
8.51 0 0.444176 -2.47071 -8.31533
8.52 0 0.327827 -5.59501 -8.53222
8.53 0 -0.430232 -7.91034 -8.85893
8.54 0 -2.33563 -9.14898 -9.60007
8.55 0 -4.61214 -8.96124 -10.2846
8.56 0 -6.07047 -7.64036 -10.0695
8.57 0 -6.69802 -6.44739 -9.30161
8.58 0 -6.65666 -6.13982 -8.36164
8.59 0 -6.03953 -6.68768 -7.34445
8.6 0 -5.11427 -7.58068 -6.38045
8.61 0 -4.39718 -8.37035 -5.79295
8.62 0 -4.25951 -8.68653 -5.79632
8.63 0 -4.40774 -8.09876 -6.07236
8.64 0 -4.47981 -6.68697 -6.324
8.65 0 -4.90411 -5.64092 -7.06784
8.66 0 -5.80021 -5.9212 -8.5893
8.67 0 -5.84497 -6.60145 -9.64073
8.68 0 -4.05787 -6.42563 -9.14776
8.69 0 -1.76984 -5.90204 -8.18544
8.7 0 -0.231045 -5.40034 -7.71096
8.71 0 0.851018 -4.10679 -7.24243
8.72 0 1.59898 -1.95383 -6.53748
8.73 0 2.14929 0.519455 -5.48259
8.74 0 2.68547 2.63748 -3.92889
8.75 0 3.02531 3.71443 -2.14833
8.76 0 2.56917 3.1149 -0.817884
8.77 0 2.13493 2.07895 0.783976
8.78 0 1.81396 1.35438 2.66889
8.79 0 1.02839 0.883641 4.16288
8.8 0 -0.936039 -0.0249433 4.36574
8.81 0 -4.24905 -2.04567 2.83272
8.82 0 -7.50962 -4.58405 0.624394
8.83 0 -9.5547 -7.05261 -1.35592
8.84 0 -9.611 -8.64812 -2.40685
8.85 0 -8.44722 -9.49876 -3.19337
8.86 0 -6.6755 -9.38092 -4.11084
8.87 0 -4.33902 -7.76767 -4.87388
8.88 0 -2.09143 -5.26182 -5.8156
8.89 0 -0.344547 -2.77055 -7.10056
8.9 0 0.423321 -1.43208 -9.00293
8.91 0 1.04968 -1.01651 -10.6494
8.92 0 2.2756 -0.936037 -11.1158
8.93 0 4.18982 -0.579286 -10.0362
8.94 0 7.22364 -0.440372 -8.17698
8.95 0 8.31869 0.262592 -6.64794
8.96 0 6.8891 2.13923 -5.6237
8.97 0 4.00605 4.37594 -4.55314
8.98 0 0.990504 5.67721 -3.05697
8.99 0 -1.27921 4.83052 -0.102122
9 0 -2.1165 1.80672 4.28615
9.01 0 -2.4201 -1.56826 8.35975
9.02 0 -2.83955 -3.58565 10.6134
9.03 0 -3.78824 -3.49616 11.4514
9.04 0 -4.44158 -1.6503 11.7507
9.05 0 -4.75678 1.05112 11.6317
9.06 0 -4.56573 3.35952 11.041
9.07 0 -4.15073 4.00967 9.4667
9.08 0 -2.96607 3.158 7.54422
9.09 0 0.160261 2.75323 6.7399
9.1 0 5.52572 4.78438 7.95251
9.11 0 9.68413 7.39418 8.41204
9.12 0 11.3161 9.76486 7.26886
9.13 0 11.6636 12.4258 5.93244
9.14 0 11.1715 14.371 4.78377
9.15 0 9.8446 14.2493 3.65435
9.16 0 8.6547 12.3232 3.39712
9.17 0 8.15511 9.64481 4.50436
9.18 0 6.86686 6.1106 5.45892
9.19 0 4.67731 2.96531 6.03026
9.2 0 2.50667 1.71991 6.9205
9.21 0 -0.0754098 1.54509 7.39755
9.22 0 -3.35864 0.982913 6.77241
9.23 0 -6.26208 -0.226183 5.70383
9.24 0 -7.74132 -1.88798 4.85694
9.25 0 -6.87034 -2.8885 5.04316
9.26 0 -3.66791 -2.20174 6.47671
9.27 0 -1.06316 -1.4516 6.63924
9.28 0 -0.870778 -1.70517 4.07908
9.29 0 -1.5032 -1.72364 0.575766
9.3 0 -1.74316 -1.34204 -2.67157
9.31 0 -1.23427 -0.984469 -5.2024
9.32 0 -0.10656 -0.840175 -7.16504
9.33 0 1.5488 -1.0054 -8.24943
9.34 0 2.55951 -1.96567 -9.67958
9.35 0 2.05813 -3.96003 -11.6778
9.36 0 1.37585 -5.19763 -12.8045
9.37 0 2.3194 -3.74448 -11.1901
9.38 0 3.43534 -1.11333 -8.29406
9.39 0 3.98153 1.62525 -4.9119
9.4 0 3.85739 3.77815 -1.3987
9.41 0 2.35841 4.11522 1.15924
9.42 0 0.259659 2.98094 3.04725
9.43 0 -1.5119 2.2936 5.68734
9.44 0 -2.86255 1.89175 8.60506
9.45 0 -4.07466 0.53685 10.4441
9.46 0 -5.10996 -1.57138 10.8478
9.47 0 -5.52164 -3.23983 10.3053
9.48 0 -5.04222 -3.24058 9.33526
9.49 0 -3.69111 -1.38045 8.21572
9.5 0 -1.90828 1.27494 6.57481
9.51 0 -0.0570219 3.36688 4.24952
9.52 0 1.23893 4.02291 0.893202
9.53 0 3.12856 3.79228 -1.90641
9.54 0 5.45483 3.34664 -3.6891
9.55 0 6.98323 2.63131 -4.78085
9.56 0 7.21256 1.77896 -5.85449
9.57 0 6.11154 1.00569 -6.98577
9.58 0 4.06555 0.533511 -7.91336
9.59 0 1.88729 0.0713824 -8.09715
9.6 0 0.524249 -0.255341 -6.85691
9.61 0 0.103959 -0.625889 -4.40418
9.62 0 -0.274221 -1.33907 -1.69436
9.63 0 -1.75778 -2.88651 -0.0506286
9.64 0 -4.43737 -5.068 0.196006
9.65 0 -6.79119 -6.42821 0.226917
9.66 0 -7.469 -5.97376 1.09391
9.67 0 -7.58003 -5.26152 1.51075
9.68 0 -7.78366 -5.30404 0.74431
9.69 0 -7.44813 -5.63636 -0.541774
9.7 0 -6.32007 -5.8822 -1.91648
9.71 0 -4.44553 -5.65878 -3.11815
9.72 0 -2.35467 -4.93061 -4.31853
9.73 0 -0.489709 -3.81915 -5.57095
9.74 0 0.957522 -2.51803 -6.72482
9.75 0 2.17238 -1.08293 -7.46014
9.76 0 3.28323 0.453705 -7.68182
9.77 0 3.97267 1.53584 -7.68446
9.78 0 3.78408 1.51168 -7.82451
9.79 0 3.30725 0.769021 -7.41318
9.8 0 2.85575 -0.0782596 -6.20492
9.81 0 2.23342 -0.77764 -4.47633
9.82 0 1.21267 -1.15601 -2.58256
9.83 0 -0.364154 -1.42789 -0.946089
9.84 0 -2.87083 -2.36096 -0.233859
9.85 0 -5.59917 -3.81664 -0.167487
9.86 0 -7.21408 -4.93285 0.259646
9.87 0 -6.54243 -4.55002 2.19577
9.88 0 -4.99875 -3.57682 4.08713
9.89 0 -4.98112 -3.92855 3.59434
9.9 0 -5.53469 -4.61932 1.64637
9.91 0 -5.63017 -4.92278 -0.708887
9.92 0 -4.81466 -4.55982 -2.83227
9.93 0 -2.13828 -3.07072 -3.86243
9.94 0 3.67001 -0.752606 -3.43985
9.95 0 7.53917 2.50615 -3.12166
9.96 0 8.2403 5.8531 -3.4184
9.97 0 8.86158 9.28328 -2.5094
9.98 0 8.6585 10.7148 -1.26023
9.99 0 8.18149 10.1252 0.73236
10 0 8.14316 8.79684 4.11337
10.01 0 7.33524 6.97936 7.50169
10.02 0 3.9811 3.92968 8.79586
10.03 0 -0.630871 1.0902 8.45995
10.04 0 -5.37116 -1.25594 7.34625
10.05 0 -9.36884 -3.56114 5.73365
10.06 0 -11.0812 -5.21739 4.7986
10.07 0 -9.47973 -5.28439 5.54836
10.08 0 -5.99704 -4.14443 6.72367
10.09 0 -2.16301 -2.01696 7.23682
10.1 0 -0.0453981 -0.259182 5.48558
10.11 0 0.889825 1.34226 2.3649
10.12 0 2.71585 4.05905 0.258493
10.13 0 5.47298 6.99287 -0.715191
10.14 0 7.36606 7.82334 -2.01898
10.15 0 8.16853 6.70012 -3.40916
10.16 0 8.97084 5.49651 -3.52627
10.17 0 9.07787 4.49462 -2.8791
10.18 0 7.8407 3.6447 -2.12603
10.19 0 6.08961 3.71977 -0.657845
10.2 0 4.47797 4.71116 1.7753
10.21 0 2.76739 5.54815 4.41895
10.22 0 0.929908 5.60646 6.86465
10.23 0 -1.40637 3.92702 8.3148
10.24 0 -3.67611 1.51479 9.20937
10.25 0 -5.92721 -0.561724 9.97421
10.26 0 -6.68639 -2.03456 10.7773
10.27 0 -5.20754 -1.99843 11.9588
10.28 0 -3.1679 -0.904219 12.1668
10.29 0 -2.12856 0.147966 10.2354
10.3 0 -0.896537 1.853 7.4164
10.31 0 -0.696363 2.38915 2.85206
10.32 0 -1.27344 0.924115 -2.91922
10.33 0 -0.648343 -0.975323 -7.47106
10.34 0 2.28607 -1.6062 -8.81422
10.35 0 5.26288 -1.52366 -9.10061
10.36 0 6.00051 -2.06831 -10.1002
10.37 0 4.50089 -2.81379 -11.9403
10.38 0 1.60456 -3.57915 -13.9648
10.39 0 -1.23054 -4.25787 -15.2124
10.4 0 -2.29891 -4.41685 -14.1041
10.41 0 -1.25397 -3.77391 -10.5011
10.42 0 -0.932242 -4.39698 -7.2784
10.43 0 -2.1906 -6.06236 -5.38739
10.44 0 -3.8494 -7.04816 -3.75563
10.45 0 -5.62233 -7.11217 -2.41713
10.46 0 -7.11492 -6.46928 -1.31785
10.47 0 -7.79777 -5.40395 -0.248715
10.48 0 -8.21151 -5.13145 0.0603812
10.49 0 -8.35848 -5.87782 -0.465213
10.5 0 -7.94347 -7.05625 -1.46815
10.51 0 -7.08124 -8.10972 -2.90669
10.52 0 -5.47513 -8.16458 -4.30077
10.53 0 -2.60206 -6.10498 -4.73997
10.54 0 0.0327224 -3.17465 -5.31288
10.55 0 3.9709 -0.249697 -5.76807
10.56 0 8.25335 4.09954 -4.8477
10.57 0 9.99002 8.27676 -3.92186
10.58 0 9.3975 10.2907 -3.47233
10.59 0 8.81451 10.8222 -1.66232
10.6 0 7.37381 8.8299 0.340315
10.61 0 5.06082 5.00579 2.30051
10.62 0 3.50864 2.31673 5.58569
10.63 0 2.33119 1.69986 9.42811
10.64 0 1.12912 3.09186 12.6362
10.65 0 -1.30858 5.00215 14.4717
10.66 0 -4.99088 4.81036 13.893
10.67 0 -7.73587 2.9213 12.4521
10.68 0 -7.41928 0.371239 11.7282
10.69 0 -4.62514 -1.45727 11.5909
10.7 0 -1.92914 -2.61515 10.1795
10.71 0 -1.12948 -2.66216 6.73378
10.72 0 -1.27148 -1.52291 2.17057
10.73 0 -1.45829 -0.138504 -2.87467
10.74 0 -0.971747 0.689447 -7.48857
10.75 0 0.62795 0.37609 -10.7787
10.76 0 3.12859 -0.756272 -12.474
10.77 0 5.37718 -2.28819 -13.1285
10.78 0 6.63217 -3.29071 -13.1031
10.79 0 6.39455 -3.25583 -12.6903
10.8 0 4.67247 -2.40485 -11.9637
10.81 0 1.87407 -1.56781 -10.919
10.82 0 -1.32766 -1.655 -9.46225
10.83 0 -3.70252 -2.52367 -6.93839
10.84 0 -3.55365 -2.54889 -2.21611
10.85 0 -1.78142 -1.47556 3.37799
10.86 0 -0.706534 -0.388761 7.7915
10.87 0 -1.9978 -0.246128 9.15515
10.88 0 -3.75315 0.0752074 9.32807
10.89 0 -4.11412 1.44634 9.92148
10.9 0 -4.16505 2.06918 9.83454
10.91 0 -4.16678 1.47839 8.75705
10.92 0 -3.56088 0.446507 7.25267
10.93 0 -1.97165 -0.0774074 5.90762
10.94 0 0.660783 0.754998 5.14653
10.95 0 3.32891 2.5269 4.34541
10.96 0 5.10749 4.43273 2.96956
10.97 0 5.41143 5.48079 0.608833
10.98 0 5.06263 5.65511 -1.83136
10.99 0 5.00196 5.28683 -3.36583
11 0 5.5608 4.64711 -3.56851
11.01 0 6.56713 4.1673 -2.46551
11.02 0 6.77273 3.48455 -1.17081
11.03 0 5.06466 2.08748 -0.834788
11.04 0 2.46282 0.92579 -0.686082
11.05 0 0.950593 1.40287 0.9129
11.06 0 -0.805675 1.46979 2.21994
11.07 0 -2.37498 0.968082 3.33407
11.08 0 -2.49277 0.954849 5.30839
11.09 0 -1.54961 1.3968 7.70237
11.1 0 -0.526586 1.97577 9.63898
11.11 0 -0.399749 2.11157 10.1409
11.12 0 -1.02545 2.03137 9.2945
11.13 0 -1.56386 2.13737 7.89089
11.14 0 -1.49867 2.38684 6.42515
11.15 0 -0.905036 2.34885 4.90117
11.16 0 -0.422458 1.50227 2.81533
11.17 0 -0.213163 -0.111197 0.245423
11.18 0 -0.174446 -2.03972 -2.66598
11.19 0 0.334399 -2.91757 -5.01402
11.2 0 2.77529 -0.819938 -4.90913
11.21 0 5.38907 2.74597 -3.52092
11.22 0 5.34744 4.40645 -3.57891
11.23 0 2.9718 3.83846 -4.64485
11.24 0 1.25462 2.19646 -4.71748
11.25 0 1.46664 0.447582 -3.04352
11.26 0 2.79724 -0.578709 -0.290341
11.27 0 2.52219 -1.33174 1.3766
11.28 0 -0.773429 -3.04118 0.369275
11.29 0 -4.41611 -4.06433 -1.13986
11.3 0 -5.63784 -3.0244 -0.79539
11.31 0 -5.03016 -1.47528 0.598198
11.32 0 -4.68771 -1.7547 0.898374
11.33 0 -3.42763 -2.17482 1.41208
11.34 0 -1.12958 -1.5941 2.56058
11.35 0 1.35948 0.0654083 3.72538
11.36 0 3.36906 2.60427 4.51722
11.37 0 3.7648 4.50944 3.95906
11.38 0 1.80739 3.97963 1.32012
11.39 0 -0.254234 2.31952 -1.35866
11.4 0 -1.04209 0.459159 -2.8105
11.41 0 -0.974035 -1.62178 -3.38381
11.42 0 0.127302 -2.7159 -2.7961
11.43 0 1.32382 -2.67021 -1.82597
11.44 0 0.634957 -2.92862 -2.35335
11.45 0 -1.12789 -3.13265 -3.6085
11.46 0 -1.75728 -1.91842 -3.62932
11.47 0 -1.18627 -0.0449839 -2.53324
11.48 0 -0.64609 0.836729 -1.62297
11.49 0 -0.988242 -0.141272 -1.75078
11.5 0 -1.78861 -2.22473 -2.46081
11.51 0 -2.7765 -4.60908 -3.44703
11.52 0 -4.15938 -6.96385 -4.93209
11.53 0 -5.87318 -9.02992 -6.88978
11.54 0 -6.36437 -9.43613 -7.77511
11.55 0 -3.94423 -6.56985 -5.90072
11.56 0 -1.18035 -2.98881 -3.7351
11.57 0 -0.862696 -1.7018 -3.98322
11.58 0 -1.91246 -2.12788 -5.60563
11.59 0 -2.48838 -2.87689 -6.84407
11.6 0 -1.58375 -2.94153 -6.65157
11.61 0 0.0425537 -2.65395 -5.55303
11.62 0 1.73725 -1.83338 -4.00804
11.63 0 2.15941 -1.2561 -3.21494
11.64 0 0.282368 -2.01693 -4.24458
11.65 0 -1.37661 -2.26005 -4.78061
11.66 0 -2.21831 -2.10693 -4.45333
11.67 0 -3.14935 -2.87199 -4.34195
11.68 0 -2.32149 -2.60948 -2.67143
11.69 0 -0.300786 -1.28753 0.0579602
11.7 0 1.34365 0.248005 2.4167
11.71 0 1.16488 0.853682 3.02239
11.72 0 -0.484316 0.527578 2.13347
11.73 0 -1.73632 0.401128 1.42822
11.74 0 -0.85204 1.67072 2.52597
11.75 0 1.08128 3.25324 4.38234
11.76 0 1.75387 3.25483 4.82112
11.77 0 -0.152774 0.709727 2.62449
11.78 0 -1.27376 -1.00213 1.08313
11.79 0 -0.00136096 -0.110221 1.80723
11.8 0 0.734036 0.626971 1.94311
11.81 0 0.182726 0.382298 0.777572
11.82 0 -0.407848 0.030208 -0.49336
11.83 0 -0.593166 -0.239331 -1.40578
11.84 0 -0.538307 -0.688072 -2.10158
11.85 0 -0.427923 -1.35201 -2.70589
11.86 0 -0.417841 -2.09878 -3.30252
11.87 0 -0.472075 -2.74797 -3.8942
11.88 0 -0.206832 -3.34834 -4.52261
11.89 0 -0.174477 -3.59034 -5.29786
11.9 0 -0.408295 -3.27604 -6.08242
11.91 0 -0.876787 -2.45274 -6.43678
11.92 0 -1.48601 -1.71355 -6.27638
11.93 0 -2.12753 -1.4999 -5.67203
11.94 0 -1.89869 -1.64196 -4.2705
11.95 0 -0.560088 -1.52985 -1.70809
11.96 0 1.13395 -0.789524 1.28851
11.97 0 2.42397 0.62105 4.061
11.98 0 2.81566 2.60797 5.88721
11.99 0 1.63071 3.94553 6.13377
12 0 -0.079406 4.4955 5.6146
12.01 0 -0.614796 4.91334 5.74021
12.02 0 -0.194294 4.55492 6.25372
12.03 0 0.471734 3.25783 6.47455
12.04 0 1.52971 2.26008 6.85454
12.05 0 2.4508 2.02521 7.06849
12.06 0 2.55553 2.30868 6.56063
12.07 0 2.44783 3.58884 5.89689
12.08 0 2.95754 5.83797 5.87055
12.09 0 3.80829 7.87366 6.1693
12.1 0 4.8447 8.99732 6.66425
12.11 0 6.00463 9.23117 7.39728
12.12 0 7.07158 8.93408 8.30477
12.13 0 6.62966 7.4732 8.08779
12.14 0 5.17262 5.81001 7.23803
12.15 0 3.17875 4.38604 6.10104
12.16 0 0.714669 2.79711 4.5202
12.17 0 -1.87826 0.736586 2.57546
12.18 0 -3.22324 -0.897311 1.4335
12.19 0 -0.993862 0.406656 3.40955
12.2 0 3.30229 3.91799 7.2202
12.21 0 4.53458 5.19563 7.97991
12.22 0 3.2561 4.80345 6.35608
12.23 0 1.40583 3.98255 4.171
12.24 0 0.519477 3.54689 2.87939
12.25 0 2.12886 4.72963 3.94913
12.26 0 3.38881 4.92717 4.67069
12.27 0 2.25552 2.67468 3.11956
12.28 0 0.120475 0.362238 1.26701
12.29 0 -1.12505 0.191694 1.14206
12.3 0 -0.944894 0.25731 1.62663
12.31 0 -0.280697 -0.838966 1.28164
12.32 0 -0.205637 -2.00853 0.213763
12.33 0 -0.600617 -2.37218 -1.25645
12.34 0 -0.99902 -2.03282 -2.43992
12.35 0 -0.792091 -1.06704 -2.89662
12.36 0 -0.651494 -0.586056 -3.37128
12.37 0 -1.32867 -1.61574 -4.59751
12.38 0 -1.95895 -3.28304 -5.64279
12.39 0 -1.03857 -3.46508 -4.9369
12.4 0 0.439415 -2.52816 -3.45425
12.41 0 0.856747 -1.79238 -2.72387
12.42 0 -0.0430629 -1.65474 -3.02973
12.43 0 -1.59996 -2.01113 -3.86783
12.44 0 -2.88518 -2.57906 -4.50123
12.45 0 -3.34271 -3.16153 -4.50955
12.46 0 -3.32174 -3.9747 -4.26856
12.47 0 -3.58394 -5.35743 -4.49514
12.48 0 -4.05784 -6.73584 -5.05811
12.49 0 -4.47995 -7.51818 -5.66852
12.5 0 -4.67773 -7.48636 -6.15956
12.51 0 -4.41742 -6.61707 -6.31788
12.52 0 -3.47571 -4.99496 -5.90802
12.53 0 -2.46237 -3.52376 -5.52419
12.54 0 -2.01242 -3.01146 -5.77643
12.55 0 -1.29641 -2.65444 -5.78284
12.56 0 -0.685108 -2.654 -5.83183
12.57 0 -0.304406 -2.85883 -5.95548
12.58 0 0.0487541 -2.82723 -5.78632
12.59 0 -0.528087 -3.34517 -6.20001
12.6 0 -1.73965 -4.22228 -6.95774
12.61 0 -3.01882 -5.15032 -7.61832
12.62 0 -4.11327 -6.11481 -8.0632
12.63 0 -4.73571 -6.90103 -8.107
12.64 0 -4.85636 -7.35613 -7.77223
12.65 0 -4.75811 -7.52822 -7.36426
12.66 0 -4.76415 -7.56811 -7.20775
12.67 0 -3.95129 -6.48816 -6.361
12.68 0 -2.17219 -4.15541 -4.62821
12.69 0 -0.124022 -1.34553 -2.62277
12.7 0 1.45951 1.08855 -0.986902
12.71 0 1.47932 1.93594 -0.776549
12.72 0 0.528458 1.29321 -1.50116
12.73 0 -0.233996 0.0768161 -2.12725
12.74 0 -0.579429 -1.0729 -2.22869
12.75 0 -0.41222 -1.78303 -1.84814
12.76 0 0.216507 -3.3975 -2.19404
12.77 0 -0.88151 -5.21965 -3.98442
12.78 0 -3.91327 -6.03338 -6.15014
12.79 0 -6.20186 -5.47581 -7.01228
12.8 0 -6.22144 -4.31927 -6.06997
12.81 0 -5.36983 -4.47676 -4.78225
12.82 0 -4.37466 -5.61459 -4.04519
12.83 0 -2.36394 -5.50377 -2.67162
12.84 0 -0.224651 -3.9564 -1.26227
12.85 0 1.37144 -1.58816 -0.329046
12.86 0 2.43727 1.46433 0.23767
12.87 0 3.06964 4.37801 0.585588
12.88 0 3.28416 6.25445 0.578063
12.89 0 3.66779 6.84324 0.762402
12.9 0 4.58392 6.51209 1.43669
12.91 0 5.57925 5.66327 2.42313
12.92 0 6.1393 4.87434 3.3251
12.93 0 5.9449 4.49506 3.93555
12.94 0 5.32123 4.90598 4.63375
12.95 0 5.12196 6.59016 6.14018
12.96 0 5.21526 8.7351 8.15054
12.97 0 5.20957 10.3199 10.1282
12.98 0 4.62287 10.4574 11.4492
12.99 0 3.54196 9.14545 12.1069
13 0 2.55055 6.76079 12.636
13.01 0 1.90834 5.33422 13.3551
13.02 0 1.74577 4.94366 14.4009
13.03 0 0.935319 4.61475 14.621
13.04 0 -0.429735 4.22263 14.0006
13.05 0 -1.34062 4.25746 13.386
13.06 0 -0.545261 5.66952 13.732
13.07 0 1.44788 7.67693 14.4319
13.08 0 3.6053 9.297 14.6554
13.09 0 5.04639 9.85114 13.7875
13.1 0 6.10912 9.93359 12.4354
13.11 0 7.82822 10.8204 11.9013
13.12 0 9.19021 11.7193 11.427
13.13 0 8.22261 10.6504 9.18567
13.14 0 6.15053 8.54567 6.37118
13.15 0 4.4606 6.55901 4.34267
13.16 0 4.09203 5.57331 3.9454
13.17 0 4.54103 5.36535 4.67167
13.18 0 4.84677 5.37917 5.59946
13.19 0 4.49673 5.3477 6.22331
13.2 0 2.7123 4.37046 5.66842
13.21 0 0.300155 2.79415 4.53614
13.22 0 -1.77372 1.08216 3.55607
13.23 0 -2.6429 -0.138288 3.4296
13.24 0 -2.16299 -0.519156 4.28778
13.25 0 -1.44078 -0.641418 5.11684
13.26 0 -1.25204 -0.903321 5.21321
13.27 0 -1.42252 -0.880435 4.82579
13.28 0 -1.75133 -0.556937 4.19327
13.29 0 -1.82486 -0.159199 3.3604
13.3 0 -2.79216 0.384392 2.16941
13.31 0 -4.28759 0.223476 0.503049
13.32 0 -3.16739 -1.47114 -1.07889
13.33 0 0.0634411 -2.22881 -3.22787
13.34 0 2.78609 -2.2708 -5.66003
13.35 0 3.21 -2.53486 -8.48938
13.36 0 2.31656 -3.48432 -11.0801
13.37 0 0.472744 -4.65771 -13.3412
13.38 0 -1.35735 -5.63818 -15.0626
13.39 0 -1.44165 -5.03455 -14.6411
13.4 0 0.503247 -2.95531 -11.8007
13.41 0 1.76696 -1.76469 -9.20708
13.42 0 0.939701 -2.47544 -8.29593
13.43 0 -1.06383 -4.27109 -8.12441
13.44 0 -3.56705 -6.46736 -8.23518
13.45 0 -5.5842 -8.12213 -7.87834
13.46 0 -6.18037 -8.29474 -6.33206
13.47 0 -6.69276 -8.27834 -5.0662
13.48 0 -8.54366 -9.57942 -5.64715
13.49 0 -10.1899 -10.9317 -6.69999
13.5 0 -10.3196 -11.2317 -7.02643
13.51 0 -9.71774 -11.2483 -7.3897
13.52 0 -9.10494 -11.556 -8.36889
13.53 0 -7.29983 -10.7596 -8.52172
13.54 0 -4.30941 -8.46192 -7.5823
13.55 0 -1.39488 -5.46863 -6.61889
13.56 0 0.598749 -2.58861 -6.32061
13.57 0 1.44104 -0.484254 -6.86531
13.58 0 2.19817 1.2504 -7.20283
13.59 0 3.20694 2.54526 -6.95121
13.6 0 3.49045 2.18234 -6.87963
13.61 0 2.69969 0.0463473 -7.18512
13.62 0 1.24006 -2.75332 -7.48557
13.63 0 -0.654971 -5.30849 -7.65693
13.64 0 -2.34117 -6.61937 -7.24947
13.65 0 -2.92455 -5.86574 -5.59799
13.66 0 -3.17428 -4.2471 -3.69836
13.67 0 -3.32269 -2.6115 -1.98061
13.68 0 -3.1252 -1.27295 -0.357557
13.69 0 -2.68909 -0.579025 0.994371
13.7 0 -2.43795 -0.832628 1.66836
13.71 0 -2.18508 -1.45345 1.95053
13.72 0 -2.10373 -2.17662 1.7877
13.73 0 -2.88692 -3.3945 0.533757
13.74 0 -4.00144 -4.60095 -1.31208
13.75 0 -4.81097 -5.41599 -3.18251
13.76 0 -4.77195 -5.52667 -4.54491
13.77 0 -4.22698 -5.29939 -5.73097
13.78 0 -3.3533 -5.26317 -6.92594
13.79 0 -2.08122 -5.10658 -7.88153
13.8 0 2.21792 -4.73535 -8.0372
13.81 0 3.90849 -2.31039 -8.31096
13.82 0 2.9154 0.331733 -9.179
13.83 0 1.06361 1.49408 -10.3458
13.84 0 -0.576543 1.1718 -10.5332
13.85 0 -0.773337 -0.807577 -8.76923
13.86 0 -0.156406 -3.87827 -5.40731
13.87 0 0.144728 -6.61337 -2.31841
13.88 0 -0.805323 -7.28564 -0.688267
13.89 0 -2.10387 -5.31035 0.0356741
13.9 0 -2.88991 -1.24522 1.03814
13.91 0 -2.70021 2.86014 2.50945
13.92 0 -1.55717 5.5526 4.07987
13.93 0 -0.155297 5.94857 5.14685
13.94 0 1.40082 4.65974 5.83991
13.95 0 3.48135 3.49818 6.92275
13.96 0 5.18846 3.19892 7.89936
13.97 0 5.85439 4.00304 8.36094
13.98 0 5.41647 5.70035 8.24539
13.99 0 4.09996 7.43373 7.56709
14 0 2.63141 8.44008 6.7163
14.01 0 1.84218 8.38924 6.24883
14.02 0 2.09856 7.38287 6.45493
14.03 0 3.94361 4.33564 8.00999
14.04 0 5.11345 4.29022 9.21091
14.05 0 5.56449 5.28356 10.1298
14.06 0 5.28888 7.13995 10.7116
14.07 0 4.4678 9.05661 10.9391
14.08 0 3.54518 9.76315 10.2515
14.09 0 2.48284 9.48786 9.88656
14.1 0 2.56232 8.69646 10.287
14.11 0 3.52332 7.68823 11.299
14.12 0 4.57178 6.72882 12.3455
14.13 0 4.9133 6.03824 12.8452
14.14 0 4.15225 5.65888 12.4285
14.15 0 2.84985 6.05505 11.3762
14.16 0 1.88399 7.04122 10.4099
14.17 0 1.48104 7.75819 9.5849
14.18 0 1.62049 7.54077 8.84563
14.19 0 2.41558 6.65007 8.3869
14.2 0 3.83843 5.85789 8.40343
14.21 0 5.04097 5.36105 8.31319
14.22 0 4.60138 4.40042 6.89326
14.23 0 2.52337 2.88147 4.16265
14.24 0 0.0840046 1.34042 1.25362
14.25 0 -1.56391 0.0857849 -0.875827
14.26 0 -1.95171 -0.846806 -1.87267
14.27 0 -1.76616 -1.98755 -2.41367
14.28 0 -1.15393 -2.89916 -2.53681
14.29 0 0.380864 -2.36731 -1.58378
14.3 0 1.87884 -0.820395 -0.356052
14.31 0 2.83014 1.3038 0.718398
14.32 0 3.43296 3.77062 1.8025
14.33 0 3.68469 5.86163 2.77861
14.34 0 3.50634 6.80901 3.42833
14.35 0 3.56374 6.95186 4.32564
14.36 0 4.63043 7.27025 6.26813
14.37 0 4.93167 6.58797 7.5838
14.38 0 3.48213 4.54236 7.35309
14.39 0 1.262 2.25857 6.4769
14.4 0 -1.26397 0.171469 5.26186
14.41 0 -3.36699 -1.55849 4.21201
14.42 0 -4.09612 -1.99618 4.26817
14.43 0 -3.4509 -1.335 5.11554
14.44 0 -3.83215 -0.480401 5.59328
14.45 0 -4.35775 -0.163612 5.91611
14.46 0 -2.59824 -0.351329 5.86029
14.47 0 -0.203013 -0.830652 5.08362
14.48 0 1.38299 0.0172094 2.1654
14.49 0 1.72139 1.66863 -2.35072
14.5 0 1.81109 2.38587 -6.01638
14.51 0 2.66975 2.00577 -7.6359
14.52 0 3.69884 0.983659 -7.97691
14.53 0 4.42218 -0.284499 -8.01064
14.54 0 4.52201 -1.13559 -7.80183
14.55 0 4.16926 -1.0869 -7.03202
14.56 0 3.40008 -0.193501 -5.93367
14.57 0 2.10708 0.768148 -4.8405
14.58 0 0.391768 1.04273 -3.9367
14.59 0 -1.11926 0.54046 -2.87175
14.6 0 -2.12617 -0.716289 -1.45458
14.61 0 -3.29315 -2.96951 -0.455097
14.62 0 -5.29336 -6.12826 -0.649672
14.63 0 -7.63847 -9.10288 -1.68502
14.64 0 -9.91615 -11.5069 -3.17967
14.65 0 -12.0885 -13.7082 -5.10525
14.66 0 -14.0525 -15.7222 -7.61456
14.67 0 -15.1939 -17.2824 -10.2095
14.68 0 -14.2917 -17.2656 -11.6885
14.69 0 -11.5935 -15.7185 -12.1235
14.7 0 -8.14395 -13.2606 -12.2699
14.71 0 -4.08924 -9.64275 -11.9321
14.72 0 0.0397708 -5.20971 -11.3083
14.73 0 3.88197 -0.437889 -10.4891
14.74 0 6.96275 2.8411 -9.04515
14.75 0 7.98775 0.633295 -6.06085
14.76 0 5.20487 1.84212 -9.17405
14.77 0 2.11111 2.45271 -11.9658
14.78 0 -0.223813 1.82053 -13.8089
14.79 0 -1.38235 -0.66258 -14.5949
14.8 0 -1.73967 -4.60449 -14.6024
14.81 0 -1.64599 -8.70868 -13.9347
14.82 0 -1.17148 -10.9974 -12.2931
14.83 0 -1.12548 -10.9655 -10.3051
14.84 0 -1.7619 -8.74304 -8.29447
14.85 0 -2.88609 -5.32097 -6.43498
14.86 0 -3.80991 -1.84379 -4.52609
14.87 0 -4.03631 0.535901 -2.49403
14.88 0 -4.17353 0.448205 -1.14965
14.89 0 -4.2548 -1.81808 -0.488359
14.9 0 -4.08567 -4.85393 -0.100489
14.91 0 -3.39152 -6.8451 0.591311
14.92 0 -1.36594 -5.65776 2.67552
14.93 0 0.422302 -2.33991 4.76944
14.94 0 0.504873 1.05441 5.35501
14.95 0 -0.932528 3.2199 4.32282
14.96 0 -1.6947 4.65313 3.52235
14.97 0 0.276602 6.50819 4.85722
14.98 0 4.166 8.3618 7.70664
14.99 0 8.28071 9.89156 10.8177
15 0 8.87458 8.73634 10.9328
15.01 0 2.98611 2.56153 5.11192
15.02 0 -3.63618 -3.49449 -1.2621
15.03 0 -6.35034 -5.84413 -4.00705
15.04 0 -7.54552 -7.45452 -5.736
15.05 0 -8.39567 -9.55319 -7.66944
15.06 0 -8.44665 -11.368 -9.33553
15.07 0 -6.65312 -11.0271 -9.49942
15.08 0 -3.85757 -9.00499 -8.82518
15.09 0 -1.12295 -6.07734 -8.14365
15.1 0 1.8849 -2.64181 -7.47454
15.11 0 5.47779 0.525777 -7.41778
15.12 0 4.18621 2.41073 -9.29482
15.13 0 1.77197 2.944 -10.7912
15.14 0 1.63608 2.3942 -9.32676
15.15 0 3.17652 1.61655 -4.56826
15.16 0 4.31451 0.527079 0.170601
15.17 0 2.42041 -0.994465 1.69527
15.18 0 -1.03414 -2.32799 0.890536
15.19 0 -4.37581 -3.09274 -0.0763414
15.2 0 -5.82844 -2.60136 -0.0895092
15.21 0 -4.56182 -0.852804 1.92811
15.22 0 -2.24311 0.57835 4.22396
15.23 0 -0.262093 1.07573 5.73794
15.24 0 1.44105 1.65344 6.86514
15.25 0 3.30115 3.38456 8.23807
15.26 0 4.74217 5.86902 9.41575
15.27 0 4.84017 7.78714 9.47786
15.28 0 2.88711 7.53065 7.53919
15.29 0 0.732626 5.96986 5.18956
15.3 0 -0.770373 3.45609 3.11398
15.31 0 -1.60752 0.248488 1.32401
15.32 0 -1.11594 -2.08547 0.645716
15.33 0 1.32695 -1.69709 1.99432
15.34 0 3.7251 0.418512 3.6775
15.35 0 5.05937 3.46773 4.83394
15.36 0 5.73422 7.15442 5.80884
15.37 0 6.20791 10.6877 6.86159
15.38 0 6.72019 13.1188 8.02737
15.39 0 7.16816 13.7318 9.09738
15.4 0 6.70389 11.8264 9.24298
15.41 0 5.18861 7.99324 8.41122
15.42 0 3.29115 3.87331 7.35335
15.43 0 0.881812 0.150278 5.96538
15.44 0 -2.4344 -3.26945 3.75296
15.45 0 -4.39138 -6.94547 -0.773304
15.46 0 -7.58849 -8.28411 -3.11575
15.47 0 -6.70195 -5.70826 -1.89645
15.48 0 -3.26061 -1.20696 1.3881
15.49 0 0.650325 3.06443 4.75138
15.5 0 4.05922 6.49967 7.5051
15.51 0 6.34314 8.82146 9.23961
15.52 0 8.22262 11.0118 10.8579
15.53 0 9.23682 12.6596 11.9871
15.54 0 8.01053 12.1875 11.2366
15.55 0 5.63398 10.2481 9.54572
15.56 0 3.29661 7.65023 7.91571
15.57 0 1.41862 4.75417 6.63148
15.58 0 0.875812 2.79262 6.5439
15.59 0 1.6938 2.45349 7.76705
15.6 0 2.49274 2.99349 9.05018
15.61 0 2.29101 3.6352 9.45748
15.62 0 1.28205 4.18642 9.08432
15.63 0 0.776668 5.21751 9.05981
15.64 0 1.19879 6.49814 9.66579
15.65 0 2.30429 7.5321 10.6349
15.66 0 3.83031 8.27978 11.8029
15.67 0 4.47991 7.94476 12.0268
15.68 0 2.98186 5.65575 10.1197
15.69 0 0.413414 2.56428 7.11591
15.7 0 -2.27961 -0.592798 3.82113
15.71 0 -4.05283 -2.99808 1.13501
15.72 0 -2.53189 -2.27554 1.41792
15.73 0 1.04462 0.754684 3.59344
15.74 0 4.43912 4.31365 5.68843
15.75 0 6.20539 7.08587 6.41069
15.76 0 6.23236 8.63796 5.50239
15.77 0 6.40356 9.91806 4.70745
15.78 0 7.17011 11.1822 4.39289
15.79 0 8.30748 11.4694 3.72611
15.8 0 8.75982 9.85515 2.37955
15.81 0 7.91997 6.02345 0.445868
15.82 0 2.94042 2.34274 -1.36658
15.83 0 -0.129636 -1.95403 -2.78028
15.84 0 -3.13583 -6.12956 -4.50951
15.85 0 -5.45251 -8.84505 -5.14239
15.86 0 -4.74193 -7.32265 -2.80035
15.87 0 -2.92743 -3.7879 0.484701
15.88 0 -3.28107 -1.96861 1.48844
15.89 0 -4.33263 -1.41394 1.5961
15.9 0 -4.78139 -1.40274 1.76286
15.91 0 -4.95818 -2.32198 1.63317
15.92 0 -4.89308 -3.88323 1.20165
15.93 0 -4.821 -5.5877 0.377767
15.94 0 -4.91178 -6.975 -0.873369
15.95 0 -5.02572 -7.53297 -2.31882
15.96 0 -4.24711 -6.38237 -3.00779
15.97 0 -2.72756 -3.98562 -3.06687
15.98 0 -1.09293 -1.40944 -3.10331
15.99 0 0.341552 0.58971 -3.39025
16 0 1.79472 1.95971 -3.63571
16.01 0 3.41291 2.89092 -3.56889
16.02 0 4.41572 2.91953 -3.80742
16.03 0 3.36724 0.948439 -5.67378
16.04 0 1.3871 -1.75091 -8.04828
16.05 0 -0.730291 -4.39847 -10.2196
16.06 0 -2.94322 -7.0401 -12.2635
16.07 0 -5.19196 -9.72509 -14.2507
16.08 0 -7.55721 -12.6323 -16.3953
16.09 0 -9.67837 -15.4538 -18.4596
16.1 0 -10.7171 -17.2924 -19.6821
16.11 0 -10.2931 -17.5536 -19.6752
16.12 0 -9.45305 -17.0124 -19.411
16.13 0 -8.88541 -16.2376 -19.508
16.14 0 -8.75969 -15.5503 -20.1213
16.15 0 -9.0113 -15.253 -21.2267
16.16 0 -8.86108 -14.9442 -22.0909
16.17 0 -6.75629 -13.1701 -21.1177
16.18 0 -2.03654 -8.89013 -17.4263
16.19 0 2.80391 -3.92537 -13.1618
16.2 0 5.7738 0.183551 -10.0219
16.21 0 6.78722 3.21849 -7.99735
16.22 0 7.06901 5.78962 -5.95043
16.23 0 6.94009 7.50609 -3.72518
16.24 0 6.07494 7.57014 -1.81145
16.25 0 5.19722 6.66048 0.394138
16.26 0 4.05696 4.91977 2.58084
16.27 0 0.973489 1.21379 2.99296
16.28 0 -3.46961 -3.53749 2.02911
16.29 0 -7.44849 -7.46906 1.23503
16.3 0 -9.06443 -8.74026 2.25522
16.31 0 -9.2066 -8.26237 4.05346
16.32 0 -9.02529 -7.25596 5.41121
16.33 0 -8.77279 -6.1689 6.0217
16.34 0 -8.66754 -5.52072 5.6178
16.35 0 -7.80698 -4.66836 5.0934
16.36 0 -5.66154 -3.10168 5.07173
16.37 0 -2.91938 -1.24805 5.07373
16.38 0 0.00959954 0.870559 4.96288
16.39 0 2.87739 3.32441 4.76782
16.4 0 4.85297 5.37109 3.87864
16.41 0 4.88153 5.69635 1.34298
16.42 0 4.19686 5.04104 -1.61792
16.43 0 3.75791 3.96873 -4.08012
16.44 0 3.50733 2.38518 -6.0755
16.45 0 3.31486 0.499773 -7.6429
16.46 0 2.80893 -1.52865 -9.03973
16.47 0 1.8774 -3.35755 -10.3036
16.48 0 0.433558 -4.89947 -11.5317
16.49 0 -1.36983 -6.16961 -12.6805
16.5 0 -3.50253 -7.58487 -13.9033
16.51 0 -5.61843 -9.27896 -15.0576
16.52 0 -6.9834 -10.8076 -15.5725
16.53 0 -6.38145 -10.862 -14.271
16.54 0 -4.7513 -9.84244 -11.942
16.55 0 -3.5265 -8.56934 -9.82972
16.56 0 -3.62714 -7.8278 -8.4576
16.57 0 -4.66014 -7.18978 -7.81467
16.58 0 -4.9747 -6.76105 -5.09103
16.59 0 -3.26879 -5.19524 -0.907684
16.6 0 -1.19424 -2.61721 2.52875
16.61 0 -1.13203 1.01925 4.33872
16.62 0 -0.655608 4.60067 5.45589
16.63 0 0.303864 6.66429 6.5575
16.64 0 1.79589 7.34776 7.3664
16.65 0 3.86388 7.18325 8.36721
16.66 0 6.00858 7.01332 9.46606
16.67 0 7.41704 7.14598 10.1816
16.68 0 7.29166 7.37015 9.91322
16.69 0 5.8943 7.64071 8.84351
16.7 0 4.13029 7.92499 7.66031
16.71 0 2.62748 7.77606 6.69671
16.72 0 1.78021 6.91897 6.15707
16.73 0 1.7801 5.56879 6.19767
16.74 0 2.43006 4.21635 6.74365
16.75 0 3.02596 3.13562 7.29839
16.76 0 3.08727 2.62491 7.54369
16.77 0 2.53319 2.81979 7.42676
16.78 0 1.5788 3.51291 7.04592
16.79 0 0.589899 4.2454 6.56226
16.8 0 -0.1152 4.51378 6.09307
16.81 0 -0.264685 4.14926 5.7999
16.82 0 0.143105 3.28041 5.70971
16.83 0 0.809897 2.2128 5.6652
16.84 0 1.35502 1.33546 5.47018
16.85 0 1.52194 0.957295 5.0096
16.86 0 1.34884 1.23349 4.36467
16.87 0 1.04779 2.02927 3.69047
16.88 0 0.839765 2.95293 3.09703
16.89 0 0.885576 3.58468 2.64576
16.9 0 1.03065 3.47277 2.14499
16.91 0 1.03167 2.45159 1.38722
16.92 0 1.34511 1.37966 0.927205
16.93 0 2.44536 1.32408 1.38892
16.94 0 3.3845 1.87407 1.97873
16.95 0 3.04716 2.07658 1.64434
16.96 0 1.85127 2.00835 0.723182
16.97 0 0.722024 1.95853 -0.0297846
16.98 0 0.0771807 1.78417 -0.353949
16.99 0 -0.16131 1.19355 -0.40238
17 0 -0.000221224 0.383134 -0.159007
17.01 0 0.710797 0.0175705 0.628417
17.02 0 1.5189 0.230544 1.63938
17.03 0 1.97151 0.934529 2.51188
17.04 0 2.06349 2.08769 3.24094
17.05 0 1.88175 3.36792 3.82594
17.06 0 1.40698 4.16891 4.11166
17.07 0 0.800228 4.14372 4.12686
17.08 0 0.512025 3.54653 4.24869
17.09 0 0.573892 2.62064 4.5253
17.1 0 0.709504 1.59805 4.76697
17.11 0 0.682279 0.78803 4.83505
17.12 0 0.545102 0.576351 4.83748
17.13 0 0.563367 1.23034 5.03274
17.14 0 0.60658 2.3226 5.23273
17.15 0 0.715005 3.43629 5.39552
17.16 0 1.00812 4.27801 5.57415
17.17 0 1.32726 4.49275 5.59208
17.18 0 1.70181 4.19568 5.51903
17.19 0 2.1695 3.74375 5.48093
17.2 0 2.75855 3.58204 5.61703
17.21 0 3.37053 3.95139 5.92798
17.22 0 3.4907 4.43834 5.9456
17.23 0 2.86909 4.57951 5.38244
17.24 0 2.07261 4.51421 4.70142
17.25 0 1.45872 4.19371 4.15089
17.26 0 1.12796 3.54225 3.77225
17.27 0 1.14229 2.75104 3.63924
17.28 0 1.48548 2.17329 3.80825
17.29 0 1.78387 1.86196 3.99872
17.3 0 1.80052 1.84814 4.03404
17.31 0 1.54497 2.12266 3.91826
17.32 0 1.13405 2.52054 3.70172
17.33 0 0.800549 2.8779 3.52433
17.34 0 0.823425 3.16358 3.59503
17.35 0 1.27905 3.3819 3.98126
17.36 0 1.80466 3.35054 4.37379
17.37 0 1.90249 2.87109 4.34983
17.38 0 1.59898 2.21509 3.98618
17.39 0 1.10802 1.68812 3.50195
17.4 0 0.448358 1.23395 2.87597
17.41 0 -0.262987 0.775902 2.15766
17.42 0 -0.614137 0.524582 1.6914
17.43 0 -0.00812495 1.00414 2.06395
17.44 0 0.987165 1.76136 2.75783
17.45 0 1.93146 2.55327 3.41441
17.46 0 2.73873 3.44409 4.03345
17.47 0 3.20643 4.26535 4.44353
17.48 0 3.32737 4.88272 4.63824
17.49 0 3.35166 5.35924 4.85191
17.5 0 3.3211 5.56484 5.0259
17.51 0 2.83806 5.00751 4.79197
17.52 0 2.10643 3.88054 4.25619
17.53 0 1.50609 2.73385 3.57017
17.54 0 1.16791 1.759 3.16495
17.55 0 1.04084 0.83171 2.7917
17.56 0 0.629283 0.868316 1.56969
17.57 0 0.340285 0.905254 -0.20316
17.58 0 -2.68792 0.913484 -2.41387
17.59 0 -2.49024 -1.15123 -3.90506
17.6 0 -1.67841 -3.51067 -4.58442
17.61 0 -0.871661 -6.03561 -4.79429
17.62 0 -0.738501 -7.24901 -4.88512
17.63 0 -1.3886 -6.7588 -5.32288
17.64 0 -2.68446 -5.43947 -5.99933
17.65 0 -3.93844 -3.8799 -6.3927
17.66 0 -4.05359 -2.26902 -5.9608
17.67 0 -3.06663 -1.26791 -4.82859
17.68 0 -1.34697 -0.960381 -3.26182
17.69 0 0.461085 -1.09603 -1.70079
17.7 0 1.3045 -1.64471 -0.924481
17.71 0 0.92202 -2.21138 -1.03515
17.72 0 -0.616045 -2.74384 -2.01644
17.73 0 -2.83882 -3.4241 -3.60182
17.74 0 -4.92004 -4.34407 -5.23707
17.75 0 -6.29307 -5.64019 -6.58479
17.76 0 -6.64812 -7.14864 -7.41735
17.77 0 -6.30507 -8.73214 -7.9709
17.78 0 -5.37598 -9.68755 -8.16618
17.79 0 -3.22616 -8.54554 -7.13475
17.8 0 -0.653494 -5.57646 -5.45382
17.81 0 1.43965 -1.72543 -3.90269
17.82 0 2.68743 1.98701 -2.85684
17.83 0 2.36494 3.81262 -3.17534
17.84 0 1.63187 3.96168 -3.8758
17.85 0 1.42597 2.99158 -4.11246
17.86 0 1.72953 1.29435 -3.83616
17.87 0 2.26409 -0.41325 -3.13517
17.88 0 2.64296 -1.41994 -2.18653
17.89 0 1.89037 -2.0415 -1.86467
17.9 0 0.50757 -1.86547 -1.75152
17.91 0 -0.735998 -0.846387 -1.30691
17.92 0 -1.82972 0.0589584 -0.796147
17.93 0 -2.79137 0.0429319 -0.470633
17.94 0 -3.38131 -0.952156 -0.21699
17.95 0 -3.27255 -2.28711 0.306627
17.96 0 -2.48728 -3.20256 1.21744
17.97 0 -1.73005 -3.5281 1.9955
17.98 0 -2.00494 -3.76132 1.74755
17.99 0 -2.9845 -3.70094 0.76354
18 0 -3.99647 -3.32027 -0.438994
18.01 0 -4.49432 -2.86385 -1.48737
18.02 0 -4.22651 -2.61465 -2.22418
18.03 0 -3.3595 -2.78349 -2.77883
18.04 0 -2.15243 -3.20246 -3.25283
18.05 0 -0.920717 -3.51816 -3.74162
18.06 0 -0.0164431 -3.49428 -4.39325
18.07 0 0.199172 -3.26047 -5.45184
18.08 0 -0.390454 -3.16478 -7.03847
18.09 0 -1.25481 -3.23827 -8.72241
18.1 0 -1.95516 -3.62656 -10.184
18.11 0 -2.28192 -4.42988 -11.2779
18.12 0 -2.0547 -5.35553 -11.7938
18.13 0 -1.44911 -6.10292 -11.7918
18.14 0 -0.695568 -6.29424 -11.3519
18.15 0 0.153111 -5.52005 -10.4027
18.16 0 0.64871 -4.12042 -9.34453
18.17 0 0.712674 -2.47866 -8.30797
18.18 0 0.669251 -0.841043 -7.09342
18.19 0 0.641826 0.354763 -5.71343
18.2 0 0.585827 0.755663 -4.30781
18.21 0 0.582604 0.498493 -2.8266
18.22 0 0.735654 0.066234 -1.13727
18.23 0 0.811387 -0.254185 0.581991
18.24 0 0.418364 -0.45434 1.96316
18.25 0 -0.989147 -1.02748 2.39173
18.26 0 -2.8293 -1.72425 2.27672
18.27 0 -4.30092 -2.25064 2.20269
18.28 0 -4.71704 -2.30444 2.69838
18.29 0 -4.39478 -2.259 3.39851
18.3 0 -3.9078 -2.44756 3.77836
18.31 0 -3.84279 -3.11132 3.33367
18.32 0 -4.09032 -3.89109 2.23638
18.33 0 -4.23931 -4.30684 0.92717
18.34 0 -4.02721 -4.17829 -0.314962
18.35 0 -3.51516 -3.72564 -1.52702
18.36 0 -2.6614 -3.05766 -2.61988
18.37 0 -1.39111 -2.16814 -3.43317
18.38 0 0.0293967 -1.27281 -4.10851
18.39 0 1.4286 -0.407706 -4.6717
18.4 0 2.62486 0.388466 -5.1634
18.41 0 3.37311 0.954257 -5.71874
18.42 0 3.64342 1.24298 -6.30801
18.43 0 3.63124 1.34897 -6.71878
18.44 0 3.45597 1.28535 -6.83884
18.45 0 3.15241 1.0292 -6.66137
18.46 0 2.67016 0.532986 -6.26376
18.47 0 1.86999 -0.261216 -5.81304
18.48 0 0.835144 -1.21127 -5.28634
18.49 0 -0.290715 -2.10815 -4.61416
18.5 0 -1.30987 -2.79594 -3.65077
18.51 0 -2.23051 -3.27413 -2.46864
18.52 0 -3.08043 -3.66488 -0.903163
18.53 0 -3.5603 -3.59968 0.885282
18.54 0 -3.89394 -3.84308 3.63377
18.55 0 -4.61717 -3.75002 5.96656
18.56 0 -5.90318 -3.00862 7.56221
18.57 0 -6.59712 -1.56621 8.34582
18.58 0 -6.09403 0.258007 8.85732
18.59 0 -4.38774 2.12039 9.09516
18.6 0 -0.424743 2.73806 8.92682
18.61 0 3.54541 2.37098 7.41305
18.62 0 3.95591 2.79741 4.91519
18.63 0 3.77747 3.8142 2.19081
18.64 0 3.26346 4.82262 -0.387634
18.65 0 3.0074 5.04809 -2.47021
18.66 0 3.17879 3.9506 -3.79828
18.67 0 3.90127 2.37524 -4.18502
18.68 0 5.54046 1.74267 -3.10076
18.69 0 7.25417 2.55377 -1.2694
18.7 0 8.00832 4.58274 0.355897
18.71 0 7.65113 6.9473 1.75013
18.72 0 5.96325 8.29451 2.37975
18.73 0 3.62921 7.99326 2.38044
18.74 0 1.70696 6.57207 2.55848
18.75 0 0.560901 4.13766 3.23311
18.76 0 -0.0963019 1.21769 4.09402
18.77 0 -0.439516 -1.19855 5.17133
18.78 0 -0.613389 -2.17939 6.44273
18.79 0 -1.23909 -1.92486 7.31295
18.8 0 -2.3873 -0.868351 7.5811
18.81 0 -3.48864 0.562568 7.55394
18.82 0 -4.00874 1.77517 7.4981
18.83 0 -3.71947 2.28324 7.48941
18.84 0 -2.95764 1.72926 7.21426
18.85 0 -1.87013 0.586553 6.7057
18.86 0 -0.733443 -0.474334 5.95154
18.87 0 0.107302 -0.962134 4.85735
18.88 0 0.586778 -0.576288 3.51122
18.89 0 0.844368 0.590711 2.08121
18.9 0 1.0129 2.00049 0.640141
18.91 0 1.34364 3.13501 -0.642656
18.92 0 2.03536 3.68839 -1.59669
18.93 0 3.12114 3.67609 -2.11124
18.94 0 4.53066 3.49462 -2.07545
18.95 0 5.95211 3.5635 -1.57169
18.96 0 6.89281 4.03172 -0.897399
18.97 0 7.12427 4.91726 -0.196548
18.98 0 6.55273 5.86862 0.378883
18.99 0 5.12481 6.18782 0.592791
19 0 3.57957 5.89224 0.943773
19.01 0 2.40908 5.03086 1.72556
19.02 0 1.55253 3.58294 2.77848
19.03 0 0.835414 1.84449 3.91803
19.04 0 0.227491 0.434576 5.14148
19.05 0 0.0268598 0.186317 6.7733
19.06 0 -0.174106 0.897317 8.38152
19.07 0 -0.625806 2.08474 9.61357
19.08 0 -1.21663 3.27156 10.4107
19.09 0 -1.72067 4.01006 10.8188
19.1 0 -1.66181 4.33493 11.1983
19.11 0 -1.01331 4.27089 11.5777
19.12 0 -0.182614 3.81765 11.6592
19.13 0 0.458432 3.19024 11.2344
19.14 0 0.859332 2.82991 10.3966
19.15 0 0.961346 2.84691 9.16567
19.16 0 0.864552 3.14867 7.63772
19.17 0 0.747868 3.49584 5.95656
19.18 0 0.837777 3.64707 4.27797
19.19 0 1.37296 3.63029 2.84568
19.2 0 2.56097 3.77343 1.88524
19.21 0 4.00624 4.00138 0.977075
19.22 0 5.23763 4.15719 0.209903
19.23 0 6.06842 5.03622 -1.26325
19.24 0 6.69561 5.90256 -2.74123
19.25 0 7.27128 6.07408 -3.78473
19.26 0 7.4811 5.38267 -4.31868
19.27 0 7.0448 4.23028 -4.21753
19.28 0 6.06287 2.57267 -3.39136
19.29 0 2.49814 1.58166 -2.31848
19.3 0 -1.34057 0.174996 -1.10446
19.31 0 -3.55153 -2.41076 -0.368694
19.32 0 -5.71948 -5.47807 -0.105154
19.33 0 -7.15638 -7.68137 0.227563
19.34 0 -7.62964 -8.09105 0.727199
19.35 0 -7.75154 -7.47223 0.787852
19.36 0 -7.7367 -6.56479 0.430377
19.37 0 -7.29602 -5.70149 -0.0134005
19.38 0 -6.25318 -5.22987 -0.316877
19.39 0 -4.81368 -4.75783 -0.772421
19.4 0 -3.27022 -4.20888 -1.22146
19.41 0 -1.76629 -3.54808 -1.71098
19.42 0 -0.703312 -2.75636 -2.58564
19.43 0 -0.264736 -2.10462 -3.90649
19.44 0 -0.075716 -1.51272 -5.34203
19.45 0 0.139675 -1.10167 -6.61308
19.46 0 0.366645 -1.13236 -7.74729
19.47 0 0.604707 -1.64038 -8.70579
19.48 0 0.787374 -2.47028 -9.47596
19.49 0 0.860484 -3.3241 -10.0191
19.5 0 0.851336 -3.84747 -10.2356
19.51 0 0.648042 -3.98067 -10.2072
19.52 0 -0.0715734 -4.11641 -10.294
19.53 0 -1.23497 -4.48352 -10.5329
19.54 0 -2.04052 -4.64376 -10.2592
19.55 0 -2.08719 -4.40261 -9.16857
19.56 0 -1.83738 -4.17313 -7.75
19.57 0 -1.58685 -4.02259 -6.28082
19.58 0 -1.45938 -3.81415 -4.86172
19.59 0 -1.50072 -3.43432 -3.54061
19.6 0 -1.61595 -2.79865 -2.26159
19.61 0 -1.71308 -1.97238 -1.00023
19.62 0 -2.00552 -1.41249 -0.060304
19.63 0 -3.0124 -1.90049 -0.0625354
19.64 0 -4.20407 -3.10839 -0.583336
19.65 0 -5.065 -4.54189 -1.17684
19.66 0 -5.42617 -5.82653 -1.67698
19.67 0 -5.00829 -6.31035 -1.74327
19.68 0 -4.37393 -6.18488 -1.84229
19.69 0 -3.73846 -5.49017 -2.10848
19.7 0 -3.01286 -4.23524 -2.41307
19.71 0 -2.21291 -2.74848 -2.76194
19.72 0 -1.40019 -1.4629 -3.21215
19.73 0 -0.802943 -0.883512 -3.97266
19.74 0 -0.247822 -0.909574 -4.8152
19.75 0 0.411533 -1.21835 -5.49587
19.76 0 1.03601 -1.60812 -6.02667
19.77 0 1.46201 -1.87555 -6.45053
19.78 0 1.53191 -1.95792 -6.84624
19.79 0 1.23328 -1.88676 -7.21659
19.8 0 0.676546 -1.79732 -7.51298
19.81 0 0.0832324 -1.80685 -7.60771
19.82 0 -0.314721 -1.91322 -7.32109
19.83 0 -0.395189 -2.06695 -6.58264
19.84 0 -0.369303 -2.31437 -5.61368
19.85 0 -0.48427 -2.57155 -4.48471
19.86 0 -0.773951 -2.8974 -3.1693
19.87 0 -1.42419 -2.99777 -2.10527
19.88 0 -2.45957 -3.16455 -0.873109
19.89 0 -3.55232 -3.60114 0.737216
19.9 0 -4.74396 -3.8901 2.51358
19.91 0 -5.60443 -3.69567 3.93189
19.92 0 -6.1169 -2.62122 4.65964
19.93 0 -5.42249 -1.63222 4.92222
19.94 0 -1.75813 -1.33793 4.89902
19.95 0 -0.114917 -0.16859 4.22519
19.96 0 0.624238 1.34261 3.26376
19.97 0 1.29937 3.02704 2.25697
19.98 0 2.02336 4.30276 1.35799
19.99 0 2.74957 4.41325 0.421944
20 0 3.419 3.62116 -0.484502
20.01 0 4.47335 3.17822 -0.745065
20.02 0 5.93274 3.6635 -0.0797525
20.03 0 6.94144 4.69111 0.811489
20.04 0 7.05557 5.89156 1.52865
20.05 0 6.44704 6.9425 2.07751
20.06 0 5.65609 7.75659 2.74117
20.07 0 5.1925 8.39565 3.89166
20.08 0 4.77769 8.17377 5.20134
20.09 0 4.44121 7.29833 6.60897
20.1 0 4.07516 6.16519 8.07237
20.11 0 3.52554 5.1762 9.46994
20.12 0 2.64284 4.5513 10.6268
20.13 0 1.51303 4.39017 11.5467
20.14 0 0.329356 4.56237 12.2592
20.15 0 -0.833322 4.62343 12.6428
20.16 0 -2.09608 3.96479 12.3954
20.17 0 -2.99672 2.79401 11.8568
20.18 0 -2.98877 1.77158 11.556
20.19 0 -2.49866 0.913292 11.1575
20.2 0 -2.02899 0.24773 10.2994
20.21 0 -1.70257 -0.000395006 8.97948
20.22 0 -1.51216 0.198464 7.26645
20.23 0 -1.29091 0.71477 5.33718
20.24 0 -0.805819 1.35615 3.41185
20.25 0 0.0156884 1.86207 1.60203
20.26 0 1.1363 2.09694 -0.0464897
20.27 0 2.58131 2.26384 -1.37552
20.28 0 4.22286 2.64687 -2.26615
20.29 0 5.59113 3.34264 -3.09077
20.3 0 6.48622 3.98196 -3.8684
20.31 0 6.66753 4.3643 -4.62177
20.32 0 6.34535 4.47315 -5.12322
20.33 0 5.74042 4.39208 -5.29674
20.34 0 4.97332 3.70588 -4.90979
20.35 0 4.02694 2.57278 -4.12909
20.36 0 2.89481 1.35387 -3.13712
20.37 0 1.72955 0.289107 -1.81334
20.38 0 0.513932 -0.450339 -0.293874
20.39 0 -0.833279 -0.944065 1.17932
20.4 0 -2.27604 -1.3065 2.45519
20.41 0 -3.62223 -1.64641 3.50896
20.42 0 -4.6351 -2.08114 4.35424
20.43 0 -5.22965 -2.56317 5.0436
20.44 0 -5.45151 -3.02537 5.50275
20.45 0 -5.33493 -3.39067 5.63764
20.46 0 -5.01093 -3.48597 5.32416
20.47 0 -4.42758 -3.09808 4.6616
20.48 0 -3.36916 -2.09103 3.93447
20.49 0 -1.87622 -0.814127 2.94406
20.5 0 -0.412896 1.06814 1.1218
20.51 0 1.47029 3.02692 -1.14645
20.52 0 3.8108 4.32612 -3.07685
20.53 0 6.20793 4.58238 -4.2569
20.54 0 7.87814 3.855 -4.93393
20.55 0 8.44678 3.12391 -5.32653
20.56 0 7.62372 2.8389 -5.35049
20.57 0 4.54534 3.12872 -5.18058
20.58 0 1.12087 2.95686 -4.4433
20.59 0 -0.226029 1.38916 -2.82688
20.6 0 -0.645937 -0.681576 -0.72687
20.61 0 -1.01568 -2.81192 1.49063
20.62 0 -1.80824 -4.18104 3.17041
20.63 0 -3.21843 -4.36653 3.9427
20.64 0 -4.99333 -3.57619 3.84865
20.65 0 -6.47614 -2.46276 3.23554
20.66 0 -7.04148 -1.73643 2.4829
20.67 0 -6.41088 -1.79453 1.86414
20.68 0 -4.78547 -2.63225 1.40435
20.69 0 -2.82345 -3.58191 0.847583
20.7 0 -1.09894 -4.29394 0.27806
20.71 0 -0.0583704 -4.18136 -0.729066
20.72 0 0.159587 -3.12748 -2.24564
20.73 0 -0.131852 -1.57574 -3.96461
20.74 0 -0.428169 -0.247097 -5.38747
20.75 0 -0.344422 0.515753 -6.42014
20.76 0 0.303198 0.466138 -6.95232
20.77 0 1.34869 -0.247236 -7.0287
20.78 0 2.38236 -1.20972 -6.83909
20.79 0 2.95554 -1.94231 -6.61225
20.8 0 2.7887 -2.16759 -6.50325
20.81 0 1.90115 -1.9069 -6.52421
20.82 0 0.602849 -1.42206 -6.53646
20.83 0 -0.597883 -1.00916 -6.26815
20.84 0 -1.30079 -0.922318 -5.51744
20.85 0 -1.51994 -1.35013 -4.40658
20.86 0 -1.48011 -2.20381 -3.15461
20.87 0 -1.44023 -3.12337 -1.94682
20.88 0 -1.62713 -3.76536 -0.91904
20.89 0 -2.16004 -3.959 -0.116269
20.9 0 -3.02929 -3.68496 0.325771
20.91 0 -3.99191 -3.19345 0.450787
20.92 0 -4.68548 -2.76826 0.429315
20.93 0 -4.87966 -2.66014 0.364435
20.94 0 -4.63072 -3.02446 0.176217
20.95 0 -4.0246 -3.65124 -0.140051
20.96 0 -3.26263 -4.19951 -0.636796
20.97 0 -2.58723 -4.4107 -1.39651
20.98 0 -2.12719 -4.17164 -2.42593
20.99 0 -1.82272 -3.52105 -3.60863
21 0 -1.56053 -2.72399 -4.82503
21.01 0 -1.1764 -2.07359 -5.92194
21.02 0 -0.592872 -1.73245 -6.78794
21.03 0 0.137869 -1.64153 -7.39625
21.04 0 0.941935 -1.75697 -7.71383
21.05 0 1.74482 -1.88408 -7.75406
21.06 0 2.18911 -1.88019 -7.64734
21.07 0 2.14872 -1.6746 -7.46576
21.08 0 1.64942 -1.31954 -7.1573
21.09 0 0.906145 -0.962825 -6.56362
21.1 0 0.629708 -0.961274 -5.41129
21.11 0 0.386859 -1.40864 -3.33926
21.12 0 -0.00713585 -1.95342 -0.747328
21.13 0 -0.971652 -1.92015 1.52485
21.14 0 -2.25748 -1.10963 2.96192
21.15 0 -3.53648 -0.133949 3.74821
21.16 0 -4.30615 0.645119 4.19267
21.17 0 -3.92778 0.708823 4.71442
21.18 0 -2.71173 0.272703 5.33253
21.19 0 -1.20859 -0.220937 5.8232
21.2 0 0.0784006 -0.27342 5.96268
21.21 0 0.95452 0.276546 5.69202
21.22 0 1.22439 1.32965 4.90416
21.23 0 0.905731 2.40849 3.57249
21.24 0 0.611924 3.25006 2.18203
21.25 0 1.03066 3.84455 1.34902
21.26 0 2.1331 4.04383 1.08662
21.27 0 3.51197 3.85408 1.13591
21.28 0 4.72093 3.57266 1.29445
21.29 0 5.42168 3.56012 1.39599
21.3 0 5.47077 3.93869 1.39175
21.31 0 4.99645 4.62121 1.38056
21.32 0 4.25129 5.30858 1.4798
21.33 0 3.44976 5.58915 1.73254
21.34 0 2.65894 5.11462 2.062
21.35 0 2.11879 4.09154 2.61321
21.36 0 1.78385 2.84566 3.35984
21.37 0 1.4174 1.65658 4.1226
21.38 0 0.818578 0.788837 4.72986
21.39 0 -0.0676394 0.360666 5.08921
21.4 0 -1.08789 0.335191 5.24731
21.41 0 -1.95243 0.558329 5.33785
21.42 0 -2.45896 0.772965 5.42539
21.43 0 -2.45929 0.850829 5.57603
21.44 0 -2.01452 0.755696 5.73437
21.45 0 -1.31168 0.590574 5.79656
21.46 0 -0.551086 0.555891 5.68506
21.47 0 0.0833739 0.785647 5.33123
21.48 0 0.514917 1.29473 4.72728
21.49 0 0.797341 1.98544 3.94748
21.5 0 1.07839 2.69461 3.12758
21.51 0 1.4869 3.24087 2.39003
21.52 0 2.07395 3.52509 1.81342
21.53 0 2.7805 3.56243 1.41194
21.54 0 3.46055 3.47176 1.13892
21.55 0 3.95313 3.37828 0.938583
21.56 0 4.14209 3.37985 0.776233
21.57 0 4.00863 3.49333 0.659883
21.58 0 3.6297 3.6481 0.630676
21.59 0 3.1326 3.72175 0.743307
21.6 0 2.63969 3.6078 1.03876
21.61 0 2.21535 3.26062 1.51731
21.62 0 1.85129 2.72969 2.13331
21.63 0 1.48509 2.13662 2.80933
21.64 0 1.04321 1.61218 3.45852
21.65 0 0.484313 1.2448 4.01118
21.66 0 -0.15334 1.03287 4.44038
21.67 0 -0.782037 0.926595 4.74924
21.68 0 -1.29184 0.858293 4.96082
21.69 0 -1.56994 0.766142 5.07416
21.7 0 -1.59217 0.627855 5.09761
21.71 0 -1.39459 0.468888 4.96057
21.72 0 -1.06332 0.366762 4.63608
21.73 0 -0.684866 0.391336 4.12831
21.74 0 -0.331294 0.572528 3.419
21.75 0 0.127584 0.961953 2.30582
21.76 0 0.543965 1.75139 0.690237
21.77 0 1.31939 2.45075 -1.21116
21.78 0 2.50389 2.38992 -2.72456
21.79 0 3.73525 1.80387 -3.73078
21.8 0 3.82261 1.18976 -4.27758
21.81 0 2.6773 0.709309 -4.47453
21.82 0 1.35155 0.0855313 -4.2352
21.83 0 1.11364 -0.831489 -3.7032
21.84 0 0.746234 -1.57081 -3.1135
21.85 0 0.0418828 -2.05541 -2.58216
21.86 0 -0.875482 -2.28089 -2.15609
21.87 0 -1.87366 -2.35625 -1.80655
21.88 0 -2.79823 -2.42767 -1.4647
21.89 0 -3.50742 -2.53671 -1.11649
21.9 0 -3.8335 -2.83964 -0.754431
21.91 0 -3.80309 -3.30128 -0.418515
21.92 0 -3.55173 -3.75785 -0.20274
21.93 0 -3.25088 -4.0204 -0.20594
21.94 0 -3.01926 -3.96627 -0.484698
21.95 0 -2.87189 -3.6049 -1.02237
21.96 0 -2.73298 -3.07438 -1.71801
21.97 0 -2.50211 -2.59924 -2.3611
21.98 0 -2.07069 -2.29299 -2.91965
21.99 0 -1.46239 -2.13202 -3.42092
22 0 -0.765571 -2.06692 -3.86742
22.01 0 -0.108813 -2.01059 -4.27737
22.02 0 0.391838 -1.8858 -4.66513
22.03 0 0.671101 -1.6492 -5.04287
22.04 0 0.750507 -1.34435 -5.38175
22.05 0 0.700059 -1.06146 -5.62693
22.06 0 0.605658 -0.901239 -5.72329
22.07 0 0.523985 -0.924531 -5.63995
22.08 0 0.457855 -1.12653 -5.38346
22.09 0 0.360985 -1.44275 -4.99413
22.1 0 0.16713 -1.78001 -4.53044
22.11 0 -0.171122 -2.05861 -4.04722
22.12 0 -0.653419 -2.24426 -3.57882
22.13 0 -1.2256 -2.35614 -3.13415
22.14 0 -1.79884 -2.44887 -2.70467
22.15 0 -2.28417 -2.58227 -2.27542
22.16 0 -2.62953 -2.78201 -1.84492
22.17 0 -2.82222 -3.02369 -1.44852
22.18 0 -2.89607 -3.24804 -1.12789
22.19 0 -2.90011 -3.38681 -0.92621
22.2 0 -2.87171 -3.39278 -0.871561
22.21 0 -2.81785 -3.25928 -0.966948
22.22 0 -2.71512 -3.01988 -1.19046
22.23 0 -2.52532 -2.73026 -1.50446
22.24 0 -2.21614 -2.45215 -1.86638
22.25 0 -1.78617 -2.21748 -2.2448
22.26 0 -1.27082 -2.02348 -2.62368
22.27 0 -0.731675 -1.84306 -2.99854
22.28 0 -0.23319 -1.64307 -3.36791
22.29 0 -0.0879711 -1.67069 -3.9884
22.3 0 0.218569 -1.39304 -4.31162
22.31 0 0.437341 -1.13307 -4.56677
22.32 0 0.566721 -0.923287 -4.70819
22.33 0 0.637121 -0.805338 -4.71245
22.34 0 0.663022 -0.822826 -4.53641
22.35 0 0.626778 -0.954469 -4.18525
22.36 0 0.463837 -1.04514 -3.74732
