0.01 0 0.0060599 0.00652148 0.00635141
0.02 0 0.00488952 0.00672952 0.00614831
0.03 0 0.00335935 0.0069004 0.00613041
0.04 0 0.00201521 0.00655699 0.0064208
0.05 0 0.00109402 0.00542419 0.00692264
0.06 0 0.000583117 0.00372486 0.00744211
0.07 0 0.000403545 0.00216699 0.00786528
0.08 0 0.000317238 0.0013457 0.00799692
0.09 0 -6.64576e-05 0.00122774 0.00746981
0.1 0 -0.000575708 0.00163915 0.00637978
0.11 0 -0.000775977 0.00223538 0.00504141
0.12 0 -0.000540456 0.00244975 0.00354945
0.13 0 3.88067e-05 0.00198568 0.00194329
0.14 0 0.000305396 0.000520235 -0.000174663
0.15 0 5.65614e-05 -0.00155771 -0.0027359
0.16 0 0.000238233 -0.00273356 -0.00457231
0.17 0 0.000560162 -0.00291873 -0.00577747
0.18 0 0.00113267 -0.00194812 -0.00607694
0.19 0 0.00131521 -0.000779739 -0.00603947
0.2 0 0.000488023 -0.000649356 -0.00637274
0.21 0 -0.000787852 -0.00162713 -0.00674487
0.22 0 -0.00343696 -0.00499477 -0.00840224
0.23 0 -0.00673184 -0.0100164 -0.0110099
0.24 0 -0.0102001 -0.01587 -0.0144973
0.25 0 -0.0110927 -0.0191173 -0.0163559
0.26 0 -0.00657009 -0.0157585 -0.0134963
0.27 0 -0.00390034 -0.0120992 -0.0125745
0.28 0 -0.00536267 -0.0109987 -0.015601
0.29 0 -0.00634245 -0.00979121 -0.0181813
0.3 0 -0.0044415 -0.00762092 -0.0180346
0.31 0 -0.00138079 -0.00613843 -0.0165274
0.32 0 -0.000170564 -0.00707082 -0.0160983
0.33 0 -0.000370376 -0.00859537 -0.0159306
0.34 0 4.61971e-05 -0.00784452 -0.0138913
0.35 0 0.00204926 -0.00360945 -0.00900237
0.36 0 0.00462537 0.00277941 -0.00228945
0.37 0 0.00106452 0.00335245 -0.000844331
0.38 0 -0.00482491 -0.000212774 -0.00188429
0.39 0 -0.00601936 -0.00216797 0.000596716
0.4 0 -0.00143129 -0.000217107 0.00755833
0.41 0 0.00321714 0.0028146 0.0139606
0.42 0 0.00401632 0.00505206 0.016497
0.43 0 0.00211722 0.00715988 0.0162262
0.44 0 0.000565475 0.00976933 0.0155948
0.45 0 0.000386551 0.0114354 0.0150874
0.46 0 0.000880583 0.0104352 0.0138743
0.47 0 -0.00656526 -0.00165878 0.00324774
0.48 0 -0.0167605 -0.0191971 -0.0121613
0.49 0 -0.0226489 -0.0340085 -0.025846
0.5 0 -0.0243823 -0.0440938 -0.0378226
0.51 0 -0.026007 -0.0515196 -0.0514788
0.52 0 -0.0211155 -0.0490619 -0.059432
0.53 0 -0.00767235 -0.0344476 -0.057953
0.54 0 0.000194471 -0.0223964 -0.059144
0.55 0 0.0151944 -0.00157829 -0.0484593
0.56 0 0.0269584 0.0167626 -0.0345118
0.57 0 0.0282753 0.0246007 -0.0236252
0.58 0 0.0232117 0.0247151 -0.0124231
0.59 0 0.0204078 0.0253889 0.0061222
0.6 0 0.022677 0.0313342 0.0333462
0.61 0 0.0223574 0.0377719 0.0602896
0.62 0 0.0170078 0.0431935 0.0825755
0.63 0 0.00525768 0.0436408 0.0957854
0.64 0 -0.00565029 0.0415691 0.103521
0.65 0 -0.00831289 0.0409149 0.110389
0.66 0 -0.00998417 0.0343657 0.108041
0.67 0 -0.0248428 0.0091 0.0818874
0.68 0 -0.0395008 -0.0207866 0.0447288
0.69 0 -0.030061 -0.0289941 0.021452
0.7 0 -0.00188045 -0.014706 0.0111534
0.71 0 0.029589 0.0131347 0.00519
0.72 0 0.0579542 0.0499524 0.00379332
0.73 0 0.0833141 0.0919501 0.0121115
0.74 0 0.0961299 0.122422 0.023561
0.75 0 0.0991739 0.13743 0.0415851
0.76 0 0.085368 0.126768 0.0575459
0.77 0 0.0462524 0.0821884 0.0585725
0.78 0 -0.00799892 0.0155232 0.0472887
0.79 0 -0.0411641 -0.0327894 0.0517295
0.8 0 -0.0568427 -0.0588115 0.0626158
0.81 0 -0.0744124 -0.0766337 0.0569934
0.82 0 -0.0925949 -0.0879358 0.0327898
0.83 0 -0.101138 -0.0921281 -0.00244688
0.84 0 -0.0873563 -0.0852303 -0.0356884
0.85 0 -0.0566759 -0.073789 -0.067256
0.86 0 -0.0199507 -0.0618851 -0.0989348
0.87 0 0.0224898 -0.0393521 -0.120114
0.88 0 0.0595518 -0.00846311 -0.13129
0.89 0 0.0976051 0.0405597 -0.117544
0.9 0 0.12893 0.0977023 -0.0808559
0.91 0 0.132862 0.134759 -0.0403736
0.92 0 0.103115 0.133897 -0.00676592
0.93 0 0.0643188 0.109991 0.0354416
0.94 0 0.0347439 0.0810305 0.0944024
0.95 0 0.00980027 0.0524223 0.156889
0.96 0 -0.0342476 0.0113581 0.190593
0.97 0 -0.0840786 -0.0269992 0.198424
0.98 0 -0.116471 -0.0468386 0.193204
0.99 0 -0.128114 -0.0548676 0.171462
1 0 -0.13282 -0.0724658 0.117625
1.01 0 -0.134009 -0.106197 0.0309367
1.02 0 -0.119442 -0.140687 -0.0693827
1.03 0 -0.0777392 -0.153624 -0.159843
1.04 0 -0.0300298 -0.151154 -0.245466
1.05 0 -0.00817519 -0.15612 -0.342775
1.06 0 0.0033094 -0.155651 -0.425536
1.07 0 0.0414633 -0.119575 -0.448653
1.08 0 0.0910264 -0.0643545 -0.418995
1.09 0 0.13274 -0.004451 -0.348392
1.1 0 0.153821 0.0522793 -0.246595
1.11 0 0.131974 0.0820522 -0.140482
1.12 0 0.0544592 0.0599963 -0.0574179
1.13 0 -0.0522559 -0.00644172 0.00560062
1.14 0 -0.15236 -0.0954965 0.0581019
1.15 0 -0.226666 -0.187261 0.0970361
1.16 0 -0.275578 -0.267982 0.107243
1.17 0 -0.28277 -0.303017 0.0985497
1.18 0 -0.239602 -0.270079 0.081911
1.19 0 -0.166809 -0.187258 0.0468643
1.2 0 -0.0861469 -0.0871638 -0.0131434
1.21 0 -0.00370129 0.00542078 -0.086544
1.22 0 0.08489 0.0811358 -0.14917
1.23 0 0.182928 0.146165 -0.175349
1.24 0 0.271421 0.201803 -0.161018
1.25 0 0.331111 0.254715 -0.106759
1.26 0 0.342946 0.301199 -0.0232213
1.27 0 0.296924 0.325421 0.0737329
1.28 0 0.20866 0.318185 0.179908
1.29 0 0.0920424 0.263154 0.280034
1.3 0 -0.0335861 0.159511 0.361149
1.31 0 -0.121584 0.0548648 0.44151
1.32 0 -0.174148 -0.0313992 0.4997
1.33 0 -0.219444 -0.102192 0.496441
1.34 0 -0.248806 -0.13923 0.433938
1.35 0 -0.234728 -0.124685 0.338718
1.36 0 -0.161954 -0.0605856 0.234748
1.37 0 -0.0391866 0.0341141 0.134399
1.38 0 0.098061 0.127144 0.0333771
1.39 0 0.21744 0.198915 -0.0658447
1.4 0 0.30557 0.250375 -0.145257
1.41 0 0.344366 0.272457 -0.200418
1.42 0 0.318047 0.248348 -0.237659
1.43 0 0.242619 0.184042 -0.245858
1.44 0 0.153922 0.105311 -0.204742
1.45 0 0.0692572 0.0284538 -0.117491
1.46 0 -0.0182339 -0.0458955 -0.0132109
1.47 0 -0.0974185 -0.0987858 0.0960711
1.48 0 -0.159288 -0.120104 0.196832
1.49 0 -0.204476 -0.11888 0.268568
1.5 0 -0.23065 -0.108554 0.298334
1.51 0 -0.234876 -0.102394 0.280571
1.52 0 -0.20423 -0.0950501 0.228972
1.53 0 -0.14454 -0.0859663 0.148993
1.54 0 -0.0643519 -0.0662048 0.0522467
1.55 0 0.0288136 -0.0231142 -0.0433493
1.56 0 0.112873 0.0345518 -0.133774
1.57 0 0.157274 0.0752204 -0.22837
1.58 0 0.154389 0.0757662 -0.322696
1.59 0 0.158915 0.0742736 -0.357282
1.6 0 0.195659 0.0963867 -0.303339
1.61 0 0.208254 0.104757 -0.213349
1.62 0 0.155021 0.074721 -0.132798
1.63 0 0.0663845 0.0356733 -0.0475889
1.64 0 -0.0184195 0.0109686 0.0567299
1.65 0 -0.0880242 -0.00643295 0.165511
1.66 0 -0.150716 -0.0375332 0.247556
1.67 0 -0.234328 -0.117382 0.25544
1.68 0 -0.326552 -0.238419 0.18453
1.69 0 -0.373369 -0.345299 0.0782917
1.7 0 -0.362674 -0.413107 -0.04967
1.71 0 -0.316259 -0.444125 -0.207099
1.72 0 -0.236302 -0.425046 -0.373274
1.73 0 -0.117627 -0.344028 -0.514053
1.74 0 0.0158241 -0.225928 -0.620825
1.75 0 0.134824 -0.106213 -0.691143
1.76 0 0.218117 -0.0144072 -0.720507
1.77 0 0.259613 0.0379922 -0.698594
1.78 0 0.245385 0.0373714 -0.634414
1.79 0 0.166164 -0.0221432 -0.545831
1.8 0 0.0456406 -0.114463 -0.431177
1.81 0 -0.0701309 -0.191808 -0.275143
1.82 0 -0.151043 -0.220617 -0.0798346
1.83 0 -0.186122 -0.185961 0.137655
1.84 0 -0.193061 -0.107019 0.337637
1.85 0 -0.19489 -0.0200767 0.480046
1.86 0 -0.203437 0.0383165 0.539772
1.87 0 -0.175248 0.0881528 0.553617
1.88 0 -0.0660526 0.171679 0.573103
1.89 0 0.0883026 0.278926 0.586395
1.9 0 0.234962 0.393085 0.574007
1.91 0 0.360162 0.522822 0.554459
1.92 0 0.460312 0.663216 0.549428
1.93 0 0.506651 0.764068 0.5456
1.94 0 0.474791 0.769741 0.521771
1.95 0 0.364885 0.65321 0.468448
1.96 0 0.199211 0.426914 0.388179
1.97 0 0.0330939 0.161117 0.312409
1.98 0 -0.076405 -0.0494896 0.277834
1.99 0 -0.128391 -0.159849 0.272836
2 0 -0.142404 -0.164585 0.271359
2.01 0 -0.13811 -0.095368 0.249307
2.02 0 -0.124612 -0.00607396 0.194036
2.03 0 -0.0891381 0.06381 0.118727
2.04 0 -0.0350057 0.0819064 0.0289352
2.05 0 0.0253474 0.0457057 -0.0694225
2.06 0 0.0832401 -0.01139 -0.160754
2.07 0 0.116475 -0.0615797 -0.243812
2.08 0 0.124382 -0.0748663 -0.303599
2.09 0 0.109765 -0.0510744 -0.332752
2.1 0 0.0734543 -0.0206084 -0.336314
2.11 0 0.046478 0.00828048 -0.294962
2.12 0 0.0436738 0.028296 -0.204568
2.13 0 0.0570781 0.0385026 -0.0790528
2.14 0 0.0635044 0.0429849 0.0552921
2.15 0 0.0494414 0.0543065 0.179763
2.16 0 0.0204579 0.0849814 0.289362
2.17 0 -0.0122945 0.130139 0.380038
2.18 0 -0.042808 0.166406 0.44147
2.19 0 -0.0645621 0.173503 0.46694
2.2 0 -0.0916932 0.125431 0.434726
2.21 0 -0.12348 0.0288631 0.343718
2.22 0 -0.147184 -0.0840689 0.210191
2.23 0 -0.150708 -0.176751 0.0550214
2.24 0 -0.152341 -0.24927 -0.127816
2.25 0 -0.171828 -0.320028 -0.346197
2.26 0 -0.188979 -0.383635 -0.570125
2.27 0 -0.161488 -0.412784 -0.745649
2.28 0 -0.0911701 -0.407606 -0.856454
2.29 0 0.00432944 -0.365297 -0.896311
2.3 0 0.0815937 -0.303682 -0.885407
2.31 0 0.102158 -0.250017 -0.848554
2.32 0 0.0430802 -0.242129 -0.811497
2.33 0 -0.0891636 -0.309722 -0.788228
2.34 0 -0.255144 -0.450858 -0.771876
2.35 0 -0.432804 -0.660724 -0.776251
2.36 0 -0.57436 -0.878738 -0.784738
2.37 0 -0.629803 -1.01601 -0.766734
2.38 0 -0.60188 -1.0286 -0.729505
2.39 0 -0.511583 -0.909532 -0.686723
2.4 0 -0.391623 -0.700298 -0.657568
2.41 0 -0.263875 -0.465148 -0.648145
2.42 0 -0.124051 -0.250993 -0.635988
2.43 0 0.0327734 -0.0804909 -0.592606
2.44 0 0.168062 0.0201707 -0.528151
2.45 0 0.224148 0.0325325 -0.475466
2.46 0 0.246548 0.0434008 -0.375833
2.47 0 0.296556 0.144162 -0.165194
2.48 0 0.330485 0.301087 0.107349
2.49 0 0.297916 0.441804 0.373543
2.5 0 0.226468 0.544246 0.629343
2.51 0 0.111609 0.550336 0.830576
2.52 0 -0.02392 0.450318 0.959761
2.53 0 -0.111354 0.318455 1.05379
2.54 0 -0.126746 0.222457 1.1211
2.55 0 -0.0457311 0.247528 1.18923
2.56 0 0.0231558 0.325053 1.16404
2.57 0 0.0206916 0.37981 0.997655
2.58 0 0.0562341 0.459379 0.80594
2.59 0 0.206373 0.59051 0.684484
2.6 0 0.417162 0.730792 0.626561
2.61 0 0.623445 0.835354 0.600157
2.62 0 0.723617 0.864502 0.551577
2.63 0 0.684722 0.811626 0.468344
2.64 0 0.577635 0.74047 0.420376
2.65 0 0.482114 0.696918 0.465708
2.66 0 0.4174 0.680361 0.60166
2.67 0 0.331176 0.649511 0.764516
2.68 0 0.268479 0.63189 0.96
2.69 0 0.225353 0.635007 1.16124
2.7 0 0.138398 0.597193 1.27867
2.71 0 -0.0247189 0.473701 1.25333
2.72 0 -0.213405 0.276825 1.10052
2.73 0 -0.360492 0.0445892 0.861049
2.74 0 -0.388411 -0.144844 0.603777
2.75 0 -0.303182 -0.252166 0.344057
2.76 0 -0.169568 -0.282107 0.0591286
2.77 0 -0.0244727 -0.230426 -0.236357
2.78 0 0.147903 -0.0805154 -0.477219
2.79 0 0.378842 0.17596 -0.58331
2.8 0 0.590537 0.434994 -0.586334
2.81 0 0.673082 0.565641 -0.562292
2.82 0 0.557427 0.476097 -0.574242
2.83 0 0.27546 0.176343 -0.617543
2.84 0 -0.0326222 -0.197768 -0.603049
2.85 0 -0.318965 -0.570308 -0.539958
2.86 0 -0.578924 -0.891995 -0.478311
2.87 0 -0.751084 -1.06846 -0.404952
2.88 0 -0.816105 -1.07652 -0.336799
2.89 0 -0.832108 -1.0064 -0.354666
2.9 0 -0.840306 -0.956379 -0.50807
2.91 0 -0.811303 -0.957351 -0.763946
2.92 0 -0.689699 -0.975817 -1.04258
2.93 0 -0.467508 -0.965664 -1.28676
2.94 0 -0.194608 -0.887506 -1.47303
2.95 0 0.0760725 -0.707845 -1.57779
2.96 0 0.271387 -0.462332 -1.61211
2.97 0 0.329938 -0.247786 -1.60618
2.98 0 0.308884 -0.0914828 -1.50399
2.99 0 0.23337 -0.0471254 -1.30372
3 0 0.109254 -0.136219 -1.03324
3.01 0 -0.0599601 -0.324239 -0.729278
3.02 0 -0.290725 -0.567212 -0.456074
3.03 0 -0.547511 -0.784201 -0.236009
3.04 0 -0.753137 -0.893306 -0.054276
3.05 0 -0.850623 -0.869684 0.0921436
3.06 0 -0.821398 -0.740819 0.18956
3.07 0 -0.686036 -0.562869 0.213984
3.08 0 -0.450099 -0.349455 0.186515
3.09 0 -0.125675 -0.087571 0.149007
3.1 0 0.21893 0.200429 0.105262
3.11 0 0.526042 0.497047 0.0722188
3.12 0 0.749913 0.76898 0.0659666
3.13 0 0.873862 0.980658 0.109225
3.14 0 0.906798 1.10668 0.225629
3.15 0 0.837186 1.10764 0.395535
3.16 0 0.651854 0.959955 0.576036
3.17 0 0.376085 0.694228 0.74278
3.18 0 0.0761678 0.391516 0.899042
3.19 0 -0.182135 0.13541 1.04519
3.2 0 -0.395884 -0.0609661 1.12555
3.21 0 -0.539874 -0.180477 1.11895
3.22 0 -0.565479 -0.196643 1.04707
3.23 0 -0.445963 -0.100828 0.93816
3.24 0 -0.190281 0.10591 0.822307
3.25 0 0.140851 0.394404 0.709945
3.26 0 0.510238 0.724865 0.622046
3.27 0 0.837479 1.04056 0.55826
3.28 0 1.08349 1.30588 0.542021
3.29 0 1.21069 1.48114 0.581834
3.3 0 1.14414 1.47015 0.61473
3.31 0 0.901791 1.26442 0.638266
3.32 0 0.639383 1.0014 0.759491
3.33 0 0.433684 0.814859 1.02972
3.34 0 0.276988 0.694566 1.3615
3.35 0 0.0847474 0.587956 1.62099
3.36 0 -0.132368 0.482859 1.75532
3.37 0 -0.332682 0.375712 1.75412
3.38 0 -0.47023 0.244436 1.61492
3.39 0 -0.519292 0.0855804 1.34812
3.4 0 -0.464527 -0.0749249 0.980742
3.41 0 -0.333596 -0.205091 0.532864
3.42 0 -0.162626 -0.275689 0.0332358
3.43 0 0.0194509 -0.26785 -0.471542
3.44 0 0.212859 -0.174718 -0.910588
3.45 0 0.412057 -0.0199962 -1.22362
3.46 0 0.578804 0.130986 -1.39481
3.47 0 0.669725 0.219897 -1.42799
3.48 0 0.633838 0.193314 -1.35929
3.49 0 0.441773 0.0263673 -1.23353
3.5 0 0.156103 -0.231178 -1.04688
3.51 0 -0.156054 -0.530884 -0.820385
3.52 0 -0.488989 -0.801073 -0.587377
3.53 0 -0.800559 -1.01812 -0.392773
3.54 0 -1.06986 -1.18645 -0.28559
3.55 0 -1.24593 -1.30919 -0.280794
3.56 0 -1.29742 -1.38395 -0.377671
3.57 0 -1.22772 -1.42218 -0.582369
3.58 0 -1.08352 -1.44349 -0.907886
3.59 0 -0.876683 -1.42362 -1.31081
3.6 0 -0.616348 -1.3328 -1.72585
3.61 0 -0.330042 -1.17416 -2.10006
3.62 0 -0.052335 -0.970885 -2.38704
3.63 0 0.172686 -0.771377 -2.56196
3.64 0 0.302377 -0.62916 -2.61727
3.65 0 0.323422 -0.570014 -2.54307
3.66 0 0.228438 -0.613016 -2.35649
3.67 0 0.0218756 -0.754956 -2.08977
3.68 0 -0.272181 -0.954349 -1.76889
3.69 0 -0.597802 -1.1638 -1.41992
3.7 0 -0.914766 -1.35793 -1.09099
3.71 0 -1.14325 -1.47916 -0.787936
3.72 0 -1.2429 -1.49828 -0.533407
3.73 0 -1.2184 -1.42263 -0.367264
3.74 0 -1.06219 -1.23771 -0.283453
3.75 0 -0.760868 -0.919465 -0.238575
3.76 0 -0.227049 -0.354334 -0.0784273
3.77 0 0.508603 0.473716 0.269183
3.78 0 1.12195 1.33857 0.642935
3.79 0 1.50496 2.02646 0.973533
3.8 0 1.69315 2.47404 1.32432
3.81 0 1.74249 2.66907 1.74801
3.82 0 1.67124 2.6471 2.24644
3.83 0 1.46954 2.46261 2.76393
3.84 0 1.13484 2.19682 3.23472
3.85 0 0.697223 1.90817 3.59369
3.86 0 0.127117 1.51893 3.69241
3.87 0 -0.467007 1.03001 3.51738
3.88 0 -0.787973 0.637148 3.26767
3.89 0 -0.723336 0.446838 3.021
3.9 0 -0.368396 0.468601 2.72571
3.91 0 0.165127 0.730106 2.37242
3.92 0 0.792422 1.25156 2.02216
3.93 0 1.35088 1.8722 1.65067
3.94 0 1.77343 2.43367 1.30772
3.95 0 2.05104 2.801 1.06814
3.96 0 2.16154 2.87508 0.965119
3.97 0 2.09198 2.65844 1.01097
3.98 0 1.80087 2.21137 1.16066
3.99 0 1.11173 1.53913 1.24347
4 0 -0.0340716 0.424235 0.96368
4.01 0 -1.3398 -0.936984 0.421286
4.02 0 -2.34776 -2.23304 -0.164941
4.03 0 -2.76544 -3.12717 -0.624971
4.04 0 -2.5628 -3.43437 -0.956868
4.05 0 -2.07826 -3.26787 -1.40239
4.06 0 -1.38508 -2.59554 -1.89
4.07 0 -0.489529 -1.47515 -2.25565
4.08 0 0.465508 -0.225227 -2.47547
4.09 0 1.33363 0.857141 -2.51357
4.1 0 1.83013 1.39881 -2.50852
4.11 0 1.84845 1.29017 -2.4889
4.12 0 1.49952 0.716615 -2.34853
4.13 0 0.766155 -0.183665 -2.15862
4.14 0 -0.230694 -1.20063 -1.94632
4.15 0 -1.29419 -2.13054 -1.71477
4.16 0 -2.26801 -2.90586 -1.53659
4.17 0 -2.81094 -3.295 -1.27079
4.18 0 -2.64033 -3.04564 -0.736678
4.19 0 -1.96175 -2.29338 -0.127495
4.2 0 -1.17625 -1.36008 0.243032
4.21 0 -0.467753 -0.421477 0.315693
4.22 0 0.14879 0.417201 0.193573
4.23 0 0.744671 1.11574 0.062609
4.24 0 1.28526 1.59357 0.00306899
4.25 0 1.6176 1.75103 -0.0303542
4.26 0 1.56842 1.51674 -0.142602
4.27 0 0.899805 0.7118 -0.580775
4.28 0 -0.141643 -0.454853 -1.20156
4.29 0 -0.922249 -1.41264 -1.51868
4.3 0 -1.33404 -2.03828 -1.54315
4.31 0 -1.44848 -2.3063 -1.40852
4.32 0 -1.39218 -2.2475 -1.26038
4.33 0 -1.22379 -1.90424 -1.15382
4.34 0 -1.04132 -1.49557 -1.20105
4.35 0 -0.897129 -1.19834 -1.4265
4.36 0 -0.67877 -0.996001 -1.67266
4.37 0 -0.319511 -0.828609 -1.80849
4.38 0 0.0816 -0.685242 -1.84014
4.39 0 0.391356 -0.538851 -1.80259
4.4 0 0.545861 -0.346448 -1.69239
4.41 0 0.565013 -0.0891634 -1.47001
4.42 0 0.483494 0.192045 -1.11088
4.43 0 0.38435 0.44372 -0.589736
4.44 0 0.37169 0.648381 0.108616
4.45 0 0.408981 0.795951 0.903219
4.46 0 0.332161 0.807802 1.58647
4.47 0 0.0839557 0.700867 2.04816
4.48 0 -0.243034 0.559794 2.30136
4.49 0 -0.537565 0.414969 2.36799
4.5 0 -0.716857 0.292637 2.27803
4.51 0 -0.812492 0.128894 1.99929
4.52 0 -0.807733 0.0512867 1.65659
4.53 0 -0.69405 0.197228 1.38081
4.54 0 -0.366043 0.444279 1.18857
4.55 0 0.100756 0.661672 1.01658
4.56 0 0.549761 0.76994 0.778717
4.57 0 0.874149 0.7773 0.448347
4.58 0 1.08058 0.777337 0.101223
4.59 0 1.18604 0.815497 -0.197302
4.6 0 1.20778 0.878078 -0.402961
4.61 0 1.20448 0.961816 -0.448388
4.62 0 1.21857 1.05859 -0.294086
4.63 0 1.2634 1.17219 0.0639422
4.64 0 1.29326 1.304 0.5745
4.65 0 1.21939 1.48751 1.18239
4.66 0 1.0586 1.693 1.83967
4.67 0 0.804068 1.84097 2.45864
4.68 0 0.505794 1.86523 2.98845
4.69 0 0.287434 1.81191 3.47154
4.7 0 0.156217 1.68816 3.84749
4.71 0 0.010373 1.45601 3.97798
4.72 0 -0.0484114 1.28856 3.94465
4.73 0 0.10494 1.36838 3.87971
4.74 0 0.401898 1.65238 3.74866
4.75 0 0.803652 2.10495 3.55783
4.76 0 1.27578 2.6182 3.34183
4.77 0 1.78125 3.07303 3.10184
4.78 0 2.20809 3.3272 2.86293
4.79 0 2.54045 3.41337 2.70434
4.8 0 2.76596 3.41572 2.66724
4.81 0 2.82954 3.34958 2.6959
4.82 0 2.70164 3.32578 2.82947
4.83 0 2.16998 3.36329 3.0284
4.84 0 1.37377 3.21804 3.22894
4.85 0 0.618558 2.83326 3.51917
4.86 0 0.505399 2.15648 3.93933
4.87 0 0.903772 1.40051 4.28375
4.88 0 1.42312 0.974132 4.26063
4.89 0 1.47998 1.1157 3.77543
4.9 0 1.16437 1.72131 3.01282
4.91 0 0.849184 2.48614 2.27018
4.92 0 0.85155 2.92483 1.74428
4.93 0 1.11078 2.78263 1.37515
4.94 0 1.37825 2.02497 1.02232
4.95 0 0.888411 0.364474 0.00974892
4.96 0 -1.30071 -2.69723 -2.54276
4.97 0 -3.75638 -5.56417 -5.2332
4.98 0 -5.13543 -7.10842 -6.78378
4.99 0 -5.80635 -8.03418 -7.81035
5 0 -6.0439 -8.81651 -8.53274
5.01 0 -5.87979 -9.2673 -9.00196
5.02 0 -5.54967 -9.32547 -9.45605
5.03 0 -5.32504 -9.17045 -10.1108
5.04 0 -4.94308 -8.87658 -10.8594
5.05 0 -4.24327 -8.35415 -11.5072
5.06 0 -3.3038 -7.64895 -12.0032
5.07 0 -2.18349 -6.66326 -12.2207
5.08 0 -0.813692 -5.17169 -11.8583
5.09 0 0.472785 -3.45833 -10.9853
5.1 0 1.61931 -1.76415 -9.4555
5.11 0 2.31926 -0.421214 -7.54666
5.12 0 2.18798 0.131926 -5.70449
5.13 0 1.48777 0.135002 -3.82983
5.14 0 0.344524 -0.316344 -2.03731
5.15 0 -1.14717 -1.13401 -0.536621
5.16 0 -3.12556 -2.52284 0.209207
5.17 0 -5.23287 -4.2495 0.246174
5.18 0 -6.55583 -5.47369 0.272438
5.19 0 -7.00113 -6.08583 0.373189
5.2 0 -6.88568 -6.31689 0.308741
5.21 0 -6.29974 -6.09801 0.0283906
5.22 0 -5.34431 -5.34927 -0.522917
5.23 0 -4.01846 -4.15223 -1.28953
5.24 0 -2.31457 -2.70166 -2.12846
5.25 0 -0.461575 -1.13492 -2.93521
5.26 0 3.64445 0.0765229 -3.47588
5.27 0 6.32647 1.94406 -3.94288
5.28 0 6.54033 4.56536 -4.21987
5.29 0 6.32784 6.72448 -3.65356
5.3 0 6.27283 7.62324 -2.03591
5.31 0 6.2448 7.37076 0.352217
5.32 0 6.08118 6.35978 3.33577
5.33 0 5.58808 5.10808 6.36469
5.34 0 4.36423 4.36339 8.70635
5.35 0 2.33498 4.59704 10.0816
5.36 0 0.0917881 5.27817 10.6807
5.37 0 -1.62817 5.67096 11.0108
5.38 0 -2.16667 5.25913 11.5219
5.39 0 -1.61837 4.17518 12.1372
5.4 0 -0.793187 3.03791 12.5988
5.41 0 0.113223 2.29641 12.6794
5.42 0 0.678791 2.42778 11.886
5.43 0 0.937641 3.47456 10.3397
5.44 0 1.22047 5.01559 8.40936
5.45 0 1.74529 6.24567 6.38032
5.46 0 2.7159 6.66003 4.57716
5.47 0 3.92893 6.05732 3.02385
5.48 0 5.04567 4.77209 1.6722
5.49 0 5.82175 3.67786 0.686525
5.5 0 5.62894 3.15328 -0.135175
5.51 0 4.56785 3.14477 -0.773196
5.52 0 3.17444 3.32235 -1.05929
5.53 0 1.95624 3.17176 -0.887552
5.54 0 1.20311 2.41879 -0.261912
5.55 0 0.889599 1.19816 0.709954
5.56 0 0.745563 -0.0158019 1.76718
5.57 0 0.379452 -0.743494 2.62168
5.58 0 -0.299758 -0.807915 3.09168
5.59 0 -1.1692 -0.428109 3.17275
5.6 0 -1.93892 0.10961 2.9998
5.61 0 -2.46618 0.600664 2.81881
5.62 0 -2.85825 0.805932 2.70561
5.63 0 -2.69296 0.374815 2.61031
5.64 0 -1.76399 -0.625174 2.33006
5.65 0 -0.647805 -1.70005 1.6998
5.66 0 0.0233527 -2.43229 0.492926
5.67 0 -0.012301 -2.40985 -1.41111
5.68 0 -0.135201 -1.79535 -3.60651
5.69 0 -0.391878 -1.16987 -5.64761
5.7 0 -0.500255 -0.979673 -7.06785
5.71 0 -0.15307 -1.41729 -7.76618
5.72 0 0.481041 -2.32073 -7.77744
5.73 0 0.962372 -3.26233 -7.46939
5.74 0 0.949443 -3.84769 -7.06504
5.75 0 0.337451 -3.90605 -6.66178
5.76 0 -0.812445 -3.64929 -6.33234
5.77 0 -2.16423 -3.41766 -5.9794
5.78 0 -3.25542 -3.38123 -5.3461
5.79 0 -3.83586 -3.68659 -4.36752
5.8 0 -3.96443 -4.26325 -3.22359
5.81 0 -3.85183 -4.8384 -2.16666
5.82 0 -3.73898 -5.10651 -1.44023
5.83 0 -3.60422 -4.89594 -1.13838
5.84 0 -3.41402 -4.26436 -1.2806
5.85 0 -3.12315 -3.44629 -1.80335
5.86 0 -2.65532 -2.71561 -2.56361
5.87 0 -1.9023 -2.16558 -3.30872
5.88 0 -0.886574 -1.74001 -3.83531
5.89 0 0.139982 -1.40406 -4.1443
5.9 0 0.908506 -1.11829 -4.30309
5.91 0 1.31516 -0.844335 -4.32549
5.92 0 1.33158 -0.605469 -4.21165
5.93 0 1.01272 -0.475218 -3.94211
5.94 0 0.573788 -0.439454 -3.39774
5.95 0 0.130264 -0.502959 -2.52807
5.96 0 -0.34331 -0.689009 -1.46536
5.97 0 -0.858239 -0.893269 -0.385232
5.98 0 -1.39028 -1.09615 0.571595
5.99 0 -1.89855 -1.25575 1.31664
6 0 -2.21358 -1.24431 1.90521
6.01 0 -2.22672 -0.995359 2.3713
6.02 0 -1.47399 -0.741168 2.62655
6.03 0 -0.466386 -0.373637 2.55105
6.04 0 0.590971 0.206549 2.13335
6.05 0 1.14573 1.21995 1.50475
6.06 0 1.44714 2.40362 0.915606
6.07 0 1.36588 3.42407 0.5875
6.08 0 1.76209 3.77802 0.780975
6.09 0 2.55145 3.62073 1.46665
6.1 0 3.37424 3.18443 2.35451
6.11 0 3.81411 2.87514 3.20046
6.12 0 3.65201 2.94335 3.81744
6.13 0 2.90562 3.34802 4.154
6.14 0 1.81506 3.85254 4.33692
6.15 0 0.727318 4.05199 4.50166
6.16 0 -0.00930065 3.62601 4.72178
6.17 0 -0.242164 2.65807 5.02284
6.18 0 -0.0285369 1.59168 5.36145
6.19 0 0.344885 0.914514 5.56777
6.2 0 0.581511 0.90519 5.45638
6.21 0 0.600533 1.54412 4.99689
6.22 0 0.556481 2.5135 4.31594
6.23 0 0.688489 3.36721 3.6083
6.24 0 1.12355 3.744 3.01267
6.25 0 1.86952 3.64134 2.65278
6.26 0 2.67537 3.25896 2.47868
6.27 0 3.1502 2.82808 2.30706
6.28 0 3.11639 2.54622 2.01872
6.29 0 2.59192 2.40413 1.6395
6.3 0 1.78548 2.21988 1.23545
6.31 0 0.928928 1.80263 0.851541
6.32 0 0.186874 1.01031 0.511461
6.33 0 -0.590614 -0.0183434 0.196536
6.34 0 -1.40034 -1.05022 -0.0704293
6.35 0 -2.05008 -1.97354 -0.317194
6.36 0 -2.46575 -2.72982 -0.632122
6.37 0 -2.64371 -3.29166 -1.11689
6.38 0 -2.59189 -3.65263 -1.8325
6.39 0 -2.4586 -3.79317 -2.79196
6.4 0 -2.29585 -3.73653 -3.91513
6.41 0 -2.02891 -3.57004 -5.03496
6.42 0 -1.62357 -3.3832 -5.98982
6.43 0 -1.08717 -3.26265 -6.64871
6.44 0 -0.484907 -3.18239 -7.01299
6.45 0 -0.00996301 -3.09203 -7.12212
6.46 0 0.12274 -3.00926 -7.08915
6.47 0 -0.143997 -2.97799 -6.94545
6.48 0 -0.683291 -3.03597 -6.64604
6.49 0 -1.2915 -3.21084 -6.13563
6.5 0 -1.83766 -3.49072 -5.41557
6.51 0 -2.26217 -3.82466 -4.55686
6.52 0 -2.5528 -4.11177 -3.68758
6.53 0 -2.71144 -4.19902 -2.9224
6.54 0 -2.69937 -3.95661 -2.28065
6.55 0 -2.3479 -3.3394 -1.71864
6.56 0 -1.86063 -2.45116 -1.30856
6.57 0 -1.14849 -1.33835 -0.914734
6.58 0 -0.296146 -0.0489609 -0.410182
6.59 0 0.527516 1.16233 0.166967
6.6 0 1.17771 2.11182 0.795618
6.61 0 1.54289 2.84323 1.57379
6.62 0 1.9392 3.20336 2.51173
6.63 0 2.29182 3.3056 3.45307
6.64 0 2.52013 3.40111 4.35948
6.65 0 2.51726 3.59363 5.14308
6.66 0 2.32046 3.92566 5.78576
6.67 0 2.03391 4.32768 6.30713
6.68 0 1.75576 4.63463 6.71274
6.69 0 1.60013 4.75071 7.04062
6.7 0 1.58599 4.6562 7.2854
6.71 0 1.61992 4.39479 7.37824
6.72 0 1.58602 4.02612 7.21466
6.73 0 1.43884 3.65145 6.77073
6.74 0 1.25317 3.36674 6.12621
6.75 0 1.10808 3.16755 5.3597
6.76 0 1.03202 2.95322 4.50528
6.77 0 1.05655 2.66753 3.62392
6.78 0 1.22493 2.36069 2.81778
6.79 0 1.61691 2.09684 2.17447
6.8 0 1.98778 1.96665 1.57465
6.81 0 2.16021 1.89346 0.985251
6.82 0 2.13655 1.86361 0.445435
6.83 0 1.86392 1.83637 0.0235081
6.84 0 1.26502 1.78498 -0.200433
6.85 0 0.652005 1.55366 -0.12678
6.86 0 0.150904 1.0483 0.20619
6.87 0 0.0463112 0.239355 0.681863
6.88 0 0.11172 -0.508038 1.12557
6.89 0 0.515064 -0.935133 1.33598
6.9 0 0.391103 -0.891032 1.08787
6.91 0 -0.266924 -0.577661 0.372175
6.92 0 -1.10197 -0.268879 -0.520529
6.93 0 -1.61587 -0.230772 -1.25727
6.94 0 -1.62133 -0.609322 -1.69639
6.95 0 -1.23556 -1.42631 -1.92824
6.96 0 -0.789216 -2.33345 -2.13253
6.97 0 -0.609676 -3.02285 -2.51586
6.98 0 -0.876323 -3.34327 -3.17818
6.99 0 -1.39612 -3.24884 -3.93698
7 0 -1.82861 -2.85037 -4.52257
7.01 0 -2.02747 -2.48043 -4.83201
7.02 0 -1.93321 -2.41281 -4.88941
7.03 0 -1.53598 -2.59069 -4.66594
7.04 0 -0.993671 -2.82226 -4.24984
7.05 0 -0.616142 -2.97944 -3.87688
7.06 0 -0.637162 -3.01549 -3.73114
7.07 0 -1.02585 -2.90226 -3.79588
7.08 0 -1.61575 -2.74111 -3.96499
7.09 0 -2.24322 -2.76904 -4.16764
7.1 0 -2.70327 -3.07667 -4.28758
7.11 0 -2.77893 -3.6162 -4.2404
7.12 0 -2.56463 -4.26759 -4.15108
7.13 0 -2.31304 -4.77742 -4.17636
7.14 0 -2.22375 -4.94628 -4.41902
7.15 0 -2.27601 -4.66201 -4.81003
7.16 0 -2.36889 -4.07835 -5.24973
7.17 0 -2.40939 -3.53633 -5.65896
7.18 0 -2.32326 -3.28053 -5.947
7.19 0 -2.10951 -3.34877 -6.03087
7.2 0 -1.8189 -3.60429 -5.89419
7.21 0 -1.62051 -3.901 -5.64545
7.22 0 -1.63764 -4.0861 -5.38078
7.23 0 -1.87435 -4.08001 -5.12753
7.24 0 -2.16037 -3.89704 -4.85263
7.25 0 -2.40421 -3.61323 -4.52199
7.26 0 -2.53139 -3.38505 -4.08925
7.27 0 -2.65702 -3.07791 -3.60888
7.28 0 -2.02869 -3.02686 -3.01868
7.29 0 -0.329119 -3.13929 -2.44745
7.3 0 0.47949 -2.54674 -2.16998
7.31 0 -0.431106 -1.06503 -2.18064
7.32 0 -1.31918 0.140036 -1.99602
7.33 0 -1.52159 0.71129 -1.42625
7.34 0 -0.947879 0.719033 -0.469018
7.35 0 0.0130571 0.432083 0.715375
7.36 0 0.983663 0.140676 1.83627
7.37 0 1.61254 0.279428 2.59706
7.38 0 1.83054 1.00123 2.87862
7.39 0 1.68389 2.10651 2.90137
7.4 0 1.39161 3.22434 2.79814
7.41 0 1.34049 4.08905 2.86367
7.42 0 1.73216 4.48873 3.22934
7.43 0 2.41335 4.42213 3.78854
7.44 0 3.35987 4.3117 4.57651
7.45 0 4.18209 4.42094 5.39191
7.46 0 4.51588 4.78322 5.99517
7.47 0 4.33415 5.46448 6.32388
7.48 0 3.82627 6.19328 6.52824
7.49 0 3.26069 6.70452 6.74336
7.5 0 2.85979 6.78053 7.06165
7.51 0 2.71474 6.39826 7.52013
7.52 0 2.7625 5.71392 8.07662
7.53 0 2.8375 5.00252 8.62397
7.54 0 2.67266 4.59245 9.07579
7.55 0 2.23272 4.56453 9.39871
7.56 0 1.59471 4.78725 9.56675
7.57 0 0.981574 5.02654 9.57344
7.58 0 0.654004 5.15863 9.39209
7.59 0 0.744345 5.04603 9.09668
7.6 0 1.18315 4.71995 8.66695
7.61 0 1.76515 4.31968 8.04433
7.62 0 2.15988 3.90745 7.06808
7.63 0 2.09725 3.39894 5.60086
7.64 0 1.77039 2.89938 3.8974
7.65 0 1.50835 2.48162 2.31016
7.66 0 1.54704 2.17013 1.10401
7.67 0 1.8329 1.88982 0.294126
7.68 0 2.1811 1.61277 -0.224351
7.69 0 2.40751 1.37312 -0.560691
7.7 0 2.40716 1.22623 -0.782331
7.71 0 2.18046 1.19733 -0.896739
7.72 0 1.77718 1.22025 -0.904744
7.73 0 1.29754 1.18079 -0.792554
7.74 0 0.838574 1.00657 -0.563332
7.75 0 0.456969 0.701271 -0.201514
7.76 0 0.171057 0.347012 0.271589
7.77 0 -0.0612677 0.0532818 0.794361
7.78 0 -0.236703 -0.143944 1.34428
7.79 0 -0.404859 -0.224805 1.84366
7.8 0 -0.678487 -0.149751 2.19678
7.81 0 -0.996511 0.0498557 2.42614
7.82 0 -1.23043 0.211074 2.53528
7.83 0 -1.25639 0.222512 2.49477
7.84 0 -1.45775 0.194794 2.30435
7.85 0 -1.99804 -0.0898716 2.10922
7.86 0 -2.30175 -0.555849 1.86332
7.87 0 -1.64995 -1.06064 1.04015
7.88 0 -0.58194 -1.56164 0.074957
7.89 0 0.597264 -1.57703 -1.39331
7.9 0 1.32359 -1.12595 -2.97286
7.91 0 1.4988 -0.246743 -4.45986
7.92 0 1.45996 0.365772 -5.41315
7.93 0 1.49826 0.47366 -5.83696
7.94 0 1.6726 0.100063 -5.73865
7.95 0 1.79653 -0.531054 -5.26177
7.96 0 1.63038 -1.15484 -4.54726
7.97 0 1.0938 -1.58634 -3.78979
7.98 0 0.108665 -1.79661 -3.14987
7.99 0 -1.33536 -2.13633 -2.80976
8 0 -2.89616 -2.73184 -2.63675
8.01 0 -4.13732 -3.51062 -2.4063
8.02 0 -4.92295 -4.44656 -2.13143
8.03 0 -5.38152 -5.47868 -2.01682
8.04 0 -5.54821 -6.28068 -2.11542
8.05 0 -5.47999 -6.6368 -2.46416
8.06 0 -5.2524 -6.55473 -3.06046
8.07 0 -4.9034 -6.34876 -3.74091
8.08 0 -4.25507 -6.11748 -4.53734
8.09 0 -3.42252 -5.73888 -5.47527
8.1 0 -2.50388 -5.17914 -6.50962
8.11 0 -1.63057 -4.45603 -7.53475
8.12 0 -0.801265 -3.62346 -8.41708
8.13 0 -0.0543095 -2.81026 -9.09852
8.14 0 0.554188 -2.21554 -9.54362
8.15 0 0.922873 -1.91172 -9.74989
8.16 0 1.07247 -2.09143 -9.48308
8.17 0 1.05038 -2.47077 -8.69303
8.18 0 0.853731 -2.75785 -7.41059
8.19 0 0.348026 -2.80526 -5.8666
8.2 0 -0.335367 -2.4748 -4.1179
8.21 0 -1.17304 -1.95449 -2.38378
8.22 0 -1.97755 -1.43859 -0.725946
8.23 0 -2.59518 -1.1096 0.769469
8.24 0 -2.92637 -1.03968 2.05178
8.25 0 -2.94175 -1.13157 3.09158
8.26 0 -2.69389 -1.20136 3.8596
8.27 0 -2.38973 -1.18162 4.21341
8.28 0 -2.16691 -0.970912 4.11747
8.29 0 -2.00209 -0.633947 3.61384
8.3 0 -1.77349 -0.251223 2.80928
8.31 0 -1.34833 0.133821 1.8447
8.32 0 -0.656977 0.420497 0.88145
8.33 0 0.335825 0.62622 0.055036
8.34 0 1.54314 0.864007 -0.556795
8.35 0 2.66442 1.26355 -0.984253
8.36 0 3.52065 1.87601 -1.23299
8.37 0 4.12496 2.55892 -1.35175
8.38 0 4.683 3.16144 -1.36332
8.39 0 4.72926 3.62194 -1.20796
8.4 0 4.17595 3.8827 -0.862137
8.41 0 3.06636 3.79452 -0.130286
8.42 0 1.7133 3.15204 0.826143
8.43 0 0.460067 2.09653 1.97783
8.44 0 -0.429073 0.727857 3.50853
8.45 0 -1.12792 -0.354211 4.91735
8.46 0 -1.74956 -0.86913 5.94204
8.47 0 -2.3208 -0.726933 6.38124
8.48 0 -2.73512 -0.100187 6.27183
8.49 0 -2.68824 0.665246 5.74821
8.5 0 -2.17081 1.30501 4.98105
8.51 0 -1.45521 1.7389 4.08475
8.52 0 -0.23605 1.799 3.18881
8.53 0 1.20518 1.65689 2.27644
8.54 0 2.49938 1.58719 1.28116
8.55 0 3.35885 1.74797 0.172503
8.56 0 3.67467 2.1199 -0.961804
8.57 0 3.56895 2.53778 -1.92143
8.58 0 3.28303 2.79177 -2.45953
8.59 0 3.03114 2.74324 -2.40236
8.6 0 2.74689 2.44789 -1.72744
8.61 0 2.29735 1.92432 -0.643927
8.62 0 1.56964 1.29331 0.594759
8.63 0 0.58539 0.695582 1.78455
8.64 0 -0.547014 0.201774 2.77702
8.65 0 -1.59486 -0.180075 3.49641
8.66 0 -2.35069 -0.446766 3.94864
8.67 0 -2.60407 -0.544187 4.23573
8.68 0 -2.21752 -0.320214 4.4619
8.69 0 -1.39048 0.154018 4.47333
8.7 0 -0.353614 0.825767 4.16686
8.71 0 0.75276 1.71683 3.60459
8.72 0 1.72895 2.66065 2.84931
8.73 0 2.56414 3.523 2.07502
8.74 0 3.22316 4.14494 1.44492
8.75 0 3.65255 4.40326 1.05235
8.76 0 3.81828 4.24116 0.959844
8.77 0 3.65941 3.75951 1.10729
8.78 0 3.17209 3.01898 1.38701
8.79 0 2.28886 2.02921 1.54311
8.8 0 1.12197 0.912546 1.49537
8.81 0 0.0121143 0.0280125 1.4392
8.82 0 -1.34874 -0.411789 1.39561
8.83 0 -2.64044 -0.730837 1.33047
8.84 0 -3.51814 -1.25572 1.22543
8.85 0 -3.57157 -2.08896 1.0839
8.86 0 -2.91833 -2.96703 0.79269
8.87 0 -2.08948 -3.43187 0.162839
8.88 0 -1.47346 -3.26287 -0.85056
8.89 0 -1.15865 -2.61628 -2.13979
8.9 0 -0.918007 -1.75202 -3.5087
8.91 0 -0.499496 -1.00407 -4.64172
8.92 0 0.169974 -0.627224 -5.36184
8.93 0 0.947441 -0.702488 -5.66555
8.94 0 1.5592 -1.13147 -5.69574
8.95 0 1.77948 -1.6466 -5.58902
8.96 0 1.45139 -2.006 -5.42248
8.97 0 0.625145 -2.14532 -5.19908
8.98 0 -0.425672 -2.11062 -4.79771
8.99 0 -1.4058 -2.06584 -4.12322
9 0 -2.12462 -2.1704 -3.18273
9.01 0 -2.5061 -2.43337 -2.05082
9.02 0 -2.64269 -2.75971 -0.913967
9.03 0 -2.67638 -2.97225 0.0355328
9.04 0 -2.69595 -2.92761 0.66066
9.05 0 -2.64331 -2.67069 0.868594
9.06 0 -2.49955 -2.24268 0.687674
9.07 0 -2.16122 -1.72575 0.234191
9.08 0 -1.60733 -1.23075 -0.37464
9.09 0 -0.867498 -0.816384 -1.02294
9.1 0 -0.064315 -0.488248 -1.63461
9.11 0 0.63652 -0.246009 -2.18665
9.12 0 1.08492 -0.104434 -2.68039
9.13 0 1.24112 -0.0638423 -3.07435
9.14 0 1.17119 -0.0601133 -3.2811
9.15 0 1.09922 -0.179298 -3.25912
9.16 0 0.887916 -0.349773 -2.99932
9.17 0 0.56712 -0.516348 -2.50662
9.18 0 0.10545 -0.635672 -1.82087
9.19 0 -0.377175 -0.764489 -1.01124
9.2 0 -0.806695 -0.849033 -0.156357
9.21 0 -1.06531 -0.861998 0.665187
9.22 0 -1.17056 -0.726486 1.3984
9.23 0 -1.03047 -0.360058 2.06544
9.24 0 -0.71162 0.192571 2.59817
9.25 0 -0.288487 0.8237 2.93791
9.26 0 0.0654003 1.52593 3.11979
9.27 0 0.566872 2.14578 3.22753
9.28 0 1.01048 2.55283 3.20634
9.29 0 1.17658 2.76612 3.08398
9.3 0 1.37662 2.71133 2.94176
9.31 0 1.51231 2.42231 2.73014
9.32 0 1.56833 2.05894 2.47696
9.33 0 1.53791 1.78417 2.21451
9.34 0 1.38161 1.6219 1.91673
9.35 0 1.19886 1.60774 1.67446
9.36 0 1.05595 1.68564 1.53191
9.37 0 0.963811 1.73169 1.47856
9.38 0 0.899255 1.70013 1.51329
9.39 0 0.872564 1.58891 1.62711
9.4 0 0.85774 1.44605 1.79402
9.41 0 0.800383 1.30672 1.95351
9.42 0 0.659945 1.205 2.05006
9.43 0 0.44303 1.12337 2.0524
9.44 0 0.210329 1.0403 1.97249
9.45 0 0.0306853 0.91885 1.83152
9.46 0 -0.0722549 0.724196 1.62738
9.47 0 -0.0819312 0.485635 1.37772
9.48 0 -0.0430667 0.250103 1.06363
9.49 0 0.0175593 0.0796416 0.696997
9.5 0 0.0747649 0.00257753 0.293557
9.51 0 0.109217 -0.0125789 -0.132093
9.52 0 0.138776 -0.00540387 -0.534942
9.53 0 0.189044 -0.014836 -0.865437
9.54 0 0.258969 -0.0622123 -1.09378
9.55 0 0.266382 -0.110151 -1.20081
9.56 0 0.310021 -0.155536 -1.16104
9.57 0 0.311105 -0.15407 -0.995308
9.58 0 0.283954 -0.124418 -0.744428
9.59 0 0.175913 -0.0905448 -0.471105
9.6 0 -0.0322036 -0.112705 -0.242182
9.61 0 -0.390067 -0.20485 -0.0892546
9.62 0 -0.684982 -0.395913 0.0246537
9.63 0 -0.904715 -0.683126 0.0674023
9.64 0 -1.02493 -1.01714 0.0128677
9.65 0 -1.0728 -1.29695 -0.154357
9.66 0 -1.08526 -1.48212 -0.46572
9.67 0 -1.06454 -1.53514 -0.891384
9.68 0 -0.953793 -1.45061 -1.34959
9.69 0 -0.73943 -1.28951 -1.78543
9.7 0 -0.419706 -1.11215 -2.13179
9.71 0 -0.0261424 -0.898664 -2.32888
9.72 0 0.374094 -0.624519 -2.35024
9.73 0 0.647877 -0.335701 -2.24477
9.74 0 0.734828 -0.0796909 -2.03473
9.75 0 0.667054 0.122707 -1.69388
9.76 0 0.476744 0.210474 -1.24063
9.77 0 0.180682 0.116847 -0.739859
9.78 0 -0.157361 -0.135673 -0.215125
9.79 0 -0.483047 -0.440386 0.286953
9.8 0 -0.790906 -0.719563 0.682605
9.81 0 -1.06133 -0.909592 0.913732
9.82 0 -1.23461 -0.967949 0.975835
9.83 0 -1.268 -0.92498 0.862832
9.84 0 -1.11576 -0.796024 0.620666
9.85 0 -0.757238 -0.57795 0.319479
9.86 0 -0.252186 -0.281779 0.00153719
9.87 0 0.289933 0.0674077 -0.310969
9.88 0 0.769594 0.444274 -0.582154
9.89 0 1.11916 0.804365 -0.769168
9.9 0 1.29681 1.07506 -0.842429
9.91 0 1.29927 1.19225 -0.779271
9.92 0 1.17622 1.15905 -0.542251
9.93 0 0.957989 1.00243 -0.143233
9.94 0 0.648751 0.758428 0.352079
9.95 0 0.278054 0.497169 0.881231
9.96 0 -0.127039 0.259997 1.36222
9.97 0 -0.526473 0.0576715 1.71975
9.98 0 -0.857252 -0.110835 1.91037
9.99 0 -1.1143 -0.311592 1.85734
10 0 -1.26674 -0.563111 1.54489
10.01 0 -1.20587 -0.765017 1.07528
10.02 0 -0.961961 -0.878043 0.477919
10.03 0 -0.577677 -0.843719 -0.184422
10.04 0 -0.0953429 -0.613357 -0.817693
10.05 0 0.364988 -0.271816 -1.40212
10.06 0 0.739344 0.088267 -1.87823
10.07 0 0.998516 0.36493 -2.17996
10.08 0 1.1109 0.478836 -2.28441
10.09 0 1.06741 0.414777 -2.18292
10.1 0 0.864456 0.19686 -1.88712
10.11 0 0.51598 -0.107833 -1.43864
10.12 0 0.0401757 -0.439087 -0.920108
10.13 0 -0.529485 -0.779865 -0.432347
10.14 0 -1.08037 -1.08514 -0.0146198
10.15 0 -1.47667 -1.30172 0.328058
10.16 0 -1.62903 -1.38931 0.584697
10.17 0 -1.49597 -1.2954 0.757084
10.18 0 -1.10486 -0.978571 0.848058
10.19 0 -0.589266 -0.495254 0.806614
10.2 0 -0.0766564 0.0575227 0.613983
10.21 0 0.356214 0.563357 0.301036
10.22 0 0.717956 0.981789 -0.0057979
10.23 0 1.05837 1.29292 -0.177524
10.24 0 1.3862 1.47909 -0.156814
10.25 0 1.63998 1.58163 0.0631005
10.26 0 1.73508 1.64453 0.436255
10.27 0 1.60267 1.69638 0.900885
10.28 0 1.25949 1.72023 1.40694
10.29 0 0.790606 1.67054 1.92095
10.3 0 0.330065 1.5256 2.43299
10.31 0 -0.066354 1.30102 2.90575
10.32 0 -0.317418 1.0042 3.26882
10.33 0 -0.44843 0.716936 3.451
10.34 0 -0.489285 0.512699 3.3935
10.35 0 -0.497608 0.416163 3.0549
10.36 0 -0.449916 0.418801 2.47532
10.37 0 -0.301665 0.486478 1.74725
10.38 0 -0.0113491 0.573289 0.980983
10.39 0 0.381041 0.631871 0.248243
10.4 0 0.790646 0.644659 -0.404912
10.41 0 1.12184 0.63485 -0.938152
10.42 0 1.281 0.58906 -1.33226
10.43 0 1.2163 0.497896 -1.59223
10.44 0 0.942421 0.335921 -1.71723
10.45 0 0.519999 0.0640663 -1.70114
10.46 0 0.106676 -0.361723 -1.57035
10.47 0 -0.307556 -0.85663 -1.36712
10.48 0 -0.71193 -1.29497 -1.14591
10.49 0 -1.10898 -1.64803 -0.980086
10.5 0 -1.47947 -1.95115 -0.946291
10.51 0 -1.77367 -2.20448 -1.06679
10.52 0 -1.95727 -2.34337 -1.28914
10.53 0 -2.02244 -2.37519 -1.58465
10.54 0 -1.9287 -2.39371 -1.95702
10.55 0 -1.64663 -2.40034 -2.35933
10.56 0 -1.23539 -2.35606 -2.76286
10.57 0 -0.728727 -2.233 -3.14647
10.58 0 -0.313827 -1.98014 -3.5016
10.59 0 0.00326563 -1.62341 -3.7726
10.6 0 0.209979 -1.19321 -3.88175
10.61 0 0.37769 -0.745452 -3.74903
10.62 0 0.527734 -0.391681 -3.33596
10.63 0 0.625728 -0.198086 -2.6902
10.64 0 0.600389 -0.125572 -1.85745
10.65 0 0.434608 -0.1024 -0.881675
10.66 0 0.16435 -0.0774235 0.136364
10.67 0 -0.230996 -0.0145742 1.05062
10.68 0 -0.654741 0.0699188 1.8089
10.69 0 -0.974557 0.155801 2.39708
10.7 0 -1.09388 0.217211 2.80375
10.71 0 -0.994868 0.263576 3.00613
10.72 0 -0.732372 0.321452 2.97223
10.73 0 -0.397146 0.42461 2.68435
10.74 0 -0.0672867 0.579353 2.1579
10.75 0 0.262096 0.806666 1.50663
10.76 0 0.552446 1.1177 0.874872
10.77 0 0.958626 1.40843 0.394237
10.78 0 1.39898 1.60946 0.099414
10.79 0 1.79163 1.71084 -0.00234269
10.8 0 1.99526 1.74797 0.0549456
10.81 0 1.98976 1.74169 0.244489
10.82 0 1.74659 1.72599 0.548491
10.83 0 1.30529 1.68519 0.951249
10.84 0 0.768892 1.55699 1.42478
10.85 0 0.232721 1.29664 1.92324
10.86 0 -0.21822 0.903123 2.37795
10.87 0 -0.565351 0.442346 2.70105
10.88 0 -0.806371 0.0313701 2.82554
10.89 0 -0.917321 -0.195611 2.74225
10.9 0 -0.881055 -0.183505 2.46244
10.91 0 -0.713844 0.00433891 1.99436
10.92 0 -0.413457 0.26756 1.39156
10.93 0 0.0212188 0.532178 0.748526
10.94 0 0.550651 0.75849 0.153796
10.95 0 1.08773 0.946283 -0.328162
10.96 0 1.5121 1.10088 -0.67194
10.97 0 1.72451 1.22031 -0.866405
10.98 0 1.6893 1.28107 -0.90002
10.99 0 1.42966 1.23267 -0.771826
11 0 1.00652 1.02051 -0.503215
11.01 0 0.423299 0.637642 -0.147309
11.02 0 -0.213857 0.0495405 0.200225
11.03 0 -0.871179 -0.689552 0.432486
11.04 0 -1.41532 -1.38716 0.548155
11.05 0 -1.76547 -1.85616 0.548303
11.06 0 -1.91531 -2.04675 0.382819
11.07 0 -1.89967 -2.00755 0.00969626
11.08 0 -1.68696 -1.79792 -0.518255
11.09 0 -1.24064 -1.49013 -1.11063
11.1 0 -0.614074 -1.13829 -1.68759
11.11 0 0.0954402 -0.755171 -2.17254
11.12 0 0.722959 -0.389477 -2.53476
11.13 0 1.10646 -0.0921467 -2.79181
11.14 0 1.17722 0.0853707 -2.93433
11.15 0 1.00136 0.11976 -2.89531
11.16 0 0.677427 -0.00617098 -2.62861
11.17 0 0.267234 -0.305729 -2.1636
11.18 0 -0.177361 -0.735452 -1.5466
11.19 0 -0.632248 -1.16572 -0.882677
11.2 0 -1.07621 -1.48734 -0.273633
11.21 0 -1.45485 -1.62433 0.211804
11.22 0 -1.70755 -1.58579 0.525109
11.23 0 -1.76666 -1.42985 0.647271
11.24 0 -1.59188 -1.20986 0.595387
11.25 0 -1.18922 -0.945951 0.405517
11.26 0 -0.64312 -0.647702 0.101587
11.27 0 -0.0768735 -0.324852 -0.295334
11.28 0 0.423926 0.0256106 -0.720992
11.29 0 0.81898 0.384966 -1.08953
11.3 0 1.10979 0.718233 -1.30654
11.31 0 1.2656 0.970455 -1.32133
11.32 0 1.30871 1.08685 -1.11372
11.33 0 1.23774 1.04807 -0.71341
11.34 0 1.03694 0.895523 -0.17543
11.35 0 0.706693 0.705314 0.437551
11.36 0 0.279023 0.53369 1.05707
11.37 0 -0.171964 0.405727 1.62768
11.38 0 -0.552475 0.321949 2.10958
11.39 0 -0.785929 0.271991 2.46834
11.4 0 -0.846174 0.243085 2.66158
11.41 0 -0.733536 0.258164 2.67282
11.42 0 -0.476346 0.355826 2.50717
11.43 0 -0.134967 0.544667 2.17657
11.44 0 0.239352 0.807408 1.72387
11.45 0 0.604445 1.0892 1.20754
11.46 0 0.946317 1.33682 0.711576
11.47 0 1.25478 1.512 0.317393
11.48 0 1.49462 1.5918 0.0712385
11.49 0 1.62048 1.58985 -0.004164
11.5 0 1.59642 1.53573 0.0904885
11.51 0 1.40096 1.43448 0.31976
11.52 0 1.0444 1.26885 0.631032
11.53 0 0.581991 1.0221 0.975624
11.54 0 0.0871179 0.712356 1.32049
11.55 0 -0.393249 0.366685 1.6175
11.56 0 -0.736171 0.00798505 1.82691
11.57 0 -0.933597 -0.298966 1.89888
11.58 0 -0.984441 -0.49358 1.79881
11.59 0 -0.918589 -0.537835 1.51385
11.6 0 -0.75831 -0.455407 1.05375
11.61 0 -0.526995 -0.305544 0.459041
11.62 0 -0.238878 -0.165108 -0.208186
11.63 0 0.0660363 -0.100602 -0.888674
11.64 0 0.348855 -0.131048 -1.51692
11.65 0 0.554697 -0.23969 -2.04382
11.66 0 0.627962 -0.412859 -2.43739
11.67 0 0.542631 -0.600688 -2.6846
11.68 0 0.317296 -0.780758 -2.77184
11.69 0 0.0115533 -0.961085 -2.70313
11.7 0 -0.270017 -1.16748 -2.49365
11.71 0 -0.550672 -1.36317 -2.17873
11.72 0 -0.807238 -1.5259 -1.80198
11.73 0 -1.0458 -1.64256 -1.41955
11.74 0 -1.24832 -1.69534 -1.09194
11.75 0 -1.37489 -1.66354 -0.833496
11.76 0 -1.39122 -1.56735 -0.663501
11.77 0 -1.28894 -1.45012 -0.605443
11.78 0 -1.09975 -1.33122 -0.671095
11.79 0 -0.869216 -1.21932 -0.858661
11.8 0 -0.624892 -1.09794 -1.13086
11.81 0 -0.371906 -0.942955 -1.4216
11.82 0 -0.0902534 -0.756187 -1.66642
11.83 0 0.177085 -0.554736 -1.83124
11.84 0 0.373859 -0.351546 -1.88937
11.85 0 0.490184 -0.165657 -1.81391
11.86 0 0.515826 -0.0278414 -1.604
11.87 0 0.458526 0.0462074 -1.26873
11.88 0 0.340833 0.0688292 -0.823254
11.89 0 0.177462 0.0563293 -0.308176
11.9 0 -0.017759 0.0295815 0.223665
11.91 0 -0.20991 0.0220442 0.733727
11.92 0 -0.362695 0.056144 1.18712
11.93 0 -0.4373 0.147391 1.563
11.94 0 -0.416456 0.291159 1.84002
11.95 0 -0.339806 0.471159 1.99359
11.96 0 -0.213395 0.650563 2.01689
11.97 0 -0.00916327 0.818375 1.94345
11.98 0 0.268098 0.988062 1.81514
11.99 0 0.572892 1.15672 1.6485
12 0 0.868928 1.33696 1.47663
12.01 0 1.09603 1.52556 1.3224
12.02 0 1.25284 1.68112 1.20682
12.03 0 1.34747 1.78967 1.1664
12.04 0 1.37955 1.83702 1.21565
12.05 0 1.35359 1.83528 1.36294
12.06 0 1.23409 1.80602 1.59081
12.07 0 1.02914 1.72324 1.85068
12.08 0 0.768463 1.59497 2.11597
12.09 0 0.485435 1.43213 2.35752
12.1 0 0.215212 1.22466 2.52731
12.11 0 -0.000854014 0.999063 2.60198
12.12 0 -0.158622 0.771313 2.54325
12.13 0 -0.248797 0.573626 2.34099
12.14 0 -0.263091 0.432728 2.00633
12.15 0 -0.188527 0.368392 1.57706
12.16 0 -0.0737647 0.36908 1.08039
12.17 0 0.100796 0.382866 0.555923
12.18 0 0.303813 0.385638 0.0474087
12.19 0 0.512993 0.370813 -0.398797
12.2 0 0.662759 0.327773 -0.769752
12.21 0 0.706312 0.241464 -1.06297
12.22 0 0.631759 0.116864 -1.26207
12.23 0 0.45539 -0.0523548 -1.36081
12.24 0 0.205501 -0.268067 -1.36264
12.25 0 -0.0231311 -0.526539 -1.27255
12.26 0 -0.232296 -0.79253 -1.13202
12.27 0 -0.484329 -1.01863 -0.999759
12.28 0 -0.761684 -1.16077 -0.908372
12.29 0 -0.98444 -1.25374 -0.864788
12.3 0 -1.09459 -1.3404 -0.866394
12.31 0 -1.08231 -1.41024 -0.914378
12.32 0 -1.04295 -1.43472 -1.02735
12.33 0 -0.982098 -1.41114 -1.19682
12.34 0 -0.899817 -1.34997 -1.40302
12.35 0 -0.782366 -1.26685 -1.61098
12.36 0 -0.63315 -1.20005 -1.80777
12.37 0 -0.464428 -1.16969 -1.98399
12.38 0 -0.302907 -1.14906 -2.11869
12.39 0 -0.189675 -1.12627 -2.21347
12.4 0 -0.149244 -1.09294 -2.26453
12.41 0 -0.178512 -1.05612 -2.26171
12.42 0 -0.265832 -1.04236 -2.20426
12.43 0 -0.386496 -1.07402 -2.09298
12.44 0 -0.501676 -1.13865 -1.91928
12.45 0 -0.597879 -1.21702 -1.69921
12.46 0 -0.683316 -1.28566 -1.46658
12.47 0 -0.749048 -1.30342 -1.23515
12.48 0 -0.767235 -1.27124 -1.01979
12.49 0 -0.781388 -1.14501 -0.836521
12.5 0 -0.746257 -0.945456 -0.686272
12.51 0 -0.614677 -0.718848 -0.54775
12.52 0 -0.407622 -0.475465 -0.406858
12.53 0 -0.1711 -0.24387 -0.277683
12.54 0 0.0436576 -0.0354661 -0.170559
12.55 0 0.256674 0.139122 -0.0777026
12.56 0 0.398232 0.284213 -0.0104357
12.57 0 0.42715 0.396802 0.0319278
12.58 0 0.380278 0.474981 0.0836654
12.59 0 0.314295 0.511399 0.178958
12.6 0 0.280583 0.522939 0.347607
12.61 0 0.289704 0.529255 0.582681
12.62 0 0.313623 0.551782 0.847881
12.63 0 0.286732 0.623248 1.10678
12.64 0 0.246154 0.732669 1.34459
12.65 0 0.22648 0.858874 1.55655
12.66 0 0.23793 0.96932 1.72941
12.67 0 0.283367 1.04987 1.85664
12.68 0 0.366232 1.11146 1.94216
12.69 0 0.472039 1.17129 1.98469
12.7 0 0.571598 1.25275 1.98828
12.71 0 0.662085 1.34615 1.95538
12.72 0 0.744031 1.43576 1.89635
12.73 0 0.795898 1.51303 1.82686
12.74 0 0.863165 1.5579 1.77238
12.75 0 0.950027 1.57164 1.74553
12.76 0 0.98944 1.55962 1.72623
12.77 0 0.952325 1.51515 1.69457
12.78 0 0.807698 1.43469 1.63913
12.79 0 0.618068 1.30102 1.57285
12.8 0 0.415372 1.09958 1.49294
12.81 0 0.243109 0.857824 1.41189
12.82 0 0.112204 0.608736 1.31873
12.83 0 0.0203475 0.382259 1.19043
12.84 0 -0.0583239 0.199675 1.00046
12.85 0 -0.110201 0.0873085 0.761796
12.86 0 -0.118683 0.0469894 0.498259
12.87 0 -0.0894896 0.0364884 0.215917
12.88 0 -0.0208551 0.0290903 -0.0606872
12.89 0 0.0629625 0.0138126 -0.309974
12.9 0 0.142006 -0.0154277 -0.516895
12.91 0 0.190058 -0.0785047 -0.690635
12.92 0 0.187643 -0.16681 -0.829163
12.93 0 0.107894 -0.291103 -0.951788
12.94 0 -0.0447181 -0.45151 -1.06276
12.95 0 -0.233043 -0.636071 -1.15039
12.96 0 -0.440356 -0.854239 -1.23062
12.97 0 -0.630814 -1.0855 -1.302
12.98 0 -0.758125 -1.27654 -1.34531
12.99 0 -0.817193 -1.39776 -1.37146
13 0 -0.818721 -1.43225 -1.3953
13.01 0 -0.77272 -1.37825 -1.423
13.02 0 -0.683522 -1.24989 -1.44861
13.03 0 -0.548393 -1.06851 -1.4533
13.04 0 -0.378002 -0.871516 -1.42912
13.05 0 -0.209948 -0.69788 -1.38357
13.06 0 -0.0422595 -0.527871 -1.28265
13.07 0 0.108432 -0.349175 -1.11371
13.08 0 0.18341 -0.199681 -0.917951
13.09 0 0.171039 -0.094164 -0.7082
13.1 0 0.0963535 -0.0355068 -0.48114
13.11 0 -0.0190431 -0.0371188 -0.250656
13.12 0 -0.147475 -0.0950243 -0.0306449
13.13 0 -0.267273 -0.18881 0.160775
13.14 0 -0.36577 -0.288152 0.302831
13.15 0 -0.430325 -0.35727 0.383523
13.16 0 -0.453082 -0.374708 0.39579
13.17 0 -0.447224 -0.358425 0.321487
13.18 0 -0.386201 -0.301115 0.193288
13.19 0 -0.256612 -0.206316 0.0454696
13.2 0 -0.0849504 -0.100668 -0.111922
13.21 0 0.10171 0.00662643 -0.258833
13.22 0 0.268683 0.107329 -0.380696
13.23 0 0.378978 0.184877 -0.472875
13.24 0 0.426866 0.238184 -0.514527
13.25 0 0.430034 0.275855 -0.4784
13.26 0 0.377136 0.27262 -0.381835
13.27 0 0.273529 0.221447 -0.239709
13.28 0 0.145132 0.14229 -0.0573505
13.29 0 -0.00432446 0.0396469 0.130822
13.3 0 -0.155097 -0.0641596 0.303175
13.31 0 -0.275773 -0.137999 0.451213
13.32 0 -0.357509 -0.177595 0.550788
13.33 0 -0.377268 -0.16783 0.60338
13.34 0 -0.301485 -0.0796286 0.637691
13.35 0 -0.13487 0.0875961 0.66427
13.36 0 0.083967 0.308209 0.677383
13.37 0 0.323338 0.56213 0.688353
13.38 0 0.519753 0.787755 0.67738
13.39 0 0.644665 0.945025 0.651012
13.4 0 0.687763 1.00559 0.620511
13.41 0 0.650596 0.958185 0.594453
13.42 0 0.538307 0.812543 0.574357
13.43 0 0.367938 0.595675 0.55685
13.44 0 0.186908 0.371558 0.560086
13.45 0 0.0327962 0.193396 0.588486
13.46 0 -0.0841952 0.0809958 0.622043
13.47 0 -0.142839 0.0517584 0.657364
13.48 0 -0.133839 0.101384 0.689587
13.49 0 -0.0762752 0.192832 0.697371
13.5 0 0.0092767 0.290627 0.669517
13.51 0 0.112576 0.377683 0.614079
13.52 0 0.21169 0.436851 0.533763
13.53 0 0.288066 0.462119 0.43605
13.54 0 0.334001 0.45999 0.336197
13.55 0 0.34554 0.436039 0.246415
13.56 0 0.323373 0.393289 0.175131
13.57 0 0.276564 0.336695 0.130533
13.58 0 0.206348 0.260964 0.105882
13.59 0 0.119274 0.166747 0.0941693
13.6 0 0.020307 0.0559366 0.0833116
13.61 0 -0.0909458 -0.0731181 0.053873
13.62 0 -0.216824 -0.224929 -0.0163987
13.63 0 -0.335629 -0.382304 -0.124829
13.64 0 -0.430228 -0.531899 -0.268743
13.65 0 -0.479246 -0.651654 -0.433013
13.66 0 -0.479518 -0.731265 -0.610089
13.67 0 -0.434892 -0.763553 -0.78913
13.68 0 -0.359802 -0.752634 -0.961914
13.69 0 -0.272435 -0.711798 -1.11998
13.7 0 -0.198323 -0.668623 -1.26239
13.71 0 -0.148814 -0.642745 -1.37904
13.72 0 -0.113946 -0.629686 -1.44346
13.73 0 -0.107464 -0.641348 -1.45917
13.74 0 -0.127281 -0.667272 -1.42144
13.75 0 -0.159335 -0.682943 -1.32182
13.76 0 -0.20435 -0.681539 -1.17401
13.77 0 -0.264673 -0.667308 -1.00047
13.78 0 -0.337545 -0.650944 -0.824501
13.79 0 -0.392272 -0.62129 -0.643612
13.8 0 -0.42842 -0.593283 -0.482202
13.81 0 -0.44341 -0.570365 -0.355951
13.82 0 -0.422122 -0.53291 -0.259224
13.83 0 -0.35924 -0.463164 -0.18605
13.84 0 -0.26905 -0.361617 -0.140682
13.85 0 -0.161336 -0.231175 -0.116665
13.86 0 -0.0545717 -0.093742 -0.113308
13.87 0 0.0426161 0.0308295 -0.120034
13.88 0 0.139992 0.142572 -0.108524
13.89 0 0.242271 0.247695 -0.0556624
13.9 0 0.323875 0.3346 0.0297618
13.91 0 0.373622 0.409188 0.14739
13.92 0 0.380151 0.469374 0.286968
13.93 0 0.346427 0.513211 0.441193
13.94 0 0.282937 0.534471 0.600487
13.95 0 0.20596 0.529449 0.755167
13.96 0 0.134301 0.504034 0.897393
13.97 0 0.0655674 0.454311 1.00123
13.98 0 0.020901 0.40933 1.06981
13.99 0 0.0126831 0.393682 1.10515
14 0 0.0353023 0.411731 1.09983
14.01 0 0.0888295 0.465441 1.05981
14.02 0 0.162767 0.538096 0.987138
14.03 0 0.258257 0.622451 0.902445
14.04 0 0.364037 0.701036 0.817128
14.05 0 0.460299 0.757374 0.736887
14.06 0 0.524288 0.779637 0.663015
14.07 0 0.531107 0.758241 0.591181
14.08 0 0.476447 0.68959 0.521905
14.09 0 0.378911 0.584847 0.466931
14.1 0 0.262726 0.457803 0.433978
14.11 0 0.154422 0.328671 0.427668
14.12 0 0.0691659 0.218579 0.44354
14.13 0 -0.0018027 0.130213 0.456288
14.14 0 -0.0541923 0.075408 0.456815
14.15 0 -0.0825305 0.0570095 0.440505
14.16 0 -0.0982445 0.0514284 0.390092
14.17 0 -0.103709 0.0393047 0.301798
14.18 0 -0.0904856 0.0168514 0.188388
14.19 0 -0.0626541 -0.0196861 0.0567228
14.2 0 -0.0313671 -0.0681378 -0.087977
14.21 0 -0.00343987 -0.11639 -0.234062
14.22 0 0.00321959 -0.167697 -0.382791
14.23 0 -0.0229852 -0.23163 -0.534951
14.24 0 -0.0809114 -0.318003 -0.686177
14.25 0 -0.148985 -0.42073 -0.817733
14.26 0 -0.207648 -0.527607 -0.914821
14.27 0 -0.257366 -0.632462 -0.981812
14.28 0 -0.299353 -0.720253 -1.02284
14.29 0 -0.320249 -0.761341 -1.02725
14.3 0 -0.31591 -0.742749 -0.993192
14.31 0 -0.284899 -0.665433 -0.920833
14.32 0 -0.232407 -0.54626 -0.815841
14.33 0 -0.18849 -0.432736 -0.708925
14.34 0 -0.16248 -0.351311 -0.611267
14.35 0 -0.153546 -0.311104 -0.525137
14.36 0 -0.146519 -0.294984 -0.438859
14.37 0 -0.130872 -0.278393 -0.344151
14.38 0 -0.107553 -0.243071 -0.242704
14.39 0 -0.0842455 -0.183768 -0.143044
14.4 0 -0.0737916 -0.115492 -0.0610399
14.41 0 -0.0803558 -0.0605667 -0.00715153
14.42 0 -0.0906614 -0.0299575 0.0241035
14.43 0 -0.105121 -0.0407179 0.0260887
14.44 0 -0.120762 -0.0902875 -0.00083626
14.45 0 -0.113714 -0.138264 -0.0305859
14.46 0 -0.087363 -0.16127 -0.0590779
14.47 0 -0.0531098 -0.148073 -0.0875961
14.48 0 -0.0108574 -0.0918727 -0.106318
14.49 0 0.0432824 0.000708821 -0.103036
14.5 0 0.0851515 0.0851817 -0.0951127
14.51 0 0.11115 0.137698 -0.0816464
14.52 0 0.134691 0.163133 -0.0460449
14.53 0 0.143353 0.157184 0.00178753
14.54 0 0.139935 0.141792 0.0652881
14.55 0 0.126416 0.137523 0.143485
14.56 0 0.107115 0.156742 0.233524
14.57 0 0.102583 0.214263 0.345708
14.58 0 0.111874 0.294621 0.468642
14.59 0 0.129921 0.376403 0.588454
14.6 0 0.159867 0.45188 0.702523
14.61 0 0.188276 0.505798 0.794997
14.62 0 0.215521 0.544493 0.866458
14.63 0 0.240363 0.575841 0.917385
14.64 0 0.255594 0.600233 0.943246
14.65 0 0.260823 0.617398 0.944922
14.66 0 0.259616 0.624524 0.926225
14.67 0 0.243035 0.603403 0.877682
14.68 0 0.223243 0.559577 0.811084
14.69 0 0.210128 0.503941 0.73756
14.7 0 0.205278 0.448208 0.662794
14.71 0 0.204113 0.401694 0.58817
14.72 0 0.209744 0.378345 0.523258
14.73 0 0.215738 0.374326 0.467179
14.74 0 0.220608 0.382106 0.42239
14.75 0 0.223361 0.389838 0.390107
14.76 0 0.229464 0.394504 0.377292
14.77 0 0.230938 0.38666 0.3772
14.78 0 0.216912 0.36022 0.379029
14.79 0 0.181583 0.314948 0.373965
14.8 0 0.127371 0.255033 0.357528
14.81 0 0.0568867 0.179064 0.321896
14.82 0 -0.0354459 0.0725813 0.248589
14.83 0 -0.146446 -0.0726366 0.126467
14.84 0 -0.267535 -0.257149 -0.0495022
14.85 0 -0.387455 -0.472984 -0.279008
14.86 0 -0.463325 -0.674257 -0.526738
14.87 0 -0.473327 -0.829562 -0.773189
14.88 0 -0.445105 -0.906668 -1.00586
14.89 0 -0.388126 -0.907589 -1.21502
14.9 0 -0.324165 -0.859322 -1.3965
14.91 0 -0.256597 -0.793558 -1.53522
14.92 0 -0.18121 -0.726163 -1.60667
14.93 0 -0.105399 -0.671168 -1.60219
14.94 0 -0.0506925 -0.632931 -1.52842
14.95 0 -0.0340552 -0.604602 -1.39654
14.96 0 -0.0751548 -0.588158 -1.23146
14.97 0 -0.172403 -0.586719 -1.05241
14.98 0 -0.314741 -0.614191 -0.881561
14.99 0 -0.453907 -0.656228 -0.711209
15 0 -0.555545 -0.70621 -0.549089
15.01 0 -0.612328 -0.758546 -0.418672
15.02 0 -0.627782 -0.794933 -0.339161
15.03 0 -0.606393 -0.793387 -0.318743
15.04 0 -0.552855 -0.743528 -0.356078
15.05 0 -0.471407 -0.655908 -0.443598
15.06 0 -0.343362 -0.559205 -0.565703
15.07 0 -0.199862 -0.450365 -0.694944
15.08 0 -0.0393129 -0.329184 -0.795491
15.09 0 0.116734 -0.197474 -0.843949
15.1 0 0.249766 -0.067435 -0.829098
15.11 0 0.33508 0.0507655 -0.748275
15.12 0 0.3543 0.133746 -0.614467
15.13 0 0.313183 0.179775 -0.428673
15.14 0 0.233524 0.193149 -0.194758
15.15 0 0.142595 0.19332 0.0828102
15.16 0 0.0581208 0.195701 0.384021
15.17 0 -0.011007 0.215992 0.682793
15.18 0 -0.0653077 0.255925 0.945114
15.19 0 -0.102603 0.31222 1.14546
15.2 0 -0.111065 0.380235 1.27396
15.21 0 -0.0905103 0.44223 1.31989
15.22 0 -0.0249365 0.503864 1.30125
15.23 0 0.0632417 0.569096 1.22886
15.24 0 0.168778 0.62618 1.11281
15.25 0 0.300985 0.681258 0.981115
15.26 0 0.441951 0.738256 0.850925
15.27 0 0.560842 0.790024 0.726858
15.28 0 0.644502 0.837763 0.625525
15.29 0 0.693517 0.882746 0.567826
15.3 0 0.697332 0.904821 0.552885
15.31 0 0.648895 0.890174 0.577607
15.32 0 0.548403 0.82806 0.632338
15.33 0 0.403595 0.710336 0.69864
15.34 0 0.239042 0.55422 0.767989
15.35 0 0.0785531 0.3859 0.828648
15.36 0 -0.0590696 0.233923 0.86682
15.37 0 -0.164301 0.11642 0.865227
15.38 0 -0.232931 0.0383699 0.809499
15.39 0 -0.24471 0.0115533 0.711496
15.4 0 -0.199001 0.0258338 0.57657
15.41 0 -0.105934 0.0651014 0.412833
15.42 0 0.0308444 0.130075 0.247138
15.43 0 0.194177 0.21877 0.101713
15.44 0 0.346631 0.313619 -0.0185339
15.45 0 0.463266 0.414094 -0.093219
15.46 0 0.518282 0.486288 -0.127222
15.47 0 0.499698 0.504992 -0.122071
15.48 0 0.410832 0.447503 -0.0863886
15.49 0 0.252248 0.299591 -0.0427102
15.5 0 0.0547078 0.0865447 0.00365748
15.51 0 -0.153522 -0.153132 0.0414697
15.52 0 -0.345727 -0.377836 0.0569715
15.53 0 -0.498535 -0.551513 0.0390774
15.54 0 -0.597498 -0.659773 -0.0241434
15.55 0 -0.628558 -0.699959 -0.132093
15.56 0 -0.586391 -0.683503 -0.277957
15.57 0 -0.475186 -0.624716 -0.447121
15.58 0 -0.304661 -0.529413 -0.614648
15.59 0 -0.11281 -0.418146 -0.77275
15.6 0 0.0629117 -0.305156 -0.909143
15.61 0 0.195135 -0.200501 -1.00638
15.62 0 0.263312 -0.122918 -1.05415
15.63 0 0.266849 -0.084811 -1.03969
15.64 0 0.20518 -0.103919 -0.968125
15.65 0 0.0951573 -0.175926 -0.842565
15.66 0 -0.0319355 -0.270406 -0.662489
15.67 0 -0.177987 -0.380012 -0.466869
15.68 0 -0.326409 -0.479121 -0.279968
15.69 0 -0.45396 -0.544774 -0.119609
15.7 0 -0.54403 -0.57195 -0.00536791
15.71 0 -0.58531 -0.568108 0.0476595
15.72 0 -0.551827 -0.523501 0.0535607
15.73 0 -0.456638 -0.453273 0.00680138
15.74 0 -0.322005 -0.368676 -0.0904879
15.75 0 -0.161812 -0.265718 -0.215668
15.76 0 0.00267896 -0.148932 -0.347557
15.77 0 0.137077 -0.0441413 -0.479046
15.78 0 0.238879 0.0444531 -0.578169
15.79 0 0.312138 0.115296 -0.615701
15.8 0 0.337979 0.147028 -0.595841
15.81 0 0.311974 0.137118 -0.520806
15.82 0 0.245018 0.101043 -0.390556
15.83 0 0.154563 0.0608675 -0.20982
15.84 0 0.0524801 0.0298417 0.00282645
15.85 0 -0.0504378 0.013392 0.222713
15.86 0 -0.129809 0.0243001 0.438263
15.87 0 -0.183067 0.050958 0.620437
15.88 0 -0.197597 0.0940496 0.758712
15.89 0 -0.181457 0.139039 0.8328
15.9 0 -0.145264 0.17443 0.83099
15.91 0 -0.0966763 0.194897 0.754034
15.92 0 -0.0467443 0.193057 0.60676
15.93 0 0.0128846 0.181884 0.419015
15.94 0 0.090906 0.178567 0.226065
15.95 0 0.178698 0.187639 0.0495258
15.96 0 0.245667 0.191766 -0.111409
15.97 0 0.278962 0.184358 -0.245917
15.98 0 0.276735 0.161219 -0.341594
15.99 0 0.244801 0.121035 -0.388423
16 0 0.193157 0.0683674 -0.380819
16.01 0 0.138415 0.021246 -0.312373
16.02 0 0.0824115 -0.012049 -0.196215
16.03 0 0.0299131 -0.0205066 -0.0460325
16.04 0 -0.00800997 0.00782386 0.128857
16.05 0 -0.0476446 0.0484826 0.291023
16.06 0 -0.0866095 0.0864791 0.421735
16.07 0 -0.106624 0.120566 0.521003
16.08 0 -0.102714 0.144589 0.582472
16.09 0 -0.0742169 0.161553 0.604571
16.1 0 -0.0260865 0.180012 0.588973
16.11 0 0.0396056 0.214834 0.547096
16.12 0 0.101618 0.256224 0.474849
16.13 0 0.167716 0.312834 0.397737
16.14 0 0.2365 0.377176 0.331934
16.15 0 0.297 0.431624 0.283184
16.16 0 0.348216 0.473472 0.265207
16.17 0 0.379764 0.497312 0.27876
16.18 0 0.385224 0.505515 0.322961
16.19 0 0.356405 0.496098 0.387269
16.2 0 0.27784 0.450962 0.44416
16.21 0 0.168689 0.376283 0.491221
16.22 0 0.0511289 0.278169 0.523905
16.23 0 -0.0676471 0.152867 0.522717
16.24 0 -0.178112 0.00777013 0.474353
16.25 0 -0.253778 -0.124248 0.389522
16.26 0 -0.305694 -0.243209 0.250483
16.27 0 -0.333204 -0.340649 0.0594787
16.28 0 -0.3308 -0.410092 -0.1688
16.29 0 -0.299476 -0.456196 -0.418731
16.3 0 -0.240968 -0.483164 -0.668363
16.31 0 -0.149904 -0.481013 -0.882475
16.32 0 -0.0470141 -0.456741 -1.048
16.33 0 0.0453915 -0.415697 -1.15472
16.34 0 0.121962 -0.350535 -1.182
16.35 0 0.156479 -0.284952 -1.14105
16.36 0 0.130848 -0.24752 -1.04965
16.37 0 0.0506652 -0.252979 -0.917712
16.38 0 -0.0582322 -0.294949 -0.747095
16.39 0 -0.196577 -0.38418 -0.573579
16.4 0 -0.361379 -0.518478 -0.433319
16.41 0 -0.52527 -0.667603 -0.339154
16.42 0 -0.662802 -0.803931 -0.302225
16.43 0 -0.734808 -0.890986 -0.31286
16.44 0 -0.716767 -0.899332 -0.356203
16.45 0 -0.616426 -0.829519 -0.4309
16.46 0 -0.450419 -0.689346 -0.525676
16.47 0 -0.239894 -0.494967 -0.620982
16.48 0 -0.014593 -0.27391 -0.69801
16.49 0 0.192043 -0.0607461 -0.741868
16.5 0 0.350513 0.113541 -0.740404
16.51 0 0.445502 0.233072 -0.680363
16.52 0 0.469102 0.292673 -0.55721
16.53 0 0.420054 0.295234 -0.377963
16.54 0 0.296874 0.241037 -0.167964
16.55 0 0.126361 0.151931 0.0595483
16.56 0 -0.0565009 0.0527554 0.289602
16.57 0 -0.220541 -0.0367585 0.5014
16.58 0 -0.343963 -0.10347 0.670714
16.59 0 -0.408915 -0.134062 0.781308
16.6 0 -0.408827 -0.122251 0.821887
16.61 0 -0.322648 -0.043247 0.814395
16.62 0 -0.162183 0.102008 0.769613
16.63 0 0.0326528 0.303096 0.700587
16.64 0 0.267712 0.541148 0.642131
16.65 0 0.524201 0.787682 0.617421
16.66 0 0.751173 0.998119 0.621616
16.67 0 0.898969 1.13898 0.645611
16.68 0 0.954872 1.20803 0.699796
16.69 0 0.92002 1.21552 0.794037
16.7 0 0.789448 1.15506 0.912779
16.71 0 0.586814 1.02638 1.04185
16.72 0 0.363342 0.857077 1.18237
16.73 0 0.149025 0.664872 1.31066
16.74 0 -0.0350501 0.475116 1.39985
16.75 0 -0.176315 0.317346 1.42783
16.76 0 -0.275952 0.210712 1.37729
16.77 0 -0.310301 0.14598 1.24065
16.78 0 -0.269358 0.126818 1.03447
16.79 0 -0.133172 0.16773 0.800282
16.8 0 0.0681954 0.259035 0.556687
16.81 0 0.291536 0.379553 0.317533
16.82 0 0.490852 0.506752 0.0998146
16.83 0 0.627095 0.605275 -0.0847903
16.84 0 0.677376 0.643212 -0.223313
16.85 0 0.642433 0.60123 -0.302054
16.86 0 0.533849 0.478428 -0.314773
16.87 0 0.368854 0.29147 -0.267439
16.88 0 0.145193 0.050333 -0.198115
16.89 0 -0.118679 -0.216126 -0.136251
16.9 0 -0.377378 -0.460981 -0.0897969
16.91 0 -0.596268 -0.659961 -0.0759144
16.92 0 -0.733264 -0.789021 -0.095203
16.93 0 -0.752572 -0.85225 -0.156298
16.94 0 -0.706838 -0.852909 -0.279816
16.95 0 -0.620035 -0.80878 -0.467878
16.96 0 -0.495386 -0.728885 -0.691961
16.97 0 -0.357095 -0.655812 -0.94248
16.98 0 -0.227518 -0.61741 -1.19986
16.99 0 -0.106159 -0.607889 -1.42366
17 0 -0.0190133 -0.629118 -1.60102
17.01 0 0.008235 -0.680298 -1.72946
17.02 0 -0.0270894 -0.745262 -1.79726
17.03 0 -0.112896 -0.811443 -1.79559
17.04 0 -0.236669 -0.880072 -1.7298
17.05 0 -0.376024 -0.950035 -1.60709
17.06 0 -0.503034 -1.01 -1.4341
17.07 0 -0.587851 -1.04266 -1.22088
17.08 0 -0.630639 -1.04004 -0.997381
17.09 0 -0.647747 -1.00435 -0.801655
17.1 0 -0.638498 -0.928119 -0.647589
17.11 0 -0.598418 -0.815509 -0.53948
17.12 0 -0.527347 -0.683963 -0.477505
17.13 0 -0.413076 -0.555166 -0.453719
17.14 0 -0.240436 -0.413849 -0.434809
17.15 0 -0.0551376 -0.253567 -0.414189
17.16 0 0.0951833 -0.097582 -0.403414
17.17 0 0.189126 0.0390737 -0.394426
17.18 0 0.228049 0.13647 -0.373476
17.19 0 0.2385 0.196893 -0.310742
17.2 0 0.241258 0.227093 -0.190722
17.21 0 0.235022 0.236411 -0.0214211
17.22 0 0.208184 0.23612 0.174048
17.23 0 0.157346 0.243271 0.375745
17.24 0 0.0934795 0.270223 0.570703
17.25 0 0.034769 0.317493 0.749828
17.26 0 0.00368189 0.379795 0.909501
17.27 0 0.010318 0.445692 1.04157
17.28 0 0.0441738 0.511732 1.13798
17.29 0 0.0872497 0.573874 1.19042
17.3 0 0.15678 0.625335 1.20175
17.31 0 0.227804 0.659925 1.16379
17.32 0 0.304459 0.693859 1.09584
17.33 0 0.376965 0.73152 1.00922
17.34 0 0.440093 0.769278 0.915949
17.35 0 0.494115 0.80553 0.833782
17.36 0 0.547571 0.843494 0.784771
17.37 0 0.589173 0.872712 0.769939
17.38 0 0.614352 0.893286 0.792517
17.39 0 0.614165 0.916112 0.856136
17.4 0 0.594183 0.94403 0.96013
17.41 0 0.54411 0.958883 1.08213
17.42 0 0.470767 0.950106 1.20734
17.43 0 0.386027 0.915197 1.32358
17.44 0 0.299606 0.854074 1.41467
17.45 0 0.223093 0.779081 1.47031
17.46 0 0.155185 0.694539 1.47149
17.47 0 0.105579 0.616841 1.41677
17.48 0 0.0584538 0.541609 1.29295
17.49 0 0.0171018 0.472394 1.11113
17.5 0 0.0219672 0.408036 0.898838
17.51 0 0.0742699 0.352428 0.675469
17.52 0 0.138265 0.286684 0.430566
17.53 0 0.204383 0.233267 0.189517
17.54 0 0.264609 0.204619 -0.0257064
17.55 0 0.277884 0.167945 -0.230103
17.56 0 0.250687 0.115091 -0.404827
17.57 0 0.18515 0.0269659 -0.544745
17.58 0 0.0806178 -0.115778 -0.657931
17.59 0 -0.0438532 -0.296812 -0.738015
17.6 0 -0.191503 -0.508511 -0.806035
17.61 0 -0.354437 -0.733048 -0.88043
17.62 0 -0.476876 -0.947522 -0.964579
17.63 0 -0.60939 -1.10568 -1.07071
17.64 0 -0.714479 -1.19409 -1.18649
17.65 0 -0.775546 -1.22038 -1.30093
17.66 0 -0.773637 -1.21305 -1.40561
17.67 0 -0.722137 -1.20052 -1.5039
17.68 0 -0.639015 -1.19769 -1.59919
17.69 0 -0.543658 -1.19319 -1.6858
17.7 0 -0.446986 -1.17344 -1.75598
17.71 0 -0.380401 -1.13542 -1.81367
17.72 0 -0.346092 -1.07863 -1.84722
17.73 0 -0.338771 -1.01525 -1.84352
17.74 0 -0.3376 -0.954796 -1.7842
17.75 0 -0.331631 -0.905597 -1.66501
17.76 0 -0.337934 -0.885231 -1.51137
17.77 0 -0.366765 -0.888045 -1.34351
17.78 0 -0.41085 -0.890093 -1.16922
17.79 0 -0.454644 -0.867248 -0.991392
17.8 0 -0.484225 -0.810895 -0.8164
17.81 0 -0.464675 -0.72458 -0.645554
17.82 0 -0.40665 -0.612843 -0.490342
17.83 0 -0.323885 -0.476065 -0.354756
17.84 0 -0.220788 -0.314614 -0.232835
17.85 0 -0.100094 -0.135374 -0.115851
17.86 0 0.0262282 0.0468224 2.63907e-05
17.87 0 0.14785 0.218576 0.119929
17.88 0 0.25547 0.372257 0.24963
17.89 0 0.343787 0.506313 0.394814
17.9 0 0.41296 0.627458 0.562537
17.91 0 0.436727 0.71275 0.726327
17.92 0 0.39455 0.764483 0.877507
17.93 0 0.332602 0.792349 1.03244
17.94 0 0.288465 0.793467 1.1893
17.95 0 0.259391 0.771206 1.32805
17.96 0 0.245588 0.748377 1.43716
17.97 0 0.2525 0.756097 1.51618
17.98 0 0.266608 0.7927 1.54875
17.99 0 0.292329 0.854645 1.53916
18 0 0.341732 0.931855 1.50261
18.01 0 0.433249 1.0233 1.46726
18.02 0 0.544835 1.10301 1.42868
18.03 0 0.652992 1.16072 1.3865
18.04 0 0.742158 1.20311 1.34883
18.05 0 0.786742 1.23474 1.3178
18.06 0 0.770848 1.24516 1.29066
18.07 0 0.704396 1.22168 1.27226
18.08 0 0.605472 1.1514 1.26455
18.09 0 0.505597 1.0461 1.27828
18.1 0 0.425773 0.930539 1.31506
18.11 0 0.356484 0.818669 1.35
18.12 0 0.279429 0.716853 1.35131
18.13 0 0.1981 0.635887 1.30824
18.14 0 0.117614 0.565421 1.21135
18.15 0 0.0376377 0.501265 1.0681
18.16 0 -0.0186419 0.423917 0.890146
18.17 0 -0.0302882 0.310654 0.681672
18.18 0 -0.00617528 0.173675 0.449966
18.19 0 0.031425 0.0381632 0.198927
18.2 0 0.0537707 -0.0750709 -0.0694691
18.21 0 0.0526579 -0.153341 -0.339274
18.22 0 0.0308982 -0.205818 -0.591384
18.23 0 -0.0100987 -0.266297 -0.816892
18.24 0 -0.0516398 -0.348733 -0.993538
18.25 0 -0.0868162 -0.456416 -1.1118
18.26 0 -0.136204 -0.599111 -1.19492
18.27 0 -0.171689 -0.76436 -1.25391
18.28 0 -0.270452 -0.905583 -1.31255
18.29 0 -0.425108 -1.02445 -1.38689
18.3 0 -0.603333 -1.11899 -1.46386
18.31 0 -0.759607 -1.21282 -1.53471
18.32 0 -0.866036 -1.31696 -1.59372
18.33 0 -0.899619 -1.42184 -1.63162
18.34 0 -0.877913 -1.50518 -1.66351
18.35 0 -0.825164 -1.5496 -1.70173
18.36 0 -0.750913 -1.53509 -1.75098
18.37 0 -0.670818 -1.45442 -1.80728
18.38 0 -0.592603 -1.32157 -1.86263
18.39 0 -0.500933 -1.15688 -1.88703
18.4 0 -0.385392 -0.990057 -1.85565
18.41 0 -0.268492 -0.856466 -1.77092
18.42 0 -0.157334 -0.750877 -1.62273
18.43 0 -0.0815248 -0.664743 -1.42645
18.44 0 -0.0742787 -0.598857 -1.21248
18.45 0 -0.129546 -0.540784 -0.988316
18.46 0 -0.218975 -0.486613 -0.754765
18.47 0 -0.311728 -0.443869 -0.51795
18.48 0 -0.353465 -0.417445 -0.28149
18.49 0 -0.339357 -0.3734 -0.0474636
18.5 0 -0.289948 -0.298489 0.158017
18.51 0 -0.225231 -0.179835 0.31922
18.52 0 -0.148308 -0.0217311 0.433418
18.53 0 -0.0587922 0.157654 0.508138
18.54 0 0.0511255 0.332993 0.558841
18.55 0 0.181045 0.485903 0.601936
18.56 0 0.324184 0.612417 0.652106
18.57 0 0.461378 0.720775 0.71701
18.58 0 0.563976 0.81855 0.794282
18.59 0 0.583033 0.921961 0.885376
18.6 0 0.588969 1.00335 1.00245
18.61 0 0.578368 1.05353 1.1414
18.62 0 0.561052 1.06592 1.29208
18.63 0 0.518279 1.04076 1.42794
18.64 0 0.454756 0.992349 1.53464
18.65 0 0.385784 0.949851 1.61328
18.66 0 0.322602 0.91936 1.65591
18.67 0 0.272268 0.897529 1.65619
18.68 0 0.256934 0.88905 1.62581
18.69 0 0.283438 0.89347 1.57141
18.7 0 0.34037 0.905162 1.49295
18.71 0 0.409741 0.920491 1.39149
18.72 0 0.484087 0.945508 1.28144
18.73 0 0.542278 0.967677 1.16398
18.74 0 0.576452 0.977847 1.04942
18.75 0 0.594527 0.976927 0.958789
18.76 0 0.592451 0.954314 0.895746
18.77 0 0.555381 0.893226 0.847472
18.78 0 0.488263 0.800339 0.813963
18.79 0 0.399608 0.688123 0.792486
18.8 0 0.259774 0.577374 0.773636
18.81 0 0.124704 0.445731 0.746021
18.82 0 0.00284159 0.299581 0.700372
18.83 0 -0.0886113 0.144477 0.625612
18.84 0 -0.162163 -0.00537893 0.506364
18.85 0 -0.208418 -0.131345 0.34412
18.86 0 -0.236054 -0.22601 0.138919
18.87 0 -0.242414 -0.295372 -0.100519
18.88 0 -0.227219 -0.346635 -0.356519
18.89 0 -0.193738 -0.39653 -0.61461
18.9 0 -0.157433 -0.458935 -0.864679
18.91 0 -0.120191 -0.529716 -1.0865
18.92 0 -0.065158 -0.596541 -1.25824
18.93 0 -0.0344767 -0.647048 -1.38323
18.94 0 -0.055654 -0.681443 -1.46759
18.95 0 -0.117426 -0.699635 -1.49997
18.96 0 -0.202899 -0.71892 -1.47762
18.97 0 -0.308175 -0.768974 -1.41745
18.98 0 -0.421503 -0.855777 -1.33281
18.99 0 -0.529276 -0.961605 -1.23457
19 0 -0.623272 -1.06357 -1.13673
19.01 0 -0.711053 -1.1438 -1.06685
19.02 0 -0.781214 -1.19788 -1.03477
19.03 0 -0.830974 -1.21919 -1.0447
19.04 0 -0.83388 -1.21729 -1.09159
19.05 0 -0.782964 -1.20065 -1.17045
19.06 0 -0.682643 -1.16173 -1.27235
19.07 0 -0.543762 -1.08935 -1.37478
19.08 0 -0.390083 -0.981054 -1.46628
19.09 0 -0.246052 -0.849855 -1.53316
19.1 0 -0.122826 -0.707943 -1.55532
19.11 0 -0.0348094 -0.57989 -1.52434
19.12 0 0.0122124 -0.483956 -1.43453
19.13 0 0.0232157 -0.422079 -1.28002
19.14 0 0.00549939 -0.383688 -1.06268
19.15 0 -0.0371093 -0.354614 -0.79643
19.16 0 -0.0817905 -0.331942 -0.50668
19.17 0 -0.149987 -0.295118 -0.221329
19.18 0 -0.223652 -0.238793 0.0415726
19.19 0 -0.286725 -0.165084 0.269764
19.2 0 -0.308681 -0.0827806 0.459922
19.21 0 -0.275233 0.00704155 0.61195
19.22 0 -0.183429 0.10739 0.725261
19.23 0 -0.0524842 0.22496 0.796653
19.24 0 0.101791 0.369667 0.833377
19.25 0 0.256562 0.537413 0.842392
19.26 0 0.397617 0.711378 0.836325
19.27 0 0.506619 0.87199 0.831782
19.28 0 0.564146 1.00232 0.847854
19.29 0 0.625782 1.06856 0.902323
19.3 0 0.676784 1.07782 0.994485
19.31 0 0.701717 1.05062 1.11006
19.32 0 0.676223 1.01678 1.22865
19.33 0 0.601043 0.995946 1.33724
19.34 0 0.48965 0.989163 1.42827
19.35 0 0.372894 0.982499 1.50208
19.36 0 0.278184 0.961699 1.56088
19.37 0 0.229229 0.917041 1.602
19.38 0 0.225665 0.85727 1.61649
19.39 0 0.253448 0.80329 1.59265
19.4 0 0.28948 0.774688 1.52069
19.41 0 0.320925 0.778667 1.40158
19.42 0 0.344921 0.803651 1.24597
19.43 0 0.369474 0.82609 1.07292
19.44 0 0.40191 0.823589 0.902972
19.45 0 0.43895 0.782992 0.748983
19.46 0 0.466437 0.707724 0.616002
19.47 0 0.466801 0.613001 0.503394
19.48 0 0.42049 0.514471 0.405993
19.49 0 0.306428 0.422346 0.32026
19.5 0 0.175569 0.318036 0.250963
19.51 0 0.0484461 0.193077 0.197361
19.52 0 -0.0534718 0.0463999 0.153309
19.53 0 -0.132731 -0.105345 0.105688
19.54 0 -0.194108 -0.242804 0.0387485
19.55 0 -0.2487 -0.348191 -0.0597315
19.56 0 -0.294512 -0.41726 -0.192058
19.57 0 -0.325214 -0.457697 -0.351217
19.58 0 -0.329509 -0.486055 -0.524149
19.59 0 -0.304754 -0.516525 -0.697496
19.6 0 -0.257051 -0.554912 -0.860623
19.61 0 -0.203978 -0.597504 -1.00773
19.62 0 -0.162897 -0.63738 -1.13561
19.63 0 -0.139641 -0.671035 -1.24089
19.64 0 -0.146678 -0.69542 -1.32049
19.65 0 -0.189946 -0.71388 -1.36991
19.66 0 -0.255399 -0.738402 -1.38353
19.67 0 -0.327121 -0.778694 -1.35903
19.68 0 -0.393544 -0.83587 -1.30074
19.69 0 -0.451742 -0.900245 -1.22023
19.7 0 -0.503763 -0.955584 -1.13301
19.71 0 -0.551461 -0.9869 -1.05377
19.72 0 -0.58862 -0.987782 -0.991884
19.73 0 -0.600443 -0.961467 -0.949935
19.74 0 -0.580066 -0.913719 -0.926261
19.75 0 -0.524515 -0.851095 -0.916298
19.76 0 -0.439868 -0.777077 -0.914677
19.77 0 -0.338152 -0.692844 -0.915731
19.78 0 -0.234829 -0.598788 -0.913136
19.79 0 -0.142664 -0.497861 -0.899218
19.8 0 -0.0464073 -0.401691 -0.864288
19.81 0 0.0188529 -0.30537 -0.804768
19.82 0 0.0543458 -0.215807 -0.715265
19.83 0 0.059134 -0.138492 -0.592931
19.84 0 0.0475793 -0.081034 -0.437506
19.85 0 0.0248058 -0.0423071 -0.255129
19.86 0 -0.000742926 -0.0165475 -0.056816
19.87 0 -0.0284696 0.00831205 0.142533
19.88 0 -0.0533571 0.042605 0.328553
19.89 0 -0.0709849 0.0932728 0.489938
19.9 0 -0.0717404 0.160219 0.620676
19.91 0 -0.0481573 0.239454 0.719368
19.92 0 0.00474711 0.325178 0.788047
19.93 0 0.0839615 0.413619 0.830319
19.94 0 0.180718 0.503085 0.850747
19.95 0 0.281713 0.593057 0.854856
19.96 0 0.372545 0.68188 0.849619
19.97 0 0.426006 0.768285 0.842943
19.98 0 0.478714 0.842995 0.858072
19.99 0 0.510756 0.876752 0.880134
20 0 0.532048 0.8816 0.920901
20.01 0 0.532476 0.867618 0.974296
20.02 0 0.507222 0.845463 1.03189
20.03 0 0.452405 0.823518 1.08562
20.04 0 0.376456 0.801544 1.13088
20.05 0 0.297781 0.772862 1.16588
