0.02 0 4.94222e-06 5.97697e-06 5.72974e-06
0.04 0 1.91713e-05 2.58445e-05 2.48572e-05
0.06 0 3.5945e-05 5.60008e-05 5.59254e-05
0.08 0 5.57474e-05 9.57874e-05 0.00010369
0.1 0 8.53616e-05 0.000151315 0.000177982
0.12 0 0.000110411 0.000210168 0.000265533
0.14 0 0.000115146 0.000250782 0.000343333
0.16 0 0.000110226 0.000269892 0.00040441
0.18 0 0.000116687 0.00028556 0.000452627
0.2 0 0.000146636 0.000325223 0.000496659
0.22 0 0.000199514 0.000403072 0.000549648
0.24 0 0.000267803 0.000510486 0.000629377
0.26 0 0.000346899 0.000638262 0.000760498
0.28 0 0.00043966 0.000801051 0.000972356
0.3 0 0.000550054 0.00102551 0.00128577
0.32 0 0.000671671 0.00131139 0.00169428
0.34 0 0.0007903 0.00162085 0.00216235
0.36 0 0.000897919 0.00191247 0.00264266
0.38 0 0.00100125 0.00217832 0.00309611
0.4 0 0.00111083 0.00243427 0.00349515
0.42 0 0.0012245 0.00267915 0.00381698
0.44 0 0.0013298 0.00288428 0.00404831
0.46 0 0.00140584 0.00301284 0.00418336
0.48 0 0.00142106 0.00303388 0.00420887
0.5 0 0.00134862 0.0029233 0.00409914
0.52 0 0.00118579 0.00266268 0.00382245
0.54 0 0.000962528 0.00225921 0.00335943
0.56 0 0.000735457 0.00177331 0.00272906
0.58 0 0.000544737 0.00128339 0.00197846
0.6 0 0.000373014 0.000808107 0.00114827
0.62 0 0.000177549 0.000304532 0.000279283
0.64 0 -5.59564e-05 -0.000253796 -0.000566971
0.66 0 -0.000318263 -0.000834546 -0.00133368
0.68 0 -0.000605969 -0.00139019 -0.00201087
0.7 0 -0.000905845 -0.00190512 -0.00262511
0.72 0 -0.00117714 -0.00238496 -0.00320245
0.74 0 -0.00138984 -0.00282844 -0.00376492
0.76 0 -0.00154645 -0.00321404 -0.00432317
0.78 0 -0.00165313 -0.00351352 -0.00484992
0.8 0 -0.00171668 -0.00372961 -0.00529409
0.82 0 -0.00176589 -0.00390067 -0.00562145
0.84 0 -0.00181815 -0.00403511 -0.00580384
0.86 0 -0.00184388 -0.00407432 -0.0057984
0.88 0 -0.0018045 -0.0039555 -0.00558134
0.9 0 -0.00167685 -0.00365694 -0.00515481
0.92 0 -0.00143891 -0.00317221 -0.00451149
0.94 0 -0.00110848 -0.00252176 -0.00366062
0.96 0 -0.000763676 -0.00178492 -0.00266485
0.98 0 -0.000452828 -0.00104293 -0.00158594
1 0 -0.00015619 -0.000321622 -0.000457802
1.02 0 0.000144122 0.000385696 0.000665919
1.04 0 0.000444655 0.00108594 0.0017156
1.06 0 0.000745113 0.00176107 0.002642
1.08 0 0.00103751 0.00236092 0.00341692
1.1 0 0.0012939 0.00284048 0.00402634
1.12 0 0.00148949 0.003198 0.0044801
1.14 0 0.00161696 0.00345203 0.00480198
1.16 0 0.00167279 0.00359501 0.00499882
1.18 0 0.00166312 0.0036116 0.00506494
1.2 0 0.00162066 0.00353261 0.0050126
1.22 0 0.00159213 0.00343639 0.00488144
1.24 0 0.00159569 0.00337778 0.00471129
1.26 0 0.00159032 0.00331799 0.00450464
1.28 0 0.00151101 0.00315581 0.00423315
1.3 0 0.00132766 0.00282676 0.00386796
1.32 0 0.00105634 0.00234811 0.00338295
1.34 0 0.000741393 0.00178376 0.00275272
1.36 0 0.000425797 0.00117511 0.00195478
1.38 0 0.000121064 0.000508894 0.000973171
1.4 0 -0.000187941 -0.000241613 -0.000179966
1.42 0 -0.000521299 -0.00107084 -0.00145281
1.44 0 -0.000885755 -0.00194023 -0.00276479
1.46 0 -0.00126693 -0.00280137 -0.00402765
1.48 0 -0.00164176 -0.00361433 -0.00517171
1.5 0 -0.00198873 -0.00434412 -0.00615589
1.52 0 -0.00228005 -0.00494643 -0.00695217
1.54 0 -0.00247833 -0.00536869 -0.00752849
1.56 0 -0.00255833 -0.00557388 -0.00785368
1.58 0 -0.00252351 -0.00555657 -0.00790581
1.6 0 -0.00238926 -0.00532668 -0.00766247
1.62 0 -0.00216876 -0.0048933 -0.00710231
1.64 0 -0.00189176 -0.00428633 -0.00624191
1.66 0 -0.00160436 -0.00357276 -0.00515561
1.68 0 -0.00132762 -0.0028232 -0.00394433
1.7 0 -0.00103855 -0.00206577 -0.00269869
1.72 0 -0.000702567 -0.0012846 -0.00148927
1.74 0 -0.00031342 -0.000467995 -0.000368732
1.76 0 0.000105202 0.00035415 0.000638807
1.78 0 0.000510036 0.00111579 0.00153585
1.8 0 0.000843039 0.00174818 0.00232646
1.82 0 0.0010665 0.00222492 0.00301218
1.84 0 0.00119729 0.00257498 0.0036003
1.86 0 0.00127942 0.00283946 0.00408351
1.88 0 0.00132477 0.00301335 0.00440905
1.9 0 0.00131135 0.00304587 0.00449909
1.92 0 0.00123426 0.00290209 0.00431278
1.94 0 0.00110791 0.00259182 0.00385906
1.96 0 0.000932219 0.00214334 0.00316765
1.98 0 0.000707268 0.00158925 0.00229322
2 0 0.000460955 0.000977122 0.00133
2.02 0 0.000206731 0.000345022 0.000363065
2.04 0 -8.3158e-05 -0.000303766 -0.000574287
2.06 0 -0.000395945 -0.000943046 -0.00144115
2.08 0 -0.00065333 -0.00148816 -0.00215889
2.1 0 -0.000808319 -0.00186085 -0.00267683
2.12 0 -0.000895514 -0.00206459 -0.0030112
2.14 0 -0.000979402 -0.00219033 -0.00321751
2.16 0 -0.00108329 -0.00232996 -0.00334213
2.18 0 -0.0011983 -0.00250511 -0.00342624
2.2 0 -0.00133364 -0.00270194 -0.00354248
2.22 0 -0.00148015 -0.00290789 -0.00375133
2.24 0 -0.00157552 -0.00310069 -0.00404147
2.26 0 -0.00156494 -0.00323105 -0.00434402
2.28 0 -0.00143726 -0.00321085 -0.00454577
2.3 0 -0.00122249 -0.00297693 -0.00451845
2.32 0 -0.000981068 -0.00256788 -0.00417519
2.34 0 -0.00074549 -0.002054 -0.00347084
2.36 0 -0.000494942 -0.00142869 -0.00239686
2.38 0 -0.000200893 -0.000634313 -0.00101461
2.4 0 0.000145545 0.000329985 0.000542038
2.42 0 0.000559582 0.00138829 0.00213237
2.44 0 0.00107542 0.00248567 0.00368247
2.46 0 0.00168545 0.00362676 0.00517319
2.48 0 0.0022989 0.00478671 0.00658369
2.5 0 0.00280898 0.00584993 0.00788556
2.52 0 0.00315717 0.0066664 0.00904204
2.54 0 0.00330815 0.00713809 0.00996155
2.56 0 0.00324105 0.00724725 0.0104917
2.58 0 0.00300194 0.0070255 0.0104937
2.6 0 0.0026869 0.00650022 0.00989101
2.62 0 0.00235723 0.00569232 0.00867685
2.64 0 0.00202902 0.00467765 0.00695613
2.66 0 0.00169242 0.00356748 0.00494337
2.68 0 0.00130685 0.00241672 0.00288035
2.7 0 0.000837747 0.00123383 0.000979663
2.72 0 0.000283281 4.85351e-05 -0.000619943
2.74 0 -0.000312721 -0.00105275 -0.00187106
2.76 0 -0.000846551 -0.00194387 -0.0027818
2.78 0 -0.00124108 -0.0025748 -0.00343447
2.8 0 -0.00153226 -0.0030535 -0.00400361
2.82 0 -0.0018059 -0.0035542 -0.00466499
2.84 0 -0.00211356 -0.00418775 -0.00551496
2.86 0 -0.00246584 -0.00496307 -0.00657246
2.88 0 -0.00283223 -0.00580495 -0.00778406
2.9 0 -0.00316202 -0.00661558 -0.00904348
2.92 0 -0.00344078 -0.00734741 -0.0102468
2.94 0 -0.00369327 -0.00800017 -0.0113114
2.96 0 -0.00392288 -0.00855193 -0.012148
2.98 0 -0.00409616 -0.00893693 -0.0126682
3 0 -0.00419735 -0.00911003 -0.0128451
3.02 0 -0.00421104 -0.00905599 -0.0126923
3.04 0 -0.00404207 -0.00869479 -0.0121565
3.06 0 -0.00356459 -0.00786493 -0.0111075
3.08 0 -0.00277949 -0.00647128 -0.00945385
3.1 0 -0.00185868 -0.00464331 -0.00723031
3.12 0 -0.00100739 -0.00269651 -0.004578
3.14 0 -0.000329202 -0.000913752 -0.0016994
3.16 0 0.000173377 0.000609732 0.00114024
3.18 0 0.000580427 0.00194554 0.00366312
3.2 0 0.00104005 0.00320116 0.00568287
3.22 0 0.00165139 0.00439207 0.00713107
3.24 0 0.00235004 0.00543095 0.00802876
3.26 0 0.00293988 0.0061907 0.00846481
3.28 0 0.00323122 0.00655014 0.00856447
3.3 0 0.00316285 0.00645058 0.00844479
3.32 0 0.00282737 0.00597376 0.00817949
3.34 0 0.00240405 0.00534013 0.00778767
3.36 0 0.00207559 0.00479406 0.00726829
3.38 0 0.00196713 0.00447816 0.00666033
3.4 0 0.00208741 0.00439114 0.00605904
3.42 0 0.00229715 0.00441813 0.00556444
3.44 0 0.00235845 0.00436221 0.00519904
3.46 0 0.00210078 0.0040269 0.00489908
3.48 0 0.00155115 0.0033428 0.00455486
3.5 0 0.000876172 0.00240695 0.00401465
3.52 0 0.000277608 0.00142913 0.00314251
3.54 0 -9.15347e-05 0.000594851 0.00190356
3.56 0 -0.000205319 -5.84285e-05 0.000389445
3.58 0 -0.000156421 -0.00059237 -0.00117829
3.6 0 -9.08879e-05 -0.00104903 -0.00250108
3.62 0 -0.000136303 -0.00141823 -0.00331721
3.64 0 -0.000333845 -0.00167458 -0.00350021
3.66 0 -0.000626388 -0.00180958 -0.00310873
3.68 0 -0.000895281 -0.00180843 -0.00235552
3.7 0 -0.0010241 -0.00164055 -0.00152145
3.72 0 -0.000950487 -0.0013038 -0.000852366
3.74 0 -0.00067621 -0.000852885 -0.000465088
3.76 0 -0.000289624 -0.000401358 -0.000345793
3.78 0 4.06449e-05 -9.05505e-05 -0.000414963
3.8 0 0.000171222 -1.16814e-05 -0.000562379
3.82 0 0.000101591 -0.000127224 -0.000654221
3.84 0 -6.05633e-05 -0.000301074 -0.000601738
3.86 0 -0.000233682 -0.000431926 -0.000450933
3.88 0 -0.000382608 -0.000513942 -0.000336481
3.9 0 -0.000453063 -0.000569124 -0.000346114
3.92 0 -0.000390928 -0.000576329 -0.000467605
3.94 0 -0.000232027 -0.000509798 -0.000648571
3.96 0 -0.000100853 -0.000425031 -0.000850848
3.98 0 -0.000111352 -0.00046102 -0.00105698
4 0 -0.000329257 -0.000767855 -0.00131179
4.02 0 -0.000789962 -0.00143207 -0.00176542
4.04 0 -0.00147521 -0.00245911 -0.00263245
4.06 0 -0.00229834 -0.00382566 -0.00411124
4.08 0 -0.00317472 -0.00553732 -0.00634195
4.1 0 -0.00412388 -0.00765066 -0.00940881
4.12 0 -0.00524908 -0.0102396 -0.0133105
4.14 0 -0.006559 -0.0132598 -0.0178488
4.16 0 -0.00785023 -0.0163895 -0.0225487
4.18 0 -0.00883963 -0.0190756 -0.0267602
4.2 0 -0.00932916 -0.0207708 -0.0298208
4.22 0 -0.00924891 -0.0211773 -0.031186
4.24 0 -0.00869472 -0.0203483 -0.0305746
4.26 0 -0.00782593 -0.0184802 -0.0279558
4.28 0 -0.00663945 -0.0155998 -0.0233901
4.3 0 -0.00492297 -0.0115062 -0.016965
4.32 0 -0.00239316 -0.00591754 -0.00877797
4.34 0 0.00109657 0.00132161 0.00108207
4.36 0 0.00541357 0.010036 0.0124892
4.38 0 0.010117 0.0194952 0.0250152
4.4 0 0.014647 0.0285781 0.0377457
4.42 0 0.0187255 0.036613 0.0496898
4.44 0 0.0223339 0.0436285 0.0600831
4.46 0 0.0253725 0.0495765 0.0682236
4.48 0 0.0276328 0.053879 0.0734921
4.5 0 0.0288735 0.0558023 0.075501
4.52 0 0.0287692 0.0549583 0.0740595
4.54 0 0.0270451 0.0513585 0.0691297
4.56 0 0.0238156 0.0452106 0.0609095
4.58 0 0.0196942 0.0370385 0.0499824
4.6 0 0.0153696 0.0278014 0.0372268
4.62 0 0.0111365 0.0184972 0.0235821
4.64 0 0.0070383 0.00976667 0.0101176
4.66 0 0.00300097 0.00168084 -0.00214165
4.68 0 -0.0012048 -0.0061457 -0.0126809
4.7 0 -0.00563761 -0.0139054 -0.0215338
4.72 0 -0.010051 -0.0211718 -0.0290227
4.74 0 -0.0141871 -0.0273721 -0.0355853
4.76 0 -0.0178426 -0.0325085 -0.0416189
4.78 0 -0.0207636 -0.0370513 -0.0473159
4.8 0 -0.0227581 -0.041129 -0.0526016
4.82 0 -0.0237313 -0.0440975 -0.0570669
4.84 0 -0.0236058 -0.0451049 -0.059986
4.86 0 -0.0223295 -0.0438226 -0.0604703
4.88 0 -0.0200149 -0.0404541 -0.0577288
4.9 0 -0.0171562 -0.0354495 -0.0515121
4.92 0 -0.0144403 -0.0293635 -0.0423109
4.94 0 -0.0121765 -0.0227527 -0.0310904
4.96 0 -0.010095 -0.0160557 -0.0190398
4.98 0 -0.00769832 -0.00948873 -0.00746768
5 0 -0.00470383 -0.00311085 0.00240112
5.02 0 -0.00125985 0.00284499 0.00967608
5.04 0 0.00206786 0.00776574 0.0139991
5.06 0 0.00453881 0.0108978 0.0156155
5.08 0 0.00555203 0.0116985 0.0151065
5.1 0 0.00479337 0.010012 0.0129161
5.12 0 0.00236623 0.00608995 0.0091285
5.14 0 -0.00106566 0.000541127 0.0036375
5.16 0 -0.00450817 -0.00571832 -0.00353763
5.18 0 -0.00719412 -0.0116896 -0.0120505
5.2 0 -0.00892126 -0.0167499 -0.021186
5.22 0 -0.00999384 -0.0209451 -0.0299819
5.24 0 -0.0110045 -0.0247516 -0.0375328
5.26 0 -0.0126917 -0.0286784 -0.0434187
5.28 0 -0.0156048 -0.0330312 -0.0478041
5.3 0 -0.019586 -0.0377455 -0.0510915
5.32 0 -0.02386 -0.0424863 -0.0537865
5.34 0 -0.0275374 -0.046789 -0.0564724
5.36 0 -0.0298267 -0.0500174 -0.0594614
5.38 0 -0.0300767 -0.0514289 -0.0624184
5.4 0 -0.0280876 -0.0504183 -0.0643769
5.42 0 -0.0245346 -0.0469636 -0.0642266
5.44 0 -0.0206419 -0.0418565 -0.0611349
5.46 0 -0.0172147 -0.036018 -0.0545209
5.48 0 -0.0142019 -0.0295286 -0.0440702
5.5 0 -0.0110313 -0.0215951 -0.0300275
5.52 0 -0.00687569 -0.0113367 -0.0131865
5.54 0 -0.000783354 0.00159604 0.00554795
5.56 0 0.007678 0.0170758 0.0255292
5.58 0 0.0182237 0.0347575 0.0465425
5.6 0 0.0303731 0.0540594 0.0686958
5.62 0 0.0432866 0.0741711 0.0919414
5.64 0 0.0556113 0.0941847 0.115793
5.66 0 0.0660704 0.113016 0.139506
5.68 0 0.0741196 0.12947 0.162466
5.7 0 0.0800233 0.142873 0.184329
5.72 0 0.0841991 0.153469 0.204631
5.74 0 0.0868693 0.161984 0.222568
5.76 0 0.0883338 0.168844 0.237234
5.78 0 0.0891179 0.173822 0.247843
5.8 0 0.0898166 0.176635 0.253949
5.82 0 0.0908862 0.177748 0.255635
5.84 0 0.0925557 0.178187 0.253604
5.86 0 0.0947915 0.178495 0.24904
5.88 0 0.0973212 0.178237 0.243169
5.9 0 0.0991939 0.176653 0.236693
5.92 0 0.0986878 0.173258 0.229678
5.94 0 0.0947387 0.167551 0.222067
5.96 0 0.0877557 0.158886 0.213846
5.98 0 0.0787505 0.147108 0.204512
6 0 0.0684536 0.132942 0.192781
6.02 0 0.0574127 0.117312 0.177178
6.04 0 0.0465573 0.100636 0.157065
6.06 0 0.0371541 0.0832283 0.133123
6.08 0 0.0298608 0.0659288 0.106695
6.1 0 0.0241137 0.0497903 0.0788736
6.12 0 0.0186934 0.0350312 0.050424
6.14 0 0.0124225 0.0202286 0.022041
6.16 0 0.00437603 0.00316135 -0.00535148
6.18 0 -0.00603255 -0.017089 -0.0308819
6.2 0 -0.0191384 -0.0392417 -0.0546614
6.22 0 -0.0346298 -0.0613078 -0.0774972
6.24 0 -0.0506407 -0.0824747 -0.0997591
6.26 0 -0.064556 -0.102809 -0.121398
6.28 0 -0.0749774 -0.121584 -0.142631
6.3 0 -0.0820793 -0.137071 -0.163762
6.32 0 -0.0863903 -0.148103 -0.184386
6.34 0 -0.0879936 -0.155142 -0.203229
6.36 0 -0.087281 -0.159778 -0.219028
6.38 0 -0.0857416 -0.1634 -0.231255
6.4 0 -0.0852843 -0.166526 -0.239859
6.42 0 -0.0870508 -0.169472 -0.244874
6.44 0 -0.0908768 -0.172808 -0.246406
6.46 0 -0.0957123 -0.176696 -0.245
6.48 0 -0.100304 -0.180187 -0.241806
6.5 0 -0.103364 -0.181687 -0.238014
6.52 0 -0.103638 -0.18013 -0.234247
6.54 0 -0.100275 -0.17539 -0.230386
6.56 0 -0.0934299 -0.167849 -0.225803
6.58 0 -0.0845681 -0.158162 -0.219824
6.6 0 -0.0757388 -0.147289 -0.21183
6.62 0 -0.0683457 -0.136289 -0.201105
6.64 0 -0.0627206 -0.125842 -0.187108
6.66 0 -0.0585034 -0.115844 -0.169992
6.68 0 -0.0550238 -0.105598 -0.150646
6.7 0 -0.0514471 -0.0945727 -0.130237
6.72 0 -0.0469716 -0.0827962 -0.109808
6.74 0 -0.0411568 -0.0705142 -0.0902104
6.76 0 -0.0339342 -0.057618 -0.0719627
6.78 0 -0.0252954 -0.0436058 -0.0549637
6.8 0 -0.0152118 -0.0281464 -0.0384727
6.82 0 -0.00392362 -0.0113862 -0.0213836
6.84 0 0.0077022 0.0063105 -0.00254932
6.86 0 0.0186194 0.0244272 0.0189232
6.88 0 0.0284321 0.0422622 0.0433421
6.9 0 0.0371658 0.059507 0.0699857
6.92 0 0.0449449 0.0765667 0.0972243
6.94 0 0.0523331 0.0937396 0.123586
6.96 0 0.0601724 0.11055 0.148327
6.98 0 0.0687264 0.126288 0.170909
7 0 0.0773251 0.140708 0.190674
7.02 0 0.0850434 0.153802 0.207174
7.04 0 0.0915566 0.165301 0.220558
7.06 0 0.097217 0.174844 0.231546
7.08 0 0.102268 0.18244 0.240838
7.1 0 0.106264 0.188395 0.248577
7.12 0 0.108535 0.192787 0.25451
7.14 0 0.108916 0.195159 0.258412
7.16 0 0.107689 0.194844 0.260075
7.18 0 0.105117 0.191682 0.259132
7.2 0 0.1014 0.186342 0.255187
7.22 0 0.0969216 0.179735 0.248074
7.24 0 0.0922412 0.172196 0.237946
7.26 0 0.0877564 0.163512 0.22526
7.28 0 0.0832969 0.153545 0.21053
7.3 0 0.0781378 0.142401 0.194126
7.32 0 0.0716298 0.130092 0.1764
7.34 0 0.0637007 0.116377 0.157791
7.36 0 0.0546073 0.101005 0.13854
7.38 0 0.0444743 0.084023 0.118406
7.4 0 0.0333491 0.0657701 0.0968379
7.42 0 0.0215634 0.0465901 0.0733732
7.44 0 0.00989287 0.0268303 0.0479582
7.46 0 -0.000516681 0.00708151 0.0209646
7.48 0 -0.00889806 -0.0116748 -0.00707978
7.5 0 -0.0156464 -0.0283529 -0.0352548
7.52 0 -0.0215728 -0.0427953 -0.0616672
7.54 0 -0.0271101 -0.0557961 -0.084126
7.56 0 -0.0327695 -0.0678313 -0.10154
7.58 0 -0.0393646 -0.0788561 -0.1142
7.6 0 -0.047318 -0.0890037 -0.123147
7.62 0 -0.05611 -0.0987462 -0.129718
7.64 0 -0.0646759 -0.108463 -0.13549
7.66 0 -0.0721091 -0.117975 -0.142134
7.68 0 -0.0778938 -0.12668 -0.150911
7.7 0 -0.0817156 -0.134151 -0.162094
7.72 0 -0.083385 -0.140348 -0.174812
7.74 0 -0.0831357 -0.145273 -0.187614
7.76 0 -0.0817568 -0.148663 -0.19913
7.78 0 -0.0801654 -0.150313 -0.208211
7.8 0 -0.0788749 -0.150534 -0.213818
7.82 0 -0.077967 -0.149918 -0.21513
7.84 0 -0.0774701 -0.148653 -0.211922
7.86 0 -0.077458 -0.146326 -0.204823
7.88 0 -0.0776301 -0.14248 -0.195027
7.9 0 -0.0770014 -0.13706 -0.183648
7.92 0 -0.0743493 -0.130082 -0.171396
7.94 0 -0.0690653 -0.121186 -0.158709
7.96 0 -0.0614412 -0.109889 -0.145812
7.98 0 -0.0521695 -0.0962773 -0.132503
8 0 -0.0418924 -0.0812058 -0.118061
8.02 0 -0.0313629 -0.0657201 -0.101721
8.04 0 -0.0215806 -0.0503618 -0.0831765
8.06 0 -0.0133156 -0.0351707 -0.0625438
8.08 0 -0.0065563 -0.0202347 -0.0400335
8.1 0 -0.000715399 -0.00577033 -0.0158848
8.12 0 0.00479105 0.0083064 0.00933197
8.14 0 0.0105633 0.0225347 0.034355
8.16 0 0.0174043 0.0375149 0.0575836
8.18 0 0.0260342 0.0533126 0.0780869
8.2 0 0.0365924 0.0694656 0.0958779
8.22 0 0.0483206 0.0854693 0.111428
8.24 0 0.0598417 0.100894 0.125429
8.26 0 0.0699106 0.115195 0.138818
8.28 0 0.0778571 0.12776 0.152541
8.3 0 0.0834424 0.138227 0.167022
8.32 0 0.0866521 0.146591 0.181921
8.34 0 0.0877572 0.152967 0.196405
8.36 0 0.0873718 0.157421 0.209488
8.38 0 0.0862299 0.160064 0.220145
8.4 0 0.0848963 0.161159 0.227356
8.42 0 0.0837196 0.161026 0.230297
8.44 0 0.0829266 0.159811 0.228586
8.46 0 0.0826059 0.157395 0.222502
8.48 0 0.0825369 0.1536 0.213014
8.5 0 0.0820933 0.148479 0.20147
8.52 0 0.0804952 0.142284 0.1892
8.54 0 0.0772865 0.135186 0.177325
8.56 0 0.0725622 0.127212 0.166636
8.58 0 0.0667503 0.118489 0.157425
8.6 0 0.0603127 0.109461 0.1494
8.62 0 0.053704 0.100699 0.141833
8.64 0 0.0473329 0.0923023 0.133779
8.66 0 0.0414122 0.0837123 0.124274
8.68 0 0.0358879 0.0742879 0.112607
8.7 0 0.0303467 0.0636706 0.0983285
8.72 0 0.0241694 0.0516226 0.0811707
8.74 0 0.0170029 0.0379389 0.0611624
8.76 0 0.00898979 0.0226254 0.0387034
8.78 0 0.000760533 0.00607578 0.0145221
8.8 0 -0.00704587 -0.0109009 -0.0105852
8.82 0 -0.0145788 -0.027385 -0.0357972
8.84 0 -0.0224548 -0.0430933 -0.0599237
8.86 0 -0.0309119 -0.0584744 -0.0816993
8.88 0 -0.0398885 -0.0738089 -0.100567
8.9 0 -0.049299 -0.0887421 -0.116811
8.92 0 -0.0588365 -0.10269 -0.131087
8.94 0 -0.0677827 -0.115294 -0.144017
8.96 0 -0.0752431 -0.126418 -0.156036
8.98 0 -0.0806047 -0.135795 -0.167375
9 0 -0.0837212 -0.142893 -0.178021
9.02 0 -0.0847422 -0.147279 -0.187625
9.04 0 -0.0838997 -0.149003 -0.195485
9.06 0 -0.0815446 -0.148516 -0.200749
9.08 0 -0.078381 -0.146408 -0.202789
9.1 0 -0.0753847 -0.143241 -0.20138
9.12 0 -0.0733004 -0.13949 -0.196597
9.14 0 -0.0722627 -0.135475 -0.188824
9.16 0 -0.0717962 -0.131206 -0.178831
9.18 0 -0.0710295 -0.126301 -0.167601
9.2 0 -0.0690012 -0.120168 -0.156
9.22 0 -0.0649951 -0.112326 -0.144547
9.24 0 -0.0587796 -0.102593 -0.133352
9.26 0 -0.0506807 -0.0911463 -0.122151
9.28 0 -0.0415 -0.0785185 -0.110434
9.3 0 -0.032297 -0.0654649 -0.0976443
9.32 0 -0.0240803 -0.05272 -0.0833989
9.34 0 -0.017517 -0.040813 -0.067668
9.36 0 -0.012757 -0.0300572 -0.050828
9.38 0 -0.00943405 -0.0205865 -0.0335437
9.4 0 -0.00683089 -0.0122333 -0.0166059
9.42 0 -0.00410557 -0.00432643 -0.00090966
9.44 0 -0.000527855 0.00402839 0.0126315
9.46 0 0.00432991 0.0131614 0.0235532
9.48 0 0.0105348 0.0225244 0.0322153
9.5 0 0.0176575 0.0313177 0.0394778
9.52 0 0.0245858 0.039242 0.046103
9.54 0 0.030001 0.0463501 0.0525963
9.56 0 0.0332854 0.0523682 0.0593421
9.58 0 0.0347351 0.0567447 0.0664789
9.6 0 0.0349658 0.0593903 0.0735682
9.62 0 0.0344544 0.0609136 0.0796514
9.64 0 0.0337002 0.0619907 0.0838153
9.66 0 0.0333754 0.0627924 0.0856437
9.68 0 0.0339469 0.0631399 0.0851649
9.7 0 0.0352034 0.062915 0.0826157
9.72 0 0.0363372 0.0620802 0.0783984
9.74 0 0.0365337 0.0604191 0.0731717
9.76 0 0.0354083 0.0575523 0.0677636
9.78 0 0.0329234 0.0533259 0.0627777
9.8 0 0.0291781 0.0480575 0.0582575
9.82 0 0.0244766 0.0422693 0.0537686
9.84 0 0.0194403 0.0362443 0.0487279
9.86 0 0.014806 0.0299932 0.0426314
9.88 0 0.0110212 0.0235915 0.035137
9.9 0 0.00803861 0.0172945 0.0261614
9.92 0 0.00549738 0.0112359 0.016034
9.94 0 0.00303632 0.00518793 0.00549838
9.96 0 0.000391492 -0.00117518 -0.00458476
9.98 0 -0.00265102 -0.00779521 -0.0136004
10 0 -0.00617055 -0.0141994 -0.0213003
10.02 0 -0.010025 -0.0199608 -0.0277054
10.04 0 -0.0138763 -0.0250515 -0.0329774
10.06 0 -0.0173054 -0.0296718 -0.0373872
10.08 0 -0.0200783 -0.0338469 -0.0413448
10.1 0 -0.0222361 -0.0373894 -0.0452827
10.12 0 -0.0238696 -0.0402393 -0.0493948
10.14 0 -0.0250093 -0.0426465 -0.0535584
10.16 0 -0.025791 -0.0449357 -0.0575277
10.18 0 -0.026543 -0.0471992 -0.0611171
10.2 0 -0.0274387 -0.0491787 -0.0640456
10.22 0 -0.0282395 -0.0504651 -0.0658371
10.24 0 -0.0285954 -0.0508311 -0.0661253
10.26 0 -0.0283106 -0.0501677 -0.0648231
10.28 0 -0.0273538 -0.0483515 -0.0620552
10.3 0 -0.0257671 -0.0453623 -0.0580418
10.32 0 -0.0235427 -0.0413419 -0.0529527
10.34 0 -0.0206597 -0.0364821 -0.0468897
10.36 0 -0.017223 -0.0309099 -0.0399754
10.38 0 -0.013495 -0.0247512 -0.0324066
10.4 0 -0.00974222 -0.0182561 -0.0244025
10.42 0 -0.00609616 -0.0117766 -0.0161662
10.44 0 -0.00267667 -0.00559911 -0.00794193
10.46 0 0.000266732 0.000141716 -3.37017e-05
10.48 0 0.00258738 0.00532058 0.00728858
10.5 0 0.00447804 0.00975739 0.013852
10.52 0 0.00626931 0.0134462 0.0195196
10.54 0 0.00813594 0.0166605 0.0241341
10.56 0 0.0100987 0.0196853 0.0276155
10.58 0 0.0121312 0.0225452 0.0301014
10.6 0 0.0141219 0.0250256 0.0318926
10.62 0 0.015783 0.0268956 0.0332513
10.64 0 0.0167278 0.0280321 0.0342786
10.66 0 0.0167087 0.0283389 0.034926
10.68 0 0.0157779 0.0276979 0.0350466
10.7 0 0.0142225 0.0260965 0.0344149
10.72 0 0.012383 0.0237476 0.032763
10.74 0 0.0105676 0.0210201 0.0299229
10.76 0 0.0090347 0.0182254 0.0259795
10.78 0 0.00790173 0.015476 0.0212727
10.8 0 0.00704315 0.0127495 0.0162753
10.82 0 0.00613593 0.010019 0.0114643
10.84 0 0.00486478 0.00727266 0.00723156
10.86 0 0.00313153 0.0044591 0.00379073
10.88 0 0.00109467 0.00153076 0.00107876
10.9 0 -0.000968709 -0.00142737 -0.0012588
10.92 0 -0.00280783 -0.00419793 -0.00371301
10.94 0 -0.00423802 -0.00660151 -0.00663601
10.96 0 -0.00515496 -0.00864565 -0.0100574
10.98 0 -0.00561505 -0.0104671 -0.0137189
11 0 -0.00586665 -0.0121422 -0.017215
11.02 0 -0.00621052 -0.013625 -0.0201139
11.04 0 -0.00679773 -0.014841 -0.0220441
11.06 0 -0.00753915 -0.0157162 -0.0227661
11.08 0 -0.00817681 -0.0160968 -0.0222342
11.1 0 -0.00841222 -0.0157299 -0.0205986
11.12 0 -0.00797319 -0.0143731 -0.0180927
11.14 0 -0.0066613 -0.0119392 -0.0148989
11.16 0 -0.0044705 -0.00852682 -0.0110987
11.18 0 -0.00173342 -0.00436913 -0.00671526
11.2 0 0.000925199 0.000113171 -0.0018018
11.22 0 0.00297199 0.00430286 0.00351559
11.24 0 0.00427299 0.007675 0.00899316
11.26 0 0.00496231 0.0101214 0.0141615
11.28 0 0.00526844 0.0119103 0.0183917
11.3 0 0.00553738 0.0133385 0.0211951
11.32 0 0.00617163 0.0145306 0.0224731
11.34 0 0.00738146 0.0155489 0.0225131
11.36 0 0.00898633 0.0164907 0.0218001
11.38 0 0.0105181 0.0173968 0.0208789
11.4 0 0.0115212 0.018129 0.0202767
11.42 0 0.0116949 0.0183724 0.0202949
11.44 0 0.0108693 0.0178185 0.020786
11.46 0 0.00910234 0.0164133 0.021232
11.48 0 0.00679186 0.0143768 0.0210256
11.5 0 0.00462749 0.0120387 0.0197247
11.52 0 0.00329297 0.00976162 0.0171778
11.54 0 0.00298685 0.00787722 0.0135042
11.56 0 0.00332271 0.0064929 0.00911383
11.58 0 0.00368771 0.00532932 0.00470537
11.6 0 0.00354354 0.00388383 0.00101907
11.62 0 0.00252981 0.00184906 -0.00153014
11.64 0 0.000576731 -0.000687072 -0.00304752
11.66 0 -0.00193402 -0.0034162 -0.00405068
11.68 0 -0.00427617 -0.00600368 -0.00518311
11.7 0 -0.00582245 -0.00813192 -0.00694706
11.72 0 -0.00634422 -0.00958672 -0.00950956
11.74 0 -0.00597865 -0.0104003 -0.0126185
11.76 0 -0.00514057 -0.0108337 -0.0157124
11.78 0 -0.00444104 -0.0111959 -0.0181734
11.8 0 -0.00443579 -0.011717 -0.019564
11.82 0 -0.00530501 -0.0125266 -0.0197677
11.84 0 -0.00680702 -0.013602 -0.0190478
11.86 0 -0.00849528 -0.0147218 -0.0179733
11.88 0 -0.00988475 -0.0155828 -0.0171769
11.9 0 -0.0105519 -0.0160232 -0.0171008
11.92 0 -0.0103132 -0.0160901 -0.0178843
11.94 0 -0.00935712 -0.0159212 -0.0193716
11.96 0 -0.00817164 -0.0156686 -0.0211829
11.98 0 -0.0073028 -0.0155282 -0.022829
12 0 -0.00710361 -0.0157005 -0.0238559
12.02 0 -0.00761494 -0.0162209 -0.0239914
12.04 0 -0.00860247 -0.016863 -0.0232439
12.06 0 -0.00966461 -0.0172722 -0.0218906
12.08 0 -0.0103475 -0.0171869 -0.0203338
12.1 0 -0.0102983 -0.0165374 -0.0189315
12.12 0 -0.00941463 -0.015384 -0.0178789
12.14 0 -0.00788164 -0.0138322 -0.0171503
12.16 0 -0.00607794 -0.0120404 -0.0165187
12.18 0 -0.00444317 -0.0102216 -0.0156396
12.2 0 -0.00332908 -0.00857841 -0.0141781
12.22 0 -0.00284506 -0.00723984 -0.0119744
12.24 0 -0.00285495 -0.00620864 -0.00918183
12.26 0 -0.00308638 -0.00535023 -0.00624777
12.28 0 -0.00319179 -0.00446347 -0.0036928
12.3 0 -0.00280571 -0.00335724 -0.00182795
12.32 0 -0.00171138 -0.00189307 -0.000623154
12.34 0 -3.0343e-05 -2.42304e-05 0.000238545
12.36 0 0.00182455 0.00215892 0.00125096
12.38 0 0.00343959 0.00442187 0.00293605
12.4 0 0.00458731 0.00651555 0.00561295
12.42 0 0.00519944 0.00835671 0.00920054
12.44 0 0.00537099 0.0100325 0.0132398
12.46 0 0.00542109 0.0116605 0.0171327
12.48 0 0.00577772 0.0132961 0.0203706
12.5 0 0.00669781 0.0149483 0.0226317
12.52 0 0.00812141 0.0165939 0.0238254
12.54 0 0.00975544 0.0181221 0.0241179
12.56 0 0.0112117 0.0193159 0.0238722
12.58 0 0.012105 0.01993 0.0234775
12.6 0 0.0121447 0.0198035 0.023161
12.62 0 0.0112455 0.0189171 0.022906
12.64 0 0.00961577 0.0173912 0.0225111
12.66 0 0.00771162 0.0154633 0.0217083
12.68 0 0.00603019 0.0134259 0.0202516
12.7 0 0.004915 0.0115299 0.0180011
12.72 0 0.00445624 0.00991875 0.0150211
12.74 0 0.00446277 0.0086054 0.0116256
12.76 0 0.00455999 0.00745905 0.00830522
12.78 0 0.00436334 0.00625666 0.00554661
12.8 0 0.00361548 0.0048174 0.00362622
12.82 0 0.00227622 0.00310987 0.00249157
12.84 0 0.000585081 0.00125401 0.00180363
12.86 0 -0.00100569 -0.000545351 0.00108851
12.88 0 -0.00207902 -0.00206445 -7.96233e-05
12.9 0 -0.00246724 -0.00314709 -0.00189851
12.92 0 -0.00225644 -0.00378945 -0.00421156
12.94 0 -0.0016963 -0.00411539 -0.0065337
12.96 0 -0.00113121 -0.00425979 -0.00825633
12.98 0 -0.000869179 -0.00427992 -0.0088909
13 0 -0.00102349 -0.00416742 -0.00824333
13.02 0 -0.00147829 -0.00391038 -0.00650093
13.04 0 -0.00197534 -0.00350106 -0.00418034
13.06 0 -0.00222635 -0.00289532 -0.00191733
13.08 0 -0.00201566 -0.0020411 -0.000217484
13.1 0 -0.00129982 -0.000982121 0.000690436
13.12 0 -0.000263919 0.000103995 0.000873169
13.14 0 0.000728636 0.000966978 0.000605223
13.16 0 0.0012974 0.00137673 0.000217232
13.18 0 0.0012311 0.00121607 -4.93731e-05
13.2 0 0.00058278 0.000541635 -0.00013539
13.22 0 -0.00038081 -0.000438501 -0.000184397
13.24 0 -0.00131394 -0.00146402 -0.000463389
13.26 0 -0.00192974 -0.00233532 -0.0012093
13.28 0 -0.00211146 -0.00298473 -0.0024981
13.3 0 -0.00195621 -0.00347683 -0.00420238
13.32 0 -0.00172328 -0.00395361 -0.0060435
13.34 0 -0.00170624 -0.00456303 -0.0077045
13.36 0 -0.00209104 -0.00540063 -0.00895906
13.38 0 -0.00287431 -0.00645884 -0.00975687
13.4 0 -0.00387698 -0.007603 -0.0102223
13.42 0 -0.00483303 -0.00863754 -0.0105868
13.44 0 -0.00550217 -0.00942336 -0.0110867
13.46 0 -0.00576572 -0.00993346 -0.0118601
13.48 0 -0.0056651 -0.0102345 -0.0128955
13.5 0 -0.00536778 -0.0104242 -0.0140394
13.52 0 -0.00508894 -0.0105736 -0.0150489
13.54 0 -0.00500755 -0.0107358 -0.0156941
13.56 0 -0.00520195 -0.0109593 -0.0158613
13.58 0 -0.00562301 -0.0112454 -0.015592
13.6 0 -0.00611389 -0.0115006 -0.015045
13.62 0 -0.0064448 -0.0115431 -0.014385
13.64 0 -0.00636587 -0.0111802 -0.0136783
13.66 0 -0.0057142 -0.0102988 -0.0128754
13.68 0 -0.00452888 -0.00887708 -0.011839
13.7 0 -0.00304519 -0.00695591 -0.0103559
13.72 0 -0.00154411 -0.00465148 -0.00816966
13.74 0 -0.000203074 -0.00212672 -0.00507057
13.76 0 0.000950066 0.000515782 -0.00101768
13.78 0 0.00199365 0.00329426 0.00378494
13.8 0 0.00306668 0.00627142 0.00893266
13.82 0 0.00433813 0.00943586 0.0139667
13.84 0 0.00592889 0.0126844 0.0185214
13.86 0 0.00785749 0.0158878 0.0224039
13.88 0 0.0100237 0.0189399 0.025588
13.9 0 0.0121908 0.0217553 0.0281639
13.92 0 0.0140811 0.0242419 0.0303151
13.94 0 0.015498 0.0262762 0.0322552
13.96 0 0.0163209 0.0277124 0.034077
13.98 0 0.0164752 0.0284359 0.0356504
14 0 0.0159656 0.0283913 0.0366577
14.02 0 0.0149123 0.0275506 0.0367134
14.04 0 0.0135173 0.0259024 0.0354877
14.06 0 0.0119767 0.0234969 0.0327965
14.08 0 0.0104075 0.0204785 0.0286679
14.1 0 0.00883954 0.0170469 0.0233818
14.12 0 0.00722576 0.0133555 0.0174194
14.14 0 0.00543798 0.00944809 0.0113071
14.16 0 0.00334994 0.00531158 0.00545967
14.18 0 0.000963651 0.000985157 8.49491e-05
14.2 0 -0.00157502 -0.0033779 -0.00484209
14.22 0 -0.0040715 -0.00756905 -0.00952206
14.24 0 -0.00638612 -0.0114457 -0.0141849
14.26 0 -0.00844366 -0.0149861 -0.0189119
14.28 0 -0.0102069 -0.0182518 -0.0235771
14.3 0 -0.0116901 -0.0212786 -0.0279368
14.32 0 -0.0129623 -0.0239725 -0.0317348
14.34 0 -0.0140837 -0.0261575 -0.0347507
14.36 0 -0.0150413 -0.0277342 -0.0368246
14.38 0 -0.0157575 -0.0287186 -0.0378846
14.4 0 -0.0161425 -0.0291185 -0.0379564
14.42 0 -0.0161259 -0.028847 -0.0371376
14.44 0 -0.0156319 -0.0277813 -0.0355255
14.46 0 -0.0145611 -0.0258661 -0.033149
14.48 0 -0.0128682 -0.0231468 -0.0299923
14.5 0 -0.0106436 -0.0197206 -0.0260589
14.52 0 -0.00806578 -0.0156826 -0.021372
14.54 0 -0.00532041 -0.0111635 -0.0159675
14.56 0 -0.00262336 -0.00637006 -0.00993164
14.58 0 -0.000218345 -0.00155233 -0.00342956
14.6 0 0.00176324 0.00301444 0.00327981
14.62 0 0.00338743 0.00709184 0.00982425
14.64 0 0.00483516 0.0106281 0.0157569
14.66 0 0.00628947 0.0137768 0.0206846
14.68 0 0.00790406 0.0166837 0.0244039
14.7 0 0.00976232 0.0193305 0.0269532
14.72 0 0.0117505 0.0216092 0.0285482
14.74 0 0.0135385 0.0234311 0.0294793
14.76 0 0.0147728 0.024731 0.0300613
14.78 0 0.0152649 0.025423 0.0305632
14.8 0 0.0149862 0.025396 0.0310488
14.82 0 0.0139631 0.0245583 0.0312564
14.84 0 0.0122648 0.0228611 0.0306738
14.86 0 0.0100753 0.0202931 0.0287734
14.88 0 0.00768117 0.0168965 0.0252214
14.9 0 0.0053657 0.0128133 0.019977
14.92 0 0.00331425 0.00829573 0.0133033
14.94 0 0.00152323 0.00361243 0.00569346
14.96 0 -0.000199217 -0.00107169 -0.00222977
14.98 0 -0.0020669 -0.00570699 -0.00979845
15 0 -0.00417233 -0.010236 -0.0164198
15.02 0 -0.0064719 -0.0144646 -0.0217128
15.04 0 -0.00884394 -0.0181044 -0.0255733
15.06 0 -0.0111255 -0.0209867 -0.0281483
15.08 0 -0.013103 -0.0231927 -0.0297655
15.1 0 -0.0145592 -0.0248682 -0.0308204
15.12 0 -0.0153434 -0.0259691 -0.0316218
15.14 0 -0.0153866 -0.0263024 -0.0322643
15.16 0 -0.0146791 -0.025748 -0.0325757
15.18 0 -0.0132986 -0.0243602 -0.0321983
15.2 0 -0.0114715 -0.0222782 -0.0307742
15.22 0 -0.00951251 -0.0195983 -0.0280697
15.24 0 -0.00764602 -0.0163744 -0.0240044
15.26 0 -0.00589315 -0.0126973 -0.0186723
15.28 0 -0.00414136 -0.00867438 -0.0123659
15.3 0 -0.00227876 -0.00435948 -0.0055397
15.32 0 -0.000247575 0.000197931 0.00130477
15.34 0 0.00196719 0.00486441 0.00777185
15.36 0 0.00436698 0.00944063 0.0136668
15.38 0 0.00691448 0.0137588 0.0189538
15.4 0 0.00949754 0.0177461 0.023652
15.42 0 0.0119381 0.0213846 0.0277794
15.44 0 0.014034 0.024613 0.0313521
15.46 0 0.0156577 0.0272955 0.0344102
15.48 0 0.0167995 0.0293145 0.0369982
15.5 0 0.0174872 0.0306604 0.0390836
15.52 0 0.0177354 0.0314026 0.0405312
15.54 0 0.0176132 0.0316076 0.0412024
15.56 0 0.0172764 0.0313099 0.0410467
15.58 0 0.01685 0.0305351 0.0400723
15.6 0 0.0163117 0.0293118 0.0382895
15.62 0 0.0155195 0.0276217 0.0357176
15.64 0 0.0143264 0.0253616 0.032424
15.66 0 0.0126494 0.0224076 0.0285132
15.68 0 0.0104583 0.0187322 0.0240599
15.7 0 0.0077802 0.0144485 0.0190824
15.72 0 0.00476335 0.00972683 0.0135847
15.74 0 0.00172598 0.00470138 0.00758362
15.76 0 -0.000991787 -0.000473527 0.00108163
15.78 0 -0.00329865 -0.00552589 -0.00590093
15.8 0 -0.00533355 -0.010192 -0.0131654
15.82 0 -0.00724841 -0.0144534 -0.0202509
15.84 0 -0.00917058 -0.0184999 -0.0265987
15.86 0 -0.0112448 -0.0224433 -0.0318218
15.88 0 -0.0135551 -0.0261452 -0.0358168
15.9 0 -0.015954 -0.0293107 -0.0386453
15.92 0 -0.0180171 -0.0316728 -0.0403964
15.94 0 -0.0192843 -0.0330687 -0.0412018
15.96 0 -0.0195609 -0.033421 -0.0412789
15.98 0 -0.0189738 -0.0327705 -0.0408534
16 0 -0.0178046 -0.0313427 -0.0400203
16.02 0 -0.0163355 -0.0294804 -0.0387051
16.04 0 -0.0148187 -0.0274524 -0.0367729
16.06 0 -0.0134412 -0.025315 -0.0341332
16.08 0 -0.0122335 -0.0229606 -0.0307626
16.1 0 -0.0110449 -0.0202808 -0.0267161
16.12 0 -0.00963911 -0.0172381 -0.0221453
16.14 0 -0.00781539 -0.0137966 -0.0172574
16.16 0 -0.00546975 -0.0098685 -0.0122091
16.18 0 -0.00266067 -0.00536957 -0.00701558
16.2 0 0.000346302 -0.00036544 -0.00154048
16.22 0 0.00320869 0.00479735 0.00439279
16.24 0 0.00565353 0.0095872 0.0107719
16.26 0 0.00752893 0.013632 0.0172478
16.28 0 0.00883211 0.0169153 0.0232118
16.3 0 0.00970401 0.0195674 0.0280148
16.32 0 0.0104012 0.0215801 0.031201
16.34 0 0.0111397 0.0228107 0.0325889
16.36 0 0.0118848 0.0231787 0.0322081
16.38 0 0.0123839 0.0227561 0.0302999
16.4 0 0.0124066 0.0216677 0.0273652
16.42 0 0.0118457 0.0199539 0.0240222
16.44 0 0.0106257 0.0175868 0.0207147
16.46 0 0.00867218 0.0145945 0.0175466
16.48 0 0.00601793 0.0110702 0.0143281
16.5 0 0.00297402 0.00708758 0.0107351
16.52 0 0.000106618 0.00273968 0.00642917
16.54 0 -0.0021903 -0.00172904 0.0010966
16.56 0 -0.00397107 -0.00600372 -0.00538638
16.58 0 -0.00542837 -0.00994556 -0.0126423
16.6 0 -0.00659894 -0.0135836 -0.0197421
16.62 0 -0.00755012 -0.016855 -0.0256405
16.64 0 -0.0085468 -0.0195128 -0.0296642
16.66 0 -0.0098423 -0.0213728 -0.0316379
16.68 0 -0.0114654 -0.0226117 -0.0318259
16.7 0 -0.0132211 -0.0236272 -0.0308479
16.72 0 -0.0148121 -0.0245984 -0.0295328
16.74 0 -0.0159605 -0.0253759 -0.0286954
16.76 0 -0.0163909 -0.0257187 -0.0287973
16.78 0 -0.0158227 -0.0254705 -0.0297006
16.8 0 -0.0142003 -0.0245555 -0.0307955
16.82 0 -0.0118986 -0.0229452 -0.0313442
16.84 0 -0.00955289 -0.020708 -0.0307128
16.86 0 -0.00768539 -0.0180844 -0.0284728
16.88 0 -0.00649168 -0.0154016 -0.0245029
16.9 0 -0.00586861 -0.0128215 -0.019098
16.92 0 -0.00550241 -0.0102123 -0.0129466
16.94 0 -0.00489157 -0.00728483 -0.00685046
16.96 0 -0.00348003 -0.00381117 -0.00137836
16.98 0 -0.000999463 0.000266926 0.00327824
17 0 0.0022614 0.00483002 0.00728124
17.02 0 0.00565027 0.00954158 0.0110625
17.04 0 0.00864173 0.0138913 0.0151291
17.06 0 0.0109672 0.0175288 0.0197536
17.08 0 0.0124667 0.0205302 0.0247923
17.1 0 0.0131951 0.023164 0.0298115
17.12 0 0.0135553 0.0255082 0.0343388
17.14 0 0.0140611 0.0274554 0.0379728
17.16 0 0.014947 0.0289797 0.040374
17.18 0 0.016071 0.0301857 0.0413304
17.2 0 0.0171311 0.031051 0.0408962
17.22 0 0.017842 0.0312611 0.0393897
17.24 0 0.0179135 0.030433 0.0371908
17.26 0 0.0170493 0.0284643 0.0345456
17.28 0 0.0151248 0.025557 0.0315339
17.3 0 0.0123682 0.021971 0.0281469
17.32 0 0.00929784 0.0179238 0.0243434
17.34 0 0.00641805 0.0136852 0.0200346
17.36 0 0.00402306 0.00956317 0.0151129
17.38 0 0.0022013 0.00573444 0.00956388
17.4 0 0.000838911 0.00216798 0.00356125
17.42 0 -0.000331933 -0.00127323 -0.00252493
17.44 0 -0.00160619 -0.00468937 -0.00822862
17.46 0 -0.00317081 -0.00807401 -0.0131441
17.48 0 -0.00502783 -0.0113181 -0.0170496
17.5 0 -0.00704286 -0.0142686 -0.0199663
17.52 0 -0.00903895 -0.0168115 -0.0221223
17.54 0 -0.0108129 -0.0189216 -0.0238233
17.56 0 -0.0121538 -0.0206349 -0.0253366
17.58 0 -0.0129451 -0.0219591 -0.0268378
17.6 0 -0.0132188 -0.0228465 -0.0283662
17.62 0 -0.0130881 -0.0232664 -0.0297788
17.64 0 -0.0126676 -0.0232516 -0.0307741
17.66 0 -0.0120747 -0.0228571 -0.0310248
17.68 0 -0.0114676 -0.0221234 -0.0303492
17.7 0 -0.0109909 -0.0210936 -0.0287708
17.72 0 -0.0106201 -0.0197961 -0.0264263
17.74 0 -0.0101076 -0.0181704 -0.023463
17.76 0 -0.00915479 -0.0160633 -0.0200441
17.78 0 -0.00763323 -0.0133685 -0.0163843
17.8 0 -0.00563704 -0.0101784 -0.0127009
17.82 0 -0.00342627 -0.00676027 -0.00910329
17.84 0 -0.00132659 -0.0033892 -0.00552549
17.86 0 0.000447842 -0.00022399 -0.0017666
17.88 0 0.00186771 0.00270618 0.0023431
17.9 0 0.00302032 0.00545433 0.00677064
17.92 0 0.00405596 0.00811536 0.0112766
17.94 0 0.00514352 0.0107691 0.0155404
17.96 0 0.00642245 0.0134156 0.0192927
17.98 0 0.00796601 0.015982 0.0223954
18 0 0.00972166 0.0183907 0.0248422
18.02 0 0.0114839 0.0205864 0.0267257
18.04 0 0.0129827 0.0224778 0.0282028
18.06 0 0.0139928 0.0238901 0.0294235
18.08 0 0.0143615 0.0246156 0.0304155
18.1 0 0.0140249 0.0245342 0.0310326
18.12 0 0.0130677 0.0236874 0.0310306
18.14 0 0.011738 0.0222295 0.0301845
18.16 0 0.01034 0.0203291 0.0283571
18.18 0 0.00908225 0.0181259 0.0255272
18.2 0 0.00799775 0.0157202 0.0218154
18.22 0 0.00696135 0.0131421 0.0174803
18.24 0 0.00576475 0.0103373 0.0128604
18.26 0 0.00422499 0.00720817 0.00826507
18.28 0 0.00226936 0.00369395 0.00385188
18.3 0 -3.481e-05 -0.000164908 -0.000436997
18.32 0 -0.00248992 -0.00422047 -0.00481841
18.34 0 -0.00486647 -0.00827164 -0.0095263
18.36 0 -0.0070185 -0.0121492 -0.0146493
18.38 0 -0.00887827 -0.0157618 -0.0200108
18.4 0 -0.0104052 -0.0190614 -0.025193
18.42 0 -0.0116428 -0.0219834 -0.0297323
18.44 0 -0.0127547 -0.0244393 -0.0333152
18.46 0 -0.0138813 -0.0263674 -0.0358003
18.48 0 -0.0150028 -0.0277849 -0.0371685
18.5 0 -0.0159805 -0.0287506 -0.0375354
18.52 0 -0.0166789 -0.0292674 -0.0371656
18.54 0 -0.0169965 -0.0292619 -0.0363787
18.56 0 -0.0168141 -0.0286618 -0.0353816
18.58 0 -0.0160013 -0.0274411 -0.0341747
18.6 0 -0.0145278 -0.0255894 -0.0325968
18.62 0 -0.0125366 -0.0230878 -0.0304227
18.64 0 -0.0102555 -0.0199417 -0.0274092
18.66 0 -0.00785703 -0.0162241 -0.0233324
18.68 0 -0.00543024 -0.0120548 -0.0180826
18.7 0 -0.00307127 -0.00752987 -0.0117591
18.72 0 -0.000884031 -0.00272303 -0.0046564
18.74 0 0.00118231 0.00225038 0.00286396
18.76 0 0.00334768 0.00725484 0.010449
18.78 0 0.00577932 0.0122211 0.0177286
18.8 0 0.00848436 0.0171202 0.0243368
18.82 0 0.0113813 0.0218508 0.0300169
18.84 0 0.0143058 0.0262242 0.0346894
18.86 0 0.0170093 0.0300387 0.0384385
18.88 0 0.0192399 0.0331424 0.0414527
18.9 0 0.0208122 0.035453 0.0439208
18.92 0 0.0216266 0.0369291 0.0459141
18.94 0 0.0216465 0.0375115 0.0473077
18.96 0 0.0208971 0.0371016 0.0477999
18.98 0 0.0195034 0.0356346 0.0470412
19 0 0.0176715 0.0331504 0.0447586
19.02 0 0.0155961 0.0297801 0.0408149
19.04 0 0.0134032 0.0256956 0.0352714
19.06 0 0.0111506 0.021068 0.0284383
19.08 0 0.00880817 0.0160489 0.0208248
19.1 0 0.00625789 0.0107785 0.0130064
19.12 0 0.00342727 0.00538186 0.00549903
19.14 0 0.000443408 -1.24075e-05 -0.00134759
19.16 0 -0.0024258 -0.00517919 -0.00742349
19.18 0 -0.00496872 -0.00976824 -0.012811
19.2 0 -0.00709717 -0.0134889 -0.0176008
19.22 0 -0.00876275 -0.0163374 -0.0217384
19.24 0 -0.00994513 -0.0185495 -0.0250673
19.26 0 -0.0107782 -0.0203437 -0.02752
19.28 0 -0.0115437 -0.0217901 -0.029206
19.3 0 -0.0124153 -0.0228982 -0.0302834
19.32 0 -0.0132794 -0.0237162 -0.0308318
19.34 0 -0.0138808 -0.0242702 -0.0309065
19.36 0 -0.0140723 -0.0244617 -0.0306334
19.38 0 -0.0138396 -0.0241167 -0.0301378
19.4 0 -0.0131683 -0.0231509 -0.0293944
19.42 0 -0.0120427 -0.0216464 -0.0282321
19.44 0 -0.0105652 -0.0197401 -0.0264783
19.46 0 -0.00894508 -0.0174785 -0.0240321
19.48 0 -0.00734171 -0.0148466 -0.0208441
19.5 0 -0.00576931 -0.0118853 -0.016916
19.52 0 -0.00416109 -0.00866206 -0.0123282
19.54 0 -0.00247435 -0.00518901 -0.00725134
19.56 0 -0.000729087 -0.00149304 -0.00193689
19.58 0 0.00100974 0.00226377 0.00332421
19.6 0 0.00269493 0.00582795 0.00827544
19.62 0 0.00429751 0.00900294 0.0127115
19.64 0 0.00571369 0.0116698 0.0164067
19.66 0 0.00678834 0.0136991 0.0191172
19.68 0 0.00744352 0.0149298 0.0206775
19.7 0 0.00769163 0.0152742 0.0210524
19.72 0 0.00764276 0.0148976 0.0204058
19.74 0 0.00750167 0.0142057 0.0191157
19.76 0 0.00743466 0.0135678 0.017629
19.78 0 0.00748481 0.0131363 0.0163348
19.8 0 0.00753898 0.0128463 0.0154562
19.82 0 0.00733152 0.0124662 0.0149454
19.84 0 0.00664556 0.0117587 0.0145746
19.86 0 0.00554786 0.010667 0.0141297
19.88 0 0.00437494 0.00934541 0.0134634
19.9 0 0.00347445 0.00803856 0.0124291
19.92 0 0.00292731 0.00688007 0.0108466
19.94 0 0.00255817 0.005758 0.00861148
19.96 0 0.00213165 0.00438134 0.00580746
19.98 0 0.00142498 0.0024784 0.002623
20 0 0.000257349 -2.65094e-05 -0.00079415
20.02 0 -0.00138289 -0.00298876 -0.00436098
20.04 0 -0.00323776 -0.00611294 -0.00797552
20.06 0 -0.00490347 -0.00902812 -0.0114737
20.08 0 -0.00609562 -0.0113975 -0.0146748
20.1 0 -0.00673743 -0.0130035 -0.0173618
20.12 0 -0.00688469 -0.0138078 -0.0192616
20.14 0 -0.00676273 -0.0140354 -0.0202266
20.16 0 -0.00675955 -0.0140945 -0.0203872
20.18 0 -0.00717912 -0.0143192 -0.0200485
20.2 0 -0.00804697 -0.0148446 -0.0195611
20.22 0 -0.00908738 -0.0155863 -0.0192144
20.24 0 -0.00978516 -0.0161768 -0.0190759
20.26 0 -0.00962773 -0.0160794 -0.0189622
20.28 0 -0.00838441 -0.0148831 -0.0185333
20.3 0 -0.006162 -0.0124848 -0.0173412
20.32 0 -0.00341362 -0.00909668 -0.0149443
20.34 0 -0.000914682 -0.00522579 -0.0111363
20.36 0 0.000661213 -0.00157049 -0.00605594
20.38 0 0.00122969 0.00133525 -0.000146401
20.4 0 0.00123709 0.00348504 0.00586705
20.42 0 0.00131566 0.00537971 0.0111318
20.44 0 0.00203789 0.00757572 0.0150173
20.46 0 0.003692 0.0102029 0.0173614
20.48 0 0.00609568 0.0129276 0.0184576
20.5 0 0.0086936 0.0153081 0.0188803
20.52 0 0.0108703 0.0171497 0.0192832
20.54 0 0.0121783 0.0185382 0.0202089
20.56 0 0.0124847 0.0195733 0.0219256
20.58 0 0.0120039 0.0202218 0.0243314
20.6 0 0.0111377 0.020474 0.0269604
20.62 0 0.0102972 0.0205027 0.0291499
20.64 0 0.00982435 0.0205557 0.0303273
20.66 0 0.00993711 0.0207202 0.0302349
20.68 0 0.0106126 0.0208513 0.0289547
20.7 0 0.0114772 0.020678 0.0267693
20.72 0 0.0119267 0.0199361 0.0240369
20.74 0 0.0114645 0.0184392 0.0211352
20.76 0 0.00992691 0.0160905 0.0183436
20.78 0 0.00743152 0.0128942 0.0156547
20.8 0 0.00427862 0.00896817 0.0127145
20.82 0 0.00098889 0.00452166 0.00899088
20.84 0 -0.00181526 -0.000131929 0.00403465
20.86 0 -0.0037748 -0.00455774 -0.00226884
20.88 0 -0.00492332 -0.00839071 -0.00951126
20.9 0 -0.00551478 -0.0115821 -0.0167848
20.92 0 -0.00591907 -0.0143181 -0.0230032
20.94 0 -0.00658297 -0.0167286 -0.0273569
20.96 0 -0.0078533 -0.0187835 -0.0295633
20.98 0 -0.00973337 -0.0204184 -0.029805
21 0 -0.0118374 -0.0216359 -0.028608
21.02 0 -0.0135908 -0.0224147 -0.0267401
21.04 0 -0.0144622 -0.0225687 -0.0249764
21.06 0 -0.0141014 -0.0218212 -0.023781
21.08 0 -0.0124204 -0.0200459 -0.0231193
21.1 0 -0.0096634 -0.0173877 -0.0225172
21.12 0 -0.00639958 -0.0141576 -0.0212992
21.14 0 -0.00341799 -0.0106492 -0.0188522
21.16 0 -0.00142399 -0.00711862 -0.0148046
21.18 0 -0.000569001 -0.00387345 -0.009149
21.2 0 -0.000397908 -0.00111008 -0.00238478
21.22 0 -0.000285928 0.00136677 0.00449056
21.24 0 0.000270404 0.00401857 0.0103614
21.26 0 0.00163827 0.00709838 0.0145406
21.28 0 0.00393715 0.0104106 0.0170242
21.3 0 0.0068438 0.013531 0.0183162
21.32 0 0.00967385 0.0161279 0.0190821
21.34 0 0.0117063 0.0180563 0.0198893
21.36 0 0.0125049 0.0192617 0.021095
21.38 0 0.0121206 0.0197236 0.022807
21.4 0 0.0110157 0.0195587 0.0248372
21.42 0 0.00974659 0.0190732 0.026689
21.44 0 0.00868436 0.0185246 0.0276702
21.46 0 0.00796187 0.0178493 0.0271668
21.48 0 0.00758211 0.016771 0.0249581
21.5 0 0.00745587 0.0151622 0.0213279
21.52 0 0.0073491 0.013181 0.0169065
21.54 0 0.00688589 0.0109935 0.0123716
21.56 0 0.00568414 0.00847069 0.00819571
21.58 0 0.0035911 0.00530672 0.00454757
21.6 0 0.000836658 0.00142827 0.0012833
21.62 0 -0.00207455 -0.00279489 -0.00200706
21.64 0 -0.00464569 -0.00677821 -0.00581588
21.66 0 -0.0065857 -0.0101649 -0.0104131
21.68 0 -0.00781268 -0.0130278 -0.0156299
21.7 0 -0.00843118 -0.0156085 -0.0209131
21.72 0 -0.00877026 -0.017945 -0.0255951
21.74 0 -0.00927832 -0.0198921 -0.0291518
21.76 0 -0.0102563 -0.0214456 -0.0313225
21.78 0 -0.0116957 -0.0228319 -0.032134
21.8 0 -0.0133422 -0.0242001 -0.0318925
21.82 0 -0.0148451 -0.0253569 -0.0311139
21.84 0 -0.0158158 -0.0259083 -0.0303123
21.86 0 -0.0158512 -0.0255797 -0.0297288
21.88 0 -0.0147033 -0.0243331 -0.0292431
21.9 0 -0.0125022 -0.0222445 -0.0284968
21.92 0 -0.009734 -0.0193934 -0.027033
21.94 0 -0.00696357 -0.015934 -0.0243973
21.96 0 -0.00463578 -0.0121783 -0.0202937
21.98 0 -0.00300269 -0.0084797 -0.0147509
22 0 -0.00200755 -0.00501746 -0.00817062
22.02 0 -0.0012688 -0.00169771 -0.00122431
22.04 0 -0.000257119 0.00174719 0.00536101
22.06 0 0.00141862 0.00551615 0.0110192
22.08 0 0.00379675 0.00953834 0.01549
22.1 0 0.00661369 0.013507 0.018893
22.12 0 0.00950407 0.0170897 0.0216379
22.14 0 0.0120699 0.0201164 0.0241631
22.16 0 0.0138971 0.022582 0.0267203
22.18 0 0.0147454 0.0244492 0.0293342
22.2 0 0.0146864 0.0255345 0.0318143
22.22 0 0.0139831 0.0256782 0.0337502
22.24 0 0.0129098 0.0249564 0.0346004
22.26 0 0.0117009 0.0236069 0.0339039
22.28 0 0.0105572 0.0217711 0.0314707
22.3 0 0.00957059 0.0194076 0.0274282
22.32 0 0.00861788 0.0164524 0.0221538
22.34 0 0.0074015 0.0129694 0.0161799
22.36 0 0.00566374 0.00911417 0.0101124
22.38 0 0.00339761 0.0050145 0.00450222
22.4 0 0.000851201 0.00077703 -0.000356767
22.42 0 -0.00168278 -0.00339746 -0.00456565
22.44 0 -0.00401809 -0.00721686 -0.00849932
22.46 0 -0.00599408 -0.0104525 -0.0124456
22.48 0 -0.0074031 -0.0130455 -0.0163454
22.5 0 -0.00814614 -0.0150452 -0.019879
22.52 0 -0.00840655 -0.0165017 -0.0227287
22.54 0 -0.00855384 -0.0174551 -0.024698
22.56 0 -0.00884646 -0.0179909 -0.0256589
22.58 0 -0.0092814 -0.0182341 -0.025556
22.6 0 -0.00970638 -0.0182321 -0.0245066
22.62 0 -0.00996257 -0.0178864 -0.0228267
22.64 0 -0.00989575 -0.0170608 -0.0208948
22.66 0 -0.00932277 -0.0157184 -0.0189588
22.68 0 -0.00810412 -0.0139061 -0.0170545
22.7 0 -0.00628549 -0.0116557 -0.0150633
22.72 0 -0.0041664 -0.00898305 -0.0127988
22.74 0 -0.00217265 -0.00600662 -0.0100376
22.76 0 -0.000589418 -0.00300304 -0.00656082
22.78 0 0.000545037 -0.000249449 -0.0023091
22.8 0 0.00132066 0.0021883 0.00244754
22.82 0 0.00188581 0.00445334 0.00716137
22.84 0 0.0024988 0.00669347 0.0112802
22.86 0 0.00346344 0.00891778 0.014476
22.88 0 0.00489784 0.0110577 0.0166868
22.9 0 0.00660738 0.0130481 0.0180517
22.92 0 0.00822736 0.0147737 0.0188367
22.94 0 0.00943033 0.0160434 0.019354
22.96 0 0.00999903 0.0167026 0.0198431
22.98 0 0.00984732 0.0167302 0.0203634
23 0 0.00905257 0.0162076 0.0207729
23.02 0 0.00784699 0.0152281 0.0207936
23.04 0 0.00653103 0.0138646 0.020115
23.06 0 0.00535942 0.0121922 0.0184937
23.08 0 0.00446075 0.0103016 0.015839
23.1 0 0.00379179 0.00827243 0.0122703
23.12 0 0.0031661 0.00611348 0.00811058
23.14 0 0.00235522 0.00374508 0.00379449
23.16 0 0.00118447 0.00107949 -0.00028907
23.18 0 -0.000402362 -0.00187379 -0.00394173
23.2 0 -0.00230705 -0.00497977 -0.00719846
23.22 0 -0.00430797 -0.00803741 -0.0102507
23.24 0 -0.00615311 -0.0108645 -0.0133026
23.26 0 -0.00765267 -0.0133525 -0.0164423
23.28 0 -0.00872224 -0.015462 -0.0195853
23.3 0 -0.00938267 -0.0171807 -0.0225073
23.32 0 -0.00975898 -0.0184974 -0.0249411
23.34 0 -0.0100289 -0.0194153 -0.0266594
23.36 0 -0.0103132 -0.0199679 -0.0275131
23.38 0 -0.0106131 -0.0201865 -0.0274575
23.4 0 -0.0108268 -0.0200413 -0.026568
23.42 0 -0.0107956 -0.0194293 -0.0250115
23.44 0 -0.0103402 -0.0182296 -0.0229673
23.46 0 -0.00931217 -0.0163766 -0.0205492
23.48 0 -0.00767266 -0.0138907 -0.0177845
23.5 0 -0.00554493 -0.0108582 -0.0146365
23.52 0 -0.00322278 -0.00740401 -0.0110281
23.54 0 -0.00107378 -0.00371722 -0.00686214
23.56 0 0.000679916 -7.37259e-05 -0.00207748
23.58 0 0.00204821 0.00328779 0.00323141
23.6 0 0.00316319 0.00633402 0.00872406
23.62 0 0.00419063 0.009204 0.0138908
23.64 0 0.00531706 0.011998 0.0182682
23.66 0 0.00670612 0.0146444 0.0216089
23.68 0 0.00838199 0.0169765 0.0238879
23.7 0 0.0101364 0.0188813 0.025218
23.72 0 0.0115968 0.0203074 0.0257989
23.74 0 0.0124379 0.0211508 0.0258922
23.76 0 0.0125159 0.0212359 0.0257267
23.78 0 0.0118301 0.0204576 0.0253536
23.8 0 0.0104712 0.0189033 0.0245988
23.82 0 0.00865111 0.0167905 0.023181
23.84 0 0.00670086 0.0143041 0.0208752
23.86 0 0.00495182 0.0115292 0.0175848
23.88 0 0.00356039 0.00852772 0.0133325
23.9 0 0.00241638 0.0054093 0.00827661
23.92 0 0.0012869 0.00226295 0.00277118
23.94 0 2.6857e-05 -0.000925792 -0.00266746
23.96 0 -0.00140714 -0.00418261 -0.00755013
23.98 0 -0.00302565 -0.00738758 -0.0116012
24 0 -0.00477852 -0.010295 -0.0147842
24.02 0 -0.00649782 -0.0127113 -0.0172028
24.04 0 -0.00795525 -0.0145956 -0.0190082
24.06 0 -0.00897648 -0.0159786 -0.0203488
24.08 0 -0.00948028 -0.0168387 -0.0213208
24.1 0 -0.0094721 -0.0171024 -0.0219287
24.12 0 -0.0090277 -0.016754 -0.0220848
24.14 0 -0.00827741 -0.015903 -0.0216616
24.16 0 -0.00739487 -0.0147253 -0.0205742
24.18 0 -0.00654696 -0.0133515 -0.0188292
24.2 0 -0.00582354 -0.0118369 -0.0165301
24.22 0 -0.00520821 -0.010218 -0.0138599
24.24 0 -0.00459618 -0.00853727 -0.0110406
24.26 0 -0.00384227 -0.00678993 -0.00826722
24.28 0 -0.00283149 -0.00488997 -0.00564501
24.3 0 -0.00155111 -0.00275446 -0.00317096
24.32 0 -0.000118216 -0.000426448 -0.000756659
24.34 0 0.00126853 0.00190559 0.00171878
24.36 0 0.00241388 0.00400948 0.00432322
24.38 0 0.00320084 0.00574217 0.00699929
24.4 0 0.00362896 0.00709058 0.00955345
24.42 0 0.00380473 0.00809814 0.0117092
24.44 0 0.00389709 0.00879251 0.0132037
24.46 0 0.00405214 0.00919081 0.0138752
24.48 0 0.0043097 0.0093309 0.0137106
24.5 0 0.00459217 0.00925043 0.012854
24.52 0 0.00475479 0.00892958 0.0115604
24.54 0 0.0046488 0.00829255 0.010102
24.56 0 0.00417658 0.0072898 0.00867155
24.58 0 0.00333777 0.00596726 0.00733011
24.6 0 0.00224776 0.00444427 0.0060121
24.62 0 0.00112095 0.00284831 0.0045807
24.64 0 0.00019373 0.00130291 0.00291199
24.66 0 -0.000396219 -5.28733e-05 0.000976426
24.68 0 -0.000660744 -0.00111364 -0.00111113
24.7 0 -0.000728937 -0.00190024 -0.00311414
24.72 0 -0.00079304 -0.00255906 -0.00477242
24.74 0 -0.00103427 -0.00323748 -0.00591072
24.76 0 -0.00152846 -0.00396515 -0.00649468
24.78 0 -0.00218921 -0.00465588 -0.00662752
24.8 0 -0.00281046 -0.00518588 -0.00650268
24.82 0 -0.00317668 -0.00545219 -0.00632344
24.84 0 -0.00315352 -0.00539203 -0.00621405
24.86 0 -0.00272465 -0.00498061 -0.00615517
24.88 0 -0.00199579 -0.00423814 -0.00598719
24.9 0 -0.00117462 -0.00325527 -0.00549349
24.92 0 -0.000494093 -0.00219289 -0.00451085
24.94 0 -9.8461e-05 -0.00121679 -0.00301134
24.96 0 2.08728e-05 -0.000398487 -0.00113043
24.98 0 1.21424e-05 0.000326936 0.000872692
25 0 9.43889e-05 0.00109739 0.00271085
25.02 0 0.000452838 0.00201321 0.00417392
25.04 0 0.00113731 0.00307225 0.00519455
25.06 0 0.00201593 0.00416859 0.005845
25.08 0 0.00283961 0.00513061 0.00628294
25.1 0 0.00337942 0.00579448 0.00667862
25.12 0 0.00351962 0.00608466 0.00713593
25.14 0 0.00327902 0.00603474 0.0076346
25.16 0 0.00278734 0.00573205 0.00802689
25.18 0 0.00223265 0.00525618 0.00809838
25.2 0 0.00179387 0.004671 0.00766694
25.22 0 0.00156199 0.00403821 0.00666492
25.24 0 0.00149488 0.00339268 0.00517134
25.26 0 0.00145808 0.00270526 0.00339773
25.28 0 0.0013077 0.00190559 0.00162463
25.3 0 0.000940923 0.000952721 9.13562e-05
25.32 0 0.000317517 -0.000129576 -0.00110589
25.34 0 -0.000511499 -0.00127847 -0.00203511
25.36 0 -0.00139588 -0.00242614 -0.00286711
25.38 0 -0.00214697 -0.00350057 -0.00378636
25.4 0 -0.00263464 -0.00441569 -0.00490697
25.42 0 -0.00282892 -0.00509702 -0.00620585
25.44 0 -0.00277976 -0.00553043 -0.00751228
25.46 0 -0.00259659 -0.00576207 -0.00857409
25.48 0 -0.00241173 -0.00583037 -0.009146
25.5 0 -0.00231001 -0.00571675 -0.00905708
25.52 0 -0.00227111 -0.00536449 -0.00825159
25.54 0 -0.00217718 -0.00471258 -0.00679851
25.56 0 -0.0018955 -0.00371942 -0.00487677
25.58 0 -0.00136364 -0.00239359 -0.00272765
25.6 0 -0.000600032 -0.000812728 -0.000565551
25.62 0 0.000326626 0.000892014 0.0014934
25.64 0 0.00130101 0.00256961 0.00341902
25.66 0 0.00217171 0.00408259 0.0052086
25.68 0 0.00281761 0.00532752 0.00684691
25.7 0 0.00320606 0.0062468 0.00828739
25.72 0 0.00337955 0.00684096 0.00944566
25.74 0 0.00341214 0.00715528 0.0102145
25.76 0 0.00338057 0.00724148 0.0105052
25.78 0 0.00334407 0.00713462 0.0102943
25.8 0 0.00331338 0.00684854 0.00963312
25.82 0 0.00322951 0.00637237 0.00861681
25.84 0 0.00300212 0.00568181 0.00736093
25.86 0 0.00257621 0.00476559 0.00598453
25.88 0 0.00195787 0.0036426 0.00457203
25.9 0 0.00120199 0.00236197 0.00313717
25.92 0 0.000388886 0.000992035 0.00162831
25.94 0 -0.000397363 -0.000395943 -2.19154e-05
25.96 0 -0.00108501 -0.00174355 -0.00183682
25.98 0 -0.00163739 -0.00301125 -0.00376644
26 0 -0.00207122 -0.00417325 -0.00569577
26.02 0 -0.00244326 -0.00521294 -0.00747372
26.04 0 -0.00281229 -0.00612104 -0.00894973
26.06 0 -0.00320504 -0.00688905 -0.0100137
26.08 0 -0.00360541 -0.00749999 -0.0106303
26.1 0 -0.00396309 -0.00792228 -0.0108454
26.12 0 -0.00420728 -0.00811623 -0.0107557
26.14 0 -0.00426633 -0.00805238 -0.0104611
26.16 0 -0.00409333 -0.00772025 -0.0100216
26.18 0 -0.00368646 -0.0071225 -0.00943478
26.2 0 -0.00309598 -0.00627622 -0.00864469
26.22 0 -0.00240518 -0.00521887 -0.00757083
26.24 0 -0.00169813 -0.00399756 -0.00613952
26.26 0 -0.00103243 -0.00265575 -0.00431961
26.28 0 -0.000420228 -0.00123315 -0.00215507
26.3 0 0.000161244 0.000232813 0.000222814
26.32 0 0.000747606 0.00171094 0.00262466
26.34 0 0.00137418 0.00317248 0.00486279
26.36 0 0.00205518 0.00457566 0.00679998
26.38 0 0.00276758 0.00586038 0.0083708
26.4 0 0.00345421 0.0069621 0.00957689
26.42 0 0.00402602 0.00781973 0.0104515
26.44 0 0.00437464 0.00836361 0.0110135
26.46 0 0.00442009 0.0085153 0.0112465
26.48 0 0.00415253 0.00822127 0.0111005
26.5 0 0.00363263 0.00749702 0.0105063
26.52 0 0.00297005 0.00644083 0.00941285
26.54 0 0.00229462 0.0051964 0.00783358
26.56 0 0.00171209 0.00389071 0.00586655
26.58 0 0.00125012 0.00259891 0.00367522
26.6 0 0.000840709 0.00134557 0.00145174
26.62 0 0.000373545 0.000114895 -0.00062135
26.64 0 -0.000219888 -0.0011203 -0.00240483
26.66 0 -0.000922094 -0.00234636 -0.00383149
26.68 0 -0.00164413 -0.00348108 -0.00491877
26.7 0 -0.00226155 -0.00440191 -0.00573978
26.72 0 -0.00265741 -0.00500766 -0.00636508
26.74 0 -0.00277168 -0.00526913 -0.00682202
26.76 0 -0.0026305 -0.00523286 -0.00709119
26.78 0 -0.00233995 -0.00498298 -0.00712684
26.8 0 -0.00204302 -0.00460991 -0.00688729
26.82 0 -0.00185586 -0.00421004 -0.00637089
26.84 0 -0.0018214 -0.00387809 -0.00564668
26.86 0 -0.00190462 -0.00366243 -0.00485511
26.88 0 -0.00201573 -0.00352863 -0.00416422
26.9 0 -0.00203763 -0.00338071 -0.00369456
26.92 0 -0.00185969 -0.0031141 -0.0034509
26.94 0 -0.00143652 -0.00265987 -0.00331329
26.96 0 -0.00083719 -0.00201033 -0.00309271
26.98 0 -0.00022268 -0.00122899 -0.00260889
27 0 0.000239873 -0.000435632 -0.00175948
27.02 0 0.000461813 0.000249418 -0.000565607
27.04 0 0.000466935 0.000774078 0.000820953
27.06 0 0.000370271 0.00117423 0.00215933
27.08 0 0.000322688 0.00152456 0.00320123
27.1 0 0.000444144 0.00187451 0.00378222
27.12 0 0.000762534 0.00222136 0.00387692
27.14 0 0.0011904 0.00252062 0.0035965
27.16 0 0.00157107 0.00271345 0.00314486
27.18 0 0.00176295 0.00275199 0.00274532
27.2 0 0.00170145 0.00262048 0.00255386
27.22 0 0.0014147 0.0023503 0.00259756
27.24 0 0.0010069 0.00201442 0.00277459
27.26 0 0.000626292 0.00170234 0.00291958
27.28 0 0.000413637 0.00148978 0.00289232
27.3 0 0.000439262 0.0014162 0.00264128
27.32 0 0.000664466 0.00147015 0.00221947
27.34 0 0.000959646 0.00158656 0.00175736
27.36 0 0.00117434 0.00167451 0.00141189
27.38 0 0.00120796 0.00166648 0.00130131
27.4 0 0.00104059 0.0015498 0.00144463
27.42 0 0.000729181 0.00135776 0.00174317
27.44 0 0.000381469 0.0011343 0.00201818
27.46 0 0.000110233 0.000906202 0.00208255
27.48 0 -1.39171e-05 0.000684024 0.00181695
27.5 0 9.13677e-06 0.000470669 0.00121734
27.52 0 0.000110376 0.00025363 0.000392052
27.54 0 0.000184704 -8.80932e-07 -0.000483715
27.56 0 0.000133199 -0.000335038 -0.00124129
27.58 0 -9.99923e-05 -0.000771935 -0.00178711
27.6 0 -0.000497533 -0.0012913 -0.00212816
27.62 0 -0.000962774 -0.00182719 -0.00234811
27.64 0 -0.00135373 -0.00228686 -0.00255356
27.66 0 -0.00154964 -0.00258452 -0.00282049
27.68 0 -0.00151346 -0.00268193 -0.00316272
27.7 0 -0.00131214 -0.00261757 -0.00353111
27.72 0 -0.00108221 -0.00249657 -0.00383985
27.74 0 -0.000959521 -0.00243324 -0.0040057
27.76 0 -0.0010137 -0.00248479 -0.0039867
27.78 0 -0.00121841 -0.00262462 -0.0038037
27.8 0 -0.00146334 -0.00276335 -0.00352752
27.82 0 -0.00159763 -0.00278566 -0.00323111
27.84 0 -0.00149376 -0.00258346 -0.00293648
27.86 0 -0.00110899 -0.00209055 -0.00259097
27.88 0 -0.000506741 -0.00131321 -0.00208113
27.9 0 0.000178243 -0.000331375 -0.00127397
27.92 0 0.000800245 0.000735301 -7.91788e-05
27.94 0 0.00124854 0.00176632 0.00148129
27.96 0 0.00148596 0.00267344 0.00325036
27.98 0 0.00157414 0.00342467 0.00498368
28 0 0.00163974 0.00403662 0.00642335
28.02 0 0.00179207 0.00453703 0.00736382
28.04 0 0.0020595 0.00492686 0.00770776
28.06 0 0.00238148 0.00516522 0.00749484
28.08 0 0.00264218 0.00518368 0.0068774
28.1 0 0.00271296 0.00492183 0.00604615
28.12 0 0.00249111 0.00435607 0.00514656
28.14 0 0.00195138 0.00350326 0.00423371
28.16 0 0.00118249 0.00241436 0.00327329
28.18 0 0.000343449 0.00117068 0.00216148
28.2 0 -0.000427677 -0.000127746 0.000770911
28.22 0 -0.00105412 -0.00139428 -0.000965623
28.24 0 -0.00151865 -0.00259377 -0.00299243
28.26 0 -0.0018737 -0.00374914 -0.00514846
28.28 0 -0.00223518 -0.00490475 -0.00723692
28.3 0 -0.00271932 -0.00607996 -0.0090844
28.32 0 -0.00336168 -0.0072467 -0.0105717
28.34 0 -0.00408855 -0.00833282 -0.0116526
28.36 0 -0.00475765 -0.00923648 -0.0123602
28.38 0 -0.00522774 -0.00984776 -0.0127781
28.4 0 -0.00540153 -0.0100818 -0.0129773
28.42 0 -0.0052346 -0.00990643 -0.0129581
28.44 0 -0.00475003 -0.00934116 -0.0126441
28.46 0 -0.00405126 -0.00843469 -0.0119251
28.48 0 -0.00328422 -0.00725432 -0.0107068
28.5 0 -0.00256336 -0.00588855 -0.00895338
28.52 0 -0.0019362 -0.0044295 -0.00672398
28.54 0 -0.00139118 -0.00293856 -0.00418296
28.56 0 -0.000866341 -0.00143577 -0.00156213
28.58 0 -0.000277955 7.4939e-05 0.00090344
28.6 0 0.000428008 0.00157362 0.00303611
28.62 0 0.00123961 0.00301395 0.00475738
28.64 0 0.00207667 0.00433062 0.00609433
28.66 0 0.00282714 0.00545036 0.00714595
28.68 0 0.0033879 0.00630492 0.00801671
28.7 0 0.00368861 0.00685578 0.0087582
28.72 0 0.00371936 0.00710913 0.0093538
28.74 0 0.00354083 0.00709693 0.00973047
28.76 0 0.00325569 0.00685859 0.00978736
28.78 0 0.00296209 0.00644337 0.00943998
28.8 0 0.00271713 0.00590718 0.00866453
28.82 0 0.00252586 0.00529172 0.00752345
28.84 0 0.00234517 0.00460394 0.00615137
28.86 0 0.00209871 0.0038203 0.00470622
28.88 0 0.00171609 0.00292083 0.00332012
28.9 0 0.0011814 0.00192453 0.00207215
28.92 0 0.000552959 0.000897302 0.000981376
28.94 0 -6.23739e-05 -6.94181e-05 1.70584e-05
28.96 0 -0.000563392 -0.00089673 -0.000877852
28.98 0 -0.000895257 -0.00154552 -0.00174817
29 0 -0.00105803 -0.00201718 -0.00258889
29.02 0 -0.00110142 -0.00234316 -0.00334276
29.04 0 -0.00110338 -0.0025672 -0.00392726
29.06 0 -0.00113059 -0.00272241 -0.00426694
29.08 0 -0.00120543 -0.00281604 -0.00432186
29.1 0 -0.00129836 -0.002826 -0.00410255
29.12 0 -0.00134935 -0.00271452 -0.00366793
29.14 0 -0.0012966 -0.00244818 -0.00309939
29.16 0 -0.00109706 -0.00201018 -0.00246026
29.18 0 -0.000744514 -0.00140654 -0.00177066
29.2 0 -0.000282713 -0.000672383 -0.0010141
29.22 0 0.000197381 0.000118518 -0.00017154
29.24 0 0.000594511 0.000865745 0.000749676
29.26 0 0.000849323 0.00148416 0.00170712
29.28 0 0.000964821 0.00193893 0.00262094
29.3 0 0.000992644 0.00224806 0.00338545
29.32 0 0.00100544 0.00245536 0.00390194
29.34 0 0.00106355 0.00259661 0.00411568
29.36 0 0.00118745 0.00268711 0.00404006
29.38 0 0.00134579 0.00272509 0.00375275
29.4 0 0.00146454 0.00268973 0.00336102
29.42 0 0.00145911 0.00253857 0.0029549
29.44 0 0.00127122 0.00221936 0.00256593
29.46 0 0.000894144 0.00169944 0.00215079
29.48 0 0.000378863 0.00099114 0.00160987
29.5 0 -0.000180457 0.000151555 0.000834949
29.52 0 -0.000680318 -0.000740775 -0.000235245
29.54 0 -0.00105603 -0.00161926 -0.00158275
29.56 0 -0.00131397 -0.00245192 -0.00310924
29.58 0 -0.0015205 -0.00324026 -0.00465794
29.6 0 -0.00175351 -0.00399391 -0.0060496
29.62 0 -0.00205457 -0.00470037 -0.00712955
29.64 0 -0.00240728 -0.00530947 -0.00780928
29.66 0 -0.00274251 -0.00573909 -0.00807682
29.68 0 -0.00296408 -0.00590601 -0.00797766
29.7 0 -0.00298296 -0.00576253 -0.00758247
29.72 0 -0.00275289 -0.00530556 -0.00695428
29.74 0 -0.00229115 -0.00456273 -0.00612497
29.76 0 -0.00167385 -0.00358205 -0.00508745
29.78 0 -0.000997019 -0.00242658 -0.00380092
29.8 0 -0.000332483 -0.0011691 -0.00222378
29.82 0 0.00027929 0.000124965 -0.000367043
29.84 0 0.00082297 0.00141712 0.00167901
29.86 0 0.00131635 0.00269089 0.0037671
29.88 0 0.00181111 0.00393365 0.00574317
29.9 0 0.00235819 0.00512694 0.00748526
29.92 0 0.00296466 0.00624167 0.00891792
29.94 0 0.00357571 0.00722553 0.0100079
29.96 0 0.00408951 0.00799729 0.0107541
29.98 0 0.00440703 0.00846947 0.0111799
30 0 0.00447243 0.00858339 0.0113113
30.02 0 0.00428257 0.00833415 0.0111489
30.04 0 0.0038873 0.00777305 0.0106685
30.06 0 0.00337698 0.00698242 0.00984541
30.08 0 0.00284534 0.00604074 0.00867611
30.1 0 0.00234194 0.00499724 0.00718652
30.12 0 0.00185669 0.00386518 0.00543302
30.14 0 0.00134547 0.00263791 0.00350341
30.16 0 0.000761819 0.00131238 0.00150315
30.18 0 8.00745e-05 -9.87211e-05 -0.000473933
30.2 0 -0.000688043 -0.00156216 -0.00236825
30.22 0 -0.00148934 -0.00301975 -0.00415526
30.24 0 -0.00224543 -0.00439339 -0.00583059
30.26 0 -0.00288857 -0.0056042 -0.00738879
30.28 0 -0.00338459 -0.00659949 -0.00880179
30.3 0 -0.00372692 -0.00736755 -0.0100104
30.32 0 -0.00393583 -0.00792214 -0.0109422
30.34 0 -0.00405798 -0.00827762 -0.0115402
30.36 0 -0.0041375 -0.0084426 -0.0117772
30.38 0 -0.00417986 -0.00842303 -0.0116539
30.4 0 -0.00414444 -0.00821082 -0.0111909
30.42 0 -0.00397546 -0.00777502 -0.0104273
30.44 0 -0.00363993 -0.00708423 -0.00941565
30.46 0 -0.00314313 -0.00614821 -0.00820904
30.48 0 -0.00252446 -0.00503314 -0.00684936
30.5 0 -0.00184921 -0.00382697 -0.00536515
30.52 0 -0.00119314 -0.00259825 -0.00377871
30.54 0 -0.000605348 -0.00138971 -0.00211454
30.56 0 -8.42973e-05 -0.000227824 -0.000408824
30.58 0 0.000403645 0.000880336 0.00128218
30.6 0 0.000893588 0.00195094 0.00289018
30.62 0 0.00140716 0.00300353 0.00435862
30.64 0 0.00194789 0.00403241 0.00566289
30.66 0 0.0024962 0.00500128 0.00680975
30.68 0 0.0030127 0.00586697 0.00782115
30.7 0 0.00344935 0.00660252 0.00871517
30.72 0 0.00376398 0.00719224 0.00949169
30.74 0 0.00393521 0.00760891 0.0101232
30.76 0 0.00396136 0.00780799 0.0105482
30.78 0 0.00385117 0.00775331 0.0106801
30.8 0 0.00361738 0.0074345 0.0104306
30.82 0 0.0032754 0.00685541 0.00973721
30.84 0 0.00284615 0.00602456 0.00858969
30.86 0 0.00234683 0.00496057 0.00703582
30.88 0 0.00178054 0.00369681 0.00516346
30.9 0 0.00114149 0.00227786 0.00307876
30.92 0 0.000423166 0.000748206 0.000885621
30.94 0 -0.000375256 -0.00086166 -0.00133573
30.96 0 -0.00123847 -0.00252907 -0.00353756
30.98 0 -0.00212539 -0.00421103 -0.00569232
31 0 -0.00297739 -0.00582675 -0.00776932
31.02 0 -0.00373299 -0.00727686 -0.00971227
31.04 0 -0.00433054 -0.00847945 -0.0114291
31.06 0 -0.00472719 -0.00938046 -0.0128071
31.08 0 -0.00492462 -0.00994106 -0.0137414
31.1 0 -0.00495667 -0.0101354 -0.0141514
31.12 0 -0.00485421 -0.00996504 -0.0139888
31.14 0 -0.00462892 -0.00946122 -0.013252
31.16 0 -0.00427882 -0.00865847 -0.0119952
31.18 0 -0.00380203 -0.00758223 -0.0103242
31.2 0 -0.00319889 -0.00626507 -0.00837243
31.22 0 -0.00245905 -0.00474987 -0.00625402
31.24 0 -0.00157795 -0.00307249 -0.00403575
31.26 0 -0.000592407 -0.00126122 -0.00174271
31.28 0 0.000431085 0.000639507 0.000628211
31.3 0 0.00143103 0.00255751 0.00308729
31.32 0 0.00235644 0.0044096 0.00561188
31.34 0 0.0031707 0.00612664 0.00811716
31.36 0 0.00386684 0.007668 0.0104688
31.38 0 0.00446641 0.00901603 0.0125234
31.4 0 0.00499895 0.0101517 0.0141638
31.42 0 0.00547537 0.0110394 0.0153155
31.44 0 0.00586873 0.0116365 0.0159502
31.46 0 0.00612418 0.0119093 0.0160845
31.48 0 0.00618552 0.0118365 0.0157703
31.5 0 0.0060072 0.0114078 0.0150715
31.52 0 0.00557178 0.0106302 0.0140475
31.54 0 0.00491178 0.00953342 0.0127405
31.56 0 0.00409856 0.00816892 0.0111614
31.58 0 0.00319859 0.00659641 0.00928314
31.6 0 0.00224715 0.0048587 0.00706449
31.62 0 0.00127672 0.00297525 0.00450164
31.64 0 0.000335469 0.000979955 0.00166511
31.66 0 -0.000551964 -0.00104548 -0.00131195
31.68 0 -0.00140515 -0.00300703 -0.0042694
31.7 0 -0.00225307 -0.00485778 -0.00704746
31.72 0 -0.00311313 -0.00660018 -0.00951802
31.74 0 -0.00399957 -0.00824105 -0.0116217
31.76 0 -0.00490543 -0.00976201 -0.0133752
31.78 0 -0.00577901 -0.0111234 -0.0148411
31.8 0 -0.00654759 -0.0122778 -0.0160858
31.82 0 -0.00713555 -0.0131731 -0.017131
31.84 0 -0.00745398 -0.0137456 -0.0179221
31.86 0 -0.0074373 -0.0139198 -0.0183508
31.88 0 -0.00709255 -0.0136314 -0.018302
31.9 0 -0.00648738 -0.0128666 -0.0176795
31.92 0 -0.00571186 -0.0116828 -0.0164226
31.94 0 -0.00486018 -0.0101768 -0.0145282
31.96 0 -0.00401021 -0.00844001 -0.0120653
31.98 0 -0.00318108 -0.00654227 -0.00916975
32 0 -0.00232347 -0.00452876 -0.00602244
32.02 0 -0.00137648 -0.00241946 -0.00282155
32.04 0 -0.000323124 -0.00023326 0.000258679
32.06 0 0.000811879 0.00197187 0.00311175
32.08 0 0.00196996 0.0040933 0.00570624
32.1 0 0.00305593 0.00601382 0.00804321
32.12 0 0.00395938 0.00763276 0.0101054
32.14 0 0.00459566 0.00888477 0.0118423
32.16 0 0.00494864 0.00974162 0.0131871
32.18 0 0.00507247 0.0102045 0.014071
32.2 0 0.00503847 0.0102971 0.0144225
32.22 0 0.00489388 0.0100606 0.0141888
32.24 0 0.00466418 0.00953859 0.0133767
32.26 0 0.00435541 0.00875686 0.0120649
32.28 0 0.00394557 0.00772552 0.010378
32.3 0 0.00339248 0.00646014 0.00845066
32.32 0 0.0026669 0.0049944 0.00640055
32.34 0 0.00178893 0.00337644 0.00431277
32.36 0 0.00083184 0.00166391 0.00222511
32.38 0 -0.000116187 -6.92048e-05 0.000128474
32.4 0 -0.000990663 -0.00173898 -0.00200207
32.42 0 -0.00174889 -0.00327943 -0.00415515
32.44 0 -0.00235965 -0.00465176 -0.0062483
32.46 0 -0.00282089 -0.0058222 -0.00814065
32.48 0 -0.00316582 -0.00674686 -0.00967315
32.5 0 -0.00342956 -0.0073869 -0.0107071
32.52 0 -0.00361573 -0.00772148 -0.0111529
32.54 0 -0.00369713 -0.00773782 -0.0109925
32.56 0 -0.00363872 -0.00742301 -0.0102871
32.58 0 -0.00341163 -0.00677577 -0.00915383
32.6 0 -0.00299586 -0.00582501 -0.00772275
32.62 0 -0.00239097 -0.00463006 -0.00610238
32.64 0 -0.00163756 -0.00325877 -0.00436486
32.66 0 -0.000818503 -0.00177803 -0.00254589
32.68 0 -2.0656e-05 -0.000268868 -0.000658139
32.7 0 0.000699512 0.00117923 0.00128217
32.72 0 0.00131484 0.00250271 0.00322439
32.74 0 0.00181747 0.0036778 0.00507123
32.76 0 0.002225 0.00469881 0.00670313
32.78 0 0.00257847 0.00555196 0.0080147
32.8 0 0.00290453 0.00620765 0.00892789
32.82 0 0.00318004 0.00663115 0.00939491
32.84 0 0.00334565 0.00679097 0.0094117
32.86 0 0.00334544 0.00665485 0.00902098
32.88 0 0.00314899 0.00619788 0.00828953
32.9 0 0.00274955 0.00542517 0.00727367
32.92 0 0.00216195 0.00437609 0.0059984
32.94 0 0.00144029 0.00310915 0.00446903
32.96 0 0.000678224 0.00169859 0.00269995
32.98 0 -3.62108e-05 0.000240152 0.000734447
33 0 -0.000659571 -0.00116746 -0.00134469
33.02 0 -0.00119061 -0.00245944 -0.0034111
33.04 0 -0.00165256 -0.00361742 -0.00531202
33.06 0 -0.00208119 -0.00464343 -0.00690892
33.08 0 -0.00250667 -0.00552451 -0.00811363
33.1 0 -0.0029297 -0.00622679 -0.00890022
33.12 0 -0.00331378 -0.0067237 -0.00930273
33.14 0 -0.00359832 -0.00701278 -0.00940102
33.16 0 -0.00372753 -0.00709705 -0.00929207
33.18 0 -0.00367731 -0.00697136 -0.00905658
33.2 0 -0.00345679 -0.00663719 -0.00872848
33.22 0 -0.00309923 -0.00612259 -0.00828682
33.24 0 -0.00266103 -0.0054797 -0.00768191
33.26 0 -0.00221704 -0.00476237 -0.00687455
33.28 0 -0.00183257 -0.00400914 -0.00585883
33.3 0 -0.00152203 -0.00324116 -0.00466264
33.32 0 -0.00123956 -0.00246085 -0.00334338
33.34 0 -0.000919459 -0.00164818 -0.00198327
33.36 0 -0.000521016 -0.000775998 -0.000670271
33.38 0 -3.85048e-05 0.000157788 0.000536963
33.4 0 0.000503937 0.00111292 0.00162932
33.42 0 0.00105026 0.00202308 0.00263149
33.44 0 0.00152317 0.00282824 0.00357086
33.46 0 0.00185992 0.00348988 0.00445567
33.48 0 0.00204946 0.00399112 0.00526881
33.5 0 0.0021342 0.00433976 0.00596917
33.52 0 0.00217244 0.00456538 0.00649506
33.54 0 0.00220749 0.00470385 0.00678705
33.56 0 0.00226067 0.00477501 0.00682161
33.58 0 0.00232646 0.00477075 0.00662372
33.6 0 0.00237159 0.00467006 0.00625527
33.62 0 0.00234228 0.00445457 0.0057848
33.64 0 0.00218699 0.00410834 0.00525838
33.66 0 0.00189361 0.00362242 0.004692
33.68 0 0.00150122 0.00300918 0.00407213
33.7 0 0.00107418 0.00231289 0.00336191
33.72 0 0.000674631 0.00159938 0.002527
33.74 0 0.000348098 0.000924043 0.00156796
33.76 0 0.00010922 0.000307352 0.00053237
33.78 0 -6.90474e-05 -0.00025925 -0.000499425
33.8 0 -0.000243562 -0.000791971 -0.00144055
33.82 0 -0.000467496 -0.00130442 -0.0022242
33.84 0 -0.000758934 -0.00180607 -0.00282408
33.86 0 -0.0010918 -0.00229237 -0.003261
33.88 0 -0.00141222 -0.00273581 -0.00359321
33.9 0 -0.00166316 -0.00309613 -0.00388988
33.92 0 -0.00180197 -0.00334248 -0.00419516
33.94 0 -0.00181125 -0.00346375 -0.00450144
33.96 0 -0.00170623 -0.00346046 -0.00474787
33.98 0 -0.00153111 -0.00333541 -0.00484329
34 0 -0.00133875 -0.00309583 -0.00470044
34.02 0 -0.00116464 -0.0027573 -0.00426812
34.04 0 -0.00101178 -0.00233459 -0.00355044
34.06 0 -0.000853916 -0.00182838 -0.00260746
34.08 0 -0.000650652 -0.001228 -0.00153586
34.1 0 -0.000365995 -0.000530799 -0.000437006
34.12 0 1.37788e-05 0.000242556 0.000613204
34.14 0 0.000468119 0.00105121 0.00158001
34.16 0 0.000943283 0.0018455 0.00246538
34.18 0 0.00136984 0.00257277 0.00328801
34.2 0 0.00169076 0.00318285 0.00406006
34.22 0 0.00188303 0.00364129 0.00476974
34.24 0 0.00196008 0.00394156 0.00537427
34.26 0 0.00195979 0.00410214 0.00580924
34.28 0 0.00192739 0.00414905 0.00601232
34.3 0 0.00189838 0.00410075 0.00595073
34.32 0 0.00188152 0.00396368 0.00563501
34.34 0 0.00185014 0.00373176 0.0051117
34.36 0 0.0017563 0.00338962 0.00444647
34.38 0 0.00156025 0.00292243 0.00370485
34.4 0 0.00125252 0.00233141 0.00293318
34.42 0 0.000857801 0.00164487 0.00214702
34.44 0 0.000425434 0.000912977 0.00133521
34.46 0 1.4365e-05 0.000190367 0.000479957
34.48 0 -0.000326167 -0.000479672 -0.00041996
34.5 0 -0.000577397 -0.00107319 -0.00133825
34.52 0 -0.000758023 -0.00158618 -0.00222389
34.54 0 -0.000906635 -0.00202696 -0.00300982
34.56 0 -0.00105528 -0.00240394 -0.00362899
34.58 0 -0.00121328 -0.00271329 -0.00403493
34.6 0 -0.0013658 -0.00293492 -0.00421674
34.62 0 -0.00148028 -0.00304049 -0.00419792
34.64 0 -0.00151639 -0.0030055 -0.00401881
34.66 0 -0.00144339 -0.00281896 -0.00371724
34.68 0 -0.00125626 -0.0024862 -0.00331521
34.7 0 -0.000979317 -0.00202812 -0.00281463
34.72 0 -0.00065606 -0.00148 -0.00220413
34.74 0 -0.000330569 -0.000883242 -0.00147237
34.76 0 -3.26135e-05 -0.000272387 -0.000623948
34.78 0 0.000227505 0.000331756 0.000308559
34.8 0 0.000457812 0.000918827 0.00126564
34.82 0 0.000678569 0.00148133 0.00217551
34.84 0 0.000909853 0.00201011 0.00297357
34.86 0 0.00115718 0.00249309 0.00361765
34.88 0 0.00140455 0.00291313 0.00409428
34.9 0 0.0016196 0.0032458 0.00441512
34.92 0 0.00176726 0.00346403 0.00460555
34.94 0 0.00182331 0.00354961 0.00468939
34.96 0 0.00178227 0.0035018 0.00467591
34.98 0 0.00165861 0.00333512 0.00455565
35 0 0.00148145 0.00307055 0.00430717
35.02 0 0.00128293 0.00272844 0.00391028
35.04 0 0.00108476 0.00232582 0.00335894
35.06 0 0.000891495 0.00187554 0.00266985
35.08 0 0.000692315 0.00138413 0.00188182
35.1 0 0.000469677 0.000852912 0.00104653
35.12 0 0.000210236 0.00028547 0.000214962
35.14 0 -8.74554e-05 -0.000305432 -0.000575788
35.16 0 -0.000409128 -0.000896762 -0.00130838
35.18 0 -0.00072599 -0.00145911 -0.00198088
35.2 0 -0.00100436 -0.00196322 -0.00259758
35.22 0 -0.00121921 -0.00238593 -0.00315943
35.24 0 -0.00136236 -0.00271383 -0.00365598
35.26 0 -0.0014418 -0.00294444 -0.00406288
35.28 0 -0.00147515 -0.00308371 -0.00434733
35.3 0 -0.00148127 -0.00314013 -0.00447961
35.32 0 -0.00147177 -0.00311854 -0.00444403
35.34 0 -0.00144594 -0.00301838 -0.00424491
35.36 0 -0.00139158 -0.00283634 -0.00390539
35.38 0 -0.00129155 -0.00256987 -0.00345963
35.4 0 -0.00113346 -0.00222057 -0.00294235
35.42 0 -0.000916983 -0.00179706 -0.00237957
35.44 0 -0.000655741 -0.0013168 -0.00178436
35.46 0 -0.000373676 -0.000804779 -0.00115959
35.48 0 -9.78124e-05 -0.000288507 -0.000505888
35.5 0 0.000149984 0.000208053 0.000169302
35.52 0 0.000359333 0.000668067 0.00084599
35.54 0 0.000532899 0.00108208 0.00149202
35.56 0 0.000682041 0.00144596 0.00206909
35.58 0 0.0008185 0.0017575 0.00254181
35.6 0 0.000946656 0.00201261 0.00288631
35.62 0 0.00106011 0.00220268 0.00309506
35.64 0 0.00114346 0.00231512 0.00317571
35.66 0 0.00117811 0.00233732 0.00314457
35.68 0 0.00114992 0.00226176 0.003018
35.7 0 0.0010556 0.00208949 0.00280574
35.72 0 0.000904867 0.00183049 0.00250891
35.74 0 0.00071697 0.00150145 0.00212311
35.76 0 0.000513415 0.00112197 0.00164507
35.78 0 0.000310566 0.000710364 0.00108006
35.8 0 0.000115279 0.000280498 0.000446377
35.82 0 -7.5082e-05 -0.000158857 -0.000225289
35.84 0 -0.000268554 -0.000601782 -0.000897655
35.86 0 -0.000472161 -0.0010416 -0.00153515
35.88 0 -0.000685877 -0.00146796 -0.00211125
35.9 0 -0.000899843 -0.00186593 -0.0026119
35.92 0 -0.00109633 -0.00221732 -0.00303409
35.94 0 -0.00125554 -0.00250386 -0.00338045
35.96 0 -0.0013624 -0.00271116 -0.00365251
35.98 0 -0.0014091 -0.00282918 -0.00384295
36 0 -0.00139692 -0.00285304 -0.00393459
36.02 0 -0.00133853 -0.00278686 -0.00390884
36.04 0 -0.00125094 -0.00264139 -0.00375199
36.06 0 -0.00114583 -0.00242782 -0.00345968
36.08 0 -0.00102636 -0.00215408 -0.00304197
36.1 0 -0.00088808 -0.00182394 -0.00252303
36.12 0 -0.000722403 -0.00144007 -0.00193545
