0.02 0 -0.0473203 -0.0572277 -0.0548605
0.04 0 -0.0277111 -0.0589669 -0.0573056
0.06 0 0.0769107 0.0568763 0.0356356
0.08 0 0.16597 0.225535 0.17024
0.1 0 0.114551 0.257194 0.226958
0.12 0 -0.0173912 0.106248 0.202847
0.14 0 -0.168548 -0.162898 0.0748253
0.16 0 -0.247523 -0.353557 -0.119502
0.18 0 -0.0700037 -0.188404 -0.164438
0.2 0 0.116827 0.0736284 -0.189614
0.22 0 0.296775 0.323191 -0.0801763
0.24 0 0.287341 0.337361 0.0570969
0.26 0 -0.0214951 0.0155643 0.0480295
0.28 0 -0.31743 -0.332639 0.00821925
0.3 0 -0.334605 -0.397055 0.0352149
0.32 0 -0.155434 -0.189968 0.0334319
0.34 0 -0.0624306 -0.0567004 -0.182276
0.36 0 0.264361 0.233858 -0.135442
0.38 0 0.30235 0.230821 -0.171642
0.4 0 -0.0308705 -0.11512 -0.351493
0.42 0 0.0895498 0.0257114 0.0447001
0.44 0 0.00587213 0.0748242 0.27739
0.46 0 -0.384293 -0.219738 0.0830046
0.48 0 -0.0800965 -0.00637093 0.330598
0.5 0 0.0517773 0.0487193 0.247349
0.52 0 -0.24888 -0.27018 -0.337513
0.54 0 -0.038216 -0.189106 -0.457508
0.56 0 0.284527 0.0334313 -0.345969
0.58 0 0.56587 0.511448 0.0691978
0.6 0 0.459367 0.781579 0.476131
0.62 0 -0.200804 0.212995 0.427557
0.64 0 -0.548633 -0.475769 0.392615
0.66 0 -0.31906 -0.4961 0.499987
0.68 0 -0.12402 -0.0838402 0.266215
0.7 0 -0.152021 0.0744412 -0.375628
0.72 0 0.385796 0.301299 -0.446537
0.74 0 0.595576 0.170318 -0.465312
0.76 0 0.219259 -0.0554242 -0.51029
0.78 0 0.224339 0.386884 0.194618
0.8 0 -0.219373 0.167614 0.468659
0.82 0 -0.55994 -0.368142 0.498913
0.84 0 -0.419121 -0.497777 0.504079
0.86 0 -0.358647 -0.428734 0.0155268
0.88 0 0.00247178 0.0155208 -0.385279
0.9 0 0.0903464 -0.0984921 -1.0095
0.92 0 0.312927 -0.238065 -1.15714
0.94 0 0.555444 0.0335252 -0.68641
0.96 0 0.508498 0.577071 0.122003
0.98 0 -0.117567 0.471941 0.596803
1 0 -0.587883 -0.134924 0.888916
1.02 0 -0.682107 -0.68006 0.875353
1.04 0 -0.838515 -0.997241 0.0888217
1.06 0 -0.104874 -0.169536 -0.300199
1.08 0 0.61027 0.547974 -0.68818
1.1 0 1.17975 0.994043 -0.588328
1.12 0 1.01619 0.869851 -0.242788
1.14 0 -0.080829 -0.0134561 -0.122114
1.16 0 -0.708275 -0.545852 0.442013
1.18 0 -0.691714 -0.512363 1.04812
1.2 0 -0.656721 -0.370119 0.88785
1.22 0 -0.170685 0.136535 0.509609
1.24 0 0.461971 0.548995 0.031926
1.26 0 0.474503 0.225801 -0.792779
1.28 0 0.436343 -0.0403005 -1.08559
1.3 0 0.312619 -0.0902607 -0.825214
1.32 0 0.0433768 -0.0259541 -0.258329
1.34 0 -0.0597979 0.209216 0.575975
1.36 0 -0.351028 0.0630051 0.959947
1.38 0 -0.793431 -0.523435 0.606784
1.4 0 -0.479281 -0.514545 0.329012
1.42 0 0.318594 0.20161 0.20128
1.44 0 0.215385 0.207048 -0.704542
1.46 0 0.384346 0.219132 -0.981233
1.48 0 0.942089 0.571844 -0.269678
1.5 0 0.348963 0.25978 -0.0157185
1.52 0 -0.512328 -0.18258 0.188623
1.54 0 -0.73905 -0.450876 0.584013
1.56 0 -0.652248 -0.672049 0.582168
1.58 0 -0.0837873 -0.124359 0.527838
1.6 0 0.466754 0.716524 0.315181
1.62 0 0.379813 0.650208 -0.363116
1.64 0 0.38117 0.162994 -0.619429
1.66 0 -0.516002 -1.24713 -1.44461
1.68 0 -0.286486 -1.00237 -0.956783
1.7 0 0.893246 0.964744 0.739442
1.72 0 0.756875 1.81768 1.46046
1.74 0 -0.00175744 1.12289 1.52613
1.76 0 -1.12267 -1.00546 0.619145
1.78 0 -1.44637 -2.27281 -0.40094
1.8 0 -0.811563 -1.61157 -1.18295
1.82 0 1.15265 1.08259 -0.633635
1.84 0 2.01389 2.49925 -0.266039
1.86 0 0.849089 1.06168 -0.697858
1.88 0 -0.394033 -0.935839 -0.499206
1.9 0 -1.0114 -1.6256 0.281303
1.92 0 -1.58558 -1.40444 0.354239
1.94 0 -1.29721 -0.728857 0.0490327
1.96 0 0.59229 0.649801 0.476938
1.98 0 1.4853 1.20779 0.184851
2 0 1.58599 1.74743 0.195
2.02 0 0.277255 0.796996 -0.264844
2.04 0 -0.938396 -0.973568 -0.501913
2.06 0 -1.3614 -2.19398 -0.483038
2.08 0 -0.477815 -1.06151 0.2417
2.1 0 0.6928 1.33292 1.01483
2.12 0 -0.28631 0.741956 -0.470573
2.14 0 0.256267 -0.00768082 -0.549789
2.16 0 1.2374 0.0967104 0.282079
2.18 0 0.3963 0.347896 0.176224
2.2 0 -0.54087 0.634296 0.193016
2.22 0 -1.20578 -0.744846 -0.220556
2.24 0 -0.244846 -1.24852 0.253955
2.26 0 0.497903 -0.228589 0.486104
2.28 0 -0.609269 0.0471532 -0.96958
2.3 0 -0.845005 -0.470458 -1.87559
2.32 0 0.66668 -0.620524 -1.11264
2.34 0 2.09291 0.932888 0.618166
2.36 0 0.799596 1.90327 0.966213
2.38 0 -1.37197 0.569481 0.422406
2.4 0 -1.42147 -1.47748 0.713932
2.42 0 -0.96204 -2.63419 0.383903
2.44 0 -0.482523 -1.07083 -0.374287
2.46 0 1.19832 2.43347 0.0831721
2.48 0 1.99886 3.16359 0.229657
2.5 0 0.665911 0.149294 -0.778977
2.52 0 -0.060943 -1.43723 -0.325416
2.54 0 0.482236 0.557632 1.86398
2.56 0 -0.489474 1.59694 2.26302
2.58 0 -1.10825 0.642799 1.76189
2.6 0 -0.415883 -0.837805 1.21569
2.62 0 -0.0674581 -1.37684 -0.140947
2.64 0 0.680606 0.566832 -0.758955
2.66 0 0.517935 1.25996 -1.71215
2.68 0 1.08402 0.842792 -1.2328
2.7 0 0.151167 -1.24371 -1.32388
2.72 0 -1.78586 -2.9083 -1.94638
2.74 0 -1.14875 -1.21692 -0.450144
2.76 0 -0.836808 -0.383433 -0.135126
2.78 0 -0.947294 -1.08495 -1.02389
2.8 0 -0.102699 -1.14643 -1.29985
2.82 0 0.775271 -0.13739 -1.10652
2.84 0 1.59998 1.87279 0.055539
2.86 0 1.20814 2.35685 0.990264
2.88 0 0.217503 1.0768 1.71306
2.9 0 -1.31308 -1.24063 1.43131
2.92 0 -0.714682 -0.665174 2.25301
2.94 0 -0.291098 0.604937 1.87586
2.96 0 -0.506072 0.495106 -0.0038219
2.98 0 1.09 0.822161 -0.359914
3 0 1.5818 0.461003 -0.93016
3.02 0 1.12178 0.689676 -0.937674
3.04 0 0.923947 1.65996 0.478519
3.06 0 -0.0739572 0.920671 1.40407
3.08 0 -1.22283 -0.870167 1.57309
3.1 0 -1.49519 -1.62251 1.38744
3.12 0 -1.39965 -1.37863 0.214662
3.14 0 -0.123285 -0.0357597 -0.712073
3.16 0 1.1783 0.796448 -1.52029
3.18 0 1.60638 0.739424 -1.98005
3.2 0 0.474573 -0.401529 -2.40559
3.22 0 -0.230857 -0.778461 -1.36338
3.24 0 -0.225632 -0.199838 0.65143
3.26 0 -1.45369 -0.88203 0.892437
3.28 0 -1.50531 -1.01258 1.0166
3.3 0 -1.00491 -1.10607 0.308703
3.32 0 -0.128067 -0.647149 -0.749194
3.34 0 0.731353 0.208836 -1.62402
3.36 0 1.00859 0.530911 -2.13661
3.38 0 1.39963 0.901481 -1.201
3.4 0 0.289074 0.0175456 -0.576915
3.42 0 -0.158983 0.123112 1.15097
3.44 0 -0.538726 0.401279 2.50439
3.46 0 -1.89564 -0.870954 1.58659
3.48 0 -1.5542 -1.42 0.603703
3.5 0 0.300748 -0.382062 0.0585124
3.52 0 1.69884 1.35785 -0.564702
3.54 0 1.41054 1.74075 -1.55304
3.56 0 1.68778 1.73293 -0.597978
3.58 0 1.19475 0.903269 0.886015
3.6 0 -1.06642 -0.773098 1.12013
3.62 0 -2.13407 -1.24504 1.52796
3.64 0 -1.28003 -0.613332 1.96653
3.66 0 0.457866 0.756441 1.94845
3.68 0 1.20167 1.61135 0.767901
3.7 0 0.697171 0.982144 -1.10947
3.72 0 0.629934 0.0115107 -1.76932
3.74 0 0.238893 -1.05172 -1.82378
3.76 0 -0.164737 -0.92372 -1.1014
3.78 0 0.332986 0.844731 0.868829
3.8 0 -0.274862 0.943455 1.52063
3.82 0 -1.57243 -1.04704 0.579099
3.84 0 -1.38502 -2.1485 -0.112916
3.86 0 0.147246 -0.743731 -0.117766
3.88 0 0.815255 1.01079 -0.750085
3.9 0 0.337935 0.797946 -1.94731
3.92 0 0.307917 -0.547259 -2.07781
3.94 0 0.739089 -0.853048 -0.836482
3.96 0 0.14727 -0.0430215 0.283245
3.98 0 -1.02392 0.436479 0.767695
4 0 -1.17619 -0.155021 1.1197
4.02 0 -0.451089 -0.963794 1.14916
4.04 0 0.616619 0.0544419 1.15092
4.06 0 -0.170512 0.460217 -0.589814
4.08 0 -0.0426686 0.482686 -1.43865
4.1 0 1.21385 0.305202 -0.814372
4.12 0 0.352595 -0.953094 -1.2959
4.14 0 -0.305304 -0.482153 -0.779335
4.16 0 0.126434 1.01206 0.898903
4.18 0 0.0682246 0.972806 1.73768
4.2 0 -0.574489 -0.268257 1.42096
4.22 0 -0.983098 -1.09517 0.576538
4.24 0 -0.166578 -0.216852 0.295002
4.26 0 0.479124 0.635626 -0.327515
4.28 0 0.723434 0.68879 -0.977539
4.3 0 1.08539 0.63433 -0.707067
4.32 0 0.622841 0.257195 -0.301306
4.34 0 -0.0757947 0.169052 0.422103
4.36 0 -0.954967 -0.370849 0.699613
4.38 0 -1.26238 -1.05541 0.599851
4.4 0 -0.322713 -0.547031 0.797964
4.42 0 0.379346 0.399088 0.397728
4.44 0 0.214871 0.539256 -0.764103
4.46 0 0.359291 0.156681 -1.31011
4.48 0 0.824985 -0.0540504 -0.885364
4.5 0 0.739316 0.281974 -0.0868953
4.52 0 -0.352443 0.240379 0.207837
4.54 0 -1.33011 -0.674137 0.139509
4.56 0 -0.993162 -1.31016 0.363387
4.58 0 -0.448743 -1.17314 0.0698703
4.6 0 0.179403 0.149175 -0.317179
4.62 0 0.638508 1.13314 -0.673267
4.64 0 0.458191 0.345883 -1.22224
4.66 0 0.262392 -0.74423 -1.16014
4.68 0 0.0687395 -0.699946 -0.460907
4.7 0 -0.385615 0.0054347 0.209813
4.72 0 -1.14248 -0.351664 0.066537
4.74 0 -0.296898 -0.311249 0.68789
4.76 0 1.05176 0.737899 1.57274
4.78 0 0.401672 1.00479 0.7753
4.8 0 -0.0176918 0.979647 0.247528
4.82 0 0.552857 0.666388 0.596494
4.84 0 0.396934 -0.176095 0.414523
4.86 0 0.473225 0.503548 0.831988
4.88 0 0.408775 1.44678 1.25963
4.9 0 -0.335081 0.644758 0.776519
4.92 0 -0.14081 -0.263166 0.74993
4.94 0 0.000272296 -0.594328 0.458605
4.96 0 -0.385629 -0.37328 -0.404912
4.98 0 -0.240591 0.0876856 -0.88715
5 0 0.380362 0.0603755 -0.891354
5.02 0 0.296648 -0.60164 -1.13995
5.04 0 -0.0299321 -0.614496 -1.03307
5.06 0 -0.18117 -0.0610076 -0.446326
5.08 0 -0.846231 -0.640825 -0.558908
5.1 0 -0.492166 -0.823216 -0.104742
5.12 0 0.221398 -0.170237 0.482776
5.14 0 0.0595464 0.365513 0.233164
5.16 0 0.197024 0.844801 0.255593
5.18 0 -0.132291 -0.097368 -0.284978
5.2 0 0.213467 -0.418018 -0.0945133
5.22 0 0.457359 0.200279 0.308991
5.24 0 -0.488445 0.0311313 -0.322767
5.26 0 -0.186917 0.174237 0.0311712
5.28 0 0.726545 0.490067 0.881589
5.3 0 0.31247 0.289106 0.668476
5.32 0 -0.49105 0.0392249 0.102866
5.34 0 0.334416 0.78403 0.885668
5.36 0 1.01357 1.22202 1.52179
5.38 0 0.228292 0.639332 0.93435
5.4 0 -0.646552 -0.206844 0.129691
5.42 0 -0.955467 -1.18807 -0.659266
5.44 0 -0.435904 -1.34551 -1.04991
5.46 0 0.532733 -0.125991 -0.839468
5.48 0 1.16393 1.41832 -0.279597
5.5 0 0.816424 1.47911 0.0625604
5.52 0 0.0986278 0.233234 0.413651
5.54 0 -0.319546 -0.606792 1.02896
5.56 0 -1.3925 -1.29026 0.485072
5.58 0 -1.33357 -0.903331 0.0438151
5.6 0 -0.402693 -0.454562 -0.481259
5.62 0 0.445865 -0.317289 -1.24925
5.64 0 0.214274 -0.769678 -2.48311
5.66 0 -1.85727 -3.12293 -4.98908
5.68 0 -2.22202 -4.46724 -5.75563
5.7 0 0.0712444 -2.56951 -3.6517
5.72 0 2.17639 1.52066 -0.397711
5.74 0 1.58771 3.65214 1.64039
5.76 0 -0.132723 2.23891 2.79406
5.78 0 -1.73529 -1.37482 2.87512
5.8 0 -1.99145 -2.74257 2.50095
5.82 0 -2.71191 -2.6392 -0.274986
5.84 0 -0.654415 -0.100666 -1.74593
5.86 0 1.97927 2.06695 -1.89174
5.88 0 2.32036 1.36421 -2.2491
5.9 0 5.16303 3.7688 1.87407
5.92 0 4.02687 5.15974 4.57877
5.94 0 1.12848 5.51296 6.70333
5.96 0 -0.632466 3.8566 8.62542
5.98 0 -3.08098 -1.22365 6.98281
6 0 -3.75494 -3.84945 3.69952
6.02 0 -2.72541 -3.20315 -1.25972
6.04 0 0.453731 -0.429792 -5.26879
6.06 0 5.00392 2.78935 -5.96123
6.08 0 6.58022 3.86957 -4.76759
6.1 0 5.41808 4.91836 -0.402983
6.12 0 0.153376 2.61615 3.24961
6.14 0 -6.43674 -4.91344 2.94002
6.16 0 -6.90781 -7.512 3.63074
6.18 0 -2.96436 -1.91485 4.94808
6.2 0 -0.366122 2.55727 1.79334
6.22 0 -0.246049 0.325613 -4.95311
6.24 0 2.11743 -2.57597 -8.18972
6.26 0 2.60357 -3.91156 -9.63539
6.28 0 0.823695 -2.33774 -8.9815
6.3 0 0.874345 1.56163 -3.64214
6.32 0 -0.866305 0.3359 0.704024
6.34 0 -5.09141 -5.69009 1.11717
6.36 0 -6.02818 -6.68262 1.86135
6.38 0 -3.60959 -2.77034 1.89794
6.4 0 -0.13562 1.70526 0.414738
6.42 0 4.58104 4.56087 -0.335275
6.44 0 6.39836 4.72815 -0.975969
6.46 0 4.2995 3.61648 -0.945399
6.48 0 -0.0456381 1.39757 0.0797792
6.5 0 -2.34846 -0.860557 2.86178
6.52 0 -3.19376 -2.72332 4.56742
6.54 0 -4.368 -4.16319 2.3343
6.56 0 0.0264546 0.906383 2.71953
6.58 0 4.50131 6.41338 2.96972
6.6 0 4.27334 5.76838 0.384863
6.62 0 3.44044 2.97035 -0.224125
6.64 0 1.07942 -0.0986651 0.145679
6.66 0 -2.69112 -2.57356 -0.0999421
6.68 0 -3.05271 -1.96461 1.38743
6.7 0 -1.63826 -1.03401 2.02506
6.72 0 -1.43276 -1.81403 -0.465208
6.74 0 1.20845 0.363471 -1.03344
6.76 0 2.03439 1.516 -2.2705
6.78 0 2.35467 2.18204 -1.92162
6.8 0 2.31865 2.30698 0.26825
6.82 0 -0.145049 0.27157 1.35577
6.84 0 -1.95948 -1.24178 2.41504
6.86 0 -2.5577 -1.66439 2.69054
6.88 0 -1.22074 -0.333299 2.5919
6.9 0 0.118346 0.729458 1.01012
6.92 0 1.08025 0.904866 -1.17277
6.94 0 1.7426 0.702651 -2.49872
6.96 0 -0.523839 -2.21244 -5.12781
6.98 0 -1.89656 -4.22078 -5.95969
7 0 1.23395 -0.766924 -1.57117
7.02 0 0.681365 0.712156 0.020784
7.04 0 -4.14915 -2.96418 -2.83241
7.06 0 -4.07994 -4.69641 -2.51831
7.08 0 0.421828 -2.02041 0.598456
7.1 0 2.00618 1.50926 1.03654
7.12 0 -0.264871 1.92004 -1.61811
7.14 0 0.0242054 0.843187 -1.678
7.16 0 2.2029 -0.00510255 0.612744
7.18 0 1.29691 0.0244665 1.39598
7.2 0 -1.66213 0.480262 0.696405
7.22 0 -2.39733 -0.146686 0.567117
7.24 0 -0.47659 -1.41365 1.07077
7.26 0 0.857926 -1.11139 0.679828
7.28 0 0.00581256 0.460736 -1.08215
7.3 0 0.765156 2.53469 -0.818565
7.32 0 4.78516 5.38252 3.56584
7.34 0 2.89774 3.1219 3.82612
7.36 0 -3.70343 -2.51021 -0.00347561
7.38 0 -4.34825 -3.95122 -0.214166
7.4 0 -1.5565 -2.87765 0.269998
7.42 0 0.80482 0.13983 -0.193391
7.44 0 2.65842 3.97652 -0.0179163
7.46 0 3.12068 4.08192 -0.103022
7.48 0 1.73094 0.767507 -0.513739
7.5 0 0.390794 -0.822813 0.583536
7.52 0 -0.0632539 0.861589 2.98973
7.54 0 -1.1618 1.7692 3.83037
7.56 0 -1.61309 0.520839 3.28369
7.58 0 -0.0805854 -0.26698 2.79276
7.6 0 1.71231 1.14343 2.11987
7.62 0 1.68019 2.6987 0.371928
7.64 0 1.13067 2.37915 -1.01971
7.66 0 0.303447 -0.513275 -1.90821
7.68 0 -0.589589 -2.9283 -2.07821
7.7 0 -0.986796 -2.22951 -1.32791
7.72 0 -1.8217 -1.26488 -1.51296
7.74 0 -0.0151434 0.727168 0.17218
7.76 0 0.839895 0.57081 0.635792
7.78 0 -1.0775 -1.94581 -1.57135
7.8 0 -1.97189 -2.96074 -2.98455
7.82 0 -1.50863 -2.50105 -3.28095
7.84 0 0.490177 -0.645277 -2.06261
7.86 0 1.31661 0.688087 -1.1645
7.88 0 0.467116 0.603188 -0.920754
7.9 0 -1.28589 -1.19087 -1.24023
7.92 0 -2.04792 -2.8276 -1.16927
7.94 0 -1.02736 -2.07355 -0.211496
7.96 0 0.153597 0.188336 0.401394
7.98 0 0.531565 1.59395 0.135741
8 0 0.0440785 0.408471 -0.947684
8.02 0 0.15255 -1.10105 -1.22332
8.04 0 0.146369 -1.2604 -1.02048
8.06 0 0.580259 0.846257 0.28181
8.08 0 0.65514 2.27454 1.48181
8.1 0 0.400886 1.6083 2.17175
8.12 0 0.834874 1.13658 3.28967
8.14 0 0.324164 1.02788 3.26142
8.16 0 -0.0952858 1.61371 2.78487
8.18 0 -0.0390505 1.38252 1.87819
8.2 0 2.19375 2.50917 2.83562
8.22 0 3.11504 3.70534 3.45945
8.24 0 -0.129188 1.48813 0.912196
8.26 0 -1.34212 -0.600164 -0.0200503
8.28 0 0.515782 -0.530714 1.31704
8.3 0 -0.374801 -1.16877 -0.128655
8.32 0 -2.96121 -2.89316 -3.70744
8.34 0 -2.02402 -3.10793 -4.70139
8.36 0 -0.51974 -3.65622 -5.29491
8.38 0 0.0561981 -3.07488 -5.64307
8.4 0 0.671927 -0.495602 -4.28334
8.42 0 0.466821 0.807162 -2.28761
8.44 0 0.0921532 0.243422 0.217315
8.46 0 -0.914501 -1.09149 1.95704
8.48 0 -2.87356 -2.45754 1.5007
8.5 0 -2.68407 -1.85637 0.914847
8.52 0 -0.476943 -0.368629 0.256199
8.54 0 1.20773 0.369056 -1.37462
8.56 0 2.05981 1.22747 -2.36249
8.58 0 0.91599 0.376746 -3.30483
8.6 0 1.16369 0.445108 -1.29977
8.62 0 3.07202 3.15276 3.73512
8.64 0 0.778032 3.30606 5.4314
8.66 0 -3.08915 0.340354 4.09159
8.68 0 -2.75953 -1.63829 3.8093
8.7 0 0.922596 0.228849 4.58357
8.72 0 1.84137 2.8774 2.51615
8.74 0 0.94144 3.22084 -1.0122
8.76 0 3.3955 3.32432 -0.451571
8.78 0 4.89898 2.89434 1.53792
8.8 0 3.06335 3.66228 3.49919
8.82 0 -1.40277 2.74889 3.9407
8.84 0 -5.46857 -2.82456 1.9874
8.86 0 -4.00018 -6.16152 1.18449
8.88 0 -2.87732 -6.25293 -2.54211
8.9 0 -1.99377 -3.36113 -7.50964
8.92 0 2.42413 1.27274 -8.01649
8.94 0 5.58349 2.79395 -6.22588
8.96 0 3.74154 1.11881 -4.20414
8.98 0 -1.82712 -2.30721 -2.38416
9 0 -6.5872 -6.11023 -0.935397
9.02 0 -7.51248 -7.80825 0.127678
9.04 0 -4.46089 -5.83779 0.0922726
9.06 0 -0.396351 -1.54148 -1.93069
9.08 0 2.55766 2.83001 -4.09371
9.1 0 4.26641 4.98421 -3.64516
9.12 0 3.44521 1.53143 -2.69084
9.14 0 0.79286 -2.27858 -1.1287
9.16 0 1.69913 1.8953 4.87633
9.18 0 0.326164 5.77476 8.45909
9.2 0 -2.03624 4.08031 8.41594
9.22 0 0.534113 2.87827 9.98815
9.24 0 2.68303 3.47111 9.75036
9.26 0 2.70239 5.39812 6.70596
9.28 0 3.15963 7.38673 4.30668
9.3 0 3.42025 5.21651 2.14797
9.32 0 2.29348 0.229006 -0.192662
9.34 0 -0.291955 -3.4602 -2.60461
9.36 0 -2.57883 -3.23595 -3.82772
9.38 0 -3.98428 -2.94656 -4.48391
9.4 0 -4.22072 -5.96102 -5.95429
9.42 0 -1.99799 -6.88319 -6.04497
9.44 0 -0.65471 -4.43625 -6.35894
9.46 0 -0.327012 -0.831501 -6.35068
9.48 0 1.32161 1.56697 -3.82652
9.5 0 0.981994 -0.382368 -1.80713
9.52 0 -1.56554 -3.33763 -0.976017
9.54 0 -0.842012 -0.441327 2.86446
9.56 0 -0.749151 2.20728 4.6175
9.58 0 -2.16534 0.375726 2.49813
9.6 0 -0.857075 -1.44561 0.838499
9.62 0 0.160449 -2.18086 -1.69798
9.64 0 0.812241 -0.243306 -3.48129
9.66 0 2.99802 3.46344 -1.95473
9.68 0 4.69506 5.38586 1.51478
9.7 0 2.8442 3.83561 3.96972
9.72 0 -1.15345 0.840852 5.01164
9.74 0 -3.99579 -1.64432 5.01434
9.76 0 -4.42987 -3.3669 3.23362
9.78 0 -2.4249 -3.18803 0.0570077
9.8 0 0.952446 -0.462246 -2.98389
9.82 0 4.71949 3.83892 -3.65422
9.84 0 6.63848 6.22143 -2.11265
9.86 0 5.23762 5.62137 1.0507
9.88 0 2.23766 4.30524 6.00797
9.9 0 -1.37386 2.00942 9.69127
9.92 0 -2.73027 0.0279401 10.6667
9.94 0 -4.02411 -0.971398 7.25771
9.96 0 -6.47042 -4.09231 -1.35506
9.98 0 -1.6248 -3.57066 -5.50095
10 0 6.5901 1.1099 -4.99556
10.02 0 5.92351 2.44774 -7.55752
10.04 0 -0.909801 -2.01778 -12.2621
10.06 0 -1.32403 -4.67426 -9.17062
10.08 0 3.02875 -1.41945 0.442463
10.1 0 -1.91494 -1.74847 1.97082
10.12 0 -9.61137 -4.73397 -0.963965
10.14 0 -7.38162 -4.18547 1.61944
10.16 0 -1.09693 -3.93986 3.0487
10.18 0 2.91155 0.275235 1.80373
10.2 0 2.62553 4.82795 -1.99052
10.22 0 -0.320576 1.87791 -7.09583
10.24 0 1.49728 -2.45007 -6.16452
10.26 0 5.04234 -1.39219 -0.698534
10.28 0 1.48467 1.70655 1.28703
10.3 0 -6.82852 -0.831449 -1.60852
10.32 0 -5.77664 -3.97942 0.575561
10.34 0 2.30625 -1.4942 6.68516
10.36 0 0.574552 -0.0173693 3.25888
10.38 0 -5.87777 -1.57376 -5.43528
10.4 0 -4.27355 -3.30979 -7.83311
10.42 0 1.61137 -5.24805 -6.36689
10.44 0 4.91505 -4.32566 -6.21361
10.46 0 0.591973 -0.152929 -8.14693
10.48 0 -2.85599 1.85592 -6.67603
10.5 0 -0.151315 0.229354 0.762299
10.52 0 4.41647 1.05865 9.48723
10.54 0 0.120023 2.03312 9.2532
10.56 0 -5.93618 2.14446 4.9578
10.58 0 -3.69202 2.01285 4.93149
10.6 0 -0.453971 -2.43038 3.02523
10.62 0 3.37276 -1.25625 1.51672
10.64 0 6.39892 6.37484 1.1686
10.66 0 6.43296 10.5863 0.340529
10.68 0 4.3427 5.9828 -0.477553
10.7 0 2.19206 -0.793223 0.829485
10.72 0 -1.02961 -2.93419 1.83201
10.74 0 -2.71986 0.10921 3.85355
10.76 0 0.10061 5.23835 8.37547
10.78 0 2.26044 5.99988 10.2762
10.8 0 2.68046 4.66605 9.21785
10.82 0 2.92171 4.98686 7.58589
10.84 0 0.203783 2.53976 2.5325
10.86 0 -0.719374 -0.377132 -1.33354
10.88 0 3.90742 1.76192 0.64915
10.9 0 4.90225 3.30341 0.703131
10.92 0 2.04656 2.86883 -1.11477
10.94 0 -1.97376 -0.844398 -3.18563
10.96 0 -3.86138 -5.48989 -3.57249
10.98 0 -5.60612 -7.66521 -3.53171
11 0 -5.74133 -6.86005 -3.96237
11.02 0 -2.67545 -3.54996 -3.78435
11.04 0 1.06861 -0.331847 -3.5999
11.06 0 2.52339 0.851419 -4.11252
11.08 0 2.57408 1.04772 -3.593
11.1 0 0.780527 -0.8397 -3.22893
11.12 0 -4.76405 -6.25009 -5.81668
11.14 0 -3.04837 -4.05362 -1.70405
11.16 0 -1.31162 -1.01394 1.36594
11.18 0 -2.72581 -1.67194 -0.339482
11.2 0 -2.31043 -2.47103 -1.97767
11.22 0 -1.34137 -3.47646 -3.95156
11.24 0 1.0151 -1.32236 -3.75375
11.26 0 1.3658 -0.0421245 -4.26459
11.28 0 2.54752 2.27404 -1.87417
11.3 0 1.08164 1.22158 -0.395271
11.32 0 -1.42527 -1.1857 0.591935
11.34 0 -2.33576 -2.20702 1.8752
11.36 0 -2.00535 -1.24534 2.8211
11.38 0 1.72462 3.95098 5.93302
11.4 0 2.46079 5.97138 5.86167
11.42 0 0.111187 2.13723 2.14918
11.44 0 2.20158 1.50393 2.68198
11.46 0 6.83966 6.32329 6.76996
11.48 0 2.22467 5.59731 3.87539
11.5 0 -3.38981 0.302053 -0.274811
11.52 0 -1.06495 -2.06141 1.55618
11.54 0 0.186066 -3.1271 1.47549
11.56 0 -1.28833 -1.45285 -1.18056
11.58 0 -2.50528 -0.39697 -4.25695
11.6 0 0.162662 -0.724816 -4.25831
11.62 0 5.34153 1.44185 -0.176683
11.64 0 4.29159 3.376 1.3893
11.66 0 0.223021 4.21497 2.21272
11.68 0 -1.88415 2.17677 4.19136
11.7 0 -0.760847 -0.736236 6.65051
11.72 0 0.0511543 -0.814089 6.70695
11.74 0 -3.15249 -1.23865 0.758316
11.76 0 -4.45291 -2.23565 -5.2044
11.78 0 0.0202286 -3.02524 -6.70115
11.8 0 5.14312 -1.09982 -5.07379
11.82 0 4.39254 1.73888 -4.66133
11.84 0 -0.417232 0.639085 -5.92739
11.86 0 -0.974439 -0.685838 -2.08872
11.88 0 -0.65345 -2.25852 2.61554
11.9 0 -2.32189 -2.17231 4.46541
11.92 0 -6.33933 -2.71892 1.64184
11.94 0 -7.12411 -4.80315 -2.231
11.96 0 -1.73237 -5.2326 -3.72763
11.98 0 0.850647 -4.59563 -7.22444
12 0 0.503029 -2.34334 -10.7218
12.02 0 1.97456 0.917461 -9.4188
12.04 0 3.23693 0.886035 -5.18188
12.06 0 2.21204 -0.576566 -0.201594
12.08 0 -2.81884 -2.42423 1.90628
12.1 0 -6.74485 -2.81696 2.85557
12.12 0 -3.85343 -1.18271 5.38877
12.14 0 1.77049 1.37494 6.8432
12.16 0 4.85524 7.19349 7.15442
12.18 0 3.24436 7.82133 3.4931
12.2 0 2.77288 4.4183 1.38228
12.22 0 5.36586 2.87855 3.51452
12.24 0 3.20252 2.09519 3.32732
12.26 0 0.0395515 3.79606 3.58781
12.28 0 -0.539337 4.10644 5.19894
12.3 0 -1.94694 -1.16836 3.6604
12.32 0 -0.0365121 -1.84461 3.86946
12.34 0 3.96122 4.71254 6.01971
12.36 0 3.63308 8.14378 4.30356
12.38 0 0.373985 3.20276 -0.271748
12.4 0 -0.00728718 -1.99948 -1.0994
12.42 0 2.43466 -0.975163 1.88698
12.44 0 -0.599347 -1.13674 -0.748273
12.46 0 -3.13002 -1.04921 -3.51832
12.48 0 -1.868 -1.60555 -3.3183
12.5 0 -1.15397 -4.53166 -3.86813
12.52 0 -1.60482 -5.4705 -5.02171
12.54 0 -2.83376 -4.12924 -6.33051
12.56 0 -2.15315 -2.04486 -5.69199
12.58 0 -0.161892 -1.45594 -3.71253
12.6 0 0.464988 -2.1858 -2.39555
12.62 0 -1.50533 -3.04221 -2.87277
12.64 0 -3.31613 -3.0622 -3.32913
12.66 0 -3.09176 -3.4856 -3.22878
12.68 0 -1.60314 -3.76068 -2.94473
12.7 0 -0.0900983 -1.98386 -2.42806
12.72 0 1.4745 1.75637 -0.851299
12.74 0 1.24794 2.74522 -0.0297484
12.76 0 -1.96462 -1.7313 -1.89263
12.78 0 -2.97308 -4.78358 -1.99044
12.8 0 -2.433 -4.02887 -1.23829
12.82 0 0.962319 0.454418 0.614489
12.84 0 2.50788 3.50183 0.649402
12.86 0 0.418114 2.1574 -1.03784
12.88 0 2.26262 2.47537 1.95462
12.9 0 1.34152 0.524463 2.60162
12.92 0 0.0365039 0.68168 3.07492
12.94 0 3.06906 6.19901 7.56776
12.96 0 1.06598 5.02969 6.30098
12.98 0 -0.655343 1.43107 4.2036
13 0 -0.581189 -0.966096 2.76081
13.02 0 -1.1859 -1.99035 -0.0749931
13.04 0 -0.605885 -0.536554 -2.06057
13.06 0 1.2903 1.18062 -2.51557
13.08 0 5.87081 4.77904 1.06718
13.1 0 6.4508 6.45193 3.61848
13.12 0 -0.478434 2.01638 1.1937
13.14 0 -2.16147 -0.116802 3.18709
13.16 0 0.525441 1.00633 7.56213
13.18 0 -1.86551 -0.562688 5.10944
13.2 0 -3.42954 -0.816876 1.35163
13.22 0 -1.09708 -0.100209 -0.618161
13.24 0 3.69542 1.63776 -0.531154
13.26 0 4.53071 2.39384 -2.03162
13.28 0 0.717636 -0.0178495 -5.44063
13.3 0 -0.7077 -2.17211 -5.24876
13.32 0 -0.499213 -3.01965 -2.54512
13.34 0 0.625516 -0.0975829 1.78719
13.36 0 -2.12958 1.41395 2.89656
13.38 0 -6.03024 -2.73379 0.228511
13.4 0 -3.57344 -5.34673 -0.116164
13.42 0 0.504262 -3.79736 -0.883126
13.44 0 2.06432 1.42312 -2.88233
13.46 0 1.07819 3.19857 -5.56078
13.48 0 0.637919 -0.477182 -6.09197
13.5 0 3.46634 -1.14278 -0.92779
13.52 0 1.05019 -0.153966 1.95596
13.54 0 -3.82728 0.336344 2.11883
13.56 0 -5.58523 -1.98941 1.7266
13.58 0 -3.18162 -5.16633 0.941919
13.6 0 1.48166 -2.37505 0.656783
13.62 0 2.99881 3.55151 -1.27254
13.64 0 2.87396 6.33043 -2.59853
13.66 0 2.91571 2.95582 -1.77643
13.68 0 2.07209 -1.37058 0.670249
13.7 0 -1.38628 -2.3072 2.18341
13.72 0 -5.27233 -1.85672 1.63496
13.74 0 -4.80396 -2.33201 0.927832
13.76 0 -1.23563 -3.56845 -0.530035
13.78 0 1.29836 -2.29211 -3.10954
13.8 0 2.43392 1.85392 -4.71458
13.82 0 3.05192 4.23755 -3.94582
13.84 0 3.89746 3.22642 -0.438441
13.86 0 2.18766 1.004 3.15484
13.88 0 -2.1736 -0.364049 4.60137
13.9 0 -5.10853 -1.25166 4.72668
13.92 0 -3.83094 -1.90464 4.34327
13.94 0 -0.353994 -1.30731 2.73005
13.96 0 0.771202 0.00910129 -1.53053
13.98 0 1.34824 1.37042 -5.23438
14 0 2.93087 1.30408 -5.80778
14.02 0 5.48492 2.09767 -2.20038
14.04 0 4.13811 3.53721 1.84917
14.06 0 -2.19896 1.12083 2.20245
14.08 0 -5.0213 -1.80454 3.75633
14.1 0 -2.97566 -2.57365 6.3286
14.12 0 -1.38949 -1.55807 5.2079
14.14 0 -0.772151 0.960891 1.22094
14.16 0 1.18934 2.84883 -2.32888
14.18 0 4.1002 2.30886 -3.66969
14.2 0 6.11792 2.42656 -2.13
14.22 0 3.48034 2.76366 -0.550381
14.24 0 -2.57871 0.350132 -0.230515
14.26 0 -4.86644 -2.89481 1.94328
14.28 0 -3.01565 -4.16346 4.39873
14.3 0 -2.44046 -3.07206 2.79378
14.32 0 -1.37787 0.359571 -0.505745
14.34 0 1.53866 2.38871 -2.94351
14.36 0 3.1294 0.446114 -5.15842
14.38 0 3.21589 -0.657409 -5.00014
14.4 0 -0.33753 -1.76679 -4.84935
14.42 0 -3.13632 -2.84148 -3.31432
14.44 0 -1.58973 -1.5983 1.37747
14.46 0 0.0858577 0.40979 4.84573
14.48 0 -0.691805 1.57019 4.60644
14.5 0 -1.53562 1.11537 2.38288
14.52 0 0.346781 0.592228 1.17796
14.54 0 1.75434 -0.00352773 -0.465946
14.56 0 0.14309 -1.18403 -3.73929
14.58 0 -1.08214 -1.85117 -5.51066
14.6 0 -0.109519 -1.82168 -4.37342
14.62 0 2.09691 0.236636 -0.681484
14.64 0 1.46568 2.07207 1.87644
14.66 0 -2.01018 0.607426 1.6325
14.68 0 -3.58869 -2.45835 1.1176
14.7 0 -2.70398 -4.49115 0.248292
14.72 0 -0.119308 -2.02689 -0.394531
14.74 0 1.86358 2.53774 -1.2074
14.76 0 3.06464 4.84523 -1.22347
14.78 0 4.69705 4.80749 1.41403
14.8 0 2.66871 2.18463 3.09341
14.82 0 -1.09272 0.590829 4.26757
14.84 0 -2.1798 1.21682 6.24071
14.86 0 -2.0542 0.511866 6.04652
14.88 0 -1.72005 -1.2861 2.88584
14.9 0 -0.197091 -1.16963 -0.823508
14.92 0 0.659098 -0.762046 -4.97357
14.94 0 1.93403 -0.0337215 -6.77219
14.96 0 3.82961 1.60392 -4.561
14.98 0 0.914279 -0.373102 -3.60477
15 0 -1.18585 -1.44649 -0.547681
15.02 0 -0.22486 0.468111 4.69509
15.04 0 -1.55751 0.665513 5.78473
15.06 0 -5.3791 -2.52561 1.74693
15.08 0 -3.78282 -3.54218 -0.505715
15.1 0 2.15986 -0.389029 -0.19726
15.12 0 1.40693 -0.601606 -5.17521
15.14 0 0.669102 -0.447335 -7.89526
15.16 0 2.69781 0.697612 -5.27375
15.18 0 2.93248 0.828582 -1.28492
15.2 0 -0.0731276 0.28553 1.62625
15.22 0 -5.63825 -3.41696 0.819204
15.24 0 -5.92584 -4.86024 1.46827
15.26 0 -2.7698 -4.03478 1.38112
15.28 0 -0.100304 -1.52684 -1.23444
15.3 0 5.84852 6.32504 0.38196
15.32 0 5.48481 7.44839 -0.727712
15.34 0 0.805426 0.640635 -3.30172
15.36 0 2.02895 -0.182749 2.12905
15.38 0 0.500116 0.920595 5.69512
15.4 0 -4.75755 -0.186133 4.13753
15.42 0 -2.90384 0.593271 5.30323
15.44 0 1.07058 0.685442 5.24538
15.46 0 2.00503 1.09384 1.82521
15.48 0 1.65385 2.68681 -1.82265
15.5 0 1.82674 2.42309 -3.5069
15.52 0 2.81656 0.875151 -2.25662
15.54 0 1.1359 -1.02514 -1.02535
15.56 0 -2.03747 -1.58852 -0.124594
15.58 0 -3.19765 -1.37909 1.16935
15.6 0 -2.36977 -1.7913 1.73184
15.62 0 -0.845109 -1.73636 0.958585
15.64 0 -0.298662 -1.03667 -1.49293
15.66 0 0.355019 -0.0125214 -3.61058
15.68 0 2.06424 1.04791 -3.40181
15.7 0 2.06625 0.50228 -2.64185
15.72 0 -0.412193 -1.33184 -2.31738
15.74 0 -2.05118 -2.16983 -0.906847
15.76 0 -1.49753 -1.13643 1.6174
15.78 0 -1.72127 -1.09276 1.71495
15.8 0 -2.16321 -1.84273 -0.211292
15.82 0 0.835852 0.342571 0.121697
15.84 0 2.52198 2.1585 -0.166104
15.86 0 1.61336 1.91302 -1.36997
15.88 0 0.427972 0.455937 -1.48466
15.9 0 -0.325804 -1.17396 -0.538649
15.92 0 -1.23536 -1.91666 0.226936
15.94 0 -2.10299 -1.7695 0.103533
15.96 0 -1.933 -1.36185 -0.4857
15.98 0 0.053275 -0.2208 -0.262093
16 0 2.64408 2.36352 1.21076
16.02 0 2.41097 3.15688 1.17954
16.04 0 0.908441 1.93279 0.693202
16.06 0 0.384213 0.750986 1.52135
16.08 0 0.29857 0.438012 2.74876
16.1 0 -0.436012 0.629636 2.91581
16.12 0 -1.24581 0.414115 1.95406
16.14 0 -0.444088 0.273699 1.31523
16.16 0 1.22405 0.745323 1.06395
16.18 0 2.01733 1.76264 0.582027
16.2 0 2.01025 2.83137 0.488486
16.22 0 1.29098 2.32644 0.749171
16.24 0 0.123415 0.338924 1.15199
16.26 0 -0.781484 -1.02636 1.61312
16.28 0 -1.28947 -0.745453 1.74076
16.3 0 -0.625806 0.57611 1.73681
16.32 0 0.534551 1.32488 1.2948
16.34 0 1.29309 1.06138 0.33865
16.36 0 0.227017 -0.630853 -1.83473
16.38 0 -1.11737 -2.36666 -3.7791
16.4 0 -1.6516 -3.58397 -4.865
16.42 0 -1.09997 -3.09272 -4.43704
16.44 0 0.835891 -0.267367 -1.93193
16.46 0 1.32619 1.56873 -0.0163544
16.48 0 -0.320875 0.522731 0.197373
16.5 0 -2.69333 -2.55123 -0.768692
16.52 0 -3.08404 -3.9023 -0.899565
16.54 0 -2.03398 -3.20022 -1.19672
16.56 0 0.0374507 -0.358645 -1.21723
16.58 0 1.53849 1.84341 -1.43656
16.6 0 0.686595 0.328417 -2.93642
16.62 0 -0.0644307 -1.86567 -3.20111
16.64 0 -1.31879 -3.36655 -3.11415
16.66 0 -2.87251 -3.71458 -3.23333
16.68 0 -1.7654 -1.96883 -1.72975
16.7 0 1.52593 1.39342 1.31242
16.72 0 3.57205 4.35527 3.71572
16.74 0 2.54544 4.98359 4.31587
16.76 0 0.248898 2.79633 3.77914
16.78 0 -0.547822 0.424019 3.89706
16.8 0 -0.56547 -0.490924 3.68293
16.82 0 -0.707172 0.193518 2.33897
16.84 0 -0.215935 1.24853 0.703721
16.86 0 0.491623 0.836738 -0.994317
16.88 0 2.30274 0.846133 -0.964536
16.9 0 4.05172 2.67228 0.726484
16.92 0 1.57762 2.73643 0.578928
16.94 0 -1.8924 0.240108 0.0533385
16.96 0 -1.95461 -1.91659 1.55435
16.98 0 -0.950866 -2.26785 2.57353
17 0 -0.825598 -0.384855 1.70082
17.02 0 -0.481788 1.60668 0.0203172
17.04 0 0.916085 1.34021 -1.18996
17.06 0 1.58628 -0.716997 -2.30566
17.08 0 0.970008 -1.32704 -2.73958
17.1 0 -0.167804 -0.108686 -2.02506
17.12 0 -0.814384 0.303416 -0.604835
17.14 0 -0.406513 -0.330183 1.24114
17.16 0 -0.696823 -1.25695 1.71118
17.18 0 -1.85511 -1.57919 0.423732
17.2 0 -1.83893 -1.27581 -1.10702
17.22 0 -0.367669 -1.17878 -2.25625
17.24 0 1.323 -0.663102 -2.7331
17.26 0 1.89791 0.671103 -2.45787
17.28 0 0.939873 1.24147 -1.76024
17.3 0 -0.167471 0.381901 -0.287404
17.32 0 -0.635879 -0.750174 1.67343
17.34 0 -1.75929 -1.70299 2.04343
17.36 0 -2.53743 -1.76517 0.979033
17.38 0 -1.78612 -1.42873 -0.651972
17.4 0 0.506786 -0.392894 -1.61387
17.42 0 3.04973 1.88239 -1.18134
17.44 0 3.69673 3.76782 -0.161593
17.46 0 1.88274 3.15179 0.714812
17.48 0 -0.829039 0.177299 1.49635
17.5 0 -2.15461 -2.11683 2.54777
17.52 0 -2.69642 -2.6087 2.42438
17.54 0 -2.19602 -1.37396 1.07842
17.56 0 0.368972 1.0649 0.125267
17.58 0 3.20286 3.09005 -0.158106
17.6 0 4.62248 4.1636 0.35584
17.62 0 3.02204 3.40231 0.740769
17.64 0 -0.566589 0.659241 0.844846
17.66 0 -2.64677 -1.98547 1.70707
17.68 0 -2.77111 -2.90402 2.36844
17.7 0 -1.68532 -1.50056 1.91258
17.72 0 -0.0236209 0.844342 0.463207
17.74 0 2.34371 2.83023 -0.378132
17.76 0 2.68265 2.06231 -1.64798
17.78 0 0.927527 -0.362202 -2.77994
17.8 0 -0.514949 -1.63771 -2.15016
17.82 0 -1.55007 -2.18523 -1.13282
17.84 0 -2.07383 -2.06129 -0.390652
17.86 0 -2.02697 -1.82924 -0.375904
17.88 0 -0.749751 -0.984512 -0.337748
17.9 0 -0.0335425 -0.752957 -1.35924
17.92 0 -0.460547 -1.42814 -3.2546
17.94 0 0.0847801 -1.2129 -3.54285
17.96 0 0.303296 -1.10112 -3.15899
17.98 0 -0.11414 -1.13065 -2.43681
18 0 -0.106063 -0.332185 -0.656897
18.02 0 0.154485 0.731678 1.46386
18.04 0 0.0399124 1.22135 2.85376
18.06 0 -0.610595 0.656627 2.83496
18.08 0 -0.87572 -0.119101 1.99179
18.1 0 -0.180064 -0.0708767 1.08508
18.12 0 0.610453 0.65051 0.130611
18.14 0 1.47292 1.55898 -0.298112
18.16 0 2.57368 2.70537 0.652502
18.18 0 1.88356 2.34901 1.26881
18.2 0 -0.00916211 0.875195 1.54341
18.22 0 -1.13433 -0.348157 2.10886
18.24 0 -1.67972 -1.25625 1.9018
18.26 0 -1.05926 -0.816939 1.32999
18.28 0 0.678084 1.03868 0.968305
18.3 0 1.25132 1.56808 -0.418027
18.32 0 0.682503 0.284401 -2.1135
18.34 0 1.25122 0.0797863 -1.49018
18.36 0 0.86203 0.208276 -0.4518
18.38 0 -0.961721 -0.41378 -0.22543
18.4 0 -1.43542 -0.756079 0.646176
18.42 0 -1.0737 -1.15595 1.10021
18.44 0 -0.7323 -1.05219 0.544464
18.46 0 -0.19398 -0.117912 -0.376685
18.48 0 0.144126 0.164486 -1.59285
18.5 0 0.427716 -0.441767 -2.42232
18.52 0 0.63605 -0.831098 -2.32263
18.54 0 0.0342198 -0.865175 -1.90855
18.56 0 -0.732953 -0.699843 -1.14676
18.58 0 -0.698735 -0.458498 0.13573
18.6 0 -0.472031 -0.451369 1.00635
18.62 0 -0.825024 -0.745458 0.63628
18.64 0 -0.953204 -0.797453 -0.263332
18.66 0 -0.00203423 -0.18498 -0.618041
18.68 0 0.969056 0.512933 -0.696035
18.7 0 1.43254 1.25567 -0.322031
18.72 0 1.02661 1.347 0.204203
18.74 0 0.284538 0.82916 0.977478
18.76 0 -0.659637 -0.228105 1.39361
18.78 0 -1.32228 -1.04883 1.24246
18.8 0 -0.972278 -0.746025 0.950876
18.82 0 0.414198 0.723706 0.920853
18.84 0 1.83831 2.32846 1.06367
18.86 0 1.90178 2.47126 0.750447
18.88 0 0.883344 1.22143 0.368683
18.9 0 -0.295735 -0.366593 0.292573
18.92 0 -1.27171 -1.504 0.139641
18.94 0 -1.40662 -1.4825 -0.0130574
18.96 0 -0.737709 -0.710216 -0.275404
18.98 0 0.718537 0.650104 -0.109445
19 0 1.40521 1.3274 -0.200067
19.02 0 0.837355 0.838061 -0.599722
19.04 0 0.410064 0.384615 -0.10339
19.06 0 -0.0822443 -0.00717301 0.673504
19.08 0 -1.03672 -0.76316 0.661383
19.1 0 -1.1958 -0.934617 0.548478
19.12 0 -0.0654784 0.0237467 0.844641
19.14 0 0.220282 0.270971 -0.026228
19.16 0 0.410361 0.347939 -0.820058
19.18 0 0.415743 -0.0156899 -1.31335
19.2 0 -0.364308 -1.19381 -2.04012
19.22 0 -0.218906 -1.07394 -1.43017
19.24 0 -0.266065 -0.614371 -0.769802
19.26 0 0.0260037 0.312871 0.278084
19.28 0 -0.177451 0.313369 0.648937
19.3 0 -1.3458 -1.34385 -0.473702
19.32 0 -1.00715 -1.76517 -0.831375
19.34 0 -0.731827 -1.68999 -1.70163
19.36 0 -0.682097 -1.43054 -2.84653
19.38 0 0.968755 0.358675 -1.86932
19.4 0 2.25273 1.988 -0.0292728
19.42 0 1.67105 2.26491 1.38928
19.44 0 0.616063 2.08186 3.07891
19.46 0 -0.840318 0.788687 3.76865
19.48 0 -2.87955 -2.02584 2.05847
19.5 0 -1.84201 -2.08095 1.19334
19.52 0 0.866674 0.54621 0.744745
19.54 0 2.36863 2.84707 -0.407262
19.56 0 2.54334 3.0196 -1.28995
19.58 0 1.83867 1.25362 -1.13288
19.6 0 0.827153 -0.0381488 0.369525
19.62 0 -0.936825 -0.514503 1.61962
19.64 0 -2.58375 -0.912315 1.88087
19.66 0 -2.42547 -1.52377 1.48074
19.68 0 -0.602472 -1.30751 0.703428
19.7 0 0.887358 -0.0542248 -0.828157
19.72 0 2.31647 2.41228 -1.29878
19.74 0 1.67167 2.04978 -2.10169
19.76 0 0.166978 -0.619695 -2.27268
19.78 0 -0.437262 -2.02337 -0.735994
19.8 0 -1.69623 -2.14253 0.107122
19.82 0 -1.59843 -0.394294 1.19745
19.84 0 -1.24923 -0.102612 0.864745
19.86 0 -0.227828 -0.672291 -0.0419955
19.88 0 1.0836 -0.132557 -0.607834
19.9 0 0.687737 0.27223 -1.88542
19.92 0 0.348143 0.506058 -2.12155
19.94 0 -0.0347377 -0.607254 -1.77497
19.96 0 -0.183147 -1.37223 -0.727297
19.98 0 -0.306496 -0.589635 0.568838
20 0 -0.865681 0.267542 1.03127
20.02 0 -0.822433 0.258727 1.04015
20.04 0 -0.0779058 -0.259553 0.81371
20.06 0 0.815753 0.21071 0.64198
20.08 0 0.496439 0.769514 -0.230808
20.1 0 0.259316 0.884296 -0.663502
20.12 0 0.607472 0.414073 -0.221397
20.14 0 0.479542 -0.228046 0.21495
20.16 0 0.0418441 0.131463 0.74624
20.18 0 -0.334768 0.742354 1.1756
20.2 0 0.105187 1.10246 1.82793
20.22 0 0.478464 0.807648 1.94189
20.24 0 0.119 0.278827 1.15226
20.26 0 0.0832448 0.484765 0.563223
20.28 0 0.47739 0.851597 0.350131
20.3 0 0.96961 1.06694 0.511194
20.32 0 0.620618 0.647086 0.348077
20.34 0 0.12069 0.314274 0.389934
20.36 0 -0.0342873 0.278348 0.764579
20.38 0 -0.83528 -0.665928 0.126699
20.4 0 -1.16821 -1.45662 -0.685725
20.42 0 -0.454594 -1.14451 -0.985244
20.44 0 0.695612 0.193269 -0.767078
20.46 0 0.563002 0.502425 -1.25344
20.48 0 -0.355674 -0.625733 -1.99543
20.5 0 -0.236 -1.18579 -1.39001
20.52 0 -0.345713 -1.22307 -0.76645
20.54 0 -1.27312 -1.30925 -1.01531
20.56 0 -1.4476 -1.2508 -1.12299
20.58 0 -0.801026 -1.43224 -1.20063
20.6 0 -0.491593 -1.73146 -1.86263
20.62 0 -0.110572 -1.02058 -2.17213
20.64 0 0.706632 0.444456 -1.47421
20.66 0 0.86291 0.885021 -0.674007
20.68 0 0.0357739 -0.0221851 -0.223854
20.7 0 -0.694226 -0.815446 0.385022
20.72 0 -0.894356 -0.727889 0.998753
20.74 0 -0.48812 0.128115 1.39897
20.76 0 0.261892 1.05883 1.48473
20.78 0 0.704708 1.31957 1.11824
20.8 0 1.06357 1.23326 0.852095
20.82 0 1.29735 1.37643 1.00919
20.84 0 1.12245 1.62091 1.36826
20.86 0 0.920848 1.96168 2.13457
20.88 0 0.899418 2.16462 3.15093
20.9 0 0.0628491 1.23826 3.06345
20.92 0 -0.915931 -0.149055 2.0253
20.94 0 0.116399 0.50083 2.02539
20.96 0 0.79499 1.22139 1.27264
20.98 0 0.468897 0.914345 -0.303768
21 0 0.497165 0.233618 -1.14782
21.02 0 0.25037 -0.803415 -1.64839
21.04 0 -0.313038 -1.33893 -1.82319
21.06 0 -0.927838 -1.44075 -1.84557
21.08 0 -1.32814 -1.71586 -1.91922
21.1 0 -1.38967 -2.17416 -2.08267
21.12 0 -1.0628 -2.20743 -2.21164
21.14 0 -0.426723 -1.41518 -2.1122
21.16 0 0.047248 -0.44895 -1.89551
21.18 0 -0.0380319 -0.360955 -1.81069
21.2 0 -0.495202 -1.14919 -1.76777
21.22 0 -0.457268 -1.32321 -1.08607
21.24 0 -0.216661 -0.548016 -0.163596
21.26 0 0.208729 0.816194 0.898756
21.28 0 0.217954 1.19343 1.34297
21.3 0 -0.528429 -0.133941 0.631354
21.32 0 -0.259013 -0.61407 0.495283
21.34 0 0.282712 0.116893 0.539479
21.36 0 0.657946 1.28254 0.595473
21.38 0 0.94982 1.7408 0.799888
21.4 0 1.2852 1.57867 1.4165
21.42 0 1.42044 1.72437 2.3788
21.44 0 0.351091 1.49683 2.46868
21.46 0 -0.595047 0.8885 2.22962
21.48 0 -0.341893 0.369911 2.21165
21.5 0 0.200711 0.197581 1.70257
21.52 0 -0.0162517 0.0731155 0.156429
21.54 0 0.176328 0.321888 -0.97125
21.56 0 1.23806 0.900721 -0.785398
21.58 0 1.56286 1.09086 -0.227171
21.6 0 0.579484 0.725924 0.15526
21.62 0 -1.09957 -0.590007 0.024512
21.64 0 -1.78414 -1.8177 0.0192341
21.66 0 -1.44975 -2.15662 -0.20298
21.68 0 -0.772298 -1.28507 -0.854093
21.7 0 -0.162385 -0.338458 -1.87244
21.72 0 0.104812 -0.555956 -2.96926
21.74 0 0.830525 -0.670989 -2.7355
21.76 0 1.08224 -0.089575 -1.52954
21.78 0 -0.308111 -0.216068 -0.917207
21.8 0 -1.8167 -1.2691 -0.587111
21.82 0 -1.87156 -2.17368 -0.000151279
21.84 0 -1.05134 -1.88491 0.251012
21.86 0 -0.302483 -0.520612 -0.302368
21.88 0 0.199591 0.628435 -1.21602
21.9 0 1.02823 0.876888 -1.40751
21.92 0 1.32596 0.339778 -1.0549
21.94 0 0.766859 0.175586 -0.263403
21.96 0 0.00227715 0.685233 0.979607
21.98 0 -0.711159 0.595456 1.89118
22 0 -0.562716 0.272978 2.56255
22.02 0 0.466432 0.935481 3.18409
22.04 0 0.698387 1.69501 2.62446
22.06 0 0.332545 1.62563 1.2042
22.08 0 0.563713 0.883407 0.223417
22.1 0 0.768737 -0.098738 -0.455248
22.12 0 0.9523 0.264576 -0.299094
22.14 0 1.1351 1.74029 0.75744
22.16 0 0.49155 1.82335 1.41626
22.18 0 0.0942026 0.959083 2.20149
22.2 0 -0.267454 -0.0116062 2.48603
22.22 0 -1.11738 -0.734722 1.44202
22.24 0 -1.1819 -0.698721 0.0704222
22.26 0 -0.0773544 -0.284402 -0.934319
22.28 0 1.06884 0.0577682 -1.6627
22.3 0 0.925158 -0.118317 -2.49514
22.32 0 -0.0258092 -0.808146 -2.95305
22.34 0 -0.653208 -1.50036 -2.4231
22.36 0 -0.64329 -1.46672 -1.04181
22.38 0 -0.866063 -1.07141 -0.069324
22.4 0 -1.47002 -0.992274 -0.0857374
22.42 0 -1.73049 -1.59194 -0.83324
22.44 0 -0.746403 -1.69433 -1.28842
22.46 0 0.35022 -0.921095 -1.69073
22.48 0 0.424487 -0.131864 -2.36802
22.5 0 0.555601 0.411471 -2.08619
22.52 0 0.800278 0.316982 -0.862773
22.54 0 0.157878 -0.280815 0.200912
22.56 0 -1.19845 -0.904214 0.563207
22.58 0 -1.81752 -1.15331 0.642201
22.6 0 -0.890318 -0.681428 0.870255
22.62 0 0.477452 0.336122 0.806664
22.64 0 0.992401 1.28962 0.213234
22.66 0 1.31666 1.80421 0.0495665
22.68 0 1.15129 1.2188 0.170175
22.7 0 0.805504 0.558856 0.774305
22.72 0 0.385166 0.742137 1.65548
22.74 0 -0.195963 1.06629 2.22127
22.76 0 -0.278894 1.0661 2.54574
22.78 0 0.0627986 0.732749 2.44057
22.8 0 0.674908 1.00785 2.15897
22.82 0 1.17689 1.90314 1.81267
22.84 0 1.25311 2.30953 1.33268
22.86 0 0.932651 1.47568 0.847699
22.88 0 0.447745 0.240801 0.583009
22.9 0 -0.412177 -0.679522 0.140464
22.92 0 -1.03808 -0.882113 -0.293979
22.94 0 -0.743847 -0.693739 -0.473216
22.96 0 0.227442 -0.167888 -0.334903
22.98 0 0.771022 0.374217 -0.351473
23 0 0.0522117 -0.0420855 -1.13297
23.02 0 -0.481899 -0.810074 -1.53871
23.04 0 -0.820453 -1.69209 -1.711
23.06 0 -1.1964 -2.24422 -2.01664
23.08 0 -1.18143 -1.90814 -2.11585
23.1 0 -0.706646 -1.18717 -1.95809
23.12 0 -0.00450852 -0.595972 -1.57207
23.14 0 0.0993972 -0.58121 -1.442
23.16 0 -0.552824 -1.11001 -1.69192
23.18 0 -0.627409 -1.08158 -1.27597
23.2 0 -0.307604 -0.648489 -0.541334
23.22 0 -0.690103 -0.846043 -0.661676
23.24 0 -1.19954 -1.47281 -1.30851
23.26 0 -0.567915 -1.29009 -1.28258
23.28 0 0.562528 -0.0691496 -0.648568
23.3 0 1.1104 1.29281 0.0558594
23.32 0 1.27657 2.23988 1.19854
23.34 0 0.84666 1.75129 2.10339
23.36 0 -0.119053 0.442692 2.28476
23.38 0 -0.544569 0.0548076 2.4524
23.4 0 -0.634216 0.328345 2.11586
23.42 0 -0.118342 0.921027 1.62845
23.44 0 1.29459 1.91495 1.74117
23.46 0 2.73726 2.97932 2.22863
23.48 0 2.57869 3.27131 2.18384
23.5 0 1.18071 2.52972 1.93348
23.52 0 0.565229 1.79246 2.78471
23.54 0 -0.329512 0.381602 2.98764
23.56 0 -1.6553 -1.17233 1.6919
23.58 0 -1.92327 -1.65295 0.00440434
23.6 0 -0.811992 -1.33864 -1.56381
23.62 0 1.4915 0.304677 -1.87662
23.64 0 2.45488 1.59936 -1.95846
23.66 0 1.39239 1.20589 -2.063
23.68 0 0.307555 -0.0813011 -1.0819
23.7 0 -1.11251 -2.2049 -0.562479
23.72 0 -2.77682 -3.40134 -0.910421
23.74 0 -3.79091 -3.41775 -1.829
23.76 0 -2.68972 -2.74316 -2.32641
23.78 0 0.182874 -1.48485 -2.16701
23.8 0 1.57295 -0.254414 -2.67085
23.82 0 0.915387 0.274134 -3.51765
23.84 0 -0.201151 -0.513451 -3.47731
23.86 0 -0.118188 -1.2267 -1.52341
23.88 0 -0.615939 -1.57524 0.182455
23.9 0 -1.71054 -1.11354 0.895516
23.92 0 -1.9747 -0.414561 1.12982
23.94 0 -1.2439 -0.892535 0.488225
23.96 0 0.0962995 -1.09873 -0.478607
23.98 0 1.34974 0.171129 -1.23172
24 0 1.61656 1.87009 -1.48326
24.02 0 1.29129 1.92042 -0.981592
24.04 0 1.27576 1.0132 0.800205
24.06 0 0.652388 0.396004 2.40819
24.08 0 -0.741889 0.603596 3.12361
24.1 0 -1.37825 0.915636 3.27128
24.12 0 -0.625527 0.858744 3.17722
24.14 0 0.907888 1.37094 3.05369
24.16 0 1.94566 2.38465 2.42441
24.18 0 2.2248 3.07089 1.48859
24.2 0 1.67012 2.44679 0.588547
24.22 0 1.42679 1.57226 0.895667
24.24 0 1.14134 1.15205 1.8886
24.26 0 0.183979 1.07122 2.5331
24.28 0 -0.9047 0.766604 2.58578
24.3 0 -1.41071 -0.355337 1.77233
24.32 0 -1.07875 -1.39807 0.409765
24.34 0 -0.516304 -1.61159 -1.46938
24.36 0 0.477091 -0.433647 -2.67733
24.38 0 1.5689 0.95757 -2.6987
24.4 0 1.8937 1.15607 -1.91957
24.42 0 0.913844 0.125832 -0.976035
24.44 0 -0.959931 -1.82334 -0.815409
24.46 0 -2.79981 -2.92025 -1.00832
24.48 0 -3.8145 -3.45075 -1.65698
24.5 0 -3.12607 -3.54017 -2.30566
24.52 0 -0.620653 -2.52854 -2.51592
24.54 0 0.952764 -0.810654 -3.19517
24.56 0 1.4665 0.896177 -3.41417
24.58 0 1.04862 0.796579 -2.89989
24.6 0 -0.326938 -1.40351 -2.1956
24.62 0 -1.64914 -2.9348 -1.06002
24.64 0 -3.0097 -3.21615 -0.658674
24.66 0 -2.71374 -1.88807 -0.141795
24.68 0 -0.128018 0.0855262 0.777622
24.7 0 2.41774 1.91072 1.23713
24.72 0 2.76564 3.08711 0.87684
24.74 0 1.48956 2.79292 0.500376
24.76 0 1.41902 2.17912 2.01945
24.78 0 0.770259 1.0071 3.16072
24.8 0 -0.846366 0.136454 3.10206
24.82 0 -0.947752 0.865257 3.37265
24.84 0 0.253651 1.79055 3.4963
24.86 0 0.626688 1.29798 2.04497
24.88 0 0.859971 0.839966 0.45303
24.9 0 1.46142 1.24731 -0.22687
24.92 0 1.46176 1.4357 -0.484075
24.94 0 1.26571 1.48025 0.202431
24.96 0 0.91534 1.35106 1.56789
24.98 0 -0.401022 0.395397 2.09139
25 0 -1.16731 -0.148519 2.37615
25.02 0 -1.15391 -0.45855 1.94957
25.04 0 -1.17534 -1.14927 0.112558
25.06 0 -0.728006 -1.51216 -2.0622
25.08 0 0.148348 -1.32037 -3.67114
25.1 0 0.762641 -0.954483 -4.4078
25.12 0 0.799113 -0.674732 -4.02281
25.14 0 0.807958 -0.102385 -2.1
25.16 0 -0.608331 -0.769144 -0.715914
25.18 0 -2.48303 -2.27596 -0.224601
25.2 0 -2.48794 -2.41412 0.618819
25.22 0 -1.77652 -1.99475 0.296755
25.24 0 -0.765829 -1.07834 -0.974402
25.26 0 0.6706 0.204763 -1.97854
25.28 0 1.61388 0.681036 -2.58443
25.3 0 1.8527 0.878759 -2.03247
25.32 0 0.920455 0.579219 -0.863793
25.34 0 -0.634753 -0.175336 0.478532
25.36 0 -1.39658 -0.67398 1.9612
25.38 0 -1.38348 -0.707628 2.67044
25.4 0 -0.821546 -0.116953 2.2898
25.42 0 -0.062112 0.654357 1.04288
25.44 0 1.26561 1.69711 0.301509
25.46 0 2.61181 2.52511 0.440557
25.48 0 2.43273 2.34371 0.590908
25.5 0 0.79862 1.39701 0.749693
25.52 0 -0.274527 0.660294 1.78057
25.54 0 -0.809523 -0.0452046 2.64648
25.56 0 -0.83312 -0.125526 2.88313
25.58 0 -0.408179 0.520662 2.35476
25.6 0 -0.272453 0.42694 0.492266
25.62 0 0.405251 0.0556285 -1.15155
25.64 0 0.58733 -0.791719 -2.70233
25.66 0 1.15913 -0.176812 -2.4983
25.68 0 2.21774 2.14884 -0.0611199
25.7 0 1.43435 2.81444 1.95332
25.72 0 -0.589351 0.921096 2.75626
25.74 0 -2.4473 -2.06559 2.21239
25.76 0 -3.11663 -3.4906 0.727714
25.78 0 -2.93328 -3.45163 -2.02534
25.8 0 -0.770444 -1.97801 -4.16776
25.82 0 2.17606 0.0938606 -4.7882
25.84 0 3.17984 1.21009 -4.56419
25.86 0 1.70901 0.814382 -3.51301
25.88 0 -0.807325 -0.960184 -1.64452
25.9 0 -2.30439 -2.38253 0.96206
25.92 0 -3.29105 -2.99331 2.21691
25.94 0 -3.14691 -2.28411 1.80435
25.96 0 -1.45025 -0.876447 0.329199
25.98 0 0.639092 -0.0808652 -1.90288
26 0 2.16582 0.483349 -3.6079
26.02 0 2.53286 1.18928 -3.71765
26.04 0 2.19683 1.61136 -1.91133
26.06 0 0.64009 0.897201 0.501315
26.08 0 -0.792484 0.235271 3.07539
26.1 0 -0.94812 0.875859 5.61482
26.12 0 -1.50021 0.811911 5.62014
26.14 0 -1.67353 0.125222 3.54957
26.16 0 -0.465492 0.0450673 1.19281
26.18 0 1.93132 1.74382 0.155966
26.2 0 4.81662 4.5781 0.824467
26.22 0 4.23948 4.50907 0.416977
26.24 0 1.28302 2.07143 0.0531162
26.26 0 -0.827016 -0.500759 1.21446
26.28 0 -2.6231 -2.54691 1.9249
26.3 0 -3.09371 -2.62693 1.8977
26.32 0 -1.57305 -0.68886 1.47912
26.34 0 0.741355 1.16303 0.329953
26.36 0 2.80681 2.47516 -0.5443
26.38 0 3.23862 2.8176 -0.868485
26.4 0 1.13475 1.09272 -1.38315
26.42 0 -0.787663 -1.13518 -0.884876
26.44 0 -2.39478 -3.38337 -0.759752
26.46 0 -2.84851 -3.743 -0.961169
26.48 0 -1.37902 -1.17246 -0.402672
26.5 0 -0.141343 0.527263 -0.788721
26.52 0 1.15425 0.815996 -1.12168
26.54 0 0.990242 -0.387356 -1.96661
26.56 0 -1.1318 -2.59987 -3.74453
26.58 0 -2.40215 -3.68259 -4.39664
26.6 0 -2.16322 -3.61329 -3.89795
26.62 0 -0.97996 -2.48018 -2.79941
26.64 0 0.00510102 -0.8191 -1.78599
26.66 0 0.132747 0.0713844 -1.32095
26.68 0 -0.379164 -0.368134 -1.20319
26.7 0 -0.00654493 -0.536818 -0.206469
26.72 0 0.327329 0.0420975 0.887662
26.74 0 0.109708 0.941263 1.47622
26.76 0 -0.0910779 1.41953 1.8307
26.78 0 0.806894 1.73648 2.6881
26.8 0 0.50362 0.960179 2.3041
26.82 0 -0.541971 0.0536753 1.07608
26.84 0 0.691493 1.38756 1.79586
26.86 0 0.947896 1.51736 1.42797
26.88 0 1.69029 2.09086 1.76604
26.9 0 2.03815 2.52684 2.17798
26.92 0 0.494757 1.37084 1.28351
26.94 0 0.00999958 0.792795 1.47581
26.96 0 0.0550395 0.409738 1.85608
26.98 0 -0.0671539 0.265647 1.68096
27 0 0.0871796 0.76799 1.41161
27.02 0 0.655816 1.39806 1.28398
27.04 0 1.16943 1.56753 1.12674
27.06 0 0.952443 0.899673 0.538078
27.08 0 0.609685 0.442022 0.249747
27.1 0 -0.050406 0.285514 0.176866
27.12 0 -0.610589 -0.241417 0.0582254
27.14 0 -0.853509 -0.85579 -0.0515209
27.16 0 -0.710311 -1.20321 -0.357746
27.18 0 -0.564391 -1.0375 -0.970947
27.2 0 -0.239424 -0.644558 -1.58708
27.22 0 0.228276 -0.330469 -1.81683
27.24 0 0.267092 -0.562614 -1.92517
27.26 0 -0.483519 -1.40612 -2.25831
27.28 0 -1.62032 -2.64925 -2.90557
27.3 0 -1.6012 -2.50998 -2.48264
27.32 0 -0.729533 -1.35729 -1.45121
27.34 0 -0.791765 -1.17593 -1.56776
27.36 0 -1.05874 -1.62031 -2.12088
27.38 0 -0.238958 -1.23233 -1.72802
27.4 0 0.0363303 -0.836841 -1.59235
27.42 0 -0.248804 -0.527054 -1.56035
27.44 0 -0.0107652 -0.10425 -0.817402
27.46 0 0.0898503 -0.12468 -0.0791422
27.48 0 0.276875 0.31619 0.890176
27.5 0 0.0132677 0.688351 1.37319
27.52 0 -0.604112 0.351227 1.13644
27.54 0 0.0865498 0.580539 1.56979
27.56 0 0.82551 1.0089 1.83216
27.58 0 0.96594 1.77188 1.84325
27.6 0 0.726201 1.8077 1.50962
27.62 0 -0.493134 -0.121395 0.0643101
27.64 0 0.986775 0.536825 1.24673
27.66 0 3.3172 3.56244 3.75073
27.68 0 1.63967 3.91977 3.23653
27.7 0 -0.718441 1.69258 1.95631
27.72 0 -0.284174 -0.10304 2.49233
27.74 0 0.366212 -0.534685 2.62847
27.76 0 -0.386114 0.16954 1.12354
27.78 0 -0.223685 1.47067 -0.0136391
27.8 0 1.02177 1.28531 -0.353832
27.82 0 1.11762 -0.556847 -1.2136
27.84 0 0.387049 -1.03381 -1.61087
27.86 0 -0.527436 -0.253498 -1.33768
27.88 0 -1.29675 -0.688675 -1.15625
27.9 0 -1.44391 -2.31297 -1.23921
27.92 0 -1.00493 -2.6007 -1.20889
27.94 0 -0.480383 -1.02617 -1.22426
27.96 0 -0.805052 -0.373687 -2.16606
27.98 0 -0.259908 -0.713862 -2.36445
28 0 0.258788 -1.54161 -2.19282
28.02 0 -0.12364 -1.58063 -2.0621
28.04 0 -0.819374 -0.831307 -1.72071
28.06 0 -0.762189 -0.343779 -0.843261
28.08 0 -0.624689 -1.00944 -0.364499
28.1 0 -0.910097 -1.8129 -0.677526
28.12 0 -0.988845 -1.54401 -1.19077
28.14 0 -0.362111 -0.428919 -1.29109
28.16 0 0.984126 0.913345 -0.520543
28.18 0 1.66585 1.64462 0.457065
28.2 0 0.531944 0.886033 0.544439
28.22 0 -0.929442 -0.477189 0.414247
28.24 0 -1.08893 -0.978083 0.827909
28.26 0 0.497775 0.746576 2.39475
28.28 0 2.20751 3.72165 4.1415
28.3 0 1.52442 3.8049 3.51463
28.32 0 1.01194 2.46279 2.93353
28.34 0 1.29127 1.56158 3.14452
28.36 0 0.788837 1.24309 2.75268
28.38 0 -0.511848 0.807095 1.44364
28.4 0 -0.42979 0.499085 0.782261
28.42 0 1.14139 0.82495 1.14884
28.44 0 1.87593 1.55488 1.26359
28.46 0 0.935983 1.85132 0.708694
28.48 0 -0.744342 0.257497 -0.367227
28.5 0 -0.645112 -1.29671 -0.247414
28.52 0 -0.842951 -2.43895 -0.871764
28.54 0 -2.24915 -3.20568 -3.10924
28.56 0 -2.25655 -2.86733 -4.53225
28.58 0 -0.690935 -2.20909 -4.50695
28.6 0 0.954732 -1.42354 -3.65845
28.62 0 0.361528 -1.19713 -3.48072
28.64 0 -1.13967 -1.42507 -3.16492
28.66 0 -1.58854 -1.85533 -1.83869
28.68 0 -1.1157 -1.94868 -0.201602
28.7 0 -0.790481 -1.17827 0.631712
28.72 0 -1.03953 -0.402532 0.125613
28.74 0 -0.869172 -0.330861 -0.787056
28.76 0 0.59331 -0.226739 -0.864193
28.78 0 1.9178 0.847205 -0.226593
28.8 0 1.50108 1.84047 0.121846
28.82 0 -0.0932355 1.2366 0.17316
28.84 0 -0.159552 0.357661 1.53596
28.86 0 0.608712 0.516693 3.22254
28.88 0 0.333808 1.35934 3.59134
28.9 0 0.190986 2.57097 3.48548
28.92 0 0.900601 2.87227 3.43275
28.94 0 1.30014 1.72546 2.67962
28.96 0 0.308291 -0.0699674 0.673794
28.98 0 0.406099 0.45845 0.0698871
29 0 1.15416 1.69943 0.429019
29.02 0 0.659383 1.05634 0.0592777
29.04 0 0.422513 0.249272 0.362753
29.06 0 -0.21719 -0.456896 0.455809
29.08 0 -1.02939 -0.743286 0.187158
29.1 0 -1.38791 -1.14942 -0.478869
29.12 0 -0.84975 -1.41657 -1.10631
29.14 0 0.0312394 -1.08042 -1.61376
29.16 0 0.249274 -0.576295 -2.28266
29.18 0 0.319194 -0.111663 -2.32393
29.2 0 0.434801 -0.0620504 -1.53908
29.22 0 0.102544 -0.439833 -0.561611
29.24 0 -0.894018 -1.0117 -0.0869139
29.26 0 -1.6357 -1.36653 0.00701766
29.28 0 -1.56496 -1.58054 -0.290948
29.3 0 -0.9435 -1.63276 -1.09972
29.32 0 0.252692 -0.648533 -1.56656
29.34 0 1.65824 1.29815 -1.04461
29.36 0 2.05925 2.45612 -0.0904087
29.38 0 0.972406 1.62507 0.663462
29.4 0 -0.719215 -0.386033 1.16022
29.42 0 -1.27021 -1.11559 2.05483
29.44 0 -1.29974 -0.708764 2.10174
29.46 0 -1.23549 -0.421582 0.707244
29.48 0 -0.0588012 -0.0570209 -0.62685
29.5 0 1.43421 0.515432 -1.34422
29.52 0 2.22708 1.39878 -1.27052
29.54 0 1.97783 2.1398 -0.324348
29.56 0 0.899784 1.83977 1.14215
29.58 0 -0.697699 0.277781 2.28907
29.6 0 -1.5346 -0.914518 3.03951
29.62 0 -2.02206 -1.44127 2.2725
29.64 0 -2.03597 -1.6926 -0.091194
29.66 0 -0.608183 -1.32377 -2.36783
29.68 0 1.52637 -0.199534 -3.51729
29.7 0 3.03294 1.54658 -3.07204
29.72 0 2.58987 2.34782 -1.70464
29.74 0 1.14524 2.02335 0.83714
29.76 0 -1.17045 -0.0548839 2.82229
29.78 0 -3.29009 -2.51005 3.20898
29.8 0 -2.8152 -2.19743 3.25208
29.82 0 -0.808354 -0.046405 2.13311
29.84 0 0.79827 1.30247 -0.538503
29.86 0 1.94966 1.23582 -2.99388
29.88 0 2.7943 0.938287 -3.47957
29.9 0 2.26637 0.92411 -2.28697
29.92 0 -0.0435004 0.223432 -0.749506
29.94 0 -1.73444 -0.726923 1.37479
29.96 0 -2.10596 -1.51651 3.02869
29.98 0 -2.23732 -1.72338 2.71065
30 0 -1.11054 -0.347534 1.54086
30.02 0 0.210893 0.528082 -0.664909
30.04 0 1.31281 0.329966 -2.83162
30.06 0 2.39182 0.619896 -3.16118
30.08 0 2.1797 1.18214 -2.11558
30.1 0 -0.142122 0.185555 -1.24668
30.12 0 -2.30027 -2.02981 -0.346666
30.14 0 -2.86307 -3.41634 0.601088
30.16 0 -1.83488 -2.26527 1.2109
30.18 0 0.727715 1.59066 2.06548
30.2 0 1.90291 3.53343 1.3274
30.22 0 1.83238 2.52012 0.101498
30.24 0 1.63339 0.828694 0.00563705
30.26 0 0.131968 -0.620998 -0.145277
30.28 0 -1.64206 -1.31687 -0.412468
30.3 0 -2.11821 -1.69882 -0.51596
30.32 0 -1.63958 -2.38011 -1.14627
30.34 0 -0.31974 -1.79199 -1.66403
30.36 0 1.16884 0.450859 -1.54159
30.38 0 1.90984 2.3805 -0.886731
30.4 0 1.46974 2.08971 -0.0439686
30.42 0 0.136019 0.114424 0.768789
30.44 0 -0.86973 -0.948571 1.86293
30.46 0 -1.93303 -1.21698 1.81117
30.48 0 -1.42949 -0.376185 1.51831
30.5 0 -0.198104 0.0807077 0.478027
30.52 0 0.782812 0.070146 -1.06172
30.54 0 1.6551 0.77359 -1.68753
30.56 0 1.37956 1.0236 -1.82328
30.58 0 0.527748 0.48075 -1.1681
30.6 0 0.300012 0.303451 0.824689
30.62 0 -0.0519558 0.502159 2.70319
30.64 0 -1.69511 -0.379239 2.35834
30.66 0 -1.85051 -0.849071 1.62905
30.68 0 -0.330317 -0.49416 0.894621
30.7 0 0.955537 0.31582 -0.414435
30.72 0 1.60643 1.42393 -1.42386
30.74 0 2.12315 2.25325 -1.0197
30.76 0 1.40747 1.41781 -0.194545
30.78 0 -0.267455 -0.324208 0.599211
30.8 0 -1.17075 -0.825156 1.87703
30.82 0 -1.81496 -0.922603 2.04406
30.84 0 -1.88786 -1.16469 0.884664
30.86 0 -0.568822 -0.906149 -0.435669
30.88 0 1.07914 -0.00159677 -1.57169
30.9 0 1.65795 0.829158 -2.49913
30.92 0 1.44327 1.11535 -2.37007
30.94 0 0.679584 0.370583 -1.24742
30.96 0 -0.813623 -1.22798 -0.196132
30.98 0 -2.23955 -2.46684 0.274546
31 0 -2.46115 -2.2411 0.421311
31.02 0 -0.969255 -0.695877 0.536738
31.04 0 0.798164 0.75479 0.0768021
31.06 0 1.35017 1.09132 -1.08878
31.08 0 0.901021 0.408899 -2.0611
31.1 0 0.411152 -0.38965 -1.89284
31.12 0 0.105561 -0.543151 -0.681964
31.14 0 -0.227613 -0.023475 0.808502
31.16 0 -0.596725 0.442464 1.83649
31.18 0 -0.90787 0.0780782 1.86081
31.2 0 -0.910753 -0.738197 0.967802
31.22 0 0.0484391 -0.342933 0.290483
31.24 0 1.10648 1.00267 -0.143722
31.26 0 1.61031 2.0563 -0.237622
31.28 0 1.84425 2.25477 0.51043
31.3 0 0.978038 1.23354 1.23515
31.32 0 -0.804843 -0.38359 1.33913
31.34 0 -2.02111 -1.53702 1.05169
31.36 0 -1.59184 -1.46152 0.757054
31.38 0 -0.0536952 -0.242236 0.360803
31.4 0 1.13343 1.05318 -0.445292
31.42 0 1.19255 1.15786 -1.51651
31.44 0 0.682644 0.134426 -2.00041
31.46 0 0.261614 -0.732329 -1.35461
31.48 0 -0.460746 -0.982656 -0.415929
31.5 0 -0.974433 -0.525843 0.538075
31.52 0 -1.08009 -0.318746 0.96777
31.54 0 -0.615994 -0.411908 0.865808
31.56 0 0.349652 0.117273 0.684309
31.58 0 0.481286 0.48294 -0.231158
31.6 0 -0.0303911 0.030092 -1.45899
31.62 0 0.23928 -0.358967 -1.53511
31.64 0 0.881049 -0.0200347 -0.555696
31.66 0 0.642875 0.665835 0.394042
31.68 0 -0.367203 0.681229 0.83055
31.7 0 -1.00744 -0.259035 0.979685
31.72 0 -0.519448 -0.739262 1.2911
31.74 0 0.467447 0.347488 1.59608
31.76 0 0.301859 1.16177 0.672897
31.78 0 -0.252578 0.466315 -0.775995
31.8 0 0.43794 -0.33094 -0.967825
31.82 0 0.833218 -0.522977 -0.766662
31.84 0 0.415051 0.303689 -0.421447
31.86 0 -0.348873 0.665907 -0.0922396
31.88 0 -0.62323 -0.20121 0.298934
31.9 0 -0.101506 -0.707906 0.981008
31.92 0 -0.0440703 -0.244701 0.999164
31.94 0 -0.134018 0.807771 0.649939
31.96 0 -0.0435718 0.792153 0.0791522
31.98 0 0.192739 -0.322791 -0.521691
32 0 0.126466 -1.10266 -1.08117
32.02 0 -0.893385 -1.58466 -2.17953
32.04 0 -1.37488 -1.75833 -2.82266
32.06 0 0.048497 -0.857104 -1.71563
32.08 0 1.76737 1.05552 0.337561
32.1 0 0.617821 1.2873 0.554589
32.12 0 -1.62835 -0.547226 -0.327936
32.14 0 -1.88453 -2.32964 -0.404694
32.16 0 -0.748404 -2.28084 -0.150571
32.18 0 0.40998 0.0495803 -0.0519754
32.2 0 0.895522 2.12888 -0.293687
32.22 0 1.58475 2.50104 0.243335
32.24 0 1.53021 1.08805 0.916557
32.26 0 -0.388845 -0.944994 0.492144
32.28 0 -0.941487 -0.333597 1.29277
32.3 0 0.441902 2.00834 3.19597
32.32 0 1.30746 2.98917 3.92808
32.34 0 0.750553 1.96647 2.95452
32.36 0 -0.149225 0.323128 1.34423
32.38 0 0.172323 0.0730183 0.671377
32.4 0 0.631481 0.557346 0.203439
32.42 0 0.510105 0.696386 -0.459176
32.44 0 -0.440847 -0.620566 -1.64941
32.46 0 -1.02447 -2.17188 -2.41979
32.48 0 -0.663333 -2.24032 -2.216
32.5 0 -0.439356 -1.26272 -1.93229
32.52 0 -0.476987 -0.441924 -1.73937
32.54 0 -0.443886 -0.61882 -1.47843
32.56 0 -0.715676 -1.69877 -1.56789
32.58 0 -1.11471 -2.28744 -1.84245
32.6 0 -1.49974 -2.21172 -2.36053
32.62 0 -0.889421 -1.49902 -2.34422
32.64 0 0.398557 -0.397499 -1.60562
32.66 0 1.08066 0.571611 -0.728648
32.68 0 0.933443 1.24195 0.280331
32.7 0 -0.137758 0.649023 0.802889
32.72 0 -0.90508 -0.401435 1.2615
32.74 0 -1.07484 -1.0132 1.32526
32.76 0 -0.191856 0.0755061 1.67665
32.78 0 1.47028 2.74171 2.70955
32.8 0 2.87886 4.70077 3.72059
32.82 0 3.01037 4.43414 3.96633
32.84 0 1.39229 2.51291 3.30572
32.86 0 -0.0205091 0.999665 2.9425
32.88 0 -0.889505 0.149106 2.56615
32.9 0 -0.9404 -0.283993 1.79813
32.92 0 0.190033 0.386194 1.12454
32.94 0 1.93096 2.07876 1.05252
32.96 0 1.88143 2.44143 0.255776
32.98 0 0.162924 0.342768 -1.27257
33 0 -0.708764 -1.8388 -1.70876
33.02 0 -1.87946 -3.71596 -2.62895
33.04 0 -3.1014 -4.65615 -4.2982
33.06 0 -2.3257 -3.29831 -4.48834
33.08 0 -0.816351 -2.14817 -4.27219
33.1 0 0.128483 -1.83573 -4.11684
33.12 0 -0.068761 -1.84185 -3.97408
33.14 0 -1.16483 -2.26764 -3.8642
33.16 0 -1.60383 -2.45177 -2.9388
33.18 0 -1.49468 -2.46212 -1.83921
33.2 0 -0.122202 -0.669258 0.13526
33.22 0 2.05851 2.95402 2.99412
33.24 0 -0.152309 1.88111 1.63363
33.26 0 -0.729271 0.402087 1.37291
33.28 0 3.25367 3.25184 5.30242
33.3 0 2.4452 3.82689 5.13094
33.32 0 -0.218637 2.9031 3.22034
33.34 0 -1.13598 0.644518 1.89239
33.36 0 -0.875433 -2.09445 0.476255
33.38 0 1.5785 0.0252803 1.25483
33.4 0 1.56062 2.49199 0.337853
33.42 0 0.495534 2.50299 -0.97092
33.44 0 1.34359 1.15452 -0.00592419
33.46 0 1.04705 -0.719732 0.77305
33.48 0 0.325935 0.379947 2.02698
33.5 0 -2.53459 -0.246853 0.567681
33.52 0 -3.03002 -2.06189 -0.673882
33.54 0 0.0901129 -1.98822 -0.07402
33.56 0 2.58379 0.890562 0.459845
33.58 0 1.76038 3.2313 -0.568933
33.6 0 -0.187488 1.79266 -1.74193
33.62 0 -0.263594 -1.51523 -1.02583
33.64 0 -0.708294 -3.59453 -0.464595
33.66 0 -1.68898 -2.10974 -0.44452
33.68 0 -0.997849 1.19082 0.318872
33.7 0 0.0102069 1.18276 0.179692
33.72 0 0.138569 -1.51147 -1.17094
33.74 0 -0.0630684 -2.36968 -2.18143
33.76 0 -0.805972 -1.37155 -2.97103
33.78 0 -0.437195 -0.046914 -2.45645
33.8 0 0.565571 0.0236871 -1.14242
33.82 0 0.691622 -0.423409 -0.0387466
33.84 0 -0.39699 -0.361437 0.421471
33.86 0 -1.01566 0.213934 0.957057
33.88 0 -0.445264 0.434532 1.60321
33.9 0 0.516864 0.511756 1.89185
33.92 0 1.37153 1.6579 2.1405
33.94 0 1.13079 2.44547 1.73126
33.96 0 0.725599 2.04162 1.3964
33.98 0 0.351909 0.500302 1.11863
34 0 -0.482481 -1.07979 0.3391
34.02 0 -1.30392 -1.63215 -0.765847
34.04 0 -1.83656 -2.10341 -2.35634
34.06 0 -1.11041 -2.34995 -3.40668
34.08 0 0.0597779 -2.048 -3.8278
34.1 0 0.75753 -0.811052 -3.47018
34.12 0 1.3552 1.14195 -1.65198
34.14 0 1.13704 1.82956 0.571006
34.16 0 0.349171 1.27746 2.69834
34.18 0 -0.996161 0.0761164 3.59429
34.2 0 -1.36532 -0.0401543 3.91214
34.22 0 -0.824535 0.545278 3.3204
34.24 0 -0.46482 0.295899 1.09006
34.26 0 0.473566 0.0506503 -1.17185
34.28 0 1.16157 -0.203199 -2.91185
34.3 0 1.69318 0.27849 -3.10356
34.32 0 2.55237 2.0105 -0.887676
34.34 0 1.8862 2.88097 1.76011
34.36 0 0.223855 2.2072 4.00681
34.38 0 -1.2483 0.763697 5.35421
34.4 0 -2.01244 -0.477878 5.22938
34.42 0 -1.44483 -0.332525 3.79675
34.44 0 -0.376294 0.296011 0.87229
34.46 0 1.143 0.741843 -2.03531
34.48 0 2.18719 0.541789 -4.0114
34.5 0 1.79491 -0.223164 -4.7542
34.52 0 0.466864 -1.00423 -3.9508
34.54 0 -1.26347 -2.25741 -2.58494
34.56 0 -2.42448 -3.12237 -1.1143
34.58 0 -2.2058 -2.30835 0.450864
34.6 0 -2.03539 -1.17351 0.66797
34.62 0 -0.907842 -0.335725 0.239805
34.64 0 0.61641 0.115676 -0.444028
34.66 0 1.59871 0.560197 -1.15231
34.68 0 1.17486 0.733791 -1.81401
34.7 0 -0.691525 -0.912393 -2.87022
34.72 0 -1.52198 -2.60824 -2.67966
34.74 0 -0.510368 -2.03441 -0.807392
34.76 0 0.692902 0.733585 1.3897
34.78 0 0.0115957 1.9423 1.63629
34.8 0 -0.956234 0.50437 0.849759
34.82 0 -0.542926 -1.34091 0.448694
34.84 0 -0.273729 -1.82749 -0.417983
34.86 0 -0.0348497 -0.155329 -1.10669
34.88 0 1.26511 2.28777 -0.343051
34.9 0 1.64802 2.10017 0.225907
34.92 0 0.593265 0.0265502 0.249605
34.94 0 0.198587 -0.0850246 1.46511
34.96 0 -0.852022 0.240764 1.79838
34.98 0 -1.38545 0.0709155 1.44482
35 0 -0.0726954 0.259281 1.65097
35.02 0 1.32144 0.995668 1.60071
35.04 0 1.86313 2.36758 1.34359
35.06 0 1.94736 3.40322 1.57988
35.08 0 1.49027 2.68481 2.05249
35.1 0 0.232023 0.566698 2.09032
35.12 0 -1.0927 -0.917542 1.77138
35.14 0 -1.9561 -1.52949 0.692603
35.16 0 -1.25301 -1.08816 -0.305155
35.18 0 0.831601 0.31184 -0.593015
35.2 0 1.71243 1.0535 -1.31838
35.22 0 0.794172 0.386157 -2.39416
35.24 0 0.113094 -0.55816 -2.1747
35.26 0 -0.523874 -1.54569 -1.3719
35.28 0 -1.40768 -2.05165 -0.85328
35.3 0 -1.3735 -1.29637 -0.149039
35.32 0 -1.31961 -0.859933 -0.268277
35.34 0 -1.13558 -1.31912 -1.14535
35.36 0 -0.366904 -1.54826 -1.87944
35.38 0 0.176039 -1.2309 -2.56044
35.4 0 -0.00358072 -0.842566 -3.13939
35.42 0 -0.00405181 -0.593342 -2.74932
35.44 0 0.298958 -0.450942 -1.35763
35.46 0 0.030955 -0.403138 -0.00255599
35.48 0 -0.597992 -0.0955767 1.01911
35.5 0 -1.0216 -0.0299705 1.45998
35.52 0 -0.892711 -0.366576 1.26848
35.54 0 0.150928 0.0870111 1.15329
35.56 0 1.26064 1.42853 1.09303
35.58 0 1.11925 1.93843 0.431231
35.6 0 0.65807 1.12454 -0.0579258
35.62 0 0.7304 0.310302 0.43459
35.64 0 0.566731 0.259116 1.12568
35.66 0 0.24539 1.17623 1.83994
35.68 0 0.204876 1.88076 2.49296
35.7 0 0.0715932 1.1554 2.40784
35.72 0 -0.191415 -0.119431 1.59236
35.74 0 0.0149594 -0.112782 0.861754
35.76 0 0.352664 0.665397 0.126688
35.78 0 0.603218 0.941164 -0.513711
35.8 0 1.21695 0.9823 -0.234625
35.82 0 1.34469 1.01548 0.508843
35.84 0 0.128839 0.609459 0.742961
35.86 0 -1.32068 -0.52709 0.481135
35.88 0 -1.12467 -1.04551 0.799823
35.9 0 -0.364257 -0.796629 0.753375
35.92 0 -0.151146 -0.181732 -0.224256
35.94 0 0.608504 0.922232 -0.627607
35.96 0 0.760384 0.547044 -1.22566
35.98 0 0.275984 -0.731566 -1.73508
36 0 -0.323284 -1.39148 -1.6813
36.02 0 -1.40681 -1.90296 -1.92451
36.04 0 -1.25011 -1.45626 -1.32013
36.06 0 -0.771777 -1.13769 -0.881517
36.08 0 -0.725795 -1.35271 -1.2583
36.1 0 -0.170699 -0.758433 -1.20953
36.12 0 0.516333 0.244403 -0.783029
36.14 0 0.38587 0.405644 -0.682126
36.16 0 -0.277916 -0.390842 -0.78971
36.18 0 -0.712588 -1.18515 -0.678768
36.2 0 -0.828444 -1.32633 -0.517818
36.22 0 -0.958343 -1.12648 -0.780125
36.24 0 -0.484465 -0.660021 -0.954017
36.26 0 0.517768 0.16183 -0.608465
36.28 0 0.960778 0.721287 -0.283555
36.3 0 0.730885 0.933138 0.111996
36.32 0 0.0748477 0.553803 0.526769
36.34 0 -0.175756 0.192337 1.24315
36.36 0 -0.0521246 0.312733 1.88384
36.38 0 -0.24153 0.460502 1.71958
36.4 0 -0.103417 0.743431 1.37091
36.42 0 0.327742 0.901723 1.04196
36.44 0 0.690699 0.76359 0.638856
36.46 0 0.759887 0.561429 0.186092
36.48 0 1.38508 1.40164 0.746749
36.5 0 2.14478 2.93041 2.20836
36.52 0 1.9239 3.55772 3.44818
36.54 0 1.09777 2.9902 4.3249
36.56 0 -0.50173 1.06996 4.05414
36.58 0 -1.22523 -0.353693 3.31569
36.6 0 -1.1798 -0.672374 1.7492
36.62 0 -0.676087 -0.607487 -0.594919
36.64 0 0.395966 -0.412392 -2.61324
36.66 0 1.60276 -0.0298012 -3.46179
36.68 0 1.54277 -0.00525854 -3.55447
36.7 0 -0.0810338 -1.26991 -3.62614
36.72 0 -1.8419 -3.01754 -3.28937
36.74 0 -2.24652 -3.50783 -2.08146
36.76 0 -2.00479 -2.37264 -0.824153
36.78 0 -2.23385 -1.70451 -0.993414
36.8 0 -1.63137 -1.81579 -1.68716
36.82 0 0.119225 -1.3138 -1.77324
36.84 0 1.10669 -0.20073 -1.90381
36.86 0 0.751773 0.432622 -2.2532
36.88 0 0.267339 0.299107 -1.74214
36.9 0 0.28603 -0.150817 -0.171607
36.92 0 -0.274962 -0.552751 1.05292
36.94 0 -0.806336 -0.00173044 1.91686
36.96 0 -1.41091 -0.0093919 1.58086
36.98 0 -1.57166 -1.29587 0.0489958
37 0 -0.454201 -1.6547 -1.14288
37.02 0 1.12102 0.0750528 -1.39593
37.04 0 2.40089 2.61225 -0.599719
37.06 0 2.47909 3.40736 0.642439
37.08 0 1.90266 2.43063 2.22017
37.1 0 0.214978 0.920288 3.23794
37.12 0 -1.49496 0.0194731 3.64284
37.14 0 -2.05738 -0.379519 3.3038
37.16 0 -0.997773 -0.226515 2.43887
37.18 0 0.814135 0.90035 1.36745
37.2 0 1.95522 2.08967 -0.0546412
37.22 0 1.90155 1.78825 -1.64647
37.24 0 1.59821 0.81814 -1.87674
37.26 0 1.59027 0.750324 -0.162562
37.28 0 0.261886 0.800213 1.49882
37.3 0 -1.27773 0.416769 2.57293
37.32 0 -2.17516 -0.756215 2.65063
37.34 0 -1.55712 -1.45578 2.00963
37.36 0 -0.376886 -0.829143 0.515253
37.38 0 0.121965 -0.162852 -2.0264
37.4 0 0.578622 -0.146756 -3.99572
37.42 0 1.17707 -0.724053 -4.39282
37.44 0 1.26835 -0.74348 -3.16297
37.46 0 0.179927 -0.330718 -1.35165
37.48 0 -1.18332 -0.24706 0.507126
37.5 0 -1.66269 -0.804908 1.98914
37.52 0 -1.4497 -1.07879 2.53175
37.54 0 -0.980026 -0.597251 1.73337
37.56 0 -0.930756 -0.554955 -0.649432
37.58 0 -0.0927419 -0.839754 -2.81767
37.6 0 0.846987 -1.1997 -4.13859
37.62 0 1.47049 -0.555486 -3.90247
37.64 0 1.53137 0.981398 -1.99205
37.66 0 0.558988 1.41184 0.352964
37.68 0 -0.958645 0.105481 2.18134
37.7 0 -2.43343 -1.94849 2.58182
37.72 0 -2.16506 -1.91054 2.46269
37.74 0 -0.655456 -0.0585501 1.57863
37.76 0 0.856348 1.5059 -0.130526
37.78 0 2.12165 2.02987 -1.34253
37.8 0 2.097 0.968351 -2.11532
37.82 0 0.993604 -0.225966 -1.96287
37.84 0 -0.117274 -0.307057 -0.502726
37.86 0 -0.624221 0.281123 1.6191
37.88 0 -0.56821 0.76469 3.35092
37.9 0 -0.523982 0.749258 3.71408
37.92 0 -0.845054 0.084159 2.32955
37.94 0 -0.328087 -0.0286696 0.635521
37.96 0 0.812632 0.413867 -0.710258
37.98 0 1.77178 1.11927 -1.37355
38 0 2.10582 1.79089 -0.995642
38.02 0 1.35887 1.60138 -0.0308188
38.04 0 -0.214398 0.347975 0.959323
38.06 0 -1.61335 -1.15284 1.61395
38.08 0 -2.00798 -1.73328 1.71855
38.1 0 -1.6348 -1.39053 0.791601
38.12 0 -0.941455 -1.07573 -1.21118
38.14 0 0.912023 -0.00411763 -2.27464
38.16 0 2.8633 1.762 -1.79036
38.18 0 2.12497 1.87387 -1.55245
38.2 0 -0.386383 -0.110282 -1.42595
38.22 0 -1.70921 -2.02163 -0.145197
38.24 0 -1.60542 -2.22935 1.4232
38.26 0 -1.46924 -0.936288 1.71055
38.28 0 -1.36635 -0.0670727 0.411143
38.3 0 -0.458725 -0.479162 -1.33297
38.32 0 0.952678 -0.989741 -2.53833
38.34 0 1.49606 -0.387345 -3.01745
38.36 0 1.4208 1.21836 -2.0884
38.38 0 0.347161 1.12285 -0.791347
38.4 0 -1.15025 -1.08222 0.204707
38.42 0 -1.9402 -2.64405 1.01889
38.44 0 -1.9344 -2.05569 1.14373
38.46 0 -1.04904 -0.166818 0.58421
38.48 0 0.624389 1.27453 -0.099398
38.5 0 2.39591 2.14371 -0.039202
38.52 0 2.77548 2.27615 0.283684
38.54 0 1.68327 2.16666 1.00171
38.56 0 0.354852 1.80333 2.33833
38.58 0 -0.506962 0.959793 3.66088
38.6 0 -1.08763 -0.0207689 3.91607
38.62 0 -1.81176 -1.1014 2.21035
38.64 0 -1.27921 -1.12735 -0.0476498
38.66 0 0.739467 0.0616104 -1.52927
38.68 0 2.62617 1.6542 -2.02063
38.7 0 2.8854 2.41247 -1.73927
38.72 0 1.50897 1.77834 -0.65513
38.74 0 -0.40852 -0.0220646 0.892421
38.76 0 -1.84185 -1.67169 2.1617
38.78 0 -2.52062 -2.04856 2.31713
38.8 0 -2.31987 -1.35601 1.17265
38.82 0 -1.0476 -0.829093 -0.833689
38.84 0 0.689036 -0.69253 -2.868
38.86 0 1.56564 -0.632303 -4.43614
38.88 0 1.09588 -0.628374 -5.03262
38.9 0 0.214011 -0.806862 -3.98876
38.92 0 -0.371365 -1.0609 -1.53082
38.94 0 -1.18051 -1.35883 0.746565
38.96 0 -2.05198 -1.31198 1.9083
38.98 0 -2.03254 -0.899826 1.98284
39 0 -1.448 -1.0315 0.594209
39.02 0 0.0692166 -0.761854 -1.02633
39.04 0 1.47759 0.295475 -2.22347
39.06 0 1.95398 1.34191 -2.60334
39.08 0 1.4108 1.23867 -1.99747
39.1 0 0.596644 0.268288 -0.335333
39.12 0 -0.185284 -0.135377 1.89029
39.14 0 -1.30108 -0.13495 2.9931
39.16 0 -1.77246 -0.0263928 3.04458
39.18 0 -0.351343 0.75097 3.10839
39.2 0 1.14558 1.59177 2.4286
39.22 0 1.3382 1.92536 0.792085
39.24 0 1.8305 2.28345 0.134851
39.26 0 2.41068 2.26182 0.588759
39.28 0 1.51055 1.4973 0.947645
39.3 0 -0.138396 0.694584 1.3759
39.32 0 -1.2069 -0.0921433 1.92947
39.34 0 -1.24556 -0.70067 2.15385
39.36 0 -1.09945 -1.04508 1.14172
39.38 0 -0.559177 -0.623745 -0.432039
39.4 0 0.807035 0.515077 -1.34035
39.42 0 1.77012 1.16303 -1.69824
39.44 0 1.52597 0.922127 -1.57875
39.46 0 0.0509406 -0.301675 -1.3065
39.48 0 -1.03584 -1.24569 -0.339966
39.5 0 -1.24096 -1.31023 0.821404
39.52 0 -1.36828 -1.06146 0.931567
39.54 0 -1.30626 -0.836676 0.0663055
39.56 0 -0.939373 -1.24996 -1.50005
39.58 0 0.0483618 -1.36199 -2.65026
39.6 0 1.27126 -0.255616 -2.64208
39.62 0 1.18506 0.626937 -2.32742
39.64 0 -0.0585842 -0.00748481 -1.91897
39.66 0 -0.80858 -1.16736 -0.681873
39.68 0 -0.930333 -1.47959 0.834417
39.7 0 -1.48479 -1.18543 1.07847
39.72 0 -2.00876 -1.18924 -0.065936
39.74 0 -1.10046 -1.41643 -1.32031
39.76 0 0.822577 -0.734312 -1.81511
39.78 0 2.19694 1.14489 -1.52643
39.8 0 1.79534 2.30929 -1.01376
39.82 0 0.457907 1.24622 -0.233591
39.84 0 -0.501852 -0.609331 1.16402
39.86 0 -0.836271 -0.980392 2.58963
39.88 0 -1.02014 0.189497 3.02747
39.9 0 -0.429115 1.60491 2.82322
39.92 0 0.865999 2.02986 2.28536
39.94 0 1.8749 1.80243 1.5088
39.96 0 2.1663 2.02439 0.976483
39.98 0 1.33379 2.05413 0.572722
40 0 0.599208 1.57378 1.0049
40.02 0 0.124221 0.485476 1.7498
40.04 0 -0.649089 -0.536703 1.8181
40.06 0 -1.3541 -0.813009 1.1188
40.08 0 -0.986592 -0.468579 0.27089
40.1 0 0.484835 0.29781 -0.171923
40.12 0 1.06438 0.367304 -1.14072
40.14 0 0.461894 -0.216646 -2.27864
40.16 0 -0.0662561 -0.76295 -2.43557
40.18 0 -0.260059 -1.17744 -1.75622
40.2 0 -0.919678 -1.67982 -1.34265
40.22 0 -1.58261 -1.85245 -1.20454
40.24 0 -1.42433 -1.52035 -0.954607
40.26 0 -1.11396 -1.65067 -1.37942
40.28 0 -0.52485 -1.51708 -1.9138
40.3 0 0.364018 -0.527277 -1.89077
40.32 0 0.56416 0.14948 -1.81276
40.34 0 0.0160106 -0.297746 -1.7771
40.36 0 -0.226816 -0.785483 -0.981277
40.38 0 -0.0423118 -0.399826 0.417668
40.4 0 0.0511176 0.662684 1.66068
40.42 0 -0.243477 1.10476 2.02631
40.44 0 -0.242981 0.731073 1.88159
40.46 0 0.175971 0.285888 1.50106
40.48 0 0.0686 0.0175497 0.465218
40.5 0 -0.129709 -0.0278996 -0.677826
40.52 0 0.343937 0.176158 -1.00339
40.54 0 1.47969 1.01288 -0.0651774
40.56 0 1.55678 1.51936 0.773091
40.58 0 0.862491 1.83195 1.65911
40.6 0 0.137816 1.5818 2.56562
40.62 0 -0.533369 0.478651 2.8573
40.64 0 -0.0830712 0.520811 3.3294
40.66 0 0.104263 1.02436 2.75112
40.68 0 -0.384315 0.642872 0.679841
40.7 0 -0.0479412 -0.155626 -1.05472
40.72 0 1.117 -0.277425 -1.60039
40.74 0 2.0185 0.975546 -0.98454
40.76 0 1.63663 2.31406 0.130925
40.78 0 -0.00606553 1.34232 0.774484
40.8 0 -1.7958 -1.68546 0.645959
40.82 0 -2.34663 -3.46636 0.325661
40.84 0 -2.36903 -2.9905 -0.863207
40.86 0 -1.24738 -1.15224 -2.15315
40.88 0 1.21117 0.702271 -2.37679
40.9 0 2.04001 0.531835 -2.90232
40.92 0 0.717472 -0.799223 -3.46339
40.94 0 -0.973664 -1.84867 -2.99886
40.96 0 -1.91451 -2.43531 -1.72892
40.98 0 -1.50577 -1.88899 0.0520866
41 0 -0.603555 -0.425788 1.32597
41.02 0 -0.232678 0.655135 1.25727
41.04 0 -0.471594 0.148976 -0.096362
41.06 0 0.283048 -0.359615 -0.805161
41.08 0 0.734777 -0.432379 -1.27668
41.1 0 0.716062 0.311096 -1.22566
41.12 0 0.966974 1.49169 -0.0123962
41.14 0 0.947979 1.68581 1.49083
41.16 0 0.303789 0.979973 2.53887
41.18 0 -0.731559 0.124286 2.6904
41.2 0 -0.822948 0.226063 2.62693
41.22 0 -0.528587 0.259791 1.66484
41.24 0 0.024518 0.16774 0.203695
41.26 0 1.11044 0.641156 -0.6297
41.28 0 2.0004 1.56453 -0.600197
41.3 0 1.89998 2.10122 0.000989464
41.32 0 0.626059 1.30006 0.616248
41.34 0 -0.786569 -0.239628 1.28681
41.36 0 -1.30068 -1.07171 1.97454
41.38 0 -1.44363 -1.09617 1.63286
41.4 0 -1.13866 -0.670148 0.309593
41.42 0 -0.108397 -0.27473 -1.18509
41.44 0 1.5442 0.540278 -1.70582
41.46 0 1.79408 0.838741 -2.03386
41.48 0 0.160673 -0.22906 -2.5477
41.5 0 -0.810829 -1.22579 -1.66669
41.52 0 -0.530117 -1.10185 0.386666
41.54 0 -0.325627 -0.0517403 1.95826
41.56 0 -0.848962 0.566109 1.9728
41.58 0 -1.17115 -0.095263 0.869738
41.6 0 -0.285596 -0.835721 -0.121466
41.62 0 0.506358 -0.828553 -1.23491
41.64 0 0.499794 -0.149906 -2.31852
41.66 0 0.594247 0.527537 -2.31225
41.68 0 1.262 0.934404 -0.718383
41.7 0 0.597679 0.276879 0.531047
41.72 0 -1.75003 -1.47672 0.205948
41.74 0 -2.27862 -1.8872 0.437257
41.76 0 -0.842458 -0.905269 0.981707
41.78 0 0.248696 0.119197 0.354624
41.8 0 0.532253 0.625806 -0.99539
41.82 0 0.927988 0.71149 -1.59112
41.84 0 1.22999 0.462712 -1.19937
41.86 0 0.912866 0.418178 -0.181009
41.88 0 -0.00340499 0.560304 0.956833
41.9 0 -0.906778 0.241876 1.7398
41.92 0 -0.755034 0.0131704 2.41904
41.94 0 -0.205491 0.150073 2.3488
41.96 0 -0.0224447 0.465386 1.19317
41.98 0 0.512595 1.00291 0.119749
42 0 1.26655 1.21077 -0.384676
42.02 0 1.56578 1.12915 -0.299965
42.04 0 0.960847 0.923573 0.117191
42.06 0 -0.441234 0.0717702 0.296601
42.08 0 -1.21157 -0.85397 0.627408
42.1 0 -1.06699 -1.20523 0.853259
42.12 0 -0.379303 -0.460929 0.759023
42.14 0 -0.188785 0.103284 -0.305227
42.16 0 -0.30128 -0.416939 -1.85002
42.18 0 0.533443 -0.625829 -2.12369
42.2 0 1.18386 -0.0871389 -1.49835
42.22 0 0.271817 0.122891 -1.20001
42.24 0 -1.07426 -0.643401 -1.02384
42.26 0 -1.35928 -1.6335 -0.385153
42.28 0 -0.987074 -1.82507 0.113451
42.3 0 -0.783858 -1.02389 -0.178095
42.32 0 -0.543082 -0.186493 -0.981936
42.34 0 0.287178 0.118843 -1.37599
42.36 0 1.28499 0.321954 -0.9976
42.38 0 0.99093 0.376094 -0.690927
42.4 0 -0.0804849 0.305795 -0.296057
42.42 0 -0.561142 0.0893039 0.644824
42.44 0 -0.431492 -0.216207 1.57532
42.46 0 -0.564071 -0.406786 1.5297
42.48 0 -0.437688 0.117922 1.02616
42.5 0 0.0920476 0.727768 0.440828
42.52 0 0.997286 1.0557 0.202117
42.54 0 2.08684 1.84611 0.874274
42.56 0 1.67026 2.09861 1.22799
42.58 0 0.195036 1.35727 1.26686
42.6 0 -0.549796 0.278376 1.7441
42.62 0 -0.79606 -0.666411 1.87932
42.64 0 -0.631244 -0.485747 1.4957
42.66 0 -0.106628 0.496075 0.735172
42.68 0 0.253262 0.625666 -0.539352
42.7 0 0.742825 0.119364 -1.39644
42.72 0 0.877808 -0.294744 -1.65327
42.74 0 0.0403412 -0.633603 -1.79265
42.76 0 -0.707849 -0.785395 -1.36842
42.78 0 -0.447879 -0.519347 -0.0867197
42.8 0 -0.258814 -0.346328 0.791338
42.82 0 -0.709016 -0.439295 0.5948
42.84 0 -1.16535 -0.860313 -0.329443
42.86 0 -0.81212 -1.27619 -1.2264
42.88 0 -0.0746889 -1.2768 -1.93928
42.9 0 0.408036 -0.649578 -2.33733
42.92 0 0.904475 0.549152 -1.71378
42.94 0 0.707524 0.783514 -0.786544
42.96 0 -0.170143 -0.155418 0.0170143
42.98 0 -0.615311 -0.613242 1.13824
43 0 -1.03185 -0.597308 1.55754
43.02 0 -1.43283 -0.752232 0.77091
43.04 0 -0.491753 -0.360352 0.138439
43.06 0 1.32057 0.915208 0.175616
43.08 0 1.7954 1.75193 -0.138931
43.1 0 1.22316 1.64812 -0.30173
43.12 0 0.797901 1.13219 0.575277
43.14 0 0.145112 0.312432 1.57911
43.16 0 -0.796227 -0.206014 2.02187
43.18 0 -1.02981 -0.0089255 2.1044
43.2 0 -0.30587 0.526416 1.87602
43.22 0 0.622857 0.892206 1.14283
43.24 0 1.10477 1.08493 0.162104
43.26 0 0.941477 0.892272 -0.702968
43.28 0 0.512239 0.32297 -0.986338
43.3 0 -0.0331597 -0.472779 -0.799027
43.32 0 -0.471877 -0.856119 -0.301907
43.34 0 -0.357953 -0.261364 0.561027
43.36 0 -0.684833 -0.176807 0.492548
43.38 0 -1.33877 -1.24618 -0.700288
43.4 0 -0.876676 -1.75098 -1.47663
43.42 0 0.075565 -1.21874 -1.88394
43.44 0 0.359135 -0.361277 -2.32659
43.46 0 0.570666 0.379864 -1.975
43.48 0 0.413564 0.0938333 -1.17833
43.5 0 -0.460406 -1.02431 -0.616388
43.52 0 -1.20931 -1.50868 -0.0700656
43.54 0 -1.47444 -1.31139 0.120605
43.56 0 -0.938401 -0.74907 0.0215342
43.58 0 0.0986458 -0.0929209 -0.237296
43.6 0 0.898804 0.546014 -0.536877
43.62 0 1.196 1.10388 -0.504446
43.64 0 0.927052 1.15516 -0.0696214
43.66 0 0.402778 0.687507 0.706896
43.68 0 -0.184582 0.158217 1.48811
43.7 0 -0.739057 -0.150113 1.77257
43.72 0 -0.762928 -0.0249943 1.6264
43.74 0 -0.00906494 0.527738 1.35297
43.76 0 1.02159 1.29491 1.07296
43.78 0 1.45147 1.70317 0.642071
43.8 0 1.12146 1.44055 0.26165
43.82 0 0.708925 0.945496 0.505933
43.84 0 0.165803 0.346032 0.965556
43.86 0 -0.414874 -0.0227616 1.27487
43.88 0 -0.687538 -0.0725108 1.29601
43.9 0 -0.511233 -0.0818298 0.913636
43.92 0 -0.0774683 -0.101039 0.190519
43.94 0 0.438558 0.116821 -0.49932
43.96 0 0.616768 0.294012 -1.0522
43.98 0 0.363079 0.0468174 -1.35891
44 0 -0.0021264 -0.464901 -1.20634
44.02 0 -0.518251 -1.04794 -0.929982
44.04 0 -0.931586 -1.32345 -0.7188
44.06 0 -1.05289 -1.19786 -0.652868
44.08 0 -0.783206 -0.920512 -0.739434
44.1 0 -0.247626 -0.658882 -0.924462
44.12 0 -0.00892621 -0.610851 -1.34975
44.14 0 -0.0701575 -0.683722 -1.74911
44.16 0 -0.0881741 -0.667227 -1.69454
44.18 0 0.00155513 -0.496777 -1.13924
44.2 0 0.0308161 -0.187018 -0.334906
44.22 0 -0.212 -0.031086 0.273736
44.24 0 -0.546792 -0.201652 0.503259
44.26 0 -0.513292 -0.351381 0.559534
44.28 0 -0.155579 -0.172565 0.470977
44.3 0 0.320205 0.407274 0.341497
44.32 0 0.715478 1.0397 0.338545
44.34 0 0.898115 1.25246 0.534425
44.36 0 0.778774 0.991498 0.854918
44.38 0 0.411042 0.699927 1.23311
44.4 0 -0.0527333 0.557242 1.49065
44.42 0 -0.242096 0.510243 1.59068
44.44 0 0.0401086 0.600059 1.58953
44.46 0 0.360161 0.696256 1.25562
44.48 0 0.46736 0.743663 0.655788
44.5 0 0.522979 0.725502 0.17784
44.52 0 0.544074 0.559202 -0.00593073
44.54 0 0.435982 0.386192 0.111038
44.56 0 0.0677224 0.141626 0.240532
44.58 0 -0.440051 -0.268606 0.173674
44.6 0 -0.57416 -0.541732 0.103252
44.62 0 -0.398586 -0.569873 -0.0786752
44.64 0 -0.27157 -0.511691 -0.562371
44.66 0 -0.151079 -0.439496 -1.09014
44.68 0 0.0972503 -0.36072 -1.30535
44.7 0 0.147029 -0.433464 -1.31789
44.72 0 -0.14635 -0.642281 -1.24637
44.74 0 -0.487896 -0.836697 -1.03944
44.76 0 -0.666284 -0.924602 -0.745365
44.78 0 -0.594694 -0.822383 -0.464743
44.8 0 -0.422245 -0.607523 -0.380606
44.82 0 -0.263844 -0.437552 -0.5412
44.84 0 -0.135167 -0.37942 -0.795973
44.86 0 0.0649527 -0.287448 -0.858167
44.88 0 0.202509 -0.122654 -0.689955
44.9 0 0.200478 0.0869195 -0.324125
44.92 0 0.110356 0.24645 0.1749
44.94 0 -0.0653585 0.196293 0.586008
44.96 0 -0.206878 0.0614332 0.810265
44.98 0 -0.14687 0.117997 0.892592
45 0 0.059402 0.363421 0.812428
45.02 0 0.303744 0.60928 0.618212
45.04 0 0.55895 0.809296 0.53166
45.06 0 0.694252 0.860401 0.572491
45.08 0 0.559746 0.763203 0.666255
45.1 0 0.272534 0.624661 0.826611
45.12 0 0.0313895 0.461819 1.00098
45.14 0 -0.0591417 0.336119 1.0973
45.16 0 -0.0374611 0.277056 0.984013
45.18 0 0.0238802 0.26826 0.63726
45.2 0 0.152811 0.284735 0.221496
45.22 0 0.298141 0.26648 -0.113865
45.24 0 0.336748 0.191854 -0.302438
45.26 0 0.193301 0.0573054 -0.350716
45.28 0 -0.0562302 -0.132444 -0.287945
45.3 0 -0.294655 -0.361557 -0.201051
45.32 0 -0.452647 -0.567697 -0.209058
45.34 0 -0.480065 -0.649248 -0.354556
45.36 0 -0.374049 -0.59771 -0.606927
45.38 0 -0.179732 -0.485241 -0.870012
45.4 0 -0.000994257 -0.397342 -1.04809
45.42 0 0.0400064 -0.381053 -1.09205
45.44 0 -0.0726853 -0.433884 -0.983942
45.46 0 -0.246312 -0.51609 -0.745771
45.48 0 -0.376312 -0.568899 -0.461542
45.5 0 -0.411389 -0.53681 -0.242129
45.52 0 -0.338951 -0.407446 -0.151882
45.54 0 -0.173773 -0.222873 -0.172761
45.56 0 0.0407481 -0.0313638 -0.219327
45.58 0 0.220204 0.136815 -0.204985
45.6 0 0.280065 0.24829 -0.0926136
45.62 0 0.226524 0.295778 0.130848
45.64 0 0.122917 0.293572 0.425887
45.66 0 0.0269633 0.278098 0.698924
45.68 0 -0.0140123 0.296855 0.862622
45.7 0 0.0296621 0.365452 0.880501
45.72 0 0.159849 0.46702 0.785421
45.74 0 0.320477 0.565786 0.643002
45.76 0 0.427392 0.620747 0.516893
45.78 0 0.422684 0.606591 0.456724
45.8 0 0.313539 0.516469 0.479246
45.82 0 0.153701 0.37006 0.550183
45.84 0 0.00511108 0.214687 0.595205
45.86 0 -0.0888624 0.0995533 0.542529
45.88 0 -0.0983343 0.0421857 0.371406
45.9 0 -0.0295502 0.0219513 0.116093
45.92 0 0.0659667 0.0059825 -0.157651
45.94 0 0.116554 -0.0309419 -0.381752
45.96 0 0.079102 -0.107552 -0.509735
45.98 0 -0.0517308 -0.246631 -0.549947
46 0 -0.194333 -0.391194 -0.504806
46.02 0 -0.318045 -0.510268 -0.457316
46.04 0 -0.381332 -0.565457 -0.462218
46.06 0 -0.357339 -0.553843 -0.532842
46.08 0 -0.253451 -0.497155 -0.641566
46.1 0 -0.125475 -0.417351 -0.739996
46.12 0 -0.0404891 -0.336777 -0.776575
