0.02 0 -4.73203e-06 -5.72277e-06 -5.48605e-06
0.04 0 -2.16992e-05 -2.87877e-05 -2.76748e-05
0.06 0 -4.12496e-05 -6.36812e-05 -6.32471e-05
0.08 0 -3.1592e-05 -7.05427e-05 -8.03989e-05
0.1 0 3.04058e-05 -8.90058e-07 -3.72433e-05
0.12 0 0.000130172 0.00015338 8.86126e-05
0.14 0 0.00022106 0.000338329 0.000285216
0.16 0 0.000251747 0.000465967 0.000505119
0.18 0 0.000209074 0.000487764 0.000692161
0.2 0 0.000139331 0.000443888 0.000815403
0.22 0 0.00011563 0.000428215 0.000876261
0.24 0 0.000191701 0.00051828 0.000907832
0.26 0 0.000352768 0.000709693 0.000947607
0.28 0 0.000506527 0.00090469 0.00100352
0.3 0 0.00056119 0.000995011 0.0010694
0.32 0 0.000501646 0.00095366 0.00114649
0.34 0 0.000371311 0.00082894 0.00121556
0.36 0 0.000239383 0.000697268 0.00123797
0.38 0 0.000184319 0.000629781 0.00119791
0.4 0 0.000213074 0.000620331 0.00107482
0.42 0 0.000274845 0.00061351 0.000868737
0.44 0 0.000352027 0.000607802 0.000664186
0.46 0 0.000400908 0.000597657 0.000527882
0.48 0 0.000365508 0.000550409 0.000468978
0.5 0 0.000280838 0.000484784 0.00050923
0.52 0 0.000173625 0.000401249 0.000598259
0.54 0 1.7992e-05 0.000249639 0.00059877
0.56 0 -0.000141719 3.65332e-05 0.000439431
0.58 0 -0.00019176 -0.000137652 0.000172068
0.6 0 -5.42371e-05 -0.000128047 -6.84405e-05
0.62 0 0.000211665 0.000110318 -0.000164047
0.64 0 0.00042848 0.000421863 -8.72674e-05
0.66 0 0.000483582 0.000609944 0.00016079
0.68 0 0.000407607 0.000642843 0.000574727
0.7 0 0.000259719 0.000616809 0.00105434
0.72 0 0.000107605 0.000627409 0.0014408
0.74 0 7.70058e-05 0.000722744 0.00165386
0.76 0 0.000226027 0.000876731 0.00167817
0.78 0 0.000500892 0.00107535 0.00157336
0.8 0 0.000820613 0.00136257 0.0015033
0.82 0 0.0010629 0.00168518 0.00159633
0.84 0 0.00112935 0.00190115 0.00188642
0.86 0 0.00102011 0.00193788 0.00232877
0.88 0 0.000797485 0.00184063 0.0027861
0.9 0 0.000548521 0.00169377 0.00306698
0.92 0 0.000349166 0.00150495 0.00299171
0.94 0 0.000276975 0.00126203 0.00251543
0.96 0 0.000398016 0.00105971 0.00179835
0.98 0 0.000664544 0.00102335 0.00109671
1 0 0.00089962 0.00112559 0.000615525
1.02 0 0.000937152 0.00118003 0.000459337
1.04 0 0.000695623 0.000985252 0.000575994
1.06 0 0.000207693 0.000506061 0.00076793
1.08 0 -0.000324037 -5.19631e-05 0.000839891
1.1 0 -0.000626225 -0.000417942 0.000685363
1.12 0 -0.000529818 -0.000443329 0.000320073
1.14 0 -0.000120281 -0.000196688 -0.000164819
1.16 0 0.000303882 7.9662e-05 -0.000654211
1.18 0 0.000509136 0.00019426 -0.000962599
1.2 0 0.000439547 0.000114788 -0.000928377
1.22 0 0.000152375 -7.62906e-05 -0.000560812
1.24 0 -0.00018841 -0.000222175 6.53527e-07
1.26 0 -0.000406418 -0.000222026 0.000540187
1.28 0 -0.000439695 -0.000125848 0.000815798
1.3 0 -0.000306991 -2.41757e-05 0.000712491
1.32 0 -6.3791e-05 5.28188e-05 0.00030975
1.34 0 0.000213366 0.000136518 -0.00016958
1.36 0 0.000447799 0.000265766 -0.000463554
1.38 0 0.000526703 0.000376193 -0.000447263
1.4 0 0.00036389 0.000336779 -0.000180718
1.42 0 5.77373e-05 0.000162273 0.000232435
1.44 0 -0.000211087 -2.65991e-06 0.000648291
1.46 0 -0.000366539 -8.41091e-05 0.000845243
1.48 0 -0.000329376 -4.38427e-05 0.000748527
1.5 0 -3.04631e-05 0.000158684 0.00049818
1.52 0 0.000381218 0.000452092 0.000236584
1.54 0 0.000651425 0.000689875 6.95426e-05
1.56 0 0.000657364 0.00075202 9.63825e-05
1.58 0 0.00045057 0.000622231 0.000350841
1.6 0 0.000208469 0.000472018 0.000800602
1.62 0 8.93218e-05 0.000517695 0.00132987
1.64 0 0.000130929 0.000781365 0.00175609
1.66 0 0.000235152 0.00101794 0.00187766
1.68 0 0.000245643 0.000921157 0.00155268
1.7 0 0.000236561 0.000595659 0.000965822
1.72 0 0.000453167 0.000544642 0.000577224
1.74 0 0.000910297 0.00106592 0.000707275
1.76 0 0.0013305 0.00189301 0.00135051
1.78 0 0.00138135 0.00240401 0.0022301
1.8 0 0.000949502 0.00219874 0.00297312
1.82 0 0.000325971 0.00155214 0.00337609
1.84 0 5.32011e-05 0.00121083 0.00350743
1.86 0 0.000383382 0.00158379 0.00345242
1.88 0 0.00104537 0.00232543 0.00318131
1.9 0 0.00161231 0.00282351 0.0027687
1.92 0 0.00177902 0.00276244 0.00239786
1.94 0 0.00139775 0.00218504 0.0021309
1.96 0 0.000657711 0.00138641 0.00195686
1.98 0 5.49381e-05 0.000765625 0.0019016
2 0 -3.29471e-05 0.000626124 0.0019505
2.02 0 0.000372621 0.00103659 0.00203041
2.04 0 0.000898399 0.00168384 0.00202665
2.06 0 0.00112808 0.00199668 0.00184772
2.08 0 0.000943867 0.00166721 0.00154617
2.1 0 0.000597227 0.00103934 0.00134613
2.12 0 0.000312734 0.000646094 0.00132617
2.14 0 6.58858e-05 0.000533766 0.0012586
2.16 0 -3.45998e-05 0.000503767 0.00106223
2.18 0 0.000177652 0.000527133 0.000884909
2.2 0 0.000538817 0.000693178 0.000790346
2.22 0 0.00071086 0.000946387 0.000729952
2.24 0 0.000563175 0.000989205 0.000670145
2.26 0 0.000295732 0.000684975 0.000687684
2.28 0 4.24591e-05 0.00021489 0.00073088
2.3 0 -0.000367378 -0.000315669 0.000441213
2.32 0 -0.000940475 -0.000997656 -0.000431793
2.34 0 -0.00125545 -0.00175751 -0.00165307
2.36 0 -0.0010052 -0.0022025 -0.00276536
2.38 0 -0.000522951 -0.00211661 -0.00358034
2.4 0 -0.00037728 -0.00187424 -0.00414283
2.42 0 -0.000749303 -0.00213384 -0.00448191
2.44 0 -0.00150413 -0.0031751 -0.00471024
2.46 0 -0.00233184 -0.00445061 -0.00496671
2.48 0 -0.00276825 -0.00503014 -0.00522102
2.5 0 -0.00261847 -0.00471868 -0.00549898
2.52 0 -0.00214171 -0.00420472 -0.0059423
2.54 0 -0.00156233 -0.00390752 -0.00634221
2.56 0 -0.000941544 -0.00348282 -0.00617557
2.58 0 -0.000481253 -0.00261869 -0.00519373
2.6 0 -0.000333148 -0.00155008 -0.00351165
2.62 0 -0.00038579 -0.000722441 -0.00142433
2.64 0 -0.000425452 -0.000197266 0.000680474
2.66 0 -0.000283946 0.000429587 0.00244818
2.68 0 0.000137611 0.00144939 0.00367427
2.7 0 0.000842882 0.00263938 0.00435021
2.72 0 0.0015082 0.00337408 0.00444345
2.74 0 0.00171659 0.00328106 0.00397001
2.76 0 0.00143297 0.00261548 0.00319839
2.78 0 0.000772374 0.00164302 0.00225234
2.8 0 -0.000171628 0.000300587 0.000958018
2.82 0 -0.00115337 -0.00139336 -0.000809315
2.84 0 -0.00183033 -0.00304216 -0.00292238
2.86 0 -0.00198896 -0.00409445 -0.00503597
2.88 0 -0.00172421 -0.00438041 -0.00677464
2.9 0 -0.00142645 -0.00433938 -0.00792855
2.92 0 -0.00144103 -0.00450532 -0.00839958
2.94 0 -0.00175896 -0.00486787 -0.0080893
2.96 0 -0.00225719 -0.00512643 -0.00717893
2.98 0 -0.00277674 -0.00514326 -0.00611772
3 0 -0.00297071 -0.00490005 -0.0052219
3.02 0 -0.00262716 -0.00441346 -0.00464187
3.04 0 -0.00180867 -0.00357683 -0.00429453
3.06 0 -0.000700604 -0.00224718 -0.00380486
3.08 0 0.000362777 -0.000654411 -0.0028292
3.1 0 0.00102468 0.000694139 -0.00125978
3.12 0 0.00112529 0.00149331 0.000765899
3.14 0 0.000784131 0.00185093 0.00290205
3.16 0 0.000396178 0.00214317 0.00476522
3.18 0 0.000392194 0.00266507 0.00605513
3.2 0 0.000874773 0.00337435 0.00655643
3.22 0 0.00158982 0.00399942 0.00624228
3.24 0 0.00228359 0.00440866 0.00548003
3.26 0 0.00276378 0.00461188 0.00480097
3.28 0 0.00278013 0.00451746 0.00446721
3.3 0 0.00224956 0.00402171 0.00445687
3.32 0 0.00135468 0.00313877 0.00453502
3.34 0 0.000406818 0.00203667 0.0043318
3.36 0 -0.000306715 0.000964724 0.0035152
3.38 0 -0.000605432 0.000109988 0.00198877
3.4 0 -0.000494455 -0.000509607 -4.92086e-05
3.42 0 -0.000201599 -0.00102323 -0.00220757
3.44 0 3.44954e-05 -0.00147035 -0.003943
3.46 0 -4.26179e-05 -0.001912 -0.00490378
3.48 0 -0.000708153 -0.00262972 -0.00523645
3.5 0 -0.00184402 -0.00375673 -0.00528386
3.52 0 -0.00290527 -0.00496637 -0.00531567
3.54 0 -0.00345563 -0.00576857 -0.00560987
3.56 0 -0.00338521 -0.00591354 -0.00633095
3.58 0 -0.00271671 -0.00544753 -0.00723832
3.6 0 -0.00174712 -0.00470487 -0.00791628
3.62 0 -0.00108475 -0.00415102 -0.00812882
3.64 0 -0.00108384 -0.00398481 -0.00772709
3.66 0 -0.00150656 -0.00399013 -0.00658442
3.68 0 -0.00184553 -0.00374437 -0.00477862
3.7 0 -0.00182867 -0.00300247 -0.00273534
3.72 0 -0.00148922 -0.00190186 -0.00101409
3.74 0 -0.000930174 -0.000805908 5.99646e-05
3.76 0 -0.000276828 -1.1518e-05 0.000482192
3.78 0 0.000400757 0.000577429 0.000588644
3.8 0 0.00110098 0.0013373 0.000910785
3.82 0 0.00162229 0.00226562 0.00168185
3.84 0 0.00166312 0.00286404 0.0027095
3.86 0 0.00128443 0.00285368 0.0037607
3.88 0 0.000878212 0.0025808 0.00470205
3.9 0 0.000683564 0.00251551 0.00528688
3.92 0 0.00066882 0.00265615 0.00519945
3.94 0 0.000823363 0.00268183 0.00441808
3.96 0 0.00117124 0.00247788 0.00328996
3.98 0 0.00152009 0.00222366 0.00221161
4 0 0.00156127 0.00203694 0.00142709
4.02 0 0.0012197 0.00176648 0.00105819
4.04 0 0.000731962 0.0012932 0.0011462
4.06 0 0.000305387 0.000780451 0.00152031
4.08 0 -9.78954e-05 0.000413461 0.0017477
4.1 0 -0.000405378 0.000219549 0.00154693
4.12 0 -0.000439097 3.96372e-05 0.000909835
4.14 0 -0.000311442 -0.000348589 -0.000145812
4.16 0 -0.000196945 -0.000827349 -0.00139703
4.18 0 -8.0869e-05 -0.00105463 -0.00237263
4.2 0 4.04628e-06 -0.00101297 -0.0027687
4.22 0 -0.000117424 -0.0010372 -0.00264917
4.24 0 -0.00050962 -0.00132898 -0.00224273
4.26 0 -0.000985529 -0.00171007 -0.00175239
4.28 0 -0.00130993 -0.00191685 -0.0013958
4.3 0 -0.00133319 -0.00185888 -0.00133818
4.32 0 -0.00100474 -0.00157944 -0.00154986
4.34 0 -0.000450772 -0.00116822 -0.0018503
4.36 0 5.48286e-05 -0.000734562 -0.00202648
4.38 0 0.000235618 -0.000463706 -0.00196055
4.4 0 3.61628e-05 -0.000495721 -0.00162489
4.42 0 -0.000316139 -0.000702774 -0.00102988
4.44 0 -0.000603355 -0.000830788 -0.000351936
4.46 0 -0.000773733 -0.000795373 8.19483e-05
4.48 0 -0.000768268 -0.000680101 8.88639e-05
4.5 0 -0.000487945 -0.000531774 -0.000220994
4.52 0 -1.25051e-05 -0.00030842 -0.000615983
4.54 0 0.000333367 -7.6206e-05 -0.000964144
4.56 0 0.000278657 -8.57978e-05 -0.00122728
4.58 0 -0.000152571 -0.00054215 -0.0013968
4.6 0 -0.000754924 -0.00134923 -0.00154773
4.62 0 -0.00130242 -0.00213047 -0.00182243
4.64 0 -0.00165845 -0.00263558 -0.00238573
4.66 0 -0.00183276 -0.00303263 -0.00337681
4.68 0 -0.0019019 -0.00361392 -0.00476824
4.7 0 -0.00196961 -0.00440909 -0.00634688
4.72 0 -0.00222181 -0.00530833 -0.007923
4.74 0 -0.00277077 -0.00630848 -0.00939604
4.76 0 -0.00338817 -0.00733226 -0.0105676
4.78 0 -0.00378475 -0.0081391 -0.0112782
4.8 0 -0.00399759 -0.00857324 -0.0116518
4.82 0 -0.00411851 -0.00864432 -0.0118387
4.84 0 -0.00409093 -0.00850178 -0.0118401
4.86 0 -0.00388136 -0.00827746 -0.0116157
4.88 0 -0.00349658 -0.00782536 -0.0110576
4.9 0 -0.00301622 -0.00696907 -0.0100866
4.92 0 -0.00257609 -0.00586547 -0.00875941
4.94 0 -0.00219759 -0.00480946 -0.0071587
4.96 0 -0.00187169 -0.00393596 -0.00543177
4.98 0 -0.00164695 -0.00318778 -0.00382868
5 0 -0.00147085 -0.00245336 -0.00253264
5.02 0 -0.00121307 -0.00175825 -0.00161758
5.04 0 -0.000860918 -0.00123889 -0.00112296
5.06 0 -0.000503206 -0.000908686 -0.000993577
5.08 0 -0.000269344 -0.000716218 -0.00111266
5.1 0 -0.000272062 -0.000740337 -0.00139863
5.12 0 -0.000435696 -0.00101021 -0.00171316
5.14 0 -0.000598313 -0.00135989 -0.00191829
5.16 0 -0.000707178 -0.00156902 -0.00200295
5.18 0 -0.000783912 -0.00158237 -0.00204168
5.2 0 -0.000846056 -0.00157252 -0.00212129
5.22 0 -0.000833 -0.00163598 -0.00221741
5.24 0 -0.000755969 -0.00169808 -0.00229345
5.26 0 -0.000749583 -0.00171649 -0.00240003
5.28 0 -0.000756771 -0.00164794 -0.0024445
5.3 0 -0.000606094 -0.00143504 -0.00224268
5.32 0 -0.000369374 -0.00111139 -0.00180873
5.34 0 -0.000166175 -0.000672583 -0.00119878
5.36 0 0.000156158 4.9156e-05 -0.000249237
5.38 0 0.000737476 0.00115764 0.00118667
5.4 0 0.00140115 0.0024955 0.00297459
5.42 0 0.00186281 0.00373712 0.00481596
5.44 0 0.00202512 0.00458589 0.00643345
5.46 0 0.00205797 0.00503415 0.00769109
5.48 0 0.00227018 0.0054645 0.00864788
5.5 0 0.00285009 0.00631382 0.00947107
5.52 0 0.00371954 0.00762412 0.0103202
5.54 0 0.0046584 0.0090683 0.0113612
5.56 0 0.00540396 0.0102854 0.0126978
5.58 0 0.00570572 0.0110935 0.0142387
5.6 0 0.00556123 0.0115464 0.0157888
5.62 0 0.00524745 0.0117863 0.0171221
5.64 0 0.00500399 0.0118403 0.0179091
5.66 0 0.00466224 0.0113964 0.0175757
5.68 0 0.00374827 0.00980425 0.0154205
5.7 0 0.00221129 0.00674937 0.0112502
5.72 0 0.000683997 0.00288594 0.00573416
5.74 0 -0.000242123 -0.000565105 -6.25271e-05
5.76 0 -0.000646335 -0.00290976 -0.00529151
5.78 0 -0.00109185 -0.0045789 -0.00951012
5.8 0 -0.00209684 -0.00657337 -0.0126242
5.82 0 -0.00394483 -0.00951775 -0.0149781
5.84 0 -0.0065998 -0.0132743 -0.0173115
5.86 0 -0.00945891 -0.0171082 -0.0202107
5.88 0 -0.0117556 -0.0204024 -0.0238878
5.9 0 -0.0128739 -0.0228401 -0.0280165
5.92 0 -0.012325 -0.0238717 -0.0315374
5.94 0 -0.0103415 -0.0229432 -0.0332848
5.96 0 -0.00779284 -0.0200104 -0.0323711
5.98 0 -0.00556596 -0.0158774 -0.0283637
6 0 -0.004394 -0.0119884 -0.0217273
6.02 0 -0.00455368 -0.00931195 -0.0137787
6.04 0 -0.00558855 -0.00770408 -0.00623888
6.06 0 -0.00630483 -0.00622354 -0.000474955
6.08 0 -0.00531693 -0.00384115 0.00309309
6.1 0 -0.00197078 8.59158e-05 0.00507119
6.12 0 0.00313234 0.00564523 0.0068169
6.14 0 0.00816427 0.0117283 0.00946623
6.16 0 0.0112334 0.016339 0.0133916
6.18 0 0.0119809 0.0187646 0.0188319
6.2 0 0.0114081 0.0203117 0.0258043
6.22 0 0.010441 0.0222113 0.0331348
6.24 0 0.00959986 0.0241741 0.038835
6.26 0 0.00941796 0.0252632 0.0414385
6.28 0 0.0100509 0.0250786 0.0403978
6.3 0 0.0111963 0.0241915 0.036233
6.32 0 0.0125124 0.0234165 0.030512
6.34 0 0.0132335 0.0222958 0.0246793
6.36 0 0.0122469 0.0194025 0.0193267
6.38 0 0.00918448 0.0143265 0.0146477
6.4 0 0.00478382 0.00819882 0.010576
6.42 0 0.000453168 0.0025912 0.00674354
6.44 0 -0.002335 -0.00146091 0.00278786
6.46 0 -0.00295544 -0.00374965 -0.00149108
6.48 0 -0.0020807 -0.00470253 -0.00604871
6.5 0 -0.00101999 -0.0051003 -0.0103988
6.52 0 -0.000752915 -0.00580275 -0.0137117
6.54 0 -0.00179623 -0.00755225 -0.0155916
6.56 0 -0.00402989 -0.0103161 -0.0162759
6.58 0 -0.00624492 -0.0126736 -0.0158859
6.6 0 -0.0071297 -0.013081 -0.0145915
6.62 0 -0.00636565 -0.0113963 -0.0129456
6.64 0 -0.00437823 -0.00855062 -0.0112915
6.66 0 -0.0021 -0.00568496 -0.00964063
6.68 0 -0.000557322 -0.00354035 -0.00785644
6.7 0 -5.81257e-05 -0.00214941 -0.00560226
6.72 0 -0.00033513 -0.00134314 -0.00285084
6.74 0 -0.000941668 -0.000966733 -9.3295e-05
6.76 0 -0.00124635 -0.000547432 0.00218399
6.78 0 -0.000787849 0.000429621 0.00371166
6.8 0 0.000576895 0.00222538 0.00465479
6.82 0 0.00262633 0.00472789 0.00559498
6.84 0 0.00468268 0.00739124 0.00707466
6.86 0 0.00607685 0.00966695 0.00944198
6.88 0 0.00664146 0.0114523 0.0128481
6.9 0 0.00671799 0.0130774 0.0171427
6.92 0 0.00680414 0.0149057 0.0217812
6.94 0 0.00729244 0.0170581 0.0260362
6.96 0 0.00818489 0.0192202 0.0291615
6.98 0 0.00895718 0.0205881 0.0304154
7 0 0.00942117 0.0208139 0.0298075
7.02 0 0.0100104 0.0205354 0.0282914
7.04 0 0.0104444 0.0200263 0.0263391
7.06 0 0.00970878 0.0185259 0.0235706
7.08 0 0.00778438 0.0155877 0.020075
7.1 0 0.00573698 0.0119268 0.0165509
7.12 0 0.0041065 0.00855767 0.0131322
7.14 0 0.00262609 0.0058078 0.00932574
7.16 0 0.00134433 0.00341805 0.00508312
7.18 0 0.000635255 0.00111405 0.000934845
7.2 0 0.00023964 -0.00113754 -0.00280332
7.22 0 -0.000598443 -0.0033053 -0.00620588
7.24 0 -0.00212986 -0.00559573 -0.00931831
7.26 0 -0.00391054 -0.00829471 -0.0120919
7.28 0 -0.00556671 -0.0113113 -0.0147306
7.3 0 -0.00705942 -0.0140933 -0.0175997
7.32 0 -0.00791999 -0.0157841 -0.0203841
7.34 0 -0.00745724 -0.0158328 -0.0221546
7.36 0 -0.00630677 -0.0149698 -0.0228036
7.38 0 -0.00604203 -0.0146918 -0.0230921
7.4 0 -0.00717294 -0.0157428 -0.0233968
7.42 0 -0.00896949 -0.0177505 -0.0236882
7.44 0 -0.0104949 -0.0196204 -0.0239932
7.46 0 -0.011096 -0.0202728 -0.0243313
7.48 0 -0.0106341 -0.0196344 -0.0247432
7.5 0 -0.00947489 -0.0185165 -0.0252098
7.52 0 -0.00807072 -0.0174004 -0.0253121
7.54 0 -0.0067563 -0.0160172 -0.0243751
7.56 0 -0.00584188 -0.014142 -0.0220447
7.58 0 -0.00537431 -0.0120124 -0.0183952
7.6 0 -0.00491294 -0.00976979 -0.0136468
7.62 0 -0.00394915 -0.0070553 -0.00815791
7.64 0 -0.00236502 -0.00344882 -0.00248466
7.66 0 -0.000356391 0.000852038 0.00283102
7.68 0 0.00176703 0.00499532 0.00745527
7.7 0 0.00370421 0.00827867 0.0113403
7.72 0 0.00520289 0.0106968 0.0146006
7.74 0 0.00623704 0.0127117 0.0174427
7.76 0 0.00716998 0.0148027 0.0202315
7.78 0 0.00816163 0.0168859 0.0230076
7.8 0 0.00882459 0.018341 0.0252346
7.82 0 0.00883455 0.0187592 0.0263794
7.84 0 0.00839462 0.0183167 0.0263633
7.86 0 0.00803352 0.0175638 0.0254901
7.88 0 0.00803148 0.0169443 0.0240857
7.9 0 0.00812593 0.0163951 0.0222567
7.92 0 0.00780512 0.0153854 0.0199706
7.94 0 0.0068434 0.0134836 0.0173055
7.96 0 0.00548678 0.0109033 0.0145213
7.98 0 0.0041113 0.00831263 0.0118098
8 0 0.0028619 0.00610045 0.00907082
8.02 0 0.00168972 0.00401926 0.00603356
8.04 0 0.000567105 0.00163266 0.00255482
8.06 0 -0.00045296 -0.0010315 -0.00122217
8.08 0 -0.00127682 -0.003425 -0.00489666
8.1 0 -0.00187154 -0.00511813 -0.00802944
8.12 0 -0.00223708 -0.00614848 -0.0102507
8.14 0 -0.00236314 -0.00668791 -0.0112707
8.16 0 -0.00235041 -0.00674673 -0.011031
8.18 0 -0.00232823 -0.00624177 -0.00972037
8.2 0 -0.00210401 -0.00504801 -0.00747204
8.22 0 -0.00113344 -0.00284364 -0.00412282
8.24 0 0.00066659 0.000501532 0.000293079
8.26 0 0.00261808 0.00445485 0.00523535
8.28 0 0.00433979 0.00838387 0.0103965
8.3 0 0.00599298 0.0120299 0.0158063
8.32 0 0.00732666 0.0150997 0.0209512
8.34 0 0.00782821 0.0171633 0.0248717
8.36 0 0.00757687 0.0179503 0.0269516
8.38 0 0.00702479 0.0173878 0.0269382
8.4 0 0.00649918 0.0157951 0.0248383
8.42 0 0.00616025 0.0138766 0.0210886
8.44 0 0.00599109 0.0120942 0.0164748
8.46 0 0.0057956 0.0103321 0.0118715
8.48 0 0.00513907 0.00813036 0.00783131
8.5 0 0.00354796 0.00514227 0.00437848
8.52 0 0.00108499 0.00150029 0.00128431
8.54 0 -0.001621 -0.00236414 -0.0018046
8.56 0 -0.00392716 -0.00606888 -0.00537905
8.58 0 -0.00560898 -0.00945354 -0.00989395
8.6 0 -0.00678526 -0.0125956 -0.015436
8.62 0 -0.00733 -0.0152957 -0.0211951
8.64 0 -0.00706616 -0.0169901 -0.0257939
8.66 0 -0.00664842 -0.017674 -0.0285238
8.68 0 -0.00704667 -0.018123 -0.0295113
8.7 0 -0.00821347 -0.0188428 -0.0288694
8.72 0 -0.00928757 -0.0193929 -0.0266782
8.74 0 -0.009807 -0.0190226 -0.0236267
8.76 0 -0.00961444 -0.0173879 -0.0205712
8.78 0 -0.00815875 -0.0144768 -0.0175534
8.8 0 -0.00507737 -0.0102882 -0.0139233
8.82 0 -0.00103371 -0.00480287 -0.00904542
8.84 0 0.00248888 0.00131605 -0.00283078
8.86 0 0.00437746 0.0065288 0.00429386
8.88 0 0.00463142 0.00960149 0.0115999
8.9 0 0.00371051 0.0104713 0.017765
8.92 0 0.00234554 0.0101709 0.0213724
8.94 0 0.00182436 0.0100684 0.0220029
8.96 0 0.00303644 0.0107637 0.0201661
8.98 0 0.00537247 0.0117315 0.0166275
9 0 0.00705851 0.0117388 0.0120982
9.02 0 0.00649315 0.00951238 0.00715609
9.04 0 0.00332049 0.00452956 0.00215521
9.06 0 -0.00153524 -0.0025558 -0.0030075
9.08 0 -0.00666056 -0.0102502 -0.0089565
9.1 0 -0.0108873 -0.0170344 -0.0162818
9.12 0 -0.0136606 -0.0223856 -0.0250146
9.14 0 -0.0152388 -0.0271599 -0.034763
9.16 0 -0.016144 -0.0320472 -0.0445186
9.18 0 -0.0165975 -0.0362059 -0.0525658
9.2 0 -0.0170195 -0.0386121 -0.057592
9.22 0 -0.0177627 -0.0393369 -0.0590903
9.24 0 -0.0183345 -0.0387309 -0.0567744
9.26 0 -0.0180459 -0.0366031 -0.0508389
9.28 0 -0.0166326 -0.0323098 -0.0421566
9.3 0 -0.0139751 -0.0254778 -0.0317275
9.32 0 -0.0100883 -0.0168408 -0.0204574
9.34 0 -0.0054299 -0.00798246 -0.00927157
9.36 0 -0.000858451 -0.000116819 0.000991343
9.38 0 0.00276961 0.00646095 0.00977986
9.4 0 0.00492085 0.0115297 0.0166934
9.42 0 0.00562972 0.0144233 0.0213632
9.44 0 0.00545145 0.0149005 0.0235926
9.46 0 0.00490975 0.013719 0.0233107
9.48 0 0.00436932 0.0120843 0.0207402
9.5 0 0.00415872 0.0106416 0.0165885
9.52 0 0.00412013 0.00894532 0.0115952
9.54 0 0.00378242 0.00649916 0.00651238
9.56 0 0.00304484 0.00385171 0.00236661
9.58 0 0.0018567 0.00163915 -0.000319398
9.6 0 7.48661e-05 -0.000422101 -0.00196018
9.62 0 -0.00207887 -0.00295298 -0.00335325
9.64 0 -0.004205 -0.00608893 -0.00535019
9.66 0 -0.00585284 -0.00914528 -0.00840866
9.68 0 -0.00635034 -0.0109947 -0.0120547
9.7 0 -0.00532461 -0.011037 -0.0151963
9.72 0 -0.00337588 -0.00968955 -0.0168914
9.74 0 -0.001773 -0.00795478 -0.0166857
9.76 0 -0.00152761 -0.00680149 -0.0146526
9.78 0 -0.00281026 -0.0068048 -0.0114656
9.8 0 -0.00492563 -0.00782864 -0.00824225
9.82 0 -0.00662105 -0.00887984 -0.00597541
9.84 0 -0.00661349 -0.00858734 -0.00494907
9.86 0 -0.00428251 -0.00610453 -0.00460562
9.88 0 -1.64014e-05 -0.00144477 -0.00366249
9.9 0 0.00508362 0.00483911 -0.000443563
9.92 0 0.0098596 0.0119582 0.00638108
9.94 0 0.0135497 0.0191867 0.017034
9.96 0 0.015515 0.0258144 0.0300695
9.98 0 0.0156212 0.0311695 0.0430098
10 0 0.0154145 0.0355122 0.0542148
10.02 0 0.0169557 0.0399646 0.0631148
10.04 0 0.0202496 0.0448158 0.0687776
10.06 0 0.0238215 0.0490407 0.0703152
10.08 0 0.0273404 0.0519871 0.0688366
10.1 0 0.0311413 0.0540073 0.0667265
10.12 0 0.0339008 0.0550625 0.0649585
10.14 0 0.0338085 0.0545775 0.0633567
10.16 0 0.031169 0.052388 0.0622873
10.18 0 0.0278631 0.0490196 0.0621699
10.2 0 0.0252923 0.0457949 0.0625191
10.22 0 0.0235058 0.0437512 0.061941
10.24 0 0.0220674 0.0423209 0.0591282
10.26 0 0.0214007 0.0404491 0.054303
10.28 0 0.0220406 0.0382245 0.0488505
10.3 0 0.0227989 0.0361189 0.0434246
10.32 0 0.0217622 0.0336197 0.0378632
10.34 0 0.019118 0.030092 0.0329247
10.36 0 0.0164149 0.0258658 0.0297066
10.38 0 0.0134695 0.0213294 0.0272653
10.4 0 0.00897859 0.0161455 0.0232795
10.42 0 0.00320637 0.00961742 0.0165469
10.44 0 -0.00217942 0.00127621 0.00713618
10.46 0 -0.00636186 -0.00847022 -0.00496861
10.48 0 -0.01022 -0.0184942 -0.0199917
10.5 0 -0.0146053 -0.0281394 -0.0370885
10.52 0 -0.0188648 -0.0374472 -0.0537518
10.54 0 -0.0222441 -0.0463171 -0.067516
10.56 0 -0.0257514 -0.05446 -0.0779851
10.58 0 -0.0308031 -0.0617695 -0.0860441
10.6 0 -0.0372323 -0.0687049 -0.0923186
10.62 0 -0.0437841 -0.0760508 -0.0973432
10.64 0 -0.049067 -0.0832535 -0.101645
10.66 0 -0.0520894 -0.0882482 -0.105527
10.68 0 -0.0527511 -0.0898899 -0.109273
10.7 0 -0.0516818 -0.0893557 -0.112996
10.72 0 -0.0498427 -0.0886753 -0.116419
10.74 0 -0.0482624 -0.0886502 -0.119006
10.76 0 -0.0473189 -0.0883727 -0.119803
10.78 0 -0.0464012 -0.0864368 -0.117511
10.8 0 -0.0447534 -0.0823103 -0.111404
10.82 0 -0.0420512 -0.076152 -0.101668
10.84 0 -0.0384763 -0.0682758 -0.0892398
10.86 0 -0.0346404 -0.0594306 -0.0756796
10.88 0 -0.0305372 -0.0502307 -0.062068
10.9 0 -0.0252343 -0.0403858 -0.0483896
10.92 0 -0.0183555 -0.0294171 -0.0346171
10.94 0 -0.0107745 -0.0176287 -0.0213158
10.96 0 -0.00376982 -0.00627136 -0.00912043
10.98 0 0.00170463 0.00313707 0.00168875
11 0 0.00509758 0.00977746 0.0110381
11.02 0 0.0065141 0.0139243 0.0188634
11.04 0 0.00692827 0.016642 0.0251755
11.06 0 0.00754095 0.0190235 0.029978
11.08 0 0.00902257 0.0216468 0.0332388
11.1 0 0.0113494 0.0244809 0.0350467
11.12 0 0.0136133 0.0266267 0.0352679
11.14 0 0.0146977 0.0270333 0.0338325
11.16 0 0.0145648 0.0259026 0.0316112
11.18 0 0.0135922 0.0239967 0.0294587
11.2 0 0.0117122 0.0214079 0.0271772
11.22 0 0.00896335 0.01781 0.024071
11.24 0 0.00581674 0.0131375 0.0196014
11.26 0 0.00287558 0.00784861 0.0135594
11.28 0 0.000563849 0.00264651 0.00610166
11.3 0 -0.000993638 -0.00198284 -0.00219687
11.32 0 -0.00222257 -0.00625904 -0.0107027
11.34 0 -0.00386197 -0.0108709 -0.0189421
11.36 0 -0.00631158 -0.0161673 -0.0264652
11.38 0 -0.00922338 -0.0215384 -0.0326432
11.4 0 -0.0117447 -0.0256466 -0.0367664
11.42 0 -0.0135903 -0.0279518 -0.038909
11.44 0 -0.0149474 -0.029082 -0.0397674
11.46 0 -0.0151691 -0.0290654 -0.0391975
11.48 0 -0.0135803 -0.0270739 -0.0366179
11.5 0 -0.0112015 -0.0233005 -0.0326136
11.52 0 -0.00938475 -0.0191131 -0.0281212
11.54 0 -0.00810134 -0.0156204 -0.0231975
11.56 0 -0.00701605 -0.0131046 -0.0179411
11.58 0 -0.00642034 -0.0112318 -0.013199
11.6 0 -0.00643826 -0.00965615 -0.00985211
11.62 0 -0.00614002 -0.00812096 -0.00780028
11.64 0 -0.00432805 -0.00603228 -0.00607069
11.66 0 -0.00110131 -0.00270272 -0.00385964
11.68 0 0.00241078 0.00202511 -0.000647983
11.7 0 0.00549226 0.00753616 0.00428827
11.72 0 0.00823827 0.0130362 0.0116445
11.74 0 0.0106032 0.018176 0.0210829
11.76 0 0.0118974 0.0227631 0.0308233
11.78 0 0.0119878 0.0264766 0.0389285
11.8 0 0.0121513 0.0292516 0.0446657
11.82 0 0.0137847 0.0316779 0.0482519
11.84 0 0.0167692 0.034406 0.0498056
11.86 0 0.0200121 0.0373672 0.0494989
11.88 0 0.022953 0.0400293 0.0484433
11.9 0 0.0254335 0.0419538 0.0481485
11.92 0 0.0267505 0.0429462 0.0491724
11.94 0 0.0258549 0.0426972 0.0507482
11.96 0 0.0227274 0.0406924 0.0516692
11.98 0 0.018626 0.0367012 0.0508991
12 0 0.0145719 0.0310334 0.0472392
12.02 0 0.0109008 0.024529 0.0397706
12.04 0 0.00799869 0.0180624 0.0288279
12.06 0 0.0061626 0.0118071 0.0158868
12.08 0 0.00481074 0.00528264 0.00257776
12.1 0 0.00244182 -0.002066 -0.0100846
12.12 0 -0.0019433 -0.0103387 -0.0214463
12.14 0 -0.00759653 -0.0189922 -0.0307604
12.16 0 -0.0127955 -0.0267696 -0.0374516
12.18 0 -0.0165219 -0.0321887 -0.0416782
12.2 0 -0.0188367 -0.0348823 -0.0443526
12.22 0 -0.0197358 -0.0356223 -0.0460497
12.24 0 -0.0189642 -0.0351352 -0.046573
12.26 0 -0.0170116 -0.0335617 -0.0457205
12.28 0 -0.0147848 -0.0306087 -0.0432979
12.3 0 -0.0128566 -0.0265717 -0.0391107
12.32 0 -0.0113753 -0.0225422 -0.0332845
12.34 0 -0.00969991 -0.0185272 -0.0257165
12.36 0 -0.00687262 -0.0129397 -0.0161272
12.38 0 -0.0028852 -0.00493201 -0.00510238
12.4 0 0.0015396 0.0043307 0.00618849
12.42 0 0.00624381 0.0134163 0.017421
12.44 0 0.0113743 0.0219932 0.0288461
12.46 0 0.0163154 0.0301403 0.0399585
12.48 0 0.0203837 0.0378034 0.0499605
12.5 0 0.02365 0.0445873 0.0585603
12.52 0 0.0263383 0.0497572 0.0655524
12.54 0 0.0283068 0.0529669 0.0705202
12.56 0 0.0293328 0.0545993 0.0731507
12.58 0 0.0296285 0.0552642 0.0736384
12.6 0 0.0297231 0.0552148 0.0725749
12.62 0 0.029744 0.0542784 0.0703737
12.64 0 0.0291787 0.0522088 0.0670255
12.66 0 0.0274904 0.048874 0.0624013
12.68 0 0.0246919 0.0441597 0.056504
12.7 0 0.0212545 0.0381464 0.049452
12.72 0 0.0177863 0.0315359 0.0415348
12.74 0 0.0147287 0.0253528 0.0332016
12.76 0 0.0118718 0.0197212 0.0245881
12.78 0 0.00844935 0.0135396 0.015394
12.8 0 0.00399257 0.0058252 0.00548872
12.82 0 -0.00115189 -0.00312788 -0.00480181
12.84 0 -0.0060964 -0.0120428 -0.0150283
12.86 0 -0.0104013 -0.0199961 -0.0251673
12.88 0 -0.0141455 -0.0269203 -0.0352534
12.9 0 -0.0172612 -0.0330812 -0.0447923
12.92 0 -0.0198788 -0.0388215 -0.0533079
12.94 0 -0.0220479 -0.0437531 -0.0601915
12.96 0 -0.023493 -0.0468738 -0.064624
12.98 0 -0.0244835 -0.0482255 -0.0666192
13 0 -0.0255566 -0.0488846 -0.0668674
13.02 0 -0.0269301 -0.0497929 -0.0661507
13.04 0 -0.0286595 -0.0512496 -0.0653789
13.06 0 -0.0304996 -0.0528945 -0.0652783
13.08 0 -0.0315551 -0.053879 -0.0657801
13.1 0 -0.0306624 -0.0531445 -0.0659582
13.12 0 -0.0279403 -0.05044 -0.0651866
13.14 0 -0.0248849 -0.0466988 -0.0634956
13.16 0 -0.0222571 -0.0426787 -0.0602916
13.18 0 -0.019927 -0.0385252 -0.0547456
13.2 0 -0.0182603 -0.0344653 -0.0472863
13.22 0 -0.0175758 -0.0306351 -0.0391075
13.24 0 -0.0170842 -0.0267429 -0.0309703
13.26 0 -0.0155101 -0.0222937 -0.0232043
13.28 0 -0.0125885 -0.0172038 -0.0164419
13.3 0 -0.00914113 -0.0120952 -0.0114955
13.32 0 -0.00581345 -0.00772487 -0.00839755
13.34 0 -0.00259382 -0.00418542 -0.00615475
13.36 0 0.000488024 -0.000826045 -0.00351936
13.38 0 0.00260348 0.00253298 -0.000103091
13.4 0 0.00294259 0.00495197 0.00363692
13.42 0 0.00201441 0.00564849 0.00728824
13.44 0 0.00103618 0.00519319 0.0104631
13.46 0 0.000629046 0.00496263 0.0124171
13.48 0 0.000707778 0.00546637 0.0123615
13.5 0 0.00136855 0.00608026 0.0104386
13.52 0 0.00289139 0.00640248 0.0079166
13.54 0 0.00458818 0.00661326 0.00590489
13.56 0 0.00506601 0.00667697 0.00468519
13.58 0 0.00372591 0.0058598 0.00411689
13.6 0 0.00133912 0.00357292 0.00397532
13.62 0 -0.00076961 0.000649545 0.00393204
13.64 0 -0.00184302 -0.00116799 0.00344007
13.66 0 -0.00175019 -0.00106871 0.0021235
13.68 0 -0.000579608 0.000117719 0.000258819
13.7 0 0.00115833 0.0010949 -0.00143112
13.72 0 0.00229899 0.0012879 -0.00245385
13.74 0 0.00176617 0.000645646 -0.00283847
13.76 0 -0.00037825 -0.00100553 -0.00292703
13.78 0 -0.00312035 -0.0038328 -0.00333977
13.8 0 -0.00548295 -0.00728995 -0.00489888
13.82 0 -0.00692374 -0.0101818 -0.00810644
13.84 0 -0.00712101 -0.011718 -0.0126185
13.86 0 -0.00601482 -0.0120849 -0.0172973
13.88 0 -0.00429872 -0.0119647 -0.0209288
13.9 0 -0.00330943 -0.0119421 -0.022852
13.92 0 -0.00394229 -0.0123966 -0.0229353
13.94 0 -0.0058876 -0.013488 -0.0214043
13.96 0 -0.00820967 -0.0150305 -0.019046
13.98 0 -0.0102781 -0.0165647 -0.0172443
14 0 -0.0117066 -0.0176936 -0.0172232
14.02 0 -0.0118657 -0.0182149 -0.0191072
14.04 0 -0.0102209 -0.0178325 -0.0218272
14.06 0 -0.00741986 -0.0164208 -0.024177
14.08 0 -0.00514693 -0.0146117 -0.0255259
14.1 0 -0.00439573 -0.0133087 -0.0252704
14.12 0 -0.00488074 -0.0128568 -0.0228527
14.14 0 -0.00601843 -0.0128777 -0.0186385
14.16 0 -0.00733057 -0.0125774 -0.0138922
14.18 0 -0.00807203 -0.0113804 -0.00985658
14.2 0 -0.00726273 -0.00919399 -0.00700077
14.22 0 -0.00447179 -0.00601507 -0.00499296
14.24 0 -0.000630859 -0.00200574 -0.00333128
14.26 0 0.00255572 0.00206049 -0.00157641
14.28 0 0.00420958 0.00516643 0.000983929
14.3 0 0.00452961 0.006843 0.00489772
14.32 0 0.00392221 0.00752476 0.00975957
14.34 0 0.00294905 0.0082101 0.0145053
14.36 0 0.00245877 0.00945375 0.0180959
14.38 0 0.00306983 0.0109598 0.0198605
14.4 0 0.00460326 0.0122022 0.0196242
14.42 0 0.00607714 0.0127414 0.0175866
14.44 0 0.00673102 0.0123758 0.014539
14.46 0 0.00676192 0.0114474 0.01192
14.48 0 0.00658183 0.0105981 0.0108686
14.5 0 0.00611841 0.0102154 0.0114613
14.52 0 0.00531336 0.010272 0.013109
14.54 0 0.00459953 0.0105582 0.015184
14.56 0 0.00428557 0.0107846 0.0169097
14.58 0 0.00406744 0.0105886 0.0172899
14.6 0 0.00363624 0.00972187 0.0157566
14.62 0 0.00328461 0.00832934 0.0127295
14.64 0 0.00348798 0.00700918 0.00931638
14.66 0 0.00399316 0.00618783 0.00637364
14.68 0 0.00388401 0.00544934 0.0040568
14.7 0 0.00258569 0.00383081 0.00215156
14.72 0 0.000375786 0.000865524 0.000368289
14.74 0 -0.00194203 -0.00270048 -0.0015898
14.76 0 -0.00359259 -0.0054771 -0.00395117
14.78 0 -0.00397416 -0.00655016 -0.00653657
14.8 0 -0.00284299 -0.00595873 -0.00865217
14.82 0 -0.000817638 -0.00439054 -0.00958093
14.84 0 0.00103806 -0.00236404 -0.00872276
14.86 0 0.0021431 1.60975e-05 -0.00558504
14.88 0 0.00244732 0.00249168 -0.000325359
14.9 0 0.0021824 0.00464426 0.00603379
14.92 0 0.00177196 0.0063581 0.0120195
14.94 0 0.00166704 0.0077992 0.0162509
14.96 0 0.0023978 0.00931774 0.0181744
14.98 0 0.00417931 0.0111164 0.018148
15 0 0.00640805 0.0128562 0.0168897
15.02 0 0.00846857 0.0143161 0.015631
15.04 0 0.0102098 0.0157916 0.015835
15.06 0 0.0110791 0.0171945 0.0178401
15.08 0 0.0103385 0.0178045 0.0207226
15.1 0 0.00851951 0.0174147 0.0236588
15.12 0 0.00689486 0.0165327 0.0259875
15.14 0 0.0058345 0.0154467 0.0264719
15.16 0 0.00531843 0.0142808 0.0243324
15.18 0 0.00570208 0.0132926 0.0202201
15.2 0 0.00693469 0.0125685 0.015486
15.22 0 0.0078821 0.0116425 0.0110307
15.24 0 0.00710196 0.00957578 0.00704861
15.26 0 0.00429585 0.00579179 0.00358023
15.28 0 0.000333166 0.000562145 0.000411452
15.3 0 -0.00334171 -0.00474385 -0.0028279
15.32 0 -0.00530843 -0.00819267 -0.00618708
15.34 0 -0.00551279 -0.00945526 -0.00998378
15.36 0 -0.00480469 -0.00986315 -0.0143007
15.38 0 -0.00356025 -0.0101515 -0.0179524
15.4 0 -0.00248865 -0.0102926 -0.0198385
15.42 0 -0.00260892 -0.0103195 -0.0197973
15.44 0 -0.00367867 -0.0101778 -0.0177571
15.46 0 -0.00462418 -0.00973037 -0.0139549
15.48 0 -0.00489624 -0.00872692 -0.00944551
15.5 0 -0.00445436 -0.00683441 -0.00546877
15.52 0 -0.00320008 -0.00410109 -0.00260134
15.54 0 -0.00108623 -0.00105294 -0.000638457
15.56 0 0.00133271 0.00171884 0.000881234
15.58 0 0.00313798 0.0039325 0.00239041
15.6 0 0.00386299 0.00553235 0.00429417
15.62 0 0.00370978 0.0064624 0.0067571
15.64 0 0.0031207 0.00676239 0.00943564
15.66 0 0.00242288 0.00668015 0.0115504
15.68 0 0.00197262 0.00659653 0.0124535
15.7 0 0.00217734 0.00677147 0.0120511
15.72 0 0.00296051 0.00701847 0.0105484
15.74 0 0.00366274 0.00683235 0.00822728
15.76 0 0.00376377 0.00596544 0.00565483
15.78 0 0.00318805 0.00454498 0.00348667
15.8 0 0.001902 0.00260806 0.00180211
15.82 0 9.47654e-05 0.000227571 0.000258961
15.84 0 -0.00150942 -0.00205283 -0.00129759
15.86 0 -0.00236429 -0.00367597 -0.00301219
15.88 0 -0.00260149 -0.00465506 -0.00516586
15.9 0 -0.00262434 -0.00546906 -0.00780733
15.92 0 -0.00279309 -0.00666393 -0.0106823
15.94 0 -0.00345179 -0.00853647 -0.0135554
15.96 0 -0.00484792 -0.0110908 -0.0164337
15.98 0 -0.00683563 -0.0141165 -0.0194249
16 0 -0.00874157 -0.0170861 -0.0223961
16.02 0 -0.00987227 -0.0192895 -0.0250334
16.04 0 -0.0101655 -0.0204319 -0.0272443
16.06 0 -0.00999757 -0.0207969 -0.0290466
16.08 0 -0.00963208 -0.0207747 -0.0302004
16.1 0 -0.00921205 -0.0205268 -0.0303607
16.12 0 -0.00897395 -0.0200677 -0.0294675
16.14 0 -0.00907301 -0.0194355 -0.0277605
16.16 0 -0.00926308 -0.0186326 -0.0254886
16.18 0 -0.009051 -0.017477 -0.0228141
16.2 0 -0.00811203 -0.0156112 -0.0198681
16.22 0 -0.00644018 -0.0127702 -0.0166912
16.24 0 -0.00429677 -0.00914694 -0.0132004
16.26 0 -0.00207773 -0.00532585 -0.00924301
16.28 0 -0.000131584 -0.00175069 -0.00467371
16.3 0 0.00141593 0.00163035 0.000578726
16.32 0 0.0027628 0.00518456 0.00648209
16.34 0 0.0042833 0.00916749 0.012852
16.36 0 0.00613858 0.0134321 0.0192356
16.38 0 0.00805684 0.01744 0.0249082
16.4 0 0.00960916 0.0205531 0.029155
16.42 0 0.0106094 0.0224035 0.0316072
16.44 0 0.0113081 0.0232502 0.0324923
16.46 0 0.0121966 0.023891 0.0325457
16.48 0 0.0134019 0.0248711 0.0324224
16.5 0 0.0144062 0.0258575 0.03226
16.52 0 0.0145314 0.0259957 0.0318737
16.54 0 0.0135671 0.0247783 0.0311109
16.56 0 0.0118913 0.0224947 0.0298971
16.58 0 0.0101734 0.0200037 0.0281765
16.6 0 0.00883565 0.0178784 0.0257532
16.62 0 0.00778261 0.0158166 0.0222789
16.64 0 0.00665347 0.0130778 0.0175593
16.66 0 0.00496688 0.00910765 0.0115735
16.68 0 0.00239737 0.00386106 0.00445655
16.7 0 -0.000659883 -0.00201141 -0.00319842
16.72 0 -0.00323128 -0.00736655 -0.0103923
16.74 0 -0.00468113 -0.0112129 -0.0162802
16.76 0 -0.0052398 -0.0133475 -0.0205555
16.78 0 -0.00554893 -0.0143819 -0.0232536
16.8 0 -0.00599928 -0.0151011 -0.0244261
16.82 0 -0.00668822 -0.0158567 -0.0242384
16.84 0 -0.00759674 -0.0164978 -0.0231443
16.86 0 -0.00857 -0.0167861 -0.0217749
16.88 0 -0.00923625 -0.0166977 -0.0206305
16.9 0 -0.00898762 -0.0160891 -0.0197058
16.92 0 -0.00754061 -0.0145879 -0.0186744
16.94 0 -0.00556215 -0.012248 -0.0174491
16.96 0 -0.00399986 -0.00977824 -0.0159999
16.98 0 -0.00311282 -0.00789452 -0.0139772
17 0 -0.00269398 -0.00669451 -0.0111142
17.02 0 -0.00258352 -0.0056376 -0.00765165
17.04 0 -0.00256037 -0.00416381 -0.00413396
17.06 0 -0.00224355 -0.00233302 -0.0010828
17.08 0 -0.00142086 -0.000644304 0.00111427
17.1 0 -0.000262331 0.000696433 0.00233036
17.12 0 0.000878205 0.00191307 0.00280699
17.14 0 0.00179843 0.0031465 0.00308427
17.16 0 0.00248624 0.00421855 0.00372041
17.18 0 0.00280851 0.00484826 0.00486527
17.2 0 0.00250619 0.00490886 0.00615529
17.22 0 0.00161381 0.0044385 0.00704066
17.24 0 0.000596302 0.0035385 0.00709077
17.26 0 -3.58437e-06 0.0024551 0.00612285
17.28 0 2.39871e-06 0.00156377 0.00421401
17.3 0 0.0003694 0.00102603 0.00167861
17.32 0 0.000733307 0.000613793 -0.000922965
17.34 0 0.000777363 -8.05824e-05 -0.00301425
17.36 0 0.00015223 -0.00136709 -0.0044316
17.38 0 -0.00133493 -0.0033198 -0.005514
17.4 0 -0.00338238 -0.00577407 -0.00679028
17.42 0 -0.0052021 -0.00826155 -0.00857266
17.44 0 -0.00599154 -0.0100351 -0.0107689
17.46 0 -0.00554838 -0.0105516 -0.013044
17.48 0 -0.0044419 -0.0100432 -0.0150428
17.5 0 -0.00352842 -0.00939594 -0.016416
17.52 0 -0.0033984 -0.00941515 -0.0168875
17.54 0 -0.00424273 -0.0103052 -0.0165116
17.56 0 -0.00575901 -0.0116244 -0.015665
17.58 0 -0.00710081 -0.012559 -0.0147014
17.6 0 -0.0073029 -0.0123527 -0.0137212
17.62 0 -0.005958 -0.0106645 -0.0126117
17.64 0 -0.0036031 -0.00781358 -0.0112339
17.66 0 -0.00132399 -0.0046891 -0.00944232
17.68 0 9.19919e-05 -0.00218619 -0.00698802
17.7 0 0.000520543 -0.000612692 -0.00369808
17.72 0 0.000332556 0.00045473 0.000257553
17.74 0 0.000205683 0.00182399 0.00445927
17.76 0 0.000813456 0.00404995 0.00846688
17.78 0 0.00228488 0.00693519 0.0118291
17.8 0 0.00415859 0.00979044 0.0142555
17.82 0 0.00586705 0.0120634 0.0158606
17.84 0 0.00700661 0.0135294 0.016985
17.86 0 0.00737371 0.0141817 0.0178805
17.88 0 0.00705305 0.0141636 0.0186279
17.9 0 0.00637639 0.0136904 0.0191343
17.92 0 0.005572 0.0128253 0.0190095
17.94 0 0.00468062 0.011478 0.0177437
17.96 0 0.00379047 0.00963518 0.0151279
17.98 0 0.00295804 0.00733779 0.0112824
18 0 0.00212251 0.00467093 0.00656788
18.02 0 0.0012698 0.00189775 0.00162471
18.04 0 0.00044137 -0.000640191 -0.002806
18.06 0 -0.000424687 -0.00279503 -0.00623607
18.08 0 -0.00149644 -0.00470831 -0.0086146
18.1 0 -0.00282241 -0.00658685 -0.0102028
18.12 0 -0.00421092 -0.00842641 -0.0113617
18.14 0 -0.00534804 -0.00998707 -0.0124158
18.16 0 -0.00587218 -0.0109003 -0.0134512
18.18 0 -0.00554593 -0.0108817 -0.014259
18.2 0 -0.00458651 -0.0100353 -0.0145935
18.22 0 -0.003554 -0.00881369 -0.0142815
18.24 0 -0.00291725 -0.00769984 -0.0132032
18.26 0 -0.0028358 -0.00695375 -0.0114007
18.28 0 -0.00306637 -0.00639281 -0.0090452
18.3 0 -0.00314211 -0.00554901 -0.00640482
18.32 0 -0.00283153 -0.00425929 -0.00396257
18.34 0 -0.0021342 -0.00274791 -0.00213384
18.36 0 -0.00103217 -0.0011713 -0.000859676
18.38 0 0.00027121 0.000413568 0.00015257
18.4 0 0.00132491 0.0018609 0.00113917
18.42 0 0.00188799 0.00300004 0.00234248
18.44 0 0.00201955 0.00372717 0.0038849
18.46 0 0.00187789 0.00411647 0.00560856
18.48 0 0.00163862 0.00439342 0.00715204
18.5 0 0.00145154 0.0046473 0.00809706
18.52 0 0.00142802 0.00474616 0.00816607
18.54 0 0.00157791 0.00454811 0.00733746
18.56 0 0.00172495 0.00402393 0.0057802
18.58 0 0.00165895 0.00322742 0.00381631
18.6 0 0.00133271 0.00222408 0.00186553
18.62 0 0.000759677 0.00101008 0.000193212
18.64 0 -0.000120879 -0.000477899 -0.00127754
18.66 0 -0.00127478 -0.00221841 -0.00279914
18.68 0 -0.00242751 -0.00402437 -0.00454029
18.7 0 -0.00324337 -0.00562068 -0.00651464
18.72 0 -0.00357316 -0.00677986 -0.00860259
18.74 0 -0.00352591 -0.00746115 -0.0105842
18.76 0 -0.00338507 -0.00786473 -0.0122104
18.78 0 -0.00347992 -0.00833589 -0.013336
18.8 0 -0.00400242 -0.00911422 -0.0139786
18.82 0 -0.00481019 -0.0100743 -0.0142148
18.84 0 -0.00544851 -0.0107314 -0.0140653
18.86 0 -0.00548757 -0.0106032 -0.0135359
18.88 0 -0.00487411 -0.00962588 -0.0127132
18.9 0 -0.00392338 -0.00819377 -0.0117125
18.92 0 -0.00307063 -0.00686323 -0.0106024
18.94 0 -0.00264245 -0.0060184 -0.00943643
18.96 0 -0.00269655 -0.0056915 -0.00828666
18.98 0 -0.00296699 -0.00558988 -0.00720422
19 0 -0.00302698 -0.00529652 -0.00619122
19.02 0 -0.00265034 -0.00458886 -0.00528915
19.04 0 -0.0019247 -0.00354239 -0.00453737
19.06 0 -0.00104153 -0.00233591 -0.00379888
19.08 0 -0.000237482 -0.00116871 -0.0028699
19.1 0 0.000231419 -0.000248329 -0.00168644
19.12 0 0.00035094 0.000411188 -0.000242686
19.14 0 0.000359814 0.00100909 0.00142222
19.16 0 0.000447232 0.00169835 0.00308434
19.18 0 0.000680325 0.00248274 0.0044485
19.2 0 0.00100117 0.00317939 0.00526396
19.22 0 0.00126884 0.00352832 0.00539705
19.24 0 0.00142969 0.00348165 0.00496311
19.26 0 0.00151804 0.00323599 0.00426
19.28 0 0.00156723 0.00302281 0.00360042
19.3 0 0.00144896 0.0027692 0.00305107
19.32 0 0.000943067 0.00210164 0.00238873
19.34 0 2.79814e-05 0.000777667 0.00134259
19.36 0 -0.00120239 -0.00120388 -0.000411672
19.38 0 -0.0025455 -0.00360466 -0.00309233
19.4 0 -0.00353779 -0.00587796 -0.00643444
19.42 0 -0.00381555 -0.0074913 -0.0098304
19.44 0 -0.00347222 -0.00824468 -0.0126435
19.46 0 -0.00292261 -0.00827632 -0.0143251
19.48 0 -0.00276741 -0.00814462 -0.0147392
19.5 0 -0.00345635 -0.00854731 -0.0142454
19.52 0 -0.00471499 -0.00951416 -0.0132326
19.54 0 -0.00574762 -0.0102952 -0.0119923
19.56 0 -0.00596553 -0.0101502 -0.0108879
19.58 0 -0.00525404 -0.00899117 -0.0101956
19.6 0 -0.00383777 -0.00728332 -0.00982183
19.62 0 -0.00216588 -0.00550918 -0.00932551
19.64 0 -0.000857012 -0.00393299 -0.00828022
19.66 0 -0.000401126 -0.00274308 -0.00654873
19.68 0 -0.000748956 -0.00207992 -0.00426265
19.7 0 -0.00137109 -0.00183606 -0.00177063
19.72 0 -0.00164436 -0.00149256 0.000496218
19.74 0 -0.00119842 -0.000467057 0.00221033
19.76 0 -0.000169812 0.00114766 0.00314695
19.78 0 0.00101564 0.00264109 0.00334528
19.8 0 0.00196071 0.00345361 0.00317984
19.82 0 0.00236296 0.00359586 0.00308198
19.84 0 0.00215098 0.00343474 0.00332079
19.86 0 0.00150653 0.00314644 0.0038481
19.88 0 0.000799951 0.00270017 0.0043927
19.9 0 0.000356083 0.00218737 0.00462299
19.92 0 0.000192937 0.00176638 0.00420327
19.94 0 0.000164719 0.00141309 0.00299319
19.96 0 0.000146053 0.000851731 0.00114323
19.98 0 5.66351e-05 -0.00010376 -0.000972793
20 0 -0.000198965 -0.00128765 -0.00294466
20.02 0 -0.000740594 -0.00245112 -0.00454937
20.04 0 -0.00154107 -0.00356204 -0.00576155
20.06 0 -0.00235779 -0.00467794 -0.00664278
20.08 0 -0.00296951 -0.00570069 -0.00733732
20.1 0 -0.00337444 -0.00646004 -0.00808018
20.12 0 -0.00361711 -0.00692417 -0.00900096
20.14 0 -0.0036644 -0.00723987 -0.0100109
20.16 0 -0.00355085 -0.00754662 -0.0109253
20.18 0 -0.00341445 -0.00777564 -0.0115514
20.2 0 -0.0033303 -0.0077328 -0.011685
20.22 0 -0.00321075 -0.00731447 -0.0111413
20.24 0 -0.00297309 -0.00659648 -0.00991117
20.26 0 -0.00265545 -0.00569348 -0.00820008
20.28 0 -0.00226153 -0.00458049 -0.0062261
20.3 0 -0.00166684 -0.00314201 -0.00407465
20.32 0 -0.000768433 -0.00134027 -0.00175114
20.34 0 0.00036313 0.000729011 0.000732097
20.36 0 0.00157746 0.00295369 0.00340459
20.38 0 0.00271348 0.00519887 0.00628165
20.4 0 0.00356219 0.00719304 0.00919195
20.42 0 0.00404827 0.00871484 0.0118792
20.44 0 0.00439618 0.0098814 0.0142242
20.46 0 0.00489404 0.0110224 0.0161919
20.48 0 0.00553851 0.0122207 0.0176326
20.5 0 0.00614453 0.0132254 0.0184099
20.52 0 0.00663322 0.0138082 0.0186331
20.54 0 0.00690185 0.0138968 0.0184624
20.56 0 0.00673653 0.0134761 0.0178996
20.58 0 0.00607427 0.0125312 0.0168908
20.6 0 0.00505789 0.0110016 0.0153432
20.62 0 0.00385203 0.0088804 0.0130858
20.64 0 0.00264556 0.0064264 0.0100603
20.66 0 0.00165565 0.00404773 0.00645534
20.68 0 0.000912564 0.0018883 0.00254579
20.7 0 0.0001935 -0.000268612 -0.00143744
20.72 0 -0.000750268 -0.00266362 -0.00526617
20.74 0 -0.00199114 -0.00527294 -0.00871675
20.76 0 -0.00339289 -0.00782354 -0.0116392
20.78 0 -0.00472059 -0.0100176 -0.014013
20.8 0 -0.00577481 -0.0117186 -0.0159294
20.82 0 -0.00641611 -0.0129032 -0.0174627
20.84 0 -0.00657934 -0.0135272 -0.0185721
20.86 0 -0.00629626 -0.0134932 -0.0190935
20.88 0 -0.00562682 -0.0126883 -0.018736
20.9 0 -0.00467913 -0.0111305 -0.0172286
20.92 0 -0.00372052 -0.00912351 -0.0145908
20.94 0 -0.00292717 -0.00697239 -0.0110391
20.96 0 -0.00212263 -0.00461387 -0.00675256
20.98 0 -0.00110057 -0.00186955 -0.0020393
21 0 0.000144487 0.00120313 0.00262569
21.02 0 0.0015609 0.00433363 0.0068659
21.04 0 0.00304581 0.00719291 0.0104793
21.06 0 0.00440036 0.00956 0.0133787
21.08 0 0.00540522 0.0113335 0.0155348
21.1 0 0.00591271 0.0124022 0.0169141
21.12 0 0.00590317 0.0126439 0.0174639
21.14 0 0.00549943 0.0120851 0.0171518
21.16 0 0.00490879 0.0109776 0.0160066
21.18 0 0.00428112 0.00960275 0.01409
21.2 0 0.00360105 0.00799587 0.0114449
21.22 0 0.00277241 0.00599075 0.00815662
21.24 0 0.00178114 0.00355126 0.00445796
21.26 0 0.000721671 0.000951461 0.000707851
21.28 0 -0.000295918 -0.00142055 -0.00274457
21.3 0 -0.00130189 -0.00348566 -0.00577538
21.32 0 -0.00241765 -0.00551961 -0.0084961
21.34 0 -0.00360978 -0.00767809 -0.0110007
21.36 0 -0.00470548 -0.00974634 -0.0132883
21.38 0 -0.00554634 -0.0113723 -0.0153229
21.4 0 -0.00600291 -0.012364 -0.0169963
21.42 0 -0.00596543 -0.0126934 -0.0180685
21.44 0 -0.00548022 -0.0123705 -0.0182764
21.46 0 -0.00484226 -0.0114868 -0.0175298
21.48 0 -0.00432239 -0.0102388 -0.0158692
21.5 0 -0.00391033 -0.0088082 -0.0133731
21.52 0 -0.00349394 -0.00729378 -0.0102997
21.54 0 -0.0030431 -0.00571279 -0.00712179
21.56 0 -0.00243481 -0.00397004 -0.00420107
21.58 0 -0.00140499 -0.00190587 -0.00155726
21.6 0 0.000119154 0.000539137 0.00097809
21.62 0 0.00180552 0.00317942 0.00352423
21.64 0 0.00315152 0.00559251 0.00609272
21.66 0 0.00388575 0.00736741 0.00864721
21.68 0 0.00407439 0.0084007 0.0110776
21.7 0 0.00394735 0.00892748 0.0131297
21.72 0 0.00372109 0.00920246 0.0144249
21.74 0 0.00358261 0.0092653 0.0146655
21.76 0 0.00372893 0.00912939 0.0139091
21.78 0 0.00414395 0.00888686 0.0124815
21.8 0 0.0044239 0.00846525 0.0106588
21.82 0 0.00412254 0.00755085 0.00862697
21.84 0 0.00316006 0.00588631 0.00656148
21.86 0 0.00176991 0.00357535 0.00451595
21.88 0 0.000234095 0.00103463 0.00231344
21.9 0 -0.00118923 -0.00134478 -0.000303261
21.92 0 -0.00225436 -0.00345199 -0.00342856
21.94 0 -0.00287478 -0.00538599 -0.00693192
21.96 0 -0.00320901 -0.00718238 -0.0104955
21.98 0 -0.00353721 -0.00876462 -0.0137004
22 0 -0.00406369 -0.0101319 -0.0161728
22.02 0 -0.00472719 -0.0112916 -0.0176252
22.04 0 -0.00528383 -0.0120673 -0.0179221
22.06 0 -0.0056209 -0.0122479 -0.0172552
22.08 0 -0.00576524 -0.0118456 -0.0160627
22.1 0 -0.00568672 -0.0111139 -0.0147507
22.12 0 -0.00530285 -0.0102871 -0.0135372
22.14 0 -0.00453813 -0.00924331 -0.0123534
22.16 0 -0.00340201 -0.00764263 -0.0109063
22.18 0 -0.00204465 -0.00540734 -0.00888015
22.2 0 -0.000646045 -0.00279906 -0.00602344
22.22 0 0.000596756 -0.000170664 -0.00230516
22.24 0 0.00147115 0.00223975 0.00195716
22.26 0 0.00198968 0.00440851 0.00628434
22.28 0 0.00248144 0.0064563 0.0102654
22.3 0 0.00327175 0.00847536 0.013571
22.32 0 0.00435139 0.0103957 0.015916
22.34 0 0.00545307 0.0119926 0.0171786
22.36 0 0.00635719 0.0130619 0.017557
22.38 0 0.00698073 0.0135807 0.0174779
22.4 0 0.00721973 0.0136393 0.0172721
22.42 0 0.00690506 0.0132331 0.0169589
22.44 0 0.00602266 0.0122399 0.0163417
22.46 0 0.00485295 0.0106565 0.0152144
22.48 0 0.00372109 0.00870626 0.0133833
22.5 0 0.00276472 0.00667869 0.0107009
22.52 0 0.00204194 0.00475192 0.00727815
22.54 0 0.00155056 0.00290162 0.00349434
22.56 0 0.00105094 0.000936425 -0.000279236
22.58 0 0.000145665 -0.00135302 -0.00385586
22.6 0 -0.00133199 -0.00403169 -0.0071607
22.62 0 -0.00312172 -0.00692837 -0.0101466
22.64 0 -0.00480574 -0.00969701 -0.0128628
22.66 0 -0.00611188 -0.0119937 -0.0154508
22.68 0 -0.00694031 -0.0136787 -0.0179905
22.7 0 -0.00732627 -0.0148836 -0.0204137
22.72 0 -0.00739748 -0.0157807 -0.0224996
22.74 0 -0.00733071 -0.0163668 -0.0239548
22.76 0 -0.0072925 -0.0165588 -0.0245456
22.78 0 -0.00732338 -0.0163577 -0.0241611
22.8 0 -0.00730211 -0.0158027 -0.022818
22.82 0 -0.00702188 -0.0147825 -0.0206178
22.84 0 -0.00631347 -0.01305 -0.0177059
22.86 0 -0.00514349 -0.0105176 -0.0142614
22.88 0 -0.00361689 -0.00743512 -0.0104558
22.9 0 -0.00194869 -0.00422483 -0.00643476
22.92 0 -0.000421967 -0.00121458 -0.00235675
22.94 0 0.000781543 0.00148192 0.0016292
22.96 0 0.00175522 0.00393468 0.0054576
22.98 0 0.0027771 0.00632191 0.00913657
23 0 0.00398116 0.00876298 0.0125984
23.02 0 0.00522456 0.011152 0.0156447
23.04 0 0.00629477 0.0132057 0.0180988
23.06 0 0.00703305 0.0146155 0.0198552
23.08 0 0.00733186 0.0152164 0.0208256
23.1 0 0.00720409 0.0150925 0.0209753
23.12 0 0.00681639 0.0144809 0.0203647
23.14 0 0.00636706 0.0135731 0.0190996
23.16 0 0.00588189 0.0123786 0.0172197
23.18 0 0.00523334 0.0107957 0.0147296
23.2 0 0.00437327 0.00882071 0.011761
23.22 0 0.00331993 0.00652323 0.00849035
23.24 0 0.00197785 0.00384442 0.0049024
23.26 0 0.000270067 0.000657434 0.000858315
23.28 0 -0.001615 -0.00294177 -0.00363799
23.3 0 -0.00333332 -0.00655453 -0.00838668
23.32 0 -0.00464565 -0.00969165 -0.0130692
23.34 0 -0.00550696 -0.0120764 -0.0172961
23.36 0 -0.00608319 -0.0138426 -0.020754
23.38 0 -0.00665301 -0.0153397 -0.0232993
23.4 0 -0.00740708 -0.0167487 -0.0249141
23.42 0 -0.00835428 -0.0179945 -0.0256977
23.44 0 -0.00925912 -0.0188317 -0.0257698
23.46 0 -0.00964314 -0.0188959 -0.025108
23.48 0 -0.00909239 -0.0178456 -0.023608
23.5 0 -0.00763409 -0.0155901 -0.021255
23.52 0 -0.00562527 -0.0123224 -0.0180185
23.54 0 -0.00341827 -0.00840495 -0.0137329
23.56 0 -0.00138619 -0.00434921 -0.0084021
23.58 0 8.95539e-05 -0.000655072 -0.00243373
23.6 0 0.000933916 0.00245738 0.00354833
23.62 0 0.0015727 0.00516727 0.00903041
23.64 0 0.00267408 0.00796418 0.0137849
23.66 0 0.00455482 0.011232 0.0177538
23.68 0 0.00699028 0.0148928 0.021006
23.7 0 0.00951524 0.0184375 0.0237793
23.72 0 0.0115708 0.0211929 0.0262409
23.74 0 0.0125806 0.0227058 0.0282813
23.76 0 0.0122856 0.0229206 0.0296321
23.78 0 0.0110918 0.0220966 0.0301181
23.8 0 0.00982296 0.0206759 0.029671
23.82 0 0.00897852 0.0190832 0.0281212
23.84 0 0.00845433 0.0174685 0.025253
23.86 0 0.00796963 0.0156559 0.0211853
23.88 0 0.00737959 0.0133891 0.0164835
23.9 0 0.00648349 0.0105732 0.0117553
23.92 0 0.00498621 0.00733563 0.00733747
23.94 0 0.00279855 0.00381454 0.00328397
23.96 0 0.000174266 -3.63908e-05 -0.000606764
23.98 0 -0.00242017 -0.00417921 -0.00466757
24 0 -0.00457338 -0.00821066 -0.0091709
24.02 0 -0.00613917 -0.0116589 -0.0141922
24.04 0 -0.00715747 -0.0144348 -0.0194782
24.06 0 -0.00772625 -0.0167764 -0.0244614
24.08 0 -0.00811116 -0.0188771 -0.0285706
24.1 0 -0.00871704 -0.0207259 -0.0314872
24.12 0 -0.00973531 -0.0222454 -0.0331194
24.14 0 -0.0109257 -0.0233644 -0.0334836
24.16 0 -0.0118025 -0.023885 -0.032677
24.18 0 -0.011977 -0.0234844 -0.0309313
24.2 0 -0.0113448 -0.0219865 -0.0285865
24.22 0 -0.0100135 -0.0195349 -0.0258856
24.24 0 -0.00811575 -0.016409 -0.0227579
24.26 0 -0.0058286 -0.0127883 -0.0189095
24.28 0 -0.00348099 -0.00876151 -0.0141072
24.3 0 -0.00143699 -0.00450981 -0.00835706
24.32 0 0.000126518 -0.000392328 -0.00195295
24.34 0 0.00128158 0.00324885 0.00456341
24.36 0 0.00227321 0.00638453 0.0105591
24.38 0 0.00346552 0.00936808 0.0156026
24.4 0 0.0052087 0.0126154 0.0196466
24.42 0 0.00757888 0.0162023 0.0229393
24.44 0 0.0102252 0.0197476 0.0257632
24.46 0 0.012491 0.0226487 0.0282256
24.48 0 0.0137193 0.0244385 0.0302391
24.5 0 0.0135922 0.024892 0.0315898
24.52 0 0.0123963 0.0240396 0.0320621
24.54 0 0.010859 0.0222464 0.0314812
24.56 0 0.00959678 0.0201278 0.0296681
24.58 0 0.00882802 0.0181871 0.0265628
24.6 0 0.00838295 0.0163549 0.0223165
24.62 0 0.00781243 0.0140282 0.017235
24.64 0 0.00657843 0.0106526 0.0116562
24.66 0 0.00430619 0.00615144 0.00582541
24.68 0 0.00117744 0.000959634 -2.18262e-05
24.7 0 -0.00200652 -0.0042128 -0.00560401
24.72 0 -0.00444317 -0.00868584 -0.0107733
24.74 0 -0.00593595 -0.0120711 -0.0155935
24.76 0 -0.00671237 -0.0143711 -0.020024
24.78 0 -0.00697899 -0.0158553 -0.0236845
24.8 0 -0.0070343 -0.0169066 -0.0262007
24.82 0 -0.00727663 -0.0177433 -0.0274431
24.84 0 -0.00776778 -0.0182142 -0.0273512
24.86 0 -0.00824031 -0.0181108 -0.0260182
24.88 0 -0.00847614 -0.0174846 -0.0238814
24.9 0 -0.00833117 -0.016436 -0.0214721
24.92 0 -0.00766174 -0.0149103 -0.0191113
24.94 0 -0.00642724 -0.0128248 -0.0168497
24.96 0 -0.00470189 -0.0101645 -0.0144393
24.98 0 -0.002707 -0.00704639 -0.0114859
25 0 -0.000817515 -0.00372899 -0.00771986
25.02 0 0.000683014 -0.000447606 -0.00307448
25.04 0 0.0017185 0.00261229 0.00220969
25.06 0 0.00233072 0.00524526 0.00750511
25.08 0 0.00269464 0.00732883 0.0120322
25.1 0 0.0030917 0.00890167 0.0151781
25.12 0 0.00373603 0.0100841 0.0166731
25.14 0 0.00469724 0.0110259 0.0167127
25.16 0 0.00583912 0.0118028 0.0158584
25.18 0 0.00669183 0.0121881 0.0146285
25.2 0 0.00673831 0.0117998 0.0133439
25.22 0 0.00586124 0.0105017 0.0121903
25.24 0 0.00430349 0.00845536 0.0110606
25.26 0 0.00248198 0.00601435 0.00956773
25.28 0 0.000879404 0.00357457 0.00732331
25.3 0 -0.000148071 0.00137935 0.00416089
25.32 0 -0.000551573 -0.000514102 0.000247161
25.34 0 -0.000649189 -0.00222136 -0.00399472
25.36 0 -0.000921368 -0.00397317 -0.00803116
25.38 0 -0.00167469 -0.00594806 -0.0113605
25.4 0 -0.00292652 -0.00814358 -0.0137306
25.42 0 -0.00448721 -0.0103678 -0.0152714
25.44 0 -0.00601592 -0.0123032 -0.0163445
25.46 0 -0.00703655 -0.0135811 -0.017209
25.48 0 -0.00716497 -0.01395 -0.0178961
25.5 0 -0.0064658 -0.0134579 -0.018346
25.52 0 -0.00539109 -0.012386 -0.0184088
25.54 0 -0.00437238 -0.0110469 -0.0177759
25.56 0 -0.00362633 -0.00966336 -0.0161473
25.58 0 -0.00316868 -0.00825736 -0.013442
25.6 0 -0.00290322 -0.00671709 -0.00992817
25.62 0 -0.00269255 -0.00503379 -0.00619558
25.64 0 -0.00236934 -0.00337586 -0.00291431
25.66 0 -0.00177222 -0.00188838 -0.000538483
25.68 0 -0.000662768 -0.000300552 0.00106134
25.7 0 0.00114958 0.00198081 0.00259443
25.72 0 0.00341164 0.00513205 0.00478771
25.74 0 0.00545453 0.0085424 0.0079488
25.76 0 0.00663736 0.0112827 0.0119008
25.78 0 0.00665881 0.0127731 0.016017
25.8 0 0.0057049 0.0130264 0.0193841
25.82 0 0.00452117 0.0125482 0.0212364
25.84 0 0.0040136 0.0120121 0.0212578
25.86 0 0.0045305 0.0118088 0.0195363
25.88 0 0.00562645 0.0117933 0.0164912
25.9 0 0.0065014 0.011429 0.0128622
25.92 0 0.00650563 0.0101929 0.00948284
25.94 0 0.00530653 0.00789143 0.00682349
25.96 0 0.00300391 0.00474616 0.00477962
25.98 0 0.000160459 0.0011891 0.00279174
26 0 -0.00248361 -0.00242344 9.54173e-05
26.02 0 -0.00437733 -0.00582847 -0.00388454
26.04 0 -0.0053282 -0.00878617 -0.00915995
26.06 0 -0.00552242 -0.011213 -0.0151393
26.08 0 -0.00544818 -0.0132756 -0.0209019
26.1 0 -0.00556324 -0.015114 -0.0254379
26.12 0 -0.0060972 -0.0166724 -0.0279813
26.14 0 -0.00719336 -0.0179683 -0.0284843
26.16 0 -0.0088208 -0.0191535 -0.027596
26.18 0 -0.0105156 -0.0201428 -0.0260987
26.2 0 -0.0113889 -0.020321 -0.0243684
26.22 0 -0.0106819 -0.0189583 -0.0224159
26.24 0 -0.00851704 -0.0160288 -0.0202923
26.26 0 -0.00575431 -0.0122842 -0.0179949
26.28 0 -0.00329099 -0.00868731 -0.0152568
26.3 0 -0.00174436 -0.00591256 -0.0118226
26.32 0 -0.0012361 -0.00398678 -0.00766834
26.34 0 -0.00127768 -0.00234516 -0.00299553
26.36 0 -0.00104761 -0.000292307 0.00183675
26.38 0 0.000141819 0.00265364 0.00650632
26.4 0 0.00237313 0.0065199 0.0108094
26.42 0 0.00507648 0.0107729 0.0146606
26.44 0 0.0074963 0.0145699 0.0181205
26.46 0 0.00907355 0.0172023 0.0212438
26.48 0 0.00970371 0.0186306 0.0240587
26.5 0 0.00975909 0.0195028 0.026618
26.52 0 0.00976372 0.0204448 0.0288672
26.54 0 0.0100841 0.021564 0.0306165
26.56 0 0.0106048 0.0224274 0.0314858
26.58 0 0.0107579 0.0223637 0.03097
26.6 0 0.010101 0.0209423 0.0288105
26.62 0 0.00867337 0.0181819 0.0251518
26.64 0 0.00683389 0.0144822 0.0203649
26.66 0 0.00491072 0.0103778 0.0148087
26.68 0 0.00297668 0.00616902 0.00868948
26.7 0 0.000979432 0.00184004 0.00217682
26.72 0 -0.00102431 -0.00262892 -0.00440867
26.74 0 -0.00295227 -0.00704901 -0.0106897
26.76 0 -0.00483466 -0.0111347 -0.0164036
26.78 0 -0.00664361 -0.0146687 -0.0213349
26.8 0 -0.00824992 -0.0176174 -0.0253152
26.82 0 -0.00972902 -0.0201951 -0.0284582
26.84 0 -0.011197 -0.0225272 -0.0309759
26.86 0 -0.0124861 -0.0244248 -0.0328842
26.88 0 -0.0133474 -0.025671 -0.0341506
26.9 0 -0.0135721 -0.0260947 -0.0347032
26.92 0 -0.0131706 -0.0256668 -0.0345153
26.94 0 -0.0124654 -0.0246327 -0.0337053
26.96 0 -0.0117032 -0.0232621 -0.0322861
26.98 0 -0.0109357 -0.0217037 -0.0301801
27 0 -0.0101674 -0.0199743 -0.0274111
27.02 0 -0.00932279 -0.017925 -0.0240633
27.04 0 -0.00822137 -0.0153625 -0.0202049
27.06 0 -0.00672524 -0.0122568 -0.0159389
27.08 0 -0.00486071 -0.00877015 -0.0114277
27.1 0 -0.00278403 -0.00507659 -0.00679499
27.12 0 -0.000717529 -0.00130586 -0.00209613
27.14 0 0.00113646 0.00235955 0.00262692
27.16 0 0.00268767 0.00570935 0.0073097
27.18 0 0.00395501 0.00862917 0.0118187
27.2 0 0.00501451 0.0111567 0.015939
27.22 0 0.00599251 0.0134186 0.0194631
27.24 0 0.00701894 0.0154936 0.0222727
27.26 0 0.00807325 0.0172824 0.0242897
27.28 0 0.00889554 0.0184689 0.0253719
27.3 0 0.0091853 0.0187338 0.025399
27.32 0 0.00891983 0.0180961 0.0244938
27.34 0 0.00826916 0.0168184 0.0228933
27.36 0 0.00728131 0.0150077 0.0206221
27.38 0 0.00597864 0.0126322 0.0175972
27.4 0 0.00452593 0.00976444 0.0138553
27.42 0 0.00303172 0.00655339 0.00946609
27.44 0 0.0014903 0.00314282 0.00452384
27.46 0 -6.91678e-05 -0.000353772 -0.000745834
27.48 0 -0.00158405 -0.00385411 -0.00602406
27.5 0 -0.00303325 -0.00723484 -0.0109948
27.52 0 -0.00451252 -0.0104112 -0.0154883
27.54 0 -0.00610263 -0.0133903 -0.0194602
27.56 0 -0.0076533 -0.0161174 -0.0228213
27.58 0 -0.0089336 -0.0184074 -0.0254747
27.6 0 -0.00986556 -0.0200615 -0.0274252
27.62 0 -0.010605 -0.0211889 -0.028883
27.64 0 -0.0112717 -0.0221061 -0.0300524
27.66 0 -0.0114587 -0.0225719 -0.0305909
27.68 0 -0.0107197 -0.0218795 -0.0299309
27.7 0 -0.00939276 -0.0198777 -0.0280529
27.72 0 -0.008074 -0.0171557 -0.0252107
27.74 0 -0.0068473 -0.0143385 -0.0214117
27.76 0 -0.00561438 -0.0116216 -0.0167253
27.78 0 -0.00444444 -0.00877714 -0.0115527
27.8 0 -0.00325566 -0.0054931 -0.00630594
27.82 0 -0.00177314 -0.00186062 -0.00125263
27.84 0 7.3786e-05 0.00168565 0.00336149
27.86 0 0.00205714 0.00494411 0.0073983
27.88 0 0.00384404 0.00797963 0.0108909
27.9 0 0.00517446 0.0106208 0.0138945
27.92 0 0.00598592 0.0124704 0.0164138
27.94 0 0.00640397 0.0134659 0.0184449
27.96 0 0.00654494 0.0139588 0.0198937
27.98 0 0.00645088 0.014203 0.0205504
28 0 0.0062502 0.0141128 0.0202984
28.02 0 0.00606293 0.0134849 0.0191651
28.04 0 0.00579488 0.0123035 0.017228
28.06 0 0.00527436 0.0107635 0.0146563
28.08 0 0.004457 0.00897057 0.0117074
28.1 0 0.00334748 0.00676013 0.0085335
28.12 0 0.00189458 0.00393177 0.00506858
28.14 0 0.000116693 0.000570424 0.00116865
28.16 0 -0.00173409 -0.00293977 -0.00316063
28.18 0 -0.00325767 -0.00614573 -0.00767742
28.2 0 -0.00429647 -0.00884283 -0.0121004
28.22 0 -0.00515525 -0.011246 -0.0163274
28.24 0 -0.00625561 -0.0137538 -0.0203343
28.26 0 -0.00761693 -0.0164302 -0.0238947
28.28 0 -0.00876683 -0.018683 -0.0264792
28.3 0 -0.00927301 -0.0197363 -0.0276445
28.32 0 -0.00915236 -0.0194102 -0.0273993
28.34 0 -0.00854775 -0.0180549 -0.0259015
28.36 0 -0.0075048 -0.0160167 -0.0232062
28.38 0 -0.00622615 -0.013493 -0.0195016
28.4 0 -0.00501397 -0.0106337 -0.0151547
28.42 0 -0.00382478 -0.00751129 -0.0103921
28.44 0 -0.0022627 -0.00401854 -0.00519521
28.46 0 -0.000117702 5.28061e-05 0.000440188
28.48 0 0.00232766 0.00467566 0.00630696
28.5 0 0.00465323 0.00940547 0.0121464
28.52 0 0.00669106 0.0136578 0.0178125
28.54 0 0.00827086 0.0169721 0.0229685
28.56 0 0.00909089 0.0191146 0.0269624
28.58 0 0.0091656 0.0201422 0.0292881
28.6 0 0.00897194 0.0202989 0.0298934
28.62 0 0.00893628 0.0198302 0.0289682
28.64 0 0.00895444 0.0188373 0.0266645
28.66 0 0.00862195 0.0172541 0.023196
28.68 0 0.00774623 0.0149625 0.019023
28.7 0 0.00640946 0.0119777 0.014689
28.72 0 0.00469908 0.00852223 0.0104737
28.74 0 0.00261482 0.00483531 0.00626809
28.76 0 0.000312113 0.00101928 0.00183116
28.78 0 -0.00176707 -0.00279046 -0.00287997
28.8 0 -0.00325326 -0.00626938 -0.00771066
28.82 0 -0.00425677 -0.00917183 -0.0125223
28.84 0 -0.00514478 -0.0116071 -0.0171336
28.86 0 -0.00601315 -0.0137956 -0.0210981
28.88 0 -0.00674236 -0.015709 -0.0239053
28.9 0 -0.00732483 -0.0170418 -0.0253235
28.92 0 -0.00774566 -0.0174372 -0.0253422
28.94 0 -0.00783726 -0.0168285 -0.0240578
28.96 0 -0.00754794 -0.0155945 -0.0218268
28.98 0 -0.00702634 -0.0141562 -0.0191861
29 0 -0.00627728 -0.0124631 -0.0164212
29.02 0 -0.00519083 -0.0102787 -0.0135576
29.04 0 -0.00381484 -0.0076882 -0.0106029
29.06 0 -0.00231013 -0.00498787 -0.00752413
29.08 0 -0.000909545 -0.00242832 -0.00429923
29.1 0 0.000124653 -0.000178057 -0.00103921
29.12 0 0.000693353 0.00162633 0.00203312
29.14 0 0.000956436 0.00292443 0.00467493
29.16 0 0.00116572 0.00380715 0.00665508
29.18 0 0.0014599 0.00445541 0.00778494
29.2 0 0.00188633 0.00501749 0.00806783
29.22 0 0.00244189 0.00551202 0.00775436
29.24 0 0.00297204 0.00581121 0.00716596
29.26 0 0.00317007 0.00572742 0.00650472
29.28 0 0.00279506 0.0051111 0.0058071
29.3 0 0.00184914 0.00387874 0.00494202
29.32 0 0.000583296 0.00209692 0.00367125
29.34 0 -0.000560538 0.000151935 0.00187273
29.36 0 -0.00114153 -0.00135266 -0.000300413
29.38 0 -0.00104761 -0.00207371 -0.00252975
29.4 0 -0.000625203 -0.00226274 -0.00451941
29.42 0 -0.00037642 -0.00247802 -0.0060052
29.44 0 -0.000583575 -0.00302591 -0.00675383
29.46 0 -0.00130125 -0.00386926 -0.00680591
29.48 0 -0.00240187 -0.00487351 -0.00656904
29.5 0 -0.00349439 -0.00587978 -0.00652125
29.52 0 -0.00408323 -0.00664878 -0.00693203
29.54 0 -0.00388545 -0.00687251 -0.00776378
29.56 0 -0.00297943 -0.00634442 -0.00867323
29.58 0 -0.00176543 -0.00520662 -0.00915778
29.6 0 -0.00075445 -0.00392073 -0.00876635
29.62 0 -0.000322369 -0.0029341 -0.00731086
29.64 0 -0.000651756 -0.00249643 -0.00510604
29.66 0 -0.00165136 -0.00267379 -0.002929
29.68 0 -0.00282356 -0.00330511 -0.00158636
29.7 0 -0.00344801 -0.00395406 -0.00149118
29.72 0 -0.00305426 -0.00407887 -0.00253259
29.74 0 -0.0017247 -0.00337711 -0.00413843
29.76 0 -2.41653e-05 -0.0020414 -0.00546507
29.78 0 0.0012278 -0.000765328 -0.00582264
29.8 0 0.00142318 -0.0002165 -0.00493098
29.82 0 0.000645677 -0.000362802 -0.0028547
29.84 0 -0.000495189 -0.000607881 -8.04338e-05
29.86 0 -0.00136227 -0.000473524 0.00250005
29.88 0 -0.00148016 0.000132073 0.00407996
29.9 0 -0.00061759 0.00114132 0.00443586
29.92 0 0.000973337 0.00245156 0.00391147
29.94 0 0.00260876 0.00382621 0.00314595
29.96 0 0.00368234 0.00492616 0.00288331
29.98 0 0.00393756 0.00547778 0.00363495
30 0 0.00342367 0.00549832 0.00538568
30.02 0 0.00248502 0.00532983 0.00764915
30.04 0 0.00160878 0.00526519 0.00965057
30.06 0 0.00125538 0.00538134 0.010703
30.08 0 0.00172958 0.00577269 0.0106286
30.1 0 0.0028647 0.006481 0.0096902
30.12 0 0.00395934 0.00714167 0.00825626
30.14 0 0.0042934 0.00707329 0.00668844
30.16 0 0.00364134 0.00589213 0.00532725
30.18 0 0.00240877 0.00407536 0.0044749
30.2 0 0.00132854 0.00270353 0.00428947
30.22 0 0.000884906 0.00244946 0.00458623
30.24 0 0.00116138 0.00313564 0.00503658
30.26 0 0.00196096 0.00417746 0.00548368
30.28 0 0.00278607 0.00504627 0.00586105
30.3 0 0.00308415 0.00541972 0.0060898
30.32 0 0.00263042 0.00508371 0.00605948
30.34 0 0.00160498 0.00392259 0.00558191
30.36 0 0.000468518 0.00221015 0.00450275
30.38 0 -0.000275163 0.000646737 0.0028602
30.4 0 -0.000373017 -0.000186523 0.000881742
30.42 0 2.76624e-05 -0.000352349 -0.0011173
30.44 0 0.000515547 -0.000381177 -0.00278069
30.46 0 0.000649784 -0.000709974 -0.0038135
30.48 0 0.000167495 -0.00141464 -0.00414595
30.5 0 -0.000813804 -0.00230818 -0.00394582
30.52 0 -0.00189939 -0.00321617 -0.00360442
30.54 0 -0.00268272 -0.00402471 -0.00359632
30.56 0 -0.00291878 -0.00456916 -0.00421423
30.58 0 -0.00266066 -0.00478345 -0.00548235
30.6 0 -0.00212902 -0.00476888 -0.00708395
30.62 0 -0.0014898 -0.00459534 -0.0083671
30.64 0 -0.00100049 -0.00432894 -0.00879132
30.66 0 -0.00104044 -0.00417308 -0.00831064
30.68 0 -0.00165304 -0.00427438 -0.00717886
30.7 0 -0.0024212 -0.00452783 -0.00574669
30.72 0 -0.00287064 -0.00462514 -0.00445034
30.74 0 -0.00269093 -0.00418076 -0.00358217
30.76 0 -0.0017852 -0.00300155 -0.00307978
30.78 0 -0.000412404 -0.00134588 -0.00265835
30.8 0 0.000930573 0.000304218 -0.00194882
30.82 0 0.00183116 0.0016646 -0.000599571
30.84 0 0.00206289 0.00264148 0.00143466
30.86 0 0.00167867 0.00320255 0.00380667
30.88 0 0.00109982 0.00346575 0.00602284
30.9 0 0.000845704 0.00372094 0.00763119
30.92 0 0.00117542 0.00425334 0.00834554
30.94 0 0.00202754 0.00512878 0.00821122
30.96 0 0.00307855 0.00606707 0.00757079
30.98 0 0.00381083 0.00655015 0.00679386
31 0 0.00376772 0.00619294 0.00609434
31.02 0 0.00291151 0.00507125 0.00556022
31.04 0 0.00169515 0.00366174 0.00518326
31.06 0 0.000676506 0.00244274 0.00476646
31.08 0 9.78187e-05 0.00155838 0.00393347
31.1 0 -0.000124532 0.000825954 0.0023901
31.12 0 -0.000163995 2.17795e-06 0.000193852
31.14 0 -0.000163991 -0.000971541 -0.00224722
31.16 0 -0.000258626 -0.00196002 -0.00441114
31.18 0 -0.000586155 -0.00285455 -0.00594083
31.2 0 -0.001246 -0.00376304 -0.00681793
31.22 0 -0.00217395 -0.00484565 -0.00728634
31.24 0 -0.00307263 -0.0059704 -0.00761425
31.26 0 -0.00358414 -0.00672328 -0.00796561
31.28 0 -0.00347852 -0.00673916 -0.00832783
31.3 0 -0.00274521 -0.0059751 -0.00848821
31.32 0 -0.00171235 -0.00477722 -0.0082166
31.34 0 -0.000944767 -0.0036864 -0.00744849
31.36 0 -0.000821073 -0.0030875 -0.00626041
31.38 0 -0.00122323 -0.00295882 -0.00477968
31.4 0 -0.00168196 -0.00291943 -0.00319561
31.42 0 -0.00180012 -0.00257783 -0.00181617
31.44 0 -0.00149817 -0.0018859 -0.000984604
31.46 0 -0.000914267 -0.00112454 -0.000840231
31.48 0 -0.000255854 -0.00059446 -0.00120841
31.5 0 0.000239128 -0.000386731 -0.00174144
31.52 0 0.000385139 -0.000414311 -0.00211166
31.54 0 0.000156089 -0.000599415 -0.00214794
31.56 0 -0.000269203 -0.000887048 -0.00184585
31.58 0 -0.000638036 -0.00114412 -0.00134344
31.6 0 -0.000878686 -0.00128987 -0.000964723
31.62 0 -0.00105336 -0.00141721 -0.00105443
31.64 0 -0.00109511 -0.00161533 -0.00165263
31.66 0 -0.00087243 -0.00178677 -0.00247608
31.68 0 -0.000469795 -0.00175893 -0.00319323
31.7 0 -0.000177056 -0.00155416 -0.0036069
31.72 0 -0.00017447 -0.001407 -0.00361247
31.74 0 -0.000329773 -0.00139885 -0.00310224
31.76 0 -0.000413345 -0.00127895 -0.0020764
31.78 0 -0.000415058 -0.000845314 -0.000833963
31.8 0 -0.000393307 -0.000235332 0.000223778
31.82 0 -0.000225905 0.000302796 0.000933688
31.84 0 0.000193441 0.000733604 0.00135134
31.86 0 0.000744231 0.00123944 0.00159881
31.88 0 0.00120443 0.00188871 0.00181558
31.9 0 0.00149494 0.00249354 0.00218102
31.92 0 0.00169842 0.00291219 0.00287246
31.94 0 0.00186954 0.00329189 0.00392684
31.96 0 0.00200509 0.00388789 0.00521903
31.98 0 0.00213779 0.00469082 0.00653988
32 0 0.00231734 0.00539813 0.00765619
32.02 0 0.00245211 0.00569417 0.00828614
32.04 0 0.00228336 0.00538718 0.0080898
32.06 0 0.00175515 0.00448435 0.00693942
32.08 0 0.00127588 0.00333981 0.0051974
32.1 0 0.00121673 0.0024494 0.00340679
32.12 0 0.00129504 0.00186727 0.00172805
32.14 0 0.000921005 0.00107147 -1.27541e-06
32.16 0 -6.76093e-05 -0.000473068 -0.00185939
32.18 0 -0.00135336 -0.00270178 -0.0037933
32.2 0 -0.0025424 -0.00493577 -0.00578202
32.22 0 -0.00335287 -0.00648893 -0.00781034
32.24 0 -0.00360381 -0.00722018 -0.00972771
32.26 0 -0.00342912 -0.00757822 -0.0113882
32.28 0 -0.00327333 -0.00804981 -0.0127294
32.3 0 -0.00330053 -0.00848179 -0.0134431
32.32 0 -0.00320275 -0.00824655 -0.0129957
32.34 0 -0.00272423 -0.00701598 -0.0111475
32.36 0 -0.00197978 -0.0050609 -0.00818119
32.38 0 -0.00117288 -0.00283724 -0.00458346
32.4 0 -0.0002833 -0.00051093 -0.000696681
32.42 0 0.000800823 0.00200379 0.003252
32.44 0 0.00200603 0.00465147 0.00696425
32.46 0 0.00307163 0.00702748 0.0100587
32.48 0 0.00382192 0.00868303 0.0122827
32.5 0 0.00429316 0.00954705 0.0136283
32.52 0 0.0045625 0.0098903 0.0141918
32.54 0 0.00464812 0.00995701 0.0140664
32.56 0 0.00452569 0.00968589 0.0133147
32.58 0 0.00410426 0.00878439 0.0119172
32.6 0 0.00323836 0.00703436 0.00975841
32.62 0 0.00187209 0.00446333 0.00670885
32.64 0 0.00021782 0.00133158 0.00279383
32.66 0 -0.00133762 -0.00197241 -0.00174961
32.68 0 -0.00254372 -0.00507764 -0.0065713
32.7 0 -0.00346884 -0.0078124 -0.0113295
32.72 0 -0.00441868 -0.0103333 -0.0157729
32.74 0 -0.0056708 -0.0129709 -0.0197513
32.76 0 -0.00724757 -0.0158438 -0.0231707
32.78 0 -0.00882318 -0.0185287 -0.0258514
32.8 0 -0.00983603 -0.0201876 -0.0274504
32.82 0 -0.00982504 -0.0201888 -0.0276377
32.84 0 -0.00878486 -0.0185818 -0.0263291
32.86 0 -0.00716724 -0.0159288 -0.0236685
32.88 0 -0.00550344 -0.0128097 -0.0198322
32.9 0 -0.00411363 -0.00958924 -0.0150086
32.92 0 -0.00298185 -0.00637202 -0.00945628
32.94 0 -0.001713 -0.00289808 -0.00339401
32.96 0 0.000149179 0.00127437 0.00301679
32.98 0 0.00259704 0.00617726 0.00945675
33 0 0.00519475 0.011209 0.0154969
33.02 0 0.00747905 0.0155356 0.0208051
33.04 0 0.00900644 0.0184695 0.0249869
33.06 0 0.00949304 0.0197708 0.0275973
33.08 0 0.00912271 0.019732 0.0284529
33.1 0 0.0083694 0.0187502 0.0275937
33.12 0 0.00755327 0.0170022 0.0250864
33.14 0 0.00661976 0.0144755 0.0209862
33.16 0 0.00528602 0.0110659 0.0154219
33.18 0 0.00336556 0.00669294 0.00869945
33.2 0 0.000973571 0.00151548 0.00132882
33.22 0 -0.00138648 -0.00374663 -0.00589925
33.24 0 -0.00336228 -0.00829676 -0.0123516
33.26 0 -0.00523562 -0.012135 -0.0180406
33.28 0 -0.00694468 -0.0153796 -0.0227613
33.3 0 -0.00783141 -0.0175509 -0.0257712
33.32 0 -0.00792559 -0.0183414 -0.0269026
33.34 0 -0.00793258 -0.0181041 -0.0266876
33.36 0 -0.00827618 -0.017657 -0.0257245
33.38 0 -0.0087506 -0.0175618 -0.0243514
33.4 0 -0.00884081 -0.0174218 -0.0226459
33.42 0 -0.0084115 -0.0165306 -0.0208445
33.44 0 -0.00759265 -0.0147741 -0.019204
33.46 0 -0.00635083 -0.0126084 -0.0175846
33.48 0 -0.00473264 -0.0104332 -0.0156084
33.5 0 -0.00319802 -0.00827872 -0.0130927
33.52 0 -0.00244073 -0.00634176 -0.0103282
33.54 0 -0.00253389 -0.00504069 -0.00764913
33.56 0 -0.00265365 -0.00425439 -0.00500624
33.58 0 -0.0020716 -0.00316567 -0.00233568
33.6 0 -0.000897842 -0.00116237 9.28798e-05
33.62 0 0.000388094 0.00137107 0.00201358
33.64 0 0.00153173 0.00342128 0.00350846
33.66 0 0.00233846 0.00439008 0.00476339
33.68 0 0.00263677 0.00469657 0.00591484
33.7 0 0.00256764 0.00514852 0.00710359
33.72 0 0.00241461 0.00580495 0.00824306
33.74 0 0.00228402 0.0060404 0.00894818
33.76 0 0.00207407 0.00551362 0.00880281
33.78 0 0.00165291 0.00447086 0.00759944
33.8 0 0.00112026 0.00328393 0.00549344
33.82 0 0.00072617 0.00205471 0.00290944
33.84 0 0.000487263 0.000707036 0.000245597
33.86 0 0.000136554 -0.000733877 -0.00224212
33.88 0 -0.000501512 -0.00212469 -0.00433596
33.9 0 -0.00127851 -0.00335603 -0.00582427
33.92 0 -0.00185951 -0.00427578 -0.00655984
33.94 0 -0.00200144 -0.00456822 -0.00650499
33.96 0 -0.00170749 -0.00400162 -0.0057502
33.98 0 -0.00112016 -0.00273212 -0.00443115
34 0 -0.000438133 -0.00126637 -0.00271482
34.02 0 5.21965e-05 -0.000129762 -0.000895395
34.04 0 4.98377e-05 0.000362095 0.000569139
34.06 0 -0.000561267 3.50596e-05 0.00114515
34.08 0 -0.00157213 -0.00117711 0.000421414
34.1 0 -0.00260633 -0.00311497 -0.00175557
34.12 0 -0.00334753 -0.00530566 -0.00517456
34.14 0 -0.00362823 -0.0071661 -0.00921387
34.16 0 -0.00351108 -0.00841869 -0.0130343
34.18 0 -0.00331001 -0.00922522 -0.0158986
34.2 0 -0.00340979 -0.00989279 -0.017383
34.22 0 -0.0039647 -0.0105063 -0.0173935
34.24 0 -0.00486753 -0.0109851 -0.0162396
34.26 0 -0.00589843 -0.0113451 -0.0146529
34.28 0 -0.00676493 -0.0116858 -0.0134828
34.3 0 -0.00718245 -0.0120342 -0.0133225
34.32 0 -0.00688994 -0.0121462 -0.014163
34.34 0 -0.00572901 -0.0115401 -0.0153153
34.36 0 -0.00391323 -0.00993602 -0.0158036
34.38 0 -0.00198888 -0.00752605 -0.0147792
34.4 0 -0.000493055 -0.00479042 -0.0117603
34.42 0 0.00033097 -0.00210725 -0.00678048
34.44 0 0.000627154 0.000491237 -0.000431102
34.46 0 0.000817897 0.00318985 0.00626888
34.48 0 0.00141833 0.00612062 0.0122479
34.5 0 0.00274999 0.00921161 0.0167457
34.52 0 0.00470604 0.0122117 0.0194964
34.54 0 0.0068086 0.0147629 0.020723
34.56 0 0.00846271 0.01645 0.0209262
34.58 0 0.009285 0.017056 0.020693
34.6 0 0.00922014 0.0167708 0.0205054
34.62 0 0.00843683 0.0159864 0.0205205
34.64 0 0.00733006 0.0150292 0.0206059
34.66 0 0.00641566 0.0141175 0.0205113
34.68 0 0.00600013 0.0134028 0.0199604
34.7 0 0.00591029 0.0127996 0.0186445
34.72 0 0.00564743 0.0118265 0.0163051
34.74 0 0.00495999 0.0100371 0.0130621
34.76 0 0.00408756 0.00765332 0.00952855
34.78 0 0.00330384 0.00540706 0.00635586
34.8 0 0.00249611 0.00367305 0.00373436
34.82 0 0.00144399 0.00210006 0.00149132
34.84 0 0.000160297 0.000126575 -0.000618805
34.86 0 -0.00123592 -0.00236203 -0.00287833
34.88 0 -0.00253997 -0.00483568 -0.00543529
34.9 0 -0.00342969 -0.00665728 -0.00814894
34.92 0 -0.00380396 -0.00782742 -0.0108268
34.94 0 -0.00387491 -0.00879074 -0.0132855
34.96 0 -0.00393203 -0.00974433 -0.0152465
34.98 0 -0.00427823 -0.0106512 -0.0165568
35 0 -0.004994 -0.0114938 -0.0172332
35.02 0 -0.00573071 -0.012178 -0.0172749
35.04 0 -0.00602409 -0.0124003 -0.0166969
35.06 0 -0.00561796 -0.0117092 -0.0155322
35.08 0 -0.00448702 -0.00983225 -0.0137119
35.1 0 -0.00284009 -0.00702134 -0.0111141
35.12 0 -0.00110699 -0.00392035 -0.00771581
35.14 0 0.000235157 -0.00109916 -0.00368497
35.16 0 0.000951514 0.00121557 0.000631018
35.18 0 0.00130482 0.0031909 0.00489593
35.2 0 0.00187038 0.00522513 0.00887989
35.22 0 0.00294101 0.00753987 0.0123014
35.24 0 0.00435303 0.00998137 0.0148949
35.26 0 0.0058147 0.0121953 0.0166767
35.28 0 0.00704213 0.0138391 0.0178814
35.3 0 0.00779829 0.0147883 0.0187634
35.32 0 0.00800702 0.0151872 0.0195034
35.34 0 0.00770092 0.0151525 0.0200603
35.36 0 0.00699905 0.0146131 0.0201733
35.38 0 0.00612785 0.0135091 0.0195399
35.4 0 0.0052548 0.0119198 0.0178925
35.42 0 0.00439824 0.00997963 0.0150863
35.44 0 0.00357041 0.00779141 0.0112805
35.46 0 0.00280506 0.00541335 0.00692793
35.48 0 0.002016 0.00290001 0.00254105
35.5 0 0.00100827 0.000324246 -0.00149627
35.52 0 -0.000352847 -0.00230373 -0.00501283
35.54 0 -0.00197957 -0.00499931 -0.00801437
35.56 0 -0.00353932 -0.0075713 -0.0105491
35.58 0 -0.00471992 -0.00965504 -0.0127068
35.6 0 -0.00548481 -0.0110958 -0.0146747
35.62 0 -0.00593311 -0.0120867 -0.0165676
35.64 0 -0.00611285 -0.0128773 -0.0182668
35.66 0 -0.00608167 -0.0134673 -0.0195135
35.68 0 -0.00592425 -0.0136082 -0.0200302
35.7 0 -0.00569416 -0.0131397 -0.0196237
35.72 0 -0.0054484 -0.012264 -0.018327
35.74 0 -0.00523227 -0.0113079 -0.0163849
35.76 0 -0.00499702 -0.0103198 -0.0140985
35.78 0 -0.00462942 -0.00911574 -0.011752
35.8 0 -0.00398422 -0.0075587 -0.00951899
35.82 0 -0.00290083 -0.00560954 -0.00733342
35.84 0 -0.00141393 -0.00329811 -0.00499525
35.86 0 0.000101134 -0.000815944 -0.00240949
35.88 0 0.00125248 0.0015172 0.000426775
35.9 0 0.0020104 0.00350886 0.00354646
35.92 0 0.00256789 0.00521848 0.00687437
35.94 0 0.00311958 0.00690432 0.01017
35.96 0 0.00385388 0.00881113 0.0131951
35.98 0 0.00482872 0.0108464 0.0157389
36 0 0.00590246 0.0126509 0.0176449
36.02 0 0.00679846 0.0139137 0.0188487
36.04 0 0.00725576 0.0145111 0.0193674
36.06 0 0.00724517 0.0145132 0.0193415
36.08 0 0.00688264 0.0140069 0.0188815
36.1 0 0.0062807 0.0130404 0.0179607
36.12 0 0.00562368 0.0118114 0.0165939
36.14 0 0.00509144 0.010596 0.0148813
36.16 0 0.00466022 0.00944706 0.012875
36.18 0 0.00414074 0.00814202 0.0105747
36.2 0 0.00336811 0.00642823 0.00800782
36.22 0 0.00226269 0.00421801 0.00519153
36.24 0 0.000834321 0.00158386 0.00207203
36.26 0 -0.000735003 -0.00127876 -0.00137713
36.28 0 -0.00215314 -0.00410289 -0.00507174
36.3 0 -0.00325426 -0.00667327 -0.00887271
36.32 0 -0.00410564 -0.0089295 -0.012627
36.34 0 -0.00488654 -0.0109624 -0.0161403
36.36 0 -0.00570031 -0.0128702 -0.019164
36.38 0 -0.00656624 -0.0146502 -0.0215147
36.4 0 -0.00749603 -0.0162325 -0.0231959
36.42 0 -0.00843788 -0.0175298 -0.0243269
36.44 0 -0.00925545 -0.0184961 -0.0250484
36.46 0 -0.00982612 -0.0191634 -0.0255194
36.48 0 -0.0100372 -0.0195019 -0.0258146
36.5 0 -0.00968087 -0.0192108 -0.025721
36.52 0 -0.00856465 -0.0178378 -0.0247662
36.54 0 -0.0067394 -0.0151611 -0.0224685
36.56 0 -0.00455237 -0.0114236 -0.0185556
36.58 0 -0.00247844 -0.00720849 -0.0130677
36.6 0 -0.000817708 -0.00302435 -0.00633643
36.62 0 0.000416935 0.000929196 0.00101678
36.64 0 0.00143798 0.00465277 0.0081646
36.66 0 0.00263088 0.00823013 0.0143841
36.68 0 0.00433821 0.0117598 0.0192945
36.7 0 0.00650626 0.0151584 0.0227852
36.72 0 0.0086282 0.0180007 0.0248663
36.74 0 0.010149 0.0197618 0.0257187
36.76 0 0.0108358 0.0202823 0.0257435
36.78 0 0.0106737 0.019807 0.025296
36.8 0 0.00970111 0.018572 0.0243987
36.82 0 0.00819082 0.016672 0.0228872
36.84 0 0.00665191 0.0143076 0.0206621
36.86 0 0.00542143 0.0118149 0.0176535
36.88 0 0.00447872 0.00941859 0.0138297
36.9 0 0.00369325 0.00711027 0.00941494
36.92 0 0.00296422 0.00474642 0.00489698
36.94 0 0.00212818 0.00225677 0.000764121
36.96 0 0.000962275 -0.000289439 -0.00272199
36.98 0 -0.000723608 -0.00296729 -0.00569533
37 0 -0.00291033 -0.00607072 -0.00861509
37.02 0 -0.00523296 -0.00962718 -0.0118981
37.04 0 -0.00713672 -0.0130729 -0.0156346
37.06 0 -0.00820029 -0.0156479 -0.0195663
37.08 0 -0.00833768 -0.0170371 -0.0232076
37.1 0 -0.00782514 -0.0175075 -0.0260167
37.12 0 -0.00722883 -0.0175487 -0.027592
37.14 0 -0.00711575 -0.0175321 -0.0277845
37.16 0 -0.00766342 -0.017612 -0.0267081
37.18 0 -0.00853497 -0.0176851 -0.0246768
37.2 0 -0.00914795 -0.0173919 -0.0221336
37.22 0 -0.00909832 -0.0164118 -0.0196292
37.24 0 -0.00831303 -0.0147833 -0.0176473
37.26 0 -0.00685892 -0.0127374 -0.0162216
37.28 0 -0.00490075 -0.0103795 -0.0148662
37.3 0 -0.00285895 -0.0077449 -0.01297
37.32 0 -0.00126402 -0.00502253 -0.0101443
37.34 0 -0.000387604 -0.00255531 -0.00633017
37.36 0 -7.78205e-05 -0.000537784 -0.00179755
37.38 0 1.30705e-05 0.00115205 0.00283645
37.4 0 0.000148528 0.00271173 0.00671711
37.42 0 0.000529614 0.00415337 0.00915672
37.44 0 0.00133081 0.00536117 0.0100019
37.46 0 0.00252138 0.00631479 0.00964001
37.48 0 0.00375644 0.00710323 0.00874222
37.5 0 0.00460655 0.00772868 0.00800961
37.52 0 0.00486083 0.00806057 0.00797871
37.54 0 0.0045609 0.00803648 0.00882641
37.56 0 0.00382691 0.00772957 0.010209
37.58 0 0.0027995 0.00716797 0.0113533
37.6 0 0.00174516 0.00626295 0.0114553
37.62 0 0.000997992 0.00497847 0.0100575
37.64 0 0.000782759 0.00356105 0.00726613
37.66 0 0.00107675 0.00242556 0.00372143
37.68 0 0.00153981 0.00168112 0.000266257
37.7 0 0.0016237 0.000904108 -0.00245917
37.72 0 0.000908527 -0.000443105 -0.00420384
37.74 0 -0.000548542 -0.00237313 -0.00503992
37.76 0 -0.00226757 -0.00435533 -0.00532706
37.78 0 -0.00366872 -0.00583922 -0.00561669
37.8 0 -0.00435019 -0.0066697 -0.00639942
37.82 0 -0.00430074 -0.00712613 -0.00793574
37.84 0 -0.0038546 -0.00756163 -0.0101265
37.86 0 -0.00339498 -0.00805301 -0.0124521
37.88 0 -0.00312874 -0.00844241 -0.0141691
37.9 0 -0.00309097 -0.00857584 -0.0146826
37.92 0 -0.00329933 -0.00847453 -0.0138852
37.94 0 -0.00376189 -0.00828432 -0.0121869
37.96 0 -0.00429332 -0.00805005 -0.0101997
37.98 0 -0.00451786 -0.00762395 -0.00842824
38 0 -0.00409619 -0.00675351 -0.00710211
38.02 0 -0.00294029 -0.00525283 -0.00611555
38.04 0 -0.00132348 -0.00321799 -0.00513879
38.06 0 0.000225004 -0.0010687 -0.00381185
38.08 0 0.00122858 0.000711492 -0.00189433
38.1 0 0.00150575 0.00189069 0.000607452
38.12 0 0.00116102 0.00251088 0.00331829
38.14 0 0.000555713 0.00277646 0.00563859
38.16 0 0.000324999 0.00310985 0.00720381
38.18 0 0.000970644 0.00398261 0.00802825
38.2 0 0.00228898 0.00539531 0.00822057
38.22 0 0.00357161 0.00677119 0.00795794
38.24 0 0.00431322 0.00750877 0.00766599
38.26 0 0.00441589 0.00750469 0.00781522
38.28 0 0.00392755 0.00708371 0.00848999
38.3 0 0.00297314 0.00650778 0.00928475
38.32 0 0.00188561 0.00573033 0.0096002
38.34 0 0.00109236 0.00466828 0.00897294
38.36 0 0.000835663 0.00355162 0.00727951
38.38 0 0.00104745 0.00275218 0.00478753
38.4 0 0.00135572 0.00219093 0.00194891
38.42 0 0.00127464 0.00126112 -0.000826017
38.44 0 0.000497054 -0.000511295 -0.00326232
38.46 0 -0.000966339 -0.00297594 -0.00530957
38.48 0 -0.00277054 -0.00555206 -0.00713554
38.5 0 -0.00431518 -0.00767559 -0.0089269
38.52 0 -0.00504065 -0.0090153 -0.0107077
38.54 0 -0.0048031 -0.00946875 -0.0123354
38.56 0 -0.00391587 -0.00908093 -0.0135007
38.58 0 -0.00284003 -0.00801979 -0.013732
38.6 0 -0.00193887 -0.00658843 -0.0126057
38.62 0 -0.0014871 -0.00517539 -0.010109
38.64 0 -0.00163437 -0.00409744 -0.00678348
38.66 0 -0.00214471 -0.00334894 -0.00339934
38.68 0 -0.00237247 -0.00253543 -0.000527888
38.7 0 -0.0017125 -0.00114368 0.00161259
38.72 0 -6.19388e-05 0.00107382 0.00313763
38.74 0 0.00213811 0.00388603 0.00444697
38.76 0 0.00422316 0.00670449 0.00608545
38.78 0 0.00564693 0.00898154 0.00847722
38.8 0 0.0061504 0.0105461 0.0116659
38.82 0 0.00583308 0.0115517 0.0152374
38.84 0 0.00514316 0.0121867 0.0184726
38.86 0 0.00464284 0.012537 0.0206072
38.88 0 0.00463415 0.0126287 0.0210646
38.9 0 0.0050226 0.0124509 0.019673
38.92 0 0.0055263 0.0119427 0.0168272
38.94 0 0.00585909 0.0110058 0.0133511
38.96 0 0.00571343 0.00955985 0.010062
38.98 0 0.00483607 0.00762563 0.00742753
39 0 0.00320221 0.0052771 0.00543988
39.02 0 0.00108242 0.00255611 0.00366672
39.04 0 -0.00102058 -0.000390863 0.00152537
39.06 0 -0.00262573 -0.00322073 -0.00142364
39.08 0 -0.00355125 -0.00562881 -0.00531542
39.1 0 -0.00393955 -0.00762812 -0.00990056
39.12 0 -0.00408596 -0.00946346 -0.0145635
39.14 0 -0.00433988 -0.0113125 -0.0185826
39.16 0 -0.00504978 -0.0132048 -0.0215095
39.18 0 -0.00627942 -0.0150407 -0.0232175
39.2 0 -0.00764202 -0.0165699 -0.0237564
39.22 0 -0.00867681 -0.0175131 -0.0234195
39.24 0 -0.00914636 -0.0176837 -0.0226679
39.26 0 -0.00887492 -0.0169789 -0.0217513
39.28 0 -0.00778724 -0.0154436 -0.0206086
39.3 0 -0.00617022 -0.0133133 -0.0190799
39.32 0 -0.00455052 -0.0109035 -0.0169884
39.34 0 -0.00331058 -0.00851279 -0.014158
39.36 0 -0.0025504 -0.00637591 -0.0105897
39.38 0 -0.00219058 -0.00458049 -0.00662083
39.4 0 -0.00197184 -0.00296281 -0.00275827
39.42 0 -0.00147059 -0.0011882 0.000623192
39.44 0 -0.000382026 0.000962746 0.0033731
39.46 0 0.00119384 0.00338425 0.00550678
39.48 0 0.00282891 0.00571306 0.00718729
39.5 0 0.00413781 0.00763155 0.0087513
39.52 0 0.00495811 0.00905727 0.0105387
39.54 0 0.00525002 0.010056 0.0126013
39.56 0 0.00504992 0.0106563 0.0146202
39.58 0 0.00453616 0.0107867 0.0160808
39.6 0 0.00406525 0.0104941 0.016597
39.62 0 0.00397194 0.010077 0.0160871
39.64 0 0.00423691 0.00975885 0.0146556
39.66 0 0.00452781 0.00938521 0.0125394
39.68 0 0.0045581 0.00862939 0.0101784
39.7 0 0.00417299 0.00734237 0.00802386
39.72 0 0.00319701 0.00555139 0.0061619
39.74 0 0.00156075 0.00326236 0.00426257
39.76 0 -0.000414221 0.000497697 0.00191107
39.78 0 -0.00211503 -0.00244098 -0.00108813
39.8 0 -0.00311466 -0.00499319 -0.0046755
39.82 0 -0.00348973 -0.00684443 -0.00864162
39.84 0 -0.00364387 -0.00827643 -0.0126394
39.86 0 -0.00393622 -0.00980371 -0.0161688
39.88 0 -0.00454803 -0.0115691 -0.0187612
39.9 0 -0.0054904 -0.0132341 -0.0202067
39.92 0 -0.00653401 -0.0143561 -0.0205564
39.94 0 -0.00725984 -0.0147315 -0.0200157
39.96 0 -0.00730746 -0.014341 -0.0188471
39.98 0 -0.00660095 -0.0131599 -0.0172751
40 0 -0.00535113 -0.0112082 -0.0153904
40.02 0 -0.00383568 -0.00868773 -0.0130724
40.04 0 -0.00230036 -0.00596649 -0.0101222
40.06 0 -0.00101785 -0.00338534 -0.00652149
40.08 0 -0.00016973 -0.00106733 -0.00248814
40.1 0 0.000394146 0.00110545 0.00169408
40.12 0 0.00106277 0.00332767 0.00575493
40.14 0 0.00203894 0.00563146 0.00934258
40.16 0 0.0032073 0.00785236 0.0121169
40.18 0 0.0043826 0.00978125 0.0140006
40.2 0 0.00540729 0.0112304 0.0151552
40.22 0 0.00606378 0.0120406 0.0157452
40.24 0 0.00616934 0.0121602 0.0158646
40.26 0 0.00572038 0.0116255 0.0155347
40.28 0 0.00485372 0.0104569 0.014642
40.3 0 0.00380709 0.00876715 0.0130396
40.32 0 0.00283719 0.00683514 0.0106863
40.34 0 0.00201813 0.00485052 0.00760375
40.36 0 0.00123601 0.00274276 0.00388634
40.38 0 0.00040589 0.000408135 -0.00016327
40.4 0 -0.000450259 -0.00201873 -0.0040614
40.42 0 -0.00132476 -0.00424257 -0.00738301
40.44 0 -0.00226715 -0.00610608 -0.00994512
40.46 0 -0.00326488 -0.00768431 -0.0117782
40.48 0 -0.00424486 -0.0091305 -0.0130763
40.5 0 -0.00520649 -0.0105474 -0.0141991
40.52 0 -0.00615281 -0.0119505 -0.0155113
40.54 0 -0.00689534 -0.0132198 -0.0170985
40.56 0 -0.00715187 -0.0141171 -0.0187217
40.58 0 -0.00686282 -0.0144259 -0.0200309
40.6 0 -0.00623181 -0.0140583 -0.0206744
40.62 0 -0.00554032 -0.0131433 -0.0203532
40.64 0 -0.00495004 -0.0119222 -0.018871
40.66 0 -0.00441928 -0.0104467 -0.0161621
40.68 0 -0.0039144 -0.00865 -0.012502
40.7 0 -0.00348076 -0.00663782 -0.0085363
40.72 0 -0.00298343 -0.00462021 -0.00487361
40.74 0 -0.00206565 -0.00257609 -0.00173493
40.76 0 -0.000468811 -0.000133207 0.0010599
40.78 0 0.0016566 0.00300428 0.0038599
40.8 0 0.00376488 0.00647309 0.0068925
40.82 0 0.00527873 0.0093924 0.0101643
40.84 0 0.00590677 0.0111508 0.0134795
40.86 0 0.0057016 0.0118493 0.0164393
40.88 0 0.00513117 0.0120885 0.0186445
40.9 0 0.00488224 0.0124062 0.0198688
40.92 0 0.00523417 0.0128205 0.0199286
40.94 0 0.00583623 0.0129432 0.0187056
40.96 0 0.00612386 0.0123728 0.0163636
40.98 0 0.00578064 0.0109416 0.0133811
41 0 0.00488446 0.00884643 0.0103688
41.02 0 0.00369373 0.00654274 0.00775256
41.04 0 0.00234894 0.00434239 0.00551077
41.06 0 0.000914872 0.00220139 0.00329491
41.08 0 -0.000436268 -3.98734e-05 0.000780724
41.1 0 -0.00154054 -0.00237247 -0.00219188
41.12 0 -0.00233143 -0.00453691 -0.00553853
41.14 0 -0.00276252 -0.00620332 -0.00886114
41.16 0 -0.00287693 -0.0072854 -0.0116329
41.18 0 -0.00290895 -0.00799048 -0.0134788
41.2 0 -0.00313919 -0.0085501 -0.0142701
41.22 0 -0.00366004 -0.0090261 -0.0141004
41.24 0 -0.00436645 -0.00941076 -0.0133147
41.26 0 -0.00500976 -0.00967177 -0.0123848
41.28 0 -0.0052285 -0.00963133 -0.0116204
41.3 0 -0.00474612 -0.00900375 -0.0110389
41.32 0 -0.00362109 -0.00766946 -0.0104557
41.34 0 -0.00225951 -0.005889 -0.0096204
41.36 0 -0.0011227 -0.00413363 -0.00826868
41.38 0 -0.000469056 -0.00272619 -0.00623008
41.4 0 -0.000348069 -0.00171216 -0.0036365
41.42 0 -0.000610018 -0.000969252 -0.000936217
41.44 0 -0.000853092 -0.000294278 0.00138742
41.46 0 -0.000618757 0.000545153 0.003048
41.48 0 0.000144882 0.00158345 0.00387646
41.5 0 0.00103898 0.00253724 0.00382533
41.52 0 0.00173397 0.00311277 0.00322475
41.54 0 0.00220929 0.00334019 0.00273067
41.56 0 0.00248158 0.00350368 0.00286418
41.58 0 0.00243439 0.00376569 0.00367505
41.6 0 0.00203952 0.00398169 0.004845
41.62 0 0.00152106 0.00393816 0.00595414
41.64 0 0.00112528 0.00363036 0.00657231
41.66 0 0.000939525 0.00326248 0.00637205
41.68 0 0.0010488 0.00307855 0.00540565
41.7 0 0.00152966 0.00316195 0.00411746
41.72 0 0.00208126 0.00324649 0.00288423
41.74 0 0.00211476 0.00287465 0.00178902
41.76 0 0.00143328 0.00188718 0.000900029
41.78 0 0.00038032 0.000541847 0.000286567
41.8 0 -0.000653921 -0.000807589 -0.000257338
41.82 0 -0.00146404 -0.0019488 -0.00112397
41.84 0 -0.00191234 -0.00283885 -0.00252831
41.86 0 -0.00193056 -0.0035234 -0.00434973
41.88 0 -0.00164354 -0.00402201 -0.0062316
41.9 0 -0.0013566 -0.00434256 -0.00776623
41.92 0 -0.00132685 -0.00455738 -0.00861532
41.94 0 -0.00155934 -0.00473037 -0.00857174
41.96 0 -0.00191068 -0.00482549 -0.00769718
41.98 0 -0.00223579 -0.00471224 -0.00633713
42 0 -0.00233397 -0.00423079 -0.00487228
42.02 0 -0.00197101 -0.00329398 -0.00350239
42.04 0 -0.00107215 -0.00191791 -0.00221924
42.06 0 0.00013133 -0.000237026 -0.000912984
42.08 0 0.00122149 0.00146517 0.000527048
42.1 0 0.00191852 0.00288322 0.00220755
42.12 0 0.00224307 0.00392874 0.00419734
42.14 0 0.00236617 0.00477188 0.00639374
42.16 0 0.00238347 0.00554789 0.00842
42.18 0 0.00237497 0.00618825 0.00983336
42.2 0 0.00256141 0.00665305 0.0104872
42.22 0 0.00306516 0.00705012 0.0105089
42.24 0 0.00363423 0.00739871 0.0100384
42.26 0 0.0038797 0.00746756 0.00920467
42.28 0 0.00364718 0.00696287 0.00820284
42.3 0 0.00300293 0.00582742 0.00716738
42.32 0 0.00204889 0.00428604 0.00600945
42.34 0 0.00093657 0.00261685 0.00449973
42.36 0 -4.41234e-05 0.000984979 0.00251686
42.38 0 -0.000640008 -0.000533008 0.000127769
42.4 0 -0.000917255 -0.001913 -0.00252887
42.42 0 -0.00116762 -0.0031853 -0.00524933
42.44 0 -0.00158141 -0.00443077 -0.0077129
42.46 0 -0.00219402 -0.00575124 -0.00964395
42.48 0 -0.00300637 -0.00716289 -0.0110089
42.5 0 -0.00395345 -0.00851886 -0.0119716
42.52 0 -0.00482616 -0.00961191 -0.0127233
42.54 0 -0.00528153 -0.0102364 -0.013303
42.56 0 -0.00505278 -0.0101763 -0.0135649
42.58 0 -0.00426178 -0.00937612 -0.0133671
42.6 0 -0.00331973 -0.00806678 -0.0126187
42.62 0 -0.00254775 -0.00663268 -0.0112068
42.64 0 -0.00205308 -0.0053526 -0.00909515
42.66 0 -0.00177493 -0.0041867 -0.00642287
42.68 0 -0.0015559 -0.00290759 -0.00350793
42.7 0 -0.0012226 -0.00144181 -0.000766975
42.72 0 -0.000627622 8.09364e-05 0.00147543
42.74 0 0.000221229 0.00149331 0.00306826
42.76 0 0.00109514 0.00267095 0.00400041
42.78 0 0.00178674 0.00357622 0.00447093
42.8 0 0.00229209 0.00426444 0.0048664
42.82 0 0.00262998 0.00478754 0.00547094
42.84 0 0.00268366 0.00510211 0.00624064
42.86 0 0.00235216 0.00507307 0.00688128
42.88 0 0.00173422 0.00457508 0.00704978
42.9 0 0.00106094 0.00362916 0.00647404
42.92 0 0.000552251 0.00248055 0.00506553
42.94 0 0.000336009 0.00145517 0.00300188
42.96 0 0.000334706 0.000625871 0.000611249
42.98 0 0.000308594 -0.000217489 -0.00174081
43 0 3.92213e-05 -0.00125877 -0.00370777
43.02 0 -0.000641337 -0.00255606 -0.00517231
43.04 0 -0.00176082 -0.00409956 -0.00631307
43.06 0 -0.00298988 -0.00569884 -0.00733149
43.08 0 -0.00382447 -0.00697591 -0.00831483
43.1 0 -0.0040456 -0.00764627 -0.00933858
43.12 0 -0.00376277 -0.00769859 -0.010379
43.14 0 -0.00318353 -0.00732841 -0.0111767
43.16 0 -0.00257511 -0.00680313 -0.0113988
43.18 0 -0.00221439 -0.0062887 -0.0108482
43.2 0 -0.00216985 -0.00574402 -0.00948693
43.22 0 -0.00222718 -0.00500572 -0.00742573
43.24 0 -0.00208005 -0.00392785 -0.00493215
43.26 0 -0.00155552 -0.00245455 -0.00236217
43.28 0 -0.000681007 -0.000661997 -1.52013e-05
43.3 0 0.000386791 0.0012371 0.0019843
43.32 0 0.00145199 0.00298832 0.00369517
43.34 0 0.00238371 0.0044949 0.00532186
43.36 0 0.00312816 0.00584592 0.00707982
43.38 0 0.00356598 0.00701082 0.00892236
43.4 0 0.00357988 0.00773371 0.0105264
43.42 0 0.00329214 0.00785991 0.0115768
43.44 0 0.00296775 0.00753113 0.01187
43.46 0 0.00277981 0.00704622 0.011312
43.48 0 0.00278327 0.00661053 0.0100085
43.5 0 0.00288048 0.00612916 0.0082102
43.52 0 0.00280602 0.00530145 0.00616379
43.54 0 0.00229622 0.00393843 0.00405379
43.56 0 0.00127676 0.00208735 0.00196305
43.58 0 -6.79552e-05 -5.3962e-05 -0.000135042
43.6 0 -0.00139691 -0.00223417 -0.00233213
43.62 0 -0.00241663 -0.00420408 -0.00471077
43.64 0 -0.00301457 -0.00578309 -0.00725095
43.66 0 -0.00326722 -0.00695194 -0.00978481
43.68 0 -0.00336506 -0.00785195 -0.0120354
43.7 0 -0.00353346 -0.00866657 -0.0137405
43.72 0 -0.00394441 -0.0094979 -0.0147796
43.74 0 -0.00458276 -0.0102965 -0.0151809
43.76 0 -0.00519706 -0.0108625 -0.0150416
43.78 0 -0.0054628 -0.0109464 -0.0144882
43.8 0 -0.00522394 -0.0104162 -0.013673
43.82 0 -0.00454475 -0.00933299 -0.0126906
43.84 0 -0.00359504 -0.00788203 -0.0114843
43.86 0 -0.00258277 -0.00626959 -0.00990688
43.88 0 -0.00170565 -0.00463434 -0.00784828
43.9 0 -0.00105865 -0.00302406 -0.00531163
43.92 0 -0.000590397 -0.0014475 -0.0024436
43.94 0 -0.000144904 0.00011235 0.000503966
43.96 0 0.000442232 0.00171486 0.0032655
43.98 0 0.00123288 0.00339254 0.00563077
44 0 0.00215762 0.0050625 0.00749841
44.02 0 0.00306641 0.00653936 0.00889588
44.04 0 0.00377818 0.0076278 0.00991485
44.06 0 0.00414651 0.00822697 0.0106318
44.08 0 0.00413279 0.00836217 0.0110723
44.1 0 0.00383238 0.00812759 0.0112072
44.12 0 0.00340323 0.0076081 0.0109483
44.14 0 0.00294052 0.00683218 0.0101521
44.16 0 0.00245407 0.0057917 0.00870161
44.18 0 0.00194312 0.00449973 0.0066234
44.2 0 0.00142674 0.00302298 0.0041144
44.22 0 0.000895488 0.00145604 0.00145186
44.24 0 0.000270235 -0.000155978 -0.00113909
44.26 0 -0.000536906 -0.00184658 -0.00354607
44.28 0 -0.00151694 -0.00364488 -0.00574371
44.3 0 -0.0025474 -0.0054721 -0.00775706
44.32 0 -0.00345783 -0.00713115 -0.00962115
44.34 0 -0.00410333 -0.00841629 -0.0113299
44.36 0 -0.00441979 -0.00924782 -0.0128125
44.38 0 -0.00444957 -0.00968581 -0.0139473
44.4 0 -0.00432454 -0.00982894 -0.014601
44.42 0 -0.00419316 -0.00973961 -0.0146741
44.44 0 -0.00411147 -0.0094325 -0.0141211
44.46 0 -0.00400994 -0.00888472 -0.0129655
44.48 0 -0.00378564 -0.00806333 -0.0113343
44.5 0 -0.00337955 -0.00695102 -0.00942861
44.52 0 -0.00276772 -0.00556333 -0.00742234
44.54 0 -0.00195118 -0.00395263 -0.00538837
44.56 0 -0.000986267 -0.0021946 -0.00330873
44.58 0 -8.21431e-06 -0.000396494 -0.00115252
44.6 0 0.000831185 0.00130788 0.00107281
44.62 0 0.00147189 0.00282006 0.00332829
44.64 0 0.0019483 0.00411293 0.00552212
44.66 0 0.00231543 0.00520252 0.0074866
44.68 0 0.00263492 0.00611697 0.00904628
44.7 0 0.00297345 0.00687198 0.0101041
44.72 0 0.00333647 0.00743999 0.0106431
44.74 0 0.00363614 0.00775254 0.0106972
44.76 0 0.00375697 0.00774106 0.0103442
44.78 0 0.00363628 0.00737874 0.00969167
44.8 0 0.0032878 0.00669874 0.00883362
44.82 0 0.00276901 0.00577124 0.00779886
44.84 0 0.00214172 0.00465754 0.00653819
44.86 0 0.0014675 0.00339545 0.0049784
44.88 0 0.000813011 0.00202567 0.00309838
44.9 0 0.000225564 0.0006113 0.00096214
44.92 0 -0.000290501 -0.000773305 -0.00129043
44.94 0 -0.000770983 -0.0020803 -0.00348183
44.96 0 -0.00127419 -0.00331725 -0.00545752
44.98 0 -0.00183999 -0.00451048 -0.00712329
45 0 -0.00244992 -0.00563762 -0.00844827
45.02 0 -0.00303228 -0.00661936 -0.00945969
45.04 0 -0.00349205 -0.00736196 -0.0102131
45.06 0 -0.00374024 -0.00779574 -0.010741
45.08 0 -0.0037377 -0.00790019 -0.0110347
45.1 0 -0.00352654 -0.00770349 -0.0110552
45.12 0 -0.00320175 -0.00725936 -0.0107437
45.14 0 -0.00284935 -0.00662679 -0.0100396
45.16 0 -0.00250939 -0.0058531 -0.00891748
45.18 0 -0.00218044 -0.00496357 -0.00742514
45.2 0 -0.00183518 -0.0039642 -0.0056848
45.22 0 -0.00142716 -0.00285442 -0.00384782
45.24 0 -0.000910554 -0.00164368 -0.00204171
45.26 0 -0.000277454 -0.000362184 -0.000342544
45.28 0 0.000422359 0.000936708 0.00122744
45.3 0 0.00110079 0.00217869 0.00268466
45.32 0 0.0016694 0.00327834 0.00405197
45.34 0 0.00207001 0.00416337 0.0053219
45.36 0 0.00229194 0.00480202 0.00643933
45.38 0 0.00237308 0.00520767 0.00731291
45.4 0 0.00238077 0.00541677 0.00784699
45.42 0 0.00237429 0.00545977 0.00797525
45.44 0 0.00236844 0.00534344 0.00768189
45.46 0 0.00232742 0.00505061 0.00700797
45.48 0 0.00219224 0.0045543 0.00604034
45.5 0 0.00191603 0.00383891 0.00488161
45.52 0 0.00148601 0.00291852 0.00361312
45.54 0 0.000929689 0.00184068 0.00227275
45.56 0 0.000308792 0.000674378 0.000860721
45.58 0 -0.000299312 -0.000506799 -0.000632952
45.6 0 -0.000831295 -0.00163892 -0.00219882
45.62 0 -0.00126259 -0.00267812 -0.00379062
45.64 0 -0.00160828 -0.00360399 -0.00532292
45.66 0 -0.00190405 -0.00441375 -0.00668707
45.68 0 -0.00218352 -0.00510885 -0.00778259
45.7 0 -0.00246014 -0.00568022 -0.00854763
45.72 0 -0.00271624 -0.00610211 -0.00897178
45.74 0 -0.00290536 -0.00633748 -0.00908648
45.76 0 -0.00297166 -0.00635091 -0.00894236
45.78 0 -0.00287817 -0.00612295 -0.00858488
45.8 0 -0.00262604 -0.00565996 -0.00803645
45.82 0 -0.00225357 -0.00499601 -0.00729148
45.84 0 -0.00181849 -0.00418493 -0.00632902
45.86 0 -0.00137591 -0.00328395 -0.00513826
45.88 0 -0.00096042 -0.00233737 -0.00374232
45.9 0 -0.00057644 -0.0013702 -0.00220624
45.92 0 -0.000201606 -0.00039383 -0.000625572
45.94 0 0.000195121 0.00058284 0.000897004
45.96 0 0.000629666 0.00154316 0.00227649
45.98 0 0.00108651 0.00245422 0.00346086
46 0 0.00152149 0.00326608 0.00443379
46.02 0 0.00188063 0.00392401 0.00520503
46.04 0 0.00211858 0.00438421 0.0057881
46.06 0 0.00221274 0.00462492 0.00617971
46.08 0 0.00217195 0.0046486 0.00635438
46.1 0 0.00203218 0.00447572 0.00627345
46.12 0 0.00183793 0.00413599 0.0059027
