0.01 0 -1.35773e-08 -1.46115e-08 -1.42304e-08
0.02 0 -6.50884e-08 -7.33343e-08 -7.05128e-08
0.03 0 -1.59069e-07 -1.91656e-07 -1.81711e-07
0.04 0 -2.83089e-07 -3.69952e-07 -3.4789e-07
0.05 0 -4.23859e-07 -6.02454e-07 -5.69411e-07
0.06 0 -5.64431e-07 -8.6963e-07 -8.4076e-07
0.07 0 -6.85146e-07 -1.13903e-06 -1.14851e-06
0.08 0 -7.70282e-07 -1.37624e-06 -1.47583e-06
0.09 0 -8.17846e-07 -1.56202e-06 -1.81177e-06
0.1 0 -8.48853e-07 -1.70979e-06 -2.16267e-06
0.11 0 -9.04122e-07 -1.86876e-06 -2.55367e-06
0.12 0 -1.02576e-06 -2.10612e-06 -3.01611e-06
0.13 0 -1.22946e-06 -2.47098e-06 -3.56375e-06
0.14 0 -1.49034e-06 -2.96303e-06 -4.17753e-06
0.15 0 -1.76619e-06 -3.5384e-06 -4.82327e-06
0.16 0 -2.0282e-06 -4.13575e-06 -5.47682e-06
0.17 0 -2.2589e-06 -4.68807e-06 -6.11992e-06
0.18 0 -2.44545e-06 -5.13971e-06 -6.73443e-06
0.19 0 -2.59622e-06 -5.48351e-06 -7.32114e-06
0.2 0 -2.7371e-06 -5.76491e-06 -7.89874e-06
0.21 0 -2.89166e-06 -6.05305e-06 -8.48601e-06
0.22 0 -3.0625e-06 -6.39856e-06 -9.08252e-06
0.23 0 -3.20832e-06 -6.78152e-06 -9.64125e-06
0.24 0 -3.25456e-06 -7.09996e-06 -1.00713e-05
0.25 0 -3.1019e-06 -7.17451e-06 -1.02374e-05
0.26 0 -2.62973e-06 -6.76718e-06 -9.95562e-06
0.27 0 -1.7666e-06 -5.68133e-06 -9.059e-06
0.28 0 -5.8682e-07 -3.90014e-06 -7.50166e-06
0.29 0 6.78123e-07 -1.64655e-06 -5.39664e-06
0.3 0 1.78262e-06 7.30989e-07 -2.91092e-06
0.31 0 2.6378e-06 2.95846e-06 -1.20829e-07
0.32 0 3.29948e-06 4.91441e-06 2.97753e-06
0.33 0 3.87128e-06 6.63087e-06 6.39395e-06
0.34 0 4.51133e-06 8.34217e-06 1.01772e-05
0.35 0 5.44476e-06 1.04666e-05 1.44521e-05
0.36 0 6.81998e-06 1.33764e-05 1.92953e-05
0.37 0 8.52113e-06 1.70916e-05 2.45475e-05
0.38 0 1.01588e-05 2.11563e-05 2.97733e-05
0.39 0 1.12198e-05 2.47357e-05 3.43603e-05
0.4 0 1.12811e-05 2.68887e-05 3.76887e-05
0.41 0 1.01573e-05 2.6884e-05 3.92688e-05
0.42 0 7.88831e-06 2.43923e-05 3.87556e-05
0.43 0 4.70359e-06 1.95824e-05 3.5964e-05
0.44 0 9.55434e-07 1.3047e-05 3.08586e-05
0.45 0 -3.00082e-06 5.53952e-06 2.34826e-05
0.46 0 -6.81189e-06 -2.23191e-06 1.39916e-05
0.47 0 -1.0068e-05 -9.6819e-06 2.7544e-06
0.48 0 -1.23377e-05 -1.63703e-05 -9.62609e-06
0.49 0 -1.33253e-05 -2.2019e-05 -2.24147e-05
0.5 0 -1.31764e-05 -2.66677e-05 -3.50366e-05
0.51 0 -1.2679e-05 -3.08646e-05 -4.73613e-05
0.52 0 -1.29399e-05 -3.5497e-05 -5.9561e-05
0.53 0 -1.47116e-05 -4.12997e-05 -7.16468e-05
0.54 0 -1.80543e-05 -4.85311e-05 -8.32611e-05
0.55 0 -2.25284e-05 -5.6981e-05 -9.38778e-05
0.56 0 -2.75239e-05 -6.60605e-05 -0.000103053
0.57 0 -3.25565e-05 -7.50004e-05 -0.000110626
0.58 0 -3.7455e-05 -8.31771e-05 -0.000116846
0.59 0 -4.20822e-05 -9.01222e-05 -0.000122079
0.6 0 -4.58698e-05 -9.5262e-05 -0.000126292
0.61 0 -4.79486e-05 -9.79864e-05 -0.000129071
0.62 0 -4.76064e-05 -9.78366e-05 -0.000129908
0.63 0 -4.44041e-05 -9.4347e-05 -0.00012819
0.64 0 -3.83485e-05 -8.71184e-05 -0.000123318
0.65 0 -3.04066e-05 -7.65129e-05 -0.000115325
0.66 0 -2.26242e-05 -6.42173e-05 -0.00010526
0.67 0 -1.74086e-05 -5.30103e-05 -9.48488e-05
0.68 0 -1.64316e-05 -4.5824e-05 -8.5738e-05
0.69 0 -1.97464e-05 -4.44452e-05 -7.87205e-05
0.7 0 -2.58325e-05 -4.86946e-05 -7.35983e-05
0.71 0 -3.286e-05 -5.69027e-05 -7.0079e-05
0.72 0 -3.99564e-05 -6.70865e-05 -6.87353e-05
0.73 0 -4.73438e-05 -7.78771e-05 -7.10567e-05
0.74 0 -5.5528e-05 -8.88871e-05 -7.87219e-05
0.75 0 -6.41516e-05 -0.000100285 -9.24923e-05
0.76 0 -7.13447e-05 -0.000111809 -0.000111357
0.77 0 -7.43539e-05 -0.00012212 -0.000132698
0.78 0 -7.12639e-05 -0.000129169 -0.000153528
0.79 0 -6.2501e-05 -0.000131302 -0.000171849
0.8 0 -5.08801e-05 -0.000128275 -0.000187094
0.81 0 -4.03954e-05 -0.000121837 -0.000199745
0.82 0 -3.4715e-05 -0.000115678 -0.000210731
0.83 0 -3.60094e-05 -0.000114424 -0.000220881
0.84 0 -4.4602e-05 -0.000122013 -0.000230723
0.85 0 -5.94725e-05 -0.000140255 -0.000240746
0.86 0 -7.89724e-05 -0.000168095 -0.000251679
0.87 0 -0.000101063 -0.000201721 -0.000264344
0.88 0 -0.000123146 -0.000235554 -0.000279166
0.89 0 -0.000141983 -0.00026381 -0.000295769
0.9 0 -0.000154022 -0.000281939 -0.000312839
0.91 0 -0.000156246 -0.000287498 -0.000328391
0.92 0 -0.00014722 -0.00028028 -0.000340292
0.93 0 -0.000127849 -0.000261906 -0.000346789
0.94 0 -0.000101707 -0.000235562 -0.000347109
0.95 0 -7.44729e-05 -0.000205794 -0.00034173
0.96 0 -5.19238e-05 -0.000177518 -0.000331561
0.97 0 -3.74864e-05 -0.000154391 -0.000316578
0.98 0 -3.13225e-05 -0.000137811 -0.000295505
0.99 0 -3.14574e-05 -0.000127092 -0.000266914
1 0 -3.55871e-05 -0.000120284 -0.00023064
1.01 0 -4.18768e-05 -0.000114735 -0.000188116
1.02 0 -4.84959e-05 -0.000107324 -0.000141525
1.03 0 -5.32096e-05 -9.50793e-05 -9.29934e-05
1.04 0 -5.36968e-05 -7.616e-05 -4.44185e-05
1.05 0 -4.82044e-05 -5.04179e-05 2.45951e-06
1.06 0 -3.60771e-05 -1.9221e-05 4.60552e-05
1.07 0 -1.79145e-05 1.52694e-05 8.51079e-05
1.08 0 4.59832e-06 5.08418e-05 0.000118873
1.09 0 2.93969e-05 8.59759e-05 0.000147548
1.1 0 5.51664e-05 0.000120608 0.00017296
1.11 0 8.18445e-05 0.000156231 0.000198644
1.12 0 0.00011007 0.000195124 0.000229002
1.13 0 0.000140297 0.000239383 0.000268201
1.14 0 0.000171976 0.000289934 0.000319102
1.15 0 0.00020287 0.000345471 0.000382192
1.16 0 0.000229106 0.000401914 0.000455061
1.17 0 0.000246463 0.000453219 0.00053308
1.18 0 0.000252345 0.000493426 0.000610951
1.19 0 0.000246775 0.000518528 0.000683753
1.2 0 0.000232182 0.00052762 0.000747292
1.21 0 0.000213029 0.000523693 0.000798681
1.22 0 0.000194835 0.000513052 0.00083648
1.23 0 0.000182458 0.00050299 0.000860028
1.24 0 0.000179119 0.000499467 0.000869226
1.25 0 0.000186632 0.000505996 0.000865203
1.26 0 0.000205613 0.000523343 0.000850711
1.27 0 0.000234736 0.000549325 0.000829318
1.28 0 0.000269924 0.000579091 0.00080417
1.29 0 0.000304906 0.00060646 0.000777598
1.3 0 0.00033294 0.000625688 0.000751474
1.31 0 0.000348609 0.000632701 0.000727537
1.32 0 0.000349132 0.000625729 0.000707498
1.33 0 0.00033501 0.000605625 0.000693058
1.34 0 0.000309662 0.000575692 0.000685606
1.35 0 0.000278098 0.000540845 0.000685548
1.36 0 0.000245141 0.000506128 0.000691504
1.37 0 0.000213978 0.000475018 0.000699827
1.38 0 0.000185876 0.000448403 0.000705073
1.39 0 0.00016099 0.000424703 0.000701351
1.4 0 0.00013928 0.000400791 0.000683696
1.41 0 0.000120721 0.000373091 0.000648722
1.42 0 0.000104972 0.000338624 0.000594685
1.43 0 9.13106e-05 0.000296024 0.000521586
1.44 0 7.89548e-05 0.000246097 0.000431366
1.45 0 6.69474e-05 0.000191027 0.000327386
1.46 0 5.36825e-05 0.000132619 0.000213328
1.47 0 3.7306e-05 7.14162e-05 9.28503e-05
1.48 0 1.66034e-05 6.96128e-06 -3.01896e-05
1.49 0 -9.14195e-06 -6.20035e-05 -0.000152329
1.5 0 -4.09167e-05 -0.000137367 -0.000271531
1.51 0 -7.99111e-05 -0.000220759 -0.000387336
1.52 0 -0.000126393 -0.000312143 -0.000499911
1.53 0 -0.000178553 -0.00040885 -0.000608898
1.54 0 -0.000232386 -0.000505763 -0.00071296
1.55 0 -0.000282759 -0.000596558 -0.00081018
1.56 0 -0.000325119 -0.000675506 -0.000898946
1.57 0 -0.000356953 -0.000739116 -0.000978712
1.58 0 -0.000378046 -0.000786708 -0.00104988
1.59 0 -0.000389576 -0.000819769 -0.00111287
1.6 0 -0.000393297 -0.000841005 -0.00116747
1.61 0 -0.000391364 -0.000853646 -0.00121297
1.62 0 -0.000386166 -0.000860651 -0.0012484
1.63 0 -0.000379819 -0.000863841 -0.00127248
1.64 0 -0.000373735 -0.000863539 -0.00128372
1.65 0 -0.000368704 -0.000859111 -0.00128088
1.66 0 -0.000364959 -0.000849676 -0.00126343
1.67 0 -0.0003619 -0.000834322 -0.00123131
1.68 0 -0.000358224 -0.000812332 -0.001185
1.69 0 -0.000352789 -0.000783742 -0.00112605
1.7 0 -0.00034555 -0.000749894 -0.00105764
1.71 0 -0.000337795 -0.000713551 -0.000984614
1.72 0 -0.000331425 -0.000678337 -0.000912687
1.73 0 -0.000327703 -0.00064764 -0.000847141
1.74 0 -0.000326373 -0.000623536 -0.000791779
1.75 0 -0.000325776 -0.000606254 -0.000748614
1.76 0 -0.000323734 -0.000594352 -0.000718221
1.77 0 -0.000318452 -0.000585284 -0.000700167
1.78 0 -0.000308794 -0.000576004 -0.000693027
1.79 0 -0.000293978 -0.000563416 -0.000694078
1.8 0 -0.000273179 -0.000544672 -0.000699017
1.81 0 -0.000245432 -0.000517272 -0.000702044
1.82 0 -0.00020991 -0.000478991 -0.000696312
1.83 0 -0.000166588 -0.000427984 -0.000674857
1.84 0 -0.000117021 -0.000363347 -0.000631875
1.85 0 -6.45683e-05 -0.000285792 -0.000563736
1.86 0 -1.39235e-05 -0.000198209 -0.000469568
1.87 0 3.01109e-05 -0.000105488 -0.000351111
1.88 0 6.43357e-05 -1.31941e-05 -0.000211795
1.89 0 8.80154e-05 7.39469e-05 -5.61094e-05
1.9 0 0.000102442 0.000153002 0.000110363
1.91 0 0.000110087 0.000223298 0.000280925
1.92 0 0.000113753 0.000286048 0.000447922
1.93 0 0.000116029 0.000343263 0.000603201
1.94 0 0.000119386 0.000396701 0.000739119
1.95 0 0.000126453 0.000447284 0.000849717
1.96 0 0.000140002 0.000495174 0.000931644
1.97 0 0.000162253 0.00054012 0.000984325
1.98 0 0.000193582 0.000581528 0.00100925
1.99 0 0.000231567 0.00061821 0.001009
2 0 0.000271152 0.000648074 0.000986591
2.01 0 0.000306336 0.000668425 0.000945833
2.02 0 0.000332604 0.000677073 0.000892162
2.03 0 0.00034827 0.000673335 0.000832756
2.04 0 0.000354039 0.000658408 0.000775414
2.05 0 0.000351435 0.00063499 0.000726727
2.06 0 0.000340752 0.000605704 0.000689893
2.07 0 0.000319687 0.000570805 0.000663009
2.08 0 0.000283972 0.000526794 0.00063913
2.09 0 0.000229793 0.000467002 0.000608171
2.1 0 0.000156165 0.000383759 0.00055933
2.11 0 6.5958e-05 0.000271352 0.000483024
2.12 0 -3.45608e-05 0.000128854 0.000372155
2.13 0 -0.000137194 -3.84311e-05 0.000222738
2.14 0 -0.000232791 -0.000218853 3.49257e-05
2.15 0 -0.000311792 -0.000396049 -0.00018593
2.16 0 -0.000365768 -0.00055295 -0.000429737
2.17 0 -0.000389271 -0.000676158 -0.00068301
2.18 0 -0.000381486 -0.000759147 -0.000930731
2.19 0 -0.000347627 -0.000803882 -0.0011588
2.2 0 -0.000299001 -0.000820243 -0.00135611
2.21 0 -0.000251236 -0.000823485 -0.0015157
2.22 0 -0.000220624 -0.000830216 -0.00163454
2.23 0 -0.000219746 -0.000854004 -0.00171234
2.24 0 -0.000254207 -0.000902048 -0.00175061
2.25 0 -0.000321058 -0.000973183 -0.00175178
2.26 0 -0.000409139 -0.00105749 -0.00171852
2.27 0 -0.000501914 -0.00113847 -0.00165409
2.28 0 -0.00058218 -0.00119769 -0.00156355
2.29 0 -0.000636185 -0.00121994 -0.00145449
2.3 0 -0.000655461 -0.00119662 -0.00133586
2.31 0 -0.000637191 -0.00112742 -0.00121643
2.32 0 -0.000584669 -0.00102069 -0.00110412
2.33 0 -0.000506549 -0.000891433 -0.00100535
2.34 0 -0.000413419 -0.000755735 -0.000922568
2.35 0 -0.000315073 -0.000625895 -0.000853098
2.36 0 -0.000220399 -0.000509113 -0.000791057
2.37 0 -0.000136903 -0.000407553 -0.000729082
2.38 0 -6.92541e-05 -0.00031904 -0.000659096
2.39 0 -1.89536e-05 -0.000239339 -0.000573734
2.4 0 1.46358e-05 -0.000165075 -0.000468398
2.41 0 3.34669e-05 -9.50778e-05 -0.000342289
2.42 0 4.10889e-05 -2.92039e-05 -0.000197604
2.43 0 4.29796e-05 3.38428e-05 -3.80284e-05
2.44 0 4.58947e-05 9.78183e-05 0.000132238
2.45 0 5.68835e-05 0.000169096 0.000309256
2.46 0 8.26757e-05 0.000255933 0.00049036
2.47 0 0.00012892 0.000366599 0.000674701
2.48 0 0.000198631 0.000506393 0.000862581
2.49 0 0.000290409 0.000674744 0.00105397
2.5 0 0.00039769 0.000863901 0.00124729
2.51 0 0.000509962 0.00106027 0.00143943
2.52 0 0.000615781 0.00124818 0.00162703
2.53 0 0.000705563 0.00141396 0.00180754
2.54 0 0.00077238 0.00154799 0.0019785
2.55 0 0.000811392 0.00164461 0.00213589
2.56 0 0.000819993 0.00170152 0.00227352
2.57 0 0.000798987 0.00171943 0.00238405
2.58 0 0.000753667 0.00170194 0.00246068
2.59 0 0.000694158 0.00165607 0.00249912
2.6 0 0.000633628 0.00159199 0.00249834
2.61 0 0.000584051 0.00152094 0.00245912
2.62 0 0.000552089 0.00145189 0.00238218
2.63 0 0.000537544 0.00138901 0.00226756
2.64 0 0.000534836 0.00133055 0.00211568
2.65 0 0.000536724 0.00127052 0.00192963
2.66 0 0.00053775 0.001202 0.00171706
2.67 0 0.000534637 0.00111978 0.00148932
2.68 0 0.000523822 0.00102088 0.00125785
2.69 0 0.000499047 0.0009034 0.00103035
2.7 0 0.000451763 0.000765246 0.000809226
2.71 0 0.000374725 0.000604079 0.000592911
2.72 0 0.000266656 0.000418864 0.000379082
2.73 0 0.000134638 0.000212109 0.000167143
2.74 0 -7.68735e-06 -8.77871e-06 -4.16074e-05
2.75 0 -0.000144546 -0.0002315 -0.000245267
2.76 0 -0.0002622 -0.000440202 -0.000442255
2.77 0 -0.000350982 -0.000618075 -0.000630958
2.78 0 -0.000405591 -0.000751079 -0.000808782
2.79 0 -0.000424813 -0.000831795 -0.000971652
2.8 0 -0.000410906 -0.000861197 -0.00111382
2.81 0 -0.000369522 -0.000847987 -0.00122861
2.82 0 -0.000311376 -0.000807503 -0.00131145
2.83 0 -0.00025327 -0.000760009 -0.00136303
2.84 0 -0.000214562 -0.000726386 -0.00138892
2.85 0 -0.000210613 -0.00072276 -0.00139638
2.86 0 -0.000248056 -0.00075739 -0.00139208
2.87 0 -0.000324076 -0.000830567 -0.00138216
2.88 0 -0.000428446 -0.000935888 -0.00137301
2.89 0 -0.000546171 -0.00106147 -0.00137126
2.9 0 -0.000659988 -0.00119123 -0.00138271
2.91 0 -0.000753043 -0.00130724 -0.00141117
2.92 0 -0.000811851 -0.00139326 -0.00145812
2.93 0 -0.000828804 -0.00143848 -0.00152277
2.94 0 -0.000803201 -0.00143984 -0.00160197
2.95 0 -0.000740849 -0.00140214 -0.00169018
2.96 0 -0.000652945 -0.00133668 -0.00177984
2.97 0 -0.000553933 -0.00125802 -0.00186197
2.98 0 -0.000458664 -0.00118009 -0.00192652
2.99 0 -0.000380071 -0.00111328 -0.00196358
3 0 -0.000327669 -0.00106324 -0.00196505
3.01 0 -0.000306708 -0.00103131 -0.00192628
3.02 0 -0.000317546 -0.00101552 -0.00184683
3.03 0 -0.0003551 -0.0010112 -0.00173011
3.04 0 -0.000409242 -0.00101132 -0.00158231
3.05 0 -0.000466734 -0.00100731 -0.00141177
3.06 0 -0.000514091 -0.000990148 -0.00122838
3.07 0 -0.000539842 -0.00095142 -0.00104247
3.08 0 -0.000535422 -0.000883916 -0.00086275
3.09 0 -0.000495145 -0.000782055 -0.000694101
3.1 0 -0.000416294 -0.000642521 -0.000536415
3.11 0 -0.000299903 -0.000465204 -0.000384987
3.12 0 -0.000151661 -0.000253939 -0.000232072
3.13 0 1.81249e-05 -1.64029e-05 -6.86182e-05
3.14 0 0.000195486 0.000236473 0.000113917
3.15 0 0.000364144 0.000490952 0.00032144
3.16 0 0.000507829 0.000731625 0.000555826
3.17 0 0.000613787 0.000944072 0.000815146
3.18 0 0.000675894 0.00111807 0.00109463
3.19 0 0.000695652 0.00124979 0.00138717
3.2 0 0.000681077 0.0013424 0.0016833
3.21 0 0.000644387 0.00140495 0.00197141
3.22 0 0.000599612 0.00144995 0.0022385
3.23 0 0.000560991 0.00149085 0.00247213
3.24 0 0.000541449 0.00153928 0.00266235
3.25 0 0.000550204 0.00160221 0.00280231
3.26 0 0.000590311 0.00167998 0.00288797
3.27 0 0.000657525 0.00176601 0.00291781
3.28 0 0.000741459 0.00184881 0.00289316
3.29 0 0.000828715 0.00191551 0.00281929
3.3 0 0.000906163 0.00195518 0.00270567
3.31 0 0.000962705 0.00196046 0.00256454
3.32 0 0.000989551 0.00192738 0.00240807
3.33 0 0.000979979 0.00185411 0.00224552
3.34 0 0.000929557 0.00173976 0.00208133
3.35 0 0.000837015 0.0015839 0.00191479
3.36 0 0.000705276 0.0013871 0.00174093
3.37 0 0.000542027 0.00115222 0.00155228
3.38 0 0.000359217 0.000885784 0.00134074
3.39 0 0.00017169 0.000598769 0.00109946
3.4 0 -4.69026e-06 0.00030634 0.000824514
3.41 0 -0.000155913 2.52484e-05 0.000515414
3.42 0 -0.000272995 -0.000230484 0.000174327
3.43 0 -0.00035359 -0.000453253 -0.000194356
3.44 0 -0.000402099 -0.000643934 -0.000584387
3.45 0 -0.000429003 -0.000812116 -0.000988535
3.46 0 -0.00044825 -0.000972904 -0.00139848
3.47 0 -0.00047333 -0.00114122 -0.00180392
3.48 0 -0.000514959 -0.00132732 -0.00219322
3.49 0 -0.000580189 -0.00153469 -0.00255522
3.5 0 -0.000671711 -0.00175974 -0.00288066
3.51 0 -0.000787948 -0.00199404 -0.00316359
3.52 0 -0.000923669 -0.00222763 -0.0034024
3.53 0 -0.00107047 -0.00245149 -0.00359951
3.54 0 -0.00121765 -0.00265853 -0.00376037
3.55 0 -0.00135367 -0.00284325 -0.00389219
3.56 0 -0.0014678 -0.00300073 -0.00400245
3.57 0 -0.0015517 -0.00312581 -0.00409763
3.58 0 -0.00160017 -0.00321301 -0.00418186
3.59 0 -0.00161069 -0.00325687 -0.00425529
3.6 0 -0.00158253 -0.00325257 -0.004313
3.61 0 -0.00151644 -0.00319691 -0.0043451
3.62 0 -0.00141522 -0.00308916 -0.00433826
3.63 0 -0.00128439 -0.00293134 -0.00427791
3.64 0 -0.00113205 -0.00272751 -0.0041501
3.65 0 -0.000967494 -0.00248256 -0.00394282
3.66 0 -0.00079956 -0.00220115 -0.00364689
3.67 0 -0.000634612 -0.0018868 -0.00325644
3.68 0 -0.000475345 -0.00154138 -0.00276931
3.69 0 -0.000321063 -0.00116561 -0.00218794
3.7 0 -0.00016881 -0.000759782 -0.00152007
3.71 0 -1.42198e-05 -0.000324155 -0.000778369
3.72 0 0.00014803 0.000141004 2.09714e-05
3.73 0 0.000323869 0.000635411 0.000860129
3.74 0 0.000519539 0.0011589 0.00172181
3.75 0 0.000741109 0.00171162 0.00259127
3.76 0 0.000993711 0.00229407 0.00345779
3.77 0 0.00128041 0.0029068 0.00431534
3.78 0 0.00160064 0.00354904 0.00516185
3.79 0 0.00194872 0.00421678 0.00599763
3.8 0 0.00231315 0.00490063 0.00682306
3.81 0 0.00267641 0.00558371 0.00763581
3.82 0 0.00301628 0.00624119 0.00842853
3.83 0 0.00331107 0.0068445 0.00919011
3.84 0 0.00354653 0.00736884 0.00990922
3.85 0 0.00371798 0.00779862 0.010575
3.86 0 0.00382735 0.00812888 0.0111754
3.87 0 0.00388071 0.0083643 0.0116957
3.88 0 0.00388747 0.0085164 0.0121204
3.89 0 0.0038599 0.00859903 0.0124349
3.9 0 0.00381107 0.00862332 0.012626
3.91 0 0.00375164 0.00859372 0.0126824
3.92 0 0.00368751 0.00850767 0.0125949
3.93 0 0.00361969 0.00835883 0.0123586
3.94 0 0.00354495 0.00814102 0.0119743
3.95 0 0.00345605 0.00784976 0.0114478
3.96 0 0.0033425 0.00748194 0.0107892
3.97 0 0.00319279 0.00703504 0.0100111
3.98 0 0.00299655 0.00650628 0.009128
3.99 0 0.0027453 0.00589132 0.00815357
4 0 0.00243187 0.00518373 0.00709739
4.01 0 0.00205019 0.00437582 0.00596297
4.02 0 0.00159739 0.00346218 0.00474878
4.03 0 0.00107857 0.00244569 0.00345301
4.04 0 0.000512415 0.00134485 0.00208089
4.05 0 -6.51132e-05 0.000200046 0.000652436
4.06 0 -0.000609913 -0.000932503 -0.000800699
4.07 0 -0.0010901 -0.00200085 -0.00224974
4.08 0 -0.0014938 -0.00297005 -0.00367344
4.09 0 -0.00182077 -0.00382165 -0.00504992
4.1 0 -0.00207527 -0.00455174 -0.00635163
4.11 0 -0.00226622 -0.00516994 -0.00754819
4.12 0 -0.0024093 -0.00569545 -0.00861173
4.13 0 -0.00252521 -0.00614877 -0.00951929
4.14 0 -0.00263393 -0.006543 -0.0102522
4.15 0 -0.00274896 -0.0068797 -0.0107956
4.16 0 -0.00287411 -0.00715047 -0.0111391
4.17 0 -0.00300295 -0.00734145 -0.0112783
4.18 0 -0.00312066 -0.00743805 -0.0112157
4.19 0 -0.00320822 -0.00742834 -0.0109616
4.2 0 -0.00324785 -0.0073055 -0.010535
4.21 0 -0.00323254 -0.0070743 -0.00996781
4.22 0 -0.003174 -0.00675904 -0.00930989
4.23 0 -0.00309308 -0.00639692 -0.00861862
4.24 0 -0.00300146 -0.00602136 -0.00794029
4.25 0 -0.0028985 -0.00565546 -0.00730554
4.26 0 -0.00277941 -0.00531275 -0.00673437
4.27 0 -0.00263974 -0.00499547 -0.00623776
4.28 0 -0.00247528 -0.00469313 -0.00581583
4.29 0 -0.00227987 -0.00438404 -0.00545536
4.3 0 -0.00204516 -0.00404112 -0.00513013
4.31 0 -0.00176667 -0.00364329 -0.00480814
4.32 0 -0.00145205 -0.00318697 -0.00446209
4.33 0 -0.00112084 -0.00268721 -0.0040728
4.34 0 -0.000796626 -0.00216911 -0.00362637
4.35 0 -0.00049955 -0.00165749 -0.00311164
4.36 0 -0.00023975 -0.00116622 -0.00251745
4.37 0 -1.31621e-05 -0.000690146 -0.00183038
4.38 0 0.000194398 -0.000207447 -0.00103854
4.39 0 0.000397656 0.000308522 -0.000139731
4.4 0 0.000609058 0.00088045 0.000857777
4.41 0 0.000843312 0.00152533 0.00194212
4.42 0 0.00111814 0.00225316 0.00310217
4.43 0 0.00144882 0.003065 0.00432669
4.44 0 0.00184247 0.0039541 0.00560309
4.45 0 0.00229574 0.00490896 0.00691778
4.46 0 0.00279594 0.00591593 0.00825767
4.47 0 0.00332419 0.00695909 0.00961103
4.48 0 0.00385941 0.00801793 0.0109669
4.49 0 0.00438088 0.00906607 0.0123135
4.5 0 0.00486997 0.0100744 0.0136378
4.51 0 0.00531329 0.0110179 0.0149271
4.52 0 0.00570511 0.0118818 0.0161706
4.53 0 0.00604528 0.0126618 0.017357
4.54 0 0.00633529 0.0133595 0.0184715
4.55 0 0.00657613 0.0139774 0.0194944
4.56 0 0.00676718 0.0145125 0.020401
4.57 0 0.00690383 0.014951 0.0211599
4.58 0 0.0069776 0.0152673 0.0217347
4.59 0 0.00698095 0.0154318 0.0220902
4.6 0 0.00690998 0.0154195 0.0221967
4.61 0 0.00676206 0.0152127 0.0220295
4.62 0 0.0065334 0.0148022 0.0215683
4.63 0 0.00621952 0.0141859 0.0207978
4.64 0 0.00581692 0.013366 0.0197089
4.65 0 0.00532435 0.012345 0.0182993
4.66 0 0.00474333 0.0111241 0.0165738
4.67 0 0.0040765 0.00970295 0.0145424
4.68 0 0.00332453 0.00807946 0.0122175
4.69 0 0.00248641 0.00625247 0.00961166
4.7 0 0.00156419 0.00422869 0.00674231
4.71 0 0.000567225 0.00202933 0.00363621
4.72 0 -0.000488168 -0.000310655 0.00032963
4.73 0 -0.0015844 -0.00275138 -0.00313712
4.74 0 -0.00270693 -0.00525643 -0.00672406
4.75 0 -0.00384177 -0.00779229 -0.0103882
4.76 0 -0.00497114 -0.010323 -0.0140774
4.77 0 -0.00607394 -0.0128104 -0.0177321
4.78 0 -0.00713084 -0.015218 -0.0212907
4.79 0 -0.00813043 -0.0175137 -0.0246956
4.8 0 -0.00907482 -0.0196721 -0.0278974
4.81 0 -0.0099807 -0.0216762 -0.030856
4.82 0 -0.0108715 -0.0235178 -0.0335394
4.83 0 -0.0117644 -0.0251994 -0.035921
4.84 0 -0.012663 -0.0267338 -0.0379803
4.85 0 -0.0135576 -0.0281373 -0.0397046
4.86 0 -0.0144319 -0.029421 -0.0410938
4.87 0 -0.0152685 -0.0305837 -0.0421623
4.88 0 -0.016051 -0.0316098 -0.042938
4.89 0 -0.0167626 -0.0324744 -0.0434575
4.9 0 -0.0173836 -0.0331521 -0.0437603
4.91 0 -0.0178884 -0.0336253 -0.0438823
4.92 0 -0.0182469 -0.0338869 -0.0438516
4.93 0 -0.0184291 -0.0339391 -0.0436874
4.94 0 -0.0184119 -0.0337879 -0.0434004
4.95 0 -0.0181872 -0.0334352 -0.0429935
4.96 0 -0.017765 -0.0328722 -0.0424589
4.97 0 -0.0171629 -0.032075 -0.041768
4.98 0 -0.0163919 -0.0310084 -0.0408648
4.99 0 -0.0154653 -0.0296493 -0.0396815
5 0 -0.0144161 -0.0280136 -0.038166
5.01 0 -0.0132906 -0.0261482 -0.0362839
5.02 0 -0.0121241 -0.0241017 -0.034004
5.03 0 -0.0109366 -0.0219074 -0.0313002
5.04 0 -0.00974441 -0.0195861 -0.0281684
5.05 0 -0.00856554 -0.017153 -0.0246364
5.06 0 -0.00741192 -0.0146197 -0.0207597
5.07 0 -0.00628088 -0.0119944 -0.0166116
5.08 0 -0.00515196 -0.00928332 -0.0122728
5.09 0 -0.00398915 -0.00649133 -0.00782405
5.1 0 -0.00275257 -0.00362106 -0.00334166
5.11 0 -0.00141165 -0.000669475 0.00110788
5.12 0 5.24184e-05 0.00236976 0.00547333
5.13 0 0.00164091 0.00549626 0.00971801
5.14 0 0.00332575 0.00868822 0.0138123
5.15 0 0.00505559 0.0118939 0.0177317
5.16 0 0.00678025 0.0150395 0.0214636
5.17 0 0.00846388 0.0180465 0.0250082
5.18 0 0.0100812 0.0208488 0.0283673
5.19 0 0.0116104 0.0234039 0.0315325
5.2 0 0.0130223 0.0256991 0.0344827
5.21 0 0.0142797 0.0277484 0.0371893
5.22 0 0.0153484 0.0295714 0.0396216
5.23 0 0.0162079 0.0311718 0.0417516
5.24 0 0.0168584 0.0325301 0.0435598
5.25 0 0.0173169 0.0336091 0.0450334
5.26 0 0.0176035 0.0343673 0.046158
5.27 0 0.0177291 0.034774 0.0469111
5.28 0 0.0176908 0.0348204 0.0472612
5.29 0 0.0174784 0.0345165 0.0471719
5.3 0 0.0170843 0.0338806 0.0466089
5.31 0 0.016514 0.0329277 0.0455481
5.32 0 0.0157912 0.0316673 0.0439818
5.33 0 0.0149522 0.0301067 0.0419205
5.34 0 0.0140348 0.0282599 0.0393884
5.35 0 0.0130651 0.0261527 0.0364185
5.36 0 0.012051 0.0238215 0.0330483
5.37 0 0.0109833 0.021305 0.0293203
5.38 0 0.00984451 0.018637 0.0252866
5.39 0 0.00861843 0.015843 0.0210124
5.4 0 0.00729715 0.0129392 0.0165744
5.41 0 0.00588226 0.00993576 0.012055
5.42 0 0.00438009 0.00684306 0.00753481
5.43 0 0.00280184 0.0036779 0.0030846
5.44 0 0.0011677 0.000466169 -0.0012408
5.45 0 -0.000496474 -0.00275379 -0.00540555
5.46 0 -0.00216037 -0.00593064 -0.00939006
5.47 0 -0.00378936 -0.0090067 -0.013187
5.48 0 -0.00535275 -0.011928 -0.0167981
5.49 0 -0.00682899 -0.0146529 -0.0202284
5.5 0 -0.00820134 -0.0171581 -0.0234786
5.51 0 -0.00945824 -0.0194403 -0.0265402
5.52 0 -0.0105961 -0.0215089 -0.0293946
5.53 0 -0.0116116 -0.0233779 -0.032014
5.54 0 -0.0124979 -0.0250564 -0.0343666
5.55 0 -0.0132525 -0.0265421 -0.0364236
5.56 0 -0.0138804 -0.0278201 -0.0381632
5.57 0 -0.0143906 -0.0288671 -0.0395695
5.58 0 -0.01479 -0.029659 -0.0406299
5.59 0 -0.0150773 -0.0301782 -0.0413311
5.6 0 -0.015241 -0.0304173 -0.0416589
5.61 0 -0.0152629 -0.0303762 -0.0415991
5.62 0 -0.015125 -0.0300562 -0.0411419
5.63 0 -0.0148194 -0.0294545 -0.0402848
5.64 0 -0.0143517 -0.0285632 -0.0390336
5.65 0 -0.0137381 -0.0273752 -0.0374008
5.66 0 -0.0129987 -0.0258935 -0.0354032
5.67 0 -0.0121507 -0.0241367 -0.0330593
5.68 0 -0.0112053 -0.0221388 -0.030388
5.69 0 -0.0101687 -0.0199412 -0.0274107
5.7 0 -0.00904539 -0.0175851 -0.0241553
5.71 0 -0.00784323 -0.0151044 -0.0206577
5.72 0 -0.00657445 -0.0125215 -0.0169619
5.73 0 -0.00525347 -0.00984887 -0.013118
5.74 0 -0.00389683 -0.00709551 -0.00917923
5.75 0 -0.00252601 -0.00427708 -0.00520044
5.76 0 -0.00116295 -0.00142466 -0.00123464
5.77 0 0.000176596 0.00141459 0.00267058
5.78 0 0.00148099 0.00418645 0.00647407
5.79 0 0.00273831 0.00684035 0.0101387
5.8 0 0.00393446 0.00933674 0.0136284
5.81 0 0.00505466 0.0116509 0.016907
5.82 0 0.0060888 0.0137719 0.0199409
5.83 0 0.00703437 0.0156995 0.0227014
5.84 0 0.00789631 0.017442 0.0251693
5.85 0 0.00868918 0.0190137 0.0273386
5.86 0 0.00943779 0.0204312 0.0292167
5.87 0 0.0101687 0.02171 0.0308194
5.88 0 0.0108973 0.0228633 0.0321642
5.89 0 0.0116218 0.0239026 0.0332683
5.9 0 0.0123276 0.0248371 0.0341499
5.91 0 0.0129918 0.0256693 0.034829
5.92 0 0.0135854 0.026389 0.035325
5.93 0 0.0140754 0.0269706 0.0356534
5.94 0 0.0144302 0.0273791 0.0358254
5.95 0 0.0146218 0.0275784 0.0358471
5.96 0 0.0146273 0.0275389 0.035717
5.97 0 0.0144333 0.0272428 0.0354262
5.98 0 0.0140413 0.0266845 0.0349577
5.99 0 0.0134679 0.025869 0.0342877
6 0 0.0127433 0.0248124 0.0333872
6.01 0 0.011908 0.0235422 0.0322281
6.02 0 0.0110104 0.0220985 0.0307903
6.03 0 0.010103 0.0205326 0.0290674
6.04 0 0.00923217 0.0188986 0.027067
6.05 0 0.00842763 0.0172421 0.0248076
6.06 0 0.00770064 0.015594 0.0223193
6.07 0 0.00704945 0.0139698 0.0196483
6.08 0 0.00646296 0.0123721 0.0168565
6.09 0 0.00592072 0.0107938 0.0140148
6.1 0 0.00539253 0.00922353 0.0111948
6.11 0 0.00484059 0.00765027 0.00846143
6.12 0 0.00422657 0.00606619 0.00586821
6.13 0 0.00352189 0.00446798 0.00345552
6.14 0 0.00271488 0.00285723 0.00124955
6.15 0 0.00181222 0.00124074 -0.000739165
6.16 0 0.000835673 -0.000369372 -0.00251712
6.17 0 -0.000181823 -0.00195573 -0.0041073
6.18 0 -0.00119838 -0.00349644 -0.0055459
6.19 0 -0.00216897 -0.0049656 -0.00687743
6.2 0 -0.00305288 -0.00633431 -0.00814808
6.21 0 -0.00381617 -0.007573 -0.00939686
6.22 0 -0.00443206 -0.00865498 -0.0106472
6.23 0 -0.00488282 -0.00956038 -0.011902
6.24 0 -0.00516072 -0.01028 -0.0131434
6.25 0 -0.00526902 -0.0108164 -0.0143358
6.26 0 -0.00522535 -0.0111809 -0.0154323
6.27 0 -0.00506313 -0.0113876 -0.0163797
6.28 0 -0.00482613 -0.0114494 -0.017123
6.29 0 -0.00455943 -0.011378 -0.0176091
6.3 0 -0.00430113 -0.0111852 -0.0177917
6.31 0 -0.00407568 -0.0108828 -0.0176347
6.32 0 -0.00389033 -0.0104804 -0.0171164
6.33 0 -0.00373703 -0.00998199 -0.0162332
6.34 0 -0.00359733 -0.00938342 -0.015002
6.35 0 -0.00344683 -0.00867151 -0.0134595
6.36 0 -0.00325877 -0.00782761 -0.0116575
6.37 0 -0.00300719 -0.00683518 -0.00965841
6.38 0 -0.00266974 -0.00568799 -0.0075292
6.39 0 -0.00223074 -0.00439534 -0.00533579
6.4 0 -0.00168327 -0.00298153 -0.00313755
6.41 0 -0.00103071 -0.00148043 -0.00098269
6.42 0 -0.000288435 7.0267e-05 0.00109319
6.43 0 0.000515298 0.00163232 0.00306571
6.44 0 0.0013412 0.00316725 0.00491905
6.45 0 0.00214476 0.00463597 0.00664408
6.46 0 0.00288563 0.00600015 0.00823811
6.47 0 0.00353459 0.00722448 0.00970287
6.48 0 0.00407292 0.00827946 0.0110391
6.49 0 0.00448766 0.00914407 0.0122409
6.5 0 0.00476879 0.00980633 0.0132917
6.51 0 0.00491003 0.0102614 0.0141649
6.52 0 0.004913 0.0105097 0.0148279
6.53 0 0.00479154 0.0105556 0.0152482
6.54 0 0.0045708 0.0104063 0.0153976
6.55 0 0.00428113 0.0100719 0.0152533
6.56 0 0.00395126 0.00956681 0.014799
6.57 0 0.00360356 0.00891047 0.0140279
6.58 0 0.0032512 0.00812564 0.0129436
6.59 0 0.00289677 0.00723212 0.0115605
6.6 0 0.00253373 0.00624107 0.00990339
6.61 0 0.00215112 0.0051542 0.0080079
6.62 0 0.00173788 0.00396797 0.0059202
6.63 0 0.0012841 0.00268002 0.00369403
6.64 0 0.000779943 0.00129394 0.00138489
6.65 0 0.000214639 -0.000179561 -0.000956368
6.66 0 -0.000421407 -0.00172384 -0.00328734
6.67 0 -0.0011322 -0.00331897 -0.00557497
6.68 0 -0.00191254 -0.00494477 -0.00779531
6.69 0 -0.002747 -0.00658242 -0.00993293
6.7 0 -0.00361178 -0.00821336 -0.01198
6.71 0 -0.00447968 -0.00981629 -0.0139344
6.72 0 -0.00532533 -0.0113649 -0.0157977
6.73 0 -0.00612442 -0.0128284 -0.0175701
6.74 0 -0.00685073 -0.0141743 -0.0192454
6.75 0 -0.00747768 -0.0153717 -0.0208094
6.76 0 -0.00798226 -0.0163945 -0.0222395
6.77 0 -0.00834817 -0.0172213 -0.023506
6.78 0 -0.0085694 -0.0178374 -0.0245752
6.79 0 -0.00865103 -0.0182362 -0.0254142
6.8 0 -0.00860576 -0.0184179 -0.0259914
6.81 0 -0.00845065 -0.0183844 -0.0262761
6.82 0 -0.00820585 -0.0181395 -0.026241
6.83 0 -0.00789309 -0.0176904 -0.0258656
6.84 0 -0.0075317 -0.0170485 -0.0251381
6.85 0 -0.00713467 -0.0162286 -0.0240556
6.86 0 -0.00670827 -0.0152475 -0.022627
6.87 0 -0.00625378 -0.0141219 -0.0208744
6.88 0 -0.00576868 -0.012865 -0.0188322
6.89 0 -0.00524664 -0.0114853 -0.0165446
6.9 0 -0.00467781 -0.00998648 -0.0140611
6.91 0 -0.00405058 -0.00837097 -0.0114334
6.92 0 -0.00335452 -0.00664487 -0.00871292
6.93 0 -0.0025847 -0.00482249 -0.00595005
6.94 0 -0.0017484 -0.00293067 -0.00319555
6.95 0 -0.000867491 -0.00100894 -0.000499835
6.96 0 2.97308e-05 0.000896895 0.00209337
6.97 0 0.000916581 0.00274159 0.00455149
6.98 0 0.00176868 0.00448375 0.00685094
6.99 0 0.00256377 0.00608934 0.00897428
7 0 0.00328363 0.00753567 0.0109094
7.01 0 0.0039175 0.00881312 0.0126499
7.02 0 0.00446658 0.00992597 0.0141966
7.03 0 0.00494415 0.0108919 0.0155584
7.04 0 0.0053671 0.0117351 0.0167476
7.05 0 0.0057457 0.0124748 0.0177713
7.06 0 0.00608068 0.0131193 0.0186299
7.07 0 0.00636538 0.0136639 0.0193188
7.08 0 0.00658635 0.01409 0.0198278
7.09 0 0.00672458 0.0143672 0.0201409
7.1 0 0.00676123 0.0144627 0.0202406
7.11 0 0.00668333 0.0143504 0.0201113
7.12 0 0.00648581 0.0140161 0.0197405
7.13 0 0.00617205 0.0134598 0.0191187
7.14 0 0.005753 0.0126943 0.0182401
7.15 0 0.00524453 0.0117407 0.017102
7.16 0 0.00466632 0.0106249 0.0157069
7.17 0 0.00404165 0.00937509 0.0140654
7.18 0 0.003394 0.00801917 0.0121965
7.19 0 0.00274192 0.00658132 0.0101257
7.2 0 0.00209651 0.00508062 0.00788278
7.21 0 0.00146054 0.00353201 0.00550158
7.22 0 0.000829208 0.00194803 0.0030195
7.23 0 0.000193972 0.000340447 0.000478027
7.24 0 -0.000452707 -0.00127861 -0.00207744
7.25 0 -0.00111389 -0.0028955 -0.00459881
7.26 0 -0.00178603 -0.00449275 -0.00703686
7.27 0 -0.00245915 -0.00604712 -0.00934363
7.28 0 -0.00311974 -0.00753028 -0.0114763
7.29 0 -0.00375417 -0.00891172 -0.0134007
7.3 0 -0.00435129 -0.0101622 -0.0150927
7.31 0 -0.00490124 -0.0112569 -0.0165362
7.32 0 -0.00539114 -0.0121773 -0.0177203
7.33 0 -0.00580458 -0.012912 -0.018638
7.34 0 -0.00612561 -0.0134562 -0.0192868
7.35 0 -0.00634187 -0.0138076 -0.0196693
7.36 0 -0.00644515 -0.0139624 -0.0197907
7.37 0 -0.006431 -0.0139134 -0.0196562
7.38 0 -0.00629928 -0.013653 -0.019271
7.39 0 -0.00605417 -0.0131774 -0.0186397
7.4 0 -0.00570189 -0.0124893 -0.0177644
7.41 0 -0.00524867 -0.0115983 -0.0166447
7.42 0 -0.00470104 -0.0105186 -0.0152784
7.43 0 -0.00406903 -0.00926849 -0.0136661
7.44 0 -0.00336928 -0.00786934 -0.0118157
7.45 0 -0.00262441 -0.00634433 -0.00974363
7.46 0 -0.00186181 -0.00472011 -0.00747646
7.47 0 -0.00111226 -0.00303329 -0.00505435
7.48 0 -0.000400704 -0.00132819 -0.0025266
7.49 0 0.000264787 0.000355215 5.83942e-05
7.5 0 0.000891868 0.00198912 0.00265523
7.51 0 0.00149385 0.00355901 0.00521747
7.52 0 0.00208264 0.00506301 0.00769704
7.53 0 0.00266676 0.00650799 0.0100474
7.54 0 0.00325179 0.00790177 0.0122278
7.55 0 0.0038418 0.00924532 0.0142068
7.56 0 0.0044406 0.0105288 0.0159644
7.57 0 0.00504908 0.011733 0.0174919
7.58 0 0.00565898 0.0128338 0.0187877
7.59 0 0.00624877 0.0138068 0.0198534
7.6 0 0.00678511 0.0146289 0.0206907
7.61 0 0.0072286 0.0152769 0.0213001
7.62 0 0.00754169 0.015726 0.021681
7.63 0 0.00769459 0.0159485 0.0218304
7.64 0 0.007667 0.0159152 0.0217415
7.65 0 0.00745012 0.0156002 0.0214019
7.66 0 0.0070508 0.0149901 0.0207971
7.67 0 0.00649366 0.0140945 0.0199157
7.68 0 0.00581987 0.0129514 0.0187536
7.69 0 0.0050793 0.0116209 0.0173152
7.7 0 0.00431961 0.0101714 0.0156108
7.71 0 0.00357995 0.00866547 0.0136578
7.72 0 0.00288757 0.00714856 0.0114822
7.73 0 0.00225724 0.00564366 0.0091196
7.74 0 0.00169305 0.00415612 0.0066169
7.75 0 0.00118747 0.002683 0.00403084
7.76 0 0.000720264 0.00122073 0.00142308
7.77 0 0.000261745 -0.000230762 -0.00114474
7.78 0 -0.000220209 -0.00166794 -0.00361482
7.79 0 -0.000752315 -0.00308631 -0.00593665
7.8 0 -0.0013501 -0.00448313 -0.00807043
7.81 0 -0.0020155 -0.00585743 -0.00999018
7.82 0 -0.00273767 -0.00720655 -0.0116856
7.83 0 -0.00349603 -0.00852163 -0.0131621
7.84 0 -0.00426546 -0.00978459 -0.0144394
7.85 0 -0.00502021 -0.0109688 -0.0155471
7.86 0 -0.00573232 -0.0120441 -0.0165176
7.87 0 -0.00636944 -0.0129833 -0.0173792
7.88 0 -0.00689737 -0.0137667 -0.0181516
7.89 0 -0.00728645 -0.0143826 -0.0188448
7.9 0 -0.00751777 -0.0148256 -0.0194588
7.91 0 -0.00758627 -0.0150939 -0.0199846
7.92 0 -0.00750191 -0.0151876 -0.0204051
7.93 0 -0.00728872 -0.0151083 -0.0206958
7.94 0 -0.00697924 -0.0148615 -0.0208257
7.95 0 -0.00660662 -0.0144586 -0.0207591
7.96 0 -0.00619901 -0.013917 -0.0204582
7.97 0 -0.00577702 -0.0132566 -0.0198888
7.98 0 -0.00535407 -0.0124951 -0.019026
7.99 0 -0.00493859 -0.0116438 -0.0178598
8 0 -0.00453537 -0.0107066 -0.0163981
8.01 0 -0.00414472 -0.0096817 -0.0146671
8.02 0 -0.00376132 -0.00856724 -0.0127078
8.03 0 -0.00337352 -0.00736576 -0.0105731
8.04 0 -0.00296305 -0.0060851 -0.00832057
8.05 0 -0.0025066 -0.00473496 -0.00600663
8.06 0 -0.0019818 -0.00332335 -0.00368226
8.07 0 -0.00137494 -0.00185566 -0.00139181
8.08 0 -0.000684226 -0.0003362 0.00082918
8.09 0 8.17208e-05 0.00122855 0.0029567
8.1 0 0.000906985 0.0028262 0.00497999
8.11 0 0.00177108 0.00443619 0.00690083
8.12 0 0.00265034 0.00603076 0.0087305
8.13 0 0.00351804 0.00757841 0.0104848
8.14 0 0.00434635 0.0090476 0.0121781
8.15 0 0.00510867 0.0104105 0.0138187
8.16 0 0.0057793 0.0116465 0.0154053
8.17 0 0.00633561 0.0127427 0.016926
8.18 0 0.00676378 0.0136921 0.0183617
8.19 0 0.0070636 0.0144914 0.0196885
8.2 0 0.00724923 0.0151397 0.0208808
8.21 0 0.00734507 0.0156394 0.0219124
8.22 0 0.00737896 0.0159973 0.0227567
8.23 0 0.00737594 0.0162242 0.0233875
8.24 0 0.00735406 0.0163339 0.0237807
8.25 0 0.0073232 0.0163395 0.0239184
8.26 0 0.00728675 0.01625 0.0237919
8.27 0 0.00724391 0.0160684 0.0234049
8.28 0 0.00719067 0.0157917 0.0227735
8.29 0 0.00711946 0.015413 0.0219249
8.3 0 0.00701852 0.014926 0.0208934
8.31 0 0.00687238 0.0143281 0.0197169
8.32 0 0.00666416 0.0136216 0.0184331
8.33 0 0.00637994 0.0128135 0.0170779
8.34 0 0.00601174 0.0119131 0.0156825
8.35 0 0.0055584 0.0109291 0.0142704
8.36 0 0.00502561 0.00986887 0.0128559
8.37 0 0.004425 0.00874014 0.0114439
8.38 0 0.00377166 0.0075522 0.0100298
8.39 0 0.0030826 0.00631749 0.00860157
8.4 0 0.00237807 0.0050532 0.00714533
8.41 0 0.00168269 0.00378086 0.00564978
8.42 0 0.00102237 0.00252437 0.00410904
8.43 0 0.000419305 0.00130776 0.00252426
8.44 0 -0.000111768 0.000152113 0.00090432
8.45 0 -0.000565422 -0.000927676 -0.000734382
8.46 0 -0.000946052 -0.00192557 -0.00236912
8.47 0 -0.00126735 -0.00284565 -0.00397326
8.48 0 -0.00155052 -0.00370124 -0.00551932
8.49 0 -0.00182082 -0.00451148 -0.00698145
8.5 0 -0.00210293 -0.00529616 -0.0083373
8.51 0 -0.00241687 -0.00607115 -0.00956993
8.52 0 -0.00277526 -0.00684559 -0.0106698
8.53 0 -0.00318164 -0.00762086 -0.0116358
8.54 0 -0.00362996 -0.008391 -0.0124753
8.55 0 -0.00410651 -0.00914405 -0.0132032
8.56 0 -0.00459252 -0.00986463 -0.0138393
8.57 0 -0.00506507 -0.0105373 -0.0144063
8.58 0 -0.00549877 -0.0111487 -0.0149258
8.59 0 -0.00586903 -0.0116873 -0.0154158
8.6 0 -0.00615532 -0.0121426 -0.0158878
8.61 0 -0.00634289 -0.0125034 -0.0163444
8.62 0 -0.00642142 -0.0127547 -0.016775
8.63 0 -0.0063836 -0.0128768 -0.0171535
8.64 0 -0.00622832 -0.0128488 -0.0174412
8.65 0 -0.00596579 -0.0126574 -0.017595
8.66 0 -0.00561732 -0.012302 -0.0175728
8.67 0 -0.00520977 -0.0117938 -0.0173354
8.68 0 -0.00476985 -0.0111524 -0.0168489
8.69 0 -0.00432108 -0.0104005 -0.0160885
8.7 0 -0.00388282 -0.00956015 -0.0150433
8.71 0 -0.00346986 -0.00864952 -0.0137197
8.72 0 -0.00309244 -0.00768324 -0.0121434
8.73 0 -0.00275605 -0.00667495 -0.0103593
8.74 0 -0.00245849 -0.00563844 -0.00842653
8.75 0 -0.00218566 -0.00458577 -0.00641026
8.76 0 -0.00191279 -0.00352534 -0.00437497
8.77 0 -0.00161209 -0.00246197 -0.00238217
8.78 0 -0.00126113 -0.00139777 -0.000488341
8.79 0 -0.000847202 -0.000333068 0.00125901
8.8 0 -0.00036739 0.000731833 0.00282648
8.81 0 0.000173948 0.00179442 0.00419918
8.82 0 0.000769178 0.00285001 0.00538412
8.83 0 0.00140966 0.00389359 0.00641014
8.84 0 0.00208279 0.00491974 0.00732124
8.85 0 0.00276671 0.00592048 0.00816569
8.86 0 0.00342931 0.00688352 0.00898687
8.87 0 0.00403514 0.00779262 0.00981894
8.88 0 0.00455365 0.00862967 0.0106852
8.89 0 0.0049615 0.0093764 0.011595
8.9 0 0.00524213 0.0100144 0.0125403
8.91 0 0.0053875 0.0105264 0.0134956
8.92 0 0.00540303 0.0109017 0.0144233
8.93 0 0.00531087 0.0111407 0.0152809
8.94 0 0.00514651 0.011256 0.0160248
8.95 0 0.00495144 0.0112705 0.0166133
8.96 0 0.00476577 0.0112139 0.0170101
8.97 0 0.00462198 0.0111165 0.0171881
8.98 0 0.00454047 0.0110019 0.0171322
8.99 0 0.00452762 0.0108809 0.0168411
9 0 0.0045755 0.0107495 0.0163281
9.01 0 0.0046622 0.010589 0.015618
9.02 0 0.00475351 0.0103699 0.0147436
9.03 0 0.00480798 0.0100594 0.0137415
9.04 0 0.00478363 0.00962788 0.012649
9.05 0 0.0046442 0.00905399 0.0114994
9.06 0 0.00436461 0.00832601 0.0103187
9.07 0 0.00393475 0.00744227 0.00912187
9.08 0 0.00336045 0.00641005 0.00791201
9.09 0 0.00266243 0.00524401 0.00667945
9.1 0 0.00187385 0.0039647 0.00540341
9.11 0 0.00103492 0.00259772 0.00405498
9.12 0 0.000185598 0.00117262 0.00260157
9.13 0 -0.000639416 -0.000279763 0.00101269
9.14 0 -0.0014126 -0.0017313 -0.00073352
9.15 0 -0.0021138 -0.00315975 -0.00264421
9.16 0 -0.0027302 -0.00455017 -0.00470803
9.17 0 -0.00325748 -0.0058936 -0.00689429
9.18 0 -0.00370088 -0.00718403 -0.00915478
9.19 0 -0.00407447 -0.00841611 -0.0114281
9.2 0 -0.00439938 -0.00958479 -0.0136461
9.21 0 -0.00470175 -0.0106864 -0.0157412
9.22 0 -0.00500943 -0.0117198 -0.0176528
9.23 0 -0.00534661 -0.0126867 -0.0193317
9.24 0 -0.00572885 -0.0135893 -0.0207428
9.25 0 -0.00616108 -0.0144295 -0.0218679
9.26 0 -0.00663777 -0.0152068 -0.0227071
9.27 0 -0.00714353 -0.0159153 -0.0232775
9.28 0 -0.00765413 -0.0165417 -0.0236088
9.29 0 -0.00813947 -0.0170648 -0.023738
9.3 0 -0.00856754 -0.0174597 -0.0237044
9.31 0 -0.00890631 -0.0177038 -0.0235448
9.32 0 -0.00912391 -0.0177821 -0.0232893
9.33 0 -0.00919153 -0.0176889 -0.0229584
9.34 0 -0.00908979 -0.0174255 -0.0225637
9.35 0 -0.00881589 -0.0169964 -0.0221083
9.36 0 -0.00838708 -0.0164072 -0.0215877
9.37 0 -0.00783653 -0.0156664 -0.0209892
9.38 0 -0.00720448 -0.014789 -0.0202916
9.39 0 -0.0065313 -0.013798 -0.0194663
9.4 0 -0.00585256 -0.0127224 -0.0184808
9.41 0 -0.00519502 -0.011593 -0.0173042
9.42 0 -0.00457644 -0.0104356 -0.0159143
9.43 0 -0.00400712 -0.00926554 -0.0143031
9.44 0 -0.00349055 -0.00808556 -0.0124795
9.45 0 -0.00302224 -0.00688732 -0.0104685
9.46 0 -0.00258752 -0.00565605 -0.00830654
9.47 0 -0.00216107 -0.0043762 -0.00603651
9.48 0 -0.00171019 -0.0030354 -0.00370269
9.49 0 -0.00120183 -0.00162622 -0.00134773
9.5 0 -0.000610796 -0.000146782 0.000989033
9.51 0 7.43108e-05 0.0013989 0.00327311
9.52 0 0.000848817 0.00299992 0.0054764
9.53 0 0.00169278 0.00463626 0.00757798
9.54 0 0.00257523 0.00627766 0.00956486
9.55 0 0.00346068 0.0078861 0.0114328
9.56 0 0.00431611 0.00942082 0.0131857
9.57 0 0.00511591 0.0108449 0.0148328
9.58 0 0.00583992 0.0121312 0.0163825
9.59 0 0.00646871 0.013265 0.0178371
9.6 0 0.00698362 0.0142421 0.0191895
9.61 0 0.00737165 0.0150636 0.0204245
9.62 0 0.00763058 0.0157301 0.021522
9.63 0 0.00777033 0.0162404 0.0224597
9.64 0 0.00781089 0.0165925 0.0232157
9.65 0 0.00777789 0.0167867 0.0237691
9.66 0 0.00769627 0.0168288 0.0241001
9.67 0 0.00758457 0.0167314 0.0241906
9.68 0 0.00745265 0.0165109 0.0240265
9.69 0 0.00730321 0.016183 0.0236004
9.7 0 0.00713494 0.0157568 0.0229152
9.71 0 0.00694529 0.0152334 0.0219854
9.72 0 0.00673147 0.0146082 0.020837
9.73 0 0.00648903 0.0138755 0.0195042
9.74 0 0.00620987 0.0130338 0.0180251
9.75 0 0.00588172 0.0120876 0.0164375
9.76 0 0.00549008 0.0110464 0.014775
9.77 0 0.0050225 0.00992079 0.0130657
9.78 0 0.00447338 0.00871968 0.011332
9.79 0 0.00384611 0.00744912 0.00958994
9.8 0 0.0031519 0.00611356 0.00784828
9.81 0 0.00240724 0.00471923 0.00610814
9.82 0 0.00163255 0.00327784 0.00436442
9.83 0 0.000850229 0.00180881 0.00260838
9.84 0 8.10533e-05 0.000337892 0.000830301
9.85 0 -0.000657625 -0.00110765 -0.000977475
9.86 0 -0.00135136 -0.00250472 -0.00281699
9.87 0 -0.00198825 -0.0038383 -0.00468212
9.88 0 -0.00255983 -0.00510192 -0.00655773
9.89 0 -0.00306308 -0.00629514 -0.00842088
9.9 0 -0.00350261 -0.00741958 -0.0102434
9.91 0 -0.0038908 -0.00847518 -0.0119938
9.92 0 -0.00424427 -0.00945854 -0.013639
9.93 0 -0.00457832 -0.0103642 -0.0151453
9.94 0 -0.00490322 -0.0111867 -0.0164806
9.95 0 -0.00522306 -0.0119223 -0.0176179
9.96 0 -0.00553651 -0.0125682 -0.0185376
9.97 0 -0.00583833 -0.0131214 -0.0192304
9.98 0 -0.00612116 -0.0135772 -0.0196977
9.99 0 -0.00637669 -0.013929 -0.0199511
10 0 -0.00659482 -0.0141693 -0.0200101
10.01 0 -0.00676199 -0.0142894 -0.0198966
10.02 0 -0.0068608 -0.0142804 -0.0196311
10.03 0 -0.00687201 -0.014134 -0.0192302
10.04 0 -0.00677893 -0.0138427 -0.0187061
10.05 0 -0.00657281 -0.0134021 -0.0180671
10.06 0 -0.00625623 -0.0128123 -0.0173187
10.07 0 -0.00584203 -0.0120795 -0.0164627
10.08 0 -0.00534962 -0.0112171 -0.0154968
10.09 0 -0.00480174 -0.010246 -0.0144158
10.1 0 -0.00422241 -0.00919354 -0.0132142
10.11 0 -0.00363464 -0.00808883 -0.0118886
10.12 0 -0.00305778 -0.00695734 -0.0104394
10.13 0 -0.00250585 -0.00581593 -0.0088714
10.14 0 -0.00198622 -0.00467083 -0.00719425
10.15 0 -0.00149793 -0.00351941 -0.00542171
10.16 0 -0.00103144 -0.00235469 -0.00357162
10.17 0 -0.00057074 -0.00116911 -0.00166523
10.18 0 -9.70045e-05 4.34793e-05 0.000274056
10.19 0 0.000406691 0.00128665 0.00222147
10.2 0 0.000951138 0.00256052 0.00415191
10.21 0 0.00153925 0.00386132 0.00604193
10.22 0 0.00216631 0.00518071 0.00787175
10.23 0 0.00282091 0.00650439 0.00962608
10.24 0 0.00348633 0.00781158 0.0112938
10.25 0 0.00414406 0.00907631 0.0128679
10.26 0 0.00477715 0.0102714 0.0143442
10.27 0 0.00536972 0.0113736 0.0157202
10.28 0 0.00590619 0.0123677 0.016993
10.29 0 0.00637226 0.013246 0.0181581
10.3 0 0.00675679 0.0140055 0.0192085
10.31 0 0.00705428 0.0146442 0.0201354
10.32 0 0.00726619 0.0151592 0.0209286
10.33 0 0.0073997 0.0155468 0.0215773
10.34 0 0.00746467 0.0158045 0.0220693
10.35 0 0.00747065 0.0159324 0.0223917
10.36 0 0.00742502 0.0159332 0.0225311
10.37 0 0.00733199 0.015811 0.0224745
10.38 0 0.00719257 0.0155685 0.0222106
10.39 0 0.0070056 0.0152048 0.0217308
10.4 0 0.0067697 0.014716 0.0210319
10.41 0 0.006484 0.0140965 0.0201161
10.42 0 0.00614686 0.0133415 0.0189902
10.43 0 0.00575461 0.0124479 0.0176639
10.44 0 0.00530184 0.0114165 0.0161486
10.45 0 0.00478322 0.0102517 0.0144576
10.46 0 0.00419586 0.00896093 0.0126061
10.47 0 0.00354138 0.00755394 0.0106112
10.48 0 0.00282631 0.00604239 0.00849199
10.49 0 0.00206213 0.00443985 0.00626842
10.5 0 0.00126394 0.00276231 0.00396015
10.51 0 0.000446799 0.00102985 0.00158603
10.52 0 -0.000375865 -0.000732111 -0.000834547
10.53 0 -0.00119077 -0.00249368 -0.00327906
10.54 0 -0.00198424 -0.00422428 -0.00572082
10.55 0 -0.00274303 -0.005897 -0.00812953
10.56 0 -0.00345589 -0.00749117 -0.0104726
10.57 0 -0.0041173 -0.00899271 -0.0127176
10.58 0 -0.00472901 -0.0103928 -0.0148339
10.59 0 -0.00529598 -0.011686 -0.0167927
10.6 0 -0.00582259 -0.0128684 -0.0185673
10.61 0 -0.00631131 -0.013936 -0.0201345
10.62 0 -0.00676218 -0.0148833 -0.0214758
10.63 0 -0.00717286 -0.0157031 -0.0225785
10.64 0 -0.00753944 -0.0163874 -0.0234369
10.65 0 -0.00785715 -0.0169286 -0.0240522
10.66 0 -0.00812019 -0.0173214 -0.0244319
10.67 0 -0.00832193 -0.0175631 -0.024588
10.68 0 -0.00845449 -0.0176533 -0.0245348
10.69 0 -0.00850767 -0.0175934 -0.024287
10.7 0 -0.00846976 -0.0173849 -0.0238585
10.71 0 -0.00833084 -0.0170272 -0.0232616
10.72 0 -0.00808623 -0.0165168 -0.0225067
10.73 0 -0.00773713 -0.0158488 -0.021601
10.74 0 -0.00728989 -0.0150203 -0.0205471
10.75 0 -0.00675497 -0.0140338 -0.0193431
10.76 0 -0.00614472 -0.0128992 -0.0179825
10.77 0 -0.00547299 -0.0116345 -0.0164575
10.78 0 -0.00475674 -0.0102635 -0.0147633
10.79 0 -0.00401693 -0.00881343 -0.0129027
10.8 0 -0.00327717 -0.00731286 -0.0108882
10.81 0 -0.00255958 -0.00578808 -0.00874237
10.82 0 -0.00188068 -0.00426097 -0.00649489
10.83 0 -0.00124857 -0.00274814 -0.00418025
10.84 0 -0.000660154 -0.00126089 -0.00183465
10.85 0 -0.000101732 0.000194394 0.00050573
10.86 0 0.000445816 0.00161593 0.00280526
10.87 0 0.00100104 0.00300603 0.0050295
10.88 0 0.00157691 0.00436889 0.00714628
10.89 0 0.00217804 0.0057065 0.00912706
10.9 0 0.00280074 0.00701453 0.0109491
10.91 0 0.00343484 0.00828 0.0125972
10.92 0 0.00406577 0.00948133 0.0140645
10.93 0 0.00467718 0.0105913 0.0153511
10.94 0 0.00525162 0.0115827 0.0164616
10.95 0 0.00576829 0.0124335 0.0174023
10.96 0 0.00620318 0.0131294 0.0181774
10.97 0 0.00653309 0.0136621 0.0187888
10.98 0 0.00674086 0.0140267 0.0192361
10.99 0 0.00681926 0.014219 0.0195177
11 0 0.00677212 0.0142347 0.0196302
11.01 0 0.00661246 0.014071 0.0195672
11.02 0 0.00635837 0.0137294 0.0193187
11.03 0 0.0060287 0.0132194 0.0188712
11.04 0 0.00564068 0.0125587 0.0182108
11.05 0 0.00521049 0.0117715 0.017327
11.06 0 0.00475509 0.0108841 0.0162181
11.07 0 0.00429208 0.00992068 0.0148934
11.08 0 0.0038364 0.00889886 0.0133725
11.09 0 0.00339583 0.00782864 0.0116828
11.1 0 0.00296882 0.00671413 0.00985621
11.11 0 0.00254542 0.00555662 0.00792793
11.12 0 0.00210973 0.00435656 0.00593402
11.13 0 0.00164325 0.00311439 0.00390932
11.14 0 0.00112983 0.00183105 0.00188629
11.15 0 0.000560624 0.000509261 -0.000105601
11.16 0 -6.31752e-05 -0.000844456 -0.00204058
11.17 0 -0.00073074 -0.00221764 -0.00389784
11.18 0 -0.00142468 -0.00359119 -0.00566325
11.19 0 -0.00212482 -0.00494061 -0.00733017
11.2 0 -0.00281057 -0.00623877 -0.00889839
11.21 0 -0.00346194 -0.00745926 -0.0103712
11.22 0 -0.00406131 -0.00857967 -0.0117521
11.23 0 -0.00459428 -0.00958434 -0.0130422
11.24 0 -0.00504892 -0.0104658 -0.0142385
11.25 0 -0.00541633 -0.0112231 -0.0153331
11.26 0 -0.00569295 -0.0118578 -0.0163142
11.27 0 -0.00588216 -0.0123714 -0.0171677
11.28 0 -0.00599386 -0.0127635 -0.0178784
11.29 0 -0.00604193 -0.013033 -0.0184308
11.3 0 -0.00604092 -0.0131804 -0.0188097
11.31 0 -0.00600298 -0.0132095 -0.0190014
11.32 0 -0.00593556 -0.0131268 -0.0189942
11.33 0 -0.00584117 -0.0129397 -0.0187802
11.34 0 -0.00571913 -0.012654 -0.0183575
11.35 0 -0.00556727 -0.0122716 -0.0177312
11.36 0 -0.00538245 -0.0117901 -0.0169133
11.37 0 -0.00516 -0.011204 -0.0159202
11.38 0 -0.0048929 -0.0105077 -0.0147709
11.39 0 -0.00457197 -0.0096978 -0.0134847
11.4 0 -0.00418766 -0.00877474 -0.0120795
11.41 0 -0.0037333 -0.00774347 -0.0105722
11.42 0 -0.00320878 -0.00661364 -0.00897956
11.43 0 -0.00262341 -0.00540024 -0.00731968
11.44 0 -0.00199621 -0.00412371 -0.00561206
11.45 0 -0.00135117 -0.00280881 -0.00387551
11.46 0 -0.000709814 -0.0014826 -0.00212549
11.47 0 -8.68113e-05 -0.00017108 -0.000373221
11.48 0 0.000510145 0.00110454 0.00137286
11.49 0 0.00107784 0.00233089 0.00310445
11.5 0 0.00161501 0.00350345 0.00481121
11.51 0 0.0021208 0.00462415 0.00647965
11.52 0 0.0025941 0.00569614 0.0080926
11.53 0 0.00303404 0.00671853 0.00963
11.54 0 0.00344095 0.0076838 0.0110707
11.55 0 0.00381714 0.00857893 0.0123946
11.56 0 0.00416625 0.00938922 0.0135836
11.57 0 0.00449055 0.0101032 0.0146226
11.58 0 0.00478879 0.0107155 0.0154992
11.59 0 0.0050565 0.0112272 0.0162053
11.6 0 0.00528793 0.011642 0.0167377
11.61 0 0.00547837 0.0119633 0.017099
11.62 0 0.0056253 0.0121911 0.0172976
11.63 0 0.00572762 0.0123222 0.0173454
11.64 0 0.00578394 0.0123518 0.0172563
11.65 0 0.0057915 0.0122773 0.0170438
11.66 0 0.00574595 0.0120999 0.01672
11.67 0 0.00564286 0.0118247 0.0162948
11.68 0 0.00547994 0.0114587 0.0157762
11.69 0 0.0052586 0.0110088 0.0151701
11.7 0 0.00498385 0.0104798 0.0144806
11.71 0 0.00466331 0.00987523 0.0137092
11.72 0 0.0043057 0.00919856 0.0128556
11.73 0 0.00391907 0.00845481 0.0119176
11.74 0 0.00350985 0.00765105 0.0108925
11.75 0 0.00308365 0.00679624 0.00977847
11.76 0 0.00264704 0.00590023 0.00857721
11.77 0 0.00220829 0.00497306 0.00729499
11.78 0 0.00177565 0.00402484 0.00594296
11.79 0 0.00135529 0.00306584 0.00453649
11.8 0 0.000949958 0.00210612 0.003094
11.81 0 0.000558541 0.00115442 0.00163564
11.82 0 0.000177115 0.000217456 0.000182403
11.83 0 -0.000199275 -0.000700393 -0.00124455
11.84 0 -0.000575038 -0.00159677 -0.00262486
11.85 0 -0.000952875 -0.00247009 -0.00393998
11.86 0 -0.00133328 -0.00331783 -0.00517423
11.87 0 -0.00171462 -0.00413534 -0.00631578
11.88 0 -0.00209348 -0.00491553 -0.00735734
11.89 0 -0.00246486 -0.00564973 -0.00829619
11.9 0 -0.00282231 -0.00632907 -0.00913363
11.91 0 -0.00315813 -0.00694597 -0.00987401
11.92 0 -0.00346431 -0.00749487 -0.0105234
11.93 0 -0.00373356 -0.00797187 -0.0110883
11.94 0 -0.00395955 -0.00837433 -0.0115738
11.95 0 -0.00413692 -0.00870045 -0.0119833
11.96 0 -0.00426197 -0.00894892 -0.0123175
11.97 0 -0.00433317 -0.00911822 -0.0125748
11.98 0 -0.00435107 -0.00920637 -0.0127507
11.99 0 -0.00431844 -0.00921151 -0.0128386
12 0 -0.00424005 -0.00913292 -0.0128301
12.01 0 -0.00412207 -0.00897191 -0.0127169
12.02 0 -0.00397133 -0.00873245 -0.0124909
12.03 0 -0.00379508 -0.00842116 -0.0121466
12.04 0 -0.00360065 -0.00804658 -0.0116823
12.05 0 -0.00339468 -0.0076177 -0.0111003
12.06 0 -0.00318237 -0.00714241 -0.0104076
12.07 0 -0.00296677 -0.00662663 -0.00961468
12.08 0 -0.00274821 -0.00607423 -0.00873534
12.09 0 -0.00252389 -0.00548762 -0.00778528
12.1 0 -0.00228828 -0.00486822 -0.00678113
12.11 0 -0.00203427 -0.00421661 -0.00573918
12.12 0 -0.001755 -0.00353274 -0.00467453
12.13 0 -0.00144572 -0.00281673 -0.00360053
12.14 0 -0.00110518 -0.0020699 -0.00252839
12.15 0 -0.000736074 -0.00129613 -0.00146684
12.16 0 -0.000344605 -0.000502565 -0.000421921
12.17 0 6.08153e-05 0.00030071 0.000603341
12.18 0 0.000470664 0.00110177 0.00160854
12.19 0 0.000874623 0.00188793 0.00259439
12.2 0 0.00126197 0.00264699 0.00356119
12.21 0 0.00162249 0.00336837 0.00450761
12.22 0 0.0019475 0.00404349 0.00542986
12.23 0 0.00223076 0.0046654 0.00632105
12.24 0 0.00246917 0.00522832 0.00717119
12.25 0 0.00266329 0.00572773 0.00796784
12.26 0 0.00281692 0.00616061 0.00869684
12.27 0 0.00293606 0.00652573 0.00934325
12.28 0 0.00302802 0.00682427 0.00989284
12.29 0 0.00310031 0.0070597 0.0103335
12.3 0 0.00315934 0.00723667 0.0106561
12.31 0 0.00321 0.00736006 0.010856
12.32 0 0.00325572 0.00743441 0.010934
12.33 0 0.00329816 0.00746331 0.0108965
12.34 0 0.00333618 0.00744859 0.0107544
12.35 0 0.00336527 0.00739014 0.0105216
12.36 0 0.0033782 0.00728643 0.0102132
12.37 0 0.00336624 0.00713511 0.00984501
12.38 0 0.00332066 0.00693357 0.00943152
12.39 0 0.00323445 0.00667962 0.00898522
12.4 0 0.00310391 0.0063724 0.00851579
12.41 0 0.00292946 0.00601322 0.0080296
12.42 0 0.00271513 0.00560586 0.00752901
12.43 0 0.00246749 0.00515623 0.00701214
12.44 0 0.00219436 0.00467138 0.00647306
12.45 0 0.00190378 0.00415819 0.00590271
12.46 0 0.00160348 0.00362214 0.00529053
12.47 0 0.00130083 0.00306711 0.00462662
12.48 0 0.00100262 0.00249572 0.00390376
12.49 0 0.000714087 0.00190978 0.00311834
12.5 0 0.00043785 0.00131068 0.00227071
12.51 0 0.000173604 0.000699961 0.00136532
12.52 0 -8.13757e-05 7.94413e-05 0.000410799
12.53 0 -0.000331608 -0.000549226 -0.000580812
12.54 0 -0.000582542 -0.00118512 -0.00159512
12.55 0 -0.000839303 -0.00182781 -0.0026163
12.56 0 -0.00110571 -0.00247659 -0.00362821
12.57 0 -0.00138369 -0.00312949 -0.00461553
12.58 0 -0.00167272 -0.00378192 -0.00556446
12.59 0 -0.00196959 -0.00442611 -0.0064632
12.6 0 -0.00226886 -0.00505167 -0.00730253
12.61 0 -0.0025633 -0.00564687 -0.00807587
12.62 0 -0.00284443 -0.00619997 -0.00877894
12.63 0 -0.00310317 -0.00670038 -0.00940904
12.64 0 -0.00333118 -0.00713949 -0.00996457
12.65 0 -0.00352227 -0.00751115 -0.0104447
12.66 0 -0.00367276 -0.00781185 -0.0108487
12.67 0 -0.00378109 -0.00804054 -0.0111755
12.68 0 -0.0038477 -0.00819821 -0.0114234
12.69 0 -0.00387507 -0.00828735 -0.0115906
12.7 0 -0.00386734 -0.00831128 -0.0116749
12.71 0 -0.00382946 -0.00827349 -0.011674
12.72 0 -0.00376623 -0.00817709 -0.0115859
12.73 0 -0.00368139 -0.00802471 -0.0114084
12.74 0 -0.00357685 -0.00781798 -0.0111398
12.75 0 -0.00345232 -0.00755703 -0.0107788
12.76 0 -0.00330586 -0.00724053 -0.0103245
12.77 0 -0.00313497 -0.00686603 -0.00977781
12.78 0 -0.00293753 -0.00643077 -0.00914093
12.79 0 -0.00271223 -0.00593272 -0.00841757
12.8 0 -0.00245839 -0.0053717 -0.00761249
12.81 0 -0.00217576 -0.00474986 -0.00673107
12.82 0 -0.001865 -0.0040718 -0.00577932
12.83 0 -0.00152847 -0.00334432 -0.00476433
12.84 0 -0.00117068 -0.00257598 -0.00369461
12.85 0 -0.000797722 -0.00177618 -0.00257984
12.86 0 -0.00041595 -0.000954265 -0.00143009
12.87 0 -3.09725e-05 -0.000119091 -0.000255451
12.88 0 0.000352802 0.00072098 0.000933993
12.89 0 0.000732133 0.0015581 0.00212796
12.9 0 0.00110444 0.00238485 0.00331558
12.91 0 0.00146715 0.00319398 0.00448507
12.92 0 0.00181775 0.00397868 0.00562406
12.93 0 0.00215447 0.0047331 0.00672069
12.94 0 0.00247656 0.00545265 0.00776437
12.95 0 0.00278397 0.00613369 0.00874602
12.96 0 0.0030765 0.00677293 0.00965787
12.97 0 0.00335321 0.00736696 0.0104933
12.98 0 0.00361261 0.00791196 0.0112468
12.99 0 0.00385261 0.00840342 0.0119139
13 0 0.00406952 0.00883596 0.0124901
13.01 0 0.00425766 0.00920339 0.0129709
13.02 0 0.00441015 0.00949882 0.0133516
13.03 0 0.00451998 0.00971458 0.0136274
13.04 0 0.00458128 0.00984289 0.0137934
13.05 0 0.00459088 0.00987754 0.0138463
13.06 0 0.00454902 0.00981554 0.0137839
13.07 0 0.00445856 0.00965746 0.0136054
13.08 0 0.00432344 0.00940684 0.0133098
13.09 0 0.00414759 0.0090692 0.0128959
13.1 0 0.00393474 0.00865077 0.0123628
13.11 0 0.00368844 0.00815711 0.0117106
13.12 0 0.00341213 0.00759234 0.0109408
13.13 0 0.00310937 0.00695906 0.0100568
13.14 0 0.00278394 0.00625944 0.00906443
13.15 0 0.00243906 0.00549685 0.00797142
13.16 0 0.00207651 0.00467706 0.00678774
13.17 0 0.00169692 0.00380821 0.00552519
13.18 0 0.00130048 0.00289955 0.00419738
13.19 0 0.000887992 0.00196007 0.00281945
13.2 0 0.000461696 0.000997878 0.00140796
13.21 0 2.55842e-05 2.07746e-05 -1.94352e-05
13.22 0 -0.000415293 -0.000962811 -0.00144486
13.23 0 -0.000855876 -0.00194306 -0.00285126
13.24 0 -0.00129189 -0.00290881 -0.00422331
13.25 0 -0.00171983 -0.00384834 -0.00554767
13.26 0 -0.00213602 -0.00475035 -0.00681255
13.27 0 -0.00253537 -0.00560436 -0.00800663
13.28 0 -0.00291085 -0.00640054 -0.00911837
13.29 0 -0.00325447 -0.00712955 -0.0101362
13.3 0 -0.00355974 -0.00778243 -0.0110496
13.31 0 -0.00382292 -0.00835067 -0.0118494
13.32 0 -0.00404188 -0.00882686 -0.0125272
13.33 0 -0.00421496 -0.00920545 -0.0130755
13.34 0 -0.00434085 -0.00948335 -0.0134878
13.35 0 -0.00441886 -0.00965987 -0.0137588
13.36 0 -0.00444914 -0.00973584 -0.0138853
13.37 0 -0.00443305 -0.009713 -0.0138659
13.38 0 -0.00437362 -0.00959402 -0.0137025
13.39 0 -0.00427511 -0.00938262 -0.0133997
13.4 0 -0.00414171 -0.00908364 -0.0129642
13.41 0 -0.00397638 -0.00870287 -0.0124043
13.42 0 -0.00378053 -0.00824674 -0.0117292
13.43 0 -0.00355458 -0.00772188 -0.0109491
13.44 0 -0.00329894 -0.00713458 -0.0100758
13.45 0 -0.00301474 -0.00649035 -0.00912166
13.46 0 -0.00270414 -0.0057938 -0.0080995
13.47 0 -0.00236974 -0.00504924 -0.00702135
13.48 0 -0.00201372 -0.00426172 -0.00589789
13.49 0 -0.00163794 -0.00343793 -0.00473853
13.5 0 -0.00124476 -0.00258613 -0.00355185
13.51 0 -0.000838054 -0.00171572 -0.00234643
13.52 0 -0.000423807 -0.00083671 -0.00113151
13.53 0 -9.74585e-06 4.06142e-05 8.27828e-05
13.54 0 0.000395927 0.000905957 0.00128576
13.55 0 0.000786098 0.00174926 0.0024667
13.56 0 0.00115589 0.00256115 0.00361534
13.57 0 0.00150265 0.00333335 0.00472172
13.58 0 0.00182495 0.00405876 0.00577547
13.59 0 0.00212161 0.00473153 0.00676545
13.6 0 0.00239146 0.00534717 0.00768009
13.61 0 0.0026334 0.00590211 0.00850795
13.62 0 0.00284653 0.00639295 0.00923835
13.63 0 0.00303051 0.00681619 0.00986221
13.64 0 0.00318554 0.00716836 0.0103726
13.65 0 0.00331222 0.0074466 0.0107653
13.66 0 0.00341173 0.00765011 0.0110394
13.67 0 0.0034855 0.0077807 0.0111972
13.68 0 0.00353404 0.00784176 0.0112436
13.69 0 0.00355589 0.00783634 0.0111841
13.7 0 0.00354734 0.00776548 0.011024
13.71 0 0.00350339 0.00762749 0.010768
13.72 0 0.00341947 0.00741861 0.0104207
13.73 0 0.00329281 0.0071345 0.00998671
13.74 0 0.00312289 0.00677214 0.00946992
13.75 0 0.00291083 0.00633141 0.00887323
13.76 0 0.00265903 0.00581595 0.0081983
13.77 0 0.00237156 0.00523319 0.00744628
13.78 0 0.00205449 0.00459331 0.00661889
13.79 0 0.00171583 0.00390747 0.0057191
13.8 0 0.00136469 0.00318641 0.00475172
13.81 0 0.00101033 0.00244013 0.0037239
13.82 0 0.000660885 0.00167817 0.0026454
13.83 0 0.000321913 0.000909658 0.00152812
13.84 0 -4.62891e-06 0.000142697 0.000385366
13.85 0 -0.000320143 -0.000616298 -0.000768718
13.86 0 -0.000628035 -0.001363 -0.00191924
13.87 0 -0.000932006 -0.00209501 -0.00305074
13.88 0 -0.00123464 -0.00281089 -0.0041476
13.89 0 -0.00153666 -0.00350865 -0.00519468
13.9 0 -0.00183698 -0.00418437 -0.00617832
13.91 0 -0.00213311 -0.00483157 -0.00708733
13.92 0 -0.00242119 -0.00544133 -0.00791319
13.93 0 -0.00269581 -0.00600313 -0.00864987
13.94 0 -0.00295002 -0.00650632 -0.00929324
13.95 0 -0.00317569 -0.00694123 -0.00984047
13.96 0 -0.00336494 -0.00730011 -0.0102898
13.97 0 -0.00351174 -0.00757771 -0.0106404
13.98 0 -0.0036126 -0.00777159 -0.0108926
13.99 0 -0.00366639 -0.00788178 -0.0110469
14 0 -0.0036739 -0.00790986 -0.0111039
14.01 0 -0.00363715 -0.00785788 -0.0110631
14.02 0 -0.00355859 -0.00772737 -0.0109227
14.03 0 -0.00344087 -0.00751935 -0.01068
14.04 0 -0.00328713 -0.0072352 -0.0103322
14.05 0 -0.00310133 -0.00687728 -0.00987763
14.06 0 -0.00288799 -0.00644915 -0.00931613
14.07 0 -0.00265155 -0.00595561 -0.0086493
14.08 0 -0.00239582 -0.00540275 -0.00788096
14.09 0 -0.00212412 -0.00479782 -0.00701788
14.1 0 -0.00183996 -0.00414931 -0.00607047
14.11 0 -0.0015474 -0.00346667 -0.0050531
14.12 0 -0.00125031 -0.0027597 -0.00398311
14.13 0 -0.000951011 -0.0020372 -0.00287894
14.14 0 -0.000649383 -0.0013062 -0.00175841
14.15 0 -0.000343467 -0.000571815 -0.000637916
14.16 0 -3.085e-05 0.000162173 0.000467722
14.17 0 0.000290162 0.000892805 0.00154564
14.18 0 0.000619889 0.00161742 0.00258542
14.19 0 0.000956697 0.00233263 0.00357916
14.2 0 0.00129642 0.00303303 0.00452091
14.21 0 0.00163236 0.00371044 0.00540605
14.22 0 0.00195599 0.00435426 0.006231
14.23 0 0.00225809 0.00495269 0.00699284
14.24 0 0.0025299 0.00549433 0.00768902
14.25 0 0.00276411 0.00596979 0.00831696
14.26 0 0.00295572 0.00637283 0.00887373
14.27 0 0.00310244 0.00670065 0.00935582
14.28 0 0.00320506 0.00695373 0.0097593
14.29 0 0.00326739 0.00713524 0.0100801
14.3 0 0.00329531 0.00724993 0.0103144
14.31 0 0.00329574 0.0073033 0.0104586
14.32 0 0.00327567 0.00730106 0.0105102
14.33 0 0.00324096 0.00724845 0.0104683
14.34 0 0.0031952 0.00714955 0.0103332
14.35 0 0.00313917 0.00700657 0.0101068
14.36 0 0.00307091 0.00681957 0.00979259
14.37 0 0.00298648 0.00658659 0.00939522
14.38 0 0.00288094 0.00630431 0.00892085
14.39 0 0.00274923 0.005969 0.00837637
14.4 0 0.00258682 0.00557752 0.00776873
14.41 0 0.00239044 0.00512831 0.00710432
14.42 0 0.00215849 0.00462193 0.00638842
14.43 0 0.00189138 0.00406106 0.00562482
14.44 0 0.00159175 0.00345019 0.00481589
14.45 0 0.00126465 0.00279541 0.00396311
14.46 0 0.000917372 0.00210437 0.00306793
14.47 0 0.000558819 0.00138615 0.0021325
14.48 0 0.000198326 0.000650927 0.00116026
14.49 0 -0.00015571 -9.07147e-05 0.000156193
14.5 0 -0.00049707 -0.000828935 -0.000873162
14.51 0 -0.000822212 -0.00155563 -0.00191958
14.52 0 -0.00112988 -0.00226483 -0.0029728
14.53 0 -0.00142027 -0.00295235 -0.00402021
14.54 0 -0.00169419 -0.00361492 -0.005047
14.55 0 -0.00195268 -0.00424924 -0.00603683
14.56 0 -0.00219699 -0.00485127 -0.00697309
14.57 0 -0.00242862 -0.00541624 -0.00784034
14.58 0 -0.00264918 -0.00593924 -0.00862562
14.59 0 -0.00285985 -0.00641593 -0.00931919
14.6 0 -0.00306057 -0.00684299 -0.00991477
14.61 0 -0.00324964 -0.00721809 -0.0104094
14.62 0 -0.00342378 -0.00753915 -0.0108031
14.63 0 -0.00357847 -0.00780357 -0.011098
14.64 0 -0.0037081 -0.00800795 -0.0112979
14.65 0 -0.00380647 -0.00814829 -0.0114075
14.66 0 -0.00386772 -0.00822044 -0.0114321
14.67 0 -0.00388727 -0.00822098 -0.0113768
14.68 0 -0.00386239 -0.00814798 -0.0112462
14.69 0 -0.0037926 -0.00800159 -0.0110438
14.7 0 -0.00367948 -0.00778406 -0.0107716
14.71 0 -0.00352631 -0.00749932 -0.0104299
14.72 0 -0.00333776 -0.00715253 -0.0100174
14.73 0 -0.00311996 -0.00674971 -0.00953258
14.74 0 -0.00288051 -0.00629745 -0.00897417
14.75 0 -0.00262778 -0.00580263 -0.00834228
14.76 0 -0.00236923 -0.00527244 -0.00763854
14.77 0 -0.00211006 -0.00471405 -0.00686638
14.78 0 -0.00185282 -0.00413414 -0.00603146
14.79 0 -0.00159801 -0.00353826 -0.00514209
14.8 0 -0.00134467 -0.00293031 -0.0042092
14.81 0 -0.0010908 -0.00231234 -0.00324571
14.82 0 -0.000833742 -0.00168515 -0.00226561
14.83 0 -0.000570649 -0.0010494 -0.00128306
14.84 0 -0.000298709 -0.000406439 -0.000311153
14.85 0 -1.53778e-05 0.000241521 0.000639273
14.86 0 0.000280949 0.000891476 0.00156025
14.87 0 0.000589692 0.00153948 0.00244636
14.88 0 0.00090704 0.00218027 0.00329388
14.89 0 0.00122576 0.00280677 0.00409998
14.9 0 0.00153601 0.00340983 0.00486211
14.91 0 0.00182733 0.00397878 0.00557803
14.92 0 0.00209069 0.00450286 0.00624603
14.93 0 0.00231973 0.00497273 0.00686459
14.94 0 0.00251064 0.00538149 0.00743135
14.95 0 0.0026616 0.00572517 0.00794222
14.96 0 0.00277254 0.00600272 0.00839109
14.97 0 0.00284497 0.00621513 0.0087701
14.98 0 0.00288202 0.0063643 0.00907034
14.99 0 0.00288861 0.00645246 0.00928327
15 0 0.00287131 0.00648217 0.00940204
15.01 0 0.00283713 0.00645649 0.00942224
15.02 0 0.00279191 0.00637909 0.00934209
15.03 0 0.00273904 0.00625399 0.00916248
15.04 0 0.00267869 0.00608466 0.00888668
15.05 0 0.00260822 0.00587311 0.00852031
15.06 0 0.00252344 0.00561946 0.00807142
15.07 0 0.00241987 0.00532231 0.0075503
15.08 0 0.00229348 0.00497951 0.00696856
15.09 0 0.00214066 0.00458924 0.00633775
15.1 0 0.00195845 0.00415117 0.00566814
15.11 0 0.00174531 0.00366757 0.00496838
15.12 0 0.00150185 0.00314336 0.00424522
15.13 0 0.00123144 0.00258569 0.00350382
15.14 0 0.000940686 0.00200353 0.00274847
15.15 0 0.000638824 0.00140705 0.00198302
15.16 0 0.000336204 0.000806889 0.00121109
15.17 0 4.26212e-05 0.000213594 0.000436272
15.18 0 -0.000234147 -0.000363115 -0.000337601
15.19 0 -0.000489295 -0.000915316 -0.00110623
15.2 0 -0.000721108 -0.00143773 -0.0018645
15.21 0 -0.000930244 -0.00192788 -0.00260591
15.22 0 -0.00111869 -0.00238551 -0.00332222
15.23 0 -0.00128905 -0.00281152 -0.00400368
15.24 0 -0.00144447 -0.00320709 -0.00463998
15.25 0 -0.00158858 -0.00357296 -0.00522154
15.26 0 -0.001725 -0.00390901 -0.00574031
15.27 0 -0.00185622 -0.00421387 -0.00619
15.28 0 -0.00198244 -0.00448485 -0.00656585
15.29 0 -0.00210137 -0.00471839 -0.00686489
15.3 0 -0.00220896 -0.00491074 -0.0070863
15.31 0 -0.00230003 -0.00505805 -0.00723125
15.32 0 -0.00236889 -0.00515613 -0.00730227
15.33 0 -0.00241031 -0.00520085 -0.0073029
15.34 0 -0.00242047 -0.00518898 -0.0072374
15.35 0 -0.00239749 -0.00511903 -0.00711031
15.36 0 -0.00234105 -0.00499136 -0.00692546
15.37 0 -0.00225181 -0.00480787 -0.0066851
15.38 0 -0.00213161 -0.00457188 -0.00639006
15.39 0 -0.00198352 -0.0042876 -0.00604007
15.4 0 -0.00181153 -0.00395932 -0.005634
15.41 0 -0.0016202 -0.00359096 -0.00517046
15.42 0 -0.00141445 -0.00318625 -0.00464854
15.43 0 -0.00119886 -0.00274886 -0.00406831
15.44 0 -0.000977309 -0.00228282 -0.00343139
15.45 0 -0.000753123 -0.00179307 -0.00274182
15.46 0 -0.000529048 -0.00128553 -0.00200637
15.47 0 -0.000307283 -0.00076672 -0.00123453
15.48 0 -8.94818e-05 -0.000243301 -0.000438284
15.49 0 0.000123659 0.000278764 0.000369005
15.5 0 0.000332734 0.000794924 0.00117373
15.51 0 0.000539279 0.00130196 0.00196282
15.52 0 0.000745142 0.00179757 0.00272433
15.53 0 0.000952062 0.00228003 0.00344815
15.54 0 0.00116128 0.0027479 0.00412668
15.55 0 0.00137296 0.0031995 0.00475494
15.56 0 0.00158559 0.00363233 0.00533026
15.57 0 0.00179574 0.00404279 0.00585189
15.58 0 0.00199821 0.00442598 0.00632037
15.59 0 0.00218638 0.00477572 0.0067368
15.6 0 0.00235268 0.0050846 0.00710183
15.61 0 0.00248945 0.00534454 0.00741501
15.62 0 0.00259011 0.00554772 0.00767453
15.63 0 0.00265013 0.00568765 0.00787708
15.64 0 0.00266771 0.00576015 0.00801807
15.65 0 0.00264402 0.0057639 0.00809185
15.66 0 0.00258306 0.00570065 0.00809236
15.67 0 0.00249112 0.00557493 0.00801374
15.68 0 0.00237575 0.00539321 0.00785105
15.69 0 0.00224453 0.00516265 0.0076008
15.7 0 0.00210399 0.00489002 0.00726154
15.71 0 0.00195895 0.00458096 0.00683455
15.72 0 0.00181223 0.00423978 0.00632432
15.73 0 0.00166469 0.00386971 0.00573883
15.74 0 0.00151548 0.00347342 0.00508936
15.75 0 0.00136221 0.00305332 0.00438971
15.76 0 0.00120122 0.00261162 0.00365497
15.77 0 0.00102823 0.00215033 0.00290031
15.78 0 0.000839152 0.00167123 0.00213982
15.79 0 0.000631116 0.00117614 0.00138571
15.8 0 0.00040335 0.000667433 0.000647818
15.81 0 0.000157735 0.000148798 -6.65259e-05
15.82 0 -0.000101197 -0.000374216 -0.000752495
15.83 0 -0.000366878 -0.000894189 -0.00140767
15.84 0 -0.000631875 -0.00140271 -0.00203201
15.85 0 -0.000888842 -0.00189153 -0.00262738
15.86 0 -0.00113088 -0.00235337 -0.00319639
15.87 0 -0.00135189 -0.00278258 -0.00374127
15.88 0 -0.00154703 -0.00317535 -0.00426296
15.89 0 -0.00171294 -0.00352928 -0.00476035
15.9 0 -0.00184801 -0.00384262 -0.00522983
15.91 0 -0.00195242 -0.00411375 -0.00566529
15.92 0 -0.00202827 -0.00434115 -0.00605875
15.93 0 -0.00207934 -0.00452396 -0.00640125
15.94 0 -0.00211042 -0.00466237 -0.00668369
15.95 0 -0.00212631 -0.00475767 -0.00689749
15.96 0 -0.00213117 -0.00481211 -0.00703552
15.97 0 -0.00212825 -0.00482849 -0.00709309
15.98 0 -0.00211951 -0.00480922 -0.00706835
15.99 0 -0.00210524 -0.00475546 -0.00696234
16 0 -0.00208385 -0.00466666 -0.00677864
16.01 0 -0.00205212 -0.0045408 -0.006523
16.02 0 -0.00200565 -0.00437519 -0.00620282
16.03 0 -0.00193973 -0.00416752 -0.00582658
16.04 0 -0.00185014 -0.00391672 -0.00540326
16.05 0 -0.00173403 -0.00362354 -0.00494167
16.06 0 -0.00159046 -0.00329057 -0.00444985
16.07 0 -0.0014206 -0.002922 -0.00393453
16.08 0 -0.00122752 -0.00252306 -0.00340066
16.09 0 -0.00101593 -0.00209973 -0.00285152
16.1 0 -0.00079183 -0.00165857 -0.00228905
16.11 0 -0.000562087 -0.00120678 -0.00171465
16.12 0 -0.000333768 -0.000751971 -0.00112978
16.13 0 -0.000113276 -0.000301672 -0.000536421
16.14 0 9.41057e-05 0.000137052 6.22622e-05
16.15 0 0.000284604 0.000558101 0.000661573
16.16 0 0.000456444 0.000957045 0.00125543
16.17 0 0.000609909 0.00133141 0.00183659
16.18 0 0.000746926 0.0016804 0.00239682
16.19 0 0.000870528 0.00200439 0.00292738
16.2 0 0.000984175 0.0023042 0.00341947
16.21 0 0.00109115 0.00258043 0.00386495
16.22 0 0.00119397 0.00283303 0.00425689
16.23 0 0.00129352 0.00306062 0.00458969
16.24 0 0.00138865 0.00326033 0.00485919
16.25 0 0.00147659 0.00342829 0.00506309
16.26 0 0.00155339 0.00356013 0.00520098
16.27 0 0.0016144 0.00365139 0.00527411
16.28 0 0.00165497 0.00369809 0.00528498
16.29 0 0.00167099 0.00369714 0.00523684
16.3 0 0.00165952 0.00364684 0.00513331
16.31 0 0.00161963 0.00354753 0.00497837
16.32 0 0.00155243 0.00340166 0.00477601
16.33 0 0.0014604 0.00321312 0.00452949
16.34 0 0.00134666 0.00298645 0.00424087
16.35 0 0.00121467 0.00272632 0.00391122
16.36 0 0.00106789 0.00243682 0.00354076
16.37 0 0.000909297 0.00212098 0.00312911
16.38 0 0.000741502 0.00178094 0.00267596
16.39 0 0.000567088 0.00141873 0.00218208
16.4 0 0.000388873 0.0010372 0.00165008
16.41 0 0.000210038 0.000640834 0.00108504
16.42 0 3.41154e-05 0.000236117 0.000494767
16.43 0 -0.00013557 -0.000169029 -0.000110616
16.44 0 -0.000296907 -0.000566828 -0.000719854
16.45 0 -0.000449466 -0.000951085 -0.00132158
16.46 0 -0.000593984 -0.00131767 -0.00190464
16.47 0 -0.000731545 -0.00166423 -0.00245823
16.48 0 -0.000863174 -0.00198957 -0.00297241
16.49 0 -0.000989902 -0.00229311 -0.00343899
16.5 0 -0.00111287 -0.00257437 -0.00385224
16.51 0 -0.00123309 -0.00283264 -0.0042093
16.52 0 -0.00135067 -0.00306672 -0.00450974
16.53 0 -0.00146408 -0.00327476 -0.00475495
16.54 0 -0.00156996 -0.00345441 -0.00494752
16.55 0 -0.0016634 -0.00360272 -0.00509054
16.56 0 -0.00173846 -0.00371589 -0.00518693
16.57 0 -0.00178945 -0.00378956 -0.00523913
16.58 0 -0.00181196 -0.00381942 -0.00524896
16.59 0 -0.00180359 -0.00380201 -0.00521733
16.6 0 -0.00176412 -0.00373564 -0.0051441
16.61 0 -0.00169534 -0.00362094 -0.00502797
16.62 0 -0.00160078 -0.00346107 -0.00486674
16.63 0 -0.00148541 -0.00326132 -0.00465792
16.64 0 -0.00135528 -0.00302835 -0.00439943
16.65 0 -0.001217 -0.0027693 -0.0040904
16.66 0 -0.00107684 -0.00249079 -0.0037316
16.67 0 -0.000939907 -0.0021984 -0.00332574
16.68 0 -0.000809506 -0.00189663 -0.00287771
16.69 0 -0.000686802 -0.00158897 -0.00239455
16.7 0 -0.000570727 -0.00127788 -0.00188499
16.71 0 -0.000458377 -0.000964782 -0.00135902
16.72 0 -0.000345744 -0.000650129 -0.000827178
16.73 0 -0.00022879 -0.000333812 -0.000300086
16.74 0 -0.000104524 -1.59409e-05 0.000212024
16.75 0 2.85438e-05 0.000302585 0.000700072
16.76 0 0.000170454 0.000619795 0.00115702
16.77 0 0.000319757 0.000932395 0.00157824
16.78 0 0.000473439 0.00123577 0.00196142
16.79 0 0.000627214 0.00152459 0.00230644
16.8 0 0.000776029 0.00179361 0.00261503
16.81 0 0.000914462 0.00203825 0.00289006
16.82 0 0.001037 0.00225454 0.00313453
16.83 0 0.00113866 0.00243911 0.00335079
16.84 0 0.00121599 0.00258957 0.00354043
16.85 0 0.00126791 0.00270484 0.0037043
16.86 0 0.00129563 0.00278531 0.00384225
16.87 0 0.00130201 0.00283267 0.00395284
16.88 0 0.00129087 0.00284973 0.00403342
16.89 0 0.00126635 0.00283998 0.00408038
16.9 0 0.00123234 0.00280688 0.00408971
16.91 0 0.00119231 0.00275338 0.00405774
16.92 0 0.0011492 0.00268159 0.00398196
16.93 0 0.0011051 0.00259269 0.00386145
16.94 0 0.00106089 0.00248702 0.003697
16.95 0 0.00101619 0.00236451 0.00349121
16.96 0 0.00096966 0.00222535 0.00324856
16.97 0 0.000919485 0.00207029 0.00297526
16.98 0 0.00086376 0.00190071 0.00267881
16.99 0 0.000800851 0.00171846 0.00236742
17 0 0.000729515 0.0015255 0.00204914
17.01 0 0.000648735 0.00132339 0.00173089
17.02 0 0.000557681 0.00111313 0.00141774
17.03 0 0.000455824 0.000895143 0.0011125
17.04 0 0.000342925 0.000669276 0.000815469
17.05 0 0.000219279 0.00043505 0.000524638
17.06 0 8.64692e-05 0.000192561 0.000236716
17.07 0 -5.20624e-05 -5.6581e-05 -5.16426e-05
17.08 0 -0.000191405 -0.00030903 -0.000343219
17.09 0 -0.000326287 -0.000560248 -0.000640117
17.1 0 -0.000451897 -0.00080508 -0.000943401
17.11 0 -0.000564244 -0.00103829 -0.00125249
17.12 0 -0.000660578 -0.00125538 -0.00156494
17.13 0 -0.000739895 -0.00145346 -0.00187667
17.14 0 -0.000803029 -0.00163158 -0.00218225
17.15 0 -0.000852269 -0.00179025 -0.00247505
17.16 0 -0.000890831 -0.0019308 -0.00274763
17.17 0 -0.000922337 -0.00205459 -0.00299234
17.18 0 -0.000950425 -0.00216268 -0.00320216
17.19 0 -0.000978395 -0.00225582 -0.0033716
17.2 0 -0.00100857 -0.00233432 -0.00349706
17.21 0 -0.00104146 -0.0023978 -0.00357676
17.22 0 -0.00107527 -0.00244474 -0.00361036
17.23 0 -0.00110615 -0.00247239 -0.00359881
17.24 0 -0.00112917 -0.00247713 -0.00354442
17.25 0 -0.00113927 -0.00245484 -0.00345054
17.26 0 -0.00113176 -0.00240133 -0.00332089
17.27 0 -0.00110273 -0.00231295 -0.00315884
17.28 0 -0.00104951 -0.00218732 -0.00296689
17.29 0 -0.000971217 -0.00202406 -0.00274666
17.3 0 -0.000869232 -0.00182526 -0.00249905
17.31 0 -0.000747032 -0.00159514 -0.00222441
17.32 0 -0.000609623 -0.00133931 -0.00192258
17.33 0 -0.000462909 -0.00106404 -0.00159324
17.34 0 -0.000312973 -0.000775651 -0.00123643
17.35 0 -0.000165311 -0.00047991 -0.000852963
17.36 0 -2.43988e-05 -0.000181971 -0.00044501
17.37 0 0.000106494 0.000113532 -1.66758e-05
17.38 0 0.000225395 0.000402367 0.000425761
17.39 0 0.000331604 0.000680634 0.000873901
17.4 0 0.000425622 0.000944863 0.00131766
17.41 0 0.000509044 0.00119224 0.00174602
17.42 0 0.000584257 0.00142078 0.0021479
17.43 0 0.000654112 0.00162941 0.00251311
17.44 0 0.000721567 0.00181806 0.00283329
17.45 0 0.000789185 0.00198733 0.00310257
17.46 0 0.000858648 0.00213813 0.00331793
17.47 0 0.000930347 0.00227112 0.00347929
17.48 0 0.00100307 0.00238629 0.00358917
17.49 0 0.00107392 0.00248252 0.0036521
17.5 0 0.0011385 0.00255748 0.00367381
17.51 0 0.0011911 0.00260753 0.00366015
17.52 0 0.00122528 0.00262791 0.00361604
17.53 0 0.00123489 0.00261343 0.00354487
17.54 0 0.00121519 0.00255946 0.00344828
17.55 0 0.00116378 0.00246287 0.00332604
17.56 0 0.001081 0.0023227 0.00317617
17.57 0 0.000969842 0.00214047 0.00299513
17.58 0 0.000835359 0.00191985 0.00277819
17.59 0 0.000683983 0.00166611 0.00252006
17.6 0 0.000522804 0.00138538 0.00221584
17.61 0 0.000359015 0.00108409 0.00186218
17.62 0 0.000199249 0.000768511 0.00145823
17.63 0 4.86555e-05 0.000444281 0.00100614
17.64 0 -8.98638e-05 0.000115997 0.000511037
17.65 0 -0.000215893 -0.000212834 -1.89614e-05
17.66 0 -0.000331374 -0.000539866 -0.000573256
17.67 0 -0.000440247 -0.000864056 -0.00113962
17.68 0 -0.000547708 -0.0011856 -0.00170517
17.69 0 -0.000659201 -0.00150548 -0.0022574
17.7 0 -0.000779494 -0.00182493 -0.00278509
17.71 0 -0.000911957 -0.00214471 -0.00327937
17.72 0 -0.00105779 -0.00246426 -0.00373402
17.73 0 -0.00121528 -0.00278074 -0.00414531
17.74 0 -0.00137994 -0.00308898 -0.00451196
17.75 0 -0.00154561 -0.00338252 -0.00483537
17.76 0 -0.00170533 -0.00365463 -0.00511921
17.77 0 -0.00185174 -0.00389887 -0.00536816
17.78 0 -0.0019776 -0.00410954 -0.00558669
17.79 0 -0.00207674 -0.00428221 -0.00577825
17.8 0 -0.00214504 -0.0044141 -0.0059448
17.81 0 -0.00218089 -0.0045039 -0.00608631
17.82 0 -0.0021849 -0.0045513 -0.00620023
17.83 0 -0.00215969 -0.0045568 -0.00628157
17.84 0 -0.00210963 -0.00452187 -0.00632366
17.85 0 -0.00204022 -0.00444894 -0.00631889
17.86 0 -0.00195727 -0.00434107 -0.00625959
17.87 0 -0.00186616 -0.00420163 -0.00613902
17.88 0 -0.00177127 -0.00403382 -0.00595225
17.89 0 -0.00167567 -0.00384027 -0.00569703
17.9 0 -0.00158095 -0.00362293 -0.00537431
17.91 0 -0.001487 -0.00338286 -0.00498821
17.92 0 -0.00139164 -0.00312 -0.00454526
17.93 0 -0.00129095 -0.00283338 -0.00405384
17.94 0 -0.00118018 -0.00252185 -0.00352366
17.95 0 -0.00105458 -0.00218442 -0.00296494
17.96 0 -0.000910151 -0.00182063 -0.00238746
17.97 0 -0.000744442 -0.00143111 -0.00179999
17.98 0 -0.000557086 -0.00101792 -0.00120972
17.99 0 -0.000349551 -0.000584317 -0.00062149
18 0 -0.00012478 -0.000134398 -3.74927e-05
18.01 0 0.000112845 0.000326974 0.000542328
18.02 0 0.000357581 0.000794249 0.00111942
18.03 0 0.000602824 0.0012615 0.00169583
18.04 0 0.000841708 0.00172263 0.00227333
18.05 0 0.0010679 0.00217172 0.00285269
18.06 0 0.00127646 0.00260344 0.00343321
18.07 0 0.0014642 0.00301328 0.00401224
18.08 0 0.00162977 0.00339773 0.0045849
18.09 0 0.00177375 0.00375459 0.00514429
18.1 0 0.00189831 0.00408285 0.00568184
18.11 0 0.00200659 0.00438241 0.00618783
18.12 0 0.00210219 0.00465355 0.00665207
18.13 0 0.00218857 0.0048965 0.0070648
18.14 0 0.00226852 0.005111 0.00741747
18.15 0 0.00234378 0.00529612 0.00770345
18.16 0 0.00241451 0.00545006 0.00791832
18.17 0 0.0024791 0.00557016 0.00805996
18.18 0 0.00253423 0.00565308 0.00812842
18.19 0 0.00257535 0.00569505 0.00812564
18.2 0 0.00259729 0.00569219 0.00805503
18.21 0 0.00259492 0.00564087 0.00792081
18.22 0 0.0025638 0.00553801 0.00772739
18.23 0 0.00250095 0.00538173 0.0074789
18.24 0 0.00240531 0.00517181 0.00717883
18.25 0 0.00227795 0.00491009 0.00682993
18.26 0 0.00212211 0.00460061 0.00643426
18.27 0 0.0019427 0.00424931 0.00599328
18.28 0 0.00174561 0.00386321 0.00550803
18.29 0 0.00153703 0.00344962 0.00497951
18.3 0 0.00132279 0.00301545 0.00440915
18.31 0 0.0011079 0.00256669 0.0037994
18.32 0 0.000896133 0.00210826 0.00315407
18.33 0 0.000689621 0.00164392 0.00247847
18.34 0 0.000488766 0.00117637 0.00177928
18.35 0 0.000292501 0.00070754 0.00106446
18.36 0 9.88405e-05 0.000238938 0.000342966
18.37 0 -9.43502e-05 -0.000227919 -0.000375522
18.38 0 -0.000288625 -0.000691035 -0.00108097
18.39 0 -0.000484696 -0.0011478 -0.00176374
18.4 0 -0.00068246 -0.00159507 -0.00241534
18.41 0 -0.000880974 -0.0020292 -0.00302902
18.42 0 -0.0010783 -0.00244605 -0.00359983
18.43 0 -0.00127141 -0.00284103 -0.00412443
18.44 0 -0.00145644 -0.00320945 -0.00460104
18.45 0 -0.00162928 -0.00354694 -0.00502929
18.46 0 -0.00178574 -0.00384951 -0.00540962
18.47 0 -0.00192161 -0.0041133 -0.00574244
18.48 0 -0.00203294 -0.00433451 -0.00602751
18.49 0 -0.00211656 -0.00450959 -0.0062637
18.5 0 -0.00217067 -0.00463573 -0.00644911
18.51 0 -0.00219531 -0.00471149 -0.00658135
18.52 0 -0.00219225 -0.00473709 -0.00665772
18.53 0 -0.00216474 -0.00471455 -0.00667555
18.54 0 -0.00211706 -0.00464759 -0.00663261
18.55 0 -0.00205401 -0.00454117 -0.0065276
18.56 0 -0.00198006 -0.00440052 -0.00636027
18.57 0 -0.00189877 -0.00423034 -0.00613171
18.58 0 -0.00181256 -0.00403429 -0.00584464
18.59 0 -0.00172249 -0.00381482 -0.00550346
18.6 0 -0.00162816 -0.00357314 -0.005114
18.61 0 -0.00152803 -0.00330981 -0.00468337
18.62 0 -0.0014198 -0.00302522 -0.00421959
18.63 0 -0.00130075 -0.00271974 -0.0037308
18.64 0 -0.00116821 -0.00239399 -0.00322471
18.65 0 -0.00102047 -0.00204912 -0.00270835
18.66 0 -0.000857124 -0.00168695 -0.00218764
18.67 0 -0.000679146 -0.00130986 -0.00166695
18.68 0 -0.000489042 -0.000921147 -0.00114928
18.69 0 -0.000290831 -0.000525299 -0.000636595
18.7 0 -8.95397e-05 -0.000127827 -0.000130014
18.71 0 0.00010932 0.000265045 0.000369717
18.72 0 0.000300264 0.000646855 0.000861723
18.73 0 0.000478458 0.00101163 0.00134464
18.74 0 0.000640146 0.0013544 0.00181624
18.75 0 0.000782755 0.00167138 0.00227296
18.76 0 0.000905141 0.00195999 0.00270994
18.77 0 0.00100785 0.00221898 0.00312144
18.78 0 0.00109288 0.00244814 0.00350107
18.79 0 0.00116321 0.00264793 0.00384224
18.8 0 0.00122237 0.0028194 0.0041388
18.81 0 0.00127388 0.00296403 0.00438563
18.82 0 0.00132051 0.00308325 0.00457895
18.83 0 0.00136369 0.00317808 0.00471651
18.84 0 0.00140329 0.00324865 0.00479771
18.85 0 0.0014377 0.00329405 0.00482365
18.86 0 0.00146424 0.00331249 0.00479703
18.87 0 0.00147965 0.00330166 0.00472197
18.88 0 0.00148056 0.00325936 0.00460351
18.89 0 0.00146393 0.00318404 0.00444709
18.9 0 0.0014273 0.00307508 0.00425785
18.91 0 0.00136908 0.00293286 0.00404003
18.92 0 0.00128886 0.0027587 0.00379673
18.93 0 0.00118764 0.00255464 0.00352974
18.94 0 0.00106759 0.00232313 0.00323949
18.95 0 0.00093198 0.00206696 0.00292534
18.96 0 0.000785065 0.00178958 0.00258629
18.97 0 0.000631622 0.00149511 0.00222145
18.98 0 0.000476239 0.0011881 0.00183042
18.99 0 0.000322922 0.0008733 0.00141383
19 0 0.000174909 0.000555375 0.000973796
19.01 0 3.43441e-05 0.00023836 0.000514097
19.02 0 -9.80469e-05 -7.48932e-05 3.98826e-05
19.03 0 -0.000222881 -0.000382795 -0.000442501
19.04 0 -0.000341846 -0.000684773 -0.00092583
19.05 0 -0.000457345 -0.000980869 -0.00140249
19.06 0 -0.000571905 -0.00127113 -0.00186485
19.07 0 -0.000687584 -0.00155506 -0.00230573
19.08 0 -0.000805565 -0.00183138 -0.00271881
19.09 0 -0.000925882 -0.00209799 -0.0030991
19.1 0 -0.00104731 -0.00235208 -0.00344309
19.11 0 -0.00116738 -0.00259028 -0.00374879
19.12 0 -0.00128252 -0.00280875 -0.00401549
19.13 0 -0.00138851 -0.00300343 -0.00424346
19.14 0 -0.001481 -0.00317033 -0.00443365
19.15 0 -0.00155605 -0.00330576 -0.00458722
19.16 0 -0.0016104 -0.00340653 -0.00470504
19.17 0 -0.00164188 -0.0034703 -0.00478736
19.18 0 -0.00164971 -0.00349593 -0.00483373
19.19 0 -0.00163452 -0.00348356 -0.00484295
19.2 0 -0.00159816 -0.00343452 -0.00481315
19.21 0 -0.00154352 -0.00335109 -0.00474203
19.22 0 -0.00147405 -0.00323617 -0.00462721
19.23 0 -0.00139336 -0.00309284 -0.00446664
19.24 0 -0.00130482 -0.00292413 -0.00425904
19.25 0 -0.00121126 -0.00273279 -0.00400438
19.26 0 -0.0011146 -0.00252119 -0.00370405
19.27 0 -0.00101569 -0.00229121 -0.00336093
19.28 0 -0.000914323 -0.00204431 -0.00297939
19.29 0 -0.000809516 -0.00178168 -0.00256515
19.3 0 -0.000699829 -0.0015044 -0.002125
19.31 0 -0.000583695 -0.00121358 -0.00166634
19.32 0 -0.000459714 -0.000910508 -0.00119665
19.33 0 -0.000326937 -0.00059679 -0.000722954
19.34 0 -0.000185177 -0.000274534 -0.000251504
19.35 0 -3.52125e-05 5.35168e-05 0.00021248
19.36 0 0.000121199 0.000384017 0.000664971
19.37 0 0.000281363 0.000713062 0.00110307
19.38 0 0.000441798 0.0010363 0.00152481
19.39 0 0.00059857 0.00134915 0.00192889
19.4 0 0.00074769 0.00164714 0.00231439
19.41 0 0.000885506 0.00192612 0.00268042
19.42 0 0.00100902 0.00218251 0.0030258
19.43 0 0.00111611 0.00241346 0.00334879
19.44 0 0.00120565 0.00261692 0.0036469
19.45 0 0.00127748 0.00279159 0.0039169
19.46 0 0.00133235 0.00293688 0.00415491
19.47 0 0.00137175 0.00305278 0.00435672
19.48 0 0.00139766 0.00313974 0.00451815
19.49 0 0.00141225 0.00319852 0.00463537
19.5 0 0.00141744 0.00322992 0.00470528
19.51 0 0.00141472 0.00323473 0.00472579
19.52 0 0.00140491 0.00321353 0.00469608
19.53 0 0.00138806 0.00316664 0.00461668
19.54 0 0.00136354 0.0030941 0.00448943
19.55 0 0.0013301 0.00299573 0.00431738
19.56 0 0.00128614 0.00287129 0.00410446
19.57 0 0.00122996 0.00272062 0.0038552
19.58 0 0.00116004 0.00254388 0.00357434
19.59 0 0.00107534 0.0023417 0.0032665
19.6 0 0.000975516 0.00211531 0.00293585
19.61 0 0.000861061 0.0018666 0.00258598
19.62 0 0.000733361 0.0015981 0.00221975
19.63 0 0.000594645 0.00131293 0.00183939
19.64 0 0.000447814 0.00101473 0.00144661
19.65 0 0.000296184 0.000707422 0.00104284
19.66 0 0.000143193 0.000395099 0.00062951
19.67 0 -7.90587e-06 8.179e-05 0.000208303
19.68 0 -0.000154312 -0.00022873 -0.000218563
19.69 0 -0.000293886 -0.000533113 -0.000648172
19.7 0 -0.00042526 -0.00082855 -0.00107683
19.71 0 -0.000547854 -0.0011128 -0.00150007
19.72 0 -0.000661791 -0.00138415 -0.00191281
19.73 0 -0.000767744 -0.00164131 -0.00230958
19.74 0 -0.000866702 -0.00188328 -0.00268481
19.75 0 -0.000959715 -0.00210914 -0.00303317
19.76 0 -0.00104763 -0.00231799 -0.00334988
19.77 0 -0.00113087 -0.00250876 -0.00363099
19.78 0 -0.00120927 -0.00268018 -0.00387354
19.79 0 -0.00128204 -0.00283075 -0.00407568
19.8 0 -0.00134775 -0.00295873 -0.00423664
19.81 0 -0.00140455 -0.00306229 -0.00435661
19.82 0 -0.00145028 -0.00313954 -0.00443657
19.83 0 -0.00148278 -0.00318878 -0.004478
19.84 0 -0.00150013 -0.00320862 -0.0044826
19.85 0 -0.00150085 -0.00319814 -0.00445206
19.86 0 -0.00148412 -0.003157 -0.00438781
19.87 0 -0.00144989 -0.00308555 -0.00429091
19.88 0 -0.00139889 -0.0029848 -0.00416201
19.89 0 -0.00133261 -0.00285639 -0.0040014
19.9 0 -0.00125311 -0.00270249 -0.00380913
19.91 0 -0.00116281 -0.00252565 -0.00358527
19.92 0 -0.00106429 -0.00232864 -0.0033301
19.93 0 -0.000959979 -0.00211431 -0.0030444
19.94 0 -0.000851999 -0.00188538 -0.0027296
19.95 0 -0.000741967 -0.00164438 -0.00238797
19.96 0 -0.000630919 -0.00139355 -0.00202266
19.97 0 -0.000519306 -0.00113484 -0.00163767
19.98 0 -0.00040703 -0.00086989 -0.00123765
19.99 0 -0.000293596 -0.000600098 -0.000827758
20 0 -0.000178412 -0.000326843 -0.000413411
20.01 0 -6.09955e-05 -5.15985e-05 -5.81077e-08
20.02 0 5.88773e-05 0.000223988 0.000407165
20.03 0 0.000181012 0.000498001 0.000803664
20.04 0 0.000304684 0.000768207 0.00118554
20.05 0 0.000428603 0.00103206 0.00154966
