0.02 0 0.0170545 0.0206252 0.0197721
0.04 0 -0.00443306 0.00381622 0.00394068
0.06 0 0.0202866 0.0297838 0.0351152
0.08 0 0.0417099 0.0609004 0.0701368
0.1 0 -0.0466786 -0.0243266 -0.00692895
0.12 0 -0.0686614 -0.0829193 -0.0490214
0.14 0 -0.00580738 -0.0570839 -0.033645
0.16 0 0.0324366 0.00496134 -0.0318637
0.18 0 -0.0095471 0.00343214 -0.0848834
0.2 0 -0.0416795 -0.0573238 -0.121489
0.22 0 0.0318035 -0.0367084 -0.0417414
0.24 0 0.00210637 -0.0390703 -0.0323202
0.26 0 -0.0682367 -0.0449009 -0.0557623
0.28 0 -0.0427582 -0.024206 -0.0184628
0.3 0 0.032975 0.00991219 0.0444088
0.32 0 0.0400051 0.0340749 0.0519636
0.34 0 -0.0262264 0.0139865 -0.00336611
0.36 0 -0.0444933 -0.0255695 -0.0333449
0.38 0 0.050609 0.0152211 0.0362457
0.4 0 0.130953 0.132432 0.131669
0.42 0 0.0528989 0.155883 0.120878
0.44 0 -0.0617166 0.0387592 0.0606217
0.46 0 -0.01901 -0.0327129 0.0991955
0.48 0 0.00346416 -0.0501183 0.0856734
0.5 0 -0.00155626 0.0303641 0.0383856
0.52 0 0.0324271 0.118001 0.0203251
0.54 0 0.075815 0.0972605 0.0184774
0.56 0 0.0735719 0.0231474 0.0178397
0.58 0 -0.0131857 -0.040205 -0.0160003
0.6 0 -0.0279496 0.00997301 0.0283309
0.62 0 -0.0122194 0.0400888 0.0710357
0.64 0 -0.0363013 -0.0266712 0.0337908
0.66 0 -0.052029 -0.0879539 -0.0304057
0.68 0 -0.0538192 -0.102817 -0.10514
0.7 0 -0.0333123 -0.0820194 -0.164664
0.72 0 0.0798782 0.0337535 -0.0993526
0.74 0 0.0746461 0.051442 -0.0768404
0.76 0 0.00296588 0.00378651 -0.0543164
0.78 0 -0.0580687 -0.0613806 -0.0101809
0.8 0 -0.122303 -0.144445 -0.0153001
0.82 0 -0.0502172 -0.0664244 0.0473455
0.84 0 0.0174049 0.0444205 0.0614973
0.86 0 -0.0397241 -0.00500969 -0.0709102
0.88 0 -0.043031 -0.0942757 -0.165479
0.9 0 0.0497352 -0.0766031 -0.137256
0.92 0 0.115112 0.0570428 -0.0458359
0.94 0 0.0553863 0.133128 0.0110035
0.96 0 -0.114446 -0.0369539 -0.0391687
0.98 0 -0.118272 -0.17936 0.000297347
1 0 -0.00470426 -0.101035 0.0970352
1.02 0 -0.0294115 0.0149453 0.0334016
1.04 0 -0.0485911 0.062795 -0.064427
1.06 0 0.119124 0.109282 0.00684816
1.08 0 0.204568 0.120782 0.0839633
1.1 0 0.0980729 0.135295 0.101562
1.12 0 -0.0706193 0.0809188 0.0898944
1.14 0 -0.144244 -0.0801281 0.0777292
1.16 0 -0.017857 -0.0900315 0.155785
1.18 0 0.0612171 0.0453408 0.154741
1.2 0 -0.0161953 0.105535 -0.00503628
1.22 0 0.0351566 0.107282 -0.054201
1.24 0 0.137843 0.0444464 -0.0163826
1.26 0 0.126806 0.0341455 0.0248093
1.28 0 -0.0818987 -0.0250571 -0.0520421
1.3 0 -0.143058 -0.0599709 -0.0323299
1.32 0 0.037678 0.0127041 0.143274
1.34 0 0.0281862 -0.00700695 0.11119
1.36 0 -0.0207652 0.043542 0.0405287
1.38 0 -0.0921613 -0.0297761 -0.0955111
1.4 0 -0.00657836 -0.0864556 -0.115932
1.42 0 0.131509 -0.00173908 -0.0363085
1.44 0 0.0141868 0.00570908 -0.111722
1.46 0 -0.1141 -0.0545667 -0.170899
1.48 0 -0.0762125 -0.131341 -0.109888
1.5 0 0.0689996 -0.0546825 0.0510385
1.52 0 0.0207781 0.0364218 0.0604856
1.54 0 -0.0695354 0.0748345 0.0181248
1.56 0 -0.030828 0.0216967 0.0342581
1.58 0 0.0627601 -0.0280528 0.075818
1.6 0 -0.0673926 -0.137201 -0.0847349
1.62 0 -0.0773593 -0.0601735 -0.131771
1.64 0 0.00425182 0.00517534 -0.11163
1.66 0 0.0831142 0.0136743 -0.0663133
1.68 0 0.137607 0.0973777 0.0458393
1.7 0 -0.0573702 0.00137603 -0.0247499
1.72 0 -0.0767547 -0.0143386 0.0484006
1.74 0 -0.0137815 -0.0215074 0.133729
1.76 0 0.0239384 0.0262127 0.156818
1.78 0 -0.0886392 -0.0260787 -0.00587595
1.8 0 -0.0481376 -0.0276499 -0.0746927
1.82 0 -0.0218566 -0.125747 -0.183689
1.84 0 0.0803751 -0.0595176 -0.160898
1.86 0 0.163535 0.146114 -0.0342831
1.88 0 0.0554491 0.165336 0.00807922
1.9 0 -0.0293727 0.0479744 0.0907549
1.92 0 -0.0154556 -0.0279601 0.228168
1.94 0 -0.052759 -0.0232001 0.251991
1.96 0 -0.0977798 0.0359254 0.167954
1.98 0 -0.0424492 0.0553581 0.0624906
2 0 0.0204943 -0.0464854 -0.0944838
2.02 0 0.119758 -0.0307059 -0.154616
2.04 0 0.135537 0.078435 -0.152358
2.06 0 0.133432 0.204423 -0.0249495
2.08 0 0.0326326 0.113752 0.0794381
2.1 0 -0.0539598 -0.0369483 0.188827
2.12 0 -0.115749 -0.0950072 0.240638
2.14 0 -0.125648 -0.0307524 0.2078
2.16 0 -0.0696541 0.0300624 0.0928289
2.18 0 0.115508 0.117904 0.0391867
2.2 0 0.153203 0.0828457 -0.0938742
2.22 0 0.0445683 -0.0240559 -0.240566
2.24 0 -0.13475 -0.224819 -0.376285
2.26 0 -0.0436252 -0.186285 -0.217149
2.28 0 0.105676 0.0343401 0.0483736
2.3 0 -0.201278 -0.131893 -0.126694
2.32 0 -0.270132 -0.255091 -0.183631
2.34 0 -0.069967 -0.235472 -0.107368
2.36 0 0.089193 -0.0586359 -0.0698998
2.38 0 0.185639 0.261398 0.0125653
2.4 0 0.167341 0.361353 0.0887743
2.42 0 -0.0838242 -0.0437586 -0.0332958
2.44 0 -0.167528 -0.339047 -0.0338827
2.46 0 -0.111909 -0.240345 0.0365268
2.48 0 -0.0243459 0.0851848 0.0751847
2.5 0 0.363283 0.614761 0.40573
2.52 0 0.307894 0.515169 0.386284
2.54 0 -0.189944 -0.165643 -0.0235184
2.56 0 -0.234932 -0.397353 -0.0684105
2.58 0 -0.0360046 -0.160459 0.0330884
2.6 0 0.166035 0.282973 0.133914
2.62 0 0.099909 0.312927 0.00716023
2.64 0 0.0613476 0.0607681 -0.0552216
2.66 0 -0.00248517 -0.215503 -0.0854182
2.68 0 -0.176335 -0.318817 -0.185522
2.7 0 -0.0544991 0.00718037 -0.0229657
2.72 0 0.173094 0.326468 0.211717
2.74 0 0.152432 0.258454 0.226759
2.76 0 -0.265535 -0.297167 -0.165365
2.78 0 -0.210989 -0.386423 -0.18769
2.8 0 0.0329835 -0.108826 -0.0791324
2.82 0 0.0873238 0.131553 -0.113633
2.84 0 0.0593524 0.151181 -0.162116
2.86 0 0.0348448 -0.040421 -0.147574
2.88 0 -0.122895 -0.32581 -0.21509
2.9 0 -0.079201 -0.183532 -0.0664992
2.92 0 0.322743 0.49593 0.467279
2.94 0 0.290433 0.69239 0.628607
2.96 0 -0.176198 0.111892 0.304057
2.98 0 -0.476393 -0.611603 -0.0935995
3 0 -0.180351 -0.548072 -0.127055
3.02 0 0.189779 0.0913656 -0.102686
3.04 0 0.378696 0.641951 -0.0908753
3.06 0 0.287975 0.465031 -0.139747
3.08 0 -0.107109 -0.346498 -0.32548
3.1 0 -0.412166 -0.839175 -0.38647
3.12 0 -0.3433 -0.503359 -0.184631
3.14 0 -0.105455 0.0864496 0.00878438
3.16 0 0.322992 0.560941 0.303198
3.18 0 0.249866 0.302945 0.174749
3.2 0 -0.371145 -0.535315 -0.436955
3.22 0 -0.238086 -0.525353 -0.359693
3.24 0 0.304888 0.200282 0.140065
3.26 0 0.335342 0.620823 0.288782
3.28 0 -0.173968 0.14399 -0.0459951
3.3 0 -0.280393 -0.426505 -0.118959
3.32 0 -0.0212435 -0.419576 0.0691584
3.34 0 0.0693943 0.0645434 0.121422
3.36 0 0.00272301 0.410969 0.0191503
3.38 0 0.149208 0.348242 0.0747677
3.4 0 0.251257 0.0205718 0.150252
3.42 0 0.122074 -0.0444706 0.17907
3.44 0 -0.0664753 0.192658 0.22494
3.46 0 -0.137254 0.224647 0.245825
3.48 0 0.00335549 0.0278066 0.281118
3.5 0 -0.0433308 -0.257179 0.0524712
3.52 0 0.0654298 0.0093141 0.0064061
3.54 0 0.14473 0.332955 -0.0107483
3.56 0 0.121348 0.249018 -0.0691614
3.58 0 -0.0110558 -0.165445 -0.169824
3.6 0 -0.0648058 -0.311046 -0.123935
3.62 0 -0.00856408 -0.0103379 0.070006
3.64 0 -0.126737 0.0985557 0.0375589
3.66 0 -0.0987449 -0.00337002 0.0164759
3.68 0 -0.126678 -0.326568 -0.164787
3.7 0 -0.051769 -0.307628 -0.248358
3.72 0 0.141011 0.117524 -0.132053
3.74 0 -0.0895038 0.020938 -0.363406
3.76 0 -0.109535 -0.220449 -0.379057
3.78 0 0.147375 -0.153488 -0.0600074
3.8 0 0.293077 0.284157 0.32478
3.82 0 -0.122172 0.28117 0.222031
3.84 0 -0.352906 -0.0919349 0.0937624
3.86 0 -0.0511078 -0.263573 0.232977
3.88 0 -0.037611 -0.297598 0.0116403
3.9 0 0.071073 0.182938 -0.0762447
3.92 0 0.123532 0.365652 -0.181232
3.94 0 0.28088 0.224481 -0.0785078
3.96 0 0.244732 0.0019 0.0551589
3.98 0 -0.177144 -0.198187 -0.0310963
4 0 -0.326198 -0.124688 0.0516473
4.02 0 -0.0693638 0.0481955 0.290527
4.04 0 0.123416 0.106553 0.329627
4.06 0 0.0747743 0.112746 0.132954
4.08 0 0.00609465 0.110754 -0.0625411
4.1 0 0.167978 0.182439 0.00452335
4.12 0 0.0627682 -0.0339021 -0.103672
4.14 0 -0.184449 -0.301516 -0.289345
4.16 0 -0.0907988 -0.173889 -0.151241
4.18 0 -0.0944614 -0.132352 -0.149354
4.2 0 -0.0167227 -0.0370258 -0.0909056
4.22 0 0.221931 0.235293 0.164939
4.24 0 0.169279 0.281207 0.226908
4.26 0 -0.0780457 0.0671015 0.124339
4.28 0 -0.0326037 0.01489 0.238424
4.3 0 0.22301 0.267319 0.516508
4.32 0 -0.0409935 0.150675 0.262729
4.34 0 -0.16999 -0.00289807 0.0347638
4.36 0 0.0937089 0.0268023 0.0881344
4.38 0 0.174224 0.0338682 0.0115628
4.4 0 -0.0934336 -0.105444 -0.302311
4.42 0 -0.144805 -0.164356 -0.38534
4.44 0 0.0492604 -0.12944 -0.218098
4.46 0 0.206835 0.063881 0.0311755
4.48 0 0.112725 0.249394 0.174296
4.5 0 -0.428243 -0.224657 -0.183597
4.52 0 -0.306616 -0.438999 -0.129102
4.54 0 -0.0686797 -0.416211 -0.118154
4.56 0 -0.0374144 -0.156417 -0.296548
4.58 0 -0.1022 -0.0121556 -0.534153
4.6 0 -0.0462266 -0.183829 -0.626921
4.62 0 0.198917 -0.220953 -0.379314
4.64 0 0.272287 0.0834552 -0.00808835
4.66 0 -0.0435093 0.266386 0.157292
4.68 0 -0.361104 -0.0126748 0.172671
4.7 0 -0.326724 -0.421007 0.199126
4.72 0 -0.0293939 -0.305904 0.262972
4.74 0 0.0151087 0.0809617 0.0269673
4.76 0 -0.0433565 0.220716 -0.335501
4.78 0 0.399633 0.346855 -0.136964
4.8 0 0.618922 0.358172 0.171392
4.82 0 0.129884 0.194037 0.16665
4.84 0 -0.397494 -0.0352355 0.148804
4.86 0 -0.252323 -0.0764999 0.475124
4.88 0 0.0634251 0.0173417 0.679402
4.9 0 -0.125638 -0.039139 0.236964
4.92 0 -0.145554 0.0349163 -0.174952
4.94 0 0.278775 0.219756 -0.183327
4.96 0 0.727638 0.532347 0.122561
4.98 0 0.247818 0.300465 -0.0504257
5 0 -0.415581 -0.230665 -0.264236
5.02 0 -0.308333 -0.383413 0.0811902
5.04 0 -0.218658 -0.443963 0.168594
5.06 0 -0.0882357 -0.0583207 0.148366
5.08 0 0.197529 0.498087 0.205736
5.1 0 0.38564 0.602805 0.211259
5.12 0 0.0377124 -0.0632539 -0.178924
5.14 0 -0.00944235 -0.27417 -0.140055
5.16 0 0.0842327 0.0398992 0.134047
5.18 0 -0.169687 0.0798834 0.049964
5.2 0 -0.272719 -0.137027 -0.0637894
5.22 0 -0.0510928 -0.268339 -0.0286204
5.24 0 0.046249 -0.202989 -0.115336
5.26 0 -0.0900345 -0.0766616 -0.360061
5.28 0 0.086895 0.170551 -0.250321
5.3 0 0.261653 0.17971 -0.0378607
5.32 0 0.217038 0.122346 0.154737
5.34 0 -0.0526728 0.0795834 0.239682
5.36 0 -0.418096 -0.199538 0.0842357
5.38 0 -0.392482 -0.427331 -0.0171307
5.4 0 -0.0757457 -0.337027 -0.0705779
5.42 0 0.279029 0.174349 -0.0572654
5.44 0 0.210851 0.370011 -0.273514
5.46 0 0.230757 0.309638 -0.204692
5.48 0 0.270137 0.115615 0.092739
5.5 0 -0.165694 -0.266434 0.0634521
5.52 0 -0.368274 -0.231199 0.164593
5.54 0 -0.328543 -0.149564 0.187171
5.56 0 -0.233039 -0.271774 -0.0528403
5.58 0 0.0338588 -0.19794 -0.247643
5.6 0 0.228403 0.0489751 -0.389857
5.62 0 0.447518 0.460701 -0.20515
5.64 0 0.246262 0.34474 -0.117648
5.66 0 -0.147249 -0.161069 -0.0674929
5.68 0 -0.145811 -0.23253 0.327076
5.7 0 -0.281939 -0.190565 0.397329
5.72 0 -0.41569 -0.176324 0.145376
5.74 0 -0.241022 -0.21716 -0.153009
5.76 0 0.225764 -0.066717 -0.261112
5.78 0 0.330799 0.0598952 -0.479099
5.8 0 0.190282 0.14808 -0.570171
5.82 0 0.0591057 0.0494524 -0.389834
5.84 0 -0.107971 -0.258493 -0.134485
5.86 0 -0.0876484 -0.183038 0.302059
5.88 0 0.00172419 0.26099 0.70392
5.9 0 -0.144085 0.351175 0.638391
5.92 0 -0.129731 0.123431 0.415344
5.94 0 0.312969 0.212168 0.463902
5.96 0 0.415 0.399207 0.312771
5.98 0 0.166939 0.440677 0.0256178
6 0 0.30298 0.53866 0.244553
6.02 0 0.49805 0.553132 0.677446
6.04 0 0.0771564 0.236725 0.646023
6.06 0 -0.332204 0.0154662 0.511929
6.08 0 -0.309196 -0.077396 0.433867
6.1 0 -0.268438 -0.361378 0.00854645
6.12 0 -0.122067 -0.418393 -0.475065
6.14 0 0.0697459 -0.222285 -0.834862
6.16 0 0.184791 -0.0749242 -0.996078
6.18 0 0.135591 -0.182267 -0.950999
6.2 0 0.0413795 -0.287563 -0.604998
6.22 0 -0.164536 -0.300863 -0.181071
6.24 0 -0.369146 -0.242665 0.161612
6.26 0 -0.391153 -0.191311 0.354986
6.28 0 -0.360252 -0.310308 0.191445
6.3 0 -0.168548 -0.298649 -0.108306
6.32 0 -0.0767057 -0.292108 -0.594298
6.34 0 0.0765902 -0.199117 -0.89889
6.36 0 0.0870573 -0.283658 -1.06793
6.38 0 0.198772 -0.180001 -0.765396
6.4 0 0.261596 0.129743 -0.13944
6.42 0 -0.174402 0.0331297 0.156103
6.44 0 -0.481538 -0.225483 0.367334
6.46 0 -0.341269 -0.282519 0.583862
6.48 0 0.0796056 0.140773 0.739314
6.5 0 0.457661 0.818948 0.764695
6.52 0 0.665158 1.2085 0.738422
6.54 0 0.230602 0.503359 0.241205
6.56 0 -0.0583165 -0.263184 -0.0146804
6.58 0 0.203788 -0.033059 0.364816
6.6 0 0.307532 0.626583 0.700265
6.62 0 -0.0934878 0.569615 0.481548
6.64 0 -0.233398 -0.0277175 0.249934
6.66 0 0.126193 -0.240661 0.330754
6.68 0 0.0479899 -0.153474 0.0314714
6.7 0 -0.00587159 0.280502 -0.171131
6.72 0 0.095499 0.317412 -0.227978
6.74 0 0.285026 0.0308627 -0.100761
6.76 0 0.269003 -0.0365046 0.0933984
6.78 0 -0.0243338 0.162102 0.214786
6.8 0 -0.604725 -0.220508 -0.115246
6.82 0 -0.425891 -0.530346 -0.111149
6.84 0 0.124176 -0.346312 0.048276
6.86 0 0.0420714 -0.0933905 -0.320231
6.88 0 -0.142061 0.0544626 -0.688871
6.9 0 -0.219844 -0.401311 -0.955884
6.92 0 0.124293 -0.575391 -0.675594
6.94 0 0.249204 -0.174244 -0.264784
6.96 0 -0.240542 0.0602199 -0.242158
6.98 0 -0.62624 -0.303678 -0.328932
7 0 -0.161862 -0.476907 0.06852
7.02 0 0.106171 -0.328753 0.183841
7.04 0 -0.212345 -0.0756491 -0.238172
7.06 0 -0.379206 -0.0945635 -0.646384
7.08 0 -0.113168 -0.482562 -0.780749
7.1 0 0.525188 -0.207472 -0.323468
7.12 0 0.684525 0.654129 0.220014
7.14 0 -0.04678 0.72385 0.215804
7.16 0 -0.740324 -0.346673 -0.015679
7.18 0 -0.189935 -0.703039 0.525129
7.2 0 0.49145 0.218721 1.09609
7.22 0 0.232457 1.1073 0.813984
7.24 0 -0.140116 0.84938 0.225732
7.26 0 0.203538 -0.0357531 0.11194
7.28 0 0.857671 0.0505209 0.576246
7.3 0 0.498313 0.750689 0.60789
7.32 0 -0.132841 1.06162 0.512589
7.34 0 -0.0682662 0.481369 0.747492
7.36 0 0.306218 -0.153669 1.04431
7.38 0 -0.205268 -0.433654 0.464607
7.4 0 -0.815338 -0.33928 -0.453152
7.42 0 0.165335 0.402988 -0.190601
7.44 0 1.13563 0.750241 0.219674
7.46 0 0.532941 0.277557 -0.232326
7.48 0 -0.633031 -0.490753 -0.846682
7.5 0 -1.03494 -1.21289 -0.975431
7.52 0 -0.445416 -1.19446 -0.54478
7.54 0 -0.0438318 -0.554349 -0.398951
7.56 0 -0.197544 -0.0166273 -0.742683
7.58 0 -0.152082 -0.0195995 -0.911711
7.6 0 0.0536335 -0.532719 -0.855371
7.62 0 0.282945 -0.451151 -0.428337
7.64 0 -0.317619 -0.345773 -0.509203
7.66 0 -0.567888 -0.185748 -0.360347
7.68 0 -0.128173 -0.150274 0.123407
7.7 0 0.122274 -0.224077 0.285855
7.72 0 0.138354 0.170575 0.296407
7.74 0 0.0211811 0.5041 0.190242
7.76 0 0.528379 0.896205 0.682244
7.78 0 0.186091 0.197764 0.411659
7.8 0 -0.170805 -0.259859 0.181528
7.82 0 0.0957941 0.221482 0.512802
7.84 0 0.220966 0.611322 0.632545
7.86 0 0.580282 1.03221 0.994786
7.88 0 0.805036 1.24524 1.37867
7.9 0 0.296657 0.801567 1.18795
7.92 0 -0.317886 0.100787 0.754588
7.94 0 -0.511822 -0.455577 0.313215
7.96 0 0.0406162 -0.151045 0.268958
7.98 0 0.241717 0.20127 -0.139875
8 0 -0.089096 -0.057771 -0.93065
8.02 0 -0.0895975 -0.489784 -1.23554
8.04 0 -0.154347 -0.990185 -1.35308
8.06 0 0.0613814 -0.535198 -0.831025
8.08 0 -0.0730523 0.0165544 -0.389142
8.1 0 -0.464204 -0.149591 -0.264642
8.12 0 -0.424269 -0.558636 -0.0324702
8.14 0 -0.320627 -0.758242 -0.0188274
8.16 0 -0.600336 -0.80224 -0.601769
8.18 0 -0.392009 -0.43981 -0.937087
8.2 0 0.143269 -0.200957 -0.995485
8.22 0 0.330459 -0.279571 -1.05594
8.24 0 0.3861 0.0102974 -0.672178
8.26 0 0.285628 0.446016 0.0307466
8.28 0 0.177996 0.680228 0.889362
8.3 0 -0.306037 0.161413 1.15716
8.32 0 -0.544254 -0.278662 1.13052
8.34 0 -0.072278 0.171706 1.22268
8.36 0 -0.0543206 0.300851 0.462223
8.38 0 -0.0738869 0.0201052 -0.535694
8.4 0 0.509618 0.0305482 -0.789215
8.42 0 1.14653 0.637629 -0.299224
8.44 0 0.81024 1.02681 0.134465
8.46 0 -0.213897 0.462987 0.303515
8.48 0 -0.549454 -0.274135 0.861993
8.5 0 -0.394124 -0.504582 1.32391
8.52 0 -0.30297 -0.0247649 1.17187
8.54 0 -0.119586 0.607154 0.605114
8.56 0 0.427672 0.767446 0.113514
8.58 0 1.10482 0.75198 0.0516663
8.6 0 0.587386 0.221086 -0.435839
8.62 0 -0.0295824 0.0528047 -0.437897
8.64 0 0.0166582 0.280973 0.343964
8.66 0 -0.0316807 0.16575 0.899165
8.68 0 -0.500208 -0.299457 0.719489
8.7 0 -0.866215 -0.729777 0.0715044
8.72 0 -0.202498 -0.329279 -0.104439
8.74 0 0.267745 -0.0422626 -0.584412
8.76 0 0.531922 0.262062 -0.891379
8.78 0 0.16246 -0.101301 -1.27644
8.8 0 -0.576286 -1.11899 -1.67187
8.82 0 -0.844597 -1.71556 -1.56494
8.84 0 -0.677774 -1.38855 -1.12652
8.86 0 -0.426822 -0.596299 -0.76099
8.88 0 -0.165515 -0.0626376 -0.541439
8.9 0 0.109762 -0.00463256 -0.346021
8.92 0 -0.00949744 -0.362041 -0.419077
8.94 0 0.0554144 -0.143818 -0.135763
8.96 0 0.227527 0.454985 0.377812
8.98 0 -0.156914 0.251065 0.297991
9 0 -0.400943 -0.33103 0.103839
9.02 0 0.152741 -0.0852594 0.485262
9.04 0 0.412506 0.505175 0.618744
9.06 0 0.197763 0.770612 0.387097
9.08 0 0.117107 0.49934 0.264353
9.1 0 0.3874 0.237551 0.517826
9.12 0 0.533338 0.483867 0.877965
9.14 0 0.280951 0.890345 1.01409
9.16 0 0.146071 1.015 1.1669
9.18 0 0.271742 0.708887 1.32814
9.2 0 0.354865 0.458011 1.31778
9.22 0 0.196517 0.539668 1.03263
9.24 0 0.0166094 0.601006 0.600249
9.26 0 0.354244 0.647913 0.542251
9.28 0 0.371878 0.245147 0.24541
9.3 0 0.0404769 -0.133191 -0.179148
9.32 0 -0.124284 -0.12996 -0.316396
9.34 0 -0.302284 -0.347098 -0.510736
9.36 0 -0.235326 -0.536167 -0.551166
9.38 0 -0.133123 -0.52944 -0.560441
9.4 0 -0.503117 -0.784743 -1.02889
9.42 0 -0.557261 -0.909533 -1.29055
9.44 0 -0.0831601 -0.629347 -1.03888
9.46 0 0.0579001 -0.417248 -0.909654
9.48 0 -0.227091 -0.425029 -0.954413
9.5 0 -0.466283 -0.633714 -0.907588
9.52 0 -0.173254 -0.508057 -0.396682
9.54 0 -0.316082 -0.594671 -0.370209
9.56 0 -0.28063 -0.315426 -0.272241
9.58 0 -0.292089 -0.274082 -0.397054
9.6 0 -0.399426 -0.659459 -0.785483
9.62 0 0.208808 -0.259321 -0.446122
9.64 0 0.539799 0.399175 -0.0626804
9.66 0 -0.164985 0.114515 -0.416361
9.68 0 -0.631702 -0.626 -0.625461
9.7 0 -0.0483687 -0.568804 5.03853e-05
9.72 0 0.48333 0.296558 0.653464
9.74 0 0.247277 0.970215 0.709179
9.76 0 -0.043754 0.788905 0.590543
9.78 0 0.361595 0.455437 0.984327
9.8 0 0.504621 0.32046 1.15755
9.82 0 0.163333 0.619263 0.968223
9.84 0 0.268222 1.20152 1.11594
9.86 0 0.496369 1.0712 1.20816
9.88 0 0.620599 0.681205 1.21875
9.9 0 0.647513 0.883273 1.34522
9.92 0 0.402329 1.20978 1.3377
9.94 0 0.0987376 0.971572 1.17512
9.96 0 0.137715 0.386911 1.06971
9.98 0 0.419797 0.343287 1.11219
10 0 -0.0834346 0.166859 0.379642
10.02 0 -0.516494 -0.196294 -0.472411
10.04 0 0.0302208 -0.281991 -0.572095
10.06 0 0.211862 -0.537655 -0.861818
10.08 0 -0.275546 -0.828127 -1.47161
10.1 0 -0.673953 -1.00712 -1.81467
10.12 0 -0.733707 -1.36583 -1.87155
10.14 0 -0.636011 -1.63367 -1.80379
10.16 0 -0.512486 -1.34255 -1.63502
10.18 0 -0.411205 -0.736942 -1.39574
10.2 0 -0.302797 -0.454358 -1.12973
10.22 0 -0.460029 -0.897596 -1.14534
10.24 0 -0.76223 -1.49428 -1.36812
10.26 0 -0.871302 -1.58117 -1.55089
10.28 0 -0.261199 -0.757439 -1.18513
10.3 0 0.693036 0.595457 -0.271829
10.32 0 0.788224 1.09509 0.273225
10.34 0 0.122573 0.520835 0.432948
10.36 0 -0.133519 0.0541891 0.965785
10.38 0 0.149173 0.434482 1.78297
10.4 0 0.0131319 0.822772 1.82961
10.42 0 -0.145918 0.844732 1.36945
10.44 0 0.498327 0.916583 1.2603
10.46 0 0.961184 0.931108 1.02939
10.48 0 0.681647 0.869551 0.491327
10.5 0 0.25336 0.704366 0.156974
10.52 0 0.39347 0.617628 0.532055
10.54 0 0.976453 1.10662 1.57185
10.56 0 0.926629 1.68413 2.28987
10.58 0 0.176083 1.5712 2.28474
10.6 0 -0.302059 0.813118 2.03469
10.62 0 -0.333978 -0.180905 1.43704
10.64 0 -0.137782 -0.420892 0.557544
10.66 0 0.224892 0.240632 -0.269428
10.68 0 -0.0636247 -0.0290701 -1.60201
10.7 0 -0.168558 -0.998993 -2.46163
10.72 0 0.0041825 -1.56456 -2.46134
10.74 0 0.172471 -0.868276 -1.66004
10.76 0 -0.650113 -0.629898 -1.41247
10.78 0 -1.10109 -0.927797 -0.997077
10.8 0 -0.702055 -1.23408 -0.294081
10.82 0 -0.58951 -1.27385 -0.269062
10.84 0 -0.44041 -0.465137 -0.459545
10.86 0 -0.197758 0.102739 -0.777204
10.88 0 0.393441 0.149591 -0.739299
10.9 0 0.685512 -0.0107976 -0.527763
10.92 0 0.0358907 -0.291907 -0.641962
10.94 0 -1.03278 -0.925342 -1.05116
10.96 0 -0.916118 -1.15522 -0.754012
10.98 0 -0.121444 -0.763147 -0.181346
11 0 0.308595 0.124012 0.0632895
11.02 0 -0.145247 0.312463 -0.443632
11.04 0 0.0396555 0.219385 -0.34927
11.06 0 0.341598 -0.145214 -0.0423372
11.08 0 0.508652 0.223038 0.49523
11.1 0 -0.204461 0.350733 0.365452
11.12 0 -0.572522 0.0991395 0.279589
11.14 0 -0.0380986 -0.100632 0.618969
11.16 0 0.851112 0.60653 1.25461
11.18 0 1.2428 1.96114 1.78429
11.2 0 0.658605 2.13684 1.62903
11.22 0 0.620054 1.56639 1.96606
11.24 0 0.482893 0.597416 2.09168
11.26 0 0.3737 0.724419 2.18446
11.28 0 -0.443999 0.620101 1.23639
11.3 0 -0.320423 0.443404 0.585451
11.32 0 0.940024 0.687322 0.765882
11.34 0 1.07696 0.709498 0.342157
11.36 0 0.377869 0.7397 -0.195829
11.38 0 -0.287098 0.157584 -0.462738
11.4 0 -0.512865 -0.916912 -0.466108
11.42 0 -0.188818 -1.01164 -0.0785853
11.44 0 -0.452987 -0.619263 -0.372979
11.46 0 -1.13839 -0.831591 -1.40073
11.48 0 -0.921513 -1.47782 -2.04925
11.5 0 0.250968 -1.28531 -1.74783
11.52 0 -0.0467069 -1.19481 -2.26428
11.54 0 -0.8417 -1.12332 -2.73509
11.56 0 -0.311329 -0.691623 -1.75887
11.58 0 0.0169362 -0.825727 -0.819671
11.6 0 -0.135721 -0.571221 -0.095148
11.62 0 -1.16487 -0.79046 -0.400605
11.64 0 -1.07393 -0.802342 -0.331341
11.66 0 0.160991 -0.256149 0.267969
11.68 0 0.603788 0.171111 0.0816347
11.7 0 0.182067 0.430672 -0.541786
11.72 0 0.38374 0.736037 -0.271048
11.74 0 0.939402 0.891839 0.704548
11.76 0 0.796318 0.934743 1.48296
11.78 0 -0.307027 0.561156 1.4383
11.8 0 -0.796358 0.136133 1.35331
11.82 0 -0.267257 -0.0397822 1.36539
11.84 0 -0.099909 -0.320871 0.46483
11.86 0 -0.0995546 -0.227714 -0.726467
11.88 0 0.372139 0.20009 -1.26992
11.9 0 0.47961 -0.0591886 -1.60418
11.92 0 1.07339 0.423161 -0.589574
11.94 0 1.13974 1.27261 0.878147
11.96 0 -0.489579 0.567014 1.04218
11.98 0 -1.07409 -0.19635 1.56531
12 0 -0.946954 -0.93329 1.56575
12.02 0 -0.357924 -0.501115 1.07528
12.04 0 0.0498212 0.421115 -0.0300327
12.06 0 0.481001 0.732867 -1.10105
12.08 0 0.95579 0.245912 -1.56049
12.1 0 1.50819 0.462551 -0.732791
12.12 0 0.847553 0.869734 0.18615
12.14 0 -0.92171 0.145315 0.398209
12.16 0 -1.27177 -0.630331 1.19846
12.18 0 -0.258862 -0.422862 2.20798
12.2 0 0.255765 0.598364 2.07741
12.22 0 0.0844655 1.32368 0.88911
12.24 0 0.765996 1.50457 0.333338
12.26 0 1.68658 1.22813 0.484083
12.28 0 1.83188 1.53071 1.10013
12.3 0 0.2419 1.23058 0.970543
12.32 0 -1.77525 -0.724965 0.0605172
12.34 0 -2.2709 -3.01159 -0.808817
12.36 0 -1.19429 -3.03426 -1.24601
12.38 0 -0.579479 -1.56532 -2.4643
12.4 0 -0.379361 -0.534795 -3.89154
12.42 0 0.706545 -0.373044 -3.78972
12.44 0 1.46144 -0.581061 -2.52992
12.46 0 0.607728 -0.345068 -1.09023
12.48 0 -1.33222 -0.438969 -0.136178
12.5 0 -2.05173 -0.981434 0.968329
12.52 0 -1.69344 -1.85503 1.3372
12.54 0 -1.37502 -2.18682 0.110536
12.56 0 -0.239883 -0.55851 -1.08991
12.58 0 1.33295 1.41811 -1.64296
12.6 0 2.42787 2.20436 -1.30506
12.62 0 2.65584 2.28991 0.251217
12.64 0 0.77323 1.18926 1.38266
12.66 0 -1.74097 -0.458224 1.96152
12.68 0 -2.75708 -1.83388 2.17156
12.7 0 -1.84387 -1.86895 1.85156
12.72 0 0.0396099 -0.0445421 1.00353
12.74 0 1.52816 1.95326 -0.366389
12.76 0 2.41957 2.85232 -1.04217
12.78 0 2.75956 2.30151 -0.490638
12.8 0 1.7281 1.17344 0.64617
12.82 0 -0.330022 0.436933 1.84971
12.84 0 -1.99366 -0.237479 2.6641
12.86 0 -2.48855 -1.42873 2.37693
12.88 0 -1.20239 -1.42793 1.60649
12.9 0 0.500739 0.0655416 0.211867
12.92 0 1.0217 1.0372 -2.0372
12.94 0 1.42099 0.941446 -3.22374
12.96 0 1.69686 0.158489 -2.71891
12.98 0 0.56908 -0.80403 -1.714
13 0 -1.50595 -1.50801 -0.83181
13.02 0 -2.67815 -1.95769 0.0554487
13.04 0 -2.10785 -2.1347 0.655967
13.06 0 -0.874512 -1.51915 0.34528
13.08 0 0.142382 -0.109149 -0.741105
13.1 0 1.33105 1.51545 -1.26986
13.12 0 2.69105 2.68942 -0.330307
13.14 0 2.79722 2.82026 1.26332
13.16 0 1.07829 2.01479 2.57096
13.18 0 -1.01772 0.801499 3.49881
13.2 0 -1.93241 -0.357127 3.88065
13.22 0 -1.54188 -0.831222 3.24231
13.24 0 -0.71019 -0.557238 1.18176
13.26 0 0.21507 0.05317 -1.4786
13.28 0 1.38472 0.471099 -3.30845
13.3 0 2.20473 0.568031 -3.59198
13.32 0 1.80554 0.484827 -2.56873
13.34 0 0.177779 0.204143 -0.768491
13.36 0 -1.18458 -0.225745 1.52229
13.38 0 -1.65969 -0.642691 3.34305
13.4 0 -1.70509 -0.838027 3.45864
13.42 0 -1.12839 -0.295987 2.12775
13.44 0 -0.0473503 0.3079 -0.0472048
13.46 0 0.924013 0.1971 -2.36055
13.48 0 1.64176 0.00101507 -3.56302
13.5 0 1.77971 0.351126 -3.07256
13.52 0 1.26762 1.01091 -1.09806
13.54 0 0.0153864 0.747684 1.08303
13.56 0 -1.20486 -0.290808 2.70465
13.58 0 -1.61531 -1.09152 3.184
13.6 0 -1.92083 -1.00305 2.09244
13.62 0 -1.1518 -0.113933 0.553388
13.64 0 0.677455 0.500739 -0.813018
13.66 0 2.1556 0.80308 -1.72389
13.68 0 2.1432 0.992987 -2.18419
13.7 0 0.994956 0.584551 -2.12172
13.72 0 -0.128248 -0.809355 -1.55892
13.74 0 -1.61002 -2.35923 -1.0853
13.76 0 -2.79606 -2.94553 -0.825663
13.78 0 -2.76488 -2.2745 -0.474338
13.8 0 -1.48345 -1.59131 -0.565254
13.82 0 -0.577604 -1.63037 -1.87514
13.84 0 -0.623533 -2.19098 -4.05841
13.86 0 -1.15146 -3.00548 -6.0661
13.88 0 -1.26572 -3.5121 -6.74698
13.9 0 -0.864725 -3.42241 -5.86377
13.92 0 0.397338 -1.66525 -3.20917
13.94 0 0.904968 0.656477 -0.312093
13.96 0 0.190895 1.97665 2.02565
13.98 0 -0.601335 1.52157 3.72413
14 0 -1.66841 0.0073758 4.14913
14.02 0 -1.90915 -0.760506 3.75692
14.04 0 -1.80565 -0.811934 2.02064
14.06 0 -0.989148 -0.375045 -0.184809
14.08 0 0.700815 0.179375 -1.8177
14.1 0 2.27544 0.487421 -2.75464
14.12 0 3.43679 1.51499 -2.26126
14.14 0 3.37211 2.60942 -0.808533
14.16 0 2.74328 3.41726 1.68297
14.18 0 2.26824 3.91812 4.5068
14.2 0 0.654548 3.76733 5.89723
14.22 0 -0.271211 2.77975 7.00628
14.24 0 0.269909 2.33929 8.35705
14.26 0 1.34868 3.55614 9.17581
14.28 0 1.93178 5.70142 8.38571
14.3 0 2.62383 6.56786 6.83959
14.32 0 3.7159 5.61964 5.45572
14.34 0 3.34557 2.99444 3.23871
14.36 0 1.8066 0.953729 0.738567
14.38 0 1.28682 1.12755 -0.150935
14.4 0 1.41891 1.93921 0.115367
14.42 0 1.2428 1.62717 0.612897
14.44 0 -1.21496 -0.688358 -0.00528849
14.46 0 -4.56456 -3.75368 -1.42032
14.48 0 -3.65913 -6.12068 -2.75735
14.5 0 -2.90071 -5.7368 -5.05633
14.52 0 -2.4651 -3.82949 -7.28227
14.54 0 -1.31071 -2.99327 -8.16924
14.56 0 -0.0862788 -3.58819 -8.05084
14.58 0 -0.283532 -4.50669 -7.81204
14.6 0 -2.42514 -5.29705 -7.90637
14.62 0 -4.27898 -5.53789 -7.11664
14.64 0 -3.72794 -5.10628 -4.7451
14.66 0 -1.5696 -3.55824 -1.87059
14.68 0 -0.303841 -0.951547 -0.146573
14.7 0 -0.148016 1.40005 0.530928
14.72 0 0.356018 2.21798 1.44808
14.74 0 1.27942 1.83894 2.72785
14.76 0 1.73652 1.79607 3.7513
14.78 0 1.37283 2.71383 4.10358
14.8 0 0.73214 3.25928 3.86812
14.82 0 0.907075 2.78335 3.77582
14.84 0 2.09861 2.3986 4.10669
14.86 0 2.27503 2.72107 3.75817
14.88 0 0.866875 2.75995 2.413
14.9 0 0.238767 2.00963 1.70877
14.92 0 1.41264 1.46967 2.47545
14.94 0 2.13184 1.93487 3.23797
14.96 0 1.17824 2.5804 2.84083
14.98 0 -0.382332 1.56932 1.46117
15 0 -1.61358 -1.50798 -0.603531
15.02 0 -2.39937 -4.55164 -2.96947
15.04 0 -2.703 -5.30725 -5.22479
15.06 0 -2.03581 -3.7951 -6.46469
15.08 0 -0.292701 -2.02294 -6.34265
15.1 0 0.85637 -1.53895 -5.58285
15.12 0 0.61663 -1.6413 -4.37282
15.14 0 -0.695602 -1.65143 -2.79784
15.16 0 -2.2316 -2.12849 -1.32831
15.18 0 -3.15422 -3.13155 -0.459536
15.2 0 -3.58169 -4.23131 -0.99783
15.22 0 -2.81295 -3.41912 -1.93627
15.24 0 -0.894983 -0.860113 -2.20607
15.26 0 2.19797 0.961258 -1.97426
15.28 0 4.32074 2.5556 -1.03156
15.3 0 3.09461 3.41617 -0.083494
15.32 0 0.298157 2.18544 1.19645
15.34 0 -1.35797 -0.110095 3.00285
15.36 0 -2.05711 -1.48482 4.26632
15.38 0 -2.61564 -1.27363 3.84673
15.4 0 -2.47376 -0.301919 2.09571
15.42 0 -0.123626 1.07412 0.969616
15.44 0 3.51308 2.80961 1.03943
15.46 0 5.45267 4.18618 0.958411
15.48 0 4.79927 4.75291 0.683865
15.5 0 3.14053 4.6704 1.79141
15.52 0 1.53949 3.62921 4.32031
15.54 0 -0.509221 1.19881 5.92114
15.56 0 -2.97135 -1.46419 5.21676
15.58 0 -3.50053 -1.92467 3.65906
15.6 0 -1.46318 -0.403639 1.88594
15.62 0 1.19925 0.973583 -0.594493
15.64 0 3.10321 1.81357 -2.85987
15.66 0 3.65678 2.135 -3.78024
15.68 0 2.54817 1.41768 -3.19236
15.7 0 1.42172 0.684728 -0.620723
15.72 0 0.127225 0.0547903 2.15174
15.74 0 -2.08891 -0.697676 3.24881
15.76 0 -3.59638 -1.25872 3.10201
15.78 0 -2.92018 -1.25032 2.6144
15.8 0 -1.00809 -0.972714 1.23027
15.82 0 0.514836 -0.619434 -1.51038
15.84 0 1.08267 -0.278333 -4.36772
15.86 0 0.994904 -0.710683 -6.0756
15.88 0 1.0429 -1.5477 -5.66491
15.9 0 0.40133 -2.25827 -4.14358
15.92 0 -0.846198 -1.78828 -1.97707
15.94 0 -2.56558 -1.16442 -0.01711
15.96 0 -3.17598 -1.60801 1.39647
15.98 0 -2.04486 -2.24023 1.94236
16 0 -0.376354 -1.17216 1.34785
16.02 0 0.995675 1.67697 0.317446
16.04 0 1.61473 2.79569 -0.982143
16.06 0 2.13735 1.6867 -1.24504
16.08 0 2.04951 0.304647 -0.448831
16.1 0 0.158033 -0.265809 0.136774
16.12 0 -1.57226 -0.0588286 0.923622
16.14 0 -1.12958 0.449017 2.54559
16.16 0 0.83719 1.48493 4.35065
16.18 0 2.13093 3.21153 5.083
16.2 0 2.298 4.80834 4.82982
16.22 0 2.61616 5.30922 4.84537
16.24 0 3.12423 4.67578 5.40446
16.26 0 2.61705 3.97693 5.82194
16.28 0 1.87447 3.36894 5.54232
16.3 0 2.19329 3.22712 4.80609
16.32 0 1.90856 3.4165 3.58291
16.34 0 1.37965 2.62237 2.15143
16.36 0 0.913884 1.1321 1.00517
16.38 0 0.300626 0.1341 0.329416
16.4 0 -0.522398 -0.487738 0.0472361
16.42 0 -1.43519 -1.50199 -0.203795
16.44 0 -2.38344 -2.53899 -0.881458
16.46 0 -2.95475 -3.27376 -1.7136
16.48 0 -2.97305 -3.8519 -2.65215
16.5 0 -2.80386 -4.26332 -3.89265
16.52 0 -2.1134 -3.88717 -4.91266
16.54 0 -0.302217 -3.35777 -5.84027
16.56 0 2.17277 -2.40353 -6.82763
16.58 0 0.230648 0.00600511 -7.74709
16.6 0 -0.577711 0.202376 -7.12537
16.62 0 0.0567257 -2.68739 -4.27756
16.64 0 -0.873597 -5.10712 -2.02212
16.66 0 -4.03642 -4.83731 -1.68571
16.68 0 -6.68852 -3.81441 -2.33185
16.7 0 -6.25786 -4.61678 -2.68216
16.72 0 -3.74524 -6.31447 -3.27888
16.74 0 -2.03796 -6.30194 -5.35625
16.76 0 -1.91306 -4.38202 -8.49587
16.78 0 -1.73291 -3.20863 -10.6704
16.8 0 -0.651338 -4.23148 -10.6778
16.82 0 -0.29705 -6.03065 -9.53521
16.84 0 -1.75055 -6.19743 -8.42659
16.86 0 -3.99648 -5.17575 -7.6886
16.88 0 -4.75222 -4.64465 -6.69305
16.9 0 -3.07673 -4.47912 -4.84413
16.92 0 -0.839154 -3.59207 -3.00032
16.94 0 0.465161 -1.10918 -1.70892
16.96 0 2.99042 1.19162 -1.12218
16.98 0 -0.111838 3.48126 1.27422
17 0 -0.404016 2.47111 5.54141
17.02 0 0.495702 1.73215 7.43453
17.04 0 0.778103 2.07187 7.36316
17.06 0 0.49224 3.12189 5.88883
17.08 0 0.627805 3.58986 4.02128
17.1 0 2.15479 3.33672 2.99494
17.12 0 3.70078 2.98457 2.32927
17.14 0 4.12935 3.5525 1.71489
17.16 0 4.01569 4.68152 1.85231
17.18 0 3.93703 4.67068 3.04908
17.2 0 3.08607 5.24852 4.25119
17.22 0 2.30218 5.17938 5.74233
17.24 0 2.32508 4.26826 7.17978
17.26 0 2.02912 4.14741 8.95799
17.28 0 2.99155 5.05824 7.66061
17.3 0 1.6539 5.53807 8.25889
17.32 0 0.873926 8.12598 5.09112
17.34 0 3.8497 4.04708 7.99155
17.36 0 5.30665 2.2654 10.1948
17.38 0 2.53048 4.54511 9.92067
17.4 0 -0.753313 7.4752 8.89702
17.42 0 -0.753088 6.46717 8.89796
17.44 0 1.84176 2.78431 9.54084
17.46 0 3.46233 1.48167 9.357
17.48 0 2.29581 4.01009 7.45159
17.5 0 1.0593 7.05907 5.46191
17.52 0 2.22276 6.83473 4.71244
17.54 0 4.86213 4.35141 5.02296
17.56 0 5.7476 3.26106 4.85845
17.58 0 3.8662 4.67592 3.40919
17.6 0 1.6065 5.6749 1.56659
17.62 0 1.70169 4.1419 -0.524698
17.64 0 0.095734 -0.805003 -1.4876
17.66 0 0.454403 -4.86795 -1.66773
17.68 0 -2.20996 -5.30278 -2.22342
17.7 0 -5.66444 -3.39976 -3.38246
17.72 0 -6.11789 -3.21718 -3.10575
17.74 0 -3.6067 -4.99244 -1.91003
17.76 0 -1.49906 -5.85116 -1.65609
17.78 0 -1.85674 -4.20085 -3.31883
17.8 0 -2.5552 -1.5361 -5.26109
17.82 0 -1.44808 -0.839183 -6.1513
17.84 0 1.18975 -1.88379 -5.73425
17.86 0 2.77624 -2.15711 -5.10284
17.88 0 1.79801 -0.772973 -5.06746
17.9 0 -0.656323 -0.0209682 -5.41403
17.92 0 -2.55531 -2.13014 -5.44991
17.94 0 -2.786 -5.30605 -4.42533
17.96 0 -2.99427 -6.80851 -3.45883
17.98 0 -4.20354 -5.8203 -3.46943
18 0 -5.20837 -4.25018 -4.08858
18.02 0 -4.37057 -3.98194 -4.41525
18.04 0 -2.16526 -3.47471 -4.54018
18.06 0 0.488731 -3.72356 -4.23881
18.08 0 1.37337 -1.96928 -4.49529
18.1 0 0.303124 0.00666048 -5.53819
18.12 0 -0.299021 0.212317 -5.82062
18.14 0 0.632322 -1.1153 -4.51111
18.16 0 1.13316 -2.32088 -2.89784
18.18 0 -0.359014 -2.24669 -2.19392
18.2 0 -2.68521 -1.70677 -2.0654
18.22 0 -3.37286 -1.81243 -1.23357
18.24 0 -2.50804 -2.8605 -0.079256
18.26 0 -1.65645 -3.34124 0.447564
18.28 0 -1.89925 -2.5438 -0.279432
18.3 0 -2.86605 -1.98562 -2.20248
18.32 0 -2.94595 -2.78665 -4.1805
18.34 0 -1.8078 -4.27383 -5.59907
18.36 0 -0.576143 -4.6551 -6.63435
18.38 0 -0.607376 -3.83372 -7.99923
18.4 0 -1.50568 -3.30847 -9.49925
18.42 0 -1.53944 -3.72454 -9.84825
18.44 0 -1.11596 -4.99484 -9.3566
18.46 0 -1.37873 -5.81542 -8.73256
18.48 0 -2.61284 -5.60971 -8.28784
18.5 0 -3.68493 -5.01522 -7.56806
18.52 0 -3.47913 -4.68559 -6.09241
18.54 0 -2.64759 -4.71838 -4.4892
18.56 0 -2.20887 -4.31307 -3.39657
18.58 0 -2.48376 -3.36749 -2.96964
18.6 0 -2.57207 -2.38089 -2.00051
18.62 0 -2.11874 -1.8939 0.722301
18.64 0 -0.548529 -1.29273 5.11601
18.66 0 0.533928 2.27147 5.40651
18.68 0 0.365337 5.5935 4.10155
18.7 0 2.68347 5.82034 3.80332
18.72 0 5.73249 4.52245 4.05854
18.74 0 6.40134 4.38691 3.62683
18.76 0 4.49673 5.74351 2.65447
18.78 0 2.6017 6.37292 2.52432
18.8 0 2.25499 4.681 3.78169
18.82 0 2.12425 1.86074 5.27092
18.84 0 0.573237 0.376852 5.78994
18.86 0 -1.89852 0.622102 5.31083
18.88 0 -2.87852 1.21221 5.0412
18.9 0 -1.37279 1.17471 5.4634
18.92 0 1.07709 1.32227 5.81187
18.94 0 2.50409 2.74149 5.24401
18.96 0 2.9634 5.05839 4.20501
18.98 0 3.3844 6.25365 3.38528
19 0 4.54508 1.38674 3.83309
19.02 0 2.24604 3.55436 2.39611
19.04 0 0.819112 4.50389 2.13469
19.06 0 1.63714 4.38155 2.55718
19.08 0 3.1877 2.71919 3.55901
19.1 0 7.40123 1.33058 0.179937
19.12 0 2.58319 4.192 -0.109941
19.14 0 -1.38168 5.17316 0.673089
19.16 0 -1.37616 1.8819 3.61826
19.18 0 -0.304158 -2.57676 6.54092
19.2 0 -1.75834 -3.48462 7.08701
19.22 0 -5.03979 -1.20065 5.35237
19.24 0 -6.21743 0.106077 3.28046
19.26 0 -3.275 -1.2283 2.3105
19.28 0 0.790991 -2.66888 1.23628
19.3 0 2.6205 -1.07119 -1.05264
19.32 0 2.28286 2.49678 -3.98684
19.34 0 2.38826 4.16552 -5.78857
19.36 0 3.99245 2.54177 -5.56996
19.38 0 5.1577 0.287164 -4.13157
19.4 0 3.57583 -0.0195635 -2.90257
19.42 0 0.0577656 0.932064 -1.92235
19.44 0 -2.22159 0.912751 0.0784798
19.46 0 -2.18622 -0.772651 3.10846
19.48 0 -2.09731 -2.71376 5.17658
19.5 0 -3.50386 -3.09264 5.06923
19.52 0 -4.81583 -1.8712 3.79894
19.54 0 -4.08941 -0.924356 2.52667
19.56 0 -1.37393 -0.921533 1.47422
19.58 0 1.38281 -0.631166 0.05953
19.6 0 2.63972 0.857184 -1.99156
19.62 0 2.77297 2.5342 -3.99555
19.64 0 3.18691 2.97119 -4.75984
19.66 0 3.9891 2.10521 -4.0179
19.68 0 3.94084 1.25808 -2.48931
19.7 0 2.09908 1.01725 -1.09925
19.72 0 -0.478057 0.817615 0.2841
19.74 0 -2.29833 -0.29866 1.92596
19.76 0 -3.11498 -2.14179 3.41751
19.78 0 -3.70523 -3.45671 3.94118
19.8 0 -4.25174 -3.33468 3.29459
19.82 0 -3.87674 -2.10869 2.12023
19.84 0 -2.35111 -1.16691 0.63251
19.86 0 -0.185945 -0.812193 -1.05949
19.88 0 1.92203 -0.0394454 -2.59818
19.9 0 3.12659 1.28406 -3.96194
19.92 0 3.48848 2.37416 -4.78464
19.94 0 3.54865 2.49237 -4.56418
19.96 0 2.92157 1.31104 -3.72324
19.98 0 1.46496 -0.181542 -2.50293
20 0 -0.357773 -0.953858 -0.875897
20.02 0 -1.86204 -1.02938 1.06625
20.04 0 -2.41882 -0.78444 3.2005
20.06 0 -2.06943 1.08584 3.53947
20.08 0 -0.593232 4.26221 0.559161
20.1 0 3.32387 2.53365 0.400802
20.12 0 5.93006 -1.64972 3.22579
20.14 0 2.33507 -0.741381 2.94483
20.16 0 -3.72038 2.28245 1.20855
20.18 0 -5.32106 2.04862 1.50269
20.2 0 -2.05412 -1.91975 3.71615
20.22 0 0.557052 -4.58039 4.76834
20.24 0 -0.866528 -2.57936 2.96667
20.26 0 -3.32954 1.34045 0.123297
20.28 0 -2.59277 2.09572 -1.45194
20.3 0 1.16957 -0.561805 -1.56542
20.32 0 3.86575 -2.2127 -1.87419
20.34 0 3.08314 -0.171837 -3.24065
20.36 0 0.971333 3.03433 -4.42598
20.38 0 0.684251 3.26577 -3.96291
20.4 0 2.38425 0.698389 -1.78058
20.42 0 2.95279 -1.18663 0.349363
20.44 0 0.618411 -0.450943 1.19204
20.46 0 -2.68973 0.837688 1.28674
20.48 0 -3.62547 0.259105 2.17479
20.5 0 -2.17175 -1.87725 3.64307
20.52 0 -1.25482 -3.16653 3.91243
20.54 0 -2.28761 -2.3516 2.2212
20.56 0 -3.27021 -0.744775 -0.0858908
20.58 0 -1.69506 0.0312497 -1.18791
20.6 0 1.54415 -0.0656524 -1.30417
20.62 0 3.95264 0.795673 -1.35285
20.64 0 3.9729 2.7622 -2.02633
20.66 0 2.41024 3.59338 -3.02636
20.68 0 1.68217 2.38163 -2.79493
20.7 0 2.24263 0.635178 -0.875238
20.72 0 1.86374 -0.122471 1.07432
20.74 0 -0.332955 0.245966 2.02406
20.76 0 -3.17568 -0.233988 1.92266
20.78 0 -4.68617 -2.54397 1.54738
20.8 0 -3.9017 -4.4853 1.80261
20.82 0 -2.85979 -4.487 1.4523
20.84 0 -2.72011 -2.78293 -0.222317
20.86 0 -2.39999 -1.15813 -2.43052
20.88 0 -0.545244 -0.692258 -3.90865
20.9 0 2.04442 -0.783361 -4.58576
20.92 0 3.10559 -0.567645 -5.50246
20.94 0 2.4337 0.292987 -6.4417
20.96 0 1.45203 0.776202 -6.49934
20.98 0 1.34433 0.287625 -5.03989
21 0 1.51934 -0.523816 -2.61481
21.02 0 0.573221 -0.849986 -0.464027
21.04 0 -1.51267 -0.793485 0.911581
21.06 0 -3.35148 -1.21796 1.8566
21.08 0 -3.79292 -2.26711 2.77612
21.1 0 -3.10544 -2.89489 3.46625
21.12 0 -2.25224 -2.10531 3.43272
21.14 0 -1.54435 -0.284449 2.58238
21.16 0 -0.264555 1.46705 1.60524
21.18 0 1.635 2.27445 0.823896
21.2 0 3.39039 2.57216 0.245032
21.22 0 3.94097 2.90582 -0.434921
21.24 0 3.06897 2.92398 -1.29012
21.26 0 1.75307 2.07722 -1.76563
21.28 0 0.637376 0.286493 -1.64569
21.3 0 -0.299267 -1.46117 -1.07883
21.32 0 -1.20086 -2.04071 -0.282811
21.34 0 -2.10111 -1.69638 0.356342
21.36 0 -2.49159 -1.31665 0.820306
21.38 0 -2.12156 -1.39583 1.10382
21.4 0 -1.60274 -1.80206 0.796349
21.42 0 -1.41042 -1.95579 -0.228132
21.44 0 -1.39311 -1.73518 -1.67091
21.46 0 -0.716038 -1.13224 -2.67363
21.48 0 0.945767 -0.0476548 -2.65708
21.5 0 2.2728 0.914473 -2.4226
21.52 0 2.57137 1.57234 -2.28221
21.54 0 2.24878 1.91701 -1.84245
21.56 0 1.36757 1.30616 -1.31357
21.58 0 0.359583 0.107518 -0.552337
21.6 0 -0.686459 -0.994613 0.301192
21.62 0 -1.39582 -1.18701 1.36521
21.64 0 -2.01749 -1.04001 2.04163
21.66 0 -2.71002 -1.49736 1.80072
21.68 0 -2.75712 -2.15666 1.18377
21.7 0 -2.16041 -2.41852 0.363718
21.72 0 -0.976228 -1.54007 -0.319034
21.74 0 0.488566 0.234664 -0.784514
21.76 0 1.58834 1.57593 -1.40074
21.78 0 2.4055 2.0388 -1.83853
21.8 0 2.57054 1.56484 -2.18243
21.82 0 2.0071 0.783853 -2.32581
21.84 0 1.46437 0.710327 -1.59126
21.86 0 0.942992 0.990127 -0.264961
21.88 0 0.370039 1.02989 1.21563
21.9 0 -0.186961 0.7381 2.60379
21.92 0 -0.728769 0.36696 3.67512
21.94 0 -1.39115 -0.0227607 4.08882
21.96 0 -1.84122 -0.282778 3.95343
21.98 0 -1.54059 -0.13033 3.69234
22 0 -0.699302 0.318676 3.22655
22.02 0 -0.0181845 0.631275 2.15208
22.04 0 0.663568 1.01663 0.928484
22.06 0 1.51877 1.54911 0.0116941
22.08 0 2.1889 1.89418 -0.660957
22.1 0 2.43094 1.9431 -1.08972
22.12 0 2.39292 1.93347 -1.01439
22.14 0 2.00125 1.76854 -0.547602
22.16 0 1.26928 1.34494 0.142543
22.18 0 0.598812 0.981294 1.19421
22.2 0 0.0968091 0.832513 2.45282
22.22 0 -0.619896 0.525101 3.27366
22.24 0 -1.4942 -0.101379 3.41321
22.26 0 -2.09604 -0.856322 3.03871
22.28 0 -2.53633 -1.8201 1.926
22.3 0 -2.18311 -2.06949 0.788573
22.32 0 -1.20232 -1.46945 -0.275969
22.34 0 -0.200436 -0.644242 -1.53617
22.36 0 0.822068 0.111123 -2.66448
22.38 0 1.87622 0.723599 -3.29367
22.4 0 2.34474 0.866976 -3.68779
22.42 0 1.82231 0.348614 -4.09154
22.44 0 0.725222 -0.587217 -4.22825
22.46 0 -0.33207 -1.55821 -3.79463
22.48 0 -1.07754 -2.19822 -2.81533
22.5 0 -1.64127 -2.38736 -1.66602
22.52 0 -2.1673 -2.32623 -0.758104
22.54 0 -2.6563 -2.43665 -0.386479
22.56 0 -2.75414 -2.66464 -0.38993
22.58 0 -2.17406 -2.48512 -0.434036
22.6 0 -1.19467 -1.66708 -0.540459
22.62 0 -0.182719 -0.450335 -0.788482
22.64 0 0.602569 0.497548 -1.23083
22.66 0 0.913328 0.521865 -1.95781
22.68 0 0.967392 -0.0254968 -2.57737
22.7 0 0.856086 -0.490035 -2.82837
22.72 0 0.692496 -0.408098 -2.54363
22.74 0 0.353499 -0.162205 -1.97762
22.76 0 0.141482 0.0338155 -1.05735
22.78 0 0.269096 0.297571 0.282518
22.8 0 0.0987355 0.339421 1.3543
22.82 0 -0.218283 0.487096 2.20538
22.84 0 -0.494506 0.669052 2.82426
22.86 0 -0.688887 0.583818 3.06631
22.88 0 -0.810848 0.196718 2.85064
22.9 0 -1.04676 -0.431315 2.02198
22.92 0 -1.05889 -0.772616 0.986683
22.94 0 -0.692923 -0.673673 0.0042637
22.96 0 -0.0778693 -0.339674 -0.880945
22.98 0 0.68296 0.12808 -1.52944
23 0 1.20457 0.433824 -2.06823
23.02 0 1.63603 0.810359 -2.14598
23.04 0 1.77202 1.07558 -1.86088
23.06 0 1.15036 0.657102 -1.72045
23.08 0 0.363115 -0.0142732 -1.32856
23.1 0 -0.478944 -0.80959 -0.818296
23.12 0 -1.30463 -1.51137 -0.360826
23.14 0 -1.59126 -1.53205 0.3454
23.16 0 -1.4947 -1.10826 0.993211
23.18 0 -1.37646 -0.801948 1.14491
23.2 0 -0.969193 -0.488401 1.08037
23.22 0 -0.33394 -0.108523 0.882314
23.24 0 0.102418 0.13597 0.338779
23.26 0 0.389331 0.318977 -0.3292
23.28 0 0.279785 0.0120205 -1.28087
23.3 0 0.50301 -0.111538 -1.71183
23.32 0 0.711955 -0.139734 -1.83987
23.34 0 0.421588 -0.361131 -2.07538
23.36 0 0.478522 -0.0507381 -1.61928
23.38 0 0.483464 0.208961 -0.95092
23.4 0 0.0136448 -0.102131 -0.594828
23.42 0 -0.757843 -0.860412 -0.54325
23.44 0 -1.22137 -1.3939 -0.358337
23.46 0 -1.08102 -1.20252 0.174538
23.48 0 -1.39138 -1.31269 -0.0459723
23.5 0 -1.96979 -1.91592 -0.961183
23.52 0 -1.40481 -1.79149 -1.19445
23.54 0 -0.308508 -1.07952 -1.11044
23.56 0 0.437841 -0.199848 -1.25487
23.58 0 0.892477 0.649312 -1.40726
23.6 0 1.47139 1.35037 -1.10212
23.62 0 1.48274 1.14833 -0.954341
23.64 0 1.14157 0.64996 -0.688508
23.66 0 0.755966 0.505499 -0.0428886
23.68 0 -0.445536 -0.234147 -0.0268113
23.7 0 -1.39226 -1.03114 0.051764
23.72 0 -1.6107 -1.51227 0.417273
23.74 0 -1.799 -1.9297 0.342736
23.76 0 -1.57484 -1.60647 0.248008
23.78 0 -0.851604 -0.635095 0.270557
23.8 0 0.173568 0.463476 0.345589
23.82 0 0.652817 0.719667 -0.166433
23.84 0 0.753627 0.420559 -0.900362
23.86 0 1.14359 0.540853 -1.01294
23.88 0 1.19422 0.692046 -1.007
23.9 0 0.986884 0.808319 -0.821356
23.92 0 0.394468 0.381629 -0.740944
23.94 0 -0.379008 -0.547729 -0.755736
23.96 0 -0.648205 -1.00915 -0.301827
23.98 0 -0.599918 -0.76335 0.39791
24 0 -0.698435 -0.321113 0.803326
24.02 0 -0.860138 -0.161264 0.836613
24.04 0 -1.13178 -0.735617 0.330784
24.06 0 -0.729434 -0.947315 0.143629
24.08 0 -0.137329 -0.573032 0.0342379
24.1 0 -0.234792 -0.382224 -0.728397
24.12 0 -0.375449 -0.410092 -1.55788
24.14 0 -0.222005 -0.763602 -2.14676
24.16 0 -0.106733 -1.34028 -2.66699
24.18 0 -0.077047 -1.49268 -2.96474
24.2 0 0.192815 -0.781817 -2.64713
24.22 0 0.217973 -0.223766 -2.27989
24.24 0 -0.0467956 -0.41348 -2.0454
24.26 0 -0.703497 -1.43615 -2.14547
24.28 0 -1.2484 -2.28174 -2.12936
24.3 0 -1.60151 -2.48241 -1.98645
24.32 0 -1.93007 -2.4125 -2.03374
24.34 0 -1.73443 -2.08323 -1.92093
24.36 0 -1.04146 -1.61503 -1.6406
24.38 0 -0.208026 -0.939956 -1.31888
24.4 0 0.219088 -0.311251 -1.27869
24.42 0 -0.253079 -0.557287 -1.99557
24.44 0 -0.89347 -1.48976 -2.87713
24.46 0 -0.896386 -2.1714 -3.14813
24.48 0 -0.57753 -2.13875 -2.96514
24.5 0 -0.60957 -1.71382 -2.89828
24.52 0 -1.00456 -1.5474 -3.09947
24.54 0 -0.899062 -1.50957 -2.89093
24.56 0 -0.361484 -1.42942 -2.28445
24.58 0 -0.30916 -1.42766 -2.00121
24.6 0 -1.076 -1.74057 -2.39223
24.62 0 -1.53602 -1.94244 -2.58539
24.64 0 -0.788124 -1.42446 -1.78935
24.66 0 -0.0858788 -0.86867 -1.06954
24.68 0 -0.423611 -0.889907 -1.27636
24.7 0 -1.10167 -1.27707 -1.85022
24.72 0 -1.14929 -1.58518 -2.00266
24.74 0 -0.76825 -1.70693 -1.878
24.76 0 -0.550742 -1.56231 -1.87613
24.78 0 -0.504312 -1.09972 -1.9379
24.8 0 -0.774739 -1.09492 -2.31823
24.82 0 -0.807301 -1.44548 -2.56068
24.84 0 -0.546511 -1.72166 -2.5215
24.86 0 -0.408534 -1.64271 -2.43911
24.88 0 -0.31745 -1.04928 -2.19184
24.9 0 -0.564641 -0.861395 -2.20276
24.92 0 -0.805773 -1.26997 -2.27971
24.94 0 -0.95082 -1.94373 -2.34072
24.96 0 -1.30131 -2.53345 -2.61324
24.98 0 -1.62064 -2.61989 -2.88591
25 0 -1.62714 -2.35541 -3.00283
25.02 0 -1.11236 -1.90473 -2.79978
25.04 0 -0.519684 -1.54261 -2.58352
25.06 0 -0.592603 -1.68265 -2.93325
25.08 0 -0.91221 -1.94674 -3.41381
25.1 0 -0.979819 -2.07272 -3.59225
25.12 0 -0.77005 -2.01478 -3.43835
25.14 0 -0.343679 -1.55457 -2.91961
25.16 0 -0.380283 -1.2765 -2.66378
25.18 0 -0.791162 -1.41579 -2.67807
25.2 0 -1.07033 -1.77786 -2.60308
25.22 0 -1.17545 -2.14985 -2.44222
25.24 0 -1.16662 -2.16908 -2.2195
25.26 0 -1.13202 -1.82361 -2.02384
25.28 0 -1.33034 -1.75642 -2.2048
25.3 0 -1.57614 -2.19242 -2.68128
25.32 0 -1.36469 -2.49127 -2.91899
25.34 0 -1.02832 -2.42237 -3.07703
25.36 0 -1.25718 -2.4924 -3.73996
25.38 0 -1.64119 -2.78558 -4.57768
25.4 0 -1.52826 -3.04931 -5.00916
25.42 0 -1.09111 -3.11373 -5.07753
25.44 0 -0.959106 -3.03072 -5.21098
25.46 0 -1.33834 -3.06458 -5.59594
25.48 0 -1.46369 -3.01898 -5.61039
25.5 0 -0.984471 -2.70418 -4.94714
25.52 0 -0.624475 -2.37805 -4.20561
25.54 0 -0.905493 -2.27056 -3.85347
25.56 0 -1.53647 -2.46828 -3.77167
25.58 0 -1.98626 -2.93236 -3.67438
25.6 0 -1.928 -3.20757 -3.31933
25.62 0 -1.56215 -2.89806 -2.81337
25.64 0 -1.78178 -2.73286 -3.00508
25.66 0 -2.13468 -2.84927 -3.57484
25.68 0 -1.71376 -2.78004 -3.69344
25.7 0 -1.01172 -2.59391 -3.66425
25.72 0 -0.513102 -2.11334 -3.68375
25.74 0 -0.158989 -1.28733 -3.56059
25.76 0 0.25036 -0.480856 -3.11138
25.78 0 0.417996 -0.326459 -2.64445
25.8 0 0.254 -0.669277 -2.21278
25.82 0 -0.189292 -1.0279 -1.77219
25.84 0 -1.0121 -1.47766 -1.58758
25.86 0 -1.87062 -2.09713 -1.61772
25.88 0 -2.2206 -2.61657 -1.56628
25.9 0 -2.13169 -2.84345 -1.54424
25.92 0 -1.93177 -2.71171 -1.78946
25.94 0 -1.60036 -2.23579 -2.20464
25.96 0 -1.14603 -1.8011 -2.73728
25.98 0 -0.737911 -1.77146 -3.42809
26 0 -0.528073 -2.07785 -4.22511
26.02 0 -0.467365 -2.31536 -4.88779
26.04 0 -0.475865 -2.30106 -5.24355
26.06 0 -0.644827 -2.33901 -5.40411
26.08 0 -0.935053 -2.6335 -5.41116
26.1 0 -1.13119 -2.93239 -5.11407
26.12 0 -1.4096 -3.16485 -4.73297
26.14 0 -2.02159 -3.53332 -4.63389
26.16 0 -2.5878 -3.92991 -4.64504
26.18 0 -2.7607 -4.20164 -4.58486
26.2 0 -2.64284 -4.28878 -4.57363
26.22 0 -2.4935 -4.19993 -4.79857
26.24 0 -2.25866 -3.90495 -5.1431
26.26 0 -1.82621 -3.50723 -5.43212
26.28 0 -1.45348 -3.34978 -5.80667
26.3 0 -1.32755 -3.49662 -6.30832
26.32 0 -1.25313 -3.58004 -6.62657
26.34 0 -1.21912 -3.52021 -6.69269
26.36 0 -1.34223 -3.51922 -6.63459
26.38 0 -1.5414 -3.63219 -6.43613
26.4 0 -1.77347 -3.83806 -6.13088
26.42 0 -1.93483 -3.92426 -5.68129
26.44 0 -2.20621 -4.00795 -5.34849
26.46 0 -2.37807 -3.97798 -5.03353
26.48 0 -2.28824 -3.78742 -4.65844
26.5 0 -2.3849 -3.89992 -4.70033
26.52 0 -2.42859 -4.04661 -4.9233
26.54 0 -2.22857 -3.97083 -5.10279
26.56 0 -1.97118 -3.78716 -5.34625
26.58 0 -1.8667 -3.73774 -5.78765
26.6 0 -1.9779 -4.01244 -6.45056
26.62 0 -1.88669 -4.2075 -6.87192
26.64 0 -1.71933 -4.25072 -7.08423
26.66 0 -1.7618 -4.27665 -7.29715
26.68 0 -1.91602 -4.3085 -7.4277
26.7 0 -2.10972 -4.49139 -7.47379
26.72 0 -2.2558 -4.75466 -7.397
26.74 0 -2.31228 -4.85603 -7.16258
26.76 0 -2.31271 -4.67992 -6.81379
26.78 0 -2.40957 -4.49699 -6.56363
26.8 0 -2.7157 -4.70753 -6.63287
26.82 0 -3.14724 -5.37256 -7.03696
26.84 0 -3.32466 -5.92475 -7.42058
26.86 0 -3.10187 -5.86617 -7.57213
26.88 0 -2.88005 -5.50471 -7.81539
26.9 0 -2.84161 -5.35291 -8.32064
26.92 0 -2.76876 -5.52964 -8.86758
26.94 0 -2.53803 -5.76857 -9.23114
26.96 0 -2.33195 -5.78684 -9.42175
26.98 0 -2.36055 -5.62152 -9.55873
27 0 -2.56974 -5.55912 -9.65019
27.02 0 -2.55938 -5.55255 -9.39431
27.04 0 -2.51009 -5.65774 -8.97739
27.06 0 -2.66811 -5.75625 -8.61578
27.08 0 -3.04822 -5.81564 -8.39469
27.1 0 -3.63865 -6.18569 -8.49317
27.12 0 -4.08037 -6.80802 -8.73965
27.14 0 -4.20958 -7.34885 -9.02109
27.16 0 -4.04047 -7.39182 -9.27369
27.18 0 -3.75448 -6.98371 -9.58779
27.2 0 -3.50135 -6.60695 -10.0738
27.22 0 -3.09498 -6.41415 -10.4868
27.24 0 -2.34974 -6.04741 -10.4526
27.26 0 -1.817 -5.57139 -10.2621
27.28 0 -1.93921 -5.33965 -10.2457
27.3 0 -2.69202 -5.82481 -10.5178
27.32 0 -3.40198 -6.75543 -10.6348
27.34 0 -4.0402 -7.83628 -10.6977
27.36 0 -5.08057 -9.05251 -11.2775
27.38 0 -5.815 -9.69357 -11.8583
27.4 0 -5.58635 -9.43136 -11.947
27.42 0 -4.79376 -8.76869 -11.8954
27.44 0 -4.35701 -8.50745 -12.4284
27.46 0 -4.19384 -8.55047 -13.2939
27.48 0 -3.95996 -8.60886 -14.0227
27.5 0 -3.89425 -8.86139 -14.7277
27.52 0 -3.9858 -9.17578 -15.2996
27.54 0 -4.21531 -9.49084 -15.6897
27.56 0 -4.38625 -9.65388 -15.7325
27.58 0 -4.70927 -9.9354 -15.7054
27.6 0 -5.31251 -10.5344 -15.8496
27.62 0 -5.69295 -10.971 -15.794
27.64 0 -5.81693 -11.1115 -15.5883
27.66 0 -5.88158 -11.0728 -15.4713
27.68 0 -5.93315 -11.0068 -15.5359
27.7 0 -5.81057 -10.9194 -15.6489
27.72 0 -5.565 -10.8535 -15.8147
27.74 0 -5.48778 -10.9547 -16.2284
27.76 0 -5.47054 -11.0485 -16.7074
27.78 0 -5.47075 -11.1524 -17.1715
27.8 0 -5.60425 -11.4589 -17.7161
27.82 0 -5.74346 -11.8299 -18.1949
27.84 0 -5.8687 -12.142 -18.5639
27.86 0 -6.02512 -12.3643 -18.858
27.88 0 -6.25691 -12.5994 -19.152
27.9 0 -6.28868 -12.6697 -19.2122
27.92 0 -6.15763 -12.5836 -19.0737
27.94 0 -6.26987 -12.672 -19.1252
27.96 0 -6.4092 -12.7591 -19.1758
27.98 0 -6.47374 -12.8263 -19.1674
28 0 -6.36761 -12.7537 -19.0117
28.02 0 -6.13183 -12.4677 -18.7139
28.04 0 -6.17323 -12.3627 -18.661
28.06 0 -6.54871 -12.6878 -18.9677
28.08 0 -6.9638 -13.3197 -19.433
28.1 0 -7.14047 -13.8531 -19.8098
28.12 0 -7.09002 -13.9867 -20.0609
28.14 0 -7.05337 -13.8692 -20.3822
28.16 0 -7.0925 -13.8358 -20.85
28.18 0 -7.14919 -14.1172 -21.4256
28.2 0 -6.97613 -14.3638 -21.7937
28.22 0 -6.78161 -14.3917 -22.0187
28.24 0 -6.87187 -14.3604 -22.3244
28.26 0 -6.85713 -14.1539 -22.3549
28.28 0 -6.82944 -14.1362 -22.2517
28.3 0 -7.17139 -14.6599 -22.415
28.32 0 -7.88783 -15.5671 -22.9022
28.34 0 -8.37967 -16.1714 -23.2208
28.36 0 -8.55364 -16.3739 -23.3712
28.38 0 -8.6522 -16.4821 -23.647
28.4 0 -8.59179 -16.5138 -23.9774
28.42 0 -8.55676 -16.6884 -24.5123
28.44 0 -8.57228 -16.9819 -25.2099
28.46 0 -8.46716 -17.1336 -25.8152
28.48 0 -8.4714 -17.3209 -26.4763
28.5 0 -8.72668 -17.7538 -27.2992
28.52 0 -8.92379 -18.214 -27.975
28.54 0 -8.77479 -18.315 -28.1765
28.56 0 -8.55058 -18.1057 -28.0871
28.58 0 -8.6832 -18.0226 -28.1115
28.6 0 -8.96028 -18.1456 -28.1214
28.62 0 -9.088 -18.3508 -27.9167
28.64 0 -9.38538 -18.7883 -27.853
28.66 0 -9.92088 -19.3344 -28.054
28.68 0 -10.3279 -19.6831 -28.2729
28.7 0 -10.3861 -19.7731 -28.3933
28.72 0 -10.2796 -19.8119 -28.6101
28.74 0 -10.2868 -20.0049 -29.1492
28.76 0 -10.2726 -20.1915 -29.8161
28.78 0 -10.1762 -20.3255 -30.4845
28.8 0 -10.1445 -20.5499 -31.2207
28.82 0 -10.295 -20.9743 -32.0736
28.84 0 -10.4836 -21.4475 -32.8581
28.86 0 -10.6701 -21.8893 -33.507
28.88 0 -10.7571 -22.1374 -33.9002
28.9 0 -11.022 -22.4658 -34.3174
28.92 0 -11.429 -22.9463 -34.7789
28.94 0 -11.8679 -23.5678 -35.2579
28.96 0 -12.3382 -24.2996 -35.8235
28.98 0 -12.6373 -24.8228 -36.3162
29 0 -12.8009 -25.1052 -36.7936
29.02 0 -12.6312 -24.9847 -37.0521
29.04 0 -12.4884 -24.9073 -37.4123
29.06 0 -12.5923 -25.1848 -38.0512
29.08 0 -12.8998 -25.8148 -38.9048
29.1 0 -13.1363 -26.4319 -39.6763
29.12 0 -13.2336 -26.7907 -40.2553
29.14 0 -13.4732 -27.122 -40.9014
29.16 0 -13.8003 -27.543 -41.5981
29.18 0 -14.155 -28.1702 -42.3421
29.2 0 -14.4548 -28.8676 -43.0656
29.22 0 -14.5155 -29.2141 -43.5461
29.24 0 -14.4267 -29.1476 -43.8202
29.26 0 -14.7664 -29.4219 -44.478
29.28 0 -15.3525 -30.2246 -45.4347
29.3 0 -15.7712 -31.2136 -46.3428
29.32 0 -15.9533 -31.9335 -47.0859
29.34 0 -16.0233 -32.1439 -47.7059
29.36 0 -16.1662 -32.1674 -48.3843
29.38 0 -16.1979 -32.2675 -48.9894
29.4 0 -16.2301 -32.7191 -49.6221
29.42 0 -16.6359 -33.6358 -50.5785
29.44 0 -17.2501 -34.5863 -51.6644
29.46 0 -17.5354 -35.0254 -52.3845
29.48 0 -17.3122 -34.8699 -52.5767
29.5 0 -16.8529 -34.4056 -52.4473
29.52 0 -16.7352 -34.2187 -52.492
29.54 0 -17.4805 -35.014 -53.2633
29.56 0 -18.5626 -36.4935 -54.3934
29.58 0 -19.2551 -37.8126 -55.2898
29.6 0 -19.9134 -38.9313 -56.3508
29.62 0 -20.7619 -39.9931 -57.8751
29.64 0 -21.4554 -41.0375 -59.6601
29.66 0 -21.3714 -41.6765 -61.1146
29.68 0 -20.2424 -41.2367 -61.7158
29.7 0 -19.0667 -40.1446 -62.037
29.72 0 -18.8456 -39.5665 -62.8199
29.74 0 -19.7429 -40.5293 -64.286
29.76 0 -20.8018 -42.4999 -65.6379
29.78 0 -21.4102 -44.1299 -66.2658
29.8 0 -22.1649 -45.0202 -66.717
29.82 0 -22.6752 -44.8438 -66.7591
29.84 0 -22.9039 -44.547 -66.666
29.86 0 -22.8599 -44.7713 -66.6288
29.88 0 -22.7699 -45.3365 -66.795
29.9 0 -23.7909 -46.7346 -68.2139
29.92 0 -24.9437 -48.0644 -70.0282
29.94 0 -25.4305 -49.0278 -71.6364
29.96 0 -25.5952 -50.0544 -73.3888
29.98 0 -25.4458 -50.7475 -75.0972
30 0 -24.6392 -50.3424 -76.1239
30.02 0 -24.3535 -50.0745 -77.4027
30.04 0 -24.9536 -50.9062 -79.2472
30.06 0 -24.8446 -51.5341 -80.048
30.08 0 -24.8334 -52.1713 -80.4399
30.1 0 -25.7086 -53.0281 -81.1139
30.12 0 -27.1289 -54.126 -81.9706
30.14 0 -28.9921 -56.2094 -83.3734
30.16 0 -30.158 -58.3247 -84.5362
30.18 0 -30.1628 -59.1701 -85.0106
30.2 0 -30.0398 -59.0081 -85.6773
30.22 0 -30.4816 -59.0323 -87.2574
30.24 0 -31.0708 -60.0554 -89.5189
30.26 0 -30.9764 -61.4925 -91.5866
30.28 0 -30.6228 -62.5981 -93.4673
30.3 0 -30.7913 -63.1425 -95.5281
30.32 0 -31.2696 -63.3776 -97.5037
30.34 0 -31.3289 -63.7011 -98.798
30.36 0 -31.156 -64.4647 -99.5387
30.38 0 -31.385 -65.3991 -100.115
30.4 0 -32.3225 -66.2027 -100.759
30.42 0 -33.9063 -67.3603 -101.715
30.44 0 -35.3835 -69.0668 -102.718
30.46 0 -36.5243 -71.178 -103.845
30.48 0 -37.4472 -73.0151 -105.267
30.5 0 -38.1934 -74.0795 -107.036
30.52 0 -38.5859 -74.5917 -109.073
30.54 0 -38.0819 -74.6805 -110.842
30.56 0 -37.1558 -74.7902 -112.525
30.58 0 -36.6702 -75.1872 -114.513
30.6 0 -37.0219 -76.0202 -116.877
30.62 0 -37.9627 -77.4426 -119.331
30.64 0 -38.8389 -79.1619 -121.301
30.66 0 -39.5887 -80.8283 -122.735
30.68 0 -40.4678 -82.1483 -123.876
30.7 0 -41.4919 -83.1125 -124.876
30.72 0 -42.3102 -83.8994 -125.653
30.74 0 -43.0876 -85.0816 -126.605
30.76 0 -44.0045 -86.7291 -128.02
30.78 0 -45.0648 -88.5074 -129.955
30.8 0 -45.7652 -89.7828 -131.965
30.82 0 -46.0237 -90.6009 -133.985
30.84 0 -46.2389 -91.5465 -136.345
30.86 0 -46.3495 -92.5995 -138.833
30.88 0 -46.5252 -93.7655 -141.398
30.9 0 -46.8527 -94.9436 -143.918
30.92 0 -47.0811 -95.833 -145.988
30.94 0 -47.296 -96.5581 -147.586
30.96 0 -48.0213 -97.7305 -149.199
30.98 0 -49.4076 -99.6515 -151.077
31 0 -50.94 -101.885 -152.911
31.02 0 -52.2924 -103.96 -154.581
31.04 0 -53.5448 -105.77 -156.347
31.06 0 -54.5794 -107.261 -158.27
31.08 0 -55.4174 -108.722 -160.519
31.1 0 -55.8998 -110.134 -162.967
31.12 0 -56.0749 -111.37 -165.532
31.14 0 -56.2978 -112.533 -168.35
31.16 0 -56.5045 -113.544 -171.156
31.18 0 -56.7707 -114.649 -173.869
31.2 0 -57.1345 -115.95 -176.372
31.22 0 -57.5993 -117.289 -178.521
31.24 0 -58.4579 -118.78 -180.529
31.26 0 -59.9167 -120.73 -182.696
31.28 0 -61.5715 -123.025 -184.86
31.3 0 -63.1816 -125.516 -187.039
31.32 0 -64.8543 -128.131 -189.549
31.34 0 -66.3634 -130.507 -192.346
31.36 0 -67.4968 -132.523 -195.37
31.38 0 -68.2429 -134.336 -198.661
31.4 0 -68.64 -136.007 -202.156
31.42 0 -68.7642 -137.442 -205.687
31.44 0 -68.8603 -138.708 -209.191
31.46 0 -69.1889 -140.074 -212.658
31.48 0 -69.8827 -141.83 -216.04
31.5 0 -70.9765 -144.082 -219.285
31.52 0 -72.2409 -146.463 -222.142
31.54 0 -73.5704 -148.644 -224.551
31.56 0 -75.2273 -150.888 -226.937
31.58 0 -77.1535 -153.451 -229.536
31.6 0 -78.9911 -156.264 -232.311
31.62 0 -80.4707 -158.961 -235.202
31.64 0 -81.8097 -161.455 -238.508
31.66 0 -83.0475 -163.745 -242.316
31.68 0 -83.8979 -165.813 -246.357
31.7 0 -84.3452 -167.783 -250.496
31.72 0 -84.7067 -169.773 -254.769
31.74 0 -85.2941 -171.829 -259.167
31.76 0 -86.0915 -173.922 -263.441
31.78 0 -87.0872 -176.199 -267.449
31.8 0 -88.2907 -178.727 -271.129
31.82 0 -89.8478 -181.531 -274.617
31.84 0 -91.7485 -184.507 -278.003
31.86 0 -93.765 -187.505 -281.277
31.88 0 -95.9445 -190.758 -284.776
31.9 0 -97.9378 -194.022 -288.423
31.92 0 -99.433 -196.886 -292.074
31.94 0 -100.624 -199.371 -295.963
31.96 0 -101.549 -201.531 -300.092
31.98 0 -102.51 -203.889 -304.69
32 0 -103.747 -206.871 -309.886
32.02 0 -104.98 -210.115 -315.237
32.04 0 -106.075 -213.138 -320.392
32.06 0 -107.122 -215.751 -325.224
32.08 0 -108.321 -218.245 -329.815
32.1 0 -109.876 -221.164 -334.36
32.12 0 -111.663 -224.56 -338.785
32.14 0 -113.521 -228.064 -342.972
32.16 0 -115.64 -231.571 -347.195
32.18 0 -118.08 -235.222 -351.728
32.2 0 -120.544 -239.128 -356.588
32.22 0 -122.578 -243.023 -361.554
32.24 0 -124.248 -246.69 -366.731
32.26 0 -125.474 -249.679 -371.941
32.28 0 -126.369 -252.087 -377.152
32.3 0 -127.677 -255.041 -382.982
32.32 0 -129.212 -258.703 -389.135
32.34 0 -130.736 -262.656 -395.191
32.36 0 -132.476 -266.579 -401.158
32.38 0 -134.708 -270.545 -407.23
32.4 0 -137.186 -274.705 -413.288
32.42 0 -139.46 -279.009 -419.061
32.44 0 -141.609 -283.383 -424.701
32.46 0 -143.734 -287.48 -430.299
32.48 0 -145.778 -291.128 -435.843
32.5 0 -147.615 -294.541 -441.317
32.52 0 -149.388 -298.204 -446.931
32.54 0 -151.545 -302.571 -453.13
32.56 0 -153.944 -307.289 -459.753
32.58 0 -156.32 -311.921 -466.539
32.6 0 -158.423 -316.209 -473.254
32.62 0 -160.15 -320.106 -479.759
32.64 0 -161.807 -323.936 -486.253
32.66 0 -163.693 -328.01 -492.918
32.68 0 -165.907 -332.477 -499.78
32.7 0 -168.489 -337.426 -506.878
32.72 0 -171.193 -342.584 -514.014
32.74 0 -174.104 -347.952 -521.35
32.76 0 -177.102 -353.403 -528.888
32.78 0 -179.809 -358.609 -536.369
32.8 0 -182.372 -363.731 -544
32.82 0 -184.848 -368.814 -551.841
32.84 0 -187.097 -373.706 -559.699
32.86 0 -189.236 -378.494 -567.589
32.88 0 -191.807 -383.75 -575.951
32.9 0 -194.653 -389.437 -584.593
32.92 0 -197.299 -395.062 -593.004
32.94 0 -199.811 -400.45 -601.168
32.96 0 -202.603 -405.865 -609.435
32.98 0 -205.655 -411.484 -617.839
33 0 -208.795 -417.436 -626.325
33.02 0 -212.155 -423.885 -635.126
33.04 0 -215.488 -430.347 -644.051
33.06 0 -218.692 -436.521 -653.053
33.08 0 -222.018 -442.753 -662.462
33.1 0 -225.27 -449.145 -672.176
33.12 0 -228.19 -455.522 -681.939
33.14 0 -230.977 -461.808 -691.812
33.16 0 -233.946 -468.072 -701.941
33.18 0 -237.148 -474.491 -712.296
33.2 0 -240.477 -481.259 -722.76
33.22 0 -243.596 -488.037 -732.937
33.24 0 -246.749 -494.72 -742.947
33.26 0 -250.37 -501.55 -753.166
33.28 0 -254.432 -508.796 -763.687
33.3 0 -258.641 -516.577 -774.433
33.32 0 -262.565 -524.412 -785.112
33.34 0 -266.526 -532.188 -796.072
33.36 0 -270.542 -539.743 -807.381
33.38 0 -274.314 -547.082 -818.841
33.4 0 -277.833 -554.526 -830.486
33.42 0 -281.449 -562.374 -842.569
33.44 0 -285.332 -570.526 -855.107
33.46 0 -289.34 -578.708 -867.848
33.48 0 -293.214 -586.73 -880.471
33.5 0 -297.089 -594.812 -893.045
33.52 0 -301.273 -603.267 -905.81
33.54 0 -305.398 -611.658 -918.357
33.56 0 -309.652 -620.083 -930.852
33.58 0 -314.496 -629.068 -943.822
33.6 0 -319.643 -638.559 -957.155
33.62 0 -324.368 -647.888 -970.295
33.64 0 -329.115 -657.245 -983.744
33.66 0 -334.194 -666.835 -997.877
33.68 0 -338.952 -676.222 -1012.15
33.7 0 -343.308 -685.475 -1026.49
33.72 0 -347.795 -695.008 -1041.31
33.74 0 -352.621 -704.909 -1056.7
33.76 0 -357.517 -714.949 -1072.29
33.78 0 -362.416 -725.113 -1087.94
33.8 0 -367.331 -735.338 -1103.58
33.82 0 -372.404 -745.646 -1119.24
33.84 0 -377.767 -756.174 -1135.05
33.86 0 -383.411 -767.06 -1151.03
33.88 0 -389.091 -778.152 -1167.05
33.9 0 -394.837 -789.391 -1183.22
33.92 0 -400.778 -800.796 -1199.74
33.94 0 -406.667 -812.175 -1216.49
33.96 0 -412.401 -823.546 -1233.45
33.98 0 -417.993 -834.943 -1250.66
34 0 -423.581 -846.422 -1268.21
34.02 0 -429.307 -858.085 -1286.16
34.04 0 -435.179 -870.004 -1304.47
34.06 0 -441.328 -882.394 -1323.23
34.08 0 -447.64 -895.136 -1342.29
34.1 0 -454.074 -908.077 -1361.58
34.12 0 -460.581 -921.064 -1381.03
34.14 0 -467.241 -934.203 -1400.74
34.16 0 -473.99 -947.553 -1420.69
34.18 0 -480.624 -960.949 -1440.7
34.2 0 -487.484 -974.646 -1461.1
34.22 0 -494.418 -988.435 -1481.75
34.24 0 -501.417 -1002.35 -1502.64
34.26 0 -508.574 -1016.56 -1523.91
34.28 0 -515.885 -1031.12 -1545.58
34.3 0 -523.358 -1046 -1567.67
34.32 0 -530.994 -1061.15 -1590.21
34.34 0 -538.549 -1076.3 -1612.97
34.36 0 -546.058 -1091.49 -1635.97
34.38 0 -553.689 -1106.87 -1659.35
34.4 0 -561.348 -1122.41 -1682.96
34.42 0 -569.153 -1138.21 -1706.89
34.44 0 -577.234 -1154.4 -1731.21
34.46 0 -585.664 -1171.05 -1756.01
34.48 0 -594.212 -1187.99 -1781.1
34.5 0 -602.708 -1204.98 -1806.34
34.52 0 -611.181 -1221.95 -1831.76
34.54 0 -619.831 -1239.11 -1857.58
34.56 0 -628.704 -1256.64 -1883.87
34.58 0 -637.732 -1274.62 -1910.63
34.6 0 -646.839 -1292.91 -1937.8
34.62 0 -656.014 -1311.33 -1965.34
34.64 0 -665.397 -1329.96 -1993.39
34.66 0 -674.901 -1348.86 -2021.9
34.68 0 -684.404 -1368.03 -2050.75
34.7 0 -694.022 -1387.52 -2080.02
34.72 0 -703.731 -1407.15 -2109.64
34.74 0 -713.686 -1427.04 -2139.69
34.76 0 -723.827 -1447.24 -2170.15
34.78 0 -734.032 -1467.73 -2200.88
34.8 0 -744.499 -1488.68 -2232.09
34.82 0 -755.238 -1509.99 -2263.78
34.84 0 -766.178 -1531.59 -2295.93
34.86 0 -777.241 -1553.49 -2328.54
34.88 0 -788.376 -1575.67 -2361.61
34.9 0 -799.543 -1598.07 -2395.13
34.92 0 -810.68 -1620.54 -2429
34.94 0 -821.847 -1643.09 -2463.24
34.96 0 -833.312 -1666.07 -2498.08
34.98 0 -845.168 -1689.71 -2533.61
35 0 -857.139 -1713.78 -2569.55
35.02 0 -869.292 -1738.19 -2605.93
35.04 0 -881.81 -1762.97 -2642.95
35.06 0 -894.456 -1788 -2680.41
35.08 0 -907.122 -1813.29 -2718.27
35.1 0 -919.917 -1838.96 -2756.66
35.12 0 -932.974 -1865.05 -2795.7
35.14 0 -946.245 -1891.5 -2835.35
35.16 0 -959.684 -1918.31 -2875.58
35.18 0 -973.402 -1945.67 -2916.54
35.2 0 -987.258 -1973.44 -2958.1
35.22 0 -1001.11 -2001.38 -3000.09
35.24 0 -1015.26 -2029.7 -3042.76
35.26 0 -1029.67 -2058.45 -3086.08
35.28 0 -1044.03 -2087.42 -3129.74
35.3 0 -1058.6 -2116.8 -3173.93
35.32 0 -1073.71 -2146.87 -3218.97
35.34 0 -1089.21 -2177.55 -3264.72
35.36 0 -1104.84 -2208.64 -3311.03
35.38 0 -1120.57 -2240.09 -3357.88
35.4 0 -1136.46 -2271.84 -3405.35
35.42 0 -1152.55 -2303.89 -3453.5
35.44 0 -1168.87 -2336.42 -3502.39
35.46 0 -1185.54 -2369.68 -3552.19
35.48 0 -1202.31 -2403.39 -3602.64
35.5 0 -1219.22 -2437.45 -3653.75
35.52 0 -1236.52 -2471.98 -3705.72
35.54 0 -1254.13 -2507.04 -3758.5
35.56 0 -1271.9 -2542.66 -3811.94
35.58 0 -1289.88 -2578.83 -3866.11
35.6 0 -1308.25 -2615.57 -3921.12
35.62 0 -1326.88 -2652.71 -3976.87
35.64 0 -1345.81 -2690.41 -4033.4
35.66 0 -1365.06 -2728.79 -4090.8
35.68 0 -1384.51 -2767.73 -4148.98
35.7 0 -1404.07 -2807 -4207.81
35.72 0 -1423.9 -2846.66 -4267.46
35.74 0 -1444.28 -2887.11 -4328.21
35.76 0 -1464.81 -2928.16 -4389.72
35.78 0 -1485.5 -2969.78 -4452
35.8 0 -1506.55 -3011.98 -4515.22
35.82 0 -1527.99 -3054.7 -4579.38
35.84 0 -1549.67 -3097.93 -4644.36
35.86 0 -1571.52 -3141.75 -4710.13
35.88 0 -1593.84 -3186.43 -4776.98
35.9 0 -1616.5 -3231.72 -4844.76
35.92 0 -1639.37 -3277.44 -4913.35
35.94 0 -1662.68 -3323.89 -4983
35.96 0 -1686.45 -3371.19 -5053.78
35.98 0 -1710.42 -3419.16 -5125.49
36 0 -1734.65 -3467.73 -5198.18
36.02 0 -1759.25 -3516.88 -5271.94
36.04 0 -1784.26 -3566.74 -5346.83
36.06 0 -1809.68 -3617.46 -5422.91
36.08 0 -1835.47 -3669.08 -5500.15
36.1 0 -1861.56 -3721.42 -5578.48
36.12 0 -1887.92 -3774.26 -5657.83
36.14 0 -1914.67 -3827.71 -5738.29
36.16 0 -1941.83 -3881.98 -5819.91
36.18 0 -1969.4 -3937.19 -5902.71
36.2 0 -1997.42 -3993.33 -5986.69
36.22 0 -2025.78 -4050.11 -6071.73
36.24 0 -2054.51 -4107.5 -6157.87
36.26 0 -2083.82 -4165.81 -6245.33
36.28 0 -2113.57 -4225.11 -6334.06
36.3 0 -2143.66 -4285.33 -6424.01
36.32 0 -2174.16 -4346.36 -6515.25
36.34 0 -2205.06 -4408.03 -6607.76
36.36 0 -2236.38 -4470.51 -6701.62
36.38 0 -2268.06 -4533.89 -6796.79
36.4 0 -2300.06 -4598.16 -6893.23
36.42 0 -2332.48 -4663.27 -6990.97
36.44 0 -2365.61 -4729.41 -7090.27
36.46 0 -2399.31 -4796.57 -7191.01
36.48 0 -2433.35 -4864.67 -7293.02
36.5 0 -2467.81 -4933.72 -7396.38
36.52 0 -2502.84 -5003.72 -7501.22
36.54 0 -2538.52 -5074.75 -7607.66
36.56 0 -2574.58 -5146.71 -7715.5
36.58 0 -2611.04 -5219.68 -7824.8
36.6 0 -2648.07 -5293.76 -7935.74
36.62 0 -2685.85 -5369.07 -8048.51
36.64 0 -2724.26 -5445.59 -8163.06
36.66 0 -2763.07 -5523.17 -8279.22
36.68 0 -2802.28 -5601.76 -8397.02
36.7 0 -2841.95 -5681.28 -8516.47
36.72 0 -2882.14 -5761.77 -8637.59
36.74 0 -2923 -5843.51 -8760.52
36.76 0 -2964.48 -5926.59 -8885.21
36.78 0 -3006.51 -6010.87 -9011.54
36.8 0 -3049.1 -6096.19 -9139.48
36.82 0 -3092.32 -6182.54 -9269.09
36.84 0 -3136.28 -6270.17 -9400.51
36.86 0 -3180.91 -6359.2 -9533.75
36.88 0 -3226.23 -6449.68 -9668.9
36.9 0 -3272.15 -6541.38 -9805.91
36.92 0 -3318.71 -6634.22 -9944.89
36.94 0 -3365.98 -6728.38 -10086
36.96 0 -3413.82 -6823.91 -10229.1
36.98 0 -3462.22 -6920.85 -10374.4
37 0 -3511.29 -7019.18 -10521.9
37.02 0 -3561.12 -7118.86 -10671.5
37.04 0 -3611.58 -7219.85 -10823.3
37.06 0 -3662.56 -7322.09 -10977.1
37.08 0 -3714.34 -7425.96 -11133.1
37.1 0 -3767.01 -7531.38 -11291.3
37.12 0 -3820.5 -7638.25 -11451.5
37.14 0 -3874.89 -7746.79 -11614.1
37.16 0 -3930.07 -7856.95 -11778.9
37.18 0 -3986.13 -7968.77 -11946.1
37.2 0 -4042.93 -8082.08 -12115.6
37.22 0 -4100.34 -8196.75 -12287.3
37.24 0 -4158.63 -8313.09 -12461.7
37.26 0 -4217.75 -8431.18 -12638.7
37.28 0 -4277.52 -8550.86 -12818.1
37.3 0 -4338.04 -8672.14 -13000.1
37.32 0 -4399.58 -8795.22 -13184.9
37.34 0 -4462.03 -8920.08 -13372.4
37.36 0 -4525.3 -9046.74 -13562.5
37.38 0 -4589.4 -9175.17 -13755.1
37.4 0 -4654.33 -9305.23 -13950.3
37.42 0 -4720.32 -9437.11 -14148.2
37.44 0 -4787.46 -9571.04 -14348.9
37.46 0 -4855.57 -9707.03 -14552.5
37.48 0 -4924.63 -9845.04 -14758.9
37.5 0 -4994.76 -9985.02 -14968.3
37.52 0 -5065.99 -10127 -15180.8
37.54 0 -5138.13 -10270.9 -15396.4
37.56 0 -5211.09 -10416.8 -15615.1
37.58 0 -5285.07 -10564.9 -15837
37.6 0 -5360.04 -10715 -16062.2
37.62 0 -5435.88 -10866.9 -16290.5
37.64 0 -5512.73 -11020.9 -16522
37.66 0 -5590.71 -11177.1 -16756.7
37.68 0 -5669.97 -11335.7 -16994.7
37.7 0 -5750.41 -11496.6 -17236
37.72 0 -5832.03 -11659.9 -17480.5
37.74 0 -5915.15 -11825.5 -17728.6
37.76 0 -5999.54 -11993.7 -17980.2
37.78 0 -6084.97 -12164.1 -18235.2
37.8 0 -6171.35 -12337 -18493.7
37.82 0 -6259.04 -12512.2 -18756.1
37.84 0 -6348.13 -12689.9 -19022.5
37.86 0 -6438.49 -12870.1 -19292.9
37.88 0 -6529.88 -13053 -19567.1
37.9 0 -6622.31 -13238.6 -19845.3
37.92 0 -6716.06 -13426.4 -20127.4
37.94 0 -6811.25 -13616.8 -20413.6
37.96 0 -6907.72 -13809.8 -20703.7
37.98 0 -7005.6 -14005.8 -20997.8
38 0 -7104.95 -14204.8 -21295.9
38.02 0 -7205.89 -14406.6 -21598.2
38.04 0 -7308.51 -14611.2 -21904.7
38.06 0 -7412.57 -14818.7 -22215.5
38.08 0 -7518.18 -15029.3 -22530.6
38.1 0 -7625.08 -15243 -22850.1
38.12 0 -7733.46 -15459.6 -23174.4
38.14 0 -7843.53 -15679.2 -23503.5
38.16 0 -7954.88 -15901.7 -23837.3
38.18 0 -8067.47 -16127.2 -24175.7
38.2 0 -8181.68 -16356 -24519.2
38.22 0 -8297.64 -16588.2 -24867.7
38.24 0 -8415.39 -16823.7 -25221.2
38.26 0 -8534.71 -17062.4 -25579.5
38.28 0 -8655.72 -17304.6 -25942.8
38.3 0 -8778.64 -17550.4 -26311.2
38.32 0 -8903.47 -17799.7 -26684.7
38.34 0 -9030.1 -18052.6 -27063.5
38.36 0 -9158.55 -18309.1 -27447.5
38.38 0 -9288.85 -18569.3 -27837.1
38.4 0 -9420.87 -18833 -28232.1
38.42 0 -9554.74 -19100.4 -28632.9
38.44 0 -9690.46 -19371.7 -29039.4
38.46 0 -9828.04 -19646.7 -29451.9
38.48 0 -9967.47 -19925.7 -29870.3
38.5 0 -10108.8 -20208.5 -30294.6
38.52 0 -10252.1 -20495.4 -30725.1
38.54 0 -10397.6 -20786.3 -31161.6
38.56 0 -10545.1 -21081.4 -31604.3
38.58 0 -10694.8 -21380.8 -32053.2
38.6 0 -10846.8 -21684.6 -32508.5
38.62 0 -11001 -21992.7 -32970.1
38.64 0 -11157.4 -22305.1 -33438.2
38.66 0 -11316 -22621.9 -33912.9
38.68 0 -11476.7 -22943.2 -34394.2
38.7 0 -11639.8 -23269.1 -34882.6
38.72 0 -11805.2 -23599.6 -35377.9
38.74 0 -11972.8 -23933.8 -35880.9
38.76 0 -12142.1 -24275.2 -36389.3
38.78 0 -12314.9 -24619.5 -36906.2
38.8 0 -12490.4 -24968.1 -37430.7
38.82 0 -12667.8 -25322.7 -37962.5
38.84 0 -12846.9 -25682.8 -38501.4
38.86 0 -13028.8 -26047.9 -39048
38.88 0 -13214 -26417.4 -39602.6
38.9 0 -13402.2 -26791.8 -40165.6
38.92 0 -13592.6 -27172.5 -40735.9
38.94 0 -13785.1 -27558.7 -41314
38.96 0 -13980.5 -27950.3 -41900.2
38.98 0 -14179.5 -28346.8 -42495.3
39 0 -14381.4 -28749 -43098.8
39.02 0 -14585.5 -29157.4 -43710.5
39.04 0 -14792.3 -29571.9 -44330.9
39.06 0 -15002.3 -29991.9 -44960.3
39.08 0 -15215.6 -30417.5 -45598.8
39.1 0 -15431.9 -30849.1 -46246.5
39.12 0 -15650.8 -31287.1 -46903.1
39.14 0 -15872.5 -31731.5 -47569
39.16 0 -16097.7 -32182.1 -48244.4
39.18 0 -16326.5 -32638.7 -48929.7
39.2 0 -16558.5 -33102 -49624.7
39.22 0 -16793.6 -33572.3 -50329.4
39.24 0 -17031.9 -34049.4 -51043.9
39.26 0 -17273.8 -34533 -51768.7
39.28 0 -17519.2 -35022.9 -52503.5
39.3 0 -17768.1 -35520 -53249
39.32 0 -18020.4 -36024.5 -54005.1
39.34 0 -18276 -36536.2 -54771.6
39.36 0 -18535.5 -37056 -55547.8
39.38 0 -18800.2 -37580.5 -56339.6
39.4 0 -19066.7 -38114.5 -57139
39.42 0 -19335.5 -38656.2 -57949.5
39.44 0 -19609.9 -39205.8 -58772.6
39.46 0 -19889.4 -39761.5 -59607.8
39.48 0 -20172.3 -40324.9 -60454.4
39.5 0 -20458.6 -40898 -61312.2
39.52 0 -20748.2 -41480 -62182.6
39.54 0 -21042.9 -42070.8 -63064.1
39.56 0 -21343.6 -42664.3 -63961.4
39.58 0 -21646.4 -43270 -64869.6
39.6 0 -21952.7 -43887 -65790.7
39.62 0 -22263.1 -44511 -66724.2
39.64 0 -22579.9 -45141.4 -67671.5
39.66 0 -22901.9 -45786.3 -68626.6
39.68 0 -23232 -46426.7 -69611.9
39.7 0 -23557.4 -47093.3 -70591.7
39.72 0 -23890.3 -47752.2 -71608.4
39.74 0 -24220.7 -48445.8 -72614.1
39.76 0 -24568.1 -49125.7 -73653.1
39.78 0 -24921.2 -49825.6 -74691.2
39.8 0 -25282.3 -50528.1 -75753.5
39.82 0 -25642 -51252.8 -76820.7
39.84 0 -26006.6 -51974.2 -77919.5
39.86 0 -26369.2 -52723.7 -79015.5
39.88 0 -26745.4 -53463 -80149
39.9 0 -27124.2 -54221 -81289.2
39.92 0 -27506 -54991.8 -82443.6
39.94 0 -27894.1 -55773.4 -83614.3
39.96 0 -28291 -56564.4 -84802.4
39.98 0 -28694.9 -57366 -86007
40 0 -29100.7 -58181.3 -87229.8
40.02 0 -29519 -59004.9 -88468.2
40.04 0 -29934.8 -59856.4 -89710.8
40.06 0 -30365.5 -60699.4 -90989.6
40.08 0 -30800.7 -61558.4 -92282.4
40.1 0 -31236.5 -62434.4 -93592
40.12 0 -31675.6 -63324.6 -94919.8
40.14 0 -32123.4 -64223.7 -96268.5
40.16 0 -32581.4 -65127.8 -97643.7
40.18 0 -33041 -66060.9 -99021.3
40.2 0 -33513 -66989.8 -100436
40.22 0 -33986.8 -67940.9 -101863
40.24 0 -34464.8 -68909.2 -103308
40.26 0 -34952.9 -69889.5 -104774
40.28 0 -35452.7 -70879.7 -106262
40.3 0 -35960.3 -71888.2 -107766
40.32 0 -36475.8 -72902.3 -109302
40.34 0 -36989.6 -73943.5 -110850
40.36 0 -37510.1 -74999.8 -112420
40.38 0 -38044.8 -76063.6 -114017
40.4 0 -38591.4 -77137.8 -115638
40.42 0 -39141.3 -78230.8 -117282
40.44 0 -39692.5 -79341 -118951
40.46 0 -40246.6 -80481.1 -120630
40.48 0 -40821.3 -81620 -122346
40.5 0 -41409.7 -82773.2 -124083
40.52 0 -42003.6 -83935.8 -125856
40.54 0 -42589 -85137.3 -127640
40.56 0 -43181.4 -86357.9 -129447
40.58 0 -43796.7 -87581.6 -131286
40.6 0 -44431 -88813.2 -133156
40.62 0 -45067.6 -90070.2 -135049
40.64 0 -45700.6 -91358.2 -136960
40.66 0 -46341.9 -92665.4 -138899
40.68 0 -47003.7 -93979.9 -140872
40.7 0 -47681.4 -95305.3 -142876
40.72 0 -48361.9 -96655.2 -144906
40.74 0 -49041.8 -98034.5 -146961
40.76 0 -49730.7 -99433.3 -149045
40.78 0 -50437.8 -100842 -151164
40.8 0 -51160 -102265 -153315
40.82 0 -51887.6 -103715 -155495
40.84 0 -52618.2 -105193 -157701
40.86 0 -53359.9 -106692 -159939
40.88 0 -54119.5 -108204 -162210
40.9 0 -54894.4 -109735 -164516
40.92 0 -55676.4 -111292 -166852
40.94 0 -56463.8 -112878 -169218
40.96 0 -57262.6 -114485 -171617
40.98 0 -58081.1 -116107 -174048
41 0 -58905.3 -117764 -176537
41.02 0 -59747.4 -119414 -179027
41.04 0 -60588.1 -121127 -181572
41.06 0 -61451.5 -122851 -184166
41.08 0 -62314.7 -124589 -186764
41.1 0 -63204.7 -126346 -189420
41.12 0 -64103.1 -128154 -192127
41.14 0 -65016.5 -129970 -194846
41.16 0 -65929.9 -131809 -197601
41.18 0 -66871.6 -133696 -200415
41.2 0 -67826.2 -135586 -203264
41.22 0 -68786.9 -137511 -206141
41.24 0 -69765.8 -139456 -209071
41.26 0 -70754 -141454 -212041
41.28 0 -71759.5 -143454 -215053
41.3 0 -72775.4 -145490 -218100
41.32 0 -73813.4 -147552 -221204
41.34 0 -74861.2 -149653 -224349
41.36 0 -75918.7 -151776 -227529
41.38 0 -76995.7 -153929 -230759
41.4 0 -78091.6 -156118 -234040
41.42 0 -79203.7 -158332 -237366
41.44 0 -80325.2 -160575 -240732
41.46 0 -81461.6 -162866 -244147
41.48 0 -82622 -165181 -247617
41.5 0 -83800.5 -167524 -251133
41.52 0 -84996.2 -169890 -254700
41.54 0 -86197.4 -172311 -258315
41.56 0 -87413.9 -174767 -261981
41.58 0 -88653.6 -177247 -265699
41.6 0 -89920.4 -179753 -269477
41.62 0 -91201.7 -182304 -273308
41.64 0 -92491.1 -184897 -277187
41.66 0 -93796.5 -187528 -281118
41.68 0 -95129.4 -190190 -285111
41.7 0 -96488 -192885 -289165
41.72 0 -97860.6 -195621 -293270
41.74 0 -99246.1 -198402 -297431
41.76 0 -100651 -201226 -301653
41.78 0 -102082 -204083 -305937
41.8 0 -103537 -206975 -310282
41.82 0 -105009 -209912 -314689
41.84 0 -106497 -212897 -319157
41.86 0 -108005 -215924 -323687
41.88 0 -109539 -218988 -328283
41.9 0 -111097 -222101 -332947
41.92 0 -112682 -225241 -337681
41.94 0 -114276 -228444 -342473
41.96 0 -115889 -231696 -347332
41.98 0 -117535 -234987 -352264
42 0 -119212 -238316 -357270
42.02 0 -120910 -241695 -362345
42.04 0 -122623 -245132 -367487
42.06 0 -124358 -248621 -372701
42.08 0 -126125 -252152 -377993
42.1 0 -127939 -255722 -383347
42.12 0 -129732 -259361 -388806
42.14 0 -131573 -263043 -394330
42.16 0 -133445 -266772 -399933
42.18 0 -135341 -270557 -405614
42.2 0 -137260 -274403 -411372
42.22 0 -139206 -278304 -417210
42.24 0 -141185 -282255 -423133
42.26 0 -143195 -286261 -429142
42.28 0 -145232 -290325 -435234
42.3 0 -147293 -294451 -441412
42.32 0 -149383 -298636 -447677
42.34 0 -151505 -302876 -454034
42.36 0 -153659 -307173 -460484
42.38 0 -155840 -311533 -467025
42.4 0 -158050 -315958 -473657
42.42 0 -160290 -320446 -480384
42.44 0 -162565 -324995 -487207
42.46 0 -164875 -329606 -494127
42.48 0 -167217 -334286 -501145
42.5 0 -169590 -339035 -508260
42.52 0 -171997 -343851 -515475
42.54 0 -174441 -348734 -522794
42.56 0 -176922 -353685 -530217
42.58 0 -179436 -358708 -537744
42.6 0 -181984 -363803 -545378
42.62 0 -184567 -368971 -553121
42.64 0 -187189 -374210 -560976
42.66 0 -189848 -379522 -568943
42.68 0 -192543 -384910 -577023
42.7 0 -195274 -390376 -585218
42.72 0 -198044 -395919 -593529
42.74 0 -200859 -401515 -601964
42.76 0 -203691 -407261 -610497
42.78 0 -206594 -413034 -619170
42.8 0 -209549 -418878 -627972
42.82 0 -212529 -424824 -636889
42.84 0 -215530 -430874 -645923
42.86 0 -218578 -437006 -655089
42.88 0 -221691 -443203 -664395
42.9 0 -224855 -449479 -673838
42.92 0 -228048 -455860 -683408
42.94 0 -231272 -462347 -693106
42.96 0 -234529 -469133 -702668
42.98 0 -238067 -475336 -713070
43 0 -241332 -482171 -723168
43.02 0 -244508 -489258 -733327
43.04 0 -247930 -496258 -743713
43.06 0 -251651 -503118 -754357
43.08 0 -255399 -510116 -765125
43.1 0 -258968 -517461 -775921
43.12 0 -262483 -525017 -786816
43.14 0 -266200 -532518 -797950
43.16 0 -270146 -539932 -809343
43.18 0 -274101 -547481 -820891
43.2 0 -277915 -555325 -832519
43.22 0 -281698 -563351 -844284
43.24 0 -285657 -571356 -856287
43.26 0 -289812 -579329 -868534
43.28 0 -293992 -587453 -880934
43.3 0 -298089 -595848 -893429
43.32 0 -302201 -604422 -906065
43.34 0 -306486 -613016 -918923
43.36 0 -310949 -621628 -932008
43.38 0 -315448 -630400 -945255
43.4 0 -319897 -639418 -958628
43.42 0 -324373 -648602 -972172
43.44 0 -328993 -657826 -985957
43.46 0 -333753 -667092 -999987
43.48 0 -338540 -676516 -1.01421e+06
43.5 0 -343296 -686163 -1.0286e+06
43.52 0 -348086 -695967 -1.04319e+06
43.54 0 -353009 -705837 -1.05802e+06
43.56 0 -358064 -715783 -1.0731e+06
43.58 0 -363166 -725900 -1.08837e+06
43.6 0 -368274 -736238 -1.10382e+06
43.62 0 -373447 -746744 -1.11947e+06
43.64 0 -378757 -757348 -1.13537e+06
43.66 0 -384198 -768058 -1.1515e+06
43.68 0 -389696 -778949 -1.16785e+06
43.7 0 -395219 -790053 -1.18439e+06
43.72 0 -400808 -801324 -1.20117e+06
43.74 0 -406517 -812707 -1.21822e+06
43.76 0 -412336 -824211 -1.23553e+06
43.78 0 -418208 -835894 -1.25308e+06
43.8 0 -424113 -847784 -1.27087e+06
43.82 0 -430089 -859846 -1.28892e+06
43.84 0 -436183 -872040 -1.30724e+06
43.86 0 -442391 -884380 -1.32584e+06
43.88 0 -448672 -896916 -1.34469e+06
43.9 0 -455014 -909668 -1.36378e+06
43.92 0 -461449 -922609 -1.38314e+06
43.94 0 -468013 -935708 -1.40277e+06
43.96 0 -474695 -948977 -1.42269e+06
43.98 0 -481160 -961899 -1.44267e+06
44 0 -489389 -977524 -1.46388e+06
44.02 0 -493466 -989441 -1.4841e+06
44.04 0 -503594 -1.00275e+06 -1.50366e+06
44.06 0 -509331 -1.01989e+06 -1.52834e+06
44.08 0 -516433 -1.0327e+06 -1.54842e+06
44.1 0 -524161 -1.04692e+06 -1.56831e+06
44.12 0 -530123 -1.06229e+06 -1.59372e+06
