0.02 0 2.69207e-06 3.2557e-06 3.12103e-06
0.04 0 1.10978e-05 1.48697e-05 1.42991e-05
0.06 0 2.18425e-05 3.35929e-05 3.34346e-05
0.08 0 2.5762e-05 4.81194e-05 5.28841e-05
0.1 0 1.75329e-05 4.59864e-05 6.33267e-05
0.12 0 4.02846e-06 2.91995e-05 6.27774e-05
0.14 0 -1.87943e-06 1.52071e-05 5.64556e-05
0.16 0 1.08165e-05 2.55815e-05 5.57766e-05
0.18 0 4.12699e-05 6.56645e-05 7.08165e-05
0.2 0 6.69285e-05 0.00010811 9.46632e-05
0.22 0 6.01533e-05 0.000111474 0.000106911
0.24 0 1.65986e-05 5.90617e-05 9.18193e-05
0.26 0 -4.33154e-05 -2.88345e-05 4.29777e-05
0.28 0 -0.000101308 -0.000125847 -4.99981e-05
0.3 0 -0.000156175 -0.000231634 -0.000204251
0.32 0 -0.000207768 -0.000359047 -0.000421073
0.34 0 -0.000255075 -0.000510638 -0.000680792
0.36 0 -0.000319605 -0.00069152 -0.000972657
0.38 0 -0.000428838 -0.000917328 -0.00129886
0.4 0 -0.000576481 -0.00119276 -0.00165175
0.42 0 -0.000734865 -0.00150123 -0.00202115
0.44 0 -0.000886621 -0.00181331 -0.00240838
0.46 0 -0.00101856 -0.00209689 -0.00280845
0.48 0 -0.00111057 -0.0023279 -0.00319191
0.5 0 -0.00114897 -0.00249045 -0.00351099
0.52 0 -0.00112809 -0.00255398 -0.00370099
0.54 0 -0.00105519 -0.0024857 -0.00370013
0.56 0 -0.000967333 -0.00230575 -0.00349541
0.58 0 -0.000898532 -0.00207626 -0.0031195
0.6 0 -0.000836517 -0.00182744 -0.00261373
0.62 0 -0.000727711 -0.00151358 -0.0020058
0.64 0 -0.000518882 -0.00105374 -0.0013084
0.66 0 -0.000205585 -0.000429049 -0.00053746
0.68 0 0.000175164 0.000297363 0.000298417
0.7 0 0.00058341 0.00105721 0.00121941
0.72 0 0.00097775 0.00182381 0.00224619
0.74 0 0.00131794 0.00258815 0.00336292
0.76 0 0.00159148 0.00332161 0.00451404
0.78 0 0.00181836 0.00397929 0.00561636
0.8 0 0.00202823 0.00454075 0.00657968
0.82 0 0.00223468 0.00501758 0.00732778
0.84 0 0.00241261 0.00539 0.00779661
0.86 0 0.00251065 0.00557411 0.00793889
0.88 0 0.00251087 0.00551132 0.0077682
0.9 0 0.00243213 0.00524074 0.00735481
0.92 0 0.00226768 0.00482881 0.00675012
0.94 0 0.00199907 0.00429065 0.00597156
0.96 0 0.00165603 0.00361679 0.00504811
0.98 0 0.00129351 0.00283637 0.00402186
1 0 0.000926437 0.00201308 0.00291259
1.02 0 0.000535759 0.00118238 0.00172048
1.04 0 0.000130043 0.000334848 0.000470822
1.06 0 -0.000251651 -0.000529645 -0.000775494
1.08 0 -0.000588153 -0.00135549 -0.00195083
1.1 0 -0.000880642 -0.00205769 -0.00299145
1.12 0 -0.00112705 -0.00259839 -0.00383977
1.14 0 -0.00131611 -0.00300134 -0.00445315
1.16 0 -0.00143015 -0.00327009 -0.00479818
1.18 0 -0.00146173 -0.0033552 -0.00485849
1.2 0 -0.00143223 -0.00323836 -0.00466311
1.22 0 -0.00136935 -0.00298844 -0.0042796
1.24 0 -0.00127892 -0.00269807 -0.0037802
1.26 0 -0.0011592 -0.00239933 -0.0032301
1.28 0 -0.0010086 -0.00205749 -0.00267628
1.3 0 -0.000812212 -0.00163528 -0.00212922
1.32 0 -0.000552463 -0.00113985 -0.00156563
1.34 0 -0.000234126 -0.000593043 -0.000943091
1.36 0 0.000106034 3.23679e-06 -0.000221203
1.38 0 0.000420231 0.000643764 0.000617204
1.4 0 0.000685709 0.00129228 0.00155867
1.42 0 0.000926915 0.00192139 0.00257464
1.44 0 0.00119426 0.00256314 0.00363426
1.46 0 0.00151701 0.0032752 0.00469931
1.48 0 0.0018834 0.00405604 0.00572445
1.5 0 0.00225337 0.00481955 0.00666841
1.52 0 0.00259408 0.00548361 0.00752082
1.54 0 0.00289076 0.00604745 0.00830072
1.56 0 0.00313278 0.00655393 0.00902169
1.58 0 0.00331513 0.00700831 0.00967172
1.6 0 0.00341148 0.00732554 0.0101794
1.62 0 0.00336121 0.0073685 0.0104057
1.64 0 0.0031228 0.00704596 0.0102008
1.66 0 0.00272465 0.006362 0.00946969
1.68 0 0.00225729 0.00540328 0.00820989
1.7 0 0.00180168 0.00428204 0.00650148
1.72 0 0.00138137 0.00308962 0.00449103
1.74 0 0.000979171 0.00188869 0.00238358
1.76 0 0.000549029 0.00070218 0.000384551
1.78 0 3.78865e-05 -0.000475353 -0.00136564
1.8 0 -0.000558877 -0.0016275 -0.00280471
1.82 0 -0.00117242 -0.00268734 -0.0039361
1.84 0 -0.00168578 -0.00354796 -0.00479949
1.86 0 -0.00199063 -0.00410508 -0.00543313
1.88 0 -0.00205039 -0.0043192 -0.00585467
1.9 0 -0.00191319 -0.0042363 -0.00604799
1.92 0 -0.00167523 -0.00395112 -0.0059656
1.94 0 -0.00143305 -0.00355214 -0.00556035
1.96 0 -0.00123077 -0.00307193 -0.00481039
1.98 0 -0.00103969 -0.00248116 -0.00373423
2 0 -0.000810494 -0.00175384 -0.00242171
2.02 0 -0.000511195 -0.000908995 -0.00101523
2.04 0 -0.000106347 3.12958e-05 0.000377675
2.06 0 0.000404376 0.00104128 0.00169936
2.08 0 0.000932763 0.00203658 0.00289433
2.1 0 0.00137083 0.00289704 0.00392631
2.12 0 0.00166703 0.00353362 0.00479103
2.14 0 0.00183567 0.0039467 0.00549746
2.16 0 0.00193887 0.00423306 0.00606098
2.18 0 0.00202903 0.00448232 0.00647646
2.2 0 0.00212841 0.00470422 0.00672903
2.22 0 0.00223771 0.00486072 0.00682646
2.24 0 0.00231879 0.00491223 0.00678496
2.26 0 0.00229965 0.00482061 0.00660007
2.28 0 0.00208644 0.00448604 0.00619706
2.3 0 0.00163936 0.00378792 0.00546221
2.32 0 0.00107845 0.00277761 0.00437639
2.34 0 0.000584301 0.00168976 0.00301566
2.36 0 0.000233916 0.000736222 0.00147567
2.38 0 -9.95041e-06 -5.70164e-05 -0.000131488
2.4 0 -0.000250271 -0.000836963 -0.00168801
2.42 0 -0.000593708 -0.00173782 -0.00309434
2.44 0 -0.00110051 -0.0027568 -0.00430866
2.46 0 -0.00173853 -0.0038004 -0.00535996
2.48 0 -0.00236849 -0.0047691 -0.00630755
2.5 0 -0.00284978 -0.00560771 -0.00722938
2.52 0 -0.00313865 -0.00629054 -0.00819312
2.54 0 -0.00326796 -0.00679873 -0.00918675
2.56 0 -0.00328916 -0.00713857 -0.0100949
2.58 0 -0.00322989 -0.00731254 -0.0107233
2.6 0 -0.00309633 -0.00726612 -0.0108659
2.62 0 -0.0029122 -0.00692958 -0.0104065
2.64 0 -0.00271546 -0.00631277 -0.00937504
2.66 0 -0.00251185 -0.00551565 -0.00792035
2.68 0 -0.00225489 -0.0046254 -0.00623935
2.7 0 -0.00185805 -0.00360739 -0.00448667
2.72 0 -0.00121628 -0.00231209 -0.00269193
2.74 0 -0.000299814 -0.000651065 -0.000791733
2.76 0 0.000752491 0.00123871 0.00125703
2.78 0 0.0017184 0.00308378 0.00345332
2.8 0 0.00244214 0.00468038 0.0057606
2.82 0 0.00288358 0.00596978 0.00806197
2.84 0 0.0031126 0.00698778 0.0101541
2.86 0 0.00325374 0.00776671 0.0117898
2.88 0 0.00339028 0.00827531 0.0127344
2.9 0 0.00355899 0.00849548 0.0128914
2.92 0 0.00377821 0.00849792 0.0123866
2.94 0 0.00398162 0.00834265 0.0114642
2.96 0 0.00400175 0.00796743 0.0103402
2.98 0 0.00369278 0.00724459 0.00915391
3 0 0.00307107 0.00616408 0.0079913
3.02 0 0.00232376 0.00493058 0.00689804
3.04 0 0.00167615 0.00383694 0.00585961
3.06 0 0.00129568 0.00308978 0.00485888
3.08 0 0.00123948 0.00272422 0.00394255
3.1 0 0.00136311 0.00257203 0.0031508
3.12 0 0.00137511 0.00234538 0.00245671
3.14 0 0.00108942 0.00184203 0.0018307
3.16 0 0.000569376 0.00108508 0.00127585
3.18 0 1.45319e-05 0.000272647 0.000763288
3.2 0 -0.000423469 -0.000408737 0.000185526
3.22 0 -0.000714522 -0.000948814 -0.000597794
3.24 0 -0.000910018 -0.00149455 -0.0016621
3.26 0 -0.00104612 -0.00212782 -0.00291526
3.28 0 -0.00111313 -0.00271995 -0.00410173
3.3 0 -0.00114252 -0.00310127 -0.00497225
3.32 0 -0.0012085 -0.00326684 -0.00540124
3.34 0 -0.00131822 -0.00331518 -0.00535571
3.36 0 -0.00139978 -0.00326272 -0.0048691
3.38 0 -0.00137497 -0.00299373 -0.00404171
3.4 0 -0.00120528 -0.0024183 -0.00302166
3.42 0 -0.000896256 -0.00162536 -0.00196194
3.44 0 -0.000495131 -0.000816687 -0.00097521
3.46 0 -9.83856e-05 -0.000137211 -0.000128138
3.48 0 0.000189452 0.000382732 0.000549402
3.5 0 0.000353448 0.000777678 0.00108468
3.52 0 0.000497348 0.00112004 0.00157243
3.54 0 0.000712444 0.00149537 0.00209641
3.56 0 0.000973586 0.00194831 0.00266394
3.58 0 0.0012181 0.00245616 0.0032578
3.6 0 0.00141892 0.00293202 0.00386706
3.62 0 0.00153827 0.00325929 0.00442899
3.64 0 0.00151495 0.00335795 0.00481313
3.66 0 0.00134378 0.00322084 0.00489391
3.68 0 0.0011071 0.00288948 0.00461008
3.7 0 0.000898382 0.00242191 0.00396372
3.72 0 0.000728322 0.00186064 0.00299033
3.74 0 0.000517462 0.00118847 0.0017406
3.76 0 0.000216695 0.000379019 0.000331806
3.78 0 -9.75318e-05 -0.000471247 -0.00100665
3.8 0 -0.000326194 -0.00115873 -0.00203832
3.82 0 -0.000463315 -0.00153819 -0.00264401
3.84 0 -0.000550063 -0.0016299 -0.00281718
3.86 0 -0.000633591 -0.00160232 -0.00265236
3.88 0 -0.000783847 -0.00165294 -0.00235578
3.9 0 -0.00103097 -0.00185858 -0.00216143
3.92 0 -0.00129383 -0.00214969 -0.0022159
3.94 0 -0.00143782 -0.0024148 -0.00254832
3.96 0 -0.00138362 -0.00257129 -0.00308033
3.98 0 -0.00118574 -0.00260593 -0.00367533
4 0 -0.00102658 -0.00262431 -0.00422125
4.02 0 -0.00108815 -0.00280861 -0.00466606
4.04 0 -0.00144578 -0.00330376 -0.00504464
4.06 0 -0.00207029 -0.0041432 -0.00551321
4.08 0 -0.00284029 -0.00524022 -0.00629229
4.1 0 -0.00354528 -0.0064171 -0.00751809
4.12 0 -0.00393304 -0.00742128 -0.00909613
4.14 0 -0.00376012 -0.00788127 -0.0105929
4.16 0 -0.00288564 -0.00734734 -0.011277
4.18 0 -0.00140168 -0.00552583 -0.0103665
4.2 0 0.00034225 -0.00254068 -0.00736322
4.22 0 0.00173705 0.00087545 -0.00247603
4.24 0 0.00203457 0.00346541 0.00311045
4.26 0 0.000898081 0.00412469 0.00763573
4.28 0 -0.00122783 0.00258398 0.00945325
4.3 0 -0.00358164 -0.000735079 0.0073451
4.32 0 -0.00572772 -0.00539014 0.000689913
4.34 0 -0.00771371 -0.0113252 -0.0102747
4.36 0 -0.0100686 -0.0188523 -0.0245214
4.38 0 -0.0135272 -0.0282047 -0.0405447
4.4 0 -0.0181591 -0.0386589 -0.0563106
4.42 0 -0.0232616 -0.0485911 -0.0696902
4.44 0 -0.0279175 -0.0563969 -0.0791702
4.46 0 -0.031078 -0.0608595 -0.0838014
4.48 0 -0.0319654 -0.0613968 -0.0832834
4.5 0 -0.0303981 -0.0579502 -0.0779247
4.52 0 -0.0265071 -0.0505142 -0.068068
4.54 0 -0.0205096 -0.0392341 -0.0538494
4.56 0 -0.0126401 -0.0246906 -0.0354063
4.58 0 -0.00361418 -0.00819366 -0.0136317
4.6 0 0.00488214 0.00832588 0.00938366
4.62 0 0.0111606 0.0229051 0.0310965
4.64 0 0.0147569 0.0337274 0.0491757
4.66 0 0.0162329 0.0397735 0.0617679
4.68 0 0.01641 0.0415463 0.0678244
4.7 0 0.0160125 0.0405067 0.0672403
4.72 0 0.0157543 0.0380617 0.0609833
4.74 0 0.015971 0.0346984 0.0507954
4.76 0 0.0159719 0.0298864 0.0383953
4.78 0 0.0142761 0.0228973 0.0250333
4.8 0 0.00966053 0.0133352 0.0114605
4.82 0 0.00217984 0.00131772 -0.00196497
4.84 0 -0.00670646 -0.0122554 -0.0152303
4.86 0 -0.0152109 -0.0257126 -0.0286324
4.88 0 -0.0220602 -0.0371194 -0.0421752
4.9 0 -0.0260708 -0.0450368 -0.0547442
4.92 0 -0.0262231 -0.0487284 -0.0642272
4.94 0 -0.0227177 -0.0476539 -0.0684635
4.96 0 -0.016974 -0.0413868 -0.0658295
4.98 0 -0.010133 -0.0302224 -0.0550917
5 0 -0.00235161 -0.0151557 -0.0354824
5.02 0 0.00627751 0.00306789 -0.00741269
5.04 0 0.0153731 0.0241447 0.0270035
5.06 0 0.0248594 0.0472756 0.0642766
5.08 0 0.0349765 0.0707693 0.100833
5.1 0 0.0456707 0.0927452 0.134063
5.12 0 0.0560424 0.111897 0.162089
5.14 0 0.0645515 0.127308 0.183358
5.16 0 0.0698338 0.137679 0.196675
5.18 0 0.0713297 0.141464 0.201426
5.2 0 0.0692452 0.137881 0.197544
5.22 0 0.0639036 0.127361 0.185028
5.24 0 0.0554236 0.111 0.163862
5.26 0 0.0444706 0.0902098 0.134986
5.28 0 0.0327109 0.0668304 0.100893
5.3 0 0.0214209 0.0425473 0.0642061
5.32 0 0.0107096 0.0186302 0.0267379
5.34 0 0.000498926 -0.00384454 -0.00953661
5.36 0 -0.00879087 -0.024279 -0.0419751
5.38 0 -0.0167275 -0.0420833 -0.0682724
5.4 0 -0.0235859 -0.0561228 -0.0874611
5.42 0 -0.0296405 -0.0655865 -0.0994662
5.44 0 -0.0344949 -0.0709381 -0.104564
5.46 0 -0.0380706 -0.0737689 -0.104105
5.48 0 -0.0410617 -0.0755459 -0.10067
5.5 0 -0.0438342 -0.0766123 -0.0967369
5.52 0 -0.0458629 -0.0768522 -0.093828
5.54 0 -0.0462981 -0.0764281 -0.0925775
5.56 0 -0.0449037 -0.0755562 -0.0930638
5.58 0 -0.0426521 -0.0744927 -0.0951825
5.6 0 -0.0409868 -0.0738573 -0.0985336
5.62 0 -0.0408072 -0.0746658 -0.102389
5.64 0 -0.0424005 -0.0777225 -0.106221
5.66 0 -0.0455855 -0.0827803 -0.110016
5.68 0 -0.0494688 -0.0883059 -0.113799
5.7 0 -0.0525259 -0.0922937 -0.117119
5.72 0 -0.0532967 -0.093435 -0.119157
5.74 0 -0.0509973 -0.0911774 -0.11886
5.76 0 -0.0459063 -0.0852199 -0.115057
5.78 0 -0.0393388 -0.0759525 -0.107006
5.8 0 -0.0330233 -0.0650712 -0.094911
5.82 0 -0.028187 -0.0546719 -0.0797563
5.84 0 -0.0250112 -0.04565 -0.0628236
5.86 0 -0.0227262 -0.0373562 -0.0454159
5.88 0 -0.0199372 -0.0284758 -0.0286136
5.9 0 -0.0152 -0.0180927 -0.0131923
5.92 0 -0.00782456 -0.00621583 0.000379253
5.94 0 0.0016256 0.00653948 0.0121662
5.96 0 0.0115501 0.0195108 0.0229739
5.98 0 0.02034 0.0319618 0.0340922
6 0 0.0272805 0.0430949 0.0466293
6.02 0 0.0323577 0.0527029 0.0608819
6.04 0 0.0360206 0.0615755 0.0763805
6.06 0 0.0392547 0.0708054 0.0924197
6.08 0 0.0430796 0.0806663 0.10826
6.1 0 0.0480445 0.0907536 0.12326
6.12 0 0.0540259 0.100805 0.136918
6.14 0 0.0601989 0.110596 0.148684
6.16 0 0.0656328 0.119493 0.158185
6.18 0 0.0697965 0.126462 0.165399
6.2 0 0.0723595 0.130598 0.170356
6.22 0 0.0731601 0.131901 0.173099
6.24 0 0.0726522 0.131464 0.174069
6.26 0 0.0718198 0.130624 0.173991
6.28 0 0.071584 0.130239 0.173488
6.3 0 0.0724267 0.130811 0.173117
6.32 0 0.0742656 0.132565 0.17341
6.34 0 0.0765971 0.135244 0.174733
6.36 0 0.0783351 0.137704 0.176713
6.38 0 0.0780183 0.138125 0.178067
6.4 0 0.0748883 0.135024 0.177263
6.42 0 0.0690177 0.127598 0.17265
6.44 0 0.0606749 0.115648 0.162449
6.46 0 0.0502788 0.0996278 0.145337
6.48 0 0.0387119 0.0803518 0.121107
6.5 0 0.0272358 0.0587459 0.0909439
6.52 0 0.0165288 0.0357238 0.0566648
6.54 0 0.00618559 0.0121588 0.0199135
6.56 0 -0.00436309 -0.0112964 -0.0175442
6.58 0 -0.0152839 -0.0345649 -0.0535886
6.6 0 -0.0268672 -0.05772 -0.086586
6.62 0 -0.0395463 -0.0803925 -0.116047
6.64 0 -0.0531002 -0.102043 -0.142073
6.66 0 -0.0664332 -0.122294 -0.164824
6.68 0 -0.0782831 -0.140694 -0.184644
6.7 0 -0.0878786 -0.156475 -0.202114
6.72 0 -0.0953135 -0.168829 -0.217802
6.74 0 -0.101013 -0.177839 -0.231924
6.76 0 -0.104754 -0.184755 -0.244266
6.78 0 -0.106377 -0.190573 -0.254541
6.8 0 -0.1067 -0.194991 -0.26272
6.82 0 -0.106795 -0.197295 -0.268797
6.84 0 -0.106866 -0.197544 -0.272325
6.86 0 -0.10627 -0.19644 -0.272506
6.88 0 -0.104646 -0.194289 -0.268951
6.9 0 -0.102439 -0.190558 -0.262137
6.92 0 -0.100036 -0.184637 -0.252861
6.94 0 -0.0968957 -0.176642 -0.241504
6.96 0 -0.0920649 -0.167101 -0.228135
6.98 0 -0.0853286 -0.156134 -0.213091
7 0 -0.0773139 -0.143369 -0.196924
7.02 0 -0.068513 -0.128612 -0.179731
7.04 0 -0.0587217 -0.112145 -0.160855
7.06 0 -0.0476429 -0.0942835 -0.139419
7.08 0 -0.0357846 -0.0751238 -0.115149
7.1 0 -0.0243141 -0.0549428 -0.0885049
7.12 0 -0.0140375 -0.0345559 -0.060097
7.14 0 -0.00502153 -0.0150664 -0.0304462
7.16 0 0.00272246 0.00281615 -0.000374671
7.18 0 0.00910984 0.0191201 0.0285347
7.2 0 0.0147758 0.0341521 0.0542392
7.22 0 0.0210246 0.0480349 0.075413
7.24 0 0.0288699 0.0609723 0.0919733
7.26 0 0.0383605 0.0735521 0.104553
7.28 0 0.0487076 0.0862959 0.114243
7.3 0 0.0588522 0.0989173 0.122618
7.32 0 0.067666 0.110301 0.131209
7.34 0 0.0739688 0.11935 0.1408
7.36 0 0.0769178 0.125691 0.151216
7.38 0 0.0765066 0.129483 0.161568
7.4 0 0.0736589 0.130848 0.170686
7.42 0 0.0697556 0.12985 0.17744
7.44 0 0.0659131 0.126945 0.180765
7.46 0 0.0627278 0.123114 0.179794
7.48 0 0.0605487 0.119221 0.174245
7.5 0 0.0596125 0.115308 0.164742
7.52 0 0.059697 0.110799 0.152644
7.54 0 0.0597784 0.105313 0.139402
7.56 0 0.0584434 0.0988894 0.12613
7.58 0 0.0547567 0.0914058 0.113591
7.6 0 0.0486606 0.0822825 0.102178
7.62 0 0.0406675 0.0711366 0.0917427
7.64 0 0.0313798 0.0584524 0.0814366
7.66 0 0.021464 0.0452265 0.0699949
7.68 0 0.0118885 0.0320592 0.056381
7.7 0 0.00372499 0.018786 0.0400509
7.72 0 -0.00256795 0.00504553 0.0207101
7.74 0 -0.00767112 -0.00889127 -0.00171772
7.76 0 -0.0127746 -0.022368 -0.0264804
7.78 0 -0.0182917 -0.0354469 -0.0513201
7.8 0 -0.0239184 -0.0486729 -0.0733326
7.82 0 -0.0297393 -0.0615826 -0.0908058
7.84 0 -0.0361869 -0.0727067 -0.103452
7.86 0 -0.042996 -0.0810959 -0.11145
7.88 0 -0.0489545 -0.0869391 -0.115117
7.9 0 -0.0528374 -0.0906133 -0.11522
7.92 0 -0.0542038 -0.0917287 -0.11299
7.94 0 -0.0531952 -0.0896064 -0.109534
7.96 0 -0.0500239 -0.084491 -0.105308
7.98 0 -0.0450106 -0.0776736 -0.100178
8 0 -0.0389279 -0.0703075 -0.0938152
8.02 0 -0.0329082 -0.0626071 -0.0859646
8.04 0 -0.027754 -0.0543311 -0.0763875
8.06 0 -0.0234141 -0.0455521 -0.0648254
8.08 0 -0.01932 -0.0366271 -0.0513217
8.1 0 -0.0150285 -0.027569 -0.0364899
8.12 0 -0.0103649 -0.0179214 -0.0213043
8.14 0 -0.00511972 -0.0073935 -0.00663033
8.16 0 0.000876254 0.00368282 0.00706286
8.18 0 0.00733243 0.0145715 0.0196625
8.2 0 0.013687 0.0245824 0.0312183
8.22 0 0.0194511 0.0334015 0.0417516
8.24 0 0.0242268 0.0410842 0.0511918
8.26 0 0.0278592 0.0476624 0.0594719
8.28 0 0.0305265 0.0529679 0.0665883
8.3 0 0.0325102 0.0569057 0.0724935
8.32 0 0.0339104 0.0596185 0.0769635
8.34 0 0.0346399 0.0612636 0.0796504
8.36 0 0.0346577 0.0617488 0.080298
8.38 0 0.0340416 0.0607955 0.0788514
8.4 0 0.0328122 0.0582515 0.075375
8.42 0 0.030851 0.0542691 0.0699903
8.44 0 0.0280864 0.0491535 0.0629585
8.46 0 0.0246873 0.0431615 0.0547593
8.48 0 0.0209396 0.0364923 0.0459482
8.5 0 0.01698 0.0293804 0.036912
8.52 0 0.0127876 0.0221019 0.0278319
8.54 0 0.00836168 0.0148298 0.0188038
8.56 0 0.00383158 0.00753817 0.00987612
8.58 0 -0.000496572 0.000152499 0.0010084
8.6 0 -0.00432507 -0.00715277 -0.00793307
8.62 0 -0.00768468 -0.0139261 -0.0170376
8.64 0 -0.0107712 -0.0198773 -0.0260774
8.66 0 -0.0135887 -0.0251995 -0.0344653
8.68 0 -0.0161063 -0.0302449 -0.0416486
8.7 0 -0.0185628 -0.035032 -0.0474826
8.72 0 -0.0212895 -0.0393253 -0.0521715
8.74 0 -0.024307 -0.0431124 -0.0560033
8.76 0 -0.0272811 -0.0466929 -0.05925
8.78 0 -0.0298447 -0.0502238 -0.0622258
8.8 0 -0.0318421 -0.0534269 -0.0652661
8.82 0 -0.0332625 -0.0559243 -0.0685539
8.84 0 -0.0340607 -0.0576763 -0.0719439
8.86 0 -0.0341746 -0.0588818 -0.0749858
8.88 0 -0.0336772 -0.0595216 -0.077114
8.9 0 -0.0327584 -0.0592165 -0.0777864
8.92 0 -0.0314882 -0.0575478 -0.0764873
8.94 0 -0.0296481 -0.0543108 -0.0727179
8.96 0 -0.0269257 -0.049438 -0.06618
8.98 0 -0.0232012 -0.0428218 -0.0569613
9 0 -0.0185353 -0.0343596 -0.0454537
9.02 0 -0.0130193 -0.0242185 -0.0321564
9.04 0 -0.00673012 -0.0128964 -0.0175688
9.06 0 -3.49308e-05 -0.00101301 -0.0022625
9.08 0 0.0062854 0.010766 0.0130762
9.1 0 0.011781 0.0216805 0.0278245
9.12 0 0.0166415 0.0311686 0.041448
9.14 0 0.0210424 0.0392441 0.0533483
9.16 0 0.0249469 0.0462632 0.0630012
9.18 0 0.0284055 0.0523419 0.0702239
9.2 0 0.0315338 0.0571971 0.075169
9.22 0 0.0342487 0.0605476 0.0781229
9.24 0 0.0362447 0.0624966 0.0794166
9.26 0 0.0373019 0.0634153 0.0795049
9.28 0 0.0375055 0.0635619 0.0789504
9.3 0 0.0371256 0.0630124 0.0782258
9.32 0 0.0363835 0.0619292 0.0775343
9.34 0 0.0354166 0.060677 0.0768437
9.36 0 0.0344111 0.0595868 0.0760663
9.38 0 0.0335801 0.0586735 0.075121
9.4 0 0.0329039 0.0576096 0.0737947
9.42 0 0.0319902 0.0559157 0.0716568
9.44 0 0.0303526 0.0531821 0.0682554
9.46 0 0.0277694 0.04915 0.0633505
9.48 0 0.0243256 0.0437225 0.0569121
9.5 0 0.0202418 0.0370351 0.0490118
9.52 0 0.0157236 0.0294143 0.0397481
9.54 0 0.0109121 0.0211505 0.0292368
9.56 0 0.00588277 0.0123444 0.0176437
9.58 0 0.000786991 0.00299161 0.00521795
9.6 0 -0.00412597 -0.00676792 -0.00775793
9.62 0 -0.00891321 -0.0165265 -0.0210496
9.64 0 -0.0139331 -0.0259379 -0.0343373
9.66 0 -0.0192452 -0.035076 -0.0470538
9.68 0 -0.0245081 -0.0440928 -0.0585701
9.7 0 -0.0294184 -0.0526328 -0.0685131
9.72 0 -0.0338813 -0.0599831 -0.0768471
9.74 0 -0.0377687 -0.0657517 -0.0836753
9.76 0 -0.0408011 -0.0701421 -0.0890686
9.78 0 -0.0428247 -0.0735582 -0.0931548
9.8 0 -0.0440169 -0.0760999 -0.0961776
9.82 0 -0.0446661 -0.0775853 -0.0983201
9.84 0 -0.0447747 -0.0778716 -0.0994494
9.86 0 -0.0440237 -0.0769157 -0.0991113
9.88 0 -0.0422019 -0.0746258 -0.0968617
9.9 0 -0.0394401 -0.0707746 -0.0924802
9.92 0 -0.0359602 -0.0651624 -0.0858694
9.94 0 -0.0318041 -0.0578655 -0.0769442
9.96 0 -0.0268898 -0.0491693 -0.0657095
9.98 0 -0.0212504 -0.0392902 -0.0524315
10 0 -0.0151066 -0.028329 -0.0376584
10.02 0 -0.00868855 -0.0165122 -0.0220279
10.04 0 -0.00216033 -0.00433744 -0.00611275
10.06 0 0.00415991 0.00758792 0.00957047
10.08 0 0.00995495 0.0187201 0.0245528
10.1 0 0.0152911 0.0287067 0.038401
10.12 0 0.0203138 0.0375673 0.0506664
10.14 0 0.0249478 0.0455187 0.0609704
10.16 0 0.0291156 0.0525462 0.0691832
10.18 0 0.0328306 0.0583729 0.0754589
10.2 0 0.0360348 0.0628212 0.0800884
10.22 0 0.0384942 0.0659959 0.0833243
10.24 0 0.0399456 0.0680541 0.0853412
10.26 0 0.0403233 0.0689484 0.0862837
10.28 0 0.0397277 0.0684768 0.0861887
10.3 0 0.0382471 0.0665586 0.0848789
10.32 0 0.0359819 0.0633962 0.0820799
10.34 0 0.0331701 0.0593012 0.0776338
10.36 0 0.0301265 0.0544346 0.071566
10.38 0 0.0270169 0.0487958 0.0640034
10.4 0 0.0237079 0.0423532 0.0550831
10.42 0 0.0198781 0.0350733 0.0449606
10.44 0 0.0152797 0.0268593 0.0338627
10.46 0 0.00986884 0.0176026 0.0220584
10.48 0 0.00378132 0.00739899 0.00975459
10.5 0 -0.00249674 -0.00331356 -0.00290995
10.52 0 -0.00826095 -0.013772 -0.0157643
10.54 0 -0.013211 -0.0231698 -0.0285153
10.56 0 -0.0173904 -0.0311962 -0.0406171
10.58 0 -0.0208275 -0.0381209 -0.0513495
10.6 0 -0.023773 -0.044319 -0.0602586
10.62 0 -0.026802 -0.0499617 -0.0673947
10.64 0 -0.030312 -0.0551016 -0.0730499
10.66 0 -0.0341104 -0.0598325 -0.0774731
10.68 0 -0.0376047 -0.0641616 -0.0808877
10.7 0 -0.040225 -0.0677337 -0.0835588
10.72 0 -0.0416267 -0.0699502 -0.0856915
10.74 0 -0.0416515 -0.0704455 -0.0872419
10.76 0 -0.0402869 -0.0693092 -0.0878448
10.78 0 -0.0377616 -0.066833 -0.0869754
10.8 0 -0.0345776 -0.0631875 -0.0841864
10.82 0 -0.0312653 -0.0584199 -0.0791882
10.84 0 -0.028066 -0.0526462 -0.0718442
10.86 0 -0.0249055 -0.0460941 -0.0622859
10.88 0 -0.021616 -0.0389535 -0.0510551
10.9 0 -0.01807 -0.0312848 -0.0390177
10.92 0 -0.01411 -0.0231134 -0.0270442
10.94 0 -0.00949218 -0.0145432 -0.0157241
10.96 0 -0.00405468 -0.0057244 -0.00526699
10.98 0 0.00187351 0.00326983 0.00447663
11 0 0.00760948 0.0123205 0.0139723
11.02 0 0.0128742 0.0210454 0.0238369
11.04 0 0.0177429 0.0291501 0.0344107
11.06 0 0.02212 0.0368381 0.0454536
11.08 0 0.0259036 0.0444577 0.0563945
11.1 0 0.0293421 0.0519378 0.0667694
11.12 0 0.0328309 0.0588308 0.0762576
11.14 0 0.036365 0.0647783 0.0844229
11.16 0 0.0394561 0.0696717 0.0907138
11.18 0 0.0416442 0.0733715 0.0947925
11.2 0 0.0428633 0.0755257 0.0967171
11.22 0 0.043255 0.0758504 0.0967566
11.24 0 0.0428207 0.0744872 0.0951056
11.26 0 0.0414307 0.0718665 0.0918416
11.28 0 0.0391108 0.0682331 0.0870859
11.3 0 0.0361015 0.06349 0.0810395
11.32 0 0.0326067 0.0575454 0.0738406
11.34 0 0.0286283 0.050607 0.0654929
11.36 0 0.0241114 0.0429994 0.0559865
11.38 0 0.0191733 0.0348519 0.0454667
11.4 0 0.0140677 0.0261227 0.0342181
11.42 0 0.00892894 0.0168791 0.0224874
11.44 0 0.00372237 0.00742299 0.0104255
11.46 0 -0.00139021 -0.00189495 -0.00176347
11.48 0 -0.00598486 -0.0107814 -0.0137328
11.5 0 -0.00994088 -0.018887 -0.0250848
11.52 0 -0.0135606 -0.0259711 -0.035426
11.54 0 -0.0170939 -0.032219 -0.0443885
11.56 0 -0.0206204 -0.0380849 -0.0518052
11.58 0 -0.0242503 -0.0438138 -0.0578698
11.6 0 -0.0280706 -0.0492789 -0.0630352
11.62 0 -0.0318985 -0.054274 -0.0677493
11.64 0 -0.0352518 -0.0587338 -0.0722654
11.66 0 -0.0376087 -0.062534 -0.0765981
11.68 0 -0.0386819 -0.0652621 -0.0805388
11.7 0 -0.0384918 -0.0664341 -0.0836787
11.72 0 -0.0372283 -0.0658895 -0.0854287
11.74 0 -0.0351562 -0.0638611 -0.0851646
11.76 0 -0.0327047 -0.0607628 -0.0825315
11.78 0 -0.030421 -0.0569742 -0.0776133
11.8 0 -0.0286454 -0.0527651 -0.0708369
11.82 0 -0.0272707 -0.0483226 -0.0628221
11.84 0 -0.025841 -0.0437178 -0.0542901
11.86 0 -0.0238418 -0.0388314 -0.0459536
11.88 0 -0.0208972 -0.0333909 -0.038313
11.9 0 -0.0168058 -0.0271415 -0.0314329
11.92 0 -0.0116093 -0.020038 -0.0249155
11.94 0 -0.00566489 -0.0122331 -0.0180692
11.96 0 0.000260532 -0.00390152 -0.0101249
11.98 0 0.00529882 0.00469256 -0.000433444
12 0 0.00927667 0.0130764 0.0113052
12.02 0 0.0126468 0.0209637 0.0246864
12.04 0 0.0157867 0.0286244 0.0385001
12.06 0 0.0189656 0.0364564 0.0513049
12.08 0 0.0225955 0.0443215 0.0621445
12.1 0 0.0269962 0.0516239 0.0706689
12.12 0 0.0319064 0.0579269 0.0768351
12.14 0 0.0364871 0.0631429 0.0807799
12.16 0 0.0399154 0.0671495 0.0829476
12.18 0 0.041875 0.0696087 0.0840886
12.2 0 0.0424534 0.0703444 0.0848949
12.22 0 0.0417841 0.0696733 0.0855778
12.24 0 0.0400166 0.0681497 0.0858377
12.26 0 0.0375515 0.066061 0.0851997
12.28 0 0.0350022 0.0633362 0.0832734
12.3 0 0.0327891 0.0599069 0.079753
12.32 0 0.0308857 0.0559371 0.0744337
12.34 0 0.0290024 0.0515967 0.0673903
12.36 0 0.0268858 0.0467702 0.0590888
12.38 0 0.0243462 0.0411696 0.0502014
12.4 0 0.0211171 0.0346846 0.0412658
12.42 0 0.0169231 0.0274896 0.0325235
12.44 0 0.0117848 0.019826 0.0240085
12.46 0 0.00614587 0.0118515 0.0156483
12.48 0 0.000750997 0.0037393 0.00723218
12.5 0 -0.0037126 -0.0041445 -0.00161966
12.52 0 -0.00714379 -0.0112773 -0.0112472
12.54 0 -0.0099388 -0.0174519 -0.021536
12.56 0 -0.0124335 -0.0231089 -0.0317646
12.58 0 -0.0148703 -0.0288704 -0.0410475
12.6 0 -0.0176677 -0.0348416 -0.048906
12.62 0 -0.0211893 -0.040593 -0.055293
12.64 0 -0.0252262 -0.0457131 -0.0602583
12.66 0 -0.0290106 -0.0500903 -0.0638531
12.68 0 -0.0317936 -0.0536111 -0.0662985
12.7 0 -0.0332989 -0.0559163 -0.0680216
12.72 0 -0.0336205 -0.0567014 -0.0693725
12.74 0 -0.032888 -0.0561128 -0.0703104
12.76 0 -0.0312739 -0.0546578 -0.0704778
12.78 0 -0.0292391 -0.052773 -0.0695689
12.8 0 -0.0274447 -0.0506185 -0.0675139
12.82 0 -0.026308 -0.0482841 -0.0643863
12.84 0 -0.0257309 -0.0459584 -0.0603185
12.86 0 -0.0252829 -0.043736 -0.0555723
12.88 0 -0.0245767 -0.0414134 -0.0506173
12.9 0 -0.0233973 -0.0386549 -0.045991
12.92 0 -0.0215623 -0.0353178 -0.0419773
12.94 0 -0.0188842 -0.0314896 -0.0384193
12.96 0 -0.0153914 -0.0272296 -0.0348557
12.98 0 -0.0114759 -0.0224573 -0.0307784
13 0 -0.00766074 -0.017153 -0.0257447
13.02 0 -0.00431459 -0.0115462 -0.0194205
13.04 0 -0.00162954 -0.00600363 -0.0117213
13.06 0 0.000413208 -0.000718724 -0.00292323
13.08 0 0.00215031 0.00445135 0.00641294
13.1 0 0.00416634 0.00986395 0.015665
13.12 0 0.00705484 0.0158623 0.0243907
13.14 0 0.0111687 0.0225979 0.032447
13.16 0 0.0164215 0.0299924 0.0399395
13.18 0 0.0222015 0.0377328 0.0470766
13.2 0 0.0276211 0.0452364 0.0540709
13.22 0 0.0319656 0.0518436 0.0611145
13.24 0 0.0348816 0.057128 0.0682348
13.26 0 0.0363169 0.0609841 0.0751006
13.28 0 0.036495 0.0634961 0.0810666
13.3 0 0.0358809 0.06476 0.0854022
13.32 0 0.0350142 0.0648537 0.0875139
13.34 0 0.0342913 0.0639481 0.0870796
13.36 0 0.0338236 0.0622855 0.0840903
13.38 0 0.03343 0.0599582 0.0788663
13.4 0 0.0327342 0.0567871 0.0720165
13.42 0 0.0312655 0.0524858 0.0642546
13.44 0 0.0285583 0.046888 0.0561335
13.46 0 0.0243371 0.0400017 0.0478948
13.48 0 0.0187284 0.0319617 0.0395033
13.5 0 0.0122908 0.0230272 0.0307398
13.52 0 0.00579326 0.0136252 0.0212819
13.54 0 8.46208e-05 0.00432362 0.010846
13.56 0 -0.00413981 -0.00425612 -0.000615727
13.58 0 -0.00688536 -0.0116046 -0.0127475
13.6 0 -0.00879941 -0.0176845 -0.0246981
13.62 0 -0.0105848 -0.0230364 -0.0353114
13.64 0 -0.0127972 -0.0282673 -0.0436589
13.66 0 -0.0158708 -0.0335138 -0.0494566
13.68 0 -0.0198871 -0.0384768 -0.0530148
13.7 0 -0.0243172 -0.0428269 -0.0549535
13.72 0 -0.0282203 -0.0464088 -0.056012
13.74 0 -0.0307637 -0.0490608 -0.0569381
13.76 0 -0.0315863 -0.0504915 -0.0582935
13.78 0 -0.0307929 -0.0505312 -0.060185
13.8 0 -0.0287531 -0.0493703 -0.0621338
13.82 0 -0.0259841 -0.0473952 -0.0632624
13.84 0 -0.0231232 -0.044864 -0.0626935
13.86 0 -0.020768 -0.041837 -0.0598677
13.88 0 -0.01918 -0.0383375 -0.0546433
13.9 0 -0.0181398 -0.0344328 -0.0473015
13.92 0 -0.0171114 -0.0301196 -0.0385191
13.94 0 -0.0155435 -0.0252395 -0.0292552
13.96 0 -0.0130488 -0.0196365 -0.0204895
13.98 0 -0.0094284 -0.013385 -0.0128558
14 0 -0.00476853 -0.00680869 -0.00645069
14.02 0 0.000249729 -0.000299396 -0.000964799
14.04 0 0.00450968 0.00573188 0.0041443
14.06 0 0.00736821 0.0107363 0.00949297
14.08 0 0.00894183 0.014323 0.0153859
14.1 0 0.00953198 0.0167395 0.0214575
14.12 0 0.00943261 0.0186252 0.0268386
14.14 0 0.0091689 0.0202852 0.0307122
14.16 0 0.00940833 0.021539 0.0326902
14.18 0 0.0104682 0.0222544 0.0327803
14.2 0 0.0120345 0.0226476 0.0312487
14.22 0 0.013469 0.0229175 0.0286613
14.24 0 0.0142813 0.0228428 0.025865
14.26 0 0.0142006 0.0219659 0.0236217
14.28 0 0.0129917 0.0200879 0.0221519
14.3 0 0.0105343 0.0173964 0.0210598
14.32 0 0.00715537 0.01416 0.0196826
14.34 0 0.00371869 0.0105126 0.0174382
14.36 0 0.00117157 0.00663551 0.0138928
14.38 0 -0.000147412 0.00297807 0.00878093
14.4 0 -0.000637361 -5.45209e-05 0.00224416
14.42 0 -0.000905885 -0.00265631 -0.00496115
14.44 0 -0.00143611 -0.00551562 -0.0117287
14.46 0 -0.00266919 -0.00905088 -0.0172062
14.48 0 -0.00490923 -0.0129821 -0.0211384
14.5 0 -0.00798796 -0.016705 -0.0237265
14.52 0 -0.0112183 -0.0198477 -0.0253485
14.54 0 -0.0137724 -0.0223434 -0.0264486
14.56 0 -0.0151511 -0.0241327 -0.0275185
14.58 0 -0.0153655 -0.025056 -0.0289451
14.6 0 -0.0147084 -0.025087 -0.0307342
14.62 0 -0.0134795 -0.0244892 -0.032422
14.64 0 -0.0119921 -0.0235959 -0.0333422
14.66 0 -0.0106469 -0.0225014 -0.0329809
14.68 0 -0.00978664 -0.021103 -0.0311337
14.7 0 -0.00944612 -0.0193752 -0.0278799
14.72 0 -0.00931882 -0.0174295 -0.0235465
14.74 0 -0.00900037 -0.0153274 -0.0187159
14.76 0 -0.00819987 -0.0129605 -0.0140954
14.78 0 -0.00673231 -0.0101636 -0.010192
14.8 0 -0.00446048 -0.00686134 -0.00702977
14.82 0 -0.00147194 -0.00306142 -0.00416273
14.84 0 0.00169655 0.00111238 -0.00097363
14.86 0 0.00437599 0.00532478 0.00306879
14.88 0 0.00628619 0.00915733 0.00824502
14.9 0 0.00750709 0.012431 0.0143594
14.92 0 0.00819568 0.0152908 0.0206775
14.94 0 0.00859919 0.0179049 0.0262463
14.96 0 0.00915113 0.020219 0.0303464
14.98 0 0.0102342 0.022076 0.0326661
15 0 0.0118177 0.0234434 0.0332061
15.02 0 0.0134666 0.0243841 0.0322403
15.04 0 0.0147145 0.0248618 0.03038
15.06 0 0.0153208 0.0247383 0.0284502
15.08 0 0.0151774 0.0239715 0.0270943
15.1 0 0.0142078 0.0227265 0.0264772
15.12 0 0.0125109 0.0212417 0.0263446
15.14 0 0.0104686 0.0196177 0.0262351
15.16 0 0.00855783 0.0178061 0.0256111
15.18 0 0.00704127 0.0157614 0.0239399
15.2 0 0.00588646 0.0134956 0.0208624
15.22 0 0.00493507 0.0109782 0.0163929
15.24 0 0.00401852 0.00809794 0.0109416
15.26 0 0.00292675 0.00478999 0.00511742
15.28 0 0.00143029 0.00114164 -0.000513038
15.3 0 -0.000545809 -0.00266288 -0.00556181
15.32 0 -0.00280986 -0.00643244 -0.00986514
15.34 0 -0.00503138 -0.00994296 -0.0134715
15.36 0 -0.00695675 -0.0129278 -0.0165589
15.38 0 -0.00846615 -0.0152288 -0.0192935
15.4 0 -0.00948213 -0.0169022 -0.0217019
15.42 0 -0.00995522 -0.0180715 -0.0236573
15.44 0 -0.00994823 -0.0187181 -0.0249717
15.46 0 -0.00962638 -0.0187115 -0.0254732
15.48 0 -0.0091141 -0.0180037 -0.0250072
15.5 0 -0.00840279 -0.0166833 -0.023443
15.52 0 -0.00743851 -0.0148473 -0.0207704
15.54 0 -0.00624805 -0.0125234 -0.0171941
15.56 0 -0.00491236 -0.00973677 -0.0130599
15.58 0 -0.00345387 -0.00660106 -0.00867368
15.6 0 -0.00183408 -0.00331241 -0.00422951
15.62 0 -8.46471e-05 -3.31639e-05 0.00013784
15.64 0 0.00163869 0.00316468 0.00431535
15.66 0 0.00319139 0.00619796 0.00822861
15.68 0 0.00455062 0.00891939 0.0118421
15.7 0 0.00575051 0.0112338 0.0151094
15.72 0 0.00680862 0.0131831 0.0179393
15.74 0 0.00774056 0.0148589 0.0202274
15.76 0 0.0085588 0.0162642 0.0219034
15.78 0 0.00921852 0.0172678 0.0229201
15.8 0 0.00956633 0.0176629 0.023198
15.82 0 0.00938533 0.0172616 0.0226166
15.84 0 0.00853464 0.015952 0.0210772
15.86 0 0.00703904 0.0137159 0.0185481
15.88 0 0.00508719 0.0106593 0.0150719
15.9 0 0.00298334 0.00703318 0.0107541
15.92 0 0.00102246 0.00317501 0.00573783
15.94 0 -0.000654604 -0.00060569 0.000214415
15.96 0 -0.00206406 -0.00412327 -0.0055038
15.98 0 -0.00329655 -0.00733299 -0.0109682
16 0 -0.00450538 -0.010285 -0.0157412
16.02 0 -0.00587416 -0.0130463 -0.0195703
16.04 0 -0.00752323 -0.0156392 -0.0224414
16.06 0 -0.00944875 -0.0180753 -0.0245476
16.08 0 -0.011493 -0.0204066 -0.0262152
16.1 0 -0.0133924 -0.0226606 -0.0278096
16.12 0 -0.0149094 -0.0247527 -0.0296437
16.14 0 -0.0158862 -0.0264958 -0.0318399
16.16 0 -0.0162197 -0.0276964 -0.034216
16.18 0 -0.0159377 -0.0282876 -0.0363776
16.2 0 -0.0152647 -0.0283375 -0.0379023
16.22 0 -0.0145116 -0.0279312 -0.0384338
16.24 0 -0.0138956 -0.0271128 -0.0377263
16.26 0 -0.0134423 -0.0258974 -0.0356988
16.28 0 -0.0129934 -0.024243 -0.0324608
16.3 0 -0.0122933 -0.0220312 -0.0282931
16.32 0 -0.0111042 -0.0191547 -0.0235896
16.34 0 -0.00925469 -0.0156036 -0.0187121
16.36 0 -0.00667289 -0.0114586 -0.0138414
16.38 0 -0.00349547 -0.00681605 -0.0089406
16.4 0 -0.000161381 -0.00178989 -0.00381641
16.42 0 0.00275369 0.00328282 0.00173335
16.44 0 0.00487894 0.00778238 0.00771949
16.46 0 0.00615838 0.0112191 0.0138093
16.48 0 0.00678178 0.0136782 0.0193952
16.5 0 0.00718974 0.0157143 0.0239141
16.52 0 0.00795746 0.017784 0.0270944
16.54 0 0.00943483 0.0198936 0.0289327
16.56 0 0.011441 0.0217687 0.0295647
16.58 0 0.0133281 0.0231222 0.0292088
16.6 0 0.0144216 0.023722 0.0282187
16.62 0 0.0143966 0.0233652 0.0270282
16.64 0 0.0132809 0.0219585 0.0259031
16.66 0 0.0113203 0.0196958 0.0247853
16.68 0 0.00891366 0.0170142 0.0233727
16.7 0 0.00655656 0.0142909 0.0213188
16.72 0 0.00475188 0.0116848 0.0184304
16.74 0 0.00379032 0.00927567 0.014743
16.76 0 0.00349316 0.00717401 0.0104786
16.78 0 0.00334794 0.00537534 0.00604529
16.8 0 0.00292958 0.00364036 0.0020241
16.82 0 0.00207791 0.00170855 -0.00103738
16.84 0 0.00078418 -0.00041034 -0.002944
16.86 0 -0.000863835 -0.00247697 -0.00397725
16.88 0 -0.00256402 -0.00426621 -0.00466408
16.9 0 -0.00382268 -0.00564729 -0.00543558
16.92 0 -0.00427038 -0.00651761 -0.00649426
16.94 0 -0.00393841 -0.00681971 -0.00784308
16.96 0 -0.00320161 -0.00666221 -0.0092939
16.98 0 -0.00250863 -0.00635679 -0.010493
17 0 -0.00217771 -0.0062279 -0.0110624
17.02 0 -0.00229924 -0.00632103 -0.0107638
17.04 0 -0.00268871 -0.00632933 -0.00956409
17.06 0 -0.00296514 -0.00584226 -0.00761738
17.08 0 -0.0027418 -0.00463529 -0.005188
17.1 0 -0.00182961 -0.00274444 -0.00255326
17.12 0 -0.000375489 -0.000387813 6.00146e-05
17.14 0 0.00119017 0.00207904 0.00249942
17.16 0 0.00240085 0.00418065 0.00467271
17.18 0 0.00296812 0.00546497 0.00647657
17.2 0 0.00279701 0.00570362 0.00768499
17.22 0 0.00195257 0.00494279 0.00793927
17.24 0 0.000719145 0.00340566 0.0069275
17.26 0 -0.000462624 0.00138648 0.00457091
17.28 0 -0.00129376 -0.000829858 0.00103651
17.3 0 -0.00180376 -0.00303782 -0.00330507
17.32 0 -0.00222171 -0.00515626 -0.00788526
17.34 0 -0.00276653 -0.00720696 -0.0120329
17.36 0 -0.003546 -0.00917163 -0.0151673
17.38 0 -0.0045378 -0.0108709 -0.0169688
17.4 0 -0.00560046 -0.0120611 -0.0174566
17.42 0 -0.00653712 -0.0126435 -0.0169572
17.44 0 -0.00717276 -0.0127202 -0.0159585
17.46 0 -0.00737362 -0.0124519 -0.0149126
17.48 0 -0.00708269 -0.0119265 -0.0141125
17.5 0 -0.00638336 -0.0111872 -0.0136737
17.52 0 -0.00549286 -0.0103427 -0.013553
17.54 0 -0.0046935 -0.00959494 -0.0135887
17.56 0 -0.00423693 -0.00914604 -0.0135802
17.58 0 -0.00420964 -0.00905038 -0.0133565
17.6 0 -0.00446658 -0.00913127 -0.0128117
17.62 0 -0.00471026 -0.00906098 -0.011925
17.64 0 -0.00460903 -0.00850978 -0.01071
17.66 0 -0.00391554 -0.00725707 -0.00913513
17.68 0 -0.0026051 -0.00527163 -0.00712906
17.7 0 -0.000950928 -0.00275118 -0.00465192
17.72 0 0.00059725 -8.60443e-05 -0.00174074
17.74 0 0.00169229 0.00228597 0.00148681
17.76 0 0.00227043 0.00411145 0.00482644
17.78 0 0.00256182 0.00551538 0.00803657
17.8 0 0.00297383 0.00692962 0.0109377
17.82 0 0.00384608 0.0087205 0.0134408
17.84 0 0.00524231 0.0108956 0.0155385
17.86 0 0.00693027 0.0131368 0.0172882
17.88 0 0.00852467 0.0150574 0.0187723
17.9 0 0.00968466 0.0164727 0.0200904
17.92 0 0.0102543 0.0174236 0.0213404
17.94 0 0.0102991 0.0179975 0.022557
17.96 0 0.0100423 0.0182523 0.0236756
17.98 0 0.00973677 0.0182861 0.0245463
18 0 0.00957041 0.0182675 0.0250073
18.02 0 0.00966198 0.0183563 0.0250054
18.04 0 0.0100504 0.018596 0.0246444
18.06 0 0.0106048 0.0188627 0.024082
18.08 0 0.0109925 0.0189053 0.0233916
18.1 0 0.0108665 0.0184801 0.022569
18.12 0 0.0100916 0.0174658 0.0215941
18.14 0 0.00876456 0.0158713 0.020396
18.16 0 0.00710451 0.0138105 0.0188161
18.18 0 0.00538111 0.0114689 0.0166744
18.2 0 0.00386942 0.00902433 0.0138604
18.22 0 0.00272836 0.00658986 0.0103746
18.24 0 0.00189096 0.00421393 0.00634848
18.26 0 0.0011296 0.0018624 0.0020498
18.28 0 0.000230891 -0.000555588 -0.00215147
18.3 0 -0.000889368 -0.00306322 -0.00588051
18.32 0 -0.00219921 -0.00554136 -0.00890744
18.34 0 -0.00360424 -0.00779459 -0.0112261
18.36 0 -0.00495095 -0.00967778 -0.0129874
18.38 0 -0.0060368 -0.0111408 -0.0143684
18.4 0 -0.00669623 -0.0121546 -0.0154776
18.42 0 -0.0068795 -0.0126693 -0.016329
18.44 0 -0.00665833 -0.0126842 -0.0168674
18.46 0 -0.00618321 -0.0122996 -0.0170015
18.48 0 -0.00562937 -0.011664 -0.0166381
18.5 0 -0.00514351 -0.0108847 -0.0157239
18.52 0 -0.00478305 -0.00999511 -0.0142757
18.54 0 -0.00449077 -0.00898535 -0.0123941
18.56 0 -0.00413712 -0.00782984 -0.0102497
18.58 0 -0.00362153 -0.00652247 -0.00806513
18.6 0 -0.00294189 -0.00511947 -0.00607095
18.62 0 -0.00216873 -0.00373987 -0.00442377
18.64 0 -0.0014145 -0.00252899 -0.0031707
18.66 0 -0.000809088 -0.00160393 -0.00227306
18.68 0 -0.000447412 -0.00102202 -0.00165589
18.7 0 -0.000365176 -0.000797747 -0.00127555
18.72 0 -0.000528716 -0.000906342 -0.00114286
18.74 0 -0.000839642 -0.00127431 -0.00129816
18.76 0 -0.00118972 -0.00181027 -0.00179093
18.78 0 -0.00150542 -0.00244108 -0.00264322
18.8 0 -0.00174865 -0.00311289 -0.00379734
18.82 0 -0.00191887 -0.00378264 -0.00510898
18.84 0 -0.00205895 -0.00441782 -0.00639201
18.86 0 -0.00221894 -0.00498421 -0.0074591
18.88 0 -0.00239714 -0.00541943 -0.00814092
18.9 0 -0.00251151 -0.00560476 -0.008294
18.92 0 -0.00242769 -0.00536888 -0.00780855
18.94 0 -0.00205075 -0.00457894 -0.00664729
18.96 0 -0.00139989 -0.00325481 -0.00487847
18.98 0 -0.000581065 -0.00157152 -0.00264508
19 0 0.000271601 0.000231043 -0.000132248
19.02 0 0.00104519 0.00195643 0.00245133
19.04 0 0.00171414 0.00353308 0.00492742
19.06 0 0.002356 0.00500729 0.00719334
19.08 0 0.00307189 0.00644921 0.00920431
19.1 0 0.00383812 0.00781037 0.0108802
19.12 0 0.0044297 0.00883622 0.0120286
19.14 0 0.00456551 0.00916794 0.0124115
19.16 0 0.00412724 0.00857433 0.011873
19.18 0 0.00319902 0.00708657 0.0103639
19.2 0 0.0019812 0.00495069 0.00791228
19.22 0 0.000755187 0.00252589 0.00468299
19.24 0 -0.000200486 0.000182204 0.00101985
19.26 0 -0.000806105 -0.00183834 -0.00265955
19.28 0 -0.00123684 -0.00351111 -0.00598396
19.3 0 -0.0017429 -0.00496893 -0.00866134
19.32 0 -0.00244817 -0.00633074 -0.0105001
19.34 0 -0.00329973 -0.00755372 -0.0114584
19.36 0 -0.00408618 -0.00839958 -0.0116156
19.38 0 -0.00445093 -0.00851896 -0.0110383
19.4 0 -0.00407273 -0.0076587 -0.00974908
19.42 0 -0.00299751 -0.00592408 -0.00788411
19.44 0 -0.00164329 -0.0037608 -0.0056916
19.46 0 -0.000386784 -0.00158214 -0.00327194
19.48 0 0.000638274 0.000434533 -0.000570078
19.5 0 0.00137893 0.00222065 0.00233752
19.52 0 0.00177537 0.00367619 0.00512139
19.54 0 0.00184311 0.00464914 0.00732691
19.56 0 0.00170985 0.00501827 0.00855145
19.58 0 0.00151887 0.00478692 0.00854907
19.6 0 0.00133123 0.00407466 0.00728726
19.62 0 0.00116539 0.00305462 0.00502167
19.64 0 0.0010359 0.00189232 0.002269
19.66 0 0.000896478 0.000716286 -0.000379356
19.68 0 0.000656285 -0.000341072 -0.00242117
19.7 0 0.000251555 -0.00116959 -0.00356314
19.72 0 -0.000315798 -0.00176553 -0.00380419
19.74 0 -0.000926403 -0.00216418 -0.00336761
19.76 0 -0.00134634 -0.00229161 -0.00254292
19.78 0 -0.0013765 -0.00200633 -0.00160518
19.8 0 -0.00100977 -0.00131345 -0.0007952
19.82 0 -0.000425586 -0.000463562 -0.00026635
19.84 0 0.000110688 0.000177135 -5.75645e-05
19.86 0 0.000327724 0.000320824 -0.000163479
19.88 0 4.67117e-05 -0.000145598 -0.000608893
19.9 0 -0.000699971 -0.00116837 -0.00144069
19.92 0 -0.00169044 -0.00259903 -0.00271636
19.94 0 -0.00269302 -0.00426969 -0.00451442
19.96 0 -0.00357412 -0.00601681 -0.00686057
19.98 0 -0.00423899 -0.00766972 -0.0095858
20 0 -0.00458576 -0.00903362 -0.0122798
20.02 0 -0.00458217 -0.00990484 -0.014417
20.04 0 -0.00434358 -0.0101592 -0.0155593
20.06 0 -0.00406611 -0.00983674 -0.0154831
20.08 0 -0.00384331 -0.00906807 -0.0141641
20.1 0 -0.00357606 -0.00789722 -0.0117256
20.12 0 -0.00308298 -0.00624014 -0.00844368
20.14 0 -0.00223986 -0.00402989 -0.00471531
20.16 0 -0.00102501 -0.0013624 -0.000930068
20.18 0 0.000487071 0.00152107 0.00266203
20.2 0 0.00216649 0.00440376 0.00601524
20.22 0 0.00391751 0.00725301 0.00928765
20.24 0 0.00570575 0.010176 0.0127273
20.26 0 0.0074676 0.0131833 0.0164476
20.28 0 0.00905554 0.0160653 0.0202923
20.3 0 0.0102764 0.0185174 0.0238967
20.32 0 0.0110382 0.0203434 0.0268807
20.34 0 0.0114712 0.021561 0.0290274
20.36 0 0.0117954 0.0223087 0.0302669
20.38 0 0.0120945 0.0226659 0.0305634
20.4 0 0.0122741 0.0225819 0.0299125
20.42 0 0.0121548 0.0219123 0.0283841
20.44 0 0.0115363 0.0204886 0.0260843
20.46 0 0.010231 0.0181756 0.0230655
20.48 0 0.00815995 0.0149371 0.019321
20.5 0 0.0054717 0.0108976 0.014865
20.52 0 0.00256752 0.00631993 0.00975767
20.54 0 -3.73263e-05 0.00158218 0.00408501
20.56 0 -0.00201092 -0.0028291 -0.00200525
20.58 0 -0.00339065 -0.00654631 -0.00823589
20.6 0 -0.00448628 -0.00965976 -0.0142095
20.62 0 -0.00566121 -0.0126365 -0.0195089
20.64 0 -0.00722282 -0.0158241 -0.0238627
20.66 0 -0.00938856 -0.0191997 -0.027289
20.68 0 -0.0121207 -0.0225746 -0.0300359
20.7 0 -0.0150051 -0.0258182 -0.0324029
20.72 0 -0.0174534 -0.0288054 -0.0346619
20.74 0 -0.0190281 -0.0312498 -0.0370103
20.76 0 -0.0195616 -0.0327626 -0.0394386
20.78 0 -0.0191149 -0.0331645 -0.0416554
20.8 0 -0.0179559 -0.0326576 -0.043198
20.82 0 -0.0165379 -0.0316235 -0.0436376
20.84 0 -0.0153479 -0.0303259 -0.0427173
20.86 0 -0.0146404 -0.0288103 -0.0403642
20.88 0 -0.0142815 -0.0269898 -0.0366716
20.9 0 -0.0138714 -0.0247456 -0.0319312
20.92 0 -0.0129774 -0.0219282 -0.0266104
20.94 0 -0.0112576 -0.0183477 -0.0211704
20.96 0 -0.00849937 -0.0138567 -0.0158256
20.98 0 -0.00470561 -0.00845573 -0.0104501
21 0 -0.000341982 -0.00233055 -0.00471342
21.02 0 0.00373005 0.00409224 0.00173541
21.04 0 0.0069213 0.0101343 0.00912087
21.06 0 0.00919999 0.0152335 0.0172908
21.08 0 0.0107275 0.0193972 0.0255432
21.1 0 0.0117129 0.0230127 0.0328618
21.12 0 0.0125643 0.0262453 0.0384223
21.14 0 0.0137988 0.0289069 0.0418943
21.16 0 0.0156451 0.0308837 0.0433611
21.18 0 0.0178024 0.0323603 0.0431502
21.2 0 0.0196582 0.0334621 0.0417847
21.22 0 0.0206886 0.0338971 0.0399334
21.24 0 0.0205982 0.0331913 0.0381742
21.26 0 0.0192227 0.0311901 0.036671
21.28 0 0.0165876 0.028167 0.0351174
21.3 0 0.013123 0.0245023 0.0330074
21.32 0 0.00959341 0.0204281 0.0298977
21.34 0 0.00665794 0.0161129 0.0254727
21.36 0 0.00457483 0.0118149 0.0196112
21.38 0 0.00324941 0.00779815 0.0125582
21.4 0 0.00233964 0.0041132 0.00497523
21.42 0 0.00135726 0.000511634 -0.00229193
21.44 0 -0.000214157 -0.00339549 -0.0086143
21.46 0 -0.00269085 -0.00781735 -0.0138106
21.48 0 -0.00592773 -0.0125455 -0.0180521
21.5 0 -0.00941121 -0.0170599 -0.0216712
21.52 0 -0.0125455 -0.0209232 -0.0250101
21.54 0 -0.0148181 -0.0240266 -0.0283032
21.56 0 -0.0159594 -0.0263774 -0.0315902
21.58 0 -0.0160195 -0.0278103 -0.0346394
21.6 0 -0.0152507 -0.0280945 -0.0369493
21.62 0 -0.0139368 -0.0272059 -0.0378757
21.64 0 -0.0123323 -0.0253479 -0.0368593
21.66 0 -0.0107305 -0.0227921 -0.033705
21.68 0 -0.00942465 -0.0197667 -0.0287048
21.7 0 -0.00846528 -0.0164324 -0.0224834
21.72 0 -0.00754299 -0.0129044 -0.0157828
21.74 0 -0.00620616 -0.00923946 -0.00933258
21.76 0 -0.00418591 -0.00539882 -0.00372629
21.78 0 -0.00155994 -0.00132565 0.000758254
21.8 0 0.00131165 0.00286294 0.0042927
21.82 0 0.00400028 0.00678148 0.00739653
21.84 0 0.00616093 0.00998272 0.0105846
21.86 0 0.0075405 0.0123039 0.0140248
21.88 0 0.00803264 0.0139233 0.017484
21.9 0 0.00783065 0.0150695 0.0205477
21.92 0 0.00742796 0.0158099 0.0228477
21.94 0 0.00730765 0.0161643 0.0241123
21.96 0 0.00763126 0.0162824 0.0241769
21.98 0 0.00826774 0.0163631 0.0231091
22 0 0.00900679 0.0164245 0.0213063
22.02 0 0.00964617 0.0162936 0.0193759
22.04 0 0.00991872 0.0158178 0.0178301
22.06 0 0.00949182 0.0149527 0.0168317
22.08 0 0.00819509 0.0136668 0.0162079
22.1 0 0.00624172 0.0119134 0.0156348
22.12 0 0.00416245 0.0097437 0.0147365
22.14 0 0.00249017 0.00740507 0.0131019
22.16 0 0.0014573 0.00524206 0.0104021
22.18 0 0.000981727 0.0034111 0.00662516
22.2 0 0.000838879 0.00174907 0.00220819
22.22 0 0.000735138 -3.22901e-06 -0.00212196
22.24 0 0.00032267 -0.00190658 -0.00568896
22.26 0 -0.000637961 -0.00380939 -0.00810815
22.28 0 -0.00207791 -0.00557063 -0.00936043
22.3 0 -0.00367982 -0.00717879 -0.00979043
22.32 0 -0.00510538 -0.00862318 -0.00998287
22.34 0 -0.00612279 -0.0097893 -0.0104994
22.36 0 -0.00660622 -0.0105773 -0.0116251
22.38 0 -0.00651648 -0.0110371 -0.0132738
22.4 0 -0.00596709 -0.0113009 -0.0150958
22.42 0 -0.00526611 -0.0114097 -0.0166455
22.44 0 -0.00474018 -0.0112744 -0.017459
22.46 0 -0.00449165 -0.0108154 -0.0171319
22.48 0 -0.00439448 -0.0100446 -0.015499
22.5 0 -0.00430823 -0.00900022 -0.0128016
22.52 0 -0.00419943 -0.00773341 -0.00965378
22.54 0 -0.00401185 -0.00635299 -0.00674082
22.56 0 -0.00357042 -0.00499656 -0.0045117
22.58 0 -0.00276161 -0.00375647 -0.00313058
22.6 0 -0.00172393 -0.00265876 -0.00255615
22.62 0 -0.000763581 -0.00173397 -0.00255923
22.64 0 -0.000115793 -0.00107986 -0.00274696
22.66 0 0.000158755 -0.000784027 -0.00271758
22.68 0 0.000104226 -0.00076827 -0.00225858
22.7 0 -0.000163104 -0.00077592 -0.0013963
22.72 0 -0.000404041 -0.000537899 -0.000273616
22.74 0 -0.000305508 9.61087e-05 0.000988922
22.76 0 0.000314848 0.00117094 0.00233242
22.78 0 0.00136084 0.00265874 0.00374655
22.8 0 0.00254915 0.00441634 0.00527803
22.82 0 0.00362464 0.00618368 0.00702492
22.84 0 0.0044419 0.00771561 0.00904085
22.86 0 0.00490675 0.00890238 0.0112032
22.88 0 0.00498777 0.00973651 0.0132076
22.9 0 0.0047956 0.0102091 0.0147009
22.92 0 0.00456452 0.0103127 0.0154245
22.94 0 0.00450902 0.010142 0.0152913
22.96 0 0.00468904 0.00988787 0.014401
22.98 0 0.00501284 0.00967845 0.0130291
23 0 0.00531872 0.00946456 0.0115606
23.02 0 0.00542005 0.00909333 0.010343
23.04 0 0.00514712 0.00847863 0.0095512
23.06 0 0.00443713 0.00765017 0.00914284
23.08 0 0.00339052 0.00663912 0.00887559
23.1 0 0.00222064 0.00540544 0.00836821
23.12 0 0.00114855 0.00392476 0.00722585
23.14 0 0.000303543 0.00226802 0.00518729
23.16 0 -0.000308179 0.000547374 0.00224945
23.18 0 -0.000757558 -0.00118664 -0.00129052
23.2 0 -0.00118906 -0.00298215 -0.00496639
23.22 0 -0.00182639 -0.0049217 -0.00836158
23.24 0 -0.00286282 -0.00703636 -0.0112442
23.26 0 -0.00431861 -0.00928322 -0.0135876
23.28 0 -0.00601367 -0.0115626 -0.0155297
23.3 0 -0.00769162 -0.0137365 -0.0173043
23.32 0 -0.00913675 -0.0156681 -0.0191321
23.34 0 -0.0101745 -0.0172781 -0.0211034
23.36 0 -0.0107109 -0.0185425 -0.0231462
23.38 0 -0.0108147 -0.0194483 -0.0250802
23.4 0 -0.0106888 -0.0199951 -0.0266747
23.42 0 -0.0105381 -0.0202275 -0.0276838
23.44 0 -0.0104583 -0.0202095 -0.0278969
23.46 0 -0.0104246 -0.0199391 -0.0272141
23.48 0 -0.0103255 -0.0193027 -0.0256814
23.5 0 -0.00997574 -0.018126 -0.0234374
23.52 0 -0.00914587 -0.0162711 -0.0206213
23.54 0 -0.00766383 -0.013694 -0.0173262
23.56 0 -0.00552079 -0.010425 -0.0135906
23.58 0 -0.00293077 -0.00652368 -0.00937947
23.6 0 -0.000277266 -0.00212914 -0.00457668
23.62 0 0.00210903 0.00243735 0.000945304
23.64 0 0.00409613 0.0067554 0.00714194
23.66 0 0.00568225 0.0105876 0.0136465
23.68 0 0.00695106 0.013993 0.0198427
23.7 0 0.00812139 0.0171092 0.0251155
23.72 0 0.00949351 0.0199545 0.029092
23.74 0 0.0112623 0.0224938 0.0317264
23.76 0 0.0133492 0.024757 0.033228
23.78 0 0.0154029 0.0267621 0.0339477
23.8 0 0.0169974 0.0283642 0.0343023
23.82 0 0.0178259 0.029297 0.0346612
23.84 0 0.0177497 0.0293847 0.0351737
23.86 0 0.0167847 0.0286615 0.0356672
23.88 0 0.0151156 0.0272629 0.0357146
23.9 0 0.013079 0.0252594 0.0348123
23.92 0 0.0110208 0.0226337 0.0325269
23.94 0 0.00911231 0.0193846 0.0285817
23.96 0 0.00730155 0.0155772 0.0229542
23.98 0 0.00541997 0.0112574 0.0159477
24 0 0.00331621 0.00639206 0.00812041
24.02 0 0.000901463 0.000990178 7.86085e-05
24.04 0 -0.00183474 -0.00472233 -0.00769378
24.06 0 -0.00477229 -0.0103146 -0.01486
24.08 0 -0.00768483 -0.0153521 -0.0211747
24.1 0 -0.0103322 -0.0195965 -0.0264463
24.12 0 -0.0125208 -0.023026 -0.0305608
24.14 0 -0.0141712 -0.0256828 -0.0335443
24.16 0 -0.0153625 -0.0275889 -0.035584
24.18 0 -0.0162359 -0.0288252 -0.0369343
24.2 0 -0.0168478 -0.0295739 -0.0377814
24.22 0 -0.0171689 -0.0300042 -0.0382126
24.24 0 -0.0171807 -0.0301275 -0.0382642
24.26 0 -0.0168907 -0.0298042 -0.0379225
24.28 0 -0.0162745 -0.0289006 -0.0370888
24.3 0 -0.0152803 -0.0273992 -0.0356033
24.32 0 -0.0139161 -0.0253554 -0.0333393
24.34 0 -0.0122993 -0.0228205 -0.0302816
24.36 0 -0.0105914 -0.0198679 -0.026532
24.38 0 -0.00888539 -0.0166455 -0.0222618
24.4 0 -0.00718237 -0.0133466 -0.0176854
24.42 0 -0.00547245 -0.010115 -0.0130688
24.44 0 -0.00380758 -0.0069883 -0.00868893
24.46 0 -0.00226035 -0.00398341 -0.00473576
24.48 0 -0.000839367 -0.00120404 -0.00125525
24.5 0 0.000469648 0.00122391 0.00180224
24.52 0 0.00162671 0.00328253 0.00449404
24.54 0 0.00257366 0.00505399 0.00685684
24.56 0 0.0033253 0.00660051 0.00892657
24.58 0 0.00397665 0.00793096 0.0107467
24.6 0 0.00461051 0.00908329 0.0123488
24.62 0 0.00524264 0.0101524 0.0137478
24.64 0 0.0058665 0.0112128 0.0149763
24.66 0 0.0065083 0.0122625 0.0161094
24.68 0 0.0072009 0.0132768 0.017235
24.7 0 0.00791847 0.0142812 0.0184042
24.72 0 0.00858673 0.015315 0.019621
24.74 0 0.0091489 0.0163373 0.0208609
24.76 0 0.00957901 0.0172174 0.0220627
24.78 0 0.00984801 0.0178322 0.0231066
24.8 0 0.00992071 0.0181409 0.0238332
24.82 0 0.00979692 0.0181534 0.024102
24.84 0 0.00953178 0.0178674 0.0238418
24.86 0 0.00918437 0.0172651 0.023045
24.88 0 0.0087526 0.01635 0.0217373
24.9 0 0.00817661 0.0151486 0.0199709
24.92 0 0.00738704 0.0136599 0.0178228
24.94 0 0.0063419 0.0118404 0.015376
24.96 0 0.00505025 0.00966587 0.0126941
24.98 0 0.00358424 0.00718451 0.00979262
25 0 0.00205619 0.0045123 0.00663752
25.02 0 0.000591443 0.00179319 0.00320048
25.04 0 -0.000698938 -0.000850297 -0.00047694
25.06 0 -0.00177585 -0.00333898 -0.00426278
25.08 0 -0.00269243 -0.00562971 -0.00794885
25.1 0 -0.00355232 -0.00771025 -0.0112931
25.12 0 -0.00445004 -0.00959941 -0.0140908
25.14 0 -0.00542766 -0.0113254 -0.0162463
25.16 0 -0.00647246 -0.0128834 -0.0178008
25.18 0 -0.00751668 -0.0142142 -0.0188838
25.2 0 -0.00841077 -0.0152301 -0.0196181
25.22 0 -0.00894945 -0.0158435 -0.0200632
25.24 0 -0.0089957 -0.0159796 -0.0202321
25.26 0 -0.00856908 -0.0156002 -0.0201122
25.28 0 -0.00779667 -0.0147369 -0.0196383
25.3 0 -0.00682351 -0.0134943 -0.0186875
25.32 0 -0.00578421 -0.0119974 -0.0171454
25.34 0 -0.00481032 -0.0103225 -0.0149806
25.36 0 -0.00398453 -0.00850161 -0.0122659
25.38 0 -0.00326499 -0.00658028 -0.00915637
25.4 0 -0.00250763 -0.00460104 -0.00586175
25.42 0 -0.00158021 -0.00253502 -0.00260385
25.44 0 -0.000441828 -0.000309984 0.000450034
25.46 0 0.000859799 0.00205647 0.00324061
25.48 0 0.00220698 0.00438941 0.00579894
25.5 0 0.00343167 0.0064535 0.00816994
25.52 0 0.00436 0.00809464 0.0103379
25.54 0 0.00487685 0.00926957 0.0122052
25.56 0 0.00500117 0.00997726 0.0136312
25.58 0 0.00488139 0.0102249 0.0144787
25.6 0 0.00467966 0.0100622 0.0146315
25.62 0 0.00447695 0.00959428 0.0140291
25.64 0 0.00427657 0.00891475 0.0127243
25.66 0 0.00403441 0.00802795 0.0108899
25.68 0 0.00365552 0.00686125 0.00874323
25.7 0 0.00300312 0.00534567 0.00644802
25.72 0 0.00197536 0.00346431 0.00406789
25.74 0 0.000610482 0.00124417 0.00157752
25.76 0 -0.000904384 -0.00123541 -0.00110478
25.78 0 -0.00235378 -0.00381144 -0.00407173
25.8 0 -0.00361086 -0.00628574 -0.00735881
25.82 0 -0.00464595 -0.00854866 -0.0108741
25.84 0 -0.00549197 -0.0106271 -0.0143934
25.86 0 -0.00625793 -0.0125948 -0.0176492
25.88 0 -0.0071117 -0.01447 -0.0204287
25.9 0 -0.00816077 -0.016213 -0.0226034
25.92 0 -0.00934498 -0.017774 -0.0241216
25.94 0 -0.0104682 -0.0190878 -0.0250215
25.96 0 -0.0113236 -0.0200399 -0.0254392
25.98 0 -0.0117764 -0.0205029 -0.0255557
26 0 -0.0117619 -0.020427 -0.0254938
26.02 0 -0.0112829 -0.0198759 -0.0252584
26.04 0 -0.0104453 -0.0189739 -0.0247714
26.06 0 -0.00945125 -0.0178289 -0.0239352
26.08 0 -0.00849368 -0.016506 -0.0226545
26.1 0 -0.00764624 -0.0150406 -0.0208481
26.12 0 -0.00684785 -0.0134279 -0.0184845
26.14 0 -0.00596699 -0.0115915 -0.0156151
26.16 0 -0.00488183 -0.0094033 -0.012355
26.18 0 -0.00352132 -0.00677058 -0.00880972
26.2 0 -0.00186124 -0.00370979 -0.00500883
26.22 0 3.48836e-05 -0.000334379 -0.00092319
26.24 0 0.00198378 0.00319924 0.00346258
26.26 0 0.00379951 0.00671668 0.00810461
26.28 0 0.00541606 0.0100618 0.0128823
26.3 0 0.00686895 0.0131468 0.0175755
26.32 0 0.0082213 0.015944 0.0218701
26.34 0 0.00951366 0.0184383 0.0254471
26.36 0 0.0107693 0.0205929 0.0281154
26.38 0 0.0119996 0.0223595 0.0298779
26.4 0 0.0131615 0.0237238 0.0308926
26.42 0 0.0141316 0.0247103 0.0313826
26.44 0 0.0147583 0.0253275 0.0315653
26.46 0 0.0149575 0.0255516 0.0316168
26.48 0 0.0147484 0.0253777 0.0316313
26.5 0 0.0142157 0.0248637 0.0315781
26.52 0 0.0134637 0.0240962 0.0313076
26.54 0 0.0125989 0.0231134 0.0306172
26.56 0 0.0117066 0.0218777 0.0293288
26.58 0 0.0108004 0.020315 0.0273269
26.6 0 0.00980555 0.0183667 0.0245776
26.62 0 0.00861076 0.0160048 0.0211494
26.64 0 0.00713412 0.0132204 0.0172031
26.66 0 0.00536172 0.0100373 0.0129427
26.68 0 0.00337579 0.00653652 0.00854265
26.7 0 0.00133694 0.00286766 0.00408754
26.72 0 -0.000603234 -0.000771627 -0.000428063
26.74 0 -0.00235911 -0.00421854 -0.0050288
26.76 0 -0.00391269 -0.00741393 -0.00966328
26.78 0 -0.00529245 -0.0103787 -0.0141622
26.8 0 -0.0065637 -0.013132 -0.0182886
26.82 0 -0.00782842 -0.015641 -0.0218262
26.84 0 -0.0091548 -0.0178576 -0.0246313
26.86 0 -0.0105019 -0.0197687 -0.0266575
26.88 0 -0.0117473 -0.0213652 -0.0279766
26.9 0 -0.0127628 -0.0225907 -0.0287658
26.92 0 -0.013439 -0.0233617 -0.0292267
26.94 0 -0.0136797 -0.0236324 -0.029481
26.96 0 -0.0134363 -0.0234199 -0.0295308
26.98 0 -0.0127671 -0.0227734 -0.0292924
27 0 -0.0118326 -0.0217432 -0.0286447
27.02 0 -0.0108072 -0.0203839 -0.0274552
27.04 0 -0.0097815 -0.0187464 -0.0256026
27.06 0 -0.00873665 -0.0168366 -0.0230197
27.08 0 -0.00759199 -0.0146008 -0.0197419
27.1 0 -0.00625272 -0.0119695 -0.0159052
27.12 0 -0.00465891 -0.00892134 -0.0116941
27.14 0 -0.00283879 -0.00552427 -0.00727948
27.16 0 -0.000911617 -0.00194167 -0.00278074
27.18 0 0.000954534 0.00160224 0.00172192
27.2 0 0.00260833 0.00488864 0.00614036
27.22 0 0.0039746 0.00776868 0.0103333
27.24 0 0.00506533 0.0101978 0.0141036
27.26 0 0.00595114 0.0122079 0.0172435
27.28 0 0.00674205 0.0138401 0.0196027
27.3 0 0.00754457 0.0151252 0.0211382
27.32 0 0.00838168 0.0161072 0.02192
27.34 0 0.00916811 0.0168294 0.02211
27.36 0 0.00976147 0.0172807 0.0219221
27.38 0 0.0100288 0.0173923 0.0215617
27.4 0 0.00988592 0.0171018 0.0211548
27.42 0 0.00931348 0.0164087 0.0206983
27.44 0 0.00837017 0.0153573 0.0200665
27.46 0 0.00718762 0.0139865 0.0190665
27.48 0 0.00592541 0.0123152 0.0175062
27.5 0 0.00472486 0.0103664 0.015252
27.52 0 0.00366919 0.00820003 0.0122751
27.54 0 0.00274575 0.00592222 0.00869437
27.56 0 0.00188226 0.00362961 0.00478969
27.58 0 0.00100837 0.00135432 0.000934611
27.6 0 6.85449e-05 -0.000888171 -0.00252533
27.62 0 -0.000963346 -0.00301263 -0.00536334
27.64 0 -0.00203667 -0.00487104 -0.00749328
27.66 0 -0.00300942 -0.00632654 -0.0089392
27.68 0 -0.00371443 -0.00729642 -0.0097918
27.7 0 -0.00405046 -0.00775768 -0.0101736
27.72 0 -0.00402643 -0.00774954 -0.0102044
27.74 0 -0.00374387 -0.00737847 -0.00996822
27.76 0 -0.00334512 -0.0068029 -0.00950528
27.78 0 -0.00295747 -0.00617415 -0.00882927
27.8 0 -0.00265788 -0.00557533 -0.00796084
27.82 0 -0.00245281 -0.0050071 -0.00694645
27.84 0 -0.00227329 -0.00441556 -0.00584565
27.86 0 -0.00201981 -0.00374122 -0.00471876
27.88 0 -0.00163121 -0.00295375 -0.00361836
27.9 0 -0.00111253 -0.00205696 -0.00256605
27.92 0 -0.000514625 -0.00108141 -0.00153255
27.94 0 9.12982e-05 -7.95576e-05 -0.000455866
27.96 0 0.000624993 0.000879922 0.000706053
27.98 0 0.00102049 0.00173089 0.00193649
28 0 0.00125913 0.00243015 0.00315699
28.02 0 0.00137717 0.0029626 0.0042457
28.04 0 0.00144058 0.00333607 0.00506951
28.06 0 0.00151424 0.00357768 0.00553188
28.08 0 0.0016394 0.00372556 0.00561653
28.1 0 0.00181875 0.00381299 0.0054002
28.12 0 0.00200844 0.0038501 0.00502182
28.14 0 0.00212838 0.00381538 0.00462438
28.16 0 0.00210875 0.00368025 0.00431321
28.18 0 0.00193209 0.0034397 0.00413015
28.2 0 0.00163908 0.00311953 0.00404063
28.22 0 0.00131061 0.00276643 0.00395297
28.24 0 0.00102234 0.00241318 0.00374843
28.26 0 0.000801293 0.00204545 0.00331543
28.28 0 0.000623073 0.00160979 0.00259248
28.3 0 0.00043078 0.00104576 0.00158739
28.32 0 0.000165612 0.000322027 0.000369683
28.34 0 -0.000196254 -0.000537337 -0.000947698
28.36 0 -0.000633793 -0.00146196 -0.00224376
28.38 0 -0.00109442 -0.00236208 -0.0034211
28.4 0 -0.00151133 -0.00314838 -0.00441371
28.42 0 -0.00182447 -0.0037473 -0.00518074
28.44 0 -0.00199684 -0.00411125 -0.00569415
28.46 0 -0.00201607 -0.00421716 -0.00592306
28.48 0 -0.00189011 -0.00406051 -0.00582928
28.5 0 -0.00164611 -0.00365522 -0.00538199
28.52 0 -0.00132131 -0.00303219 -0.00457499
28.54 0 -0.000953481 -0.00224038 -0.00344359
28.56 0 -0.000572308 -0.00134248 -0.00207105
28.58 0 -0.000188935 -0.00039762 -0.000573676
28.6 0 0.000206647 0.000555666 0.000927066
28.62 0 0.000638838 0.00150636 0.00233695
28.64 0 0.00111987 0.00244989 0.00360032
28.66 0 0.00162648 0.00335952 0.00469478
28.68 0 0.00210848 0.0041862 0.00562789
28.7 0 0.00251076 0.00487543 0.00642125
28.72 0 0.00278327 0.00537788 0.00707656
28.74 0 0.00288343 0.00565026 0.00754989
28.76 0 0.002792 0.00565473 0.00775859
28.78 0 0.00252604 0.00536177 0.00760648
28.8 0 0.00212621 0.00475754 0.00700481
28.82 0 0.00163191 0.00385066 0.00589055
28.84 0 0.00106421 0.00266985 0.00424903
28.86 0 0.000423153 0.0012471 0.00212931
28.88 0 -0.000306824 -0.000398728 -0.000364865
28.9 0 -0.00114603 -0.00225087 -0.00310115
28.92 0 -0.00210605 -0.00427151 -0.00595027
28.94 0 -0.00318408 -0.00639638 -0.00881021
28.96 0 -0.00435842 -0.00855782 -0.0116147
28.98 0 -0.00558124 -0.0107112 -0.0143316
29 0 -0.00680009 -0.0128119 -0.0169432
29.02 0 -0.00796988 -0.0147823 -0.0194082
29.04 0 -0.00901111 -0.016523 -0.0216302
29.06 0 -0.0098086 -0.0179281 -0.0234662
29.08 0 -0.0102811 -0.0188861 -0.0247768
29.1 0 -0.0104164 -0.0192984 -0.0254575
29.12 0 -0.010238 -0.0191192 -0.0254302
29.14 0 -0.00976457 -0.0183701 -0.0246358
29.16 0 -0.00900147 -0.0170904 -0.0230447
29.18 0 -0.00795699 -0.0152919 -0.0206775
29.2 0 -0.00664548 -0.0129769 -0.0176082
29.22 0 -0.00508434 -0.0101731 -0.0139363
29.24 0 -0.00332952 -0.00695244 -0.00976511
29.26 0 -0.00148965 -0.00344291 -0.00519868
29.28 0 0.000319295 0.000178504 -0.000349568
29.3 0 0.00200993 0.00372563 0.00463252
29.32 0 0.00354331 0.00704847 0.00953259
29.34 0 0.00492488 0.0100559 0.0140776
29.36 0 0.0061806 0.0127042 0.0179929
29.38 0 0.0073665 0.0149631 0.0210828
29.4 0 0.00853779 0.0168102 0.0232727
29.42 0 0.00966479 0.0182502 0.0246021
29.44 0 0.0106298 0.019298 0.0252093
29.46 0 0.0113013 0.0199352 0.0253045
29.48 0 0.0115887 0.0201193 0.0251066
29.5 0 0.0114481 0.0198379 0.0247564
29.52 0 0.010883 0.0191344 0.0242655
29.54 0 0.00996744 0.0180774 0.0235394
29.56 0 0.00884241 0.0167155 0.0224338
29.58 0 0.00765761 0.0150764 0.0208058
29.6 0 0.00650899 0.0131998 0.0185652
29.62 0 0.00543048 0.0111431 0.0157232
29.64 0 0.00442843 0.00896114 0.0124155
29.66 0 0.00348241 0.00670483 0.008871
29.68 0 0.00252996 0.00443867 0.00535055
29.7 0 0.00150747 0.00222738 0.00208854
29.72 0 0.000407581 0.0001069 -0.000760484
29.74 0 -0.000715958 -0.00189338 -0.00315462
29.76 0 -0.00178142 -0.00370838 -0.00515445
29.78 0 -0.00270327 -0.00524988 -0.00686675
29.8 0 -0.0034074 -0.00646199 -0.00837292
29.82 0 -0.00385994 -0.00736085 -0.00969816
29.84 0 -0.00409932 -0.00801705 -0.0108289
29.86 0 -0.00423669 -0.00851162 -0.0117444
29.88 0 -0.00440389 -0.00892602 -0.0124398
29.9 0 -0.00468412 -0.00934898 -0.0129405
29.92 0 -0.00507455 -0.00983871 -0.0133022
29.94 0 -0.0054959 -0.0103614 -0.0135925
29.96 0 -0.00581377 -0.0107744 -0.0138411
29.98 0 -0.00586641 -0.010884 -0.0139872
30 0 -0.00553474 -0.010542 -0.0138851
30.02 0 -0.00480955 -0.00968636 -0.0133445
30.04 0 -0.00379941 -0.00832083 -0.0121706
30.06 0 -0.0026613 -0.00649901 -0.0102047
30.08 0 -0.00152225 -0.00431438 -0.00737369
30.1 0 -0.000457388 -0.00188854 -0.00375512
30.12 0 0.000512153 0.000639837 0.000387797
30.14 0 0.00140633 0.00313035 0.00464029
30.16 0 0.00226366 0.00545397 0.00853746
30.18 0 0.00311353 0.00748161 0.011675
30.2 0 0.00393504 0.00906957 0.0137782
30.22 0 0.00463442 0.0100836 0.0147368
30.24 0 0.0050737 0.0104359 0.0146095
30.26 0 0.00514183 0.0101073 0.0135945
30.28 0 0.00480337 0.00915659 0.0119617
30.3 0 0.00409095 0.00770555 0.00995695
30.32 0 0.00309659 0.00591666 0.00774971
30.34 0 0.00197156 0.00397306 0.00544324
30.36 0 0.000903141 0.00205595 0.00310814
30.38 0 5.33276e-05 0.000334787 0.000817888
30.4 0 -0.000517018 -0.0010589 -0.00132982
30.42 0 -0.000863612 -0.00209393 -0.0032148
30.44 0 -0.00111634 -0.00287215 -0.00472768
30.46 0 -0.00141343 -0.00355402 -0.00581231
30.48 0 -0.00182971 -0.00422978 -0.00648507
30.5 0 -0.00233807 -0.00487168 -0.00683313
30.52 0 -0.00282518 -0.00538792 -0.00698522
30.54 0 -0.00315373 -0.00570493 -0.00706782
30.56 0 -0.00323271 -0.00580555 -0.00716631
30.58 0 -0.00306675 -0.00571498 -0.00730336
30.6 0 -0.00275903 -0.0054888 -0.00744246
30.62 0 -0.00245126 -0.00521066 -0.00750479
30.64 0 -0.00224801 -0.0049622 -0.00739746
30.66 0 -0.00218009 -0.00477359 -0.00705803
30.68 0 -0.00221491 -0.00461261 -0.00650049
30.7 0 -0.00227503 -0.0044141 -0.00581198
30.72 0 -0.00225856 -0.00411862 -0.0051016
30.74 0 -0.00208483 -0.00369948 -0.00445302
30.76 0 -0.001734 -0.00315572 -0.00388974
30.78 0 -0.00125598 -0.00250322 -0.0033661
30.8 0 -0.000744374 -0.00178305 -0.0027898
30.82 0 -0.000286731 -0.00105221 -0.00205978
30.84 0 6.82362e-05 -0.000352487 -0.00111424
30.86 0 0.000316755 0.000311136 3.16321e-05
30.88 0 0.000497784 0.00096045 0.00128651
30.9 0 0.000681743 0.00161677 0.00252053
30.92 0 0.0009434 0.0022917 0.00361903
30.94 0 0.00132172 0.00299193 0.00452193
30.96 0 0.0017895 0.00370707 0.00523108
30.98 0 0.0022651 0.00439059 0.00579723
31 0 0.00266379 0.00497296 0.00629791
31.02 0 0.00293113 0.00540392 0.00679685
31.04 0 0.00303263 0.00566955 0.00729325
31.06 0 0.00297059 0.00578049 0.00772301
31.08 0 0.00281666 0.00576486 0.00801019
31.1 0 0.00267015 0.00565832 0.00809017
31.12 0 0.0025776 0.00548538 0.00790564
31.14 0 0.00251036 0.00523815 0.00742307
31.16 0 0.00239628 0.00485911 0.00665039
31.18 0 0.00214588 0.00424668 0.00561368
31.2 0 0.00167523 0.00330222 0.00431753
31.22 0 0.000941506 0.00198198 0.00272835
31.24 0 -2.96227e-05 0.00030597 0.000785095
31.26 0 -0.00113895 -0.00165293 -0.00156056
31.28 0 -0.00224059 -0.00376432 -0.0042877
31.3 0 -0.00320752 -0.00584759 -0.00727004
31.32 0 -0.00398064 -0.00772843 -0.010278
31.34 0 -0.00455824 -0.00930011 -0.0130128
31.36 0 -0.00497868 -0.0105225 -0.0151763
31.38 0 -0.00530463 -0.0113736 -0.0165489
31.4 0 -0.00557846 -0.0118223 -0.0170335
31.42 0 -0.00577564 -0.0118418 -0.0166577
31.44 0 -0.00580119 -0.0114206 -0.015548
31.46 0 -0.00553996 -0.0105488 -0.0138875
31.48 0 -0.00491982 -0.00921798 -0.0118643
31.5 0 -0.00394223 -0.00744846 -0.00961169
31.52 0 -0.00268038 -0.00531875 -0.00717223
31.54 0 -0.00128186 -0.00297101 -0.00452622
31.56 0 5.86756e-05 -0.000575503 -0.00164801
31.58 0 0.00119213 0.00171692 0.00144909
31.6 0 0.00208631 0.00381561 0.00468031
31.62 0 0.00281287 0.00570896 0.0078746
31.64 0 0.00349093 0.00744405 0.0108069
31.66 0 0.00422898 0.00907586 0.0132767
31.68 0 0.00506589 0.0105979 0.0151664
31.7 0 0.0059427 0.0119182 0.0164559
31.72 0 0.00673377 0.012905 0.0172007
31.74 0 0.00729083 0.0134578 0.0174842
31.76 0 0.00748203 0.0135504 0.0173846
31.78 0 0.00725062 0.0132024 0.0169625
31.8 0 0.00664427 0.0124349 0.016246
31.82 0 0.0057736 0.0112809 0.0152105
31.84 0 0.00477412 0.00981533 0.0137851
31.86 0 0.00378642 0.00815205 0.0118986
31.88 0 0.00290538 0.00640804 0.00953755
31.9 0 0.00215498 0.00466222 0.0067943
31.92 0 0.00150676 0.00294025 0.00387059
31.94 0 0.000886947 0.00124179 0.00101521
31.96 0 0.000196772 -0.000423302 -0.00155706
31.98 0 -0.000615947 -0.00202239 -0.00370859
32 0 -0.00150131 -0.00350284 -0.00539049
32.02 0 -0.0023379 -0.00479379 -0.00664666
32.04 0 -0.00302042 -0.00582274 -0.00759894
32.06 0 -0.00350046 -0.00655678 -0.00838609
32.08 0 -0.00375887 -0.00702755 -0.00908651
32.1 0 -0.00380314 -0.00729555 -0.00969133
32.12 0 -0.00369278 -0.00739347 -0.0101333
32.14 0 -0.00351688 -0.00731792 -0.0103197
32.16 0 -0.00333591 -0.00706833 -0.0101584
32.18 0 -0.00316409 -0.00667485 -0.00960188
32.2 0 -0.00299442 -0.00617494 -0.00868833
32.22 0 -0.00280819 -0.00557528 -0.00753095
32.24 0 -0.00256089 -0.00485573 -0.00626307
32.26 0 -0.00219393 -0.00400884 -0.00499132
32.28 0 -0.00168296 -0.00305696 -0.00377709
32.3 0 -0.00107063 -0.00204011 -0.00263327
32.32 0 -0.000441238 -0.0010083 -0.00152785
32.34 0 0.000129981 -1.65262e-05 -0.00040221
32.36 0 0.000598224 0.000888951 0.000786163
32.38 0 0.000946626 0.00168614 0.00202357
32.4 0 0.00118934 0.00237835 0.00323738
32.42 0 0.0013747 0.00297934 0.00432746
32.44 0 0.00156081 0.00349618 0.0051993
32.46 0 0.00177236 0.00391951 0.00578283
32.48 0 0.00198575 0.00422558 0.00605045
32.5 0 0.00215149 0.00438295 0.00602878
32.52 0 0.00221612 0.004356 0.00577926
32.54 0 0.00213656 0.00411892 0.00536258
32.56 0 0.00189948 0.00367694 0.0048173
32.58 0 0.00153655 0.0030721 0.0041579
32.6 0 0.00111508 0.0023679 0.00338232
32.62 0 0.000703689 0.00162496 0.00248204
32.64 0 0.000344105 0.000886783 0.00146064
32.66 0 4.47155e-05 0.000176806 0.000352867
32.68 0 -0.000212979 -0.000498857 -0.000773556
32.7 0 -0.000460646 -0.00114188 -0.00183419
32.72 0 -0.000729647 -0.0017543 -0.00275692
32.74 0 -0.00104024 -0.0023395 -0.00351033
32.76 0 -0.00138793 -0.00289914 -0.00411011
32.78 0 -0.00173258 -0.00341712 -0.00459773
32.8 0 -0.00201371 -0.00385424 -0.005016
32.82 0 -0.00218041 -0.00416308 -0.00538847
32.84 0 -0.00221365 -0.00431443 -0.0057056
32.86 0 -0.00213517 -0.00431717 -0.005928
32.88 0 -0.00199281 -0.00420397 -0.00599666
32.9 0 -0.00183886 -0.00400563 -0.00585586
32.92 0 -0.00170876 -0.00373908 -0.00547943
32.94 0 -0.00160256 -0.00340672 -0.00488153
32.96 0 -0.00148941 -0.00300446 -0.0041168
32.98 0 -0.00132613 -0.00252406 -0.00326281
33 0 -0.00107257 -0.00194995 -0.00238582
33.02 0 -0.000714166 -0.00127606 -0.00152178
33.04 0 -0.000278346 -0.000528749 -0.000677931
33.06 0 0.000173991 0.000233406 0.000157407
33.08 0 0.000575147 0.000944346 0.000999209
33.1 0 0.000879569 0.00155949 0.00184867
33.12 0 0.00107667 0.00206287 0.00267708
33.14 0 0.0011859 0.00245354 0.00342131
33.16 0 0.00124294 0.00273238 0.00399921
33.18 0 0.00128559 0.00290385 0.00434129
33.2 0 0.00133483 0.00297571 0.00441446
33.22 0 0.00138455 0.00295282 0.00423235
33.24 0 0.00141103 0.00283629 0.00385529
33.26 0 0.00138645 0.002628 0.0033719
33.28 0 0.00129219 0.00234135 0.00287173
33.3 0 0.00112966 0.00200702 0.00242193
33.32 0 0.000924103 0.00166636 0.00205512
33.34 0 0.00071442 0.00135534 0.00176746
33.36 0 0.000534778 0.00109217 0.00152686
33.38 0 0.000397105 0.00087055 0.00128607
33.4 0 0.000287619 0.000661234 0.000998828
33.42 0 0.000182353 0.000428323 0.000638921
33.44 0 6.23895e-05 0.000148852 0.000207581
33.46 0 -7.52839e-05 -0.000170418 -0.000267005
33.48 0 -0.000215548 -0.00049208 -0.000736495
33.5 0 -0.000339093 -0.000772563 -0.00115104
33.52 0 -0.000435907 -0.000987333 -0.00147527
33.54 0 -0.000509681 -0.0011386 -0.00169595
33.56 0 -0.000574886 -0.00124755 -0.00182401
33.58 0 -0.000645952 -0.00133896 -0.00188893
33.6 0 -0.000729016 -0.00143278 -0.00193127
33.62 0 -0.000822562 -0.00154496 -0.00199678
33.64 0 -0.000918655 -0.00168468 -0.00212426
33.66 0 -0.0010095 -0.00185394 -0.00233685
33.68 0 -0.00109561 -0.00205293 -0.00263996
33.7 0 -0.0011795 -0.00227631 -0.00301413
33.72 0 -0.00126367 -0.00251355 -0.00342015
33.74 0 -0.00135392 -0.0027534 -0.0038149
33.76 0 -0.00145342 -0.0029825 -0.00416023
33.78 0 -0.00155997 -0.00318889 -0.00443235
33.8 0 -0.0016646 -0.00336272 -0.00462458
33.82 0 -0.00175119 -0.00349206 -0.0047417
33.84 0 -0.00180297 -0.00356392 -0.00479417
33.86 0 -0.00180551 -0.00356486 -0.0047872
33.88 0 -0.00174667 -0.00347997 -0.00470982
33.9 0 -0.0016228 -0.00329701 -0.00453655
33.92 0 -0.00144285 -0.00301122 -0.00423667
33.94 0 -0.001226 -0.00262991 -0.00378668
33.96 0 -0.00099699 -0.00217626 -0.00318504
33.98 0 -0.000773361 -0.00167937 -0.00245501
34 0 -0.000557894 -0.0011614 -0.00164075
34.02 0 -0.000345576 -0.000638474 -0.000804147
34.04 0 -0.000127413 -0.000123403 -9.27159e-06
34.06 0 0.000106201 0.000372958 0.000696551
34.08 0 0.000354858 0.000838527 0.00128998
34.1 0 0.000605743 0.00126304 0.0017745
34.12 0 0.000838491 0.00163905 0.00217507
34.14 0 0.00103037 0.00195726 0.00252216
34.16 0 0.00116516 0.0022084 0.00283782
34.18 0 0.00124025 0.00238992 0.00312739
34.2 0 0.00126641 0.00250821 0.00337723
34.22 0 0.00126016 0.00257105 0.00355767
34.24 0 0.00123543 0.00257877 0.00363268
34.26 0 0.00119803 0.00252285 0.00357272
34.28 0 0.00114291 0.00239084 0.00336356
34.3 0 0.00105653 0.0021723 0.00300892
34.32 0 0.000925815 0.00186391 0.0025294
34.34 0 0.000747785 0.00147408 0.00195838
34.36 0 0.000530528 0.00102325 0.00133269
34.38 0 0.000288373 0.000539055 0.000683567
34.4 0 3.84973e-05 4.96266e-05 3.44341e-05
34.42 0 -0.000200199 -0.000420122 -0.000594909
34.44 0 -0.0004095 -0.00084736 -0.00118285
34.46 0 -0.000577332 -0.00121106 -0.00170479
34.48 0 -0.000703207 -0.00149829 -0.00213774
34.5 0 -0.000796553 -0.00171013 -0.00246526
34.52 0 -0.000868944 -0.00185828 -0.00267994
34.54 0 -0.000927662 -0.00195487 -0.00278539
34.56 0 -0.000972935 -0.00200446 -0.0027961
34.58 0 -0.000998459 -0.0020057 -0.00273432
34.6 0 -0.000994781 -0.001958 -0.00262385
34.62 0 -0.000954306 -0.00186409 -0.00248294
34.64 0 -0.000876472 -0.00172803 -0.00231957
34.66 0 -0.000769365 -0.00155426 -0.00213107
34.68 0 -0.000646237 -0.00134949 -0.00190735
34.7 0 -0.000521224 -0.00112468 -0.0016386
34.72 0 -0.000404731 -0.000891405 -0.00132218
34.74 0 -0.000301198 -0.000657457 -0.000967272
34.76 0 -0.000210127 -0.00042829 -0.000596293
34.78 0 -0.000127687 -0.000211064 -0.000240527
34.8 0 -4.93323e-05 -1.57917e-05 6.79223e-05
34.82 0 2.71281e-05 0.000148207 0.000304704
34.84 0 9.84024e-05 0.000274259 0.000457757
34.86 0 0.000156071 0.000356936 0.000527966
34.88 0 0.00019 0.000390405 0.00052614
34.9 0 0.000191775 0.000369921 0.000466882
34.92 0 0.000158228 0.000296589 0.000363322
34.94 0 9.25785e-05 0.000178215 0.000223086
34.96 0 3.99764e-06 2.59549e-05 4.80042e-05
34.98 0 -9.32371e-05 -0.000147292 -0.000160955
35 0 -0.000184753 -0.000327715 -0.000399309
35.02 0 -0.00026376 -0.000504341 -0.000658764
35.04 0 -0.00033215 -0.000671909 -0.000926548
35.06 0 -0.000394718 -0.000829085 -0.00118432
35.08 0 -0.000455421 -0.000974724 -0.00141207
35.1 0 -0.000515456 -0.00110383 -0.00159345
35.12 0 -0.000571213 -0.00120678 -0.00171847
35.14 0 -0.000614212 -0.001273 -0.00178371
35.16 0 -0.000633732 -0.00129408 -0.00179021
35.18 0 -0.000621729 -0.00126462 -0.00174093
35.2 0 -0.000575988 -0.00118221 -0.0016378
35.22 0 -0.000499728 -0.00104816 -0.00147968
35.24 0 -0.000400311 -0.000868923 -0.00126392
35.26 0 -0.00028758 -0.000655204 -0.000990319
35.28 0 -0.00017086 -0.000418417 -0.000664402
35.3 0 -5.5539e-05 -0.000167687 -0.000298373
35.32 0 5.80427e-05 9.02326e-05 8.97651e-05
35.34 0 0.000172836 0.000349736 0.000478944
35.36 0 0.000291971 0.000605796 0.000849353
35.38 0 0.00041538 0.000852997 0.00118606
35.4 0 0.000538025 0.00108398 0.00148064
35.42 0 0.000651319 0.00128955 0.00173108
35.44 0 0.000746134 0.00146083 0.00193961
35.46 0 0.000815156 0.00159142 0.00210851
35.48 0 0.000854508 0.0016779 0.00223645
35.5 0 0.000864906 0.00171921 0.00231743
35.52 0 0.000851454 0.00171631 0.00234283
35.54 0 0.00082109 0.00167216 0.00230463
35.56 0 0.000779225 0.00159086 0.0021987
35.58 0 0.000727658 0.00147581 0.00202701
35.6 0 0.000664529 0.00132834 0.00179792
35.62 0 0.000585846 0.00114854 0.00152421
35.64 0 0.000487889 0.000937704 0.00121968
35.66 0 0.000370019 0.000700241 0.000896164
35.68 0 0.000236499 0.00044393 0.000562098
35.7 0 9.60012e-05 0.000178902 0.000222819
35.72 0 -4.11374e-05 -8.3697e-05 -0.000117683
35.74 0 -0.000166168 -0.000333179 -0.000454221
35.76 0 -0.000274058 -0.00056094 -0.000778281
35.78 0 -0.000363956 -0.000761516 -0.00107759
35.8 0 -0.00043812 -0.000932113 -0.00133777
35.82 0 -0.000499907 -0.00107109 -0.00154544
35.84 0 -0.000551384 -0.00117662 -0.00169135
35.86 0 -0.000591479 -0.00124615 -0.00177211
35.88 0 -0.000615886 -0.00127658 -0.00179001
35.9 0 -0.000618924 -0.00126504 -0.00175136
35.92 0 -0.000596226 -0.00120998 -0.00166372
35.94 0 -0.000546831 -0.0011125 -0.00153339
35.96 0 -0.00047391 -0.000977153 -0.00136407
35.98 0 -0.00038511 -0.000812557 -0.00115867
36 0 -0.000290235 -0.000629859 -0.000921316
36.02 0 -0.000196273 -0.000438383 -0.000657464
36.04 0 -0.000106129 -0.00024428 -0.000375612
36.06 0 -1.98447e-05 -5.16892e-05 -8.82562e-05
36.08 0 6.44329e-05 0.000136109 0.000190339
36.1 0 0.000148495 0.000315418 0.000446999
36.12 0 0.000231816 0.000481586 0.000671854
