0.02 0 -0.179563 -0.217158 -0.208176
0.04 0 -0.162458 -0.293046 -0.283868
0.06 0 0.0546894 -0.101802 -0.17019
0.08 0 0.134094 0.102863 -0.102224
0.1 0 0.000402425 0.0725634 -0.149682
0.12 0 -0.243993 -0.291882 -0.316394
0.14 0 -0.131626 -0.368214 -0.193828
0.16 0 0.327788 0.234079 0.318454
0.18 0 0.234803 0.564257 0.411027
0.2 0 -0.22867 0.163131 0.100426
0.22 0 -0.18656 -0.263177 0.0869382
0.24 0 0.117346 -0.214974 0.237878
0.26 0 0.306583 0.392663 0.379193
0.28 0 0.0300238 0.540782 0.128172
0.3 0 -0.0551333 0.148326 -0.0170724
0.32 0 0.466378 0.172913 0.464643
0.34 0 0.224956 0.150709 0.41417
0.36 0 0.0432989 0.558566 0.529399
0.38 0 -0.196086 0.318488 0.388725
0.4 0 -0.177443 -0.271972 0.20914
0.42 0 -0.00927072 -0.422458 0.0550801
0.44 0 -0.126375 -0.222163 -0.353574
0.46 0 0.149058 0.349575 -0.322191
0.48 0 -0.317299 -0.434952 -1.00398
0.5 0 -0.116665 -0.8117 -0.94508
0.52 0 0.658835 0.139935 0.0269001
0.54 0 -0.044282 0.313327 -0.0891071
0.56 0 -0.660923 -0.114575 -0.232479
0.58 0 -0.104001 -0.289068 0.382648
0.6 0 0.0179101 -0.444316 0.399437
0.62 0 -0.221968 -0.0841667 0.0313723
0.64 0 -0.549774 -0.154432 -0.659234
0.66 0 0.0583839 -0.227752 -0.649714
0.68 0 0.707643 -0.0474458 -0.328239
0.7 0 0.539778 0.39612 -0.160943
0.72 0 0.405895 1.10735 0.507424
0.74 0 -0.692903 -0.142152 0.110241
0.76 0 -0.758317 -1.13147 0.204998
0.78 0 -0.00459603 -0.553191 0.701402
0.8 0 -0.215345 0.103643 0.0720067
0.82 0 -0.130135 0.502932 -0.473143
0.84 0 0.422031 0.167074 -0.603503
0.86 0 0.975979 0.119866 -0.196488
0.88 0 0.516935 0.404789 0.0294458
0.9 0 -0.144086 0.698957 0.407387
0.92 0 -0.384299 0.271722 0.86979
0.94 0 0.0101405 -0.0424245 1.45714
0.96 0 -0.0514656 -0.00340628 1.26714
0.98 0 -0.357927 0.274533 0.492821
1 0 -0.630175 -0.31281 -0.752915
1.02 0 0.385513 -0.385198 -0.901101
1.04 0 1.38644 0.478146 -0.378552
1.06 0 0.445407 0.610648 -0.738789
1.08 0 0.0316105 0.744883 -0.0778444
1.1 0 -0.271066 -0.165716 0.579317
1.12 0 -1.00732 -1.47178 0.377525
1.14 0 -1.23493 -1.46949 -0.0216317
1.16 0 -0.373306 -0.147287 -0.0789674
1.18 0 0.144046 0.237521 -0.827353
1.2 0 0.40268 -0.217409 -1.58653
1.22 0 1.01491 0.0731387 -1.15777
1.24 0 0.249373 -0.110812 -1.09929
1.26 0 -0.508825 -0.276613 -0.59202
1.28 0 -0.558845 -0.426528 0.364347
1.3 0 -0.0769358 -0.06435 1.39174
1.32 0 -0.300545 0.151075 1.27343
1.34 0 0.349428 1.23777 1.58046
1.36 0 0.39003 1.06623 0.984736
1.38 0 -0.0342206 -0.11973 -0.158476
1.4 0 0.57279 0.020342 -0.0755708
1.42 0 -0.295577 -0.602193 -1.103
1.44 0 0.566787 0.65298 -0.103769
1.46 0 1.01544 1.36768 0.876961
1.48 0 -0.916547 -0.635232 -0.349669
1.5 0 -0.492777 -0.688348 0.39306
1.52 0 0.177915 0.00252067 1.01374
1.54 0 -0.15892 0.32734 0.458796
1.56 0 0.0382213 0.65097 0.196777
1.58 0 -0.385948 -0.637897 -0.904576
1.6 0 -0.149471 -1.24504 -1.30331
1.62 0 -0.0719107 -0.963739 -1.50509
1.64 0 1.05922 1.17973 -0.0695608
1.66 0 0.690175 1.5166 0.453964
1.68 0 -0.688021 -0.303146 0.0631244
1.7 0 -0.466265 -0.918136 0.85991
1.72 0 -1.00892 -1.33877 0.338279
1.74 0 -0.524615 -0.12437 0.200985
1.76 0 -0.166786 0.215341 -0.600254
1.78 0 0.962955 0.533062 -0.568498
1.8 0 1.03075 0.285931 -0.763584
1.82 0 0.291772 0.126885 -0.784493
1.84 0 -0.152944 0.196603 -0.0889972
1.86 0 -1.37721 -1.33864 -0.501677
1.88 0 -0.748815 -1.29646 0.211702
1.9 0 -0.468524 -0.826999 0.0282118
1.92 0 0.780095 1.24641 0.676601
1.94 0 1.91707 2.95589 1.60831
1.96 0 -0.508023 0.0286069 -0.588166
1.98 0 -1.53198 -2.50819 -1.60662
2 0 -0.214769 -1.79629 -0.603634
2.02 0 0.339002 0.193978 -0.176531
2.04 0 0.376107 1.66827 -0.0273479
2.06 0 1.44868 2.33746 1.34553
2.08 0 1.81745 1.9088 2.62652
2.1 0 -0.363049 0.157166 1.84694
2.12 0 -2.65538 -1.78933 0.105961
2.14 0 -0.849842 -0.862605 0.779611
2.16 0 1.93571 1.56533 1.85333
2.18 0 0.0573353 0.455568 -1.15853
2.2 0 -0.428568 -0.334331 -2.41078
2.22 0 1.58046 0.410236 -0.648391
2.24 0 1.45464 0.662323 0.305727
2.26 0 -0.213332 0.798856 0.677774
2.28 0 -1.01812 0.513117 1.45331
2.3 0 -1.54598 -1.41404 1.09677
2.32 0 -1.37682 -2.40143 0.136623
2.34 0 -0.598892 -1.24243 -0.966263
2.36 0 0.0955846 0.100284 -2.29807
2.38 0 2.43007 2.19775 -1.16966
2.4 0 2.51053 2.04542 -0.401141
2.42 0 -0.442137 -0.604744 -1.05932
2.44 0 -2.76819 -3.01279 -1.24722
2.46 0 -2.59036 -3.30188 -0.420132
2.48 0 0.213795 -0.0667133 1.70167
2.5 0 0.157868 1.12363 0.485812
2.52 0 -0.66265 -0.0135935 -1.81668
2.54 0 1.1816 -0.0863177 -1.33339
2.56 0 1.32969 -0.39526 -1.28974
2.58 0 0.492795 0.528599 -0.746249
2.6 0 -1.6593 -0.604243 -1.27379
2.62 0 -1.63585 -1.94798 -0.622237
2.64 0 -0.313197 -1.82495 0.455856
2.66 0 0.0629721 -0.186114 0.457547
2.68 0 0.80379 2.41396 0.8829
2.7 0 -0.205075 0.920832 -0.558981
2.72 0 0.731594 -0.27128 0.00838669
2.74 0 1.0074 -0.316531 0.610483
2.76 0 1.24672 2.22748 2.06358
2.78 0 1.35549 4.24189 3.6649
2.8 0 -0.840956 1.03855 2.32232
2.82 0 -0.150611 -0.597527 2.80839
2.84 0 1.62742 1.37762 4.01978
2.86 0 -0.0187375 2.09113 1.85301
2.88 0 -0.799657 1.21638 -0.160875
2.9 0 0.910361 -0.125195 -0.276485
2.92 0 1.37856 -0.962207 -0.746832
2.94 0 -0.544642 -0.956611 -2.26565
2.96 0 -0.0562737 1.08238 -0.976695
2.98 0 0.791663 1.12504 0.588551
3 0 -0.991504 -1.95115 -0.473486
3.02 0 -2.44933 -3.54354 -1.67039
3.04 0 -1.84971 -2.3945 -1.83939
3.06 0 0.427909 0.226151 -0.980857
3.08 0 1.40513 1.21524 -0.996183
3.1 0 -0.610846 -1.27105 -3.13192
3.12 0 -1.67595 -3.34118 -3.93292
3.14 0 0.126779 -1.68549 -1.61836
3.16 0 -0.686492 -1.0549 -1.51855
3.18 0 -0.300437 0.529355 -0.239555
3.2 0 0.842491 1.47686 1.55631
3.22 0 -1.10504 -1.24573 -0.000377145
3.24 0 -0.752929 -1.27087 0.205662
3.26 0 0.113159 0.0876031 0.498831
3.28 0 0.407183 1.0466 0.146512
3.3 0 0.402025 0.759672 -0.382588
3.32 0 -0.387456 -1.09828 -1.47989
3.34 0 0.774275 -0.216663 -0.135006
3.36 0 0.312483 0.4244 0.161364
3.38 0 1.76681 3.2505 2.8111
3.4 0 0.720154 2.54185 3.07121
3.42 0 -1.09635 -0.234486 1.99456
3.44 0 0.59261 0.655843 3.5298
3.46 0 0.575819 1.44537 2.8992
3.48 0 0.795196 2.6651 2.2298
3.5 0 1.51122 2.78027 1.94185
3.52 0 1.42325 1.3337 1.27992
3.54 0 -0.9788 -1.6077 -1.11889
3.56 0 0.0594916 -0.24988 0.0097092
3.58 0 1.19749 1.7489 1.38538
3.6 0 -0.0182114 1.01445 0.596849
3.62 0 -0.653281 -0.489835 0.0290033
3.64 0 -1.28268 -2.34308 -1.08925
3.66 0 -1.25042 -2.52892 -1.9948
3.68 0 -1.2373 -2.03672 -3.20986
3.7 0 -0.897695 -1.86967 -4.15514
3.72 0 0.163604 -1.62411 -3.90216
3.74 0 0.131359 -1.79133 -3.69184
3.76 0 -0.0499001 -0.971957 -2.47011
3.78 0 -0.439964 -0.28282 -0.880226
3.8 0 -1.5921 -1.3421 -0.399177
3.82 0 -2.04801 -2.51999 -0.331974
3.84 0 -1.45094 -2.26411 -0.442139
3.86 0 -0.0419726 -0.409616 -0.547894
3.88 0 1.32891 1.63092 -0.525909
3.9 0 1.45458 1.71835 -0.829347
3.92 0 1.67275 1.50988 0.275463
3.94 0 0.863926 0.926407 1.45045
3.96 0 -1.00326 -0.0895356 1.71566
3.98 0 -1.64185 -0.503723 2.03947
4 0 0.0678318 0.788852 3.19348
4.02 0 0.803853 1.54846 2.62679
4.04 0 0.849073 1.98971 1.41302
4.06 0 0.940927 1.68357 0.518924
4.08 0 2.56834 2.32087 1.6373
4.1 0 2.32322 2.43175 2.1155
4.12 0 -0.903137 0.320814 0.42455
4.14 0 -1.57962 -0.691867 0.662284
4.16 0 0.750421 0.548945 2.86765
4.18 0 1.63928 2.17456 3.53478
4.2 0 -0.119316 1.90032 1.60332
4.22 0 -1.29923 -0.156417 -0.44232
4.24 0 0.127115 -1.39641 -0.633447
4.26 0 0.882851 -1.09416 -0.971336
4.28 0 -0.0579277 -0.0198237 -1.9986
4.3 0 0.442044 1.46083 -1.09933
4.32 0 -0.505074 -1.05847 -1.67096
4.34 0 -1.93781 -4.14828 -2.76589
4.36 0 -1.90891 -3.7444 -2.65981
4.38 0 -1.7391 -2.00873 -2.8446
4.4 0 -1.83097 -2.16249 -4.05473
4.42 0 0.299846 -1.59099 -3.19459
4.44 0 1.60365 -0.451284 -1.99561
4.46 0 0.982102 0.982081 -0.988254
4.48 0 -0.358626 1.0974 0.0470168
4.5 0 -1.73966 -1.28025 0.384657
4.52 0 -0.939997 -1.91594 1.67411
4.54 0 -1.74425 -2.1811 0.280793
4.56 0 -1.20494 -0.543432 -0.907131
4.58 0 1.81042 2.36153 0.0819612
4.6 0 2.98533 2.81679 0.386434
4.62 0 2.09817 1.99773 0.558242
4.64 0 0.375495 0.932056 1.09227
4.66 0 -0.249707 0.894455 2.75642
4.68 0 -0.333382 1.02203 3.98683
4.7 0 -0.103368 1.41823 4.34003
4.72 0 0.0637449 1.56352 3.46841
4.74 0 0.590433 1.5713 2.10552
4.76 0 1.76027 2.0074 1.31773
4.78 0 1.12978 1.00191 -0.472995
4.8 0 0.423124 0.0924768 -1.38168
4.82 0 -0.116241 -0.699851 -1.44253
4.84 0 -0.176315 -0.755034 -0.666266
4.86 0 -0.662229 -0.697377 -0.209349
4.88 0 -0.796566 -0.474692 0.157284
4.9 0 -0.0991303 0.113982 0.767092
4.92 0 0.351954 0.458364 0.834255
4.94 0 -0.755578 -0.711961 -0.789736
4.96 0 -1.0946 -1.67113 -1.99447
4.98 0 -0.849637 -2.28217 -2.85182
5 0 -0.790008 -2.4893 -3.71795
5.02 0 -0.1699 -1.44126 -3.46563
5.04 0 0.495439 -0.179486 -2.35395
5.06 0 0.802316 0.628059 -0.669954
5.08 0 0.962623 1.39646 1.61495
5.1 0 -0.947198 0.0575748 1.81998
5.12 0 -2.84209 -2.22692 0.659243
5.14 0 -1.71494 -2.22623 0.483539
5.16 0 0.636579 -0.0339567 0.457811
5.18 0 0.465849 0.676817 -1.77714
5.2 0 0.804653 0.765038 -2.73356
5.22 0 3.28611 2.30051 -0.0373993
5.24 0 2.69328 2.56579 1.84559
5.26 0 -0.496875 1.41582 2.36637
5.28 0 -1.4739 0.82838 4.07183
5.3 0 -0.900941 0.272355 5.16647
5.32 0 -0.73138 -0.0745716 3.89433
5.34 0 -0.932317 -0.0640462 0.787735
5.36 0 0.0720325 0.13004 -1.92007
5.38 0 1.65877 -0.00027943 -3.44813
5.4 0 2.42288 0.216761 -3.58344
5.42 0 2.10317 1.3476 -1.98599
5.44 0 1.52506 2.82736 1.4726
5.46 0 0.640004 2.98547 5.16513
5.48 0 -1.24369 0.918475 6.51461
5.5 0 -3.44731 -2.05776 4.59402
5.52 0 -4.83731 -4.55237 -0.0810725
5.54 0 -1.12184 -2.50601 -2.5076
5.56 0 2.09317 -0.268063 -5.28039
5.58 0 2.93758 0.61435 -7.47585
5.6 0 2.10604 -0.0373191 -7.59514
5.62 0 1.08874 -1.03733 -4.71714
5.64 0 2.65871 2.15909 3.18101
5.66 0 1.43846 3.1834 7.61847
5.68 0 -5.27551 -0.983657 4.85944
5.7 0 -8.51863 -5.24242 1.49492
5.72 0 -5.73836 -7.69788 -1.47757
5.74 0 -0.983063 -5.97776 -5.16641
5.76 0 6.67337 4.90301 -3.43128
5.78 0 11.9716 14.2038 0.710079
5.8 0 10.211 14.0765 4.63365
5.82 0 3.61398 5.63467 7.89262
5.84 0 -0.558725 -1.01388 11.6719
5.86 0 -4.43481 -1.31726 12.3435
5.88 0 -9.12494 -1.10283 6.87257
5.9 0 -7.86232 -2.48228 1.17543
5.92 0 -1.56528 -5.92897 -4.09402
5.94 0 -1.5551 -11.5837 -13.4429
5.96 0 -1.19115 -9.17664 -18.0848
5.98 0 1.79979 -1.00338 -16.9387
6 0 3.41745 1.85076 -14.526
6.02 0 4.89228 -0.00384987 -7.58908
6.04 0 -1.18632 -5.68167 -4.12173
6.06 0 -9.83018 -9.64484 -3.60521
6.08 0 -15.1194 -13.7654 -5.69089
6.1 0 -13.8007 -16.3499 -7.24322
6.12 0 -6.50738 -9.61883 -5.37582
6.14 0 5.07651 1.31649 -3.3058
6.16 0 7.83564 9.61507 -3.14298
6.18 0 9.94943 12.453 0.721778
6.2 0 18.258 18.1784 14.758
6.22 0 16.8809 20.6161 22.9359
6.24 0 5.9064 20.7848 24.569
6.26 0 0.347275 15.0959 26.8895
6.28 0 -6.11708 -0.651622 22.7195
6.3 0 -6.78862 -6.86826 18.5457
6.32 0 -6.45816 -2.32365 9.82608
6.34 0 -5.83858 -0.548092 -1.60623
6.36 0 -0.444521 -3.25734 -13.7794
6.38 0 4.50883 -8.1802 -24.7338
6.4 0 6.02189 -9.1703 -28.1517
6.42 0 1.5816 -6.45602 -28.6164
6.44 0 -3.39582 -7.45829 -23.3171
6.46 0 -2.74134 -7.86257 -10.3278
6.48 0 -0.190919 -2.57044 7.48037
6.5 0 -0.546902 6.88293 20.48
6.52 0 -0.641377 14.9348 27.3059
6.54 0 -0.949327 11.8044 26.6005
6.56 0 -5.71551 -3.01455 13.3271
6.58 0 -7.30662 -12.6308 -3.14656
6.6 0 -0.456277 -6.12608 -13.3368
6.62 0 4.25746 1.29145 -20.0753
6.64 0 11.417 6.01616 -16.9177
6.66 0 14.9764 7.62541 -7.97247
6.68 0 1.5775 -1.29646 -5.99589
6.7 0 -9.93483 -7.17465 0.468766
6.72 0 -13.141 -8.29546 8.3747
6.74 0 -12.2477 -9.87181 9.40554
6.76 0 -8.219 -9.63564 3.62139
6.78 0 -2.71553 -2.01671 -3.19108
6.8 0 -0.864806 0.820533 -12.7882
6.82 0 4.70782 -0.548147 -16.0339
6.84 0 9.88708 -2.162 -13.1336
6.86 0 9.83679 1.36287 -7.11986
6.88 0 7.65019 10.8291 3.18159
6.9 0 5.37216 17.598 14.3079
6.92 0 6.27789 17.5624 24.769
6.94 0 1.99922 7.50935 26.6389
6.96 0 -6.47706 -2.94323 21.6248
6.98 0 -13.4567 -6.84783 12.1498
7 0 -7.77847 -1.26139 6.86919
7.02 0 0.899307 -0.413331 0.315971
7.04 0 5.26034 -1.18384 -7.71865
7.06 0 11.867 7.93139 -9.60065
7.08 0 8.68626 8.40527 -15.1226
7.1 0 5.97071 2.11026 -12.7249
7.12 0 6.68895 -1.81231 -1.65385
7.14 0 1.71143 -0.646213 6.82782
7.16 0 -17.176 -5.66913 2.49898
7.18 0 -18.3355 -10.0739 3.8592
7.2 0 -4.83205 -8.39144 9.65183
7.22 0 0.829325 -5.55475 2.75947
7.24 0 5.79001 7.77495 -3.98201
7.26 0 9.3125 13.8607 -7.58066
7.28 0 9.67067 8.13836 -7.27868
7.3 0 7.98767 -0.00506875 -1.93259
7.32 0 -1.51345 -7.28802 -1.52066
7.34 0 -9.80971 -6.67485 -0.433836
7.36 0 -12.4418 -4.96579 1.1192
7.38 0 -9.27456 -7.02515 1.50821
7.4 0 -0.500893 -6.13381 1.46454
7.42 0 -0.165354 -4.60957 -6.24706
7.44 0 2.09655 2.50032 -9.15612
7.46 0 4.83322 4.89059 -8.81355
7.48 0 4.04209 -0.846277 -8.60125
7.5 0 2.66179 -3.39221 -4.38636
7.52 0 -3.1028 -3.58277 -1.62829
7.54 0 -7.84298 -3.52576 0.679839
7.56 0 -7.26101 -5.11327 2.7615
7.58 0 -3.59777 -4.65854 3.52753
7.6 0 -2.50196 -2.41385 0.0572811
7.62 0 -2.71878 -3.41421 -7.49763
7.64 0 1.10253 -2.53876 -10.1719
7.66 0 5.76294 1.40331 -7.00744
7.68 0 5.15198 2.39529 -4.47305
7.7 0 5.28161 5.46582 2.02761
7.72 0 5.06149 8.62772 9.46134
7.74 0 0.326695 6.54844 10.8831
7.76 0 -5.50953 -0.800253 8.01359
7.78 0 -4.6349 -3.62082 8.39495
7.8 0 -1.50248 -0.766008 8.86075
7.82 0 -3.45008 -0.243064 1.65573
7.84 0 0.669242 2.95225 -1.15612
7.86 0 9.07534 7.11526 1.04362
7.88 0 9.13487 5.34885 -1.35578
7.9 0 7.30875 6.89208 -0.242386
7.92 0 6.67243 10.9228 6.56496
7.94 0 2.70389 7.33051 10.3198
7.96 0 -2.47967 -0.0551498 10.5035
7.98 0 -5.18338 -3.26362 9.93748
8 0 -6.72769 -3.03058 6.21012
8.02 0 -5.44795 -2.02039 1.09313
8.04 0 2.89535 2.13559 1.05414
8.06 0 9.71908 6.80812 1.42865
8.08 0 7.42992 6.22794 -4.54421
8.1 0 5.59568 4.92434 -5.8714
8.12 0 2.15545 1.09023 -3.35432
8.14 0 -2.83566 -4.49361 -0.658158
8.16 0 -3.72478 -4.61112 3.37094
8.18 0 -8.69797 -6.34003 0.332059
8.2 0 -10.9376 -8.10133 -4.29647
8.22 0 -6.57106 -8.10445 -5.947
8.24 0 3.28877 -3.2508 -3.37836
8.26 0 6.99771 3.08612 -2.64254
8.28 0 2.68599 5.51547 -5.8738
8.3 0 1.82764 3.89815 -5.44557
8.32 0 3.13611 -1.21412 -1.56793
8.34 0 1.03508 -4.114 0.937393
8.36 0 -7.48738 -6.37375 -2.56611
8.38 0 -10.3759 -5.55314 -3.35699
8.4 0 -3.70628 -3.11482 0.774828
8.42 0 1.5927 -2.83336 1.03373
8.44 0 -2.84868 -5.90455 -7.47344
8.46 0 -5.42778 -6.39607 -13.4018
8.48 0 2.60412 0.0309949 -7.9819
8.5 0 5.14887 0.662661 -5.12735
8.52 0 1.34052 -1.64342 -5.1131
8.54 0 -1.85469 -1.57877 -2.81546
8.56 0 -4.36021 -2.6068 -0.695529
8.58 0 -2.11616 -0.889388 4.37486
8.6 0 -1.01713 -0.0100893 6.66871
8.62 0 -3.08819 -0.784957 3.94911
8.64 0 -0.907184 1.71653 3.45895
8.66 0 4.30907 5.50829 4.8349
8.68 0 7.05212 6.46881 3.88953
8.7 0 6.38545 6.00567 1.9711
8.72 0 -5.40207 -5.04165 -8.50887
8.74 0 -6.8593 -9.71858 -9.46828
8.76 0 3.2114 -0.921239 1.32187
8.78 0 4.55412 5.43827 5.05608
8.8 0 2.54633 8.41919 6.10709
8.82 0 0.809043 5.56214 6.41737
8.84 0 -2.5443 -2.65204 3.55278
8.86 0 -1.66936 -3.72984 3.53334
8.88 0 -1.69832 -0.869822 1.45042
8.9 0 -7.19413 -4.8234 -7.73409
8.92 0 -3.27995 -5.49247 -9.03769
8.94 0 6.92137 0.165652 -2.93152
8.96 0 12.5718 9.25827 3.19624
8.98 0 7.76963 12.9544 4.46499
9 0 -1.38535 6.27817 3.43573
9.02 0 -7.8023 -7.28083 1.06309
9.04 0 -0.274237 -4.95093 9.46818
9.06 0 8.56358 10.6419 19.4541
9.08 0 -2.26458 10.1909 8.75703
9.1 0 -1.88361 7.18816 5.42087
9.12 0 4.38943 0.44884 5.33238
9.14 0 5.95205 -2.22279 2.37301
9.16 0 -3.13915 -3.80551 -8.57708
9.18 0 -10.1083 -7.10244 -17.8984
9.2 0 -4.06479 -9.36687 -15.2657
9.22 0 -0.344496 -13.7283 -13.8677
9.24 0 0.111845 -7.61688 -11.038
9.26 0 -2.50158 0.585282 -8.21707
9.28 0 -0.318805 4.23419 -1.01615
9.3 0 2.24249 0.941063 5.25263
9.32 0 1.18278 -0.732748 8.08674
9.34 0 -1.02123 3.30626 9.22702
9.36 0 -0.395699 7.9908 10.6278
9.38 0 6.7805 12.8057 15.9498
9.4 0 9.9038 13.159 17.4692
9.42 0 6.47329 11.0413 14.1609
9.44 0 -6.60082 -2.85714 -0.383207
9.46 0 -8.01089 -10.1404 -6.61729
9.48 0 -2.08069 -9.14679 -7.81149
9.5 0 -6.29478 -12.4594 -18.5081
9.52 0 -4.85979 -10.5127 -22.3217
9.54 0 6.61255 0.111152 -12.7959
9.56 0 15.0716 12.1525 1.55733
9.58 0 6.94362 11.5808 7.11893
9.6 0 -10.8199 -3.01911 4.12312
9.62 0 -6.14383 -4.51996 14.4191
9.64 0 -1.71958 -0.706057 18.9797
9.66 0 -14.2738 -8.45646 0.21685
9.68 0 -4.50238 -1.6016 -4.19004
9.7 0 3.54525 -3.86611 -12.837
9.72 0 13.8596 2.65799 -11.3838
9.74 0 19.503 17.7101 -2.14354
9.76 0 -1.2035 6.97218 -8.4606
9.78 0 3.43877 5.37895 10.0895
9.8 0 3.20966 -0.273002 21.4575
9.82 0 -17.8677 -13.5757 7.37633
9.84 0 -22.9773 -12.1452 -0.561038
9.86 0 -11.4423 -10.824 -6.07245
9.88 0 2.84009 -7.72125 -10.4088
9.9 0 19.5635 9.59419 -4.11423
9.92 0 20.4874 21.3804 -3.41129
9.94 0 5.02556 13.486 -9.25205
9.96 0 -1.99967 -3.3353 -4.7547
9.98 0 -11.8183 -23.4285 -5.06239
10 0 -9.50961 -15.3805 5.30955
10.02 0 2.80885 15.32 21.6068
10.04 0 -3.80894 15.5656 12.8514
10.06 0 -3.18807 -0.0805276 3.69591
10.08 0 10.3955 -2.05007 6.95034
10.1 0 10.0168 4.50172 2.85447
10.12 0 -3.9364 4.87193 -9.42456
10.14 0 -3.15739 2.22497 -9.10379
10.16 0 1.24079 -8.2828 -5.90714
10.18 0 -1.8479 -15.0991 -7.92567
10.2 0 -7.26552 -9.24901 -10.2327
10.22 0 -10.7592 -4.22441 -12.1484
10.24 0 -1.76315 -2.9209 -6.25036
10.26 0 11.5507 3.43163 5.50477
10.28 0 7.11537 6.00075 5.02453
10.3 0 -15.7348 -8.40728 -12.5502
10.32 0 -7.10792 -6.61827 -4.6065
10.34 0 9.01765 2.49459 9.79722
10.36 0 1.67701 0.599592 3.3313
10.38 0 0.364884 8.04485 3.58195
10.4 0 -5.67833 -0.0742344 -2.90535
10.42 0 2.78562 -1.07743 3.35517
10.44 0 8.32449 2.89089 8.02812
10.46 0 -5.17023 -2.68852 -4.49695
10.48 0 -6.11625 -1.50887 -6.38654
10.5 0 4.82534 1.94359 1.04953
10.52 0 11.5834 7.24249 7.83636
10.54 0 7.98348 13.1079 10.2474
10.56 0 4.33814 17.3176 15.5549
10.58 0 1.57408 9.29911 17.9915
10.6 0 -3.93995 -5.42049 12.2205
10.62 0 -8.19685 -9.85272 3.13752
10.64 0 -7.54271 -4.93685 -4.88779
10.66 0 3.46823 4.23347 -4.35664
10.68 0 11.8018 7.78981 -2.60042
10.7 0 5.73763 0.984172 -8.90209
10.72 0 3.76999 0.167555 -7.84113
10.74 0 3.97983 2.81276 -1.32333
10.76 0 -7.82135 -7.17001 -5.76787
10.78 0 -12.2928 -12.6046 -5.30576
10.8 0 -6.73675 -8.39071 1.30865
10.82 0 -1.11143 -0.616639 5.09685
10.84 0 0.0120175 3.48276 2.45888
10.86 0 -6.43797 -5.46802 -9.05756
10.88 0 -8.92197 -16.5427 -18.315
10.9 0 -11.4569 -24.9428 -27.3656
10.92 0 -8.83573 -20.1812 -29.1108
10.94 0 4.36629 -0.539483 -17.1075
10.96 0 11.2302 10.1983 -6.54909
10.98 0 11.8493 11.8389 2.47728
11 0 11.343 14.3296 14.354
11.02 0 -2.32112 5.44631 18.4939
11.04 0 -21.7004 -13.4564 5.44156
11.06 0 -18.3919 -19.6231 2.9076
11.08 0 -10.1356 -13.2678 1.57599
11.1 0 -11.7658 -11.7735 -13.378
11.12 0 0.580568 -1.93068 -15.9017
11.14 0 20.4596 16.9037 -2.72084
11.16 0 27.3606 20.5536 2.66719
11.18 0 23.5531 21.6889 7.34367
11.2 0 13.514 21.7496 11.3505
11.22 0 -7.2451 4.14968 3.78897
11.24 0 -10.7138 -7.98973 9.07332
11.26 0 -2.60431 -2.37602 17.3254
11.28 0 -5.77052 -7.37332 13.7165
11.3 0 -4.83791 2.63619 16.1073
11.32 0 3.25622 16.7591 22.4584
11.34 0 9.51808 20.3203 24.1093
11.36 0 11.5638 15.44 21.0504
11.38 0 11.2502 12.4774 17.5466
11.4 0 9.14617 13.6843 14.6786
11.42 0 -5.59778 0.829801 -0.680168
11.44 0 -9.09163 -8.74591 -7.44492
11.46 0 5.14352 -1.72375 1.79731
11.48 0 1.55403 -3.46483 -6.60257
11.5 0 -4.97837 -4.52904 -19.9937
11.52 0 5.71214 1.55176 -12.7709
11.54 0 9.36797 1.24211 -6.84403
11.56 0 -5.0875 -8.32951 -12.1055
11.58 0 -8.27032 -9.46838 -8.97461
11.6 0 -4.60555 -5.54165 -0.654532
11.62 0 -13.2394 -14.1072 -6.94976
11.64 0 -12.8623 -14.4537 -7.59375
11.66 0 -6.40449 -9.24482 -5.02346
11.68 0 -5.74951 -8.75408 -9.63331
11.7 0 -2.68954 -5.90741 -11.8911
11.72 0 -1.66394 -6.21431 -15.8986
11.74 0 3.18128 -3.15002 -14.7597
11.76 0 5.07962 -1.11866 -13.7809
11.78 0 3.72061 -1.39392 -13.5473
11.8 0 1.86891 -0.84189 -9.99748
11.82 0 -2.73564 -4.23467 -2.7516
11.84 0 -6.34969 -5.35937 3.73258
11.86 0 -7.92927 -3.5325 6.52559
11.88 0 -7.62141 -3.09227 6.72407
11.9 0 -7.21007 -5.81471 3.49839
11.92 0 -1.1819 -2.64786 3.83228
11.94 0 2.34757 1.4214 1.55217
11.96 0 5.51197 6.84967 -0.143544
11.98 0 10.3283 12.1217 1.34311
12 0 11.8826 12.0903 2.02882
12.02 0 10.1382 9.30953 2.61533
12.04 0 7.3662 7.8794 5.12679
12.06 0 5.42126 8.98474 10.2845
12.08 0 4.56778 10.9566 16.9512
12.1 0 1.51226 9.18847 20.5101
12.12 0 0.222101 8.00833 23.9158
12.14 0 -5.43827 1.95872 20.1327
12.16 0 -15.1474 -9.8819 8.00045
12.18 0 -12.9548 -12.1299 2.6453
12.2 0 -6.27857 -9.11465 -1.79072
12.22 0 4.95098 2.23482 -2.2601
12.24 0 16.698 16.9336 0.0707484
12.26 0 21.44 23.9264 -0.816816
12.28 0 15.4373 14.8358 -7.30914
12.3 0 8.02294 0.887073 -8.68801
12.32 0 0.405425 -6.19389 -6.31607
12.34 0 -6.82293 -6.51654 -2.07205
12.36 0 -12.8772 -7.29179 0.770654
12.38 0 -13.0725 -8.96369 4.64504
12.4 0 -8.39593 -8.81783 8.59851
12.42 0 -6.06658 -6.94735 6.98107
12.44 0 -5.20304 -2.46959 0.93526
12.46 0 -4.5285 -0.709994 -12.2399
12.48 0 7.62235 1.26075 -12.9184
12.5 0 17.0545 4.37669 -8.69844
12.52 0 16.1124 10.3062 -5.76466
12.54 0 6.73607 13.2232 -3.28133
12.56 0 -5.79489 1.45564 -0.750986
12.58 0 -6.8935 -11.5004 9.30917
12.6 0 -6.26816 -8.84704 16.1346
12.62 0 -10.9421 -1.8348 13.347
12.64 0 -11.6526 3.00184 5.01617
12.66 0 -3.9576 -1.11618 0.220364
12.68 0 -0.165914 -12.9953 -7.99427
12.7 0 4.25835 -9.37635 -10.9747
12.72 0 10.5028 9.80248 -6.93965
12.74 0 9.3341 17.5725 -7.38535
12.76 0 9.72162 12.3115 -5.21134
12.78 0 14.1497 6.70446 3.8397
12.8 0 8.2724 2.43327 7.77454
12.82 0 -7.66156 -2.02672 4.28952
12.84 0 -19.3743 -8.70797 1.19111
12.86 0 -18.0254 -15.1755 3.48141
12.88 0 -10.6538 -16.3834 5.88533
12.9 0 -11.7255 -16.3495 -2.40973
12.92 0 -11.4381 -10.106 -11.3692
12.94 0 -4.63069 -4.08433 -16.5807
12.96 0 3.23217 -4.86328 -21.4067
12.98 0 15.3328 1.28663 -17.8691
13 0 18.7315 9.36241 -15.0527
13.02 0 9.70963 9.24091 -17.4714
13.04 0 8.50239 10.2129 -8.33786
13.06 0 6.37451 4.3736 2.10456
13.08 0 -4.15819 -7.05637 6.49946
13.1 0 -11.5772 -10.6307 18.1363
13.12 0 -23.0829 -8.59418 18.7691
13.14 0 -24.1514 -8.00939 16.2454
13.16 0 -11.3021 -7.56268 14.0086
13.18 0 0.349934 -3.94753 3.01015
13.2 0 11.6677 4.98556 -2.68116
13.22 0 17.6054 13.1656 -9.18492
13.24 0 16.6745 15.6213 -16.0178
13.26 0 15.4419 14.1436 -15.4192
13.28 0 8.92552 2.70439 -14.2729
13.3 0 -1.04962 -7.10561 -8.32402
13.32 0 -6.72575 -12.5071 7.31805
13.34 0 -17.2878 -9.51246 10.8509
13.36 0 -17.7686 -3.11443 14.6041
13.38 0 -7.22089 1.41931 20.2749
13.4 0 0.827689 0.0674714 17.44
13.42 0 5.75658 2.60784 7.94484
13.44 0 8.01493 14.814 -3.16274
13.46 0 5.96259 8.32622 -14.6225
13.48 0 4.28877 -7.34935 -21.6724
13.5 0 6.46693 -10.8633 -17.673
13.52 0 1.36006 -6.36226 -12.0859
13.54 0 -12.934 -8.47875 -13.9051
13.56 0 -7.20814 -1.04949 -2.05298
13.58 0 11.3526 12.0408 19.0994
13.6 0 1.58833 1.77797 12.3325
13.62 0 -6.09269 -1.29755 7.55976
13.64 0 -3.11105 3.88852 10.8614
13.66 0 -4.7008 -0.829371 6.40361
13.68 0 3.60274 3.29605 10.153
13.7 0 7.97719 8.33514 10.7379
13.72 0 1.24235 5.13161 1.42011
13.74 0 0.762938 3.89482 -1.92756
13.76 0 2.42223 0.0175857 -3.36476
13.78 0 1.46536 -4.5722 -6.07368
13.8 0 7.63281 4.55365 0.952653
13.82 0 7.44647 11.0353 4.1672
13.84 0 0.303856 6.20353 1.06487
13.86 0 0.160335 1.48891 4.02188
13.88 0 2.39857 -0.0709337 9.15265
13.9 0 0.943628 1.98776 11.3532
13.92 0 -1.13562 6.63584 12.446
13.94 0 -4.79566 3.94865 9.12226
13.96 0 -2.4687 -0.0649238 8.27541
13.98 0 2.04537 -0.703484 7.74912
14 0 -1.09262 -2.10658 -2.57698
14.02 0 -0.558904 0.730567 -11.4863
14.04 0 1.98228 -1.80848 -13.1553
14.06 0 2.73492 -5.2229 -12.5086
14.08 0 5.57961 -1.39859 -6.92012
14.1 0 2.2279 1.47048 -4.96765
14.12 0 -4.29505 -1.20801 -5.62248
14.14 0 -4.75171 -4.11761 -1.74682
14.16 0 -7.14307 -10.6784 -1.31129
14.18 0 -12.7222 -15.9849 -6.08571
14.2 0 -7.49488 -7.31567 -2.78615
14.22 0 -2.30533 -0.553939 -1.54858
14.24 0 0.464607 0.366224 -3.83334
14.26 0 5.92978 2.73986 -2.59108
14.28 0 7.00195 3.70412 -3.14874
14.3 0 3.25486 2.38518 -5.7658
14.32 0 -0.312943 -0.352349 -6.75688
14.34 0 -1.08934 -3.12796 -4.38413
14.36 0 -1.87313 -4.94533 -1.11584
14.38 0 -4.33412 -5.13271 1.32046
14.4 0 -6.81876 -3.25325 2.27775
14.42 0 -8.61505 -4.77414 -0.21935
14.44 0 -5.55676 -6.26247 -2.17626
14.46 0 2.85045 -4.48986 -3.56771
14.48 0 2.85672 0.60994 -7.66043
14.5 0 3.7142 5.49316 -7.42511
14.52 0 6.05463 5.30658 -2.6098
14.54 0 6.76292 2.87531 2.60938
14.56 0 4.44167 4.62981 5.65778
14.58 0 1.05893 7.17681 8.04951
14.6 0 -1.47757 5.46829 9.19686
14.62 0 -3.14333 -0.587189 8.79894
14.64 0 -3.19966 -4.094 8.31304
14.66 0 -2.36819 -1.57663 7.80383
14.68 0 0.758404 5.64531 8.60296
14.7 0 5.61667 11.7224 10.0615
14.72 0 10.6328 14.1802 11.7325
14.74 0 12.528 13.8001 11.907
14.76 0 8.04892 9.93741 8.33175
14.78 0 -0.875014 1.96373 1.66096
14.8 0 -9.61379 -9.29117 -6.13635
14.82 0 -8.8849 -12.7461 -7.43158
14.84 0 -4.12024 -9.3545 -7.54937
14.86 0 -5.76654 -8.75669 -14.2385
14.88 0 -1.73893 -5.24676 -14.4178
14.9 0 9.25741 4.62621 -4.53307
14.92 0 8.30582 6.87334 -1.60392
14.94 0 -0.756181 2.28404 -1.6832
14.96 0 -0.167746 0.454333 6.47758
14.98 0 -3.41643 -3.13942 8.72569
15 0 -8.875 -5.28589 5.18692
15.02 0 -8.62721 -3.6803 2.03683
15.04 0 -3.17421 -2.14057 -0.627787
15.06 0 4.01422 -0.0522382 -1.41401
15.08 0 4.9406 -0.192981 -5.10498
15.1 0 1.37619 -0.418265 -10.1846
15.12 0 -0.799191 -1.60354 -12.3763
15.14 0 2.90994 -0.703127 -7.61874
15.16 0 9.66667 5.62376 2.88518
15.18 0 -1.68629 -1.42025 -1.06759
15.2 0 -8.81115 -5.47156 -0.102609
15.22 0 0.254012 3.96352 13.7777
15.24 0 -4.58525 -0.551655 9.76066
15.26 0 -7.74912 -4.24258 3.02176
15.28 0 0.654962 1.65802 3.96363
15.3 0 4.27687 2.888 0.261037
15.32 0 3.37812 0.604658 -5.23118
15.34 0 8.08521 6.12065 -2.09193
15.36 0 8.0374 8.10797 -0.546412
15.38 0 4.80949 6.14595 0.378726
15.4 0 2.45421 3.27931 3.72904
15.42 0 -7.80097 -8.47228 -0.524986
15.44 0 -11.1576 -11.4939 -0.552463
15.46 0 -7.41943 -5.66394 2.23874
15.48 0 -3.67217 -1.07205 1.53089
15.5 0 -0.530187 -0.414477 -0.843071
15.52 0 0.691847 -2.41932 -4.88831
15.54 0 0.266299 -4.09867 -9.30955
15.56 0 -0.248 -4.13856 -12.1783
15.58 0 1.69586 -1.59466 -11.1026
15.6 0 4.80284 1.94821 -6.92104
15.62 0 5.27222 3.38071 -2.78628
15.64 0 0.587705 0.472647 -1.07272
15.66 0 -6.27685 -6.16726 0.914764
15.68 0 -9.10249 -7.27446 4.34989
15.7 0 -9.18429 -5.52223 5.18766
15.72 0 -3.53645 -1.18036 5.72189
15.74 0 3.9877 3.06765 3.97547
15.76 0 3.93873 4.8618 -2.20741
15.78 0 6.16265 6.43364 -3.52481
15.8 0 8.85636 6.25503 -0.706567
15.82 0 7.91529 5.06524 2.46631
15.84 0 2.29136 3.92941 3.25104
15.86 0 -2.36269 2.96495 3.92352
15.88 0 -1.9495 1.86603 7.68995
15.9 0 -1.09062 -0.132056 9.89192
15.92 0 -2.9468 -1.91547 8.17478
15.94 0 -4.05442 -0.819111 5.62324
15.96 0 -2.29503 1.41899 3.56342
15.98 0 0.985605 1.80345 0.969481
16 0 4.43951 2.54334 -2.42815
16.02 0 5.85565 2.23965 -6.12948
16.04 0 5.83603 2.40109 -6.90654
16.06 0 5.06056 2.97408 -3.9935
16.08 0 1.84075 1.82585 -0.219604
16.1 0 -2.13241 0.265956 3.77846
16.12 0 -5.96406 -0.843402 7.10056
16.14 0 -6.06803 -3.79297 8.04748
16.16 0 -4.05714 -4.27998 6.97578
16.18 0 -1.81221 -0.279052 2.49907
16.2 0 -0.575835 1.45541 -4.46157
16.22 0 4.06017 0.98045 -6.11902
16.24 0 7.61307 1.73265 -5.09783
16.26 0 4.79457 1.84989 -6.14675
16.28 0 1.22801 1.87292 -5.81219
16.3 0 -0.31733 0.4078 -2.77964
16.32 0 -2.12959 -3.86478 0.246154
16.34 0 -4.36484 -6.10737 2.72624
16.36 0 -6.7699 -4.47159 2.94975
16.38 0 -7.49997 -2.73341 1.15777
16.4 0 -3.61174 -2.08033 0.499905
16.42 0 1.51373 -1.70521 0.139637
16.44 0 2.91769 -0.757766 -2.40337
16.46 0 1.7898 1.23999 -5.70428
16.48 0 1.95487 2.46677 -6.5321
16.5 0 1.56517 -0.550279 -7.14466
16.52 0 1.67758 -3.12811 -5.73084
16.54 0 -0.103709 -3.57415 -4.38594
16.56 0 -3.82289 -3.41745 -3.91224
16.58 0 -4.10386 -2.3763 -0.163281
16.6 0 -5.08569 -4.56212 1.49474
16.62 0 -5.02933 -5.22981 1.5965
16.64 0 -2.97701 -2.10103 1.17605
16.66 0 1.68305 1.19925 -0.0756112
16.68 0 4.41327 3.45567 -1.96845
16.7 0 2.49416 2.33707 -4.61646
16.72 0 0.801673 -1.00117 -4.96241
16.74 0 0.326621 -2.70887 -2.75467
16.76 0 -0.919244 -2.02952 -1.09218
16.78 0 -1.94156 0.0446613 -0.20381
16.8 0 1.13118 3.57024 3.80127
16.82 0 3.3712 4.53066 6.56236
16.84 0 3.05599 4.17669 6.859
16.86 0 1.5386 3.9359 6.2035
16.88 0 0.465656 3.56476 5.67036
16.9 0 1.95222 4.32323 7.08826
16.92 0 2.32345 3.86559 7.14154
16.94 0 2.42665 4.22648 7.02439
16.96 0 2.23924 4.87815 6.66651
16.98 0 1.04134 3.6681 5.04818
17 0 0.203548 1.4854 3.33373
17.02 0 0.727938 0.598595 2.51828
17.04 0 0.639933 0.487532 1.09627
17.06 0 1.0772 1.61589 0.430139
17.08 0 1.83698 2.55146 -0.149654
17.1 0 2.75618 2.58137 -0.347288
17.12 0 3.37761 2.47447 0.236213
17.14 0 1.13159 0.444727 -0.849063
17.16 0 -0.974876 -0.166511 -0.283334
17.18 0 -2.88802 -0.339775 1.62882
17.2 0 -1.95276 -2.78834 2.1262
17.22 0 -0.751045 -2.42179 1.59335
17.24 0 -1.92956 -1.05411 -1.17852
17.26 0 -2.21527 -1.08935 -3.37831
17.28 0 -0.702573 -2.263 -3.64284
17.3 0 -0.740888 -4.40592 -5.12424
17.32 0 -0.820144 -3.72417 -5.74897
17.34 0 -0.56043 -1.39712 -5.26982
17.36 0 -1.96962 -2.29222 -6.31896
17.38 0 -1.72439 -3.69404 -5.89239
17.4 0 -0.734747 -4.00843 -4.46697
17.42 0 -2.80019 -5.18057 -5.55736
17.44 0 -4.16923 -4.89702 -6.01178
17.46 0 -2.52666 -3.02361 -4.128
17.48 0 -0.0402379 -1.30432 -1.79178
17.5 0 0.790904 -0.385146 -0.828062
17.52 0 -0.469253 -0.560281 -1.54283
17.54 0 -1.11429 -0.646241 -1.29791
17.56 0 -0.406937 -0.729375 0.29345
17.58 0 -0.790568 -1.44546 0.650209
17.6 0 -2.63005 -2.36009 -0.495989
17.62 0 -2.93118 -2.35941 -1.61803
17.64 0 1.63699 -0.581668 -0.612401
17.66 0 3.79941 3.44745 0.758312
17.68 0 2.88001 5.35096 1.29117
17.7 0 1.65599 3.24776 1.83968
17.72 0 1.0449 0.584905 2.80445
17.74 0 0.880699 0.887895 4.04688
17.76 0 0.935594 3.13918 5.25783
17.78 0 0.218436 3.66787 5.07895
17.8 0 -0.137505 2.0381 4.28951
17.82 0 0.308155 0.346912 3.61248
17.84 0 1.85292 1.61322 4.03864
17.86 0 2.153 3.63368 3.58017
17.88 0 0.95295 3.35971 1.67773
17.9 0 1.61464 2.46885 1.42545
17.92 0 3.00554 1.98284 2.11052
17.94 0 2.44557 1.8297 1.81467
17.96 0 0.415468 1.63959 0.743575
17.98 0 -0.259574 1.4754 1.02508
18 0 0.234636 0.638657 2.03101
18.02 0 -0.907201 -1.50216 1.06057
18.04 0 -2.10756 -2.49683 -0.658831
18.06 0 -2.7903 -1.96953 -2.28285
18.08 0 -1.46173 -1.86178 -3.06958
18.1 0 -0.121673 -2.58133 -3.9419
18.12 0 1.0848 -1.57371 -3.82271
18.14 0 1.07106 0.401428 -3.08697
18.16 0 -0.764652 -0.314563 -3.08008
18.18 0 -1.73086 -2.56674 -2.31007
18.2 0 -1.83429 -3.76999 -1.11664
18.22 0 -1.33897 -1.94725 0.161805
18.24 0 -1.34945 0.0635982 0.108498
18.26 0 -1.37311 -0.326822 -1.07651
18.28 0 -0.104024 -1.72408 -1.86275
18.3 0 0.792564 -1.78356 -2.39133
18.32 0 0.901457 0.286993 -2.20545
18.34 0 0.446695 1.50595 -1.56767
18.36 0 -0.277024 -0.0344634 -0.877695
18.38 0 0.447426 -0.541007 1.43724
18.4 0 0.239246 0.422676 2.87226
18.42 0 -1.58577 0.514206 1.95872
18.44 0 -1.9622 -0.0364028 1.23659
18.46 0 0.086823 0.0349453 1.84051
18.48 0 2.68836 1.87878 2.92419
18.5 0 2.91758 3.63595 2.37219
18.52 0 2.43838 4.50772 1.80708
18.54 0 3.13988 4.36282 3.01897
18.56 0 2.89418 2.88524 3.94296
18.58 0 1.21866 1.73166 3.99297
18.6 0 -1.57922 0.999421 3.26608
18.62 0 -4.02185 -1.19562 1.61177
18.64 0 -2.65889 -2.99208 0.693446
18.66 0 -0.532304 -3.16943 -1.09708
18.68 0 0.606148 -0.972493 -3.56147
18.7 0 1.18846 0.988109 -4.94376
18.72 0 2.09161 1.28994 -4.36932
18.74 0 2.55514 0.379851 -2.43149
18.76 0 2.37952 0.262809 0.0852892
18.78 0 0.0771748 0.764956 1.72946
18.8 0 -3.08086 0.0168232 2.14419
18.82 0 -2.95916 -0.642891 3.64282
18.84 0 -2.78598 -2.59175 2.79423
18.86 0 -2.21049 -2.5595 0.855756
18.88 0 -0.283968 -0.133883 -0.289361
18.9 0 1.66081 1.62677 -1.09081
18.92 0 2.42502 1.57539 -2.02927
18.94 0 1.12972 -0.464309 -3.97484
18.96 0 -0.755526 -2.75439 -5.60116
18.98 0 -0.86052 -2.8145 -4.82641
19 0 -0.175704 -1.44628 -2.78901
19.02 0 -1.3201 -1.64571 -2.35213
19.04 0 -1.66443 -1.56851 -1.26078
19.06 0 -2.46304 -2.81628 -0.888515
19.08 0 -3.35625 -3.98845 -1.38086
19.1 0 -2.62574 -2.95896 -1.21812
19.12 0 -1.88182 -1.95351 -1.90422
19.14 0 0.0567668 -0.497208 -1.88036
19.16 0 2.02957 0.935322 -1.40165
19.18 0 2.21008 1.36854 -1.6006
19.2 0 2.02603 1.14034 -1.33695
19.22 0 0.475544 -0.0308487 -0.873864
19.24 0 -0.796738 -0.632857 0.287564
19.26 0 -1.36058 -0.631071 1.61892
19.28 0 -2.27447 -1.17959 1.35485
19.3 0 -2.82335 -1.76362 0.297896
19.32 0 -1.31846 -1.34131 0.19293
19.34 0 0.914431 0.142972 0.361944
19.36 0 2.23379 2.03563 0.183354
19.38 0 3.34421 3.93355 0.742007
19.4 0 3.57348 4.17668 1.52478
19.42 0 3.00012 3.37177 2.27393
19.44 0 2.28284 2.99568 3.35451
19.46 0 0.584428 2.0187 3.74728
19.48 0 -0.0163665 1.92026 4.92151
19.5 0 -0.546761 1.43473 5.4149
19.52 0 -1.20732 0.511282 4.82132
19.54 0 -0.919939 0.463707 4.18388
19.56 0 -0.245796 0.84875 3.11978
19.58 0 1.63454 2.48389 2.88172
19.6 0 1.61495 2.13324 0.460815
19.62 0 0.765 0.462501 -2.82059
19.64 0 3.05954 1.44721 -2.06634
19.66 0 5.40853 3.72408 0.564601
19.68 0 3.04157 3.29774 0.799219
19.7 0 -1.49355 0.202551 -0.128022
19.72 0 -3.38968 -1.80755 1.40685
19.74 0 -3.33396 -2.15065 3.8845
19.76 0 -2.20293 -1.97946 4.2332
19.78 0 -1.57576 -0.891158 1.55527
19.8 0 -0.294901 0.339561 -1.75965
19.82 0 -0.251885 -1.66843 -5.41097
19.84 0 1.13842 -2.74984 -6.28098
19.86 0 2.2385 -1.31344 -5.45667
19.88 0 -0.133854 -1.26272 -6.36737
19.9 0 -0.691337 -0.634682 -4.72424
19.92 0 -0.442069 -1.37533 -2.04569
19.94 0 -1.67332 -3.58035 -0.436203
19.96 0 -2.67993 -2.92951 1.08944
19.98 0 -3.785 -1.51003 1.23938
20 0 -4.27691 -2.03057 -0.171274
20.02 0 -2.63284 -3.30544 -1.37838
20.04 0 -0.974666 -4.07636 -3.29616
20.06 0 0.517849 -2.00996 -4.74871
20.08 0 2.50652 1.71701 -4.4982
20.1 0 4.03363 3.02613 -3.81498
20.12 0 4.48526 3.20822 -1.19366
20.14 0 2.08145 2.15268 2.13975
20.16 0 -2.42426 -0.304718 3.95644
20.18 0 -5.17112 -2.27307 4.61792
20.2 0 -3.8177 -2.39477 5.23674
20.22 0 0.504304 0.705319 5.71251
20.24 0 2.52112 4.38072 3.53761
20.26 0 2.6474 5.66344 0.29475
20.28 0 4.94698 4.77879 0.251179
20.3 0 5.1655 1.9992 0.422922
20.32 0 1.94185 0.209886 -0.253546
20.34 0 -1.23181 1.59738 1.07781
20.36 0 -2.85853 1.29659 3.21722
20.38 0 -2.70695 -2.23356 3.89159
20.4 0 -1.01923 -2.85247 3.8037
20.42 0 0.0550373 0.581783 2.06248
20.44 0 -0.832485 1.70788 -2.27022
20.46 0 0.911236 0.453168 -3.97079
20.48 0 4.07126 0.126681 -2.43506
20.5 0 3.45306 0.548601 -1.90241
20.52 0 0.239832 0.701605 -2.42809
20.54 0 -2.2832 -0.470271 -1.99699
20.56 0 -1.87044 -1.95478 0.609009
20.58 0 -1.22517 -2.493 2.68177
20.6 0 -3.50363 -2.97171 0.690111
20.62 0 -4.1019 -1.9904 -1.2103
20.64 0 -1.6818 -1.3448 -1.59818
20.66 0 0.215997 -2.38224 -3.01624
20.68 0 1.64452 -1.62695 -3.75078
20.7 0 1.13105 -0.185066 -4.83236
20.72 0 -0.121346 -0.0547143 -5.66351
20.74 0 -0.574629 -1.7553 -5.24502
20.76 0 0.226244 -2.94138 -2.53704
20.78 0 -0.469928 -2.20477 0.018895
20.8 0 -4.31076 -2.45479 -0.580788
20.82 0 -5.0949 -2.91116 -0.719269
20.84 0 -1.20849 -3.07719 0.109236
20.86 0 1.42187 -0.464808 0.23439
20.88 0 0.637363 2.16747 -1.28825
20.9 0 0.66323 2.31756 -1.70954
20.92 0 3.2089 1.99866 0.722314
20.94 0 3.17168 1.19914 1.78798
20.96 0 0.14187 0.783827 0.742463
20.98 0 -0.689001 1.98056 1.35686
21 0 0.522783 2.27226 3.24436
21.02 0 0.996997 0.910722 3.97058
21.04 0 1.00412 1.09388 4.32755
21.06 0 0.537778 2.52171 4.21694
21.08 0 0.394418 3.2888 3.92189
21.1 0 1.03996 2.6732 3.74237
21.12 0 0.922346 0.74701 2.55457
21.14 0 0.122707 -0.446616 0.848205
21.16 0 0.32899 0.632026 0.328617
21.18 0 1.65853 2.61413 1.03905
21.2 0 2.26286 2.89308 1.27381
21.22 0 1.56714 1.42081 0.667875
21.24 0 1.64325 1.34533 1.39934
21.26 0 2.15982 2.81971 3.12959
21.28 0 0.836731 2.65586 3.25111
21.3 0 -1.04785 0.713133 2.41041
21.32 0 -0.757237 -0.130731 2.97815
21.34 0 0.791225 0.98408 4.22227
21.36 0 0.382199 1.86692 2.89186
21.38 0 -0.264587 1.63228 0.458339
21.4 0 1.17045 1.36199 -0.348912
21.42 0 0.803059 -0.363424 -1.45326
21.44 0 -0.584555 -2.12196 -2.79303
21.46 0 -0.133214 -2.12617 -2.6011
21.48 0 -0.515923 -1.55398 -2.63912
21.5 0 -1.86682 -1.77663 -3.44383
21.52 0 -1.67067 -2.15167 -2.98593
21.54 0 -0.842709 -2.49307 -2.07927
21.56 0 -1.80679 -3.40012 -2.7931
21.58 0 -2.20213 -2.70199 -2.92985
21.6 0 -1.00898 -0.926183 -1.82133
21.62 0 -0.457206 -0.806164 -1.62953
21.64 0 -0.70465 -1.78779 -2.25602
21.66 0 -0.841717 -2.11974 -2.62043
21.68 0 -0.717855 -1.56364 -2.55163
21.7 0 -0.188557 -0.560477 -1.95369
21.72 0 0.0583875 -0.259491 -1.52179
21.74 0 -0.951226 -1.60565 -2.25954
21.76 0 -2.79841 -3.95067 -3.89516
21.78 0 -2.85554 -4.4399 -3.93043
21.8 0 -0.606534 -1.89997 -1.77845
21.82 0 -0.0609051 -0.331758 -1.28601
21.84 0 -0.146616 0.216884 -1.29396
21.86 0 -0.573842 -0.622678 -1.3889
21.88 0 -1.6558 -3.37091 -2.57698
21.9 0 0.331285 -2.38045 -1.58927
21.92 0 1.03221 1.08491 -0.537279
21.94 0 0.423227 3.6694 0.756589
21.96 0 1.66269 3.42236 3.16378
21.98 0 2.71809 2.18046 5.08887
22 0 2.49316 3.05926 5.96878
22.02 0 -0.899227 2.14829 3.57149
22.04 0 -2.57335 0.273859 1.68036
22.06 0 -0.103089 -0.0936104 2.67523
22.08 0 2.46566 1.10786 3.67047
22.1 0 3.64498 4.36971 4.126
22.12 0 2.11833 5.24302 2.46704
22.14 0 2.43138 4.73913 2.62705
22.16 0 3.85779 3.52926 4.12929
22.18 0 2.19639 1.3731 3.45979
22.2 0 0.496782 1.85151 3.41139
22.22 0 -0.867384 2.26182 3.3219
22.24 0 -0.786162 1.37286 3.34323
22.26 0 -0.190872 -0.272649 2.79285
22.28 0 0.424496 -0.0933478 1.84114
22.3 0 -0.208932 1.21319 -0.0301195
22.32 0 -1.0022 -0.0693348 -2.44774
22.34 0 1.22048 -1.05516 -2.1196
22.36 0 2.04249 -1.63885 -2.07438
22.38 0 -0.242988 -1.22676 -3.59914
22.4 0 -1.72997 -0.563507 -3.73296
22.42 0 -1.3815 -1.40936 -2.56845
22.44 0 -0.54801 -2.66797 -1.13866
22.46 0 -1.32314 -3.09655 -1.04428
22.48 0 -2.95074 -2.52686 -1.85013
22.5 0 -2.56587 -1.29522 -1.51817
22.52 0 -1.50896 -1.76665 -1.4896
22.54 0 -2.08075 -4.23027 -3.51901
22.56 0 -2.09846 -4.57497 -4.94234
22.58 0 -0.639675 -2.0627 -4.63373
22.6 0 1.29634 0.791381 -3.41778
22.62 0 1.5399 0.857514 -3.2477
22.64 0 -0.0407717 -1.63308 -4.17458
22.66 0 -0.726472 -2.74726 -3.57888
22.68 0 -2.05723 -3.3064 -2.89731
22.7 0 -2.80657 -3.07039 -1.48711
22.72 0 -2.1326 -1.62817 0.703893
22.74 0 -1.95777 -0.936749 1.54696
22.76 0 -1.23291 -0.102166 1.5914
22.78 0 1.29419 0.112657 0.900879
22.8 0 2.43444 1.13302 -0.534379
22.82 0 0.805036 2.14192 -1.99076
22.84 0 0.191651 1.17689 -1.67494
22.86 0 1.6297 0.0858547 0.799806
22.88 0 1.73218 0.361884 2.3315
22.9 0 0.592591 2.42716 3.02676
22.92 0 -0.144265 3.51626 3.32606
22.94 0 0.335206 2.24492 3.78115
22.96 0 1.67047 1.18192 4.66645
22.98 0 1.64587 1.55682 4.52114
23 0 0.393969 2.636 3.33094
23.02 0 -1.13965 1.57986 1.23701
23.04 0 -0.481339 -0.260603 0.449113
23.06 0 1.94918 -0.0050464 1.39923
23.08 0 3.31313 2.54969 2.25793
23.1 0 2.81194 4.94657 2.23963
23.12 0 1.65783 4.40537 1.8123
23.14 0 1.61697 2.08195 2.41386
23.16 0 1.21609 -0.00386629 2.94657
23.18 0 0.0520266 0.138652 3.07404
23.2 0 -0.626025 2.04161 3.52692
23.22 0 -0.976608 2.08718 3.00105
23.24 0 -0.116868 0.654401 2.36564
23.26 0 1.11023 -0.37704 1.24999
23.28 0 0.777024 0.525049 -0.510047
23.3 0 0.350369 1.99947 -1.17549
23.32 0 -0.0193101 -0.0875762 -2.02502
23.34 0 0.273956 -3.20661 -2.48756
23.36 0 -0.790936 -3.63576 -3.21769
23.38 0 -2.03676 -1.76801 -3.6227
23.4 0 -1.83122 -0.655558 -2.95589
23.42 0 -0.347639 -1.22581 -1.53216
23.44 0 -0.0385719 -2.35159 -1.09961
23.46 0 -1.59851 -2.7545 -2.07912
23.48 0 -2.10984 -1.41764 -2.09468
23.5 0 -2.08729 -1.51066 -2.2937
23.52 0 -2.17745 -3.5164 -3.2804
23.54 0 -1.12654 -3.71361 -3.24355
23.56 0 -0.205654 -1.83835 -2.93298
23.58 0 -0.661563 -0.65691 -3.64252
23.6 0 -0.0927495 -0.109296 -3.27318
23.62 0 0.632184 -0.807386 -2.54663
23.64 0 -0.590235 -2.62331 -3.0581
23.66 0 -2.37273 -3.8341 -3.40884
23.68 0 -2.50976 -2.78478 -2.29922
23.7 0 -0.966854 -0.558974 0.178967
23.72 0 1.06024 1.98954 2.91376
23.74 0 2.03842 2.90815 3.89126
23.76 0 0.736492 1.22943 1.98396
23.78 0 0.0191849 0.364729 0.593045
23.8 0 0.792158 1.36991 1.04822
23.82 0 0.497598 1.31455 0.953416
23.84 0 -0.494376 -0.0802759 0.224007
23.86 0 0.321895 0.0402431 0.975575
23.88 0 1.68794 1.63628 2.28167
23.9 0 1.23734 2.31956 2.06057
23.92 0 1.18375 2.76017 2.31367
23.94 0 2.10941 3.10421 3.5521
23.96 0 3.15998 3.90828 5.20002
23.98 0 2.6627 4.37403 5.70594
24 0 0.225176 2.79425 4.18042
24.02 0 -1.54022 0.191459 2.44693
24.04 0 -1.83593 -2.03981 1.03641
24.06 0 -0.58816 -1.71955 0.153159
24.08 0 1.37402 1.38457 -0.279037
24.1 0 1.68304 2.62424 -1.42803
24.12 0 0.423849 0.09019 -3.09055
24.14 0 0.193798 -1.90146 -2.46233
24.16 0 0.931759 -0.792056 0.0305035
24.18 0 -0.675413 -0.251675 0.232767
24.2 0 -3.20695 -1.96892 -1.58595
24.22 0 -2.53461 -2.63606 -1.40584
24.24 0 -0.279508 -1.79742 -0.404853
24.26 0 0.151287 -0.804484 -0.999809
24.28 0 -0.484943 -0.216762 -2.26651
24.3 0 -0.678177 -0.723176 -3.02325
24.32 0 -0.333874 -1.98137 -3.07014
24.34 0 -0.613232 -2.91636 -3.22706
24.36 0 -0.946328 -2.11043 -2.9015
24.38 0 -0.895128 -0.645558 -2.01764
24.4 0 -0.709285 -0.339411 -0.945781
24.42 0 0.566426 0.222518 1.1757
24.44 0 0.687428 0.666342 2.17034
24.46 0 -1.03019 -0.0125895 0.98561
24.48 0 -2.03472 -1.30498 -0.597006
24.5 0 -1.31428 -2.38173 -1.68328
24.52 0 0.866506 -1.21756 -1.61247
24.54 0 2.43114 2.0964 -0.65524
24.56 0 1.0136 2.30724 -1.28048
24.58 0 -0.660952 -0.229876 -1.43192
24.6 0 0.181916 -1.06454 1.07895
24.62 0 -0.6535 -1.17972 1.62276
24.64 0 -1.95658 -0.471333 1.01109
24.66 0 -0.895941 1.09102 1.70129
24.68 0 0.549844 1.06725 1.90634
24.7 0 1.40317 0.680762 1.42609
24.72 0 1.06762 0.72965 0.234464
24.74 0 1.21391 1.85342 0.0570994
24.76 0 2.67795 3.43648 1.67764
24.78 0 2.10169 2.38621 1.87018
24.8 0 0.826634 1.01566 1.84397
24.82 0 1.26888 2.1998 3.67197
24.84 0 0.0216459 1.906 3.568
24.86 0 -1.85318 -0.221884 2.05702
24.88 0 -1.00148 -0.657277 2.23794
24.9 0 0.060745 -0.0723062 1.85309
24.92 0 -0.711151 -0.4193 -0.703043
24.94 0 0.691214 0.879545 -1.50176
24.96 0 4.7317 4.05579 1.00173
24.98 0 4.46805 3.77193 1.12053
25 0 0.61068 0.81824 -0.568976
25.02 0 -3.38901 -1.4877 -0.741958
25.04 0 -3.20262 -2.51943 1.48923
25.06 0 -0.970607 -1.92558 3.34543
25.08 0 -2.08276 -2.20448 0.329448
25.1 0 -0.780535 0.304951 -1.3294
25.12 0 3.07426 3.24374 -0.170134
25.14 0 3.39513 2.03342 -1.05375
25.16 0 1.68503 0.0487852 -2.30368
25.18 0 -0.0671799 -0.766959 -2.37354
25.2 0 -1.09062 -0.998181 -1.32323
25.22 0 -1.03291 -0.876468 0.469617
25.24 0 -2.09796 -1.94338 0.521103
25.26 0 -4.00307 -3.83845 -1.30948
25.28 0 -3.36743 -3.64154 -1.91531
25.3 0 -2.4157 -3.55555 -3.05648
25.32 0 -1.03465 -2.77333 -3.76929
25.34 0 1.22085 -0.249245 -3.21914
25.36 0 1.00627 0.0608661 -4.36031
25.38 0 1.04804 -0.108701 -4.45563
25.4 0 2.14415 0.520393 -2.53154
25.42 0 2.0013 1.10395 -0.451138
25.44 0 -0.0964888 0.144514 0.998995
25.46 0 -3.78834 -2.65969 0.665941
25.48 0 -5.56819 -4.47408 0.732843
25.5 0 -4.40732 -3.99752 0.946843
25.52 0 -2.95288 -3.07851 -0.808872
25.54 0 -0.130926 -1.13821 -2.82249
25.56 0 4.11275 0.514082 -4.25624
25.58 0 3.77141 2.17026 -5.6022
25.6 0 3.7474 4.10426 -2.99593
25.62 0 2.58888 2.44167 0.721218
25.64 0 -1.0775 -1.535 2.03745
25.66 0 -2.45791 -0.91122 4.08971
25.68 0 -1.91539 1.39158 6.16282
25.7 0 -2.70648 0.228501 4.89611
25.72 0 -0.157679 0.974466 5.38199
25.74 0 3.04102 3.58722 6.12372
25.76 0 3.23535 4.8545 4.23582
25.78 0 1.60877 3.62944 0.721388
25.8 0 0.653665 0.608337 -2.18402
25.82 0 4.77441 2.3915 0.940794
25.84 0 6.10366 4.9718 3.36267
25.86 0 2.63848 5.08407 2.8295
25.88 0 -1.74958 1.65644 1.45883
25.9 0 -3.84977 -3.12722 0.879961
25.92 0 -2.05659 -3.97251 2.84588
25.94 0 -0.621761 -1.0671 3.89776
25.96 0 -1.85094 1.47405 1.10519
25.98 0 -0.760645 1.98754 -1.36917
26 0 3.65907 1.53727 -0.834038
26.02 0 4.76244 0.55727 -1.29621
26.04 0 1.36786 1.26847 -2.30613
26.06 0 -1.04369 1.94158 -1.01257
26.08 0 -0.517522 -0.637443 1.26205
26.1 0 -1.45639 -3.98 1.23627
26.12 0 -2.18886 -2.38332 0.846613
26.14 0 -2.20448 0.631813 0.216431
26.16 0 -2.62149 -1.05421 -2.02653
26.18 0 -2.06863 -4.7142 -4.2317
26.2 0 -1.03647 -5.8812 -5.40447
26.22 0 1.42186 -0.997084 -3.72417
26.24 0 1.81334 3.04879 -3.03157
26.26 0 -0.18573 1.05867 -4.42261
26.28 0 -0.90077 -3.21093 -4.52598
26.3 0 -1.18421 -5.50234 -3.46145
26.32 0 -0.965865 -2.77736 -0.783534
26.34 0 -1.87258 0.763568 0.631277
26.36 0 -2.94023 0.355125 0.543672
26.38 0 -1.69311 -1.88722 1.24516
26.4 0 -1.45289 -3.97914 -0.0437013
26.42 0 -2.08942 -3.10002 -2.5712
26.44 0 -2.05835 -1.87032 -5.27442
26.46 0 1.62409 -1.17724 -5.62006
26.48 0 5.22507 2.40338 -2.4666
26.5 0 3.70302 3.87104 -0.554078
26.52 0 -0.125201 1.81663 0.603745
26.54 0 -0.730371 0.579609 3.67385
26.56 0 -0.872874 0.312786 5.5945
26.58 0 -2.5992 -0.919372 4.51017
26.6 0 -2.93453 -1.01524 3.2608
26.62 0 -0.286072 1.05576 3.66502
26.64 0 2.38182 3.0841 3.61809
26.66 0 3.83195 4.43191 2.75974
26.68 0 4.2244 5.06588 1.55798
26.7 0 3.34823 3.6512 0.320623
26.72 0 3.3269 2.81987 1.22764
26.74 0 3.63627 3.7163 3.63201
26.76 0 1.44644 3.31779 4.14829
26.78 0 -0.946393 1.83152 4.20456
26.8 0 -1.51513 0.501956 5.08105
26.82 0 -2.38246 -1.65403 4.24476
26.84 0 -1.71062 -1.22846 3.6294
26.86 0 0.451643 2.27237 2.9635
26.88 0 0.92946 2.55634 -0.950109
26.9 0 1.14391 -0.0285322 -4.37481
26.92 0 3.02671 -0.610437 -3.85279
26.94 0 1.717 -0.65902 -3.41481
26.96 0 -1.63774 -2.42157 -4.5371
26.98 0 -2.83529 -3.28796 -3.81487
27 0 -1.29262 -2.10636 -0.801822
27.02 0 -1.18508 -1.6185 0.375377
27.04 0 -3.31479 -2.88733 -1.40799
27.06 0 -3.42232 -3.15922 -2.29271
27.08 0 -0.6161 -1.50696 -1.1613
27.1 0 1.97572 0.725354 -0.0735743
27.12 0 0.696284 0.22946 -1.93719
27.14 0 -1.42966 -1.53755 -4.24785
27.16 0 -0.368952 -1.53118 -3.3186
27.18 0 -0.267385 -2.34081 -3.0192
27.2 0 -1.28396 -2.85658 -3.24214
27.22 0 -2.2774 -2.73682 -3.2538
27.24 0 -2.08451 -2.24542 -2.45602
27.26 0 0.00598858 -0.508002 -0.140498
27.28 0 -0.178681 -0.515003 0.0834171
27.3 0 -2.11822 -1.82732 -1.501
27.32 0 -0.377204 -0.804051 -0.511586
27.34 0 3.75261 2.60657 2.35799
27.36 0 3.20811 4.1132 2.28692
27.38 0 -0.317867 2.26706 0.431215
27.4 0 -0.220007 0.73326 1.81858
27.42 0 0.709238 0.0840669 3.5461
27.44 0 0.0381602 0.476262 3.42505
27.46 0 -0.9132 1.43889 2.43018
27.48 0 -2.01209 -0.177332 0.154333
27.5 0 -0.580231 -1.43238 -0.543997
27.52 0 2.33866 0.178996 0.356241
27.54 0 3.88266 3.62274 1.09159
27.56 0 2.35978 4.22423 0.18906
27.58 0 0.791628 1.81801 -0.0841328
27.6 0 1.24637 0.301628 1.88854
27.62 0 0.36131 -0.268516 2.83808
27.64 0 -1.62671 0.159545 2.43223
27.66 0 -1.6219 1.26895 2.80495
27.68 0 0.0207047 1.41214 3.41369
27.7 0 1.07432 0.613931 2.73394
27.72 0 1.90323 1.58992 1.63257
27.74 0 0.63327 1.4548 -1.0412
27.76 0 -1.22327 -0.865673 -3.63048
27.78 0 -1.18707 -3.43668 -4.22764
27.8 0 0.815004 -2.13123 -1.98526
27.82 0 1.27871 1.10058 0.00358121
27.84 0 -0.14928 2.29281 0.601836
27.86 0 -1.25649 0.0306759 0.666497
27.88 0 -1.22684 -2.66649 0.750547
27.9 0 0.0246637 -1.41468 1.46854
27.92 0 -0.73351 0.425452 -0.0363395
27.94 0 -0.133563 1.82572 -0.600239
27.96 0 1.81445 1.48956 0.163033
27.98 0 0.212857 -2.04519 -1.8824
28 0 -1.55509 -3.30372 -3.38741
28.02 0 -1.17184 -1.29526 -2.53385
28.04 0 -1.25962 -0.946778 -2.34927
28.06 0 -0.713353 -1.44973 -1.75752
28.08 0 1.73472 0.52444 0.964243
28.1 0 1.21145 1.40387 1.33693
28.12 0 -1.23446 0.353123 -0.0218449
28.14 0 -1.67701 -0.87538 -0.070629
28.16 0 -1.70646 -2.7078 -0.559447
28.18 0 -1.27964 -2.61094 -1.10375
28.2 0 -0.260518 -0.370852 -1.19678
28.22 0 0.965371 1.55762 -0.904214
28.24 0 0.992666 0.78268 -1.40944
28.26 0 -0.968605 -2.85627 -3.55361
28.28 0 -1.67182 -4.09395 -3.97934
28.3 0 -0.738702 -2.02631 -2.59751
28.32 0 -0.483793 -0.369459 -1.86377
28.34 0 0.205914 0.673728 -0.522403
28.36 0 1.76389 2.01736 2.13946
28.38 0 0.464717 1.3709 2.58132
28.4 0 -1.8832 -0.586552 1.17498
28.42 0 -0.518748 0.216745 2.51007
28.44 0 0.991806 1.44203 3.3591
28.46 0 0.627377 1.54099 2.12762
28.48 0 0.53898 1.57953 1.01952
28.5 0 0.044792 0.129496 -0.574188
28.52 0 1.58813 0.656141 0.157594
28.54 0 2.74215 2.18956 1.29474
28.56 0 1.11017 1.88512 0.4728
28.58 0 -0.114001 0.98047 0.302202
28.6 0 0.177698 0.369628 1.43509
28.62 0 0.913458 0.834137 2.83479
28.64 0 0.977247 1.96326 3.61128
28.66 0 -1.01522 0.963549 2.0313
28.68 0 -0.56473 0.753641 2.04787
28.7 0 1.71101 1.8208 3.29293
28.72 0 3.11625 3.44516 3.90364
28.74 0 1.90255 3.43711 2.4479
28.76 0 -0.212632 1.20116 0.0162587
28.78 0 0.0995859 -0.591698 -0.311464
28.8 0 0.30843 -0.868281 0.0681158
28.82 0 0.986739 1.98528 1.99692
28.84 0 0.0824647 2.30726 2.07088
28.86 0 0.350548 0.567322 1.79464
28.88 0 1.40856 0.121037 1.90295
28.9 0 0.378055 0.495705 0.706548
28.92 0 -0.8175 0.612638 -0.544455
28.94 0 -0.562831 -0.174168 -0.731292
28.96 0 1.18825 -0.0859096 0.865206
28.98 0 -0.186779 -1.12667 -0.147222
29 0 -2.96825 -2.58149 -2.57335
29.02 0 -3.20869 -2.94269 -3.24288
29.04 0 -1.59567 -3.01305 -2.80688
29.06 0 -0.0935795 -2.38882 -2.3233
29.08 0 -0.790253 -2.0827 -3.51917
29.1 0 -1.40146 -1.61205 -4.46455
29.12 0 -0.750358 -1.51354 -4.28888
29.14 0 -0.240106 -2.36776 -4.13676
29.16 0 -0.358123 -2.76443 -4.06868
29.18 0 -0.996785 -2.26215 -3.9776
29.2 0 -1.06638 -1.25405 -3.18082
29.22 0 -1.28768 -1.62315 -2.73586
29.24 0 -1.46799 -2.66373 -2.46932
29.26 0 -1.97026 -3.45927 -2.51213
29.28 0 -3.0885 -4.01976 -3.3241
29.3 0 -3.79347 -4.38434 -4.33021
29.32 0 -2.74537 -3.93074 -4.33274
29.34 0 -0.0922098 -1.87728 -2.9826
29.36 0 2.04116 0.820244 -1.55566
29.38 0 2.20654 2.21767 -0.869577
29.4 0 1.48396 1.83182 0.250711
29.42 0 0.0479965 0.00538462 1.73059
29.44 0 -2.00829 -2.58056 1.09642
29.46 0 -3.23934 -2.73054 0.0642229
29.48 0 -2.21993 0.312869 0.772344
29.5 0 0.227137 1.3633 1.63479
29.52 0 0.721718 -0.278791 0.257738
29.54 0 2.27201 0.942347 0.288488
29.56 0 3.78828 4.01572 1.25831
29.58 0 3.94012 5.56107 1.9054
29.6 0 3.46128 4.92592 2.69298
29.62 0 1.59427 2.00972 2.46738
29.64 0 0.3673 0.471483 2.96458
29.66 0 -0.616066 0.393402 3.66884
29.68 0 -2.47943 -0.492945 2.81294
29.7 0 -1.82953 -0.134578 3.30201
29.72 0 1.71907 2.66565 5.87947
29.74 0 2.57685 3.88895 5.75224
29.76 0 0.229907 2.25359 2.48041
29.78 0 0.335864 1.6152 1.31508
29.8 0 2.42189 2.10904 2.06367
29.82 0 3.16482 2.58143 2.16444
29.84 0 3.30792 4.13878 2.65263
29.86 0 4.08232 6.33765 4.51525
29.88 0 2.40925 4.65737 4.29211
29.9 0 -0.116111 0.860056 3.18084
29.92 0 0.118806 0.32945 4.63139
29.94 0 1.32496 2.71746 6.913
29.96 0 -0.201264 3.13188 5.92517
29.98 0 -2.98538 0.080933 2.26514
30 0 -0.676977 -0.572608 2.16289
30.02 0 2.64919 1.34239 1.71606
30.04 0 3.30771 3.06949 -1.99065
30.06 0 2.62266 2.94086 -4.21598
30.08 0 0.350944 0.0144454 -4.1907
30.1 0 1.79731 -2.70298 -1.54105
30.12 0 0.600438 -2.01622 -0.144227
30.14 0 -3.44943 -1.27776 -1.23919
30.16 0 -6.13974 -2.98187 -2.29849
30.18 0 -4.92586 -5.60427 -1.76949
30.2 0 -2.4215 -6.20216 -1.14851
30.22 0 -1.25648 -3.4043 -1.69845
30.24 0 -2.30451 -1.23479 -4.09865
30.26 0 -2.76343 -1.99005 -6.69803
30.28 0 -1.49058 -4.80501 -8.14673
30.3 0 1.212 -4.80641 -7.35403
30.32 0 4.51329 0.983228 -3.84697
30.34 0 2.78204 4.06605 -3.46358
30.36 0 -1.12333 1.07007 -4.88823
30.38 0 -1.11185 -2.70172 -2.84308
30.4 0 -1.56473 -5.72596 -1.09772
30.42 0 -5.59767 -7.41502 -2.68089
30.44 0 -7.08911 -5.28173 -2.78697
30.46 0 -3.9276 -1.83272 -0.405448
30.48 0 -0.76043 -1.33539 0.344532
30.5 0 0.639127 -1.62855 -0.846157
30.52 0 0.921401 -0.363968 -2.42746
30.54 0 -0.849305 -0.879179 -5.50391
30.56 0 -1.49987 -2.68436 -7.34828
30.58 0 -0.377711 -4.1978 -7.16684
30.6 0 0.753967 -3.31036 -5.53007
30.62 0 2.2345 0.24662 -1.46008
30.64 0 0.781317 1.82627 1.14996
30.66 0 -1.92022 1.22722 2.47578
30.68 0 -1.40723 2.20662 5.217
30.7 0 -0.31179 1.00237 6.08203
30.72 0 -1.10429 -1.15083 4.15001
30.74 0 -0.352117 0.446286 3.3355
30.76 0 1.56445 3.6183 3.31599
30.78 0 2.86948 4.54579 2.56563
30.8 0 3.46882 3.57675 1.53378
30.82 0 4.62578 3.86786 2.13218
30.84 0 5.06148 5.44594 3.40021
30.86 0 3.10592 5.28824 3.38734
30.88 0 1.97372 4.50572 4.50284
30.9 0 2.46393 4.11245 7.16025
30.92 0 0.973842 2.54871 7.78633
30.94 0 -1.45564 1.21066 7.03908
30.96 0 -2.32448 0.985318 6.62875
30.98 0 -2.03978 0.401222 5.74244
31 0 -0.0937253 0.96069 5.27461
31.02 0 1.95779 2.61254 4.47021
31.04 0 2.9232 4.24422 2.32503
31.06 0 3.20605 4.34665 -0.122609
31.08 0 3.68459 3.18856 -2.55353
31.1 0 3.96063 1.25106 -3.47246
31.12 0 3.19564 0.0897334 -3.16972
31.14 0 0.400594 -0.254368 -2.32001
31.16 0 -4.75668 -2.06577 -1.89008
31.18 0 -6.84053 -5.3135 -0.313179
31.2 0 -4.63355 -7.71652 0.494559
31.22 0 -4.26541 -6.76627 -2.44413
31.24 0 -4.10246 -3.49828 -6.22073
31.26 0 -1.92081 -2.37984 -7.9652
31.28 0 0.86629 -3.58538 -8.57107
31.3 0 2.23947 -3.58401 -8.55826
31.32 0 1.12183 -2.04022 -8.64025
31.34 0 -1.30591 -1.52231 -8.32171
31.36 0 -1.42051 -2.30185 -4.97608
31.38 0 -0.00410751 -2.54387 1.54067
31.4 0 -2.24215 -2.26007 4.33766
31.42 0 -6.15498 -2.08453 2.83343
31.44 0 -4.69223 -2.03752 1.69116
31.46 0 -1.55609 -2.40576 0.289447
31.48 0 0.573075 -1.05404 -1.56361
31.5 0 2.46623 1.79213 -2.836
31.52 0 3.89382 3.46435 -2.86077
31.54 0 5.43821 4.22166 -0.550847
31.56 0 5.41346 4.70972 2.35223
31.58 0 4.11993 5.94937 4.76005
31.6 0 0.91324 4.51566 5.6539
31.62 0 -3.41348 -0.578082 4.23531
31.64 0 -3.94422 -3.3907 4.75941
31.66 0 -1.10331 -0.89096 7.39591
31.68 0 0.0326994 2.72019 7.59676
31.7 0 -1.46793 2.81617 4.02103
31.72 0 0.55435 2.68633 2.3882
31.74 0 4.2206 2.75577 2.15349
31.76 0 5.08325 2.91927 0.625516
31.78 0 6.25932 6.889 1.05974
31.8 0 6.0484 8.38215 2.10944
31.82 0 4.31594 5.51222 3.28438
31.84 0 2.41395 2.42414 5.46419
31.86 0 -0.0834686 1.76845 7.42482
31.88 0 -3.91689 3.40026 9.82387
31.9 0 -1.62689 1.92074 10.7555
31.92 0 0.0717794 0.27415 7.39744
31.94 0 0.427531 1.32954 2.16815
31.96 0 1.75227 2.43442 0.365465
31.98 0 3.08413 2.81895 -0.255528
32 0 3.10377 2.27974 -0.644335
32.02 0 1.16539 0.533905 -1.90405
32.04 0 -3.74907 -4.52901 -5.82194
32.06 0 -7.53338 -9.92728 -9.33722
32.08 0 -6.49789 -10.8319 -9.09926
32.1 0 -3.08623 -7.181 -6.88948
32.12 0 -1.6826 -3.36111 -6.53417
32.14 0 -1.20131 -1.40815 -7.08425
32.16 0 -0.241581 -1.86091 -7.22046
32.18 0 -0.888318 -4.97415 -8.52328
32.2 0 -0.423361 -4.94465 -7.673
32.22 0 -1.28612 -3.69167 -7.10327
32.24 0 -4.43182 -5.05237 -8.66741
32.26 0 -4.55764 -6.16592 -7.98889
32.28 0 -4.90523 -8.74889 -8.28215
32.3 0 -4.85115 -9.16533 -8.43394
32.32 0 -3.77795 -6.33017 -7.67239
32.34 0 -2.73859 -3.6462 -7.24928
32.36 0 -0.218678 -1.4467 -5.60417
32.38 0 2.08127 -0.273268 -3.73532
32.4 0 2.30691 0.191138 -2.72941
32.42 0 1.3483 0.974678 -1.60954
32.44 0 -0.912475 -0.0478982 -0.822072
32.46 0 -2.86979 -2.59736 0.794179
32.48 0 -4.44925 -4.96226 4.18475
32.5 0 -7.61698 -5.57451 3.5147
32.52 0 -3.06685 -1.55835 3.36725
32.54 0 2.58126 5.77231 4.32285
32.56 0 5.05901 7.05761 2.89173
32.58 0 6.20987 5.32668 0.977719
32.6 0 5.75397 3.42834 -0.460206
32.62 0 2.20165 1.02573 -2.88698
32.64 0 -0.207723 0.0373695 -3.52922
32.66 0 1.23932 1.41614 -0.230435
32.68 0 3.97116 4.01846 4.7155
32.7 0 2.73462 4.33773 6.39284
32.72 0 -1.34284 2.03229 5.17048
32.74 0 -2.48893 0.573584 5.64574
32.76 0 -0.406381 1.12594 7.95566
32.78 0 0.205316 1.61867 8.0379
32.8 0 -1.25562 1.38977 5.40976
32.82 0 -0.346696 2.46334 4.16159
32.84 0 2.01958 2.85181 3.66557
32.86 0 4.13978 4.006 3.27863
32.88 0 6.57266 7.25898 4.45229
32.9 0 7.98228 10.4622 6.20837
32.92 0 6.88587 10.189 6.86352
32.94 0 4.20696 6.69159 6.8399
32.96 0 0.102195 1.34205 5.69449
32.98 0 -5.07089 -4.31335 2.90014
33 0 -3.84723 -2.59906 5.12478
33.02 0 -0.8241 1.68917 7.71886
33.04 0 -1.78591 1.45481 5.01634
33.06 0 0.116851 2.16249 3.95902
33.08 0 4.46683 4.71939 5.03456
33.1 0 4.93941 5.02899 3.14192
33.12 0 4.51985 5.6439 1.60695
33.14 0 5.34661 6.79824 2.35756
33.16 0 4.59543 5.43954 2.31524
33.18 0 2.7422 2.70725 2.08945
33.2 0 -0.209677 -0.290842 1.41718
33.22 0 -1.63793 -1.00807 1.60376
33.24 0 -3.86645 0.208346 1.85552
33.26 0 -1.45582 -1.78914 1.28989
33.28 0 -1.17664 -4.50513 -1.63679
33.3 0 -2.48099 -5.01437 -4.09503
33.32 0 -3.3571 -3.54216 -5.70906
33.34 0 -1.22899 -1.06798 -4.28973
33.36 0 1.86469 0.46105 -1.98673
33.38 0 -1.03998 -3.48689 -5.05576
33.4 0 -4.11846 -6.56371 -7.91441
33.42 0 -5.63751 -8.21813 -9.55496
33.44 0 -4.98812 -8.26874 -9.6671
33.46 0 -0.950745 -4.3622 -6.52827
33.48 0 2.01257 0.116348 -3.77076
33.5 0 1.44779 1.48072 -3.63629
33.52 0 1.08758 1.32301 -2.80134
33.54 0 0.803631 -0.243924 -1.55459
33.56 0 -1.10206 -2.76232 -1.52853
33.58 0 -3.80674 -4.6189 -2.30138
33.6 0 -8.25301 -8.53247 -5.88835
33.62 0 -7.29393 -8.77852 -5.94831
33.64 0 -1.42692 -4.04096 -2.32242
33.66 0 0.767868 -0.753944 -2.25979
33.68 0 -1.22896 -1.21871 -6.01988
33.7 0 -0.664551 -1.678 -7.25104
33.72 0 2.58984 -0.854164 -5.29644
33.74 0 3.69369 0.132556 -3.83535
33.76 0 2.39694 1.56983 -2.90974
33.78 0 -0.469806 0.878764 -2.74696
33.8 0 -1.44305 -0.880977 -0.989993
33.82 0 -1.66731 -2.89347 1.14707
33.84 0 -3.79652 -4.8788 1.22761
33.86 0 -5.09603 -3.8979 1.39094
33.88 0 -4.19572 -1.68358 1.83644
33.9 0 -2.43853 -1.24829 1.26141
33.92 0 -0.388564 -1.31739 0.0263764
33.94 0 1.38992 -0.103364 -1.47042
33.96 0 1.76043 0.794124 -3.57919
33.98 0 4.16802 0.672723 -4.73626
34 0 2.78557 2.13392 -3.95953
34.02 0 0.667973 1.84231 -1.10782
34.04 0 -1.12011 -0.67761 0.863609
34.06 0 -2.70853 -2.67768 0.913173
34.08 0 -4.20784 -4.32215 -0.136327
34.1 0 -2.8476 -2.69461 0.275745
34.12 0 1.26571 1.66571 2.63621
34.14 0 2.16052 3.03301 1.82051
34.16 0 3.06951 3.98224 1.40337
34.18 0 6.17757 6.83138 4.0098
34.2 0 7.56998 8.81628 6.38493
34.22 0 7.4316 10.3262 8.84728
34.24 0 7.0704 11.6258 12.2722
34.26 0 6.42132 11.8685 15.9801
34.28 0 4.11806 9.96523 18.0165
34.3 0 -0.361891 5.65568 16.9694
34.32 0 -4.42635 1.09609 14.2765
34.34 0 -6.62185 -2.59637 10.5224
34.36 0 -8.48352 -6.742 3.91645
34.38 0 -5.33679 -5.94365 -0.383906
34.4 0 1.18968 -0.563222 -2.87641
34.42 0 3.80286 2.78262 -11.1006
34.44 0 8.1997 4.17651 -17.3395
34.46 0 10.8003 -0.0082448 -18.2962
34.48 0 10.4133 0.130144 -13.4992
34.5 0 7.83613 5.40691 -2.04622
34.52 0 0.713437 7.11923 7.49555
34.54 0 -8.3746 5.69519 13.7544
34.56 0 -7.94276 -2.51397 19.5902
34.58 0 -6.27922 -7.86724 21.703
34.6 0 -8.96159 -6.22813 15.7546
34.62 0 -10.7567 0.0599006 1.40493
34.64 0 -4.58855 0.859633 -8.35229
34.66 0 6.95542 -3.88983 -10.062
34.68 0 12.0524 -4.13434 -12.4998
34.7 0 5.81222 -0.306968 -19.0755
34.72 0 0.504088 3.52739 -21.1956
34.74 0 3.80736 3.03013 -14.2319
34.76 0 6.42861 -2.75879 -6.18838
34.78 0 2.44303 -5.39375 -0.896445
34.8 0 -5.14965 -2.09142 3.00617
34.82 0 -12.2692 -2.22253 5.04374
34.84 0 -11.7319 -5.67745 9.06179
34.86 0 -6.21442 -7.28181 12.7851
34.88 0 -4.59247 -5.05316 9.63464
34.9 0 -5.27609 -0.88761 2.76658
34.92 0 -1.71031 2.45097 -1.77836
34.94 0 3.96926 1.71275 -5.19321
34.96 0 6.06328 -1.77336 -10.2997
34.98 0 6.80444 -0.370885 -12.7685
35 0 5.63903 2.85858 -13.2281
35.02 0 2.36778 1.34525 -13.3528
35.04 0 1.34541 -2.19918 -9.82812
35.06 0 0.773199 -4.44212 -4.30998
35.08 0 -2.89 -4.79547 -0.526209
35.1 0 -7.74909 -4.48072 1.63328
35.12 0 -10.3362 -5.81817 3.37532
35.14 0 -8.9591 -7.67556 5.26666
35.16 0 -6.64626 -7.14922 4.23564
35.18 0 -4.81499 -4.12325 -0.00434313
35.2 0 -0.899193 -0.32083 -3.24948
35.22 0 3.69452 1.87562 -5.96174
35.24 0 7.38565 2.39149 -8.11975
35.26 0 10.6251 3.25769 -9.04488
35.28 0 6.8629 6.3658 -8.26352
35.3 0 3.85136 6.87432 -0.850357
35.32 0 2.25817 3.11012 9.66593
35.34 0 -1.74276 1.25074 13.1456
35.36 0 -7.37109 -0.784041 12.0719
35.38 0 -8.17057 -1.87767 11.3516
35.4 0 -5.9541 -3.25793 9.4933
35.42 0 -4.28534 -4.46517 4.47534
35.44 0 0.0287849 -0.318256 0.796582
35.46 0 4.90519 5.41605 -2.45504
35.48 0 7.78213 7.75498 -7.00877
35.5 0 10.4523 6.03799 -7.91756
35.52 0 11.807 4.99923 -4.0819
35.54 0 7.07726 4.99111 -1.53465
35.56 0 -0.135565 4.33676 0.312435
35.58 0 -3.32464 1.98635 4.45726
35.6 0 -2.25226 -0.702144 10.568
35.62 0 -2.17227 -1.51603 14.2422
35.64 0 -5.52939 -0.739865 12.9693
35.66 0 -7.67765 0.147385 9.7009
35.68 0 -4.09621 0.800961 8.11933
35.7 0 1.3002 0.657357 5.91873
35.72 0 2.89597 0.197925 -0.455907
35.74 0 4.9957 4.61733 -6.22598
35.76 0 9.70777 9.69137 -8.43007
35.78 0 12.3106 7.21456 -7.40305
35.8 0 10.3118 3.30697 -3.50248
35.82 0 3.69679 2.32066 1.73393
35.84 0 -5.72028 2.08443 5.1311
35.86 0 -11.0805 -0.624292 9.48525
35.88 0 -7.80658 -7.24286 13.1424
35.9 0 -5.8165 -9.56631 11.2203
35.92 0 -6.87058 -3.82029 0.956262
35.94 0 -5.33463 0.684034 -8.3848
35.96 0 2.73009 -0.691837 -9.83859
35.98 0 9.71316 -2.14331 -9.37435
36 0 8.63341 0.210014 -11.0312
36.02 0 2.36634 2.99854 -13.3835
36.04 0 -0.185885 2.37853 -11.0835
36.06 0 2.06907 -1.10263 -3.98376
36.08 0 -0.00437809 -6.32763 0.261415
36.1 0 -6.92804 -8.13914 1.06279
36.12 0 -11.016 -5.44831 2.90787
36.14 0 -10.2133 -3.86342 4.56996
36.16 0 -6.62803 -5.39104 3.8512
36.18 0 -3.82106 -7.30433 -0.192179
36.2 0 -2.16145 -5.75346 -5.56083
36.22 0 -0.118676 -1.70205 -9.58859
36.24 0 3.28245 1.55871 -11.3323
36.26 0 6.86702 2.25601 -11.1662
36.28 0 8.14704 2.11083 -9.75357
36.3 0 5.75617 2.20215 -7.58336
36.32 0 0.278755 0.132025 -4.94966
36.34 0 -5.16564 -5.1519 2.15657
36.36 0 -8.36489 -5.67802 8.36277
36.38 0 -8.59099 -2.63619 10.9218
36.4 0 -3.79949 -0.278757 11.0845
36.42 0 0.321465 2.53747 8.90968
36.44 0 0.812912 3.41753 3.34557
36.46 0 3.84081 5.38373 -0.378055
36.48 0 8.16345 6.60467 -1.57196
36.5 0 8.18784 4.31441 -3.33533
36.52 0 6.45842 3.72643 -2.50584
36.54 0 3.30695 3.88586 -0.606517
36.56 0 0.0921067 3.03908 1.51186
36.58 0 -1.17509 0.990606 4.7133
36.6 0 -1.48511 -0.666247 7.48674
36.62 0 -2.99398 -1.31792 8.03935
36.64 0 -5.85572 -2.33642 5.50357
36.66 0 -5.09272 -1.88014 4.01364
36.68 0 -0.810488 -0.054991 3.91851
36.7 0 2.90111 2.03237 2.47105
36.72 0 5.28172 5.13297 0.504065
36.74 0 5.184 6.09341 -2.71312
36.76 0 5.25576 4.37146 -4.02636
36.78 0 6.49788 3.14471 -1.32583
36.8 0 5.17196 3.17751 1.94625
36.82 0 0.286974 2.96655 2.97694
36.84 0 -3.96181 0.836316 3.78225
36.86 0 -3.58357 -0.989865 6.94968
36.88 0 -3.02505 -2.27531 8.58454
36.9 0 -4.59135 -2.57002 6.60988
36.92 0 -4.53077 -1.67234 2.05373
36.94 0 -0.374796 0.311181 -3.6286
36.96 0 4.98988 0.649118 -6.1553
36.98 0 5.01575 -0.716152 -8.45404
37 0 2.27364 -0.167992 -9.29046
37.02 0 2.05539 1.08383 -6.7222
37.04 0 0.839877 -0.479522 -3.93445
37.06 0 -1.91272 -3.75889 -2.00825
37.08 0 -4.74767 -5.77951 0.214929
37.1 0 -7.27922 -5.82553 0.933165
37.12 0 -8.4604 -5.80485 -0.43842
37.14 0 -6.67365 -6.23416 -2.44677
37.16 0 -1.86086 -4.79117 -3.30343
37.18 0 2.64484 -1.03609 -3.42825
37.2 0 4.01603 2.6005 -5.07294
37.22 0 2.97894 2.97587 -7.29556
37.24 0 3.28223 1.45348 -6.62766
37.26 0 3.8739 0.146586 -3.4578
37.28 0 0.0174893 -2.68635 -1.68795
37.3 0 -5.73832 -4.78711 0.220938
37.32 0 -8.21717 -4.33812 2.46286
37.34 0 -6.37983 -3.65374 3.87669
37.36 0 -0.226585 -2.54343 3.70179
37.38 0 1.61776 1.77078 1.12331
37.4 0 3.27344 6.12304 -0.911828
37.42 0 5.60984 6.41097 -0.66412
37.44 0 6.36542 3.24035 0.340874
37.46 0 4.96779 2.53979 1.96191
37.48 0 1.98435 4.37795 3.47174
37.5 0 -0.548315 4.65166 4.71076
37.52 0 -1.34067 1.66605 6.13861
37.54 0 -0.717937 -0.804107 7.5676
37.56 0 -0.502819 -0.00583152 7.99144
37.58 0 -1.82169 1.87287 6.03363
37.6 0 -2.41866 1.92754 2.97598
37.62 0 0.401486 1.02358 1.5862
37.64 0 3.65547 1.0519 -0.293194
37.66 0 2.85844 0.379944 -5.0605
37.68 0 2.49682 0.876923 -7.14696
37.7 0 3.33171 1.34926 -5.17667
37.72 0 2.08538 -0.127252 -2.5586
37.74 0 -1.19022 -1.90432 -0.41366
37.76 0 -3.85801 -1.83403 1.80142
37.78 0 -4.86753 -1.2695 4.07246
37.8 0 -3.93272 -2.51118 4.42287
37.82 0 -2.01301 -3.11975 2.47871
37.84 0 -0.387846 -1.16109 -1.50851
37.86 0 2.34743 2.5915 -3.88902
37.88 0 5.5452 4.60704 -3.42879
37.9 0 6.07294 3.90498 -1.92629
37.92 0 1.56002 0.783017 -1.25347
37.94 0 -2.87861 -1.82374 0.618488
37.96 0 -4.54936 -4.13817 2.21179
37.98 0 -6.87216 -6.50155 0.277582
38 0 -6.18907 -5.631 -1.86291
38.02 0 -2.03477 -2.50957 -3.03629
38.04 0 3.1953 -0.548411 -4.51713
38.06 0 4.90444 1.40185 -6.13133
38.08 0 5.09995 4.55184 -4.86699
38.1 0 2.62984 3.60275 -2.63717
38.12 0 -0.723803 -1.01819 0.928149
38.14 0 -2.83434 -2.91373 5.03822
38.16 0 -6.22419 -4.24478 4.52278
38.18 0 -5.92132 -3.26053 3.20972
38.2 0 -0.612422 0.286468 3.10142
38.22 0 2.72116 3.35551 0.89566
38.24 0 3.39212 3.17968 -2.72291
38.26 0 3.87019 1.61596 -4.3119
38.28 0 5.01006 1.96936 -2.13496
38.3 0 4.19132 3.46097 1.15053
38.32 0 0.307237 2.80914 2.64369
38.34 0 -4.25725 -1.12533 2.08718
38.36 0 -4.1409 -2.89812 3.7242
38.38 0 -1.88425 -2.27813 5.41921
38.4 0 -1.15971 -0.298609 4.39298
38.42 0 -0.985478 2.15634 1.33617
38.44 0 0.281914 1.76366 -2.34993
38.46 0 4.67755 1.62036 -2.26332
38.48 0 7.13066 2.85032 -1.01351
38.5 0 4.59405 4.04767 -0.885517
38.52 0 -0.0665299 3.24345 -0.218692
38.54 0 -3.07703 0.575541 3.03918
38.56 0 -2.24289 -2.42516 6.63479
38.58 0 -3.01594 -4.34958 5.51883
38.6 0 -4.07631 -1.77171 1.74133
38.62 0 -2.00605 1.61855 -1.34577
38.64 0 2.5122 1.68239 -2.21242
38.66 0 5.54599 0.453293 -2.43253
38.68 0 4.46279 0.922007 -3.40975
38.7 0 1.80063 2.90699 -3.47652
38.72 0 0.454261 2.9495 -1.59278
38.74 0 -0.0404471 -0.522429 0.955297
38.76 0 -1.98437 -4.41303 2.21332
38.78 0 -4.98927 -4.70658 1.55217
38.8 0 -7.56485 -4.27862 -1.03604
38.82 0 -5.91837 -4.29884 -2.54647
38.84 0 -0.514973 -3.43473 -1.48088
38.86 0 3.35561 -0.565809 -1.31283
38.88 0 2.80092 2.1574 -3.75043
38.9 0 0.601974 1.81358 -6.63762
38.92 0 0.635448 -0.755258 -6.94892
38.94 0 0.294208 -4.72594 -6.68057
38.96 0 -1.96094 -6.68822 -6.81787
38.98 0 -3.49829 -4.42933 -5.47793
39 0 -3.18062 -1.5147 -2.14552
39.02 0 -1.79034 -1.15696 1.41438
39.04 0 -2.04184 -2.52578 2.8008
39.06 0 -2.79069 -1.95863 2.16303
39.08 0 0.0307307 1.05575 2.18841
39.1 0 2.84307 2.78891 0.968399
39.12 0 1.87793 2.999 -0.941444
39.14 0 3.57543 3.68948 0.937806
39.16 0 4.50573 3.72147 3.20832
39.18 0 2.00526 2.61871 3.09502
39.2 0 -1.28486 1.23281 2.14105
39.22 0 -2.18502 -0.137417 2.16533
39.24 0 -0.356441 -0.250694 3.76377
39.26 0 0.386483 0.161095 3.87753
39.28 0 -0.853524 0.399865 1.8177
39.3 0 -0.118381 1.76889 1.18614
39.32 0 3.61619 4.40265 3.29283
39.34 0 4.46617 4.33603 3.22346
39.36 0 2.53857 2.81567 1.51531
39.38 0 1.47504 2.46133 1.38698
39.4 0 0.0489879 0.892856 1.02987
39.42 0 -0.242646 -0.111363 1.63549
39.44 0 1.11006 1.32766 3.74513
39.46 0 1.10397 2.67933 4.50544
39.48 0 -0.601932 1.92876 3.03407
39.5 0 -1.35298 0.107797 1.36338
39.52 0 -0.703525 -1.49862 0.151372
39.54 0 0.0553201 -1.75389 -1.7039
39.56 0 0.323392 -0.530468 -3.25088
39.58 0 0.852272 1.04211 -3.15457
39.6 0 0.950273 0.648902 -2.09411
39.62 0 -0.241142 -1.86611 -1.66112
39.64 0 -1.3138 -3.17205 -1.27119
39.66 0 -1.60491 -1.86075 -0.664716
39.68 0 -2.08159 -0.760391 -0.899313
39.7 0 -1.56122 -0.961674 -1.06457
39.72 0 0.981633 -0.0718937 0.534515
39.74 0 2.43386 1.52594 1.56772
39.76 0 1.3142 2.22318 0.813008
39.78 0 0.0893144 1.68356 0.185594
39.8 0 0.464164 0.642136 0.96197
39.82 0 0.636524 -0.302801 1.56169
39.84 0 0.183195 0.217275 1.70447
39.86 0 -1.01961 0.561877 0.895965
39.88 0 -2.01376 -0.829622 -0.324388
39.9 0 -1.26207 -1.98567 -0.449513
39.92 0 -0.178494 -1.81399 -0.408072
39.94 0 -0.609247 -1.21669 -1.64647
39.96 0 -2.59875 -2.40032 -4.54929
39.98 0 -2.28338 -3.4333 -5.61539
40 0 -0.441451 -3.58053 -5.15833
40.02 0 -0.152272 -3.29969 -5.46065
40.04 0 -1.23474 -2.68662 -6.32281
40.06 0 -2.46953 -3.22159 -7.12962
40.08 0 -1.20934 -3.1887 -5.48468
40.1 0 0.235694 -2.53686 -3.24049
40.12 0 -0.441433 -1.7321 -2.32711
40.14 0 -1.29185 -0.607144 -0.617271
40.16 0 -2.21525 -1.17955 0.753052
40.18 0 -2.43392 -1.87273 2.22291
40.2 0 -0.985264 -0.0925296 3.65592
40.22 0 1.84068 1.6138 3.37916
40.24 0 2.24037 3.50507 1.64916
40.26 0 1.04374 3.59172 0.0945912
40.28 0 1.2471 1.19922 0.044396
40.3 0 2.14263 -0.165064 1.00904
40.32 0 1.87976 1.17343 1.92749
40.34 0 1.09244 3.69672 2.80435
40.36 0 0.974084 4.4248 3.62901
40.38 0 1.16876 2.30373 4.06674
40.4 0 0.871279 0.101408 3.90732
40.42 0 -0.244997 -0.0793875 3.09788
40.44 0 -1.24757 0.912859 2.06299
40.46 0 -1.32044 0.726284 0.987829
40.48 0 0.511216 0.324237 1.04353
40.5 0 3.52135 2.16824 2.59467
40.52 0 3.17652 3.3714 1.90951
40.54 0 0.810906 2.75921 -0.203732
40.56 0 0.611279 1.52681 -0.0881461
40.58 0 2.03237 0.859247 1.86773
40.6 0 1.74009 0.988301 2.77215
40.62 0 -0.485664 1.18623 2.13998
40.64 0 -1.93561 0.799952 1.54828
40.66 0 -1.02325 -0.133687 2.00857
40.68 0 1.33642 0.488801 3.2211
40.7 0 1.96184 1.96217 2.71892
40.72 0 -0.0520606 1.73702 -0.414665
40.74 0 -1.92609 -0.606718 -2.88068
40.76 0 0.0853814 -1.83109 -1.71469
40.78 0 1.4505 -1.59303 -0.610824
40.8 0 0.678369 0.044722 -0.941671
40.82 0 -0.737539 0.648941 -1.74458
40.84 0 -1.24951 -0.580541 -1.80237
40.86 0 0.666964 -0.748002 0.374454
40.88 0 -0.219615 -1.66768 0.0196667
40.9 0 -2.9077 -2.62825 -2.21956
40.92 0 -2.8049 -2.03012 -2.44398
40.94 0 -0.19427 -0.860382 -0.828921
40.96 0 1.22029 -0.339152 -0.149078
40.98 0 0.447241 -0.0799232 -0.974904
41 0 -1.25837 -0.699175 -2.51376
41.02 0 -1.02502 -1.15168 -2.39131
41.04 0 -0.774181 -2.40656 -2.39965
41.06 0 -2.17573 -4.22995 -3.92302
41.08 0 -1.2887 -2.41867 -3.05075
41.1 0 -0.431378 -0.506805 -2.21191
41.12 0 -0.939157 -1.07066 -2.8334
41.14 0 -0.0284215 -1.12039 -2.04321
41.16 0 0.547757 -0.777606 -1.11183
41.18 0 -0.823525 -1.37002 -1.48614
41.2 0 -1.70443 -1.48172 -1.39239
41.22 0 -1.35683 -1.24141 -0.587202
41.24 0 -0.706027 -1.05079 0.228553
41.26 0 -0.334456 -0.362789 0.616395
41.28 0 1.22129 2.02248 1.91239
41.3 0 1.8699 2.19849 1.58559
41.32 0 0.715427 0.473939 -0.217286
41.34 0 0.871657 0.712346 0.0660602
41.36 0 1.28038 1.83138 1.38495
41.38 0 1.51196 2.70512 2.94041
41.4 0 1.5728 3.19636 4.41986
41.42 0 0.511013 2.23502 4.31927
41.44 0 -0.427267 0.95305 3.63905
41.46 0 -1.30472 -0.504049 2.09468
41.48 0 -0.849522 -0.596991 0.940688
41.5 0 0.660541 0.702025 0.180119
41.52 0 1.0419 0.731872 -1.47602
41.54 0 2.89477 2.09541 -0.690595
41.56 0 4.70569 4.17108 1.73773
41.58 0 2.34335 3.34385 1.97269
41.6 0 -2.94939 -0.497549 0.510519
41.62 0 -4.78255 -4.15577 0.487996
41.64 0 -2.97676 -4.85187 1.14216
41.66 0 -1.6573 -2.87499 -0.483425
41.68 0 -0.799535 -0.214172 -3.394
41.7 0 1.66456 1.36695 -4.42789
41.72 0 4.3479 1.83355 -3.11994
41.74 0 3.99925 2.01742 -1.31652
41.76 0 -1.07574 -0.428417 -1.53016
41.78 0 -3.72316 -2.47413 -0.0244051
41.8 0 -2.99912 -2.92304 2.61961
41.82 0 -2.99118 -3.10837 2.15402
41.84 0 -2.42755 -1.69209 0.117668
41.86 0 -0.180186 -0.161603 -2.04233
41.88 0 2.75891 1.40738 -2.80513
41.9 0 3.24673 1.37677 -3.55011
41.92 0 2.33807 1.13821 -2.84838
41.94 0 2.4166 2.39204 0.851533
41.96 0 0.449492 2.0881 3.65915
41.98 0 -3.39411 -0.82597 3.47504
42 0 -4.17213 -2.94749 3.37361
42.02 0 -1.54609 -1.82881 3.86261
42.04 0 0.766604 1.30837 2.73825
42.06 0 1.26343 3.32667 -0.442468
42.08 0 2.18994 2.5607 -2.44624
42.1 0 4.67374 1.82663 -1.23372
42.12 0 4.07386 1.28007 -0.382804
42.14 0 -0.528158 0.605614 -0.926603
42.16 0 -3.56071 -0.117249 0.426206
42.18 0 -2.51071 -1.66815 3.25155
42.2 0 -1.60229 -3.13635 3.55557
42.22 0 -2.19199 -2.32927 0.770643
42.24 0 -1.289 0.292331 -1.91075
42.26 0 1.79313 1.69979 -2.90365
42.28 0 3.15854 0.231057 -3.8998
42.3 0 3.2147 0.469484 -2.97462
42.32 0 2.11823 2.59197 -0.133086
42.34 0 -1.12393 1.2919 1.32047
42.36 0 -2.66576 -1.6112 2.88067
42.38 0 -2.08713 -2.52131 4.22301
42.4 0 -2.23534 -1.28001 3.05888
42.42 0 -3.30596 -1.03115 -0.896538
42.44 0 -0.655551 -0.895063 -2.96387
42.46 0 3.97567 0.0855051 -2.67107
42.48 0 3.89084 0.926964 -3.8285
42.5 0 1.9769 2.73901 -3.51248
42.52 0 0.568714 2.14697 -1.27741
42.54 0 -0.0361856 -0.931885 2.05835
42.56 0 -0.996522 -2.16349 4.33041
42.58 0 -4.69295 -2.5347 2.45812
42.6 0 -6.61633 -2.98901 -0.648798
42.62 0 -4.42246 -4.36814 -2.8764
42.64 0 0.70451 -5.11478 -4.90248
42.66 0 3.67093 -1.92959 -6.8326
42.68 0 3.04051 3.21484 -7.63801
42.7 0 2.70726 4.70388 -5.29006
42.72 0 2.94655 0.947478 -0.163307
42.74 0 0.064875 -3.00488 3.02564
42.76 0 -4.09944 -2.30883 3.54217
42.78 0 -5.09794 0.777815 4.77776
42.8 0 -2.66542 1.21757 6.03362
42.82 0 0.160751 -0.34222 5.65529
42.84 0 1.60134 0.0396738 3.60083
42.86 0 1.82343 3.21563 0.673056
42.88 0 2.24079 4.79413 -1.93391
42.9 0 4.94371 4.15518 -1.27731
42.92 0 6.63998 2.89156 0.857525
42.94 0 3.6061 2.18796 1.04227
42.96 0 -0.599554 2.32846 1.3773
42.98 0 -2.43134 1.61647 2.94965
43 0 -0.922814 0.390752 5.9984
43.02 0 0.588132 0.319341 8.05629
43.04 0 -1.33236 0.445826 6.0806
43.06 0 -2.21317 1.83922 3.61236
43.08 0 -0.1865 2.67562 1.54969
43.1 0 2.23856 0.460003 -1.53126
43.12 0 3.80728 -0.241491 -3.38812
43.14 0 2.08595 0.512161 -4.50043
43.16 0 -0.648818 -0.27709 -5.03783
43.18 0 -1.2233 -2.84107 -4.10725
43.2 0 -1.86508 -4.80852 -2.95365
43.22 0 -2.60144 -3.93862 -1.8362
43.24 0 -1.60874 -0.171815 0.429357
43.26 0 -1.38622 0.727615 0.854832
43.28 0 -2.48578 -2.42974 -1.15928
43.3 0 -2.28968 -4.54922 -2.62253
43.32 0 -2.28185 -4.70308 -4.42834
43.34 0 -3.3124 -4.86247 -7.08236
43.36 0 -1.77951 -3.35259 -7.31104
43.38 0 3.23804 1.01977 -3.47841
43.4 0 4.71908 3.17656 -1.4091
43.42 0 1.83101 1.75408 -1.5747
43.44 0 -1.06119 -0.537496 -0.209803
43.46 0 -2.14892 -1.64897 3.00068
43.48 0 -1.90307 -0.326592 5.90098
43.5 0 -2.77859 0.2759 5.21666
43.52 0 -1.88488 -0.0963249 2.76099
43.54 0 1.45151 0.454116 0.721107
43.56 0 4.30572 3.44127 -0.0511192
43.58 0 4.27544 4.97087 -0.939108
43.6 0 2.12077 2.27246 -1.99909
43.62 0 1.8809 0.44427 0.351202
43.64 0 1.39145 0.905946 3.58356
43.66 0 -2.00366 1.16222 4.02794
43.68 0 -3.70934 0.180417 3.8965
43.7 0 -1.36279 -0.634836 4.66448
43.72 0 0.474249 -0.911913 3.12896
43.74 0 -0.42607 -0.255197 -1.47356
43.76 0 0.884592 1.65309 -3.62477
43.78 0 3.59757 2.25639 -3.07044
43.8 0 3.44892 0.562854 -2.61285
43.82 0 0.631858 -0.457967 -1.84467
43.84 0 -2.01303 -0.505376 0.0445098
43.86 0 -3.00934 -1.64772 1.77662
43.88 0 -3.51196 -3.64848 1.59845
43.9 0 -1.17753 -1.47165 2.25055
43.92 0 1.19114 2.18812 1.89668
43.94 0 0.709204 1.9626 -1.38148
43.96 0 0.668524 -0.417637 -3.66418
43.98 0 2.51435 -0.529095 -2.52181
44 0 2.53123 1.10109 -0.812552
44.02 0 -0.773433 0.654224 -0.986555
44.04 0 -2.64798 -1.50178 -0.576325
44.06 0 -2.75401 -3.56545 0.2854
44.08 0 -2.94391 -4.07109 -0.200874
44.1 0 -3.27283 -3.16089 -2.18669
44.12 0 -1.34641 -1.82483 -3.69972
44.14 0 2.94281 0.600414 -2.95009
44.16 0 4.2034 2.50823 -2.28334
44.18 0 1.67131 1.82072 -2.52534
44.2 0 -0.145804 0.484694 -0.598109
44.22 0 -0.251966 -0.105284 3.02294
44.24 0 -1.29348 -0.327002 4.44772
44.26 0 -2.03347 0.22766 4.49079
44.28 0 -1.03107 1.42601 4.41293
44.3 0 -0.783819 0.725213 2.44809
44.32 0 -0.759204 -1.16299 -0.665827
44.34 0 1.26038 -0.41279 -2.09027
44.36 0 4.32961 2.92884 -1.08176
44.38 0 4.81486 4.72702 -0.331483
44.4 0 2.40937 2.97632 -0.320822
44.42 0 1.03621 1.24908 1.78503
44.44 0 0.40497 0.966908 4.37491
44.46 0 -2.55048 -0.310389 4.17459
44.48 0 -5.13381 -2.17666 2.58233
44.5 0 -3.67358 -3.10479 1.7123
44.52 0 -0.193968 -2.03222 0.29028
44.54 0 1.08102 -0.00716949 -3.27496
44.56 0 2.03696 1.70365 -5.57786
44.58 0 4.95091 3.16607 -3.62086
44.6 0 5.72661 3.02414 -0.618028
44.62 0 1.55261 2.31716 1.59533
44.64 0 -3.41239 0.540865 3.55251
44.66 0 -5.21706 -3.27275 4.38695
44.68 0 -4.14689 -4.6364 4.45416
44.7 0 -3.08601 -2.69588 1.80966
44.72 0 -0.984668 0.744223 -1.59259
44.74 0 2.78424 1.74095 -3.6905
44.76 0 4.68768 0.779657 -4.99003
44.78 0 4.01044 1.017 -5.03456
44.8 0 0.483695 0.33681 -5.20317
44.82 0 -1.50845 -2.02662 -3.44663
44.84 0 -1.95773 -3.48757 0.376621
44.86 0 -2.76778 -2.74168 3.09369
44.88 0 -4.10834 -1.07351 3.2504
44.9 0 -3.74992 -0.426175 2.15574
44.92 0 -0.828567 -0.56992 1.20957
44.94 0 1.80704 -0.753996 -0.77747
44.96 0 2.45212 -0.50041 -3.87999
44.98 0 2.4568 1.61993 -5.10423
45 0 3.35715 3.84463 -2.85175
45.02 0 1.69797 1.48384 -0.867317
45.04 0 -1.32239 -2.45415 0.944857
45.06 0 -3.21169 -3.04992 2.97571
45.08 0 -4.31308 -1.87373 3.24262
45.1 0 -3.13513 -0.804337 2.30953
45.12 0 -0.308024 -0.950861 0.0970751
45.14 0 1.50913 -0.396339 -2.57822
45.16 0 1.82799 0.989987 -4.37334
45.18 0 2.18589 1.27602 -4.29589
45.2 0 1.52847 -0.460385 -3.31889
45.22 0 0.66066 -1.09186 -0.960132
45.24 0 0.923073 1.57223 2.80589
45.26 0 -0.115022 3.02058 4.72463
45.28 0 -2.65661 0.597742 3.53038
45.3 0 -2.50354 -1.77291 3.15823
45.32 0 -0.44387 -1.44579 3.57971
45.34 0 -0.341177 -0.231493 1.71619
45.36 0 0.477111 2.61031 -0.0335405
45.38 0 3.90091 5.16432 0.902721
45.4 0 5.35881 4.14328 1.05462
45.42 0 3.87117 1.97617 0.431013
45.44 0 2.39154 2.66256 1.55705
45.46 0 0.31748 2.88233 2.79949
45.48 0 -2.0083 0.363773 2.98602
45.5 0 -2.02868 -1.49446 3.97787
45.52 0 -1.49897 -1.10021 4.53588
45.54 0 -2.19933 -0.32906 2.46529
45.56 0 -1.82841 -0.298516 -1.05074
45.58 0 0.575465 -0.942278 -3.52527
45.6 0 2.7489 -1.02522 -4.80415
45.62 0 3.39684 0.994846 -4.12541
45.64 0 1.95295 2.63796 -2.61514
45.66 0 -1.00854 -0.516353 -2.17389
45.68 0 -2.60136 -4.68152 -1.02638
45.7 0 -3.59287 -5.19593 -0.0218581
45.72 0 -3.71732 -2.32664 0.357563
45.74 0 -1.65963 1.03121 1.00634
45.76 0 -0.25349 0.194884 -0.328626
45.78 0 0.108986 -2.42051 -2.55165
45.8 0 1.20247 -1.62453 -3.07368
45.82 0 0.222942 -0.621001 -4.42751
45.84 0 -0.885907 -0.873426 -5.1569
45.86 0 1.17124 -0.116306 -2.19653
45.88 0 1.54808 -0.301746 0.312462
45.9 0 -1.86513 -1.7915 -0.103103
45.92 0 -3.05859 -1.19009 0.735694
45.94 0 -1.53766 -0.332539 2.19974
45.96 0 0.380364 -0.0662051 2.33738
45.98 0 1.30026 0.993227 1.25793
46 0 1.57818 2.81767 0.426368
46.02 0 1.73408 2.87446 0.16837
46.04 0 0.97826 0.537711 -0.144073
46.06 0 1.62186 0.478009 1.65822
46.08 0 1.11956 1.68063 2.86505
46.1 0 -1.33234 1.30434 2.00594
46.12 0 -1.49462 0.341392 2.0216
46.14 0 0.910261 0.501021 3.36801
46.16 0 1.50282 1.15139 2.77784
46.18 0 -0.350447 0.997568 -0.0792962
46.2 0 -0.281569 0.74314 -1.26542
46.22 0 1.72611 0.54995 -0.373468
46.24 0 2.45028 0.847547 0.494721
46.26 0 0.865409 1.72545 0.763697
46.28 0 -0.705811 1.50874 1.15162
46.3 0 -1.11756 -0.586075 1.48862
46.32 0 -1.48839 -2.88905 0.609632
46.34 0 -1.39864 -2.29697 -0.566133
46.36 0 -0.00669357 0.786616 -0.765033
46.38 0 0.268933 0.880339 -1.9322
46.4 0 -0.614417 -2.04918 -3.85856
46.42 0 0.166147 -2.74664 -3.47825
46.44 0 1.04927 -0.708993 -1.95389
46.46 0 -0.00255357 0.618372 -1.54939
46.48 0 -1.63035 -0.524835 -1.73302
46.5 0 -1.43024 -2.04121 -0.428951
46.52 0 -0.699642 -2.06122 1.02106
46.54 0 -1.04094 -0.685181 0.987863
46.56 0 -0.930628 1.05749 0.669648
46.58 0 0.213492 1.2991 0.619304
46.6 0 0.980924 -0.0930407 0.0478815
46.62 0 0.454924 -1.21016 -1.25162
46.64 0 -0.379295 -0.845056 -2.19925
46.66 0 -0.0714635 0.18267 -1.76256
46.68 0 0.572065 0.217043 -0.788246
46.7 0 0.122577 -0.771952 -0.48391
46.72 0 -0.290469 -0.544918 0.164682
46.74 0 0.208985 1.13474 1.63556
46.76 0 -0.0787932 1.26632 1.87479
46.78 0 -0.00188056 0.590852 1.79804
46.8 0 0.688057 0.693035 1.9886
46.82 0 0.43422 0.822969 1.22882
46.84 0 -0.127386 0.624201 0.112712
46.86 0 0.0088723 0.0712659 -0.470957
46.88 0 0.378056 -0.481186 -0.684399
46.9 0 0.578704 -0.127557 -0.526087
46.92 0 0.614176 0.931551 0.0634578
46.94 0 0.0477437 0.848431 0.290244
46.96 0 -0.841032 -0.720039 -0.0430076
46.98 0 -1.33775 -2.12027 -0.527157
47 0 -0.529976 -1.19917 -0.186904
47.02 0 -0.0275632 0.204338 -0.370252
47.04 0 0.106132 0.551161 -0.956714
47.06 0 1.55275 1.30404 0.139209
47.08 0 1.94312 1.57368 1.11512
47.1 0 0.574375 1.22527 1.26155
47.12 0 -0.536443 0.82315 1.68206
47.14 0 0.0625705 1.05779 3.06782
47.16 0 0.329406 0.986268 3.38002
47.18 0 -1.35585 -0.622827 0.970402
47.2 0 -1.64745 -1.52117 -1.11198
47.22 0 -0.831435 -2.11874 -2.83678
47.24 0 -0.172142 -2.39173 -4.46804
47.26 0 1.16055 -0.692808 -4.15801
47.28 0 1.58463 0.878068 -2.9735
47.3 0 1.34411 1.44898 -0.813727
47.32 0 0.706318 1.18601 1.88148
47.34 0 -1.36509 -0.538442 2.82783
47.36 0 -2.54326 -1.29055 3.12349
47.38 0 -2.73206 -1.51053 2.13817
47.4 0 -2.1996 -2.05973 -0.399068
47.42 0 0.395333 -1.06072 -2.10457
47.44 0 2.55786 0.985886 -3.06252
47.46 0 2.40003 1.53827 -4.03029
47.48 0 1.10505 0.231738 -3.90032
47.5 0 0.770756 -0.490685 -1.21937
47.52 0 0.755946 0.645072 2.69987
47.54 0 -1.78438 0.51588 3.64044
47.56 0 -3.20792 -0.371929 3.48296
47.58 0 -1.57376 -0.747427 3.72985
47.6 0 -0.0552596 -0.629535 2.36531
47.62 0 -0.389404 -0.00806431 -1.0587
47.64 0 -0.0880243 0.265227 -3.72778
47.66 0 3.06587 1.34269 -2.65683
47.68 0 4.46818 1.7508 -1.16213
47.7 0 2.50576 1.7208 -0.541739
47.72 0 0.642793 2.41372 1.50691
47.74 0 -0.0631331 2.4101 4.20404
47.76 0 -1.46929 0.726874 5.49094
47.78 0 -3.06857 -1.73415 4.66557
47.8 0 -2.98358 -2.28352 3.1091
47.82 0 -0.306669 0.0845114 1.6298
47.84 0 2.41779 2.99319 -0.337239
47.86 0 3.56503 3.16464 -2.54323
47.88 0 3.81703 2.03001 -2.92221
47.9 0 2.81074 1.58973 -1.15914
47.92 0 0.36964 0.689393 0.814879
47.94 0 -2.16076 -1.86694 1.29072
47.96 0 -4.02261 -3.33953 1.02778
47.98 0 -3.42302 -2.3965 1.14381
48 0 -1.68548 -0.999681 0.523086
48.02 0 0.0880744 -0.172107 -0.529074
48.04 0 0.786244 -0.43704 -2.35849
48.06 0 0.935989 -0.841269 -3.70692
48.08 0 0.718235 -0.872164 -4.29476
48.1 0 0.340458 -0.794113 -4.11675
48.12 0 0.738975 -0.106993 -2.43405
48.14 0 -0.00479646 -0.692868 -1.18225
48.16 0 -1.86681 -2.25791 -0.784468
48.18 0 -2.66059 -2.4189 0.106742
48.2 0 -2.38245 -1.63461 1.02012
48.22 0 -1.78595 -0.943176 0.966962
48.24 0 -1.53913 -1.35503 -0.512053
48.26 0 -0.850136 -1.75281 -2.04706
48.28 0 0.737554 -0.755765 -2.5015
48.3 0 1.76508 0.578522 -2.62556
48.32 0 1.83711 1.07158 -2.66721
48.34 0 0.758182 -0.100329 -2.7187
48.36 0 -0.663909 -1.67868 -1.79619
48.38 0 -1.28602 -1.87488 -0.0387237
48.4 0 -1.5442 -0.989738 1.32917
48.42 0 -1.57534 -0.268781 1.57978
48.44 0 -0.32188 0.922672 2.10089
48.46 0 1.15434 2.37382 2.86576
48.48 0 1.91781 2.53091 2.69608
48.5 0 1.1074 1.27415 1.20917
48.52 0 1.00713 1.12595 0.766517
48.54 0 1.51666 1.83342 1.2871
48.56 0 0.752069 1.227 0.851534
48.58 0 0.617779 1.02093 1.20461
48.6 0 0.200213 0.497535 1.28064
48.62 0 -0.733582 -0.407053 0.651046
48.64 0 -0.237024 0.141604 1.10474
48.66 0 1.27237 1.8328 2.36134
48.68 0 1.03723 1.88191 1.88588
48.7 0 0.11431 0.793243 0.711811
48.72 0 0.0992877 0.0824875 0.353097
48.74 0 0.177472 -0.28044 0.106715
48.76 0 0.569442 0.439959 0.344044
48.78 0 0.845739 1.34197 0.673648
48.8 0 0.188421 0.740531 0.175351
48.82 0 -0.370305 -0.474206 -0.262599
48.84 0 -0.029087 -0.613096 0.137618
48.86 0 -0.24583 -0.467356 -0.0572492
48.88 0 -1.02177 -0.686422 -0.960299
48.9 0 -0.250497 -0.155378 -0.577862
48.92 0 1.33695 0.90898 0.686179
48.94 0 1.8213 1.70878 1.36552
48.96 0 0.719303 1.73919 1.216
48.98 0 -0.868712 0.534656 0.796071
49 0 -1.1612 -0.801243 1.05459
49.02 0 -1.13175 -1.85549 0.655437
49.04 0 -0.789191 -1.19966 -0.105426
49.06 0 0.203628 0.613781 -0.555971
49.08 0 1.12342 1.3854 -0.907992
49.1 0 1.18302 0.361985 -1.43523
49.12 0 0.19463 -1.15152 -1.97716
49.14 0 -0.370597 -1.36893 -1.62227
49.16 0 -1.40982 -1.67195 -1.7467
49.18 0 -1.69443 -1.59614 -1.4081
49.2 0 -0.772582 -0.946123 -0.343978
49.22 0 -1.6271 -2.12303 -1.46687
49.24 0 -2.06802 -2.75996 -2.58906
49.26 0 -0.472753 -1.27993 -1.91631
49.28 0 1.09554 0.334644 -1.11979
49.3 0 2.0684 1.63846 -0.268969
49.32 0 0.870068 1.10939 -0.450473
49.34 0 -0.540955 -0.246702 -0.346524
49.36 0 -0.838506 -0.97336 0.645184
49.38 0 -1.35463 -1.45332 0.764761
49.4 0 -0.994043 -0.628663 0.792696
49.42 0 -0.19672 0.297623 0.393354
49.44 0 0.6011 0.624156 -0.265168
49.46 0 1.55064 1.26424 -0.103688
49.48 0 1.93523 1.82654 0.48964
49.5 0 1.54388 2.08003 1.33056
49.52 0 0.658808 1.71016 2.18719
49.54 0 -0.728012 0.294212 2.26164
49.56 0 -1.90363 -1.33862 1.5117
49.58 0 -1.02432 -0.912186 1.45725
49.6 0 0.522922 0.82142 1.29171
49.62 0 1.25314 1.82286 0.289727
49.64 0 1.922 2.11152 -0.13394
49.66 0 1.90347 1.45217 -0.130498
49.68 0 0.845044 0.602614 0.132999
49.7 0 -0.605905 -0.0981383 0.553178
49.72 0 -1.07139 -0.378878 1.34778
49.74 0 -0.767229 -0.407038 1.80307
49.76 0 -0.39543 -0.0481755 1.47028
49.78 0 -0.67692 -0.321646 -0.176079
49.8 0 -0.599803 -0.916747 -1.85951
49.82 0 0.126774 -1.23878 -2.66455
49.84 0 0.267573 -1.44185 -3.23206
49.86 0 0.508423 -0.584463 -2.80359
49.88 0 0.327384 -0.043263 -2.07923
49.9 0 -0.510468 -0.718873 -1.5043
49.92 0 -1.04337 -1.51191 -0.455771
49.94 0 -1.3696 -1.51301 0.451627
49.96 0 -2.13275 -1.52914 0.138992
49.98 0 -2.21239 -1.55637 -0.599035
50 0 -0.677832 -0.962346 -0.636937
50.02 0 1.29802 -0.331798 -0.934146
50.04 0 0.956082 -0.358612 -2.67132
50.06 0 0.434675 0.0147011 -3.36647
50.08 0 0.821787 0.430787 -2.03846
50.1 0 1.43865 0.853119 0.525856
50.12 0 0.465282 0.891156 2.27807
50.14 0 -1.71216 0.00577722 2.38272
50.16 0 -1.00343 0.849664 3.76353
50.18 0 0.306617 1.3221 4.27817
50.2 0 0.0370963 0.717185 2.50722
50.22 0 -0.179038 0.720897 0.515694
50.24 0 0.764174 0.919985 -0.563186
50.26 0 2.56355 1.58455 -0.208604
50.28 0 2.5699 1.56484 -0.327578
50.3 0 0.942795 0.901114 -0.778387
50.32 0 0.944635 1.60014 1.08161
50.34 0 0.417167 1.50226 2.75913
50.36 0 -1.70251 -0.298995 2.47659
50.38 0 -2.15745 -1.14045 2.42619
50.4 0 -0.834955 -0.529432 2.32624
50.42 0 0.419335 0.644999 1.15253
50.44 0 1.16697 1.49253 -0.517288
50.46 0 1.50393 1.2493 -1.78344
50.48 0 1.41105 0.261105 -2.12351
50.5 0 0.684907 -0.618358 -1.74592
50.52 0 -0.163271 -0.655669 -0.753232
50.54 0 -0.564405 -0.495886 0.239598
50.56 0 -1.34909 -0.751937 0.435834
50.58 0 -1.73553 -1.20339 0.2181
50.6 0 -1.47282 -1.48659 -0.250965
50.62 0 -0.855411 -1.3762 -0.935632
50.64 0 -0.465811 -1.16241 -1.79357
50.66 0 -0.048528 -0.790609 -2.41276
50.68 0 0.317088 -0.584565 -2.64772
50.7 0 0.293679 -0.802779 -2.66481
50.72 0 0.442646 -0.53265 -1.84015
50.74 0 0.208762 -0.189369 -0.853327
50.76 0 -0.886306 -0.663686 -0.340201
50.78 0 -1.89661 -1.52846 -0.0628083
50.8 0 -2.46767 -2.39125 -0.291009
50.82 0 -1.86965 -2.04937 -0.410131
50.84 0 0.104718 -0.279167 -0.0864151
50.86 0 1.36735 0.602659 -0.936803
50.88 0 1.20727 0.4517 -2.37764
50.9 0 1.55176 1.03049 -1.8437
50.92 0 1.3567 1.20873 -0.341757
50.94 0 0.462836 0.748775 1.25407
50.96 0 -0.324189 0.662051 2.9147
50.98 0 -1.514 0.0700634 3.02703
51 0 -1.91671 -0.756512 2.28183
51.02 0 -0.913548 -0.328858 1.88794
51.04 0 1.04064 1.41702 1.90599
51.06 0 1.43315 1.83149 0.257995
51.08 0 1.2411 1.00221 -1.42414
51.1 0 2.52935 1.46432 -0.588931
51.12 0 2.6402 1.86356 0.487156
51.14 0 0.858345 1.40897 0.760937
51.16 0 -0.498589 0.849563 1.45911
51.18 0 -0.715187 0.30443 2.6111
51.2 0 -1.03499 -0.483134 2.83233
51.22 0 -1.33943 -0.601747 2.16902
51.24 0 -0.706469 0.252833 1.42294
51.26 0 0.396802 0.980029 0.246178
51.28 0 1.52638 0.98721 -0.787766
51.3 0 2.39211 1.12427 -1.09171
51.32 0 1.69772 1.21335 -1.10508
51.34 0 -0.0905253 0.4714 -0.907995
51.36 0 -1.3903 -0.861884 0.00671632
51.38 0 -1.51465 -1.9189 1.06267
51.4 0 -1.4213 -1.77204 1.17481
51.42 0 -1.57437 -0.945526 -0.0236014
51.44 0 -0.918401 -0.397209 -1.37311
51.46 0 0.705056 -0.299158 -2.00134
51.48 0 1.47078 -0.502461 -2.50067
51.5 0 0.827045 -0.388964 -2.85129
51.52 0 -0.115225 -0.154573 -2.39478
51.54 0 -0.663775 -0.788616 -1.20307
51.56 0 -0.970048 -1.6892 -0.0216439
51.58 0 -1.42748 -1.58716 0.616873
51.6 0 -1.87398 -0.904093 0.453401
51.62 0 -1.27696 -0.444489 0.113986
51.64 0 0.253532 -0.403822 -0.276103
51.66 0 1.17037 -0.212035 -1.08839
51.68 0 1.1252 0.531059 -1.80639
51.7 0 0.478926 0.671222 -2.00738
51.72 0 0.33459 0.10998 -1.0209
51.74 0 0.393863 -0.252967 0.643698
51.76 0 -0.424918 -0.209234 1.56129
51.78 0 -1.12892 0.289764 1.94824
51.8 0 -0.789582 0.545825 2.09801
51.82 0 -0.0263035 0.375765 1.74286
51.84 0 0.67389 0.454776 0.946366
51.86 0 0.995063 1.08582 0.126085
51.88 0 1.18928 1.60203 -0.19476
51.9 0 1.27824 1.20693 -0.0701361
51.92 0 1.1176 0.588637 0.430412
51.94 0 0.50784 0.666786 1.16303
51.96 0 -0.435513 0.799541 1.64817
51.98 0 -0.857232 0.367423 1.88758
52 0 -0.511027 -0.117627 1.92695
52.02 0 -0.20031 -0.258801 1.21212
52.04 0 0.0420782 0.199748 0.0993472
52.06 0 0.554586 0.745133 -0.708528
52.08 0 0.910651 0.534355 -1.19891
52.1 0 0.844055 -0.00961655 -1.24165
52.12 0 0.282085 -0.277325 -0.889404
52.14 0 -0.561171 -0.545158 -0.522339
52.16 0 -1.08231 -0.919021 -0.175561
52.18 0 -1.07277 -1.12056 0.0818023
52.2 0 -0.938561 -1.15126 -0.192787
52.22 0 -0.699355 -0.883237 -0.812152
52.24 0 -0.109224 -0.414777 -1.26974
52.26 0 0.413748 -0.211367 -1.56651
52.28 0 0.489623 -0.299105 -1.69074
52.3 0 0.184447 -0.419062 -1.48932
52.32 0 -0.29413 -0.56311 -1.00688
52.34 0 -0.732894 -0.798518 -0.452399
52.36 0 -0.878096 -0.890979 0.0545577
52.38 0 -0.837927 -0.794938 0.214607
52.4 0 -0.533478 -0.479632 0.0649339
52.42 0 0.0692894 -0.0543377 -0.209121
52.44 0 0.544977 0.335993 -0.487296
52.46 0 0.828077 0.660879 -0.474494
52.48 0 0.74391 0.728469 -0.172838
52.5 0 0.355142 0.506298 0.325815
52.52 0 -0.0147693 0.269812 0.955754
52.54 0 -0.259462 0.223182 1.4695
52.56 0 -0.36098 0.312601 1.61494
52.58 0 -0.143777 0.507886 1.47564
52.6 0 0.259709 0.653183 1.0828
52.62 0 0.628697 0.756872 0.580139
52.64 0 0.884996 0.894936 0.228486
52.66 0 0.90817 0.915357 0.0992229
52.68 0 0.720776 0.79027 0.252221
52.7 0 0.33306 0.547226 0.580657
52.72 0 -0.0740509 0.269377 0.92686
52.74 0 -0.381624 0.0849593 1.13451
52.76 0 -0.530905 -0.0480209 1.03149
52.78 0 -0.352197 -0.110128 0.66011
52.8 0 0.0146921 -0.0336381 0.115429
52.82 0 0.303069 0.0959893 -0.498501
52.84 0 0.436068 0.160275 -0.934957
52.86 0 0.406341 0.0541067 -1.03069
52.88 0 0.16083 -0.210558 -0.84206
52.9 0 -0.207319 -0.526405 -0.549916
52.92 0 -0.600271 -0.726774 -0.315135
52.94 0 -0.844374 -0.788862 -0.21903
52.96 0 -0.804489 -0.804609 -0.299347
52.98 0 -0.519868 -0.755789 -0.538277
53 0 -0.192385 -0.599524 -0.890633
53.02 0 0.0395958 -0.392127 -1.21652
53.04 0 0.160816 -0.265284 -1.33176
53.06 0 0.164298 -0.279319 -1.15697
53.08 0 0.00226064 -0.367132 -0.779325
53.1 0 -0.294378 -0.437349 -0.354957
53.12 0 -0.544422 -0.450884 0.0143541
53.14 0 -0.566711 -0.421512 0.249293
53.16 0 -0.32361 -0.309926 0.287859
53.18 0 -0.0223627 -0.0450679 0.12991
53.2 0 0.253944 0.283845 -0.0807097
53.22 0 0.478709 0.50097 -0.157015
53.24 0 0.584855 0.541355 -0.0150758
53.26 0 0.471411 0.492993 0.29057
53.28 0 0.184974 0.432778 0.654507
53.3 0 -0.0738305 0.364108 0.98582
53.32 0 -0.167214 0.298639 1.18531
53.34 0 -0.0868363 0.305902 1.17324
53.36 0 0.102017 0.425159 0.949329
53.38 0 0.333815 0.586996 0.614886
53.4 0 0.548541 0.680586 0.320367
53.42 0 0.654597 0.662327 0.169164
53.44 0 0.569009 0.561418 0.176792
53.46 0 0.299331 0.411281 0.302199
53.48 0 -0.088353 0.220203 0.479377
53.5 0 -0.316429 -0.0465961 0.613353
53.52 0 -0.352419 -0.233148 0.586578
53.54 0 -0.281192 -0.233201 0.312264
53.56 0 -0.137721 -0.107787 -0.124563
53.58 0 0.0848963 -0.0305965 -0.539131
53.6 0 0.270806 -0.0672413 -0.800407
53.62 0 0.261999 -0.160175 -0.880788
53.64 0 0.0256089 -0.267857 -0.801979
