0.01 0 2.03939e-07 2.19473e-07 2.13749e-07
0.02 0 9.80307e-07 1.10437e-06 1.06191e-06
0.03 0 2.40277e-06 2.89391e-06 2.74396e-06
0.04 0 4.28372e-06 5.59504e-06 5.26164e-06
0.05 0 6.45017e-06 9.15228e-06 8.65077e-06
0.06 0 8.77771e-06 1.34206e-05 1.29724e-05
0.07 0 1.11949e-05 1.81952e-05 1.82926e-05
0.08 0 1.36695e-05 2.32862e-05 2.46618e-05
0.09 0 1.61769e-05 2.85821e-05 3.20853e-05
0.1 0 1.86711e-05 3.4061e-05 4.04954e-05
0.11 0 2.10981e-05 3.97668e-05 4.9756e-05
0.12 0 2.34354e-05 4.57607e-05 5.969e-05
0.13 0 2.57115e-05 5.20615e-05 7.00981e-05
0.14 0 2.79823e-05 5.8596e-05 8.07505e-05
0.15 0 3.02768e-05 6.51798e-05 9.13644e-05
0.16 0 3.25935e-05 7.15843e-05 0.000101634
0.17 0 3.4947e-05 7.76542e-05 0.00011131
0.18 0 3.73842e-05 8.33701e-05 0.000120239
0.19 0 3.99609e-05 8.88304e-05 0.000128361
0.2 0 4.26806e-05 9.41507e-05 0.000135657
0.21 0 4.54509e-05 9.93464e-05 0.000142094
0.22 0 4.80689e-05 0.000104243 0.00014758
0.23 0 5.02026e-05 0.000108411 0.000151903
0.24 0 5.14241e-05 0.000111203 0.000154714
0.25 0 5.13593e-05 0.000111946 0.000155629
0.26 0 4.99835e-05 0.000110338 0.0001545
0.27 0 4.76609e-05 0.000106619 0.00015149
0.28 0 4.46742e-05 0.000101185 0.000146654
0.29 0 4.09818e-05 9.42734e-05 0.000139732
0.3 0 3.65326e-05 8.60767e-05 0.000130455
0.31 0 3.15245e-05 7.6831e-05 0.000118797
0.32 0 2.62683e-05 6.66777e-05 0.000104877
0.33 0 2.09417e-05 5.55525e-05 8.87806e-05
0.34 0 1.55859e-05 4.33469e-05 7.06032e-05
0.35 0 1.02897e-05 3.02026e-05 5.06518e-05
0.36 0 5.28874e-06 1.66449e-05 2.95498e-05
0.37 0 7.03849e-07 3.26554e-06 7.96236e-06
0.38 0 -3.81611e-06 -9.80175e-06 -1.38224e-05
0.39 0 -8.82756e-06 -2.28435e-05 -3.57423e-05
0.4 0 -1.44547e-05 -3.60456e-05 -5.7431e-05
0.41 0 -2.02725e-05 -4.92406e-05 -7.81211e-05
0.42 0 -2.57868e-05 -6.20835e-05 -9.70621e-05
0.43 0 -3.08512e-05 -7.42506e-05 -0.000113877
0.44 0 -3.56189e-05 -8.5437e-05 -0.000128519
0.45 0 -4.02643e-05 -9.534e-05 -0.000141058
0.46 0 -4.4835e-05 -0.000103793 -0.00015159
0.47 0 -4.95543e-05 -0.000111215 -0.000160571
0.48 0 -5.525e-05 -0.000119044 -0.000169275
0.49 0 -6.3057e-05 -0.000129365 -0.000179559
0.5 0 -7.3773e-05 -0.000144105 -0.000193264
0.51 0 -8.77676e-05 -0.000164691 -0.000212118
0.52 0 -0.000105044 -0.00019188 -0.000237709
0.53 0 -0.000124875 -0.000225264 -0.000270984
0.54 0 -0.000145926 -0.000263372 -0.000312149
0.55 0 -0.000166711 -0.000304199 -0.000360877
0.56 0 -0.00018556 -0.000345323 -0.000416018
0.57 0 -0.000201131 -0.000384543 -0.000475908
0.58 0 -0.000213111 -0.000420712 -0.000538968
0.59 0 -0.00022189 -0.000453535 -0.000603453
0.6 0 -0.000227751 -0.000482762 -0.000666822
0.61 0 -0.000230646 -0.000507755 -0.000725711
0.62 0 -0.000230702 -0.000527698 -0.000776641
0.63 0 -0.000228683 -0.000541993 -0.000816761
0.64 0 -0.000225927 -0.000550499 -0.000844171
0.65 0 -0.000223656 -0.000553361 -0.000857674
0.66 0 -0.000222469 -0.000550913 -0.000856628
0.67 0 -0.000223071 -0.000544469 -0.000841838
0.68 0 -0.00022701 -0.000536956 -0.000816396
0.69 0 -0.000235455 -0.000531512 -0.000784465
0.7 0 -0.000247317 -0.000529213 -0.00074921
0.71 0 -0.000259321 -0.000528438 -0.000712308
0.72 0 -0.000267446 -0.000525593 -0.000674553
0.73 0 -0.000267871 -0.000515849 -0.000635961
0.74 0 -0.000257502 -0.000494115 -0.000595632
0.75 0 -0.000234522 -0.000456421 -0.000551911
0.76 0 -0.000198759 -0.000401091 -0.000502662
0.77 0 -0.000152355 -0.000329838 -0.000446168
0.78 0 -0.000100235 -0.000248265 -0.000382204
0.79 0 -4.84817e-05 -0.000163984 -0.000311345
0.8 0 -1.68135e-06 -8.33663e-05 -0.000233305
0.81 0 3.74035e-05 -1.03901e-05 -0.000147392
0.82 0 6.64506e-05 5.24895e-05 -5.44324e-05
0.83 0 8.33575e-05 0.000103771 4.25703e-05
0.84 0 8.74009e-05 0.000143023 0.000139311
0.85 0 8.02535e-05 0.000170956 0.000231303
0.86 0 6.568e-05 0.000188971 0.000314238
0.87 0 4.86133e-05 0.000199012 0.000384208
0.88 0 3.4393e-05 0.000204038 0.000438346
0.89 0 2.82227e-05 0.000208534 0.000475649
0.9 0 3.4965e-05 0.000218764 0.000497901
0.91 0 5.81415e-05 0.00024147 0.000509395
0.92 0 9.80698e-05 0.000281041 0.000515224
0.93 0 0.000151574 0.00033786 0.000520431
0.94 0 0.000214048 0.000409316 0.000530973
0.95 0 0.000281354 0.000491692 0.000554342
0.96 0 0.000349336 0.000580706 0.000597862
0.97 0 0.000412514 0.000671339 0.000666167
0.98 0 0.00046496 0.000758961 0.000760745
0.99 0 0.000502426 0.000840676 0.000880775
1 0 0.000522879 0.000914682 0.00102281
1.01 0 0.000525571 0.000978391 0.00117957
1.02 0 0.000510753 0.00102778 0.00134003
1.03 0 0.00048077 0.00105895 0.00149149
1.04 0 0.000440524 0.00106996 0.00162159
1.05 0 0.000395366 0.00106038 0.00171826
1.06 0 0.000348758 0.00102996 0.00176927
1.07 0 0.000303493 0.000979786 0.00176501
1.08 0 0.000264193 0.000914161 0.00170212
1.09 0 0.000236883 0.000840029 0.00158421
1.1 0 0.000226748 0.000765192 0.00142046
1.11 0 0.000235874 0.000696485 0.00122365
1.12 0 0.000260893 0.00063708 0.00100715
1.13 0 0.00029226 0.000584257 0.000782254
1.14 0 0.000316816 0.000529806 0.000557756
1.15 0 0.000321729 0.000462408 0.000340622
1.16 0 0.000296984 0.000370174 0.000135584
1.17 0 0.000236547 0.000243403 -5.56533e-05
1.18 0 0.000139739 7.8129e-05 -0.000233892
1.19 0 1.16735e-05 -0.000121823 -0.000401724
1.2 0 -0.000138582 -0.000346402 -0.000564086
1.21 0 -0.000300374 -0.000582967 -0.000728669
1.22 0 -0.000462457 -0.00081937 -0.00090454
1.23 0 -0.000612795 -0.00104521 -0.00109926
1.24 0 -0.00073883 -0.00125169 -0.00131623
1.25 0 -0.000829296 -0.0014311 -0.00155353
1.26 0 -0.0008768 -0.00157643 -0.00180421
1.27 0 -0.000880086 -0.00168197 -0.00205757
1.28 0 -0.000844822 -0.00174476 -0.00230069
1.29 0 -0.000782424 -0.00176632 -0.0025198
1.3 0 -0.000707939 -0.0017541 -0.00270185
1.31 0 -0.000636708 -0.00172044 -0.00283531
1.32 0 -0.000580653 -0.00167877 -0.00291008
1.33 0 -0.000547795 -0.00164081 -0.00291965
1.34 0 -0.000543942 -0.00161547 -0.00286439
1.35 0 -0.000572121 -0.00160714 -0.00275181
1.36 0 -0.000629921 -0.00161392 -0.00259394
1.37 0 -0.000707841 -0.00162783 -0.00240433
1.38 0 -0.000790549 -0.00163721 -0.00219666
1.39 0 -0.000860658 -0.00163018 -0.00198444
1.4 0 -0.000902547 -0.00159706 -0.00178041
1.41 0 -0.000904962 -0.00153122 -0.00159512
1.42 0 -0.000863212 -0.00143027 -0.00143621
1.43 0 -0.0007803 -0.00129723 -0.00130831
1.44 0 -0.000665174 -0.0011399 -0.00121185
1.45 0 -0.000529193 -0.000968338 -0.0011414
1.46 0 -0.000383983 -0.000792857 -0.00108619
1.47 0 -0.000240949 -0.000622833 -0.00103259
1.48 0 -0.000110446 -0.000465045 -0.000966342
1.49 0 -8.23896e-07 -0.000322665 -0.000874576
1.5 0 8.19123e-05 -0.000195982 -0.00074807
1.51 0 0.000134338 -8.40528e-05 -0.000583003
1.52 0 0.00015632 1.41327e-05 -0.000381305
1.53 0 0.000151786 9.95815e-05 -0.000149739
1.54 0 0.000128485 0.000173817 0.000101319
1.55 0 9.69581e-05 0.000239926 0.000359449
1.56 0 6.90033e-05 0.000303414 0.000611917
1.57 0 5.49084e-05 0.000370981 0.000846238
1.58 0 6.03935e-05 0.000447323 0.00104982
1.59 0 8.69112e-05 0.000533796 0.00121198
1.6 0 0.000135905 0.000631062 0.00132902
1.61 0 0.000210426 0.000740841 0.00140644
1.62 0 0.000310765 0.000863429 0.00145483
1.63 0 0.000430781 0.000995772 0.00148549
1.64 0 0.000559862 0.0011334 0.00151039
1.65 0 0.000686975 0.00127275 0.00154308
1.66 0 0.000802471 0.00141077 0.00159714
1.67 0 0.000896975 0.0015421 0.00168204
1.68 0 0.000959644 0.00165625 0.00179867
1.69 0 0.000979883 0.00173877 0.00193895
1.7 0 0.000951796 0.00177613 0.00208904
1.71 0 0.00087609 0.00175911 0.00223146
1.72 0 0.000758939 0.001684 0.0023457
1.73 0 0.000611281 0.00155375 0.00241054
1.74 0 0.000448286 0.00137844 0.00240733
1.75 0 0.000286935 0.00117277 0.00232178
1.76 0 0.000142532 0.000951857 0.00214456
1.77 0 2.60836e-05 0.000727682 0.00187208
1.78 0 -5.72919e-05 0.000506838 0.00150698
1.79 0 -0.000109822 0.000289043 0.0010573
1.8 0 -0.000141374 6.71626e-05 0.00053502
1.81 0 -0.000166622 -0.000169622 -4.3911e-05
1.82 0 -0.000200138 -0.000430594 -0.000658559
1.83 0 -0.000252444 -0.000719128 -0.00128321
1.84 0 -0.000328857 -0.00103121 -0.00188991
1.85 0 -0.000431088 -0.00135742 -0.00245311
1.86 0 -0.00055978 -0.0016873 -0.00295446
1.87 0 -0.000714621 -0.00201231 -0.0033847
1.88 0 -0.000890328 -0.00232431 -0.00374022
1.89 0 -0.00107341 -0.00261241 -0.0040188
1.9 0 -0.00124486 -0.00286273 -0.00421931
1.91 0 -0.0013854 -0.00305961 -0.00434279
1.92 0 -0.0014783 -0.00318575 -0.00439114
1.93 0 -0.00151105 -0.00322394 -0.00436549
1.94 0 -0.00147823 -0.00316248 -0.00426707
1.95 0 -0.00138412 -0.00300151 -0.0040994
1.96 0 -0.00124277 -0.00275631 -0.00386957
1.97 0 -0.00107461 -0.00245496 -0.00358734
1.98 0 -0.000900096 -0.00213007 -0.00326167
1.99 0 -0.000733931 -0.00180847 -0.00289761
2 0 -0.000583771 -0.00150483 -0.00249669
2.01 0 -0.000452166 -0.00122086 -0.00205994
2.02 0 -0.000338842 -0.000949048 -0.00159075
2.03 0 -0.000241553 -0.000678709 -0.00109611
2.04 0 -0.000155636 -0.000401523 -0.000585981
2.05 0 -7.42217e-05 -0.000115138 -7.22404e-05
2.06 0 1.05219e-05 0.000176696 0.000432391
2.07 0 0.000105641 0.000467229 0.000915661
2.08 0 0.000215587 0.000750714 0.00136689
2.09 0 0.000341519 0.00102537 0.00177829
2.1 0 0.000481497 0.00129337 0.00214575
2.11 0 0.000631677 0.00155855 0.00246945
2.12 0 0.000788928 0.00182454 0.00275509
2.13 0 0.000952603 0.00209402 0.00301438
2.14 0 0.00112373 0.00236848 0.00326333
2.15 0 0.00130271 0.00264896 0.00351938
2.16 0 0.00148785 0.0029374 0.00379913
2.17 0 0.00167561 0.00323777 0.0041172
2.18 0 0.00186179 0.00355535 0.00448545
2.19 0 0.00204251 0.00389436 0.00491191
2.2 0 0.00221435 0.00425487 0.00539929
2.21 0 0.0023737 0.00463063 0.00594321
2.22 0 0.00251669 0.00500972 0.00653196
2.23 0 0.00264055 0.00537818 0.00714829
2.24 0 0.00274419 0.00572352 0.00777109
2.25 0 0.00282671 0.00603537 0.00837549
2.26 0 0.00288619 0.00630438 0.0089331
2.27 0 0.00292173 0.0065229 0.00941559
2.28 0 0.00293697 0.00668701 0.00979988
2.29 0 0.00294078 0.0067975 0.0100713
2.3 0 0.00294457 0.00685947 0.0102237
2.31 0 0.00295743 0.00688029 0.0102578
2.32 0 0.00298136 0.00686591 0.0101777
2.33 0 0.00300863 0.0068164 0.00998793
2.34 0 0.00302276 0.00672272 0.00969179
2.35 0 0.00300215 0.00656603 0.00929104
2.36 0 0.00292449 0.00632013 0.00878566
2.37 0 0.00277242 0.00595865 0.00817553
2.38 0 0.00253837 0.00546459 0.00746284
2.39 0 0.00222539 0.00483651 0.00665213
2.4 0 0.00184455 0.00408902 0.00574852
2.41 0 0.00141125 0.00324813 0.00475572
2.42 0 0.000942835 0.00234392 0.00367577
2.43 0 0.000458294 0.00140445 0.00251125
2.44 0 -2.25606e-05 0.000451793 0.00126767
2.45 0 -0.000483457 -0.000501117 -4.73993e-05
2.46 0 -0.000915313 -0.0014497 -0.0014249
2.47 0 -0.00131305 -0.00238941 -0.00284925
2.48 0 -0.00167141 -0.00330783 -0.00429376
2.49 0 -0.00198752 -0.00418626 -0.00572404
2.5 0 -0.00226483 -0.00500651 -0.00710438
2.51 0 -0.00251311 -0.00575673 -0.00840183
2.52 0 -0.00274707 -0.00643644 -0.0095899
2.53 0 -0.00298263 -0.00705661 -0.01065
2.54 0 -0.00323076 -0.00763269 -0.0115691
2.55 0 -0.00349275 -0.00817475 -0.0123372
2.56 0 -0.00376187 -0.0086816 -0.0129484
2.57 0 -0.00403197 -0.00914523 -0.0134077
2.58 0 -0.00430054 -0.00955697 -0.0137333
2.59 0 -0.0045602 -0.00990611 -0.0139475
2.6 0 -0.00479142 -0.0101776 -0.0140664
2.61 0 -0.00496621 -0.010355 -0.0140988
2.62 0 -0.00505908 -0.0104253 -0.014051
2.63 0 -0.00505781 -0.0103834 -0.0139311
2.64 0 -0.00496603 -0.0102321 -0.0137497
2.65 0 -0.00479607 -0.00997793 -0.0135124
2.66 0 -0.00455987 -0.00962655 -0.0132134
2.67 0 -0.00426631 -0.00918257 -0.0128362
2.68 0 -0.00392296 -0.00865083 -0.0123573
2.69 0 -0.0035367 -0.00803428 -0.0117505
2.7 0 -0.00311656 -0.00733368 -0.0109916
2.71 0 -0.00267931 -0.0065534 -0.0100666
2.72 0 -0.00224945 -0.00570802 -0.008978
2.73 0 -0.00185208 -0.00482331 -0.00774353
2.74 0 -0.00150376 -0.00393059 -0.00639056
2.75 0 -0.00120641 -0.00305743 -0.00495061
2.76 0 -0.000949043 -0.0022207 -0.00345786
2.77 0 -0.000714764 -0.00142414 -0.00195031
2.78 0 -0.000484776 -0.000657893 -0.000467294
2.79 0 -0.000236244 0.000101667 0.000958906
2.8 0 5.91733e-05 0.000887947 0.00231059
2.81 0 0.000428138 0.00173202 0.00358328
2.82 0 0.000882735 0.00264744 0.00477748
2.83 0 0.00141174 0.00362111 0.00589159
2.84 0 0.00198369 0.00461662 0.00692251
2.85 0 0.00255829 0.00558682 0.00787135
2.86 0 0.00309502 0.00648466 0.00874433
2.87 0 0.00355894 0.00727101 0.00955014
2.88 0 0.00392709 0.0079226 0.010299
2.89 0 0.00418908 0.00843403 0.0109988
2.9 0 0.00434086 0.00881017 0.0116474
2.91 0 0.00438055 0.00905593 0.0122267
2.92 0 0.00431133 0.00917195 0.0127065
2.93 0 0.00414725 0.00915697 0.013052
2.94 0 0.00391475 0.00901296 0.0132321
2.95 0 0.00364846 0.00875032 0.0132231
2.96 0 0.00338405 0.00839048 0.0130106
2.97 0 0.00314899 0.00796215 0.0125882
2.98 0 0.00295603 0.00749387 0.0119563
2.99 0 0.00280457 0.00700737 0.0111254
3 0 0.00268497 0.00651137 0.0101177
3.01 0 0.00258087 0.005998 0.00896493
3.02 0 0.00246992 0.00544463 0.00770402
3.03 0 0.002324 0.00482053 0.00637076
3.04 0 0.00211269 0.00409721 0.00499645
3.05 0 0.00181052 0.00325874 0.0036075
3.06 0 0.00140328 0.00230609 0.00222512
3.07 0 0.000890826 0.00125441 0.000863403
3.08 0 0.000287191 0.000127208 -0.000471913
3.09 0 -0.000379522 -0.00104673 -0.00178127
3.1 0 -0.00106956 -0.00223414 -0.00306762
3.11 0 -0.00173839 -0.00339861 -0.00433453
3.12 0 -0.0023451 -0.00450282 -0.00558488
3.13 0 -0.00285879 -0.0055117 -0.00681895
3.14 0 -0.00326164 -0.00639646 -0.00803165
3.15 0 -0.00354946 -0.00713907 -0.00921055
3.16 0 -0.00373172 -0.00773777 -0.010337
3.17 0 -0.00383055 -0.00821003 -0.01139
3.18 0 -0.00387742 -0.00858878 -0.0123484
3.19 0 -0.003907 -0.00891233 -0.0131923
3.2 0 -0.00395196 -0.00921469 -0.0139045
3.21 0 -0.00404052 -0.00952088 -0.0144754
3.22 0 -0.00419279 -0.00984486 -0.0149053
3.23 0 -0.00441469 -0.0101879 -0.0152019
3.24 0 -0.0046934 -0.0105379 -0.0153767
3.25 0 -0.00499765 -0.0108708 -0.0154419
3.26 0 -0.00528352 -0.0111526 -0.0154082
3.27 0 -0.00550348 -0.0113433 -0.015285
3.28 0 -0.00561569 -0.0114018 -0.0150787
3.29 0 -0.00559028 -0.0112922 -0.0147918
3.3 0 -0.00541452 -0.0109913 -0.0144225
3.31 0 -0.00509709 -0.0104987 -0.0139681
3.32 0 -0.00466351 -0.00983696 -0.0134231
3.33 0 -0.00414207 -0.00903751 -0.0127703
3.34 0 -0.00355439 -0.00812688 -0.0119769
3.35 0 -0.00292055 -0.00712222 -0.0110044
3.36 0 -0.00226759 -0.00603474 -0.00982167
3.37 0 -0.00162759 -0.00487467 -0.00841302
3.38 0 -0.00102923 -0.00365531 -0.00677878
3.39 0 -0.000490992 -0.00239609 -0.00493516
3.4 0 -1.77105e-05 -0.00112184 -0.00291322
3.41 0 0.000398429 0.000142182 -0.000757454
3.42 0 0.000773442 0.00137653 0.001476
3.43 0 0.00112658 0.00257233 0.00372278
3.44 0 0.00147825 0.00373306 0.00591698
3.45 0 0.00185103 0.00487298 0.00800042
3.46 0 0.00226977 0.00601196 0.00993044
3.47 0 0.00275789 0.00716773 0.0116833
3.48 0 0.00333025 0.00834881 0.0132527
3.49 0 0.00398608 0.00954955 0.0146453
3.5 0 0.00470629 0.0107495 0.0158762
3.51 0 0.00545597 0.0119188 0.0169665
3.52 0 0.00619034 0.0130243 0.0179417
3.53 0 0.0068625 0.0140341 0.0188295
3.54 0 0.00743067 0.0149189 0.0196546
3.55 0 0.00786343 0.0156523 0.0204334
3.56 0 0.00814257 0.0162133 0.0211704
3.57 0 0.00826173 0.0165886 0.0218554
3.58 0 0.00822327 0.0167734 0.022462
3.59 0 0.00803749 0.0167684 0.0229487
3.6 0 0.00772456 0.0165781 0.0232648
3.61 0 0.00731574 0.0162126 0.0233585
3.62 0 0.00685051 0.0156872 0.0231843
3.63 0 0.00636947 0.0150222 0.0227066
3.64 0 0.00590549 0.0142405 0.0219014
3.65 0 0.00547705 0.0133625 0.0207577
3.66 0 0.00508597 0.0124013 0.0192786
3.67 0 0.00471826 0.0113575 0.0174814
3.68 0 0.00434739 0.010217 0.0153956
3.69 0 0.00393926 0.00895441 0.0130611
3.7 0 0.00345679 0.00753891 0.0105227
3.71 0 0.00286464 0.00594204 0.00782566
3.72 0 0.00213527 0.00414581 0.0050108
3.73 0 0.00125305 0.00214752 0.00211127
3.74 0 0.00021595 -3.98263e-05 -0.00085061
3.75 0 -0.000961132 -0.00238822 -0.00386179
3.76 0 -0.00223946 -0.00485094 -0.00690921
3.77 0 -0.00355023 -0.00735423 -0.00996541
3.78 0 -0.00480591 -0.00979885 -0.0129847
3.79 0 -0.0059276 -0.0120801 -0.0159155
3.8 0 -0.00686264 -0.0141104 -0.0187088
3.81 0 -0.0075851 -0.0158301 -0.0213158
3.82 0 -0.00808989 -0.0172101 -0.0236819
3.83 0 -0.00838738 -0.0182492 -0.0257453
3.84 0 -0.00850058 -0.0189685 -0.0274432
3.85 0 -0.00846507 -0.0194016 -0.0287199
3.86 0 -0.0083324 -0.0195879 -0.029539
3.87 0 -0.00817101 -0.0195751 -0.0298948
3.88 0 -0.0080504 -0.0194168 -0.029809
3.89 0 -0.00801212 -0.0191586 -0.0293136
3.9 0 -0.00805359 -0.018826 -0.0284391
3.91 0 -0.0081341 -0.0184188 -0.0272167
3.92 0 -0.00818844 -0.0179067 -0.025681
3.93 0 -0.00814132 -0.01723 -0.0238698
3.94 0 -0.00792338 -0.0163134 -0.021824
3.95 0 -0.00748151 -0.0150858 -0.0195833
3.96 0 -0.00678195 -0.0134987 -0.0171772
3.97 0 -0.00581171 -0.0115387 -0.0146197
3.98 0 -0.00458013 -0.00922999 -0.0119079
3.99 0 -0.00312516 -0.00663126 -0.00902935
4 0 -0.00153145 -0.00383907 -0.00598601
4.01 0 6.21252e-05 -0.000992933 -0.0028165
4.02 0 0.00149619 0.00174021 0.000408648
4.03 0 0.00264497 0.00420222 0.0036125
4.04 0 0.00345433 0.00628106 0.00673186
4.05 0 0.00394248 0.00793045 0.00971539
4.06 0 0.00417327 0.00917098 0.012509
4.07 0 0.00423782 0.0100883 0.015057
4.08 0 0.00424689 0.0108205 0.0173157
4.09 0 0.00431775 0.0115242 0.0192613
4.1 0 0.00455215 0.0123306 0.0208884
4.11 0 0.0050101 0.0133067 0.022201
4.12 0 0.00569639 0.0144421 0.0232078
4.13 0 0.00656325 0.0156637 0.0239256
4.14 0 0.00751777 0.0168581 0.0243769
4.15 0 0.0084391 0.0178962 0.0245863
4.16 0 0.00920709 0.0186559 0.0245781
4.17 0 0.00972723 0.0190436 0.0243741
4.18 0 0.00994731 0.019028 0.0240063
4.19 0 0.00986702 0.0186594 0.0235286
4.2 0 0.00953242 0.0180461 0.0230067
4.21 0 0.00901901 0.0173071 0.0224952
4.22 0 0.00841629 0.0165426 0.0220271
4.23 0 0.00781805 0.015828 0.0216187
4.24 0 0.007314 0.0152216 0.0212777
4.25 0 0.00697386 0.0147686 0.0210045
4.26 0 0.00682491 0.0144954 0.0207847
4.27 0 0.00683324 0.014388 0.0205757
4.28 0 0.00690401 0.0143697 0.0203004
4.29 0 0.00692265 0.0143154 0.0198726
4.3 0 0.0068108 0.0140969 0.0192375
4.31 0 0.00654308 0.0136177 0.0183814
4.32 0 0.00612721 0.0128295 0.0173119
4.33 0 0.00558004 0.0117381 0.0160384
4.34 0 0.00491311 0.0103936 0.01456
4.35 0 0.00412769 0.00886101 0.0128592
4.36 0 0.00322391 0.00718952 0.0109083
4.37 0 0.00222044 0.00540164 0.00868701
4.38 0 0.00116322 0.00349827 0.00619488
4.39 0 0.000109701 0.00147228 0.00344795
4.4 0 -0.000898412 -0.000674378 0.000467914
4.41 0 -0.00185036 -0.00291822 -0.00272268
4.42 0 -0.00276184 -0.00521494 -0.0060965
4.43 0 -0.00365755 -0.00751291 -0.00961299
4.44 0 -0.00455182 -0.00976828 -0.0132101
4.45 0 -0.0054395 -0.0119523 -0.0168024
4.46 0 -0.00630465 -0.0140535 -0.0202928
4.47 0 -0.00714063 -0.0160775 -0.0235961
4.48 0 -0.00796328 -0.0180392 -0.0266551
4.49 0 -0.0088084 -0.0199532 -0.0294451
4.5 0 -0.00972252 -0.0218285 -0.0319688
4.51 0 -0.0107533 -0.0236727 -0.0342503
4.52 0 -0.0119344 -0.025501 -0.0363256
4.53 0 -0.013265 -0.0273335 -0.0382288
4.54 0 -0.0147025 -0.0291826 -0.0399821
4.55 0 -0.016177 -0.0310437 -0.0416017
4.56 0 -0.017618 -0.0328949 -0.0431127
4.57 0 -0.0189765 -0.0347029 -0.0445596
4.58 0 -0.0202289 -0.0364313 -0.0460031
4.59 0 -0.0213657 -0.0380496 -0.0475032
4.6 0 -0.0223779 -0.0395416 -0.049103
4.61 0 -0.023251 -0.0409084 -0.0508185
4.62 0 -0.0239648 -0.0421625 -0.0526356
4.63 0 -0.0244993 -0.0433141 -0.0545135
4.64 0 -0.0248435 -0.0443581 -0.0563929
4.65 0 -0.0250024 -0.0452682 -0.0582039
4.66 0 -0.0249984 -0.0460009 -0.059871
4.67 0 -0.0248677 -0.046508 -0.0613147
4.68 0 -0.0246507 -0.0467562 -0.0624551
4.69 0 -0.0243784 -0.0467384 -0.063213
4.7 0 -0.024065 -0.0464703 -0.0635125
4.71 0 -0.0237152 -0.0459808 -0.0632933
4.72 0 -0.0233358 -0.0453001 -0.0625238
4.73 0 -0.0229327 -0.0444383 -0.0611988
4.74 0 -0.0224986 -0.0433713 -0.0593276
4.75 0 -0.0220072 -0.0420466 -0.0569272
4.76 0 -0.0214115 -0.040399 -0.0540175
4.77 0 -0.0206473 -0.038365 -0.0506161
4.78 0 -0.0196439 -0.0358949 -0.0467384
4.79 0 -0.0183383 -0.0329564 -0.042399
4.8 0 -0.0166829 -0.0295283 -0.037609
4.81 0 -0.0146466 -0.025596 -0.0323731
4.82 0 -0.0122125 -0.0211499 -0.0266882
4.83 0 -0.00937062 -0.0161867 -0.0205402
4.84 0 -0.00611916 -0.0107148 -0.0139058
4.85 0 -0.00247918 -0.00475113 -0.00676289
4.86 0 0.00147027 0.001697 0.00090702
4.87 0 0.00559247 0.00862857 0.00912629
4.88 0 0.00978768 0.016004 0.0179315
4.89 0 0.014064 0.0237276 0.0273662
4.9 0 0.0184878 0.031697 0.0374547
4.91 0 0.0231086 0.0398626 0.0481818
4.92 0 0.0279353 0.0482487 0.0594921
4.93 0 0.0329432 0.0569284 0.0712961
4.94 0 0.0380887 0.0659683 0.0834808
4.95 0 0.0433065 0.075362 0.0959046
4.96 0 0.048459 0.0849415 0.108355
4.97 0 0.0533203 0.0943478 0.120539
4.98 0 0.0576884 0.103154 0.132188
4.99 0 0.0614741 0.111015 0.143135
5 0 0.0646497 0.117723 0.153273
5.01 0 0.0671788 0.123197 0.162485
5.02 0 0.0690089 0.12747 0.170644
5.03 0 0.0700912 0.130638 0.177616
5.04 0 0.0704059 0.13279 0.183274
5.05 0 0.0700013 0.133979 0.187513
5.06 0 0.0690221 0.134217 0.190269
5.07 0 0.0676796 0.133509 0.191517
5.08 0 0.0661982 0.131917 0.191268
5.09 0 0.0647707 0.129605 0.189564
5.1 0 0.063531 0.126836 0.18648
5.11 0 0.062553 0.123907 0.182137
5.12 0 0.06186 0.121053 0.176703
5.13 0 0.061432 0.118369 0.170394
5.14 0 0.061216 0.115808 0.163459
5.15 0 0.0611177 0.11323 0.156155
5.16 0 0.0609717 0.110444 0.148689
5.17 0 0.0605247 0.107236 0.141162
5.18 0 0.0594921 0.103404 0.133581
5.19 0 0.057662 0.0988097 0.125926
5.2 0 0.0549439 0.0933794 0.118176
5.21 0 0.0513422 0.0870934 0.110303
5.22 0 0.0469125 0.0799829 0.102262
5.23 0 0.0417447 0.0721306 0.0940009
5.24 0 0.0359664 0.0636595 0.0854567
5.25 0 0.0297466 0.054716 0.0765671
5.26 0 0.0232887 0.0454522 0.0672753
5.27 0 0.0168165 0.0360221 0.0575396
5.28 0 0.0105594 0.026583 0.0473423
5.29 0 0.00473525 0.0172924 0.0366954
5.3 0 -0.000429369 0.0082951 0.0256441
5.31 0 -0.00471709 -0.000261198 0.0142517
5.32 0 -0.0080491 -0.008179 0.00257684
5.33 0 -0.0105287 -0.0152342 -0.00931298
5.34 0 -0.0123404 -0.0212708 -0.0212961
5.35 0 -0.0136433 -0.0263062 -0.0331277
5.36 0 -0.0145246 -0.0305711 -0.0444071
5.37 0 -0.015043 -0.0343925 -0.0546849
5.38 0 -0.0153213 -0.0380004 -0.0636304
5.39 0 -0.0155869 -0.0414406 -0.0710869
5.4 0 -0.0161106 -0.0446338 -0.0770171
5.41 0 -0.0171008 -0.0474768 -0.0814348
5.42 0 -0.0186317 -0.0499162 -0.084364
5.43 0 -0.02064 -0.0519686 -0.085832
5.44 0 -0.0229601 -0.0536848 -0.0858863
5.45 0 -0.0253718 -0.0550994 -0.0846246
5.46 0 -0.0276628 -0.0561974 -0.0822229
5.47 0 -0.029678 -0.0569111 -0.0789412
5.48 0 -0.0313295 -0.0571519 -0.0751025
5.49 0 -0.0325646 -0.0568487 -0.0710377
5.5 0 -0.0333187 -0.0559682 -0.0670235
5.51 0 -0.0334988 -0.0545248 -0.0632542
5.52 0 -0.0330044 -0.0525679 -0.0598444
5.53 0 -0.0317729 -0.0501551 -0.0568378
5.54 0 -0.0298303 -0.0473342 -0.0542214
5.55 0 -0.0272975 -0.0441466 -0.0519346
5.56 0 -0.0243501 -0.0406437 -0.0498689
5.57 0 -0.0211656 -0.0368996 -0.0478681
5.58 0 -0.0178917 -0.0330088 -0.0457417
5.59 0 -0.0146471 -0.0290679 -0.0432917
5.6 0 -0.0115367 -0.0251533 -0.0403423
5.61 0 -0.00865449 -0.0213032 -0.0367591
5.62 0 -0.00607349 -0.0175127 -0.0324562
5.63 0 -0.00384776 -0.0137427 -0.0274026
5.64 0 -0.00201599 -0.0099471 -0.0216254
5.65 0 -0.000580405 -0.00610536 -0.0152006
5.66 0 0.000514725 -0.0022438 -0.00824426
5.67 0 0.00137592 0.00156993 -0.000915037
5.68 0 0.00213587 0.00525988 0.00658572
5.69 0 0.00291806 0.00878566 0.0140165
5.7 0 0.00380454 0.0121619 0.0211082
5.71 0 0.00483446 0.015437 0.0275994
5.72 0 0.00602521 0.0186568 0.0332818
5.73 0 0.00739159 0.0218315 0.0380313
5.74 0 0.00895182 0.024922 0.04181
5.75 0 0.0107197 0.0278511 0.0446499
5.76 0 0.0126914 0.0305271 0.0466316
5.77 0 0.0148198 0.0328675 0.0478552
5.78 0 0.0169932 0.0348246 0.0484203
5.79 0 0.0190508 0.0363947 0.0484277
5.8 0 0.0208246 0.0375967 0.0479884
5.81 0 0.0221757 0.0384398 0.0472282
5.82 0 0.0230187 0.0389026 0.0462831
5.83 0 0.0233266 0.0389397 0.0452855
5.84 0 0.023119 0.0385062 0.0443418
5.85 0 0.0224453 0.037584 0.0435081
5.86 0 0.0213675 0.0361958 0.0427718
5.87 0 0.0199485 0.0344071 0.0420514
5.88 0 0.0182593 0.0323182 0.0412212
5.89 0 0.0163925 0.0300445 0.0401469
5.9 0 0.0144629 0.0276882 0.038711
5.91 0 0.0125935 0.0253166 0.036827
5.92 0 0.0108956 0.0229582 0.034444
5.93 0 0.00944757 0.0206122 0.0315437
5.94 0 0.00827964 0.0182655 0.0281375
5.95 0 0.00737367 0.0159098 0.0242684
5.96 0 0.00667015 0.0135489 0.0200103
5.97 0 0.00607855 0.0111894 0.0154621
5.98 0 0.00549382 0.00882272 0.0107403
5.99 0 0.00481342 0.00641523 0.00597098
6 0 0.00395175 0.0039143 0.00128072
6.01 0 0.00285289 0.00127153 -0.00320942
6.02 0 0.00149849 -0.00153661 -0.00739577
6.03 0 -9.74864e-05 -0.00450239 -0.0112119
6.04 0 -0.00190076 -0.00758797 -0.0146436
6.05 0 -0.00385709 -0.0107284 -0.0177257
6.06 0 -0.00589115 -0.0138348 -0.0205231
6.07 0 -0.00791523 -0.0168034 -0.0231102
6.08 0 -0.00984267 -0.0195318 -0.0255513
6.09 0 -0.0115907 -0.021936 -0.0278832
6.1 0 -0.0130688 -0.0239656 -0.0301048
6.11 0 -0.0141834 -0.0256061 -0.0321827
6.12 0 -0.0148642 -0.026862 -0.0340662
6.13 0 -0.0150887 -0.0277352 -0.0357032
6.14 0 -0.0148973 -0.0282143 -0.0370504
6.15 0 -0.0143902 -0.0282822 -0.0380733
6.16 0 -0.0137009 -0.0279437 -0.0387408
6.17 0 -0.0129568 -0.0272532 -0.0390178
6.18 0 -0.0122468 -0.0263144 -0.0388597
6.19 0 -0.0116088 -0.0252471 -0.0382129
6.2 0 -0.0110421 -0.0241448 -0.0370296
6.21 0 -0.0105334 -0.0230416 -0.0352879
6.22 0 -0.010073 -0.0219033 -0.033005
6.23 0 -0.00965331 -0.0206452 -0.0302353
6.24 0 -0.00925439 -0.0191723 -0.0270565
6.25 0 -0.00882867 -0.0174158 -0.0235529
6.26 0 -0.00829368 -0.0153486 -0.0198001
6.27 0 -0.00754589 -0.0129822 -0.0158601
6.28 0 -0.0064952 -0.0103489 -0.0117891
6.29 0 -0.00509747 -0.00747992 -0.00764507
6.3 0 -0.00337176 -0.00439352 -0.00348965
6.31 0 -0.00140227 -0.00110344 0.000615855
6.32 0 0.000680196 0.00235438 0.00461877
6.33 0 0.00273425 0.00589374 0.0084844
6.34 0 0.00464779 0.0093721 0.012202
6.35 0 0.00635935 0.012617 0.0157799
6.36 0 0.00784267 0.0154752 0.0192245
6.37 0 0.00907798 0.0178534 0.022514
6.38 0 0.0100357 0.0197284 0.0255833
6.39 0 0.0106712 0.0211318 0.0283272
6.4 0 0.0109419 0.022114 0.0306201
6.41 0 0.0108409 0.0227053 0.0323452
6.42 0 0.0104218 0.0228952 0.0334161
6.43 0 0.00978894 0.0226438 0.0337816
6.44 0 0.00905809 0.0219157 0.0334151
6.45 0 0.00831299 0.0207144 0.0322985
6.46 0 0.00757854 0.0190922 0.030413
6.47 0 0.00682299 0.0171263 0.027741
6.48 0 0.00598553 0.0148789 0.0242817
6.49 0 0.00501081 0.0123687 0.0200708
6.5 0 0.0038713 0.00956511 0.0151881
6.51 0 0.00256403 0.00640617 0.00974755
6.52 0 0.00108987 0.00283111 0.00387341
6.53 0 -0.000565303 -0.00118599 -0.00232396
6.54 0 -0.00243494 -0.00561647 -0.00875935
6.55 0 -0.00455525 -0.0103777 -0.0153658
6.56 0 -0.00694132 -0.0153553 -0.0220802
6.57 0 -0.00957458 -0.0204321 -0.0288319
6.58 0 -0.0123982 -0.025505 -0.0355331
6.59 0 -0.0153153 -0.0304924 -0.0420733
6.6 0 -0.0182049 -0.0353355 -0.0483351
6.61 0 -0.0209515 -0.0399816 -0.0542149
6.62 0 -0.0234685 -0.0443603 -0.0596347
6.63 0 -0.0257081 -0.0483771 -0.0645434
6.64 0 -0.0276526 -0.0519265 -0.0689093
6.65 0 -0.0292923 -0.0549136 -0.0727036
6.66 0 -0.0306066 -0.0572737 -0.0758876
6.67 0 -0.0315586 -0.0589789 -0.0784071
6.68 0 -0.0321025 -0.0600297 -0.0801977
6.69 0 -0.0322032 -0.0604387 -0.0811991
6.7 0 -0.0318586 -0.0602124 -0.0813669
6.71 0 -0.0311136 -0.0593449 -0.0806778
6.72 0 -0.0300517 -0.0578322 -0.0791279
6.73 0 -0.0287688 -0.0556963 -0.0767275
6.74 0 -0.0273421 -0.0529987 -0.0734943
6.75 0 -0.0258127 -0.0498338 -0.0694484
6.76 0 -0.0241896 -0.046307 -0.0646199
6.77 0 -0.0224698 -0.0425095 -0.0590645
6.78 0 -0.0206547 -0.0384968 -0.0528724
6.79 0 -0.0187471 -0.0342783 -0.0461591
6.8 0 -0.0167388 -0.0298249 -0.0390468
6.81 0 -0.0146046 -0.0250955 -0.0316514
6.82 0 -0.0122997 -0.0200676 -0.0240774
6.83 0 -0.00976069 -0.0147507 -0.0164141
6.84 0 -0.00691833 -0.00917729 -0.00873156
6.85 0 -0.0037195 -0.00338045 -0.00107859
6.86 0 -0.000163593 0.00262842 0.00651437
6.87 0 0.00365501 0.00886454 0.0140322
6.88 0 0.00758253 0.0153358 0.0214857
6.89 0 0.011525 0.0219951 0.0289271
6.9 0 0.0154929 0.0287352 0.0364401
6.91 0 0.0195183 0.0354294 0.0440987
6.92 0 0.0235771 0.04198 0.0519292
6.93 0 0.0275819 0.0483468 0.0598988
6.94 0 0.0314166 0.0545413 0.0679355
6.95 0 0.0349756 0.0605905 0.0759547
6.96 0 0.0381936 0.0664953 0.0838766
6.97 0 0.0410598 0.0722081 0.0916363
6.98 0 0.0436067 0.0776356 0.0991819
6.99 0 0.0458866 0.0826656 0.106465
7 0 0.047951 0.087213 0.113435
7.01 0 0.0498356 0.0912596 0.120035
7.02 0 0.0515499 0.0948539 0.126198
7.03 0 0.0530848 0.0980838 0.131849
7.04 0 0.0544373 0.101043 0.13693
7.05 0 0.0556323 0.103798 0.141408
7.06 0 0.0567202 0.10637 0.145281
7.07 0 0.0577592 0.108728 0.148559
7.08 0 0.058793 0.110815 0.151253
7.09 0 0.0598302 0.112574 0.153365
7.1 0 0.0608314 0.113961 0.154879
7.11 0 0.0617186 0.114957 0.155765
7.12 0 0.0623981 0.115546 0.155995
7.13 0 0.062783 0.115706 0.155557
7.14 0 0.0628078 0.115385 0.154455
7.15 0 0.0624384 0.114514 0.15271
7.16 0 0.0616761 0.113017 0.150355
7.17 0 0.0605416 0.110846 0.147411
7.18 0 0.0590478 0.107985 0.143878
7.19 0 0.0571867 0.104457 0.139718
7.2 0 0.0549379 0.100311 0.134871
7.21 0 0.0522885 0.0955979 0.129275
7.22 0 0.0492455 0.0903507 0.12288
7.23 0 0.0458368 0.0845739 0.115657
7.24 0 0.0421047 0.0782493 0.107601
7.25 0 0.0380941 0.0713546 0.0987276
7.26 0 0.0338396 0.0638814 0.0890614
7.27 0 0.0293547 0.0558427 0.0786274
7.28 0 0.0246305 0.0472695 0.0674445
7.29 0 0.0196451 0.0382037 0.0555277
7.3 0 0.0143817 0.0286861 0.0428942
7.31 0 0.00884649 0.0187451 0.0295729
7.32 0 0.00307405 0.0083949 0.0156087
7.33 0 -0.00283001 -0.00235584 0.00106291
7.34 0 -0.00870494 -0.0134703 -0.0139868
7.35 0 -0.014489 -0.0248338 -0.0294461
7.36 0 -0.0202575 -0.0362798 -0.0451993
7.37 0 -0.0261037 -0.0476786 -0.0611011
7.38 0 -0.0320661 -0.0589704 -0.0769847
7.39 0 -0.038121 -0.0701415 -0.0926848
7.4 0 -0.0442037 -0.0811956 -0.108064
7.41 0 -0.050238 -0.0921279 -0.123029
7.42 0 -0.0561587 -0.102904 -0.137517
7.43 0 -0.0619195 -0.113455 -0.151491
7.44 0 -0.067488 -0.123683 -0.164933
7.45 0 -0.0728273 -0.133469 -0.177825
7.46 0 -0.0778861 -0.142694 -0.190143
7.47 0 -0.0826005 -0.151269 -0.201852
7.48 0 -0.0868989 -0.159145 -0.21291
7.49 0 -0.0907145 -0.166307 -0.22327
7.5 0 -0.094109 -0.17273 -0.232898
7.51 0 -0.0972514 -0.178395 -0.241756
7.52 0 -0.100157 -0.183386 -0.249781
7.53 0 -0.102708 -0.187846 -0.256893
7.54 0 -0.10482 -0.191885 -0.263033
7.55 0 -0.10648 -0.195521 -0.268179
7.56 0 -0.10775 -0.198676 -0.272352
7.57 0 -0.108731 -0.201224 -0.275595
7.58 0 -0.109519 -0.203046 -0.277953
7.59 0 -0.110154 -0.204089 -0.279449
7.6 0 -0.110605 -0.204381 -0.280072
7.61 0 -0.110788 -0.204018 -0.279789
7.62 0 -0.110612 -0.203118 -0.278576
7.63 0 -0.110041 -0.201784 -0.27646
7.64 0 -0.109127 -0.200079 -0.273545
7.65 0 -0.107988 -0.198017 -0.269996
7.66 0 -0.106743 -0.195585 -0.265985
7.67 0 -0.105455 -0.192774 -0.261645
7.68 0 -0.104106 -0.18961 -0.257051
7.69 0 -0.10262 -0.186156 -0.252232
7.7 0 -0.100902 -0.182491 -0.247197
7.71 0 -0.0988827 -0.178665 -0.241952
7.72 0 -0.0965441 -0.174681 -0.236525
7.73 0 -0.0939212 -0.170493 -0.230955
7.74 0 -0.0910794 -0.166037 -0.225282
7.75 0 -0.088082 -0.161268 -0.219529
7.76 0 -0.0849634 -0.156184 -0.213682
7.77 0 -0.0817206 -0.150826 -0.207693
7.78 0 -0.0783261 -0.145256 -0.201485
7.79 0 -0.0747528 -0.139524 -0.194973
7.8 0 -0.0709983 -0.13364 -0.188086
7.81 0 -0.0670942 -0.127575 -0.180776
7.82 0 -0.0630953 -0.121271 -0.173016
7.83 0 -0.0590575 -0.114671 -0.164789
7.84 0 -0.0550168 -0.10775 -0.156079
7.85 0 -0.0509758 -0.100519 -0.146863
7.86 0 -0.0469077 -0.0930203 -0.137114
7.87 0 -0.042773 -0.0853045 -0.126806
7.88 0 -0.0385412 -0.0774072 -0.115931
7.89 0 -0.0342037 -0.0693354 -0.104503
7.9 0 -0.0297736 -0.0610673 -0.0925542
7.91 0 -0.0252729 -0.0525642 -0.0801263
7.92 0 -0.0207162 -0.043789 -0.0672622
7.93 0 -0.0160975 -0.0347263 -0.053999
7.94 0 -0.0113898 -0.0253884 -0.0403668
7.95 0 -0.00655503 -0.0158001 -0.0263941
7.96 0 -0.00159171 -0.00597452 -0.0121182
7.97 0 0.00343393 0.00408298 0.00241338
7.98 0 0.00848162 0.0143337 0.0171375
7.99 0 0.0136122 0.0246917 0.0319473
8 0 0.0189087 0.0350558 0.0466772
8.01 0 0.0243933 0.0453536 0.0611265
8.02 0 0.0300273 0.0555484 0.0751071
8.03 0 0.0357395 0.0656045 0.0884752
8.04 0 0.0414465 0.0754609 0.101139
8.05 0 0.0470701 0.0850365 0.113063
8.06 0 0.0525492 0.0942473 0.124254
8.07 0 0.0578353 0.103016 0.134744
8.08 0 0.0628783 0.111276 0.144571
8.09 0 0.0676168 0.118975 0.153768
8.1 0 0.0719816 0.126076 0.162362
8.11 0 0.0759055 0.132559 0.170373
8.12 0 0.0793379 0.138413 0.17782
8.13 0 0.0822562 0.143635 0.184722
8.14 0 0.0846654 0.148222 0.1911
8.15 0 0.0865873 0.152169 0.196963
8.16 0 0.0880473 0.155467 0.202305
8.17 0 0.0890691 0.158116 0.207096
8.18 0 0.0896839 0.160139 0.211304
8.19 0 0.0899399 0.161589 0.214899
8.2 0 0.0899063 0.162546 0.217866
8.21 0 0.0896722 0.163106 0.220207
8.22 0 0.0893352 0.16337 0.221936
8.23 0 0.0889882 0.163427 0.223072
8.24 0 0.0887068 0.163349 0.223635
8.25 0 0.0885435 0.163189 0.223645
8.26 0 0.088528 0.162979 0.223128
8.27 0 0.0886673 0.162733 0.222126
8.28 0 0.0889407 0.16244 0.220696
8.29 0 0.089296 0.162066 0.218904
8.3 0 0.0896521 0.161563 0.216812
8.31 0 0.0899092 0.160871 0.21448
8.32 0 0.0899651 0.159936 0.211962
8.33 0 0.0897304 0.158708 0.209312
8.34 0 0.0891437 0.157153 0.206578
8.35 0 0.0881794 0.15526 0.203808
8.36 0 0.0868487 0.15304 0.201045
8.37 0 0.0851901 0.150528 0.198314
8.38 0 0.083255 0.147769 0.195621
8.39 0 0.0810961 0.144814 0.192936
8.4 0 0.078763 0.141702 0.190202
8.41 0 0.0763028 0.138459 0.187344
8.42 0 0.0737562 0.135089 0.184271
8.43 0 0.0711533 0.131567 0.180881
8.44 0 0.0685171 0.127857 0.17708
8.45 0 0.0658697 0.123927 0.17279
8.46 0 0.063231 0.119761 0.167963
8.47 0 0.0606128 0.115361 0.162573
8.48 0 0.0580144 0.11074 0.156617
8.49 0 0.0554225 0.105915 0.150115
8.5 0 0.0528143 0.100895 0.143101
8.51 0 0.0501604 0.0956812 0.135625
8.52 0 0.0474286 0.0902607 0.127743
8.53 0 0.044586 0.0846154 0.119514
8.54 0 0.0415986 0.0787261 0.110988
8.55 0 0.038431 0.0725754 0.1022
8.56 0 0.0350474 0.0661487 0.0931699
8.57 0 0.0314161 0.0594311 0.0838994
8.58 0 0.0275168 0.0524082 0.0743812
8.59 0 0.0233471 0.0450704 0.0646079
8.6 0 0.0189298 0.0374228 0.0545798
8.61 0 0.0143123 0.0294898 0.0443052
8.62 0 0.00955441 0.0213093 0.0337929
8.63 0 0.00472508 0.0129231 0.0230431
8.64 0 -6.58381e-05 0.00436794 0.0120484
8.65 0 -0.00469266 -0.00429955 0.000790401
8.66 0 -0.0091267 -0.0129617 -0.010767
8.67 0 -0.0134524 -0.0214699 -0.0226396
8.68 0 -0.0177488 -0.0297231 -0.0347575
8.69 0 -0.0220069 -0.0377174 -0.0469355
8.7 0 -0.0261496 -0.0455319 -0.0589067
8.71 0 -0.0300949 -0.0532457 -0.070405
8.72 0 -0.0338116 -0.0608537 -0.0812383
8.73 0 -0.0373421 -0.0682473 -0.091307
8.74 0 -0.0407721 -0.0752582 -0.100581
8.75 0 -0.0441734 -0.0817271 -0.109063
8.76 0 -0.0475601 -0.0875614 -0.116752
8.77 0 -0.0508723 -0.0927597 -0.123626
8.78 0 -0.0539976 -0.0973934 -0.129651
8.79 0 -0.0568239 -0.101566 -0.134808
8.8 0 -0.0592957 -0.105371 -0.139132
8.81 0 -0.0614357 -0.108853 -0.142714
8.82 0 -0.063316 -0.111991 -0.145678
8.83 0 -0.0650133 -0.114713 -0.148151
8.84 0 -0.0665729 -0.11696 -0.150233
8.85 0 -0.0679884 -0.118724 -0.151988
8.86 0 -0.0692035 -0.120061 -0.153439
8.87 0 -0.070136 -0.121055 -0.154578
8.88 0 -0.0707165 -0.121776 -0.155392
8.89 0 -0.0709216 -0.122247 -0.155881
8.9 0 -0.0707836 -0.122438 -0.156065
8.91 0 -0.0703688 -0.122284 -0.155971
8.92 0 -0.0697417 -0.121721 -0.15561
8.93 0 -0.068938 -0.12072 -0.15496
8.94 0 -0.0679605 -0.119304 -0.153973
8.95 0 -0.0667968 -0.117543 -0.152588
8.96 0 -0.0654427 -0.115519 -0.150757
8.97 0 -0.0639196 -0.113299 -0.148454
8.98 0 -0.0622764 -0.110914 -0.14568
8.99 0 -0.0605745 -0.108352 -0.142455
9 0 -0.0588632 -0.105573 -0.138804
9.01 0 -0.0571586 -0.102539 -0.134745
9.02 0 -0.0554342 -0.0992251 -0.130282
9.03 0 -0.053629 -0.0956305 -0.125408
9.04 0 -0.0516677 -0.091764 -0.120117
9.05 0 -0.049486 -0.0876288 -0.114414
9.06 0 -0.0470495 -0.0832133 -0.108326
9.07 0 -0.0443578 -0.0784933 -0.1019
9.08 0 -0.0414322 -0.0734423 -0.0951884
9.09 0 -0.0382995 -0.0680476 -0.0882383
9.1 0 -0.034978 -0.0623229 -0.0810788
9.11 0 -0.0314759 -0.0563091 -0.0737207
9.12 0 -0.0278016 -0.0500674 -0.0661653
9.13 0 -0.0239775 -0.0436686 -0.0584163
9.14 0 -0.0200472 -0.0371813 -0.0504877
9.15 0 -0.0160757 -0.030659 -0.0424059
9.16 0 -0.0121405 -0.0241375 -0.0342082
9.17 0 -0.0083127 -0.0176437 -0.0259354
9.18 0 -0.00465141 -0.011201 -0.0176253
9.19 0 -0.00122456 -0.00483413 -0.00931041
9.2 0 0.0019023 0.00141005 -0.00101315
9.21 0 0.00472369 0.00744533 0.00725307
9.22 0 0.00731821 0.0131702 0.0154678
9.23 0 0.00980574 0.018525 0.0235824
9.24 0 0.0122848 0.0235358 0.0315108
9.25 0 0.0148002 0.0283123 0.0391348
9.26 0 0.0173532 0.0330029 0.0463314
9.27 0 0.0199379 0.0377324 0.0530144
9.28 0 0.0225746 0.0425508 0.0591578
9.29 0 0.0253126 0.0474178 0.0647868
9.3 0 0.0282004 0.0522302 0.0699563
9.31 0 0.0312472 0.0568701 0.0747251
9.32 0 0.0343944 0.0612463 0.0791321
9.33 0 0.0375173 0.0653148 0.0831895
9.34 0 0.0404561 0.0690699 0.0868931
9.35 0 0.0430587 0.072513 0.0902415
9.36 0 0.0452214 0.0756262 0.0932538
9.37 0 0.0469081 0.0783585 0.095974
9.38 0 0.0481382 0.0806359 0.0984558
9.39 0 0.0489574 0.0823909 0.100739
9.4 0 0.0494081 0.0835958 0.102832
9.41 0 0.0495139 0.0842769 0.104698
9.42 0 0.0492837 0.0845033 0.106269
9.43 0 0.0487283 0.084355 0.10746
9.44 0 0.0478785 0.0838905 0.108188
9.45 0 0.0467945 0.0831291 0.108391
9.46 0 0.0455574 0.082055 0.108024
9.47 0 0.0442469 0.0806392 0.107056
9.48 0 0.0429189 0.0788631 0.105449
9.49 0 0.0415922 0.0767332 0.103168
9.5 0 0.04025 0.0742786 0.100179
9.51 0 0.0388549 0.0715333 0.0964657
9.52 0 0.0373671 0.068515 0.0920421
9.53 0 0.0357559 0.0652143 0.0869557
9.54 0 0.0340024 0.0615991 0.081283
9.55 0 0.0320921 0.0576312 0.0751187
9.56 0 0.0300069 0.0532863 0.0685632
9.57 0 0.0277198 0.0485707 0.0617115
9.58 0 0.0251973 0.0435241 0.0546484
9.59 0 0.022409 0.0382063 0.0474477
9.6 0 0.0193395 0.032676 0.0401719
9.61 0 0.0159976 0.0269709 0.0328728
9.62 0 0.0124192 0.0211038 0.0255904
9.63 0 0.00865662 0.0150751 0.018348
9.64 0 0.00476549 0.00889226 0.0111462
9.65 0 0.000830689 0.00257807 0.00396341
9.66 0 -0.00302078 -0.00382429 -0.00324366
9.67 0 -0.00670107 -0.0102299 -0.0105398
9.68 0 -0.0102228 -0.0165118 -0.0179953
9.69 0 -0.013643 -0.0225532 -0.0256488
9.7 0 -0.0169804 -0.0283109 -0.0334738
9.71 0 -0.020192 -0.0338294 -0.0413724
9.72 0 -0.0232051 -0.0391937 -0.0492009
9.73 0 -0.0259626 -0.0444625 -0.056815
9.74 0 -0.0284588 -0.0496266 -0.0641088
9.75 0 -0.030746 -0.0546096 -0.0710184
9.76 0 -0.0329086 -0.0593001 -0.0775063
9.77 0 -0.0350212 -0.0636005 -0.0835429
9.78 0 -0.0371155 -0.0674674 -0.0890947
9.79 0 -0.039169 -0.0709238 -0.0941173
9.8 0 -0.0411198 -0.0740393 -0.0985591
9.81 0 -0.0429007 -0.076889 -0.102379
9.82 0 -0.0444723 -0.0795142 -0.105565
9.83 0 -0.0458382 -0.0819031 -0.10814
9.84 0 -0.0470359 -0.0839978 -0.11016
9.85 0 -0.0481089 -0.0857222 -0.11169
9.86 0 -0.0490727 -0.0870162 -0.112783
9.87 0 -0.0498954 -0.08786 -0.113463
9.88 0 -0.0505044 -0.088274 -0.113725
9.89 0 -0.0508121 -0.0882968 -0.113549
9.9 0 -0.0507498 -0.0879546 -0.11292
9.91 0 -0.0502924 -0.0872416 -0.111838
9.92 0 -0.0494612 -0.0861204 -0.110324
9.93 0 -0.0483059 -0.0845398 -0.108404
9.94 0 -0.0468774 -0.0824626 -0.106091
9.95 0 -0.045207 -0.079888 -0.103376
9.96 0 -0.0433018 -0.0768553 -0.100224
9.97 0 -0.0411557 -0.0734292 -0.09659
9.98 0 -0.0387708 -0.0696755 -0.0924331
9.99 0 -0.0361759 -0.065642 -0.0877372
10 0 -0.0334332 -0.0613553 -0.0825211
10.01 0 -0.0306259 -0.0568307 -0.0768335
10.02 0 -0.02783 -0.0520866 -0.0707355
10.03 0 -0.0250907 -0.0471571 -0.0642855
10.04 0 -0.0224121 -0.0420921 -0.0575303
10.05 0 -0.0197622 -0.0369449 -0.0505071
10.06 0 -0.0170952 -0.0317564 -0.0432553
10.07 0 -0.0143751 -0.0265417 -0.0358273
10.08 0 -0.0115856 -0.0212878 -0.0282923
10.09 0 -0.0087277 -0.0159664 -0.0207305
10.1 0 -0.00580728 -0.0105548 -0.013221
10.11 0 -0.00284006 -0.00505237 -0.00583115
10.12 0 0.00012892 0.000512381 0.0013884
10.13 0 0.00304233 0.00607553 0.00840757
10.14 0 0.00587071 0.0115333 0.0152164
10.15 0 0.0086321 0.0167602 0.0218146
10.16 0 0.0113675 0.0216551 0.0281919
10.17 0 0.0140853 0.0261894 0.034311
10.18 0 0.0167434 0.03042 0.0401105
10.19 0 0.0192778 0.0344536 0.0455266
10.2 0 0.0216432 0.0383815 0.0505214
10.21 0 0.0238392 0.0422286 0.055098
10.22 0 0.025908 0.0459471 0.0592959
10.23 0 0.0279099 0.0494508 0.0631747
10.24 0 0.02989 0.0526673 0.0667921
10.25 0 0.0318527 0.0555765 0.0701855
10.26 0 0.0337579 0.058219 0.073367
10.27 0 0.0355401 0.0606721 0.0763338
10.28 0 0.0371408 0.0630088 0.0790849
10.29 0 0.0385336 0.065264 0.0816351
10.3 0 0.0397343 0.0674222 0.0840185
10.31 0 0.0407889 0.0694325 0.0862809
10.32 0 0.0417474 0.0712414 0.0884616
10.33 0 0.0426373 0.0728213 0.0905764
10.34 0 0.0434516 0.074183 0.092609
10.35 0 0.0441556 0.0753652 0.0945169
10.36 0 0.0447063 0.0764088 0.0962462
10.37 0 0.045077 0.0773313 0.0977485
10.38 0 0.0452729 0.0781154 0.0989931
10.39 0 0.045329 0.0787174 0.0999683
10.4 0 0.045292 0.0790875 0.100672
10.41 0 0.0451986 0.0791935 0.101098
10.42 0 0.0450602 0.0790349 0.10123
10.43 0 0.0448619 0.0786411 0.10104
10.44 0 0.0445727 0.0780528 0.100493
10.45 0 0.0441632 0.0772993 0.0995658
10.46 0 0.0436185 0.0763801 0.0982492
10.47 0 0.0429413 0.0752622 0.0965539
10.48 0 0.0421437 0.0738943 0.0945034
10.49 0 0.0412329 0.0722296 0.0921231
10.5 0 0.0401971 0.0702422 0.0894281
10.51 0 0.0389997 0.0679283 0.0864151
10.52 0 0.0375899 0.0652984 0.0830672
10.53 0 0.0359234 0.0623653 0.0793664
10.54 0 0.0339778 0.0591312 0.0753033
10.55 0 0.0317568 0.0555805 0.0708784
10.56 0 0.0292851 0.0516868 0.0660994
10.57 0 0.026598 0.047429 0.0609744
10.58 0 0.0237275 0.0428072 0.0555051
10.59 0 0.0206959 0.0378488 0.0496851
10.6 0 0.01752 0.0326037 0.0435049
10.61 0 0.0142239 0.0271331 0.0369631
10.62 0 0.0108467 0.0214983 0.030076
10.63 0 0.00744044 0.0157526 0.0228811
10.64 0 0.00407562 0.00993818 0.0154331
10.65 0 0.000854747 0.00409238 0.00779905
10.66 0 -0.00211666 -0.00173073 5.01526e-05
10.67 0 -0.00479523 -0.0074404 -0.00774841
10.68 0 -0.00722969 -0.0129177 -0.0155372
10.69 0 -0.00952402 -0.018058 -0.0232441
10.7 0 -0.0117675 -0.0228208 -0.030763
10.71 0 -0.0139926 -0.0272486 -0.0379549
10.72 0 -0.0161824 -0.0314418 -0.0446747
10.73 0 -0.018311 -0.0355051 -0.0508049
10.74 0 -0.0203852 -0.0394976 -0.0562832
10.75 0 -0.0224581 -0.0434133 -0.0611129
10.76 0 -0.0246059 -0.0471944 -0.065346
10.77 0 -0.0268831 -0.0507671 -0.0690525
10.78 0 -0.0292862 -0.0540777 -0.0722942
10.79 0 -0.0317442 -0.0571124 -0.0751136
10.8 0 -0.0341365 -0.0598911 -0.0775386
10.81 0 -0.0363296 -0.0624389 -0.0795974
10.82 0 -0.0382153 -0.0647551 -0.0813332
10.83 0 -0.0397324 -0.0667972 -0.0828082
10.84 0 -0.0408657 -0.0684899 -0.0840938
10.85 0 -0.0416294 -0.0697568 -0.0852526
10.86 0 -0.0420443 -0.0705537 -0.0863196
10.87 0 -0.0421243 -0.0708888 -0.0872922
10.88 0 -0.0418769 -0.0708212 -0.0881323
10.89 0 -0.0413152 -0.070436 -0.0887783
10.9 0 -0.0404714 -0.0698094 -0.0891613
10.91 0 -0.0394056 -0.068984 -0.089219
10.92 0 -0.0382033 -0.0679664 -0.0889048
10.93 0 -0.0369588 -0.0667427 -0.0881855
10.94 0 -0.0357514 -0.0653001 -0.0870334
10.95 0 -0.0346236 -0.0636427 -0.0854176
10.96 0 -0.033575 -0.0617945 -0.0833043
10.97 0 -0.0325723 -0.0597869 -0.0806664
10.98 0 -0.0315683 -0.0576406 -0.0774973
10.99 0 -0.0305198 -0.0553501 -0.0738206
11 0 -0.0293964 -0.0528834 -0.0696924
11.01 0 -0.0281786 -0.0501942 -0.0651942
11.02 0 -0.0268511 -0.0472449 -0.0604214
11.03 0 -0.0253957 -0.0440285 -0.0554728
11.04 0 -0.0237897 -0.0405768 -0.05044
11.05 0 -0.0220043 -0.0369465 -0.0453969
11.06 0 -0.0200119 -0.0331956 -0.0403956
11.07 0 -0.0178012 -0.0293646 -0.0354724
11.08 0 -0.0153897 -0.0254713 -0.0306552
11.09 0 -0.0128209 -0.0215141 -0.0259639
11.1 0 -0.0101487 -0.0174853 -0.021403
11.11 0 -0.007421 -0.0133855 -0.0169538
11.12 0 -0.00467728 -0.00923292 -0.0125723
11.13 0 -0.00197409 -0.00506246 -0.00819898
11.14 0 0.000597443 -0.000921389 -0.00377315
11.15 0 0.00294703 0.00312511 0.000757433
11.16 0 0.00502983 0.00699406 0.00543067
11.17 0 0.00685389 0.0106047 0.0102578
11.18 0 0.00845595 0.0139079 0.0152073
11.19 0 0.00986458 0.0169088 0.0201971
11.2 0 0.0110894 0.0196631 0.0251052
11.21 0 0.0121411 0.0222466 0.0297946
11.22 0 0.0130537 0.0247197 0.0341434
11.23 0 0.0138915 0.027105 0.0380648
11.24 0 0.0147385 0.0293853 0.0415115
11.25 0 0.0156768 0.0315205 0.0444665
11.26 0 0.0167602 0.033474 0.0469284
11.27 0 0.0179925 0.0352331 0.048899
11.28 0 0.0193254 0.036811 0.0503805
11.29 0 0.0206767 0.0382311 0.0513836
11.3 0 0.02196 0.039505 0.0519417
11.31 0 0.0231077 0.0406169 0.0521184
11.32 0 0.0240779 0.0415241 0.0520031
11.33 0 0.0248462 0.0421706 0.0516954
11.34 0 0.025391 0.0425095 0.0512835
11.35 0 0.0256825 0.0425208 0.0508279
11.36 0 0.0256839 0.0422177 0.0503554
11.37 0 0.025363 0.0416366 0.0498636
11.38 0 0.0247095 0.040819 0.0493311
11.39 0 0.0237475 0.0397953 0.0487287
11.4 0 0.0225355 0.0385782 0.0480243
11.41 0 0.0211542 0.0371679 0.0471824
11.42 0 0.0196883 0.0355665 0.0461599
11.43 0 0.0182104 0.0337906 0.0449054
11.44 0 0.0167722 0.0318754 0.043362
11.45 0 0.015403 0.029867 0.0414754
11.46 0 0.0141148 0.0278088 0.0392052
11.47 0 0.0129126 0.025727 0.0365365
11.48 0 0.0118003 0.0236249 0.0334866
11.49 0 0.0107796 0.0214863 0.0301036
11.5 0 0.00984285 0.0192895 0.026458
11.51 0 0.00896434 0.0170222 0.0226327
11.52 0 0.00809735 0.014687 0.0187134
11.53 0 0.00718045 0.0122964 0.0147815
11.54 0 0.0061514 0.00986268 0.0109102
11.55 0 0.00496344 0.00738838 0.00716442
11.56 0 0.00360331 0.00486321 0.00359932
11.57 0 0.00209682 0.00227107 0.000254698
11.58 0 0.000495979 -0.00039234 -0.0028534
11.59 0 -0.00113854 -0.00310311 -0.00573824
11.6 0 -0.00275616 -0.00580288 -0.0084413
11.61 0 -0.00432669 -0.00840967 -0.0110222
11.62 0 -0.00583216 -0.0108445 -0.0135412
11.63 0 -0.00725664 -0.0130586 -0.016042
11.64 0 -0.00858105 -0.0150485 -0.018541
11.65 0 -0.00977547 -0.0168555 -0.0210272
11.66 0 -0.0108072 -0.0185443 -0.0234717
11.67 0 -0.011664 -0.0201715 -0.0258452
11.68 0 -0.0123685 -0.0217615 -0.0281299
11.69 0 -0.012975 -0.0233016 -0.0303205
11.7 0 -0.0135502 -0.0247576 -0.0324165
11.71 0 -0.0141479 -0.0260991 -0.0344097
11.72 0 -0.0147898 -0.0273188 -0.0362765
11.73 0 -0.0154621 -0.0284347 -0.0379785
11.74 0 -0.0161301 -0.0294779 -0.0394733
11.75 0 -0.016758 -0.0304708 -0.0407277
11.76 0 -0.0173244 -0.0314093 -0.0417278
11.77 0 -0.0178272 -0.0322604 -0.0424814
11.78 0 -0.0182774 -0.0329766 -0.0430138
11.79 0 -0.0186866 -0.0335179 -0.0433578
11.8 0 -0.019054 -0.0338704 -0.0435433
11.81 0 -0.0193614 -0.0340503 -0.0435905
11.82 0 -0.0195776 -0.0340925 -0.0435097
11.83 0 -0.0196713 -0.0340309 -0.0433059
11.84 0 -0.0196249 -0.0338819 -0.0429867
11.85 0 -0.0194407 -0.0336384 -0.0425654
11.86 0 -0.0191371 -0.0332754 -0.0420573
11.87 0 -0.0187384 -0.0327651 -0.0414736
11.88 0 -0.0182622 -0.0320919 -0.0408136
11.89 0 -0.0177133 -0.0312607 -0.0400614
11.9 0 -0.0170852 -0.0302932 -0.039189
11.91 0 -0.0163699 -0.0292169 -0.0381645
11.92 0 -0.0155674 -0.0280511 -0.0369609
11.93 0 -0.0146907 -0.0267982 -0.0355613
11.94 0 -0.013762 -0.0254442 -0.0339587
11.95 0 -0.0128051 -0.0239686 -0.032153
11.96 0 -0.0118365 -0.0223578 -0.0301472
11.97 0 -0.0108593 -0.0206138 -0.0279457
11.98 0 -0.00986283 -0.0187533 -0.0255528
11.99 0 -0.00882793 -0.0167984 -0.0229749
12 0 -0.00773504 -0.0147667 -0.0202241
12.01 0 -0.00657156 -0.0126646 -0.0173209
12.02 0 -0.00533831 -0.0104836 -0.0142944
12.03 0 -0.00405503 -0.008205 -0.0111787
12.04 0 -0.00275123 -0.00581362 -0.00800349
12.05 0 -0.00144743 -0.00331293 -0.00478436
12.06 0 -0.000147456 -0.000729564 -0.00152002
12.07 0 0.00115828 0.00189371 0.00180188
12.08 0 0.00248167 0.00451205 0.00519255
12.09 0 0.00382643 0.00709362 0.00865104
12.1 0 0.00518259 0.00962755 0.0121583
12.11 0 0.00653096 0.0121196 0.015678
12.12 0 0.00785804 0.0145787 0.0191638
12.13 0 0.00916004 0.017007 0.0225668
12.14 0 0.010438 0.0193957 0.0258414
12.15 0 0.0116969 0.0217263 0.0289507
12.16 0 0.0129433 0.0239764 0.031868
12.17 0 0.0141799 0.0261262 0.0345758
12.18 0 0.0154019 0.0281606 0.0370639
12.19 0 0.0165971 0.0300697 0.0393274
12.2 0 0.017748 0.0318478 0.0413672
12.21 0 0.0188342 0.0334902 0.0431887
12.22 0 0.0198355 0.0349893 0.0448011
12.23 0 0.020735 0.0363332 0.0462168
12.24 0 0.0215195 0.0375077 0.0474496
12.25 0 0.0221791 0.0385002 0.0485119
12.26 0 0.0227057 0.0393032 0.0494135
12.27 0 0.0230931 0.0399154 0.0501589
12.28 0 0.0233369 0.0403407 0.0507471
12.29 0 0.0234365 0.0405847 0.0511722
12.3 0 0.0233966 0.0406526 0.0514251
12.31 0 0.0232274 0.0405478 0.0514953
12.32 0 0.0229439 0.0402719 0.0513715
12.33 0 0.0225625 0.0398268 0.0510416
12.34 0 0.0220985 0.0392157 0.0504932
12.35 0 0.0215643 0.038445 0.0497148
12.36 0 0.0209688 0.0375236 0.048697
12.37 0 0.0203174 0.0364604 0.0474342
12.38 0 0.0196119 0.0352614 0.0459252
12.39 0 0.018853 0.0339286 0.044175
12.4 0 0.0180403 0.0324607 0.0421945
12.41 0 0.0171715 0.0308547 0.0399993
12.42 0 0.0162407 0.0291083 0.0376072
12.43 0 0.0152376 0.0272206 0.0350356
12.44 0 0.014149 0.0251923 0.0323011
12.45 0 0.0129621 0.0230255 0.0294196
12.46 0 0.011667 0.0207232 0.0264084
12.47 0 0.0102589 0.0182899 0.0232848
12.48 0 0.00874003 0.015734 0.0200652
12.49 0 0.0071197 0.0130662 0.0167649
12.5 0 0.00541602 0.0102997 0.0133971
12.51 0 0.00366698 0.00744841 0.00997422
12.52 0 0.00193399 0.00453111 0.00650614
12.53 0 0.000280874 0.00158247 0.00299666
12.54 0 -0.00124903 -0.00134268 -0.000558611
12.55 0 -0.00264441 -0.00417689 -0.00416748
12.56 0 -0.00392074 -0.00685893 -0.00783013
12.57 0 -0.00510075 -0.0093571 -0.0115278
12.58 0 -0.00620146 -0.0116806 -0.015218
12.59 0 -0.00723736 -0.0138705 -0.0188386
12.6 0 -0.00822592 -0.0159788 -0.022319
12.61 0 -0.00918849 -0.018046 -0.0255933
12.62 0 -0.0101519 -0.0200883 -0.0286105
12.63 0 -0.0111469 -0.0220962 -0.0313394
12.64 0 -0.0121999 -0.0240423 -0.0337677
12.65 0 -0.0133229 -0.0258935 -0.0358961
12.66 0 -0.0145051 -0.0276237 -0.0377319
12.67 0 -0.0157126 -0.0292199 -0.0392857
12.68 0 -0.0168949 -0.0306797 -0.0405724
12.69 0 -0.0179964 -0.0320014 -0.0416139
12.7 0 -0.018968 -0.0331746 -0.0424403
12.71 0 -0.0197748 -0.0341755 -0.0430885
12.72 0 -0.020397 -0.0349723 -0.0435971
12.73 0 -0.0208244 -0.0355347 -0.0439983
12.74 0 -0.0210501 -0.035845 -0.0443104
12.75 0 -0.0210661 -0.0359019 -0.0445326
12.76 0 -0.0208658 -0.0357189 -0.0446466
12.77 0 -0.0204513 -0.0353169 -0.0446228
12.78 0 -0.019841 -0.0347176 -0.0444292
12.79 0 -0.0190726 -0.0339387 -0.0440372
12.8 0 -0.0181986 -0.0329936 -0.0434246
12.81 0 -0.0172769 -0.0318963 -0.0425743
12.82 0 -0.0163579 -0.0306662 -0.0414715
12.83 0 -0.0154755 -0.0293302 -0.0401032
12.84 0 -0.0146461 -0.0279197 -0.0384612
12.85 0 -0.0138723 -0.0264643 -0.0365473
12.86 0 -0.0131477 -0.0249822 -0.034377
12.87 0 -0.0124605 -0.0234754 -0.0319801
12.88 0 -0.0117952 -0.0219316 -0.0294001
12.89 0 -0.0111303 -0.0203307 -0.0266899
12.9 0 -0.0104371 -0.0186528 -0.0239045
12.91 0 -0.00968017 -0.0168835 -0.0210953
12.92 0 -0.00882248 -0.0150189 -0.0183066
12.93 0 -0.00783228 -0.013066 -0.0155731
12.94 0 -0.00669228 -0.0110394 -0.0129221
12.95 0 -0.00540614 -0.00895544 -0.0103744
12.96 0 -0.00400884 -0.00682819 -0.00794515
12.97 0 -0.00256932 -0.00467247 -0.0056411
12.98 0 -0.00116873 -0.00251537 -0.00345466
12.99 0 0.000125134 -0.000403517 -0.00135934
13 0 0.00127264 0.00159986 0.000686197
13.01 0 0.00226232 0.00342959 0.00272539
13.02 0 0.00309893 0.00504001 0.0047878
13.03 0 0.00378955 0.00642227 0.00687737
13.04 0 0.00433553 0.00760788 0.00897
13.05 0 0.00473836 0.00865346 0.011021
13.06 0 0.00501471 0.00961628 0.0129793
13.07 0 0.00520808 0.0105363 0.0148027
13.08 0 0.00538552 0.0114308 0.016465
13.09 0 0.00561898 0.0123001 0.0179523
13.1 0 0.00596308 0.0131406 0.019256
13.11 0 0.00644065 0.0139572 0.0203683
13.12 0 0.00704282 0.014763 0.0212821
13.13 0 0.00773863 0.0155717 0.021996
13.14 0 0.00848556 0.0163868 0.0225195
13.15 0 0.0092398 0.0171942 0.0228779
13.16 0 0.00996344 0.0179617 0.0231105
13.17 0 0.0106241 0.0186466 0.0232642
13.18 0 0.0111905 0.0192071 0.0233827
13.19 0 0.0116297 0.0196142 0.0234987
13.2 0 0.011909 0.0198575 0.0236291
13.21 0 0.0120017 0.0199421 0.0237751
13.22 0 0.0118937 0.0198798 0.0239244
13.23 0 0.0115904 0.0196809 0.0240557
13.24 0 0.0111171 0.0193492 0.0241414
13.25 0 0.0105149 0.0188846 0.0241499
13.26 0 0.00983259 0.0182891 0.0240457
13.27 0 0.00911545 0.0175722 0.0237885
13.28 0 0.00839809 0.0167518 0.0233356
13.29 0 0.00770267 0.0158507 0.0226461
13.3 0 0.00704104 0.0148893 0.0216882
13.31 0 0.00641869 0.0138783 0.0204452
13.32 0 0.00583973 0.0128156 0.0189199
13.33 0 0.00530804 0.0116889 0.0171332
13.34 0 0.00482197 0.010485 0.0151207
13.35 0 0.00436925 0.00920104 0.0129291
13.36 0 0.0039264 0.00784917 0.010612
13.37 0 0.00346377 0.00645211 0.00822744
13.38 0 0.00295402 0.00503378 0.00583596
13.39 0 0.00237833 0.00360959 0.00349666
13.4 0 0.0017295 0.00218224 0.00126217
13.41 0 0.00101223 0.000744596 -0.000827245
13.42 0 0.000237879 -0.000711986 -0.00274991
13.43 0 -0.000583659 -0.00218867 -0.00450681
13.44 0 -0.00144589 -0.00367452 -0.00611974
13.45 0 -0.00233944 -0.00514738 -0.00762299
13.46 0 -0.00324758 -0.00657871 -0.00905289
13.47 0 -0.00414442 -0.00794049 -0.010439
13.48 0 -0.00499183 -0.00921078 -0.0117974
13.49 0 -0.00574512 -0.0103736 -0.0131299
13.5 0 -0.0063692 -0.0114149 -0.0144272
13.51 0 -0.00684794 -0.0123201 -0.0156739
13.52 0 -0.00718039 -0.0130766 -0.016849
13.53 0 -0.00737595 -0.0136766 -0.0179274
13.54 0 -0.00745183 -0.0141183 -0.0188803
13.55 0 -0.00742936 -0.0144065 -0.0196763
13.56 0 -0.00733081 -0.0145505 -0.0202833
13.57 0 -0.00717709 -0.0145615 -0.0206711
13.58 0 -0.00698634 -0.0144497 -0.0208144
13.59 0 -0.00677323 -0.0142229 -0.0206956
13.6 0 -0.00654838 -0.0138857 -0.0203068
13.61 0 -0.00631772 -0.0134406 -0.0196512
13.62 0 -0.00608299 -0.0128901 -0.0187439
13.63 0 -0.00584281 -0.0122384 -0.0176111
13.64 0 -0.00559207 -0.0114925 -0.0162878
13.65 0 -0.00532024 -0.0106615 -0.0148145
13.66 0 -0.00501199 -0.009755 -0.0132336
13.67 0 -0.00465042 -0.00878058 -0.0115864
13.68 0 -0.00422129 -0.00774234 -0.00991109
13.69 0 -0.00371596 -0.00664138 -0.0082402
13.7 0 -0.00313255 -0.00547882 -0.00659943
13.71 0 -0.00247629 -0.00425988 -0.00500656
13.72 0 -0.00176007 -0.0029958 -0.00347071
13.73 0 -0.00100493 -0.00170348 -0.00199219
13.74 0 -0.000237239 -0.000405264 -0.000563651
13.75 0 0.000517049 0.000872691 0.000828028
13.76 0 0.00123572 0.00210486 0.002199
13.77 0 0.00190032 0.0032708 0.00356405
13.78 0 0.0024966 0.00435697 0.00493184
13.79 0 0.00301635 0.00535703 0.00630224
13.8 0 0.00345699 0.00627174 0.00766592
13.81 0 0.00382007 0.00710642 0.00900492
13.82 0 0.0041119 0.00786698 0.010295
13.83 0 0.00434547 0.00855778 0.01151
13.84 0 0.00453986 0.00918136 0.012625
13.85 0 0.00471653 0.00973943 0.0136181
13.86 0 0.00489405 0.0102342 0.0144708
13.87 0 0.00508339 0.0106687 0.0151671
13.88 0 0.00528672 0.011046 0.0156956
13.89 0 0.00549998 0.0113683 0.0160518
13.9 0 0.00571576 0.0116359 0.01624
13.91 0 0.00592449 0.0118453 0.0162738
13.92 0 0.00611631 0.0119899 0.0161735
13.93 0 0.00628172 0.0120606 0.0159633
13.94 0 0.00640871 0.0120501 0.0156673
13.95 0 0.00648115 0.0119548 0.0153059
13.96 0 0.00648092 0.0117744 0.0148947
13.97 0 0.00639144 0.0115094 0.0144439
13.98 0 0.00620123 0.0111585 0.0139586
13.99 0 0.00590719 0.0107184 0.0134403
14 0 0.00551676 0.0101856 0.0128878
14.01 0 0.00504845 0.00955887 0.0122964
14.02 0 0.00452836 0.00884294 0.0116566
14.03 0 0.00398324 0.0080515 0.0109536
14.04 0 0.00343546 0.00720757 0.0101694
14.05 0 0.0029018 0.00633894 0.00928617
14.06 0 0.00239525 0.00547033 0.00829154
14.07 0 0.00192808 0.00461607 0.00718158
14.08 0 0.00151105 0.00377746 0.00596157
14.09 0 0.0011477 0.00294641 0.00464419
14.1 0 0.000830179 0.00211198 0.00324729
14.11 0 0.000540049 0.00126562 0.0017924
14.12 0 0.000252837 0.000403432 0.00030431
14.13 0 -5.55562e-05 -0.000474908 -0.00118941
14.14 0 -0.000403239 -0.00136876 -0.00265968
14.15 0 -0.000798625 -0.00227747 -0.00407766
14.16 0 -0.00124024 -0.00319927 -0.00541767
14.17 0 -0.00172017 -0.00412977 -0.00666138
14.18 0 -0.00222792 -0.00506025 -0.00780076
14.19 0 -0.00275337 -0.00597674 -0.00883815
14.2 0 -0.00328801 -0.00686183 -0.00978408
14.21 0 -0.00382199 -0.00769914 -0.0106533
14.22 0 -0.00434039 -0.00847778 -0.0114605
14.23 0 -0.00482432 -0.00919413 -0.0122189
14.24 0 -0.00525683 -0.00985037 -0.0129406
14.25 0 -0.00562855 -0.0104511 -0.013637
14.26 0 -0.00593947 -0.0110003 -0.0143187
14.27 0 -0.00619791 -0.0114999 -0.0149927
14.28 0 -0.00641618 -0.0119521 -0.0156612
14.29 0 -0.00660472 -0.0123616 -0.0163198
14.3 0 -0.0067688 -0.0127337 -0.0169561
14.31 0 -0.00690828 -0.0130715 -0.0175509
14.32 0 -0.00701964 -0.0133722 -0.0180808
14.33 0 -0.00709943 -0.0136265 -0.0185227
14.34 0 -0.00714744 -0.0138209 -0.0188576
14.35 0 -0.00716708 -0.0139425 -0.0190728
14.36 0 -0.00716255 -0.0139819 -0.019161
14.37 0 -0.00713482 -0.0139349 -0.0191171
14.38 0 -0.00707926 -0.0138009 -0.0189369
14.39 0 -0.00698627 -0.0135808 -0.0186165
14.4 0 -0.00684466 -0.0132737 -0.0181545
14.41 0 -0.00664584 -0.0128766 -0.017554
14.42 0 -0.00638628 -0.0123853 -0.0168239
14.43 0 -0.00606745 -0.0117968 -0.0159781
14.44 0 -0.00569552 -0.0111128 -0.015034
14.45 0 -0.00528069 -0.0103413 -0.0140093
14.46 0 -0.00483315 -0.00949615 -0.0129188
14.47 0 -0.00435994 -0.00859498 -0.0117723
14.48 0 -0.00386555 -0.00765614 -0.0105756
14.49 0 -0.00335315 -0.00669442 -0.00933254
14.5 0 -0.00282677 -0.00571864 -0.0080471
14.51 0 -0.00229406 -0.00473287 -0.00672637
14.52 0 -0.00176737 -0.00373906 -0.00538109
14.53 0 -0.00126043 -0.00274047 -0.00402348
14.54 0 -0.000782044 -0.00174563 -0.00266502
14.55 0 -0.000332702 -0.000768543 -0.00131532
14.56 0 9.35339e-05 0.000175695 1.73586e-05
14.57 0 0.000504909 0.00107706 0.00132476
14.58 0 0.000908297 0.00193514 0.00259789
14.59 0 0.00130712 0.00275869 0.00382676
14.6 0 0.00170189 0.00356067 0.00500159
14.61 0 0.00209287 0.00435196 0.00611502
14.62 0 0.00248259 0.00513626 0.00716384
14.63 0 0.00287693 0.00590913 0.00814949
14.64 0 0.00328213 0.00666157 0.00907661
14.65 0 0.00369911 0.00738511 0.00995018
14.66 0 0.00412044 0.00807508 0.0107734
14.67 0 0.00453138 0.00872992 0.0115468
14.68 0 0.00491387 0.00934738 0.0122693
14.69 0 0.00525264 0.0099212 0.0129394
14.7 0 0.00553957 0.0104407 0.013557
14.71 0 0.00577323 0.0108933 0.014123
14.72 0 0.00595729 0.0112694 0.0146374
14.73 0 0.00609845 0.0115661 0.0150984
14.74 0 0.0062028 0.0117897 0.015501
14.75 0 0.00627456 0.0119538 0.0158385
14.76 0 0.00631844 0.0120752 0.0161047
14.77 0 0.00634221 0.0121685 0.0162971
14.78 0 0.00635722 0.012243 0.0164181
14.79 0 0.00637606 0.0123018 0.0164746
14.8 0 0.00640889 0.0123444 0.0164753
14.81 0 0.00645994 0.0123697 0.0164293
14.82 0 0.00652516 0.0123779 0.0163432
14.83 0 0.0065918 0.012368 0.0162197
14.84 0 0.0066405 0.0123349 0.0160574
14.85 0 0.00664895 0.0122655 0.0158512
14.86 0 0.00659635 0.0121393 0.0155939
14.87 0 0.00646767 0.0119322 0.0152783
14.88 0 0.0062555 0.0116233 0.0148983
14.89 0 0.00595911 0.0112002 0.0144477
14.9 0 0.00558362 0.0106612 0.0139193
14.91 0 0.00514045 0.0100143 0.0133038
14.92 0 0.00464676 0.00927457 0.0125904
14.93 0 0.00412371 0.00846256 0.0117696
14.94 0 0.00359411 0.00760142 0.0108354
14.95 0 0.00307969 0.00671412 0.00978701
14.96 0 0.00259851 0.00582068 0.00863074
14.97 0 0.00216362 0.00493564 0.00737935
14.98 0 0.0017815 0.0040669 0.00605096
14.99 0 0.00144939 0.003217 0.00466728
15 0 0.00115506 0.00238589 0.00325293
15.01 0 0.000879799 0.001572 0.00183466
15.02 0 0.000602375 0.000771269 0.00043966
15.03 0 0.00030317 -2.32272e-05 -0.00090635
15.04 0 -3.24529e-05 -0.000820108 -0.00218102
15.05 0 -0.000412697 -0.00162726 -0.00336771
15.06 0 -0.000839903 -0.00244946 -0.00445806
15.07 0 -0.00131155 -0.0032866 -0.00545355
15.08 0 -0.00182001 -0.00413249 -0.00636435
15.09 0 -0.00235155 -0.00497479 -0.00720614
15.1 0 -0.00288824 -0.00579623 -0.00799665
15.11 0 -0.00341038 -0.00657773 -0.00875249
15.12 0 -0.0038963 -0.00730314 -0.00948669
15.13 0 -0.00432408 -0.00796224 -0.0102077
15.14 0 -0.00467569 -0.00854983 -0.0109192
15.15 0 -0.00494055 -0.00906259 -0.0116194
15.16 0 -0.00511712 -0.00949633 -0.0123007
15.17 0 -0.00521134 -0.00984573 -0.0129496
15.18 0 -0.00523405 -0.0101063 -0.0135464
15.19 0 -0.00519898 -0.010277 -0.0140673
15.2 0 -0.00512118 -0.0103619 -0.0144868
15.21 0 -0.00501616 -0.0103697 -0.0147808
15.22 0 -0.0048997 -0.0103123 -0.0149299
15.23 0 -0.00478661 -0.0102014 -0.0149215
15.24 0 -0.00468896 -0.0100467 -0.0147516
15.25 0 -0.00461432 -0.00985494 -0.0144249
15.26 0 -0.00456378 -0.00962915 -0.0139542
15.27 0 -0.00453115 -0.00936933 -0.0133585
15.28 0 -0.00450397 -0.00907342 -0.0126615
15.29 0 -0.00446514 -0.00873771 -0.01189
15.3 0 -0.00439528 -0.00835684 -0.0110707
15.31 0 -0.00427637 -0.00792496 -0.0102292
15.32 0 -0.00409523 -0.00743769 -0.00938865
15.33 0 -0.00384608 -0.00689439 -0.00856885
15.34 0 -0.00353131 -0.00630018 -0.0077851
15.35 0 -0.00316055 -0.00566628 -0.00704689
15.36 0 -0.00274848 -0.00500875 -0.00635691
15.37 0 -0.00231312 -0.00434638 -0.00571157
15.38 0 -0.00187621 -0.00369808 -0.00510302
15.39 0 -0.00146269 -0.00308082 -0.00452137
15.4 0 -0.00109545 -0.00250898 -0.00395586
15.41 0 -0.000790409 -0.00199438 -0.00339644
15.42 0 -0.000554858 -0.0015454 -0.00283568
15.43 0 -0.000387151 -0.00116454 -0.00226981
15.44 0 -0.000277939 -0.000846584 -0.00169936
15.45 0 -0.000212428 -0.000578686 -0.00112943
15.46 0 -0.000172519 -0.000342316 -0.000568732
15.47 0 -0.000139251 -0.000117455 -2.85429e-05
15.48 0 -9.53464e-05 0.00011246 0.000478575
15.49 0 -2.77969e-05 0.000356389 0.000939757
15.5 0 6.98573e-05 0.000613623 0.0013426
15.51 0 0.000196878 0.000875051 0.00167659
15.52 0 0.000345996 0.00112653 0.0019345
15.53 0 0.000504855 0.00135255 0.00211325
15.54 0 0.000658087 0.00153907 0.00221401
15.55 0 0.000789702 0.0016749 0.0022417
15.56 0 0.000885607 0.00175209 0.00220408
15.57 0 0.000935735 0.00176589 0.00211075
15.58 0 0.000935563 0.00171506 0.0019722
15.59 0 0.000886443 0.00160247 0.00179879
15.6 0 0.000794258 0.00143493 0.00159913
15.61 0 0.000667619 0.00122257 0.00137892
15.62 0 0.000516571 0.000977865 0.0011409
15.63 0 0.000351684 0.000714037 0.000885393
15.64 0 0.000183275 0.000443076 0.000611282
15.65 0 2.05197e-05 0.000174009 0.000316869
15.66 0 -0.000128749 -8.71821e-05 1.40498e-06
15.67 0 -0.00025823 -0.00033655 -0.000333566
15.68 0 -0.000364463 -0.000571738 -0.000684384
15.69 0 -0.000447504 -0.00079136 -0.00104553
15.7 0 -0.000510352 -0.000994267 -0.00140947
15.71 0 -0.000558268 -0.00117989 -0.00176721
15.72 0 -0.000597497 -0.00134859 -0.0021087
15.73 0 -0.000633586 -0.00150134 -0.00242313
15.74 0 -0.000671008 -0.00163987 -0.00270023
15.75 0 -0.000713367 -0.00176643 -0.00293195
15.76 0 -0.000762911 -0.00188255 -0.00311292
15.77 0 -0.000820489 -0.0019885 -0.00324111
15.78 0 -0.000885912 -0.00208362 -0.00331845
15.79 0 -0.000957085 -0.00216615 -0.00334972
15.8 0 -0.00102931 -0.00223308 -0.00334124
15.81 0 -0.00109631 -0.00228137 -0.00330059
15.82 0 -0.00115147 -0.00230865 -0.00323615
15.83 0 -0.00118806 -0.00231248 -0.00315554
15.84 0 -0.00119941 -0.00228943 -0.00306391
15.85 0 -0.00117966 -0.00223492 -0.00296315
15.86 0 -0.00112455 -0.00214359 -0.00285156
15.87 0 -0.00103186 -0.00201002 -0.00272369
15.88 0 -0.000901933 -0.00183002 -0.00257113
15.89 0 -0.000738107 -0.00160196 -0.00238364
15.9 0 -0.000547197 -0.00132823 -0.00215121
15.91 0 -0.000339778 -0.00101619 -0.00186629
15.92 0 -0.000129653 -0.000678214 -0.00152575
15.93 0 6.77311e-05 -0.000330607 -0.00113198
15.94 0 0.000238296 9.24354e-06 -0.000692297
15.95 0 0.000372421 0.000326221 -0.000217656
15.96 0 0.000465857 0.000609183 0.000277527
15.97 0 0.000518617 0.000850728 0.000774698
15.98 0 0.000533879 0.00104653 0.00125144
15.99 0 0.00051756 0.00119478 0.00168316
16 0 0.000477986 0.00129556 0.0020455
16.01 0 0.000425606 0.00135071 0.00231716
16.02 0 0.000372294 0.00136418 0.00248262
16.03 0 0.000329723 0.0013421 0.00253376
16.04 0 0.000307674 0.0012928 0.0024708
16.05 0 0.000312297 0.00122599 0.0023023
16.06 0 0.000343976 0.00115015 0.00204317
16.07 0 0.000396851 0.00107027 0.00171294
16.08 0 0.000460473 0.000987114 0.00133463
16.09 0 0.00052186 0.00089738 0.000933191
16.1 0 0.000567369 0.000794864 0.000533323
16.11 0 0.000584634 0.000672875 0.000157465
16.12 0 0.000564012 0.000526616 -0.000176237
16.13 0 0.000499625 0.000354767 -0.000455607
16.14 0 0.000390977 0.000160746 -0.00067456
16.15 0 0.000244004 -4.72478e-05 -0.000832474
16.16 0 7.08121e-05 -0.000257445 -0.000933416
16.17 0 -0.000111322 -0.000455719 -0.000984632
16.18 0 -0.000281903 -0.000626695 -0.000994819
16.19 0 -0.000420037 -0.0007549 -0.000972563
16.2 0 -0.000508054 -0.000826665 -0.000925621
16.21 0 -0.00053482 -0.000832505 -0.000860662
16.22 0 -0.000496758 -0.000768379 -0.000782074
16.23 0 -0.000397499 -0.000636402 -0.000690965
16.24 0 -0.000247536 -0.000445622 -0.000585663
16.25 0 -6.27257e-05 -0.000211159 -0.000462346
16.26 0 0.000138032 4.82134e-05 -0.000315801
16.27 0 0.000334249 0.000312042 -0.000141593
16.28 0 0.000505489 0.00056016 6.17331e-05
16.29 0 0.000633843 0.000774776 0.000291499
16.3 0 0.000706277 0.000941829 0.000540301
16.31 0 0.000716955 0.00105223 0.000796611
16.32 0 0.000668863 0.00110312 0.00104633
16.33 0 0.00057329 0.00109802 0.00127397
16.34 0 0.00044798 0.00104667 0.00146416
16.35 0 0.000314607 0.0009643 0.0016035
16.36 0 0.000194672 0.000868841 0.00168129
16.37 0 0.000105295 0.00077686 0.0016896
16.38 0 5.7199e-05 0.000700567 0.00162458
16.39 0 5.40567e-05 0.000645843 0.00148758
16.4 0 9.12675e-05 0.000610129 0.00128419
16.41 0 0.000155466 0.000581801 0.00102233
16.42 0 0.000226338 0.000542309 0.000711128
16.43 0 0.000280155 0.000470123 0.000360278
16.44 0 0.000294435 0.000345617 -2.00134e-05
16.45 0 0.000252094 0.000155179 -0.000419373
16.46 0 0.000143628 -0.000106925 -0.000828656
16.47 0 -3.20057e-05 -0.000438249 -0.00124124
16.48 0 -0.000267397 -0.000828878 -0.00165358
16.49 0 -0.000548045 -0.00126335 -0.00206544
16.5 0 -0.000854972 -0.00172343 -0.00247988
16.51 0 -0.00116769 -0.00219091 -0.00290271
16.52 0 -0.00146678 -0.00264946 -0.00334094
16.53 0 -0.00173602 -0.00308606 -0.00380107
16.54 0 -0.00196456 -0.00349219 -0.00428792
16.55 0 -0.00214853 -0.00386477 -0.00480401
16.56 0 -0.00229079 -0.00420579 -0.00534851
16.57 0 -0.00239939 -0.00452096 -0.00591627
16.58 0 -0.00248568 -0.00481854 -0.00649806
16.59 0 -0.00256259 -0.00510815 -0.00708181
16.6 0 -0.00264339 -0.00539927 -0.00765442
16.61 0 -0.00273991 -0.00569907 -0.00820292
16.62 0 -0.00285984 -0.00600976 -0.00871446
16.63 0 -0.00300496 -0.00632733 -0.00917655
16.64 0 -0.00317039 -0.00664165 -0.00957742
16.65 0 -0.00334436 -0.0069367 -0.00990567
16.66 0 -0.00350984 -0.00719237 -0.0101507
16.67 0 -0.00364862 -0.00738825 -0.0103048
16.68 0 -0.00374505 -0.00750717 -0.0103643
16.69 0 -0.0037874 -0.00753677 -0.010329
16.7 0 -0.00376819 -0.00746998 -0.0102003
16.71 0 -0.00368493 -0.00730586 -0.00998102
16.72 0 -0.00354022 -0.00704927 -0.00967492
16.73 0 -0.00334042 -0.00670899 -0.00928536
16.74 0 -0.00309461 -0.00629592 -0.0088151
16.75 0 -0.00281372 -0.00582185 -0.00826676
16.76 0 -0.00250934 -0.00529833 -0.00764313
16.77 0 -0.00219345 -0.00473604 -0.00694798
16.78 0 -0.00187801 -0.00414467 -0.00618644
16.79 0 -0.00157154 -0.00353227 -0.00536381
16.8 0 -0.00127514 -0.00290375 -0.00448372
16.81 0 -0.000982635 -0.00225976 -0.00354819
16.82 0 -0.000683828 -0.0015965 -0.00255932
16.83 0 -0.000368386 -0.00090648 -0.00152089
16.84 0 -2.88879e-05 -0.000180889 -0.000439351
16.85 0 0.000337994 0.00058704 0.000676393
16.86 0 0.000732212 0.00139916 0.00181642
16.87 0 0.00115174 0.00225109 0.00297153
16.88 0 0.0015928 0.00313218 0.00413366
16.89 0 0.00204844 0.00402643 0.00529451
16.9 0 0.00250891 0.0049149 0.00644466
16.91 0 0.00296429 0.00577951 0.00757403
16.92 0 0.00340547 0.00660683 0.00867249
16.93 0 0.0038243 0.00739022 0.00973072
16.94 0 0.00421444 0.00812861 0.0107407
16.95 0 0.00457207 0.00882258 0.0116952
16.96 0 0.0048964 0.00947126 0.0125883
16.97 0 0.00518992 0.0100711 0.0134147
16.98 0 0.00545595 0.0106156 0.0141686
16.99 0 0.00569531 0.0110969 0.0148418
17 0 0.00590541 0.0115082 0.0154241
17.01 0 0.00608148 0.0118436 0.015904
17.02 0 0.00621773 0.0120978 0.0162692
17.03 0 0.00630794 0.0122653 0.0165084
17.04 0 0.00634661 0.0123409 0.016613
17.05 0 0.00633007 0.0123193 0.0165778
17.06 0 0.00625678 0.0121955 0.0164014
17.07 0 0.00612754 0.0119671 0.0160864
17.08 0 0.00594501 0.0116357 0.015639
17.09 0 0.00571326 0.0112068 0.0150675
17.1 0 0.00543744 0.0106879 0.014381
17.11 0 0.00512261 0.0100883 0.013588
17.12 0 0.00477288 0.00941759 0.0126969
17.13 0 0.00439172 0.00868468 0.0117155
17.14 0 0.00398299 0.00789684 0.0106518
17.15 0 0.00355166 0.00706116 0.00951559
17.16 0 0.00310298 0.00618495 0.00831818
17.17 0 0.00264031 0.00527449 0.00707009
17.18 0 0.0021643 0.00433383 0.00577979
17.19 0 0.00167517 0.00336478 0.00445379
17.2 0 0.00117476 0.00236874 0.00309786
17.21 0 0.000665832 0.00134946 0.00171801
17.22 0 0.000150992 0.000313752 0.000320488
17.23 0 -0.000367283 -0.000729612 -0.00108821
17.24 0 -0.000885916 -0.0017714 -0.00250089
17.25 0 -0.00140033 -0.00280282 -0.00390882
17.26 0 -0.00190427 -0.00381573 -0.00530144
17.27 0 -0.0023911 -0.00480211 -0.00666663
17.28 0 -0.00285679 -0.00575342 -0.00799177
17.29 0 -0.00330118 -0.00666134 -0.00926461
17.3 0 -0.00372555 -0.00751979 -0.0104736
17.31 0 -0.00413088 -0.00832639 -0.0116084
17.32 0 -0.00451799 -0.00908215 -0.012661
17.33 0 -0.00488727 -0.0097895 -0.0136255
17.34 0 -0.00523919 -0.0104499 -0.0144987
17.35 0 -0.00557477 -0.0110624 -0.0152798
17.36 0 -0.00589374 -0.0116237 -0.0159696
17.37 0 -0.006194 -0.0121279 -0.0165686
17.38 0 -0.00647232 -0.0125677 -0.0170768
17.39 0 -0.00672191 -0.012936 -0.0174918
17.4 0 -0.00693066 -0.0132264 -0.0178084
17.41 0 -0.00708338 -0.0134312 -0.0180191
17.42 0 -0.00716588 -0.0135415 -0.0181166
17.43 0 -0.00716816 -0.0135465 -0.0180951
17.44 0 -0.00708539 -0.013435 -0.0179505
17.45 0 -0.006917 -0.0131975 -0.0176796
17.46 0 -0.00666505 -0.0128288 -0.0172787
17.47 0 -0.0063328 -0.0123291 -0.0167434
17.48 0 -0.00592448 -0.0117046 -0.0160687
17.49 0 -0.0054491 -0.0109648 -0.0152507
17.5 0 -0.00492294 -0.0101199 -0.0142877
17.51 0 -0.00436451 -0.00918074 -0.0131788
17.52 0 -0.00378953 -0.00815892 -0.0119241
17.53 0 -0.00320857 -0.00706817 -0.0105258
17.54 0 -0.00262561 -0.00592197 -0.0089887
17.55 0 -0.00204113 -0.00473021 -0.00732144
17.56 0 -0.00145683 -0.00349852 -0.00553868
17.57 0 -0.000874919 -0.00223026 -0.00366099
17.58 0 -0.0002956 -0.000929897 -0.00171353
17.59 0 0.000283169 0.000394415 0.000275236
17.6 0 0.000864799 0.00173045 0.00227507
17.61 0 0.00145168 0.00306263 0.00425453
17.62 0 0.00204276 0.00437349 0.00618148
17.63 0 0.00263397 0.00564555 0.0080247
17.64 0 0.00322083 0.00686272 0.00975617
17.65 0 0.00379923 0.0080121 0.0113531
17.66 0 0.00436382 0.00908509 0.0127988
17.67 0 0.00490715 0.010076 0.0140829
17.68 0 0.00542051 0.0109789 0.0152005
17.69 0 0.00589516 0.011785 0.0161508
17.7 0 0.00632452 0.0124837 0.0169366
17.71 0 0.0067047 0.0130637 0.0175631
17.72 0 0.0070299 0.0135176 0.0180349
17.73 0 0.00728954 0.0138435 0.018355
17.74 0 0.00747094 0.0140437 0.0185259
17.75 0 0.00756368 0.0141223 0.0185511
17.76 0 0.00756251 0.0140816 0.0184364
17.77 0 0.00746707 0.0139197 0.0181883
17.78 0 0.00728009 0.013631 0.0178117
17.79 0 0.00700576 0.0132104 0.0173093
17.8 0 0.00664857 0.0126569 0.0166812
17.81 0 0.00621289 0.0119757 0.0159249
17.82 0 0.00570453 0.0111772 0.015037
17.83 0 0.00513487 0.0102732 0.0140144
17.84 0 0.00452276 0.00927482 0.0128559
17.85 0 0.00389013 0.00819438 0.0115623
17.86 0 0.00325572 0.00704734 0.0101367
17.87 0 0.00263163 0.00585216 0.00858519
17.88 0 0.00202463 0.00462733 0.0069175
17.89 0 0.0014397 0.00338804 0.00514912
17.9 0 0.000880078 0.00214553 0.00330182
17.91 0 0.000345172 0.000907553 0.00140254
17.92 0 -0.000171077 -0.00032199 -0.000519613
17.93 0 -0.000679376 -0.00154241 -0.00243576
17.94 0 -0.00119192 -0.00275405 -0.00431798
17.95 0 -0.0017196 -0.00395687 -0.00614061
17.96 0 -0.00227029 -0.00515003 -0.00788221
17.97 0 -0.00284834 -0.00633035 -0.00952641
17.98 0 -0.00345471 -0.00749111 -0.011062
17.99 0 -0.00408528 -0.0086232 -0.0124829
18 0 -0.00472878 -0.00971661 -0.0137872
18.01 0 -0.00536756 -0.0107595 -0.0149762
18.02 0 -0.00598129 -0.0117368 -0.0160526
18.03 0 -0.00655327 -0.0126306 -0.0170208
18.04 0 -0.00707253 -0.013423 -0.0178851
18.05 0 -0.00752813 -0.0141013 -0.0186473
18.06 0 -0.0079063 -0.0146596 -0.0193051
18.07 0 -0.00819368 -0.0150979 -0.0198534
18.08 0 -0.00838152 -0.0154188 -0.0202865
18.09 0 -0.00846839 -0.0156234 -0.0205995
18.1 0 -0.00845938 -0.015709 -0.0207876
18.11 0 -0.00836306 -0.0156695 -0.0208448
18.12 0 -0.00818853 -0.0154989 -0.0207623
18.13 0 -0.00794347 -0.0151951 -0.0205297
18.14 0 -0.00763319 -0.0147612 -0.0201351
18.15 0 -0.00726137 -0.0142053 -0.0195676
18.16 0 -0.00683163 -0.0135365 -0.0188195
18.17 0 -0.00634929 -0.0127632 -0.0178886
18.18 0 -0.00582333 -0.011891 -0.0167797
18.19 0 -0.0052678 -0.0109233 -0.0155042
18.2 0 -0.00469891 -0.00986343 -0.014077
18.21 0 -0.00412755 -0.00871982 -0.012514
18.22 0 -0.00355435 -0.00750686 -0.0108297
18.23 0 -0.00297131 -0.00624242 -0.00903842
18.24 0 -0.00236806 -0.00494267 -0.00715715
18.25 0 -0.00173964 -0.00361648 -0.00520752
18.26 0 -0.00109044 -0.00226469 -0.00321554
18.27 0 -0.000430132 -0.000886287 -0.00120936
18.28 0 0.000232669 0.00051432 0.00078437
18.29 0 0.000893424 0.00192322 0.00274295
18.3 0 0.0015507 0.00331764 0.00464758
18.31 0 0.00220272 0.00467106 0.00648185
18.32 0 0.00284489 0.00595891 0.00822941
18.33 0 0.00346921 0.00716276 0.00987255
18.34 0 0.00406328 0.00827252 0.0113924
18.35 0 0.00461145 0.00928462 0.0127707
18.36 0 0.00509987 0.0101968 0.0139923
18.37 0 0.00552186 0.0110042 0.0150485
18.38 0 0.00587906 0.0116979 0.0159366
18.39 0 0.00617894 0.0122685 0.0166588
18.4 0 0.00643123 0.0127109 0.0172196
18.41 0 0.00664192 0.0130285 0.0176232
18.42 0 0.00680973 0.0132327 0.0178722
18.43 0 0.00692866 0.0133392 0.0179692
18.44 0 0.00699217 0.0133612 0.0179193
18.45 0 0.00699613 0.0133032 0.0177309
18.46 0 0.00693992 0.0131607 0.017416
18.47 0 0.00682526 0.0129235 0.0169881
18.48 0 0.00665299 0.0125819 0.0164596
18.49 0 0.00642101 0.0121319 0.0158394
18.5 0 0.00612471 0.0115781 0.0151327
18.51 0 0.00575922 0.010931 0.014342
18.52 0 0.00532509 0.010202 0.0134686
18.53 0 0.00483275 0.00939961 0.0125139
18.54 0 0.00429982 0.00852952 0.0114803
18.55 0 0.00374582 0.00759751 0.0103689
18.56 0 0.00318672 0.00661275 0.00917973
18.57 0 0.00263211 0.0055891 0.00791183
18.58 0 0.00208731 0.0045428 0.00656586
18.59 0 0.00155752 0.00348852 0.00514656
18.6 0 0.00104901 0.00243721 0.00366448
18.61 0 0.000566987 0.00139641 0.00213616
18.62 0 0.000113481 0.000371218 0.000582607
18.63 0 -0.000314271 -0.000635022 -0.000973185
18.64 0 -0.000724395 -0.00162058 -0.0025089
18.65 0 -0.00112844 -0.00258494 -0.00400409
18.66 0 -0.00153762 -0.00352802 -0.00544014
18.67 0 -0.00195985 -0.00445002 -0.00680068
18.68 0 -0.00239825 -0.00535078 -0.00807248
18.69 0 -0.0028518 -0.00622775 -0.00924588
18.7 0 -0.00331655 -0.00707459 -0.010315
18.71 0 -0.00378492 -0.00788205 -0.0112777
18.72 0 -0.00424491 -0.00863926 -0.012135
18.73 0 -0.00468101 -0.00933434 -0.01289
18.74 0 -0.00507668 -0.00995497 -0.0135472
18.75 0 -0.00541691 -0.0104887 -0.014111
18.76 0 -0.00568888 -0.0109233 -0.0145843
18.77 0 -0.00588254 -0.0112484 -0.0149672
18.78 0 -0.00599217 -0.0114572 -0.015257
18.79 0 -0.00601627 -0.0115471 -0.0154483
18.8 0 -0.00595558 -0.0115193 -0.0155323
18.81 0 -0.00581334 -0.0113772 -0.0154981
18.82 0 -0.00559769 -0.0111251 -0.0153347
18.83 0 -0.00532207 -0.0107673 -0.0150329
18.84 0 -0.00500248 -0.0103094 -0.0145852
18.85 0 -0.00465478 -0.00975929 -0.013987
18.86 0 -0.00429221 -0.009127 -0.0132361
18.87 0 -0.00392309 -0.0084244 -0.0123336
18.88 0 -0.00355057 -0.0076635 -0.0112849
18.89 0 -0.00317414 -0.00685411 -0.010101
18.9 0 -0.00279167 -0.00600251 -0.00879904
18.91 0 -0.00240067 -0.00511159 -0.00740213
18.92 0 -0.00199862 -0.00418137 -0.00593654
18.93 0 -0.00158202 -0.00321046 -0.00442798
18.94 0 -0.00114461 -0.00219916 -0.00289893
18.95 0 -0.000677644 -0.00115115 -0.00136723
18.96 0 -0.000172391 -7.22299e-05 0.000154364
18.97 0 0.000375796 0.00103135 0.00165702
18.98 0 0.000963752 0.00215319 0.00313376
18.99 0 0.0015799 0.00328596 0.00457857
19 0 0.00220732 0.00442028 0.00598716
19.01 0 0.00282977 0.00554282 0.00735762
19.02 0 0.00343536 0.00663584 0.00868955
19.03 0 0.00401383 0.00768035 0.00998168
19.04 0 0.00455347 0.00865997 0.0112296
19.05 0 0.00504162 0.00956243 0.0124247
19.06 0 0.00546715 0.0103789 0.0135542
19.07 0 0.00582312 0.011103 0.0146026
19.08 0 0.00610953 0.0117299 0.0155537
19.09 0 0.00633361 0.0122563 0.016392
19.1 0 0.00650544 0.0126816 0.0171028
19.11 0 0.00663418 0.0130085 0.0176724
19.12 0 0.00672656 0.0132416 0.0180886
19.13 0 0.00678647 0.0133854 0.0183417
19.14 0 0.00681585 0.013443 0.0184266
19.15 0 0.00681568 0.0134156 0.0183438
19.16 0 0.00678602 0.0133021 0.0180994
19.17 0 0.0067249 0.0131007 0.0177043
19.18 0 0.0066273 0.0128092 0.0171717
19.19 0 0.00648509 0.0124262 0.0165159
19.2 0 0.006288 0.0119514 0.0157511
19.21 0 0.00602558 0.0113852 0.0148906
19.22 0 0.00568998 0.0107279 0.0139473
19.23 0 0.00527982 0.00997989 0.0129329
19.24 0 0.00480172 0.00914192 0.0118571
19.25 0 0.00426752 0.00821845 0.0107265
19.26 0 0.00369101 0.00721964 0.00954334
19.27 0 0.00308486 0.00616139 0.00830575
19.28 0 0.00245983 0.00506292 0.00700942
19.29 0 0.00182825 0.0039423 0.00565077
19.3 0 0.00120676 0.00281319 0.00422948
19.31 0 0.000612446 0.0016853 0.00274937
19.32 0 5.71686e-05 0.000566713 0.00121793
19.33 0 -0.000454978 -0.000534702 -0.00035398
19.34 0 -0.000927323 -0.00161122 -0.00195204
19.35 0 -0.0013682 -0.00265651 -0.00355812
19.36 0 -0.00178771 -0.0036672 -0.00515033
19.37 0 -0.00219502 -0.00464322 -0.00670387
19.38 0 -0.00259787 -0.00558666 -0.00819303
19.39 0 -0.00300335 -0.00649936 -0.00959379
19.4 0 -0.00341741 -0.00738103 -0.010886
19.41 0 -0.00384305 -0.00822858 -0.012055
19.42 0 -0.00427899 -0.0090361 -0.0130918
19.43 0 -0.00471942 -0.00979541 -0.0139937
19.44 0 -0.0051544 -0.0104968 -0.0147633
19.45 0 -0.00557138 -0.01113 -0.0154075
19.46 0 -0.0059569 -0.0116847 -0.015936
19.47 0 -0.0062988 -0.0121522 -0.0163598
19.48 0 -0.0065875 -0.0125253 -0.0166892
19.49 0 -0.00681363 -0.012801 -0.0169321
19.5 0 -0.00696728 -0.0129798 -0.0170932
19.51 0 -0.00704051 -0.0130643 -0.0171749
19.52 0 -0.00702974 -0.0130564 -0.0171777
19.53 0 -0.00693697 -0.0129569 -0.0171014
19.54 0 -0.00676917 -0.012765 -0.0169444
19.55 0 -0.00653634 -0.0124809 -0.0167035
19.56 0 -0.00624909 -0.0121068 -0.0163734
19.57 0 -0.00591688 -0.0116484 -0.0159467
19.58 0 -0.00554982 -0.0111134 -0.0154153
19.59 0 -0.00516042 -0.0105099 -0.0147717
19.6 0 -0.00476093 -0.00984673 -0.0140103
19.61 0 -0.00436091 -0.00913259 -0.0131286
19.62 0 -0.00396645 -0.00837596 -0.0121278
19.63 0 -0.00357944 -0.00758405 -0.011014
19.64 0 -0.00319827 -0.006762 -0.00979848
19.65 0 -0.00281879 -0.00591238 -0.00849735
19.66 0 -0.00243516 -0.00503561 -0.0071307
19.67 0 -0.00204153 -0.00413083 -0.00572098
19.68 0 -0.00163341 -0.00319744 -0.00429093
19.69 0 -0.00120682 -0.00223722 -0.00286139
19.7 0 -0.000757644 -0.00125561 -0.00144974
19.71 0 -0.000283052 -0.000261228 -6.94638e-05
19.72 0 0.000216364 0.000735861 0.0012694
19.73 0 0.000735066 0.00172569 0.00255955
19.74 0 0.0012626 0.00269903 0.00379594
19.75 0 0.00178524 0.00364691 0.00497556
19.76 0 0.0022887 0.0045595 0.00609736
19.77 0 0.00276217 0.00542525 0.00716191
19.78 0 0.00319992 0.00623167 0.00817014
19.79 0 0.00359787 0.00696846 0.00912132
19.8 0 0.00395102 0.0076298 0.0100117
19.81 0 0.00425397 0.00821416 0.0108342
19.82 0 0.00450275 0.00872247 0.0115799
19.83 0 0.00469677 0.00915575 0.0122391
19.84 0 0.00483968 0.00951352 0.0128028
19.85 0 0.00493852 0.00979388 0.0132632
19.86 0 0.00500157 0.00999484 0.0136135
19.87 0 0.00503578 0.010116 0.0138473
19.88 0 0.00504502 0.0101594 0.013959
19.89 0 0.00502976 0.010129 0.0139443
19.9 0 0.00498828 0.010029 0.0138015
19.91 0 0.00491837 0.00986179 0.0135323
19.92 0 0.00481849 0.00962725 0.0131425
19.93 0 0.00468774 0.00932309 0.0126413
19.94 0 0.00452493 0.00894672 0.0120397
19.95 0 0.0043276 0.00849709 0.0113492
19.96 0 0.00409196 0.00797583 0.0105804
19.97 0 0.00381387 0.00738701 0.00974273
19.98 0 0.00349085 0.00673646 0.00884487
19.99 0 0.00312361 0.00603048 0.007895
20 0 0.00271601 0.00527448 0.00690033
20.01 0 0.00227474 0.00447328 0.00586695
20.02 0 0.00181001 0.00363214 0.00479987
20.03 0 0.00133463 0.00275785 0.00370265
20.04 0 0.000859974 0.00186056 0.00257703
20.05 0 0.00039345 0.000953766 0.00142365
