0.01 0 -1.28014e-06 -1.37765e-06 -1.34172e-06
0.02 0 -6.17046e-06 -6.95048e-06 -6.68351e-06
0.03 0 -1.5173e-05 -1.82669e-05 -1.73219e-05
0.04 0 -2.71404e-05 -3.54186e-05 -3.33112e-05
0.05 0 -4.10191e-05 -5.81183e-05 -5.49334e-05
0.06 0 -5.6114e-05 -8.55821e-05 -8.26984e-05
0.07 0 -7.2084e-05 -0.000116688 -0.000117194
0.08 0 -8.87358e-05 -0.000150327 -0.000158838
0.09 0 -0.000105793 -0.00018574 -0.000207657
0.1 0 -0.00012282 -0.000222655 -0.000263177
0.11 0 -0.000139355 -0.00026117 -0.000324491
0.12 0 -0.000155167 -0.000301475 -0.000390414
0.13 0 -0.00017046 -0.000343604 -0.000459677
0.14 0 -0.000185863 -0.000387336 -0.000531048
0.15 0 -0.000202213 -0.00043229 -0.000603361
0.16 0 -0.000220216 -0.000478092 -0.00067549
0.17 0 -0.000240185 -0.000524508 -0.000746331
0.18 0 -0.000261958 -0.000571431 -0.000814858
0.19 0 -0.00028501 -0.000618739 -0.000880235
0.2 0 -0.000308682 -0.000666103 -0.000941943
0.21 0 -0.000332357 -0.000712868 -0.000999829
0.22 0 -0.000355514 -0.000758085 -0.00105404
0.23 0 -0.000377656 -0.000800691 -0.00110485
0.24 0 -0.000398189 -0.000839733 -0.0011525
0.25 0 -0.000416385 -0.000874526 -0.00119702
0.26 0 -0.000431514 -0.000904705 -0.00123822
0.27 0 -0.00044304 -0.000930127 -0.00127573
0.28 0 -0.000450787 -0.000950708 -0.00130906
0.29 0 -0.000454988 -0.00096634 -0.00133759
0.3 0 -0.000456205 -0.000976917 -0.00136067
0.31 0 -0.000455128 -0.000982438 -0.00137756
0.32 0 -0.000452377 -0.000983082 -0.0013875
0.33 0 -0.000448393 -0.000979217 -0.00138974
0.34 0 -0.000443413 -0.000971258 -0.00138366
0.35 0 -0.000437488 -0.000959477 -0.00136884
0.36 0 -0.000430788 -0.000944125 -0.00134537
0.37 0 -0.000424035 -0.000925909 -0.00131434
0.38 0 -0.000417889 -0.000905627 -0.00127732
0.39 0 -0.000411911 -0.000883314 -0.00123531
0.4 0 -0.00040488 -0.000858432 -0.00118889
0.41 0 -0.000395501 -0.00083026 -0.00113861
0.42 0 -0.000382864 -0.0007981 -0.00108512
0.43 0 -0.000367243 -0.000762111 -0.00102984
0.44 0 -0.000350378 -0.000724014 -0.000975233
0.45 0 -0.000334252 -0.000686384 -0.000923817
0.46 0 -0.000318091 -0.000649655 -0.000875282
0.47 0 -0.000297677 -0.000610492 -0.00082548
0.48 0 -0.000270418 -0.000565616 -0.000770934
0.49 0 -0.000238674 -0.000515072 -0.000712043
0.5 0 -0.000206905 -0.000460889 -0.000650834
0.51 0 -0.00017802 -0.000405225 -0.000588179
0.52 0 -0.000152174 -0.000349699 -0.00052311
0.53 0 -0.000128422 -0.000295977 -0.000454444
0.54 0 -0.000106808 -0.000246197 -0.000382596
0.55 0 -8.82662e-05 -0.000201851 -0.000309336
0.56 0 -7.17658e-05 -0.000160931 -0.000234896
0.57 0 -5.4405e-05 -0.000118613 -0.000157901
0.58 0 -3.84141e-05 -7.54362e-05 -8.22982e-05
0.59 0 -3.05872e-05 -3.86489e-05 -1.72468e-05
0.6 0 -2.9602e-05 -1.04736e-05 3.51581e-05
0.61 0 -2.24749e-05 1.77617e-05 8.4391e-05
0.62 0 6.91238e-07 5.5134e-05 0.000138811
0.63 0 3.55448e-05 0.000101515 0.000195605
0.64 0 6.95361e-05 0.000150277 0.000245745
0.65 0 9.08199e-05 0.000191773 0.000280532
0.66 0 9.82231e-05 0.000220694 0.000299872
0.67 0 0.000101467 0.000239178 0.000312824
0.68 0 0.00010407 0.000245448 0.00032207
0.69 0 0.000100182 0.000233774 0.000321479
0.7 0 8.19251e-05 0.000200174 0.000302647
0.71 0 4.14692e-05 0.000140077 0.000255451
0.72 0 -1.834e-05 5.55272e-05 0.000177787
0.73 0 -8.18654e-05 -4.18177e-05 7.87522e-05
0.74 0 -0.000139568 -0.000145565 -3.77961e-05
0.75 0 -0.000190165 -0.000254017 -0.000173573
0.76 0 -0.000227585 -0.000357008 -0.000322078
0.77 0 -0.000245885 -0.000441905 -0.000473063
0.78 0 -0.000250066 -0.000506737 -0.000623642
0.79 0 -0.000254235 -0.000562108 -0.000778224
0.8 0 -0.000268691 -0.000620949 -0.000938065
0.81 0 -0.000288788 -0.000685469 -0.00109133
0.82 0 -0.000299075 -0.000744613 -0.00121621
0.83 0 -0.000293501 -0.000788124 -0.00129936
0.84 0 -0.000292921 -0.000825599 -0.00135415
0.85 0 -0.000326777 -0.000878078 -0.00140651
0.86 0 -0.000388387 -0.000941524 -0.00145372
0.87 0 -0.000431673 -0.000979363 -0.00145879
0.88 0 -0.000434853 -0.000974402 -0.00140792
0.89 0 -0.000438287 -0.000963925 -0.00134636
0.9 0 -0.000480998 -0.000986341 -0.00131954
0.91 0 -0.000533903 -0.00102062 -0.00130913
0.92 0 -0.000534946 -0.001012 -0.00126292
0.93 0 -0.000471113 -0.000941527 -0.00116921
0.94 0 -0.000393907 -0.000844905 -0.00107225
0.95 0 -0.000336494 -0.000746022 -0.000996426
0.96 0 -0.000271252 -0.000622212 -0.000907873
0.97 0 -0.000184456 -0.00047119 -0.000787056
0.98 0 -0.000115486 -0.000342235 -0.000667167
0.99 0 -0.000100366 -0.000280206 -0.000581722
1 0 -0.000119486 -0.000273076 -0.000515021
1.01 0 -0.000106522 -0.000251841 -0.000406707
1.02 0 -1.38795e-05 -0.000146248 -0.000208886
1.03 0 0.00011602 3.63047e-05 4.46529e-05
1.04 0 0.000173506 0.000203646 0.000250873
1.05 0 0.000116139 0.000286606 0.000358171
1.06 0 3.75157e-05 0.000319814 0.000435585
1.07 0 5.62216e-05 0.000379478 0.000579603
1.08 0 0.000167307 0.000472632 0.000782083
1.09 0 0.000264715 0.000546292 0.000949592
1.1 0 0.000313804 0.000614016 0.00106038
1.11 0 0.000379383 0.000755091 0.00118512
1.12 0 0.000495523 0.000988617 0.00136166
1.13 0 0.00063722 0.0012618 0.00157164
1.14 0 0.000765225 0.00150795 0.00178444
1.15 0 0.00085822 0.00168775 0.00198595
1.16 0 0.000951189 0.00183631 0.00221649
1.17 0 0.00110273 0.00203811 0.00254269
1.18 0 0.00130231 0.00232807 0.00296762
1.19 0 0.00146352 0.00265598 0.00341674
1.2 0 0.00151752 0.00294572 0.0038175
1.21 0 0.00148727 0.00316416 0.0041675
1.22 0 0.00145347 0.0033219 0.0045099
1.23 0 0.00145663 0.00342239 0.00485177
1.24 0 0.00148511 0.00347056 0.00516142
1.25 0 0.0015257 0.00350651 0.00541761
1.26 0 0.00155819 0.00356295 0.00559761
1.27 0 0.00155501 0.00362969 0.00566964
1.28 0 0.00150959 0.0036687 0.00561715
1.29 0 0.0014481 0.00364454 0.00545392
1.3 0 0.00142339 0.00355907 0.00522775
1.31 0 0.00148008 0.00345497 0.00499684
1.32 0 0.00160825 0.00337776 0.0047872
1.33 0 0.00173064 0.00333072 0.00457043
1.34 0 0.0017517 0.00326937 0.00429304
1.35 0 0.00163062 0.00313669 0.00393193
1.36 0 0.00141232 0.00290395 0.00352242
1.37 0 0.00118668 0.00258285 0.00313081
1.38 0 0.00101022 0.00220433 0.00279454
1.39 0 0.00086093 0.0017906 0.00248568
1.4 0 0.000677201 0.00135936 0.00214305
1.41 0 0.000438746 0.000947857 0.00174003
1.42 0 0.00018328 0.000594893 0.00129571
1.43 0 -4.78421e-05 0.000292696 0.000826331
1.44 0 -0.000244422 -1.41641e-05 0.000320924
1.45 0 -0.000398682 -0.000362389 -0.000221419
1.46 0 -0.000482432 -0.000721485 -0.000763032
1.47 0 -0.000489326 -0.00103376 -0.00126828
1.48 0 -0.000462521 -0.00126891 -0.00173756
1.49 0 -0.000456776 -0.00142943 -0.00218301
1.5 0 -0.000502172 -0.00154538 -0.00260504
1.51 0 -0.000587505 -0.00165468 -0.00298005
1.52 0 -0.000662314 -0.00176873 -0.00325637
1.53 0 -0.00069481 -0.00188565 -0.0034014
1.54 0 -0.000723073 -0.0020231 -0.00344856
1.55 0 -0.000809541 -0.00219453 -0.00345913
1.56 0 -0.000963151 -0.00237087 -0.0034552
1.57 0 -0.00113516 -0.00250016 -0.00341796
1.58 0 -0.00127424 -0.00255849 -0.00333511
1.59 0 -0.00135693 -0.00256 -0.00322023
1.6 0 -0.00137975 -0.00252859 -0.00309668
1.61 0 -0.00135173 -0.00247982 -0.00298646
1.62 0 -0.00128281 -0.00241099 -0.00289903
1.63 0 -0.00117336 -0.00230032 -0.00282311
1.64 0 -0.00102983 -0.00213417 -0.00274545
1.65 0 -0.000879706 -0.00193206 -0.00266985
1.66 0 -0.000753601 -0.00173397 -0.00260483
1.67 0 -0.00065086 -0.00156065 -0.00253257
1.68 0 -0.000549937 -0.00140788 -0.00241824
1.69 0 -0.00045613 -0.00128004 -0.00225548
1.7 0 -0.000370041 -0.00115771 -0.00203539
1.71 0 -0.000258642 -0.000977268 -0.00171837
1.72 0 -0.000124113 -0.000712202 -0.00130298
1.73 0 -1.58246e-05 -0.000402754 -0.00084167
1.74 0 3.38168e-05 -0.000105134 -0.000382577
1.75 0 4.78282e-05 0.000154275 6.86509e-05
1.76 0 9.52108e-05 0.000399536 0.000548822
1.77 0 0.000230346 0.000677185 0.00109031
1.78 0 0.000435546 0.00100575 0.00167054
1.79 0 0.000636088 0.00136188 0.00222066
1.8 0 0.000768944 0.00170563 0.00268029
1.81 0 0.000836858 0.00201238 0.0030426
1.82 0 0.000895335 0.00227779 0.00334523
1.83 0 0.000987642 0.00249524 0.0036176
1.84 0 0.00111238 0.0026561 0.00385798
1.85 0 0.00124475 0.00277259 0.00405486
1.86 0 0.00135724 0.00287231 0.00420027
1.87 0 0.00143009 0.00297453 0.00429118
1.88 0 0.00146148 0.00307867 0.00433356
1.89 0 0.00146634 0.00316623 0.00434121
1.9 0 0.00146524 0.00321349 0.00432972
1.91 0 0.00146862 0.00320436 0.0043071
1.92 0 0.00146571 0.00313393 0.0042655
1.93 0 0.00143174 0.00300826 0.00418574
1.94 0 0.00135178 0.00284569 0.00405529
1.95 0 0.0012346 0.00266992 0.00387788
1.96 0 0.00109614 0.00248681 0.00365732
1.97 0 0.000954103 0.00228767 0.00339617
1.98 0 0.00083177 0.00207068 0.00310541
1.99 0 0.000729338 0.00182773 0.00278066
2 0 0.00062116 0.0015437 0.00239955
2.01 0 0.000490415 0.00122028 0.00195231
2.02 0 0.00034306 0.000877499 0.00145199
2.03 0 0.000198405 0.000539522 0.000924615
2.04 0 7.63352e-05 0.000225314 0.00039857
2.05 0 -1.58902e-05 -5.79747e-05 -0.000106212
2.06 0 -9.02639e-05 -0.000318115 -0.000584791
2.07 0 -0.000160755 -0.00056209 -0.00103248
2.08 0 -0.000225818 -0.000781356 -0.00143017
2.09 0 -0.000284942 -0.000969431 -0.00176249
2.1 0 -0.00035608 -0.00114103 -0.002037
2.11 0 -0.000451965 -0.00131136 -0.00226327
2.12 0 -0.000567589 -0.00148352 -0.00244156
2.13 0 -0.000705383 -0.00167016 -0.00258721
2.14 0 -0.000878135 -0.0018942 -0.00273277
2.15 0 -0.00108221 -0.00216178 -0.0029006
2.16 0 -0.0012853 -0.00244741 -0.00308725
2.17 0 -0.00145572 -0.00271848 -0.00328679
2.18 0 -0.00159249 -0.00296544 -0.00351618
2.19 0 -0.00171175 -0.00319636 -0.00380141
2.2 0 -0.00181758 -0.00341615 -0.00414999
2.21 0 -0.00188294 -0.00360631 -0.00453116
2.22 0 -0.00186033 -0.00372253 -0.00488171
2.23 0 -0.00173546 -0.00373532 -0.00515475
2.24 0 -0.00156556 -0.0036715 -0.00536082
2.25 0 -0.00140446 -0.00355883 -0.00550442
2.26 0 -0.00125175 -0.0033896 -0.00554334
2.27 0 -0.00113471 -0.0032023 -0.0054758
2.28 0 -0.00109493 -0.00306215 -0.00533138
2.29 0 -0.00110799 -0.00296965 -0.0050924
2.3 0 -0.0011378 -0.00289885 -0.00474359
2.31 0 -0.00120408 -0.00286005 -0.0043352
2.32 0 -0.00132794 -0.00286028 -0.00392957
2.33 0 -0.00147404 -0.00286268 -0.00354327
2.34 0 -0.00157844 -0.00281608 -0.00316726
2.35 0 -0.00158815 -0.00268312 -0.00279411
2.36 0 -0.00148459 -0.00245186 -0.00243093
2.37 0 -0.00128845 -0.00213868 -0.00210068
2.38 0 -0.00102694 -0.00176226 -0.0018122
2.39 0 -0.000705996 -0.00132199 -0.00153728
2.4 0 -0.000336928 -0.000824159 -0.0012412
2.41 0 3.95951e-05 -0.00030455 -0.000912192
2.42 0 0.000381407 0.000197889 -0.000542016
2.43 0 0.000657942 0.000652278 -0.000121446
2.44 0 0.000837145 0.00102203 0.000339598
2.45 0 0.000908344 0.00128797 0.000830326
2.46 0 0.000900785 0.00147064 0.0013579
2.47 0 0.000834477 0.00158606 0.00190301
2.48 0 0.000707515 0.00163105 0.00241174
2.49 0 0.000554589 0.00163544 0.00285863
2.5 0 0.00044488 0.00166092 0.0032537
2.51 0 0.000428043 0.00175449 0.00360077
2.52 0 0.000510792 0.00192798 0.00388272
2.53 0 0.000668447 0.00216369 0.00407448
2.54 0 0.000864909 0.00242513 0.00415882
2.55 0 0.00107909 0.00268074 0.00414714
2.56 0 0.00132347 0.00293186 0.00409521
2.57 0 0.0016035 0.00318778 0.00406199
2.58 0 0.00187655 0.00343006 0.00406466
2.59 0 0.00207989 0.00362723 0.00409554
2.6 0 0.00216436 0.0037471 0.00414216
2.61 0 0.00210497 0.00375416 0.00418804
2.62 0 0.00191935 0.00363245 0.00422913
2.63 0 0.00165679 0.00339485 0.00426979
2.64 0 0.00134789 0.00305364 0.00428327
2.65 0 0.00100619 0.00262743 0.00422186
2.66 0 0.000666105 0.00216876 0.00406055
2.67 0 0.000371728 0.00173919 0.00379235
2.68 0 0.000151365 0.00137404 0.00340971
2.69 0 1.66121e-05 0.00107845 0.00290905
2.7 0 -3.19116e-05 0.000838066 0.0022995
2.71 0 -3.87515e-06 0.000630654 0.00160428
2.72 0 8.51932e-05 0.000441754 0.000862982
2.73 0 0.000225196 0.000282177 0.000138019
2.74 0 0.000383594 0.000156795 -0.000521133
2.75 0 0.000450726 -9.27148e-06 -0.00114743
2.76 0 0.000318716 -0.000320267 -0.00179843
2.77 0 1.36555e-05 -0.000785797 -0.00243718
2.78 0 -0.000352433 -0.00133866 -0.00297347
2.79 0 -0.00068579 -0.00189555 -0.0033489
2.8 0 -0.000951575 -0.002381 -0.00356255
2.81 0 -0.00117805 -0.00275702 -0.00367272
2.82 0 -0.00140756 -0.00302341 -0.00375505
2.83 0 -0.00165194 -0.00320938 -0.00386436
2.84 0 -0.00188435 -0.00336176 -0.00402365
2.85 0 -0.00203769 -0.00350027 -0.00420916
2.86 0 -0.00202626 -0.00358172 -0.00435319
2.87 0 -0.00182595 -0.00354619 -0.00441059
2.88 0 -0.00153092 -0.00339387 -0.00441981
2.89 0 -0.00129368 -0.00319242 -0.00446752
2.9 0 -0.00121362 -0.0030311 -0.00460652
2.91 0 -0.00126454 -0.0029589 -0.00479704
2.92 0 -0.0013121 -0.00294385 -0.00491258
2.93 0 -0.00120793 -0.00288062 -0.0048068
2.94 0 -0.000933455 -0.00268746 -0.00443723
2.95 0 -0.000672028 -0.00241967 -0.00394695
2.96 0 -0.000610566 -0.00217554 -0.00350161
2.97 0 -0.000729513 -0.0019609 -0.0031068
2.98 0 -0.000881508 -0.00174745 -0.00267956
2.99 0 -0.000938703 -0.00153117 -0.00216402
3 0 -0.000827872 -0.00128272 -0.00153525
3.01 0 -0.00051213 -0.000900223 -0.000764758
3.02 0 -4.65971e-05 -0.000304911 0.000120715
3.03 0 0.000376972 0.000421468 0.000969915
3.04 0 0.000617038 0.0011338 0.0016599
3.05 0 0.0007557 0.00178824 0.00225638
3.06 0 0.000986392 0.00242245 0.00292445
3.07 0 0.00138904 0.0030487 0.0037393
3.08 0 0.00185339 0.00362008 0.00462122
3.09 0 0.00222151 0.00411355 0.00545643
3.1 0 0.00243292 0.00457358 0.00620996
3.11 0 0.00254126 0.00506537 0.00692629
3.12 0 0.00264945 0.00561889 0.00767271
3.13 0 0.00281163 0.00618967 0.00846204
3.14 0 0.00300923 0.00669411 0.00924507
3.15 0 0.00321794 0.00710331 0.00998228
3.16 0 0.00344869 0.00747659 0.0106828
3.17 0 0.00372558 0.0079101 0.0113787
3.18 0 0.00406486 0.00848061 0.0121013
3.19 0 0.00445969 0.00920359 0.0128626
3.2 0 0.00487566 0.0100204 0.0136479
3.21 0 0.00529908 0.0108611 0.0144616
3.22 0 0.00579822 0.0117442 0.0153935
3.23 0 0.00644879 0.0127462 0.0165542
3.24 0 0.00719319 0.0138725 0.0179384
3.25 0 0.00788428 0.0150551 0.0194491
3.26 0 0.00842915 0.0162307 0.0210143
3.27 0 0.00883992 0.017366 0.0226246
3.28 0 0.00917717 0.018432 0.0242865
3.29 0 0.00947534 0.0193842 0.0259656
3.3 0 0.00973628 0.0201916 0.0275925
3.31 0 0.00996987 0.0208799 0.0291102
3.32 0 0.0102216 0.0215382 0.0305055
3.33 0 0.0105219 0.0222394 0.031762
3.34 0 0.0108168 0.0229406 0.0327901
3.35 0 0.0109994 0.0234963 0.0334547
3.36 0 0.0110488 0.0238039 0.033711
3.37 0 0.0111116 0.0239285 0.0336929
3.38 0 0.0113135 0.0239722 0.0335392
3.39 0 0.0115652 0.0238995 0.0332032
3.4 0 0.0116735 0.023611 0.0325513
3.41 0 0.0115298 0.0230701 0.0315321
3.42 0 0.0111648 0.0223146 0.0302147
3.43 0 0.0106729 0.0213871 0.0287102
3.44 0 0.0101027 0.0202721 0.0270731
3.45 0 0.00942801 0.0189112 0.0252807
3.46 0 0.00857883 0.0172453 0.0232622
3.47 0 0.0074802 0.0152321 0.0209274
3.48 0 0.00614168 0.0128999 0.0182461
3.49 0 0.00472585 0.0104026 0.0153187
3.5 0 0.00342907 0.00792614 0.0122812
3.51 0 0.0023124 0.00555312 0.00916478
3.52 0 0.00130858 0.00326444 0.00591172
3.53 0 0.000361796 0.00104266 0.00250346
3.54 0 -0.000514096 -0.00109211 -0.000991423
3.55 0 -0.00130552 -0.00314072 -0.00448826
3.56 0 -0.00203191 -0.00513267 -0.00791963
3.57 0 -0.00272613 -0.00708876 -0.0112217
3.58 0 -0.0034302 -0.00901442 -0.0143404
3.59 0 -0.00418816 -0.010906 -0.0172375
3.6 0 -0.0050306 -0.0127558 -0.0198878
3.61 0 -0.0059662 -0.0145566 -0.0222765
3.62 0 -0.00698833 -0.0163102 -0.0244061
3.63 0 -0.00808773 -0.0180365 -0.0263075
3.64 0 -0.00925835 -0.0197645 -0.0280367
3.65 0 -0.0104994 -0.0215161 -0.0296623
3.66 0 -0.0118212 -0.0233128 -0.0312676
3.67 0 -0.0132397 -0.025188 -0.0329486
3.68 0 -0.0146856 -0.0271046 -0.0347216
3.69 0 -0.0159247 -0.0288588 -0.0364301
3.7 0 -0.0166989 -0.0301878 -0.0378639
3.71 0 -0.0169347 -0.0309624 -0.0389508
3.72 0 -0.0167653 -0.0312281 -0.0397743
3.73 0 -0.0164047 -0.031127 -0.0404586
3.74 0 -0.0160068 -0.0308081 -0.0410544
3.75 0 -0.0155958 -0.0303616 -0.0414887
3.76 0 -0.0151194 -0.0298207 -0.0416224
3.77 0 -0.0145721 -0.0292167 -0.0413666
3.78 0 -0.0140619 -0.0286186 -0.0407524
3.79 0 -0.013747 -0.0281041 -0.0398882
3.8 0 -0.0137212 -0.0277105 -0.0388699
3.81 0 -0.0139793 -0.0274473 -0.0377595
3.82 0 -0.0144479 -0.0273274 -0.0366122
3.83 0 -0.0150243 -0.0273637 -0.0354937
3.84 0 -0.0156101 -0.0275504 -0.0344874
3.85 0 -0.0161366 -0.0278546 -0.0336941
3.86 0 -0.0165655 -0.0282141 -0.033211
3.87 0 -0.0168679 -0.028545 -0.0330975
3.88 0 -0.0170082 -0.0287705 -0.0333586
3.89 0 -0.0169634 -0.0288696 -0.0339665
3.9 0 -0.0167638 -0.0289101 -0.0349008
3.91 0 -0.0164766 -0.0290019 -0.0361325
3.92 0 -0.0161503 -0.0292099 -0.0375768
3.93 0 -0.0158169 -0.029535 -0.03911
3.94 0 -0.0155224 -0.0299423 -0.0406132
3.95 0 -0.0153166 -0.0303753 -0.0419804
3.96 0 -0.0152273 -0.0307702 -0.0431112
3.97 0 -0.0152604 -0.0310864 -0.0439246
3.98 0 -0.0154136 -0.0313294 -0.0443793
3.99 0 -0.0156804 -0.0315401 -0.044478
4 0 -0.016031 -0.0317481 -0.0442421
4.01 0 -0.0163226 -0.0318463 -0.0436078
4.02 0 -0.0163397 -0.0315965 -0.0424411
4.03 0 -0.0160323 -0.0308646 -0.0407552
4.04 0 -0.0155229 -0.0296806 -0.038717
4.05 0 -0.01487 -0.0280758 -0.0364246
4.06 0 -0.0139707 -0.0260096 -0.0338126
4.07 0 -0.0127222 -0.0234838 -0.0307987
4.08 0 -0.0111783 -0.0206333 -0.0274262
4.09 0 -0.00946094 -0.0176075 -0.0237795
4.1 0 -0.00763909 -0.0144573 -0.0198779
4.11 0 -0.00575219 -0.0111826 -0.0157164
4.12 0 -0.00387122 -0.00781617 -0.0113387
4.13 0 -0.0020961 -0.00443645 -0.00683553
4.14 0 -0.000488626 -0.00111317 -0.00227977
4.15 0 0.000968711 0.00212573 0.00230859
4.16 0 0.00230937 0.00524802 0.00690223
4.17 0 0.00357019 0.00823066 0.0114609
4.18 0 0.00486336 0.0111572 0.0160149
4.19 0 0.00633256 0.014189 0.0206362
4.2 0 0.00805394 0.0174591 0.025351
4.21 0 0.010026 0.0210264 0.0301302
4.22 0 0.0122315 0.0248912 0.0349406
4.23 0 0.0146887 0.0290405 0.0397995
4.24 0 0.0173964 0.0334231 0.0447302
4.25 0 0.0202441 0.03789 0.0496722
4.26 0 0.0230346 0.0422274 0.0544938
4.27 0 0.0255543 0.0462161 0.0590428
4.28 0 0.0276226 0.0496627 0.0631771
4.29 0 0.0291369 0.0524379 0.0667984
4.3 0 0.0300794 0.054486 0.0698546
4.31 0 0.0304787 0.0557969 0.0723039
4.32 0 0.0303241 0.0563225 0.0740303
4.33 0 0.0295918 0.0559847 0.0748644
4.34 0 0.0283919 0.054818 0.0747344
4.35 0 0.0269314 0.0529631 0.0736564
4.36 0 0.0253824 0.0505754 0.0716398
4.37 0 0.0238283 0.0477847 0.0686602
4.38 0 0.0222751 0.0446773 0.0646806
4.39 0 0.0207685 0.0413683 0.0597692
4.4 0 0.0194543 0.0380412 0.0541608
4.41 0 0.0184605 0.0348497 0.0481446
4.42 0 0.0177578 0.0318076 0.0419231
4.43 0 0.0171613 0.0288002 0.0355979
4.44 0 0.0164299 0.0256691 0.0292415
4.45 0 0.0153276 0.0222496 0.0229181
4.46 0 0.0136415 0.0183687 0.0166562
4.47 0 0.0112411 0.0138999 0.0104738
4.48 0 0.00816628 0.00886934 0.00445469
4.49 0 0.00459307 0.00344781 -0.00127675
4.5 0 0.000688567 -0.00219724 -0.00669572
4.51 0 -0.00341029 -0.00798402 -0.0119205
4.52 0 -0.00750359 -0.0138255 -0.0170978
4.53 0 -0.0113203 -0.0194869 -0.0222702
4.54 0 -0.0145728 -0.0245825 -0.0273426
4.55 0 -0.0170475 -0.028771 -0.0321882
4.56 0 -0.0187428 -0.0319866 -0.0368085
4.57 0 -0.019855 -0.034457 -0.0413271
4.58 0 -0.0205418 -0.0364549 -0.0457705
4.59 0 -0.0207908 -0.0380936 -0.0499489
4.6 0 -0.0205738 -0.0393711 -0.0536054
4.61 0 -0.0200377 -0.0402983 -0.0566056
4.62 0 -0.019506 -0.0409624 -0.0589774
4.63 0 -0.019262 -0.0414507 -0.0607601
4.64 0 -0.0193425 -0.0417502 -0.0618488
4.65 0 -0.019576 -0.0417834 -0.0620411
4.66 0 -0.0197765 -0.0415113 -0.0612045
4.67 0 -0.0199072 -0.0409967 -0.0594084
4.68 0 -0.02005 -0.0403359 -0.0568794
4.69 0 -0.0202111 -0.039497 -0.0538065
4.7 0 -0.0202421 -0.0382935 -0.0502555
4.71 0 -0.0200093 -0.0365885 -0.0463169
4.72 0 -0.0195357 -0.0344578 -0.0422281
4.73 0 -0.0189068 -0.0321062 -0.0382678
4.74 0 -0.0180988 -0.0296759 -0.0345756
4.75 0 -0.0169536 -0.02715 -0.0311028
4.76 0 -0.0154151 -0.0245111 -0.0278195
4.77 0 -0.0137065 -0.021911 -0.0248913
4.78 0 -0.01215 -0.0195723 -0.0225366
4.79 0 -0.0109141 -0.017628 -0.0208199
4.8 0 -0.00996401 -0.0160947 -0.0196239
4.81 0 -0.00917753 -0.0149309 -0.0187595
4.82 0 -0.00844533 -0.0140557 -0.0180508
4.83 0 -0.00769313 -0.0133273 -0.0173478
4.84 0 -0.00687549 -0.0125508 -0.0165199
4.85 0 -0.00595749 -0.0115208 -0.0154468
4.86 0 -0.00494592 -0.0101241 -0.0140597
4.87 0 -0.0039213 -0.00841801 -0.012382
4.88 0 -0.00297626 -0.00656983 -0.0104728
4.89 0 -0.00216841 -0.00477193 -0.00838339
4.9 0 -0.00155319 -0.00321656 -0.00619489
4.91 0 -0.00120753 -0.00206823 -0.00404305
4.92 0 -0.0011354 -0.00134848 -0.00202358
4.93 0 -0.00117184 -0.00084715 -8.82583e-05
4.94 0 -0.00115347 -0.000316531 0.00180313
4.95 0 -0.0010902 0.000309915 0.00352638
4.96 0 -0.0010162 0.00100742 0.00494417
4.97 0 -0.000852161 0.00177864 0.006049
4.98 0 -0.000487314 0.00261956 0.00690126
4.99 0 0.000126847 0.00350305 0.00755882
5 0 0.000960319 0.00441124 0.00806881
5.01 0 0.00192259 0.00534729 0.0084737
5.02 0 0.0028976 0.00631947 0.00881995
5.03 0 0.00378602 0.00732002 0.0091688
5.04 0 0.00452601 0.00830875 0.00959205
5.05 0 0.00506167 0.00918361 0.0101245
5.06 0 0.00530427 0.00977344 0.0107162
5.07 0 0.00515304 0.00989601 0.011248
5.08 0 0.00457397 0.00945633 0.0116035
5.09 0 0.00364975 0.00850265 0.0117206
5.1 0 0.00252421 0.00717564 0.0115538
5.11 0 0.00133996 0.00564328 0.0110431
5.12 0 0.000234654 0.00407934 0.0101405
5.13 0 -0.00066213 0.002639 0.00883398
5.14 0 -0.00124594 0.00143435 0.0071557
5.15 0 -0.00146148 0.000517899 0.00517469
5.16 0 -0.00131346 -0.000113327 0.0029903
5.17 0 -0.000858836 -0.00049174 0.000733532
5.18 0 -0.00019869 -0.000661084 -0.00144302
5.19 0 0.000535695 -0.000672966 -0.00338377
5.2 0 0.00121106 -0.000582698 -0.00494235
5.21 0 0.00172515 -0.000437406 -0.00598644
5.22 0 0.00203178 -0.000257628 -0.0063999
5.23 0 0.00214234 -2.74133e-05 -0.00609433
5.24 0 0.00211085 0.000305682 -0.00502442
5.25 0 0.00202106 0.000828275 -0.00319202
5.26 0 0.00195572 0.00162969 -0.00066151
5.27 0 0.00196091 0.00275146 0.00242215
5.28 0 0.00205996 0.00417888 0.00586399
5.29 0 0.0022851 0.00586147 0.00946846
5.3 0 0.00267186 0.00772095 0.0130555
5.31 0 0.00323698 0.00966119 0.0164614
5.32 0 0.00397377 0.011596 0.019552
5.33 0 0.00485447 0.0134677 0.022234
5.34 0 0.00582438 0.0152316 0.0244463
5.35 0 0.00682159 0.0168496 0.0261647
5.36 0 0.0078124 0.0183046 0.0274241
5.37 0 0.00878924 0.0195973 0.0283063
5.38 0 0.00975306 0.0207337 0.0289124
5.39 0 0.0107009 0.0217227 0.0293421
5.4 0 0.0116009 0.0225689 0.0296687
5.41 0 0.0123857 0.0232678 0.0299291
5.42 0 0.0129853 0.0238159 0.0301451
5.43 0 0.0133545 0.0242116 0.0303382
5.44 0 0.0134652 0.024431 0.030513
5.45 0 0.0133054 0.0244249 0.0306507
5.46 0 0.0129169 0.0241692 0.0307434
5.47 0 0.0124093 0.0237113 0.0308174
5.48 0 0.0119077 0.0231574 0.0309032
5.49 0 0.011452 0.0225833 0.0309526
5.5 0 0.0109593 0.0219614 0.0308055
5.51 0 0.0103681 0.0212485 0.030326
5.52 0 0.00975125 0.020471 0.0295141
5.53 0 0.00924035 0.0196792 0.028445
5.54 0 0.00893619 0.018918 0.027202
5.55 0 0.00885564 0.0182177 0.0258388
5.56 0 0.00892372 0.0175848 0.0243699
5.57 0 0.00905526 0.0170397 0.0228348
5.58 0 0.0092117 0.0166228 0.0213316
5.59 0 0.00937647 0.0163451 0.0199755
5.6 0 0.00951877 0.0161593 0.0188516
5.61 0 0.00961021 0.0160038 0.0180246
5.62 0 0.00967325 0.0158847 0.0175837
5.63 0 0.00974588 0.0158638 0.0176076
5.64 0 0.0097779 0.0159485 0.0180585
5.65 0 0.00964129 0.0160584 0.0187803
5.66 0 0.00928665 0.0161299 0.0196417
5.67 0 0.00881462 0.0161788 0.0206092
5.68 0 0.00834786 0.0162138 0.0216433
5.69 0 0.00791657 0.0161758 0.0226116
5.7 0 0.00751304 0.0160174 0.0233618
5.71 0 0.0071487 0.0157521 0.0237876
5.72 0 0.00683033 0.0154069 0.0238102
5.73 0 0.00659438 0.0150318 0.0234168
5.74 0 0.00651873 0.0147045 0.0226784
5.75 0 0.006619 0.0144386 0.0216533
5.76 0 0.00681598 0.014162 0.0203534
5.77 0 0.00702279 0.0138039 0.018818
5.78 0 0.0071856 0.0133342 0.0171368
5.79 0 0.00725962 0.0127404 0.0154104
5.8 0 0.00719575 0.0120129 0.0137208
5.81 0 0.00693453 0.0111304 0.0121106
5.82 0 0.00641306 0.0100513 0.0105746
5.83 0 0.00560099 0.00873789 0.00908542
5.84 0 0.0045392 0.00719659 0.00763019
5.85 0 0.00333675 0.00549249 0.00621803
5.86 0 0.00212457 0.00373006 0.00485487
5.87 0 0.00101612 0.00203371 0.0035311
5.88 0 9.81668e-05 0.000532239 0.00223267
5.89 0 -0.000561407 -0.000660888 0.000959653
5.9 0 -0.000906735 -0.00146245 -0.000257347
5.91 0 -0.00089811 -0.00182617 -0.00135217
5.92 0 -0.000518503 -0.00173391 -0.00222363
5.93 0 0.000221304 -0.00117808 -0.0027405
5.94 0 0.00125017 -0.000185009 -0.00278721
5.95 0 0.00240749 0.00114042 -0.00232134
5.96 0 0.00353891 0.00268364 -0.00131265
5.97 0 0.00464483 0.00445615 0.000377926
5.98 0 0.00578668 0.00651479 0.0028923
5.99 0 0.0068903 0.00878204 0.00617514
6 0 0.00784553 0.0111429 0.0100699
6.01 0 0.00866841 0.013592 0.0144801
6.02 0 0.00945708 0.0161855 0.0193355
6.03 0 0.0103183 0.0189767 0.0245397
6.04 0 0.0113154 0.0219748 0.0299418
6.05 0 0.0124379 0.0251148 0.035328
6.06 0 0.0136753 0.0283209 0.0405117
6.07 0 0.0150988 0.0315879 0.0454232
6.08 0 0.016824 0.0349688 0.050083
6.09 0 0.0189178 0.0385112 0.0545213
6.1 0 0.0213217 0.0421864 0.0587047
6.11 0 0.0238596 0.0458704 0.0625322
6.12 0 0.0263795 0.0494472 0.0659565
6.13 0 0.0288411 0.0528799 0.0690555
6.14 0 0.03118 0.0560905 0.0718894
6.15 0 0.0331932 0.0588629 0.0743746
6.16 0 0.0346218 0.0609257 0.0763475
6.17 0 0.0352611 0.062052 0.0776538
6.18 0 0.0350216 0.0621077 0.0781897
6.19 0 0.033915 0.0610248 0.0778697
6.2 0 0.0319878 0.0587411 0.0765551
6.21 0 0.0293018 0.0552161 0.0740572
6.22 0 0.0259174 0.0504519 0.0701597
6.23 0 0.0218583 0.0444674 0.0646228
6.24 0 0.0171854 0.0373452 0.0572809
6.25 0 0.0121325 0.0293306 0.0481921
6.26 0 0.00702266 0.0207386 0.0375725
6.27 0 0.00208406 0.0117687 0.0256116
6.28 0 -0.00251908 0.00252238 0.0124771
6.29 0 -0.00666639 -0.00688733 -0.00161322
6.3 0 -0.0103887 -0.0163001 -0.0163978
6.31 0 -0.0138519 -0.0255439 -0.0315716
6.32 0 -0.017231 -0.0344991 -0.0467787
6.33 0 -0.0206534 -0.0431349 -0.0616454
6.34 0 -0.024217 -0.0515036 -0.0758475
6.35 0 -0.0279847 -0.059671 -0.0891546
6.36 0 -0.0319629 -0.0676519 -0.101419
6.37 0 -0.0361149 -0.0754241 -0.112543
6.38 0 -0.0403957 -0.0829609 -0.122476
6.39 0 -0.0447716 -0.0902375 -0.131236
6.4 0 -0.0492149 -0.0972226 -0.138891
6.41 0 -0.0536822 -0.103863 -0.145537
6.42 0 -0.0580669 -0.110049 -0.151248
6.43 0 -0.0621883 -0.115608 -0.15605
6.44 0 -0.06588 -0.120408 -0.160002
6.45 0 -0.0690424 -0.124408 -0.163224
6.46 0 -0.0716049 -0.127612 -0.165841
6.47 0 -0.0735118 -0.130044 -0.167957
6.48 0 -0.0747386 -0.131745 -0.169655
6.49 0 -0.0752908 -0.13275 -0.170986
6.5 0 -0.0752021 -0.133086 -0.171965
6.51 0 -0.0745673 -0.132794 -0.172604
6.52 0 -0.0735531 -0.131972 -0.172929
6.53 0 -0.0723331 -0.130737 -0.172943
6.54 0 -0.0710292 -0.129207 -0.172589
6.55 0 -0.0697227 -0.12749 -0.171795
6.56 0 -0.068462 -0.125668 -0.170491
6.57 0 -0.067255 -0.123765 -0.168597
6.58 0 -0.0661067 -0.121782 -0.166065
6.59 0 -0.0650555 -0.11972 -0.162919
6.6 0 -0.0641533 -0.117582 -0.159246
6.61 0 -0.0634264 -0.11537 -0.155161
6.62 0 -0.0628494 -0.113089 -0.150779
6.63 0 -0.062348 -0.110752 -0.146207
6.64 0 -0.0618371 -0.10839 -0.141561
6.65 0 -0.0612453 -0.106038 -0.136967
6.66 0 -0.0605223 -0.103716 -0.132553
6.67 0 -0.0596507 -0.101426 -0.12844
6.68 0 -0.0586438 -0.0991725 -0.124743
6.69 0 -0.0575152 -0.0969503 -0.121534
6.7 0 -0.056243 -0.0947333 -0.118812
6.71 0 -0.0547772 -0.0924801 -0.116506
6.72 0 -0.0530786 -0.0901584 -0.114513
6.73 0 -0.0511462 -0.0877551 -0.112725
6.74 0 -0.0490236 -0.0852707 -0.111037
6.75 0 -0.0467827 -0.0827063 -0.109344
6.76 0 -0.0445069 -0.0800635 -0.107545
6.77 0 -0.042293 -0.0773668 -0.105556
6.78 0 -0.0402451 -0.0746746 -0.103324
6.79 0 -0.0384352 -0.0720475 -0.100806
6.8 0 -0.0368687 -0.0695051 -0.097938
6.81 0 -0.0354935 -0.0670151 -0.0946481
6.82 0 -0.034223 -0.0644951 -0.0908739
6.83 0 -0.0329564 -0.0618242 -0.0865749
6.84 0 -0.031589 -0.0588615 -0.0817327
6.85 0 -0.0300111 -0.0554639 -0.0763385
6.86 0 -0.0281028 -0.0514992 -0.070376
6.87 0 -0.0257361 -0.046853 -0.0638083
6.88 0 -0.0228104 -0.0414563 -0.0565998
6.89 0 -0.0193008 -0.035318 -0.0487536
6.9 0 -0.0152422 -0.0284902 -0.0402915
6.91 0 -0.0106513 -0.0209753 -0.0311741
6.92 0 -0.00550032 -0.0127012 -0.0212827
6.93 0 0.000129919 -0.00364484 -0.0105491
6.94 0 0.00594068 0.0060635 0.000964146
6.95 0 0.0116158 0.0161592 0.0131589
6.96 0 0.0170526 0.0263253 0.0259912
6.97 0 0.0223235 0.0363274 0.0394522
6.98 0 0.0274854 0.0460632 0.053451
6.99 0 0.0324624 0.0555002 0.0677227
7 0 0.0370902 0.064643 0.081892
7.01 0 0.0412655 0.0735226 0.0956414
7.02 0 0.0450529 0.0821696 0.108828
7.03 0 0.0486313 0.0905597 0.121437
7.04 0 0.0521542 0.098575 0.133451
7.05 0 0.0556596 0.106046 0.144771
7.06 0 0.0590741 0.112835 0.155242
7.07 0 0.0622507 0.118864 0.164683
7.08 0 0.0650025 0.124083 0.172901
7.09 0 0.0671609 0.128437 0.179723
7.1 0 0.0686262 0.131848 0.185021
7.11 0 0.069373 0.134197 0.188716
7.12 0 0.0694251 0.135329 0.190751
7.13 0 0.068822 0.135084 0.191066
7.14 0 0.0676114 0.133362 0.189599
7.15 0 0.0658942 0.130238 0.18636
7.16 0 0.0638317 0.125991 0.18146
7.17 0 0.0615546 0.12097 0.175039
7.18 0 0.0590921 0.11543 0.167194
7.19 0 0.0564237 0.109486 0.158021
7.2 0 0.0535776 0.103175 0.147701
7.21 0 0.0506374 0.0965015 0.136502
7.22 0 0.0476484 0.0894357 0.124681
7.23 0 0.044559 0.0819337 0.112416
7.24 0 0.0412515 0.0739893 0.0998185
7.25 0 0.0375861 0.0656394 0.0869586
7.26 0 0.0334354 0.0569203 0.0738827
7.27 0 0.0287467 0.0478569 0.0606578
7.28 0 0.0235863 0.0384921 0.0474062
7.29 0 0.0180824 0.0288749 0.0342634
7.3 0 0.0123492 0.019032 0.021329
7.31 0 0.00651186 0.00902563 0.00870266
7.32 0 0.000742862 -0.000960433 -0.00347815
7.33 0 -0.00472931 -0.0106429 -0.0150659
7.34 0 -0.00967377 -0.0197103 -0.0259451
7.35 0 -0.0140238 -0.0279001 -0.0360851
7.36 0 -0.0178892 -0.0350881 -0.0455314
7.37 0 -0.0213378 -0.0412702 -0.0542699
7.38 0 -0.0242845 -0.0464841 -0.0621523
7.39 0 -0.0266192 -0.050823 -0.0690111
7.4 0 -0.0283719 -0.0544656 -0.0748073
7.41 0 -0.0296991 -0.0575913 -0.0796133
7.42 0 -0.0307602 -0.0602674 -0.083501
7.43 0 -0.0316776 -0.0624692 -0.0865215
7.44 0 -0.0325648 -0.0641885 -0.0887485
7.45 0 -0.0335178 -0.0654918 -0.0902809
7.46 0 -0.0345711 -0.0664996 -0.0912048
7.47 0 -0.0356831 -0.0673371 -0.0915773
7.48 0 -0.03678 -0.0681009 -0.0914572
7.49 0 -0.0378044 -0.0688376 -0.0909372
7.5 0 -0.038719 -0.0695179 -0.0901328
7.51 0 -0.0394844 -0.0700379 -0.089152
7.52 0 -0.0400438 -0.0702593 -0.0880753
7.53 0 -0.0403063 -0.0700496 -0.0869319
7.54 0 -0.0401462 -0.0693074 -0.0856883
7.55 0 -0.0394342 -0.0679658 -0.0842572
7.56 0 -0.038112 -0.0660039 -0.0825437
7.57 0 -0.0362587 -0.0634779 -0.080504
7.58 0 -0.034017 -0.0604622 -0.0780942
7.59 0 -0.0314622 -0.0569571 -0.0751748
7.6 0 -0.0286424 -0.052955 -0.0715818
7.61 0 -0.025685 -0.0485568 -0.0672569
7.62 0 -0.022767 -0.0439403 -0.0622373
7.63 0 -0.0200484 -0.0392886 -0.0566047
7.64 0 -0.0176449 -0.0347518 -0.0504671
7.65 0 -0.0155949 -0.030405 -0.0439263
7.66 0 -0.0138682 -0.026253 -0.037083
7.67 0 -0.0124214 -0.0222899 -0.0300821
7.68 0 -0.0112224 -0.0185322 -0.0231251
7.69 0 -0.0102297 -0.0150136 -0.0164409
7.7 0 -0.00935958 -0.0117605 -0.0102381
7.71 0 -0.00846602 -0.00874799 -0.00465213
7.72 0 -0.00739606 -0.00591796 0.000236525
7.73 0 -0.00607324 -0.00323557 0.00434544
7.74 0 -0.00447127 -0.00066031 0.00763128
7.75 0 -0.00255572 0.00189614 0.0101524
7.76 0 -0.0003175 0.00453206 0.0120458
7.77 0 0.00218576 0.00732358 0.0135003
7.78 0 0.00484641 0.0103152 0.0147558
7.79 0 0.00753854 0.0134791 0.0160692
7.8 0 0.010151 0.01669 0.0176656
7.81 0 0.0126025 0.0197845 0.019718
7.82 0 0.0148127 0.0226522 0.0223323
7.83 0 0.016661 0.0252509 0.0255109
7.84 0 0.0179717 0.0275446 0.0291187
7.85 0 0.0185628 0.0294541 0.0329091
7.86 0 0.0183751 0.0308884 0.0366328
7.87 0 0.0175737 0.0318104 0.040134
7.88 0 0.0164806 0.03225 0.0433284
7.89 0 0.0154058 0.0322838 0.0461189
7.9 0 0.0145509 0.0320427 0.0483695
7.91 0 0.0140197 0.0317242 0.0499465
7.92 0 0.0138574 0.0315485 0.0507636
7.93 0 0.0140738 0.0316747 0.0507965
7.94 0 0.0146625 0.0321475 0.0500956
7.95 0 0.0156186 0.0329036 0.0488022
7.96 0 0.0169232 0.0338138 0.0471308
7.97 0 0.0184949 0.0347238 0.0453063
7.98 0 0.0201641 0.0354915 0.0435101
7.99 0 0.0217001 0.0360204 0.04187
8 0 0.0228646 0.0362672 0.0404745
8.01 0 0.0234848 0.0362425 0.0394048
8.02 0 0.0234911 0.035984 0.0387398
8.03 0 0.0228817 0.0354774 0.0384975
8.04 0 0.0217148 0.0346452 0.0386148
8.05 0 0.0201397 0.033442 0.0389979
8.06 0 0.018371 0.0319287 0.0395471
8.07 0 0.0166103 0.0302607 0.0401351
8.08 0 0.0149913 0.028628 0.0405958
8.09 0 0.013572 0.0271795 0.0407358
8.1 0 0.0123801 0.0259808 0.0403831
8.11 0 0.011474 0.0250282 0.0394538
8.12 0 0.0109354 0.0242617 0.0379556
8.13 0 0.0108148 0.0235847 0.035951
8.14 0 0.0111017 0.0229258 0.0335419
8.15 0 0.0117089 0.0222807 0.0308607
8.16 0 0.0124681 0.0216832 0.0280431
8.17 0 0.0131603 0.0211366 0.0252083
8.18 0 0.0136004 0.0205945 0.0224866
8.19 0 0.0137214 0.0200016 0.0200589
8.2 0 0.0135536 0.019311 0.0181198
8.21 0 0.0131454 0.0184849 0.0167983
8.22 0 0.0125153 0.0175134 0.0161163
8.23 0 0.0116605 0.0164389 0.0160013
8.24 0 0.0105829 0.0153421 0.0163148
8.25 0 0.00928985 0.0142759 0.0168585
8.26 0 0.00782036 0.0132405 0.0174169
8.27 0 0.006306 0.0122394 0.017844
8.28 0 0.00495285 0.0113084 0.0180823
8.29 0 0.00392742 0.0104661 0.018081
8.3 0 0.00326957 0.00967522 0.0177294
8.31 0 0.00289883 0.0088658 0.0168762
8.32 0 0.00266789 0.00796335 0.0153834
8.33 0 0.00245393 0.00692061 0.0132005
8.34 0 0.00223015 0.00574289 0.0104172
8.35 0 0.00201606 0.00443841 0.00720333
8.36 0 0.00181624 0.00299633 0.00374362
8.37 0 0.00162725 0.00143935 0.00023759
8.38 0 0.0014332 -0.000159466 -0.00311674
8.39 0 0.00116678 -0.00173509 -0.00618264
8.4 0 0.000703311 -0.00329204 -0.00892053
8.41 0 -6.98779e-05 -0.00489498 -0.0113493
8.42 0 -0.00120195 -0.00663767 -0.0135093
8.43 0 -0.00265226 -0.00859183 -0.0154354
8.44 0 -0.00427218 -0.0107331 -0.0171237
8.45 0 -0.00589263 -0.0129555 -0.0185834
8.46 0 -0.00741403 -0.0151243 -0.0198883
8.47 0 -0.00877542 -0.0170794 -0.021125
8.48 0 -0.00991235 -0.0186617 -0.0223408
8.49 0 -0.0107609 -0.0197794 -0.0235442
8.5 0 -0.0112665 -0.0204426 -0.0247168
8.51 0 -0.0113808 -0.0207254 -0.0258074
8.52 0 -0.0110622 -0.0206853 -0.0267174
8.53 0 -0.010333 -0.0203405 -0.0273442
8.54 0 -0.00935645 -0.0197367 -0.0276688
8.55 0 -0.00841035 -0.0189932 -0.027768
8.56 0 -0.00775744 -0.0182791 -0.0277382
8.57 0 -0.00753605 -0.017767 -0.0276249
8.58 0 -0.0077438 -0.0175992 -0.0274222
8.59 0 -0.0083092 -0.0178757 -0.0271341
8.6 0 -0.00915121 -0.0186198 -0.0268104
8.61 0 -0.0101733 -0.0197232 -0.0265141
8.62 0 -0.0112589 -0.0209622 -0.0262963
8.63 0 -0.0122849 -0.0220813 -0.0261962
8.64 0 -0.0131123 -0.0228633 -0.0262191
8.65 0 -0.0135792 -0.0231644 -0.0263141
8.66 0 -0.0135235 -0.0229183 -0.0263783
8.67 0 -0.0128185 -0.0220947 -0.0262644
8.68 0 -0.0114175 -0.0206503 -0.025797
8.69 0 -0.00940778 -0.0185541 -0.024829
8.7 0 -0.00701077 -0.015849 -0.0232846
8.71 0 -0.00448819 -0.0126496 -0.0211181
8.72 0 -0.00206683 -0.00911738 -0.0182774
8.73 0 8.76799e-05 -0.00544346 -0.01471
8.74 0 0.00190418 -0.0017948 -0.0103622
8.75 0 0.00339615 0.00172118 -0.00521172
8.76 0 0.00457477 0.00502766 0.000646028
8.77 0 0.00539834 0.0080579 0.0069636
8.78 0 0.00584484 0.0107981 0.0134277
8.79 0 0.00600381 0.0133157 0.019764
8.8 0 0.00607435 0.015716 0.0257677
8.81 0 0.006282 0.0180808 0.0312802
8.82 0 0.00678327 0.0204381 0.0361522
8.83 0 0.00762349 0.0227654 0.0402334
8.84 0 0.00875815 0.0250165 0.0434011
8.85 0 0.0100908 0.0271279 0.045582
8.86 0 0.0115034 0.0289956 0.0467495
8.87 0 0.0128816 0.0304744 0.0469237
8.88 0 0.0141551 0.031451 0.0462079
8.89 0 0.0152878 0.0318881 0.0447777
8.9 0 0.0161886 0.0317679 0.0427799
8.91 0 0.0167216 0.0310915 0.040322
8.92 0 0.016791 0.0299179 0.0375305
8.93 0 0.0163611 0.0283294 0.0345466
8.94 0 0.0154604 0.0263933 0.0315072
8.95 0 0.014182 0.0241588 0.028534
8.96 0 0.0126468 0.0216664 0.0257074
8.97 0 0.0109599 0.0189716 0.0230482
8.98 0 0.00919949 0.0161702 0.0205273
8.99 0 0.00741729 0.0133852 0.0180813
9 0 0.00565222 0.0107277 0.0156344
9.01 0 0.0039725 0.00828062 0.0131418
9.02 0 0.00249992 0.00609822 0.0106161
9.03 0 0.00136574 0.00420261 0.00810394
9.04 0 0.00063636 0.00258532 0.00564258
9.05 0 0.000283073 0.00122598 0.00324611
9.06 0 0.000217582 0.00012813 0.00093891
9.07 0 0.000345037 -0.000672169 -0.00121015
9.08 0 0.000566928 -0.00116771 -0.00311544
9.09 0 0.000771529 -0.00143708 -0.00471646
9.1 0 0.000865035 -0.00162034 -0.00597233
9.11 0 0.000795418 -0.00185921 -0.00685149
9.12 0 0.000553839 -0.00223949 -0.00733352
9.13 0 0.000145527 -0.00277787 -0.00743629
9.14 0 -0.000452248 -0.00346312 -0.00725752
9.15 0 -0.00126762 -0.00427531 -0.00695441
9.16 0 -0.00229234 -0.00519838 -0.00669993
9.17 0 -0.00346771 -0.00623575 -0.00665554
9.18 0 -0.00466089 -0.00736807 -0.00691785
9.19 0 -0.00567897 -0.00850934 -0.0074912
9.2 0 -0.00635432 -0.00953735 -0.00833722
9.21 0 -0.00660739 -0.0103372 -0.00941816
9.22 0 -0.00644278 -0.0108133 -0.0106859
9.23 0 -0.00593905 -0.0109225 -0.012078
9.24 0 -0.00524176 -0.0107225 -0.0135359
9.25 0 -0.00451832 -0.0103665 -0.0149958
9.26 0 -0.00388852 -0.0100278 -0.0163526
9.27 0 -0.00338676 -0.00980893 -0.0174417
9.28 0 -0.00303053 -0.00974506 -0.0181181
9.29 0 -0.00291456 -0.00987455 -0.018364
9.3 0 -0.00316956 -0.0102373 -0.0182728
9.31 0 -0.00385057 -0.0108354 -0.0179617
9.32 0 -0.00486116 -0.0116012 -0.0174981
9.33 0 -0.00597798 -0.0123995 -0.0168913
9.34 0 -0.00698484 -0.0131035 -0.0161756
9.35 0 -0.00775045 -0.013627 -0.0154433
9.36 0 -0.00818691 -0.0138752 -0.0147741
9.37 0 -0.00821392 -0.0137355 -0.0141873
9.38 0 -0.0077683 -0.0131152 -0.0136462
9.39 0 -0.00682888 -0.0119683 -0.0130724
9.4 0 -0.00547005 -0.0103401 -0.0123958
9.41 0 -0.00388132 -0.00839248 -0.0115948
9.42 0 -0.00229893 -0.00635295 -0.0106669
9.43 0 -0.000932338 -0.00444975 -0.0095983
9.44 0 7.47298e-05 -0.00286527 -0.00836243
9.45 0 0.000648472 -0.00171349 -0.00694285
9.46 0 0.00075668 -0.00104908 -0.00537395
9.47 0 0.000413904 -0.000860436 -0.00373867
9.48 0 -0.000271865 -0.00103735 -0.00211379
9.49 0 -0.0011003 -0.00138167 -0.000544413
9.5 0 -0.00187347 -0.00170186 0.000902537
9.51 0 -0.00247554 -0.00189526 0.00209998
9.52 0 -0.00284835 -0.00193275 0.0029161
9.53 0 -0.00294659 -0.00181704 0.00327702
9.54 0 -0.00273643 -0.00156573 0.00317923
9.55 0 -0.00222821 -0.00121526 0.00266469
9.56 0 -0.00150533 -0.000829288 0.00179041
9.57 0 -0.000700227 -0.000479877 0.000633962
9.58 0 5.56241e-05 -0.000224034 -0.000691265
9.59 0 0.000667997 -9.36908e-05 -0.00203737
9.6 0 0.00109303 -9.16157e-05 -0.00323763
9.61 0 0.00132676 -0.000193528 -0.00413461
9.62 0 0.00139057 -0.000348292 -0.00460338
9.63 0 0.00129734 -0.000506351 -0.00458925
9.64 0 0.00102273 -0.000662298 -0.00414066
9.65 0 0.000545166 -0.000841594 -0.00337316
9.66 0 -7.2699e-05 -0.00103314 -0.00238234
9.67 0 -0.000653871 -0.00113799 -0.00118894
9.68 0 -0.00100226 -0.00101735 0.000206588
9.69 0 -0.00102984 -0.000587 0.00173478
9.7 0 -0.000769639 0.000157061 0.00326209
9.71 0 -0.000293463 0.00117467 0.00467094
9.72 0 0.00035901 0.00241421 0.00592125
9.73 0 0.00117688 0.00381008 0.0070418
9.74 0 0.00214553 0.00528653 0.00809699
9.75 0 0.0032394 0.00679484 0.0091769
9.76 0 0.00441688 0.00832855 0.0103793
9.77 0 0.00561181 0.00990216 0.0117808
9.78 0 0.00673456 0.0115178 0.0134164
9.79 0 0.00769562 0.0131409 0.0152794
9.8 0 0.0084386 0.0147023 0.0173359
9.81 0 0.00895219 0.0161252 0.0195396
9.82 0 0.00930838 0.0174039 0.0218835
9.83 0 0.00966472 0.0186483 0.0244205
9.84 0 0.0101198 0.0199638 0.0271397
9.85 0 0.0106233 0.0213449 0.029888
9.86 0 0.011086 0.0227365 0.032479
9.87 0 0.0115013 0.0241117 0.034812
9.88 0 0.0119498 0.0254726 0.0368805
9.89 0 0.0124908 0.0267795 0.0386756
9.9 0 0.0130583 0.0278904 0.0400924
9.91 0 0.0135452 0.0286674 0.0410141
9.92 0 0.0139389 0.0291124 0.0414423
9.93 0 0.014284 0.0293207 0.0414572
9.94 0 0.0145856 0.0293664 0.0411184
9.95 0 0.0147753 0.0292404 0.0404237
9.96 0 0.0147594 0.0288719 0.0393468
9.97 0 0.014501 0.0281984 0.037907
9.98 0 0.0140247 0.0271861 0.0361661
9.99 0 0.0133725 0.0258258 0.0341868
10 0 0.012579 0.0241466 0.0320156
10.01 0 0.0116609 0.0222157 0.029677
10.02 0 0.0106083 0.0201042 0.027164
10.03 0 0.00939193 0.0178497 0.0244383
10.04 0 0.00799711 0.0154535 0.0214588
10.05 0 0.00644286 0.0128899 0.0182029
10.06 0 0.00476391 0.0101097 0.0146551
10.07 0 0.0029946 0.0070563 0.0107957
10.08 0 0.0012066 0.00374436 0.00664635
10.09 0 -0.000468562 0.000320863 0.00231012
10.1 0 -0.00195655 -0.00304459 -0.00213071
10.11 0 -0.00330214 -0.00625875 -0.00667223
10.12 0 -0.00452321 -0.00922379 -0.0112522
10.13 0 -0.00556001 -0.0118295 -0.0157085
10.14 0 -0.0063878 -0.0140639 -0.019896
10.15 0 -0.00700733 -0.0159699 -0.0236815
10.16 0 -0.00739453 -0.0175464 -0.0268989
10.17 0 -0.00757506 -0.018785 -0.0294306
10.18 0 -0.00765387 -0.0197008 -0.0312477
10.19 0 -0.00774234 -0.0203036 -0.0323575
10.2 0 -0.00788635 -0.0205833 -0.0327535
10.21 0 -0.00803909 -0.0205089 -0.0323989
10.22 0 -0.00810385 -0.0200495 -0.03126
10.23 0 -0.00800772 -0.0192029 -0.0293608
10.24 0 -0.00772951 -0.0179885 -0.0267925
10.25 0 -0.0072783 -0.0164234 -0.0236827
10.26 0 -0.00669639 -0.0145506 -0.0201978
10.27 0 -0.0060569 -0.0124729 -0.0165428
10.28 0 -0.00538233 -0.0102893 -0.0128784
10.29 0 -0.00460886 -0.00804081 -0.00927221
10.3 0 -0.00367731 -0.00575553 -0.00577001
10.31 0 -0.00260914 -0.00348848 -0.00245588
10.32 0 -0.0014938 -0.00130928 0.000562258
10.33 0 -0.000451975 0.000699197 0.00317662
10.34 0 0.000422493 0.00245186 0.00531581
10.35 0 0.00115343 0.00393628 0.00702284
10.36 0 0.00187489 0.00524017 0.00845507
10.37 0 0.00265093 0.00642416 0.0097206
10.38 0 0.00336707 0.00742565 0.0107703
10.39 0 0.00388328 0.00816993 0.0115295
10.4 0 0.00419026 0.00868098 0.0120333
10.41 0 0.0043659 0.0090309 0.0123804
10.42 0 0.0044768 0.00926487 0.0126438
10.43 0 0.00453235 0.00938024 0.0128334
10.44 0 0.00448863 0.00933718 0.012901
10.45 0 0.0042847 0.00908125 0.0127705
10.46 0 0.00390835 0.00859141 0.0123968
10.47 0 0.00344615 0.00793117 0.0118192
10.48 0 0.00301657 0.00720483 0.0111103
10.49 0 0.00266792 0.00647545 0.0102904
10.5 0 0.00238297 0.0057643 0.00933814
10.51 0 0.00213349 0.00508073 0.00824133
10.52 0 0.00188921 0.00440787 0.00699856
10.53 0 0.00162768 0.00370578 0.00562285
10.54 0 0.00137996 0.00297374 0.00418612
10.55 0 0.00121631 0.00227049 0.00281055
10.56 0 0.00115906 0.00165431 0.00158753
10.57 0 0.00114121 0.0011333 0.00053099
10.58 0 0.00106465 0.000680087 -0.000383351
10.59 0 0.000863822 0.00024947 -0.00117599
10.6 0 0.000503139 -0.000240106 -0.00187919
10.61 0 -4.44386e-05 -0.000907929 -0.00256037
10.62 0 -0.000805194 -0.00187964 -0.0033248
10.63 0 -0.00180196 -0.00324994 -0.00430515
10.64 0 -0.00299379 -0.00500507 -0.00559075
10.65 0 -0.00423716 -0.0069774 -0.00716853
10.66 0 -0.0054227 -0.00899171 -0.00903543
10.67 0 -0.00656246 -0.0109953 -0.0112766
10.68 0 -0.00765493 -0.0129678 -0.013929
10.69 0 -0.00861578 -0.0148558 -0.0169048
10.7 0 -0.00937492 -0.0166401 -0.0200814
10.71 0 -0.00994155 -0.0183635 -0.0233694
10.72 0 -0.0103849 -0.020084 -0.0267014
10.73 0 -0.0108067 -0.0218432 -0.0300213
10.74 0 -0.0112985 -0.0236445 -0.0332634
10.75 0 -0.0118883 -0.0254288 -0.036318
10.76 0 -0.0125446 -0.027101 -0.0390455
10.77 0 -0.0132076 -0.0285668 -0.04131
10.78 0 -0.0137958 -0.0297313 -0.0429846
10.79 0 -0.0142096 -0.030489 -0.0439499
10.8 0 -0.0143813 -0.0307593 -0.0441364
10.81 0 -0.0143443 -0.0305565 -0.0435905
10.82 0 -0.0142162 -0.0299916 -0.0424618
10.83 0 -0.0140909 -0.0291888 -0.0409036
10.84 0 -0.0139381 -0.0281894 -0.0389741
10.85 0 -0.0136395 -0.0269576 -0.0366605
10.86 0 -0.0131372 -0.0254843 -0.0340049
10.87 0 -0.0124774 -0.0238175 -0.0311365
10.88 0 -0.0117371 -0.0220153 -0.0282017
10.89 0 -0.0109313 -0.0200905 -0.0252786
10.9 0 -0.00998586 -0.0179965 -0.0223475
10.91 0 -0.0088499 -0.0157226 -0.0193903
10.92 0 -0.00757747 -0.0133569 -0.0164654
10.93 0 -0.00627659 -0.0110291 -0.0136628
10.94 0 -0.00501732 -0.00882035 -0.0110226
10.95 0 -0.00378443 -0.00670842 -0.00849063
10.96 0 -0.00256552 -0.00464889 -0.00600519
10.97 0 -0.0014461 -0.00268715 -0.00360222
10.98 0 -0.000549159 -0.000929352 -0.0013711
10.99 0 0.000106543 0.000581109 0.000674776
11 0 0.000653457 0.00192548 0.00264528
11.01 0 0.00121253 0.00319146 0.00462752
11.02 0 0.00176656 0.00437553 0.00657456
11.03 0 0.00224764 0.00545319 0.00839217
11.04 0 0.00264705 0.0064491 0.0100408
11.05 0 0.00303576 0.00743493 0.0115558
11.06 0 0.00350821 0.00848226 0.0130016
11.07 0 0.00409383 0.00959849 0.0143969
11.08 0 0.0047292 0.0107099 0.015688
11.09 0 0.00534292 0.0117407 0.0168257
11.1 0 0.00594739 0.0127039 0.0178521
11.11 0 0.00658548 0.0136558 0.0188476
11.12 0 0.00721086 0.0145767 0.0198089
11.13 0 0.00769955 0.0153635 0.0206503
11.14 0 0.00797854 0.0159355 0.0213168
11.15 0 0.00808584 0.0162955 0.0218405
11.16 0 0.00810721 0.0164949 0.0222853
11.17 0 0.00811643 0.0166023 0.0226997
11.18 0 0.00816004 0.0166968 0.0231097
11.19 0 0.00825577 0.0168512 0.0235213
11.2 0 0.00841358 0.0171244 0.0239411
11.21 0 0.00864205 0.0175435 0.0243808
11.22 0 0.00891824 0.0180652 0.0248258
11.23 0 0.00917557 0.0185728 0.0252198
11.24 0 0.0093478 0.0189388 0.0255049
11.25 0 0.00942734 0.0191088 0.025677
11.26 0 0.00945471 0.019115 0.0257782
11.27 0 0.0094258 0.0189892 0.025806
11.28 0 0.00924662 0.0186904 0.0256623
11.29 0 0.00880261 0.0181254 0.0252082
11.3 0 0.00807735 0.0172348 0.0243709
11.31 0 0.00721564 0.0160737 0.0232133
11.32 0 0.00641147 0.0147616 0.0218481
11.33 0 0.00572567 0.0133586 0.0202845
11.34 0 0.00509362 0.0118734 0.0184471
11.35 0 0.00448304 0.0103687 0.0163248
11.36 0 0.00393868 0.00895327 0.0140051
11.37 0 0.00351121 0.00769301 0.0116013
11.38 0 0.0031749 0.00654198 0.00917113
11.39 0 0.00279783 0.0053322 0.0066779
11.4 0 0.00226092 0.00390694 0.00409286
11.41 0 0.00156875 0.00224841 0.00149097
11.42 0 0.000791575 0.00044271 -0.0010097
11.43 0 -2.28285e-05 -0.00139793 -0.00333117
11.44 0 -0.000876999 -0.00318635 -0.00546311
11.45 0 -0.00180702 -0.00489306 -0.00745317
11.46 0 -0.00281839 -0.00652387 -0.0093494
11.47 0 -0.00381481 -0.0080457 -0.0111215
11.48 0 -0.0045997 -0.00933446 -0.0126364
11.49 0 -0.00499493 -0.0102297 -0.0137475
11.5 0 -0.00500003 -0.0106686 -0.0144372
11.51 0 -0.0048165 -0.0107509 -0.0148505
11.52 0 -0.00466335 -0.0106376 -0.0151427
11.53 0 -0.00458575 -0.0104147 -0.0153191
11.54 0 -0.00445844 -0.0100675 -0.0152404
11.55 0 -0.00412421 -0.00952669 -0.0147377
11.56 0 -0.00356504 -0.00876402 -0.0137611
11.57 0 -0.00298042 -0.0078805 -0.0124639
11.58 0 -0.00265397 -0.00706764 -0.0111066
11.59 0 -0.00270334 -0.00645806 -0.00984895
11.6 0 -0.00296067 -0.00601671 -0.00863686
11.61 0 -0.00313748 -0.00560995 -0.00732751
11.62 0 -0.00306686 -0.00513282 -0.00587783
11.63 0 -0.00275985 -0.00452792 -0.00437151
11.64 0 -0.00227007 -0.00370609 -0.00288489
11.65 0 -0.00162896 -0.00257659 -0.00143725
11.66 0 -0.000924182 -0.00120169 -8.67307e-05
11.67 0 -0.000221641 0.000260833 0.00113336
11.68 0 0.00053419 0.00171318 0.00231479
11.69 0 0.00138765 0.00308787 0.00355627
11.7 0 0.00223107 0.0042766 0.0048277
11.71 0 0.00284434 0.00515055 0.00598769
11.72 0 0.00306295 0.00564317 0.00691296
11.73 0 0.00291973 0.00581653 0.00761358
11.74 0 0.00257075 0.00577662 0.00816286
11.75 0 0.00210841 0.00552954 0.00853595
11.76 0 0.00151841 0.00498421 0.00859077
11.77 0 0.00075072 0.00404032 0.00814985
11.78 0 -0.000180715 0.00268457 0.00710554
11.79 0 -0.00113926 0.00105009 0.00549198
11.8 0 -0.00194306 -0.000648317 0.00343197
11.81 0 -0.00248392 -0.00222644 0.00104166
11.82 0 -0.00278139 -0.00360743 -0.00161783
11.83 0 -0.00290405 -0.00478556 -0.00447585
11.84 0 -0.00283327 -0.00571016 -0.00733277
11.85 0 -0.0024832 -0.00627782 -0.00988507
11.86 0 -0.00185322 -0.00643825 -0.0118799
11.87 0 -0.00110173 -0.00625777 -0.0132094
11.88 0 -0.000447851 -0.00586197 -0.0138557
11.89 0 -5.40494e-05 -0.00537323 -0.0138202
11.9 0 1.934e-05 -0.00488997 -0.0131093
11.91 0 -0.000192482 -0.00447206 -0.0117466
11.92 0 -0.000624983 -0.00415799 -0.00982525
11.93 0 -0.00123292 -0.00397393 -0.00753381
11.94 0 -0.00197953 -0.00391878 -0.00512124
11.95 0 -0.00279783 -0.00394928 -0.00283392
11.96 0 -0.00357864 -0.0039934 -0.000873477
11.97 0 -0.00422047 -0.00401341 0.000585052
11.98 0 -0.00466086 -0.00403455 0.00138873
11.99 0 -0.0048298 -0.00407502 0.0014762
12 0 -0.00463574 -0.00409018 0.000912947
12.01 0 -0.00407378 -0.00404444 -0.000202943
12.02 0 -0.00328971 -0.00398103 -0.00181419
12.03 0 -0.0025003 -0.00399618 -0.00386319
12.04 0 -0.00190459 -0.0042113 -0.00625401
12.05 0 -0.001619 -0.00473226 -0.00883116
12.06 0 -0.00166507 -0.00561362 -0.0113959
12.07 0 -0.00205117 -0.00688976 -0.0138019
12.08 0 -0.00281493 -0.0085819 -0.0160058
12.09 0 -0.00397926 -0.0106571 -0.0180314
12.1 0 -0.00549916 -0.0130058 -0.0199161
12.11 0 -0.007245 -0.0154592 -0.0216824
12.12 0 -0.00904157 -0.0178328 -0.0233408
12.13 0 -0.0107103 -0.0199577 -0.0248897
12.14 0 -0.0120996 -0.0217147 -0.0263248
12.15 0 -0.0131154 -0.0230613 -0.0276583
12.16 0 -0.0137134 -0.0240066 -0.0289022
12.17 0 -0.0138872 -0.0245777 -0.0300502
12.18 0 -0.013663 -0.0247933 -0.0310685
12.19 0 -0.0130542 -0.0246048 -0.0318483
12.2 0 -0.0120644 -0.0239096 -0.0322172
12.21 0 -0.0107938 -0.0226925 -0.0320674
12.22 0 -0.00946618 -0.0211046 -0.0314172
12.23 0 -0.00830744 -0.0193836 -0.030328
12.24 0 -0.00739142 -0.0176953 -0.0287756
12.25 0 -0.00659009 -0.0160199 -0.0266011
12.26 0 -0.00574419 -0.0142366 -0.0236617
12.27 0 -0.0048453 -0.0122672 -0.0199967
12.28 0 -0.00400264 -0.0100949 -0.0157979
12.29 0 -0.00329776 -0.00772492 -0.0112804
12.3 0 -0.00268283 -0.00515925 -0.00658613
12.31 0 -0.00201891 -0.00242728 -0.00180205
12.32 0 -0.00119997 0.000370007 0.00295242
12.33 0 -0.000149665 0.0031577 0.007566
12.34 0 0.00123751 0.00601369 0.012027
12.35 0 0.00299227 0.00907216 0.0163398
12.36 0 0.00499932 0.0123785 0.0204422
12.37 0 0.0071074 0.0158871 0.0242773
12.38 0 0.00923463 0.0194909 0.0278573
12.39 0 0.0113978 0.0230699 0.0312761
12.4 0 0.0136781 0.0265633 0.03469
12.41 0 0.0161227 0.0299803 0.0382412
12.42 0 0.01865 0.0333412 0.0419646
12.43 0 0.0210503 0.0366243 0.0457697
12.44 0 0.0231193 0.0397903 0.0495431
12.45 0 0.0248102 0.0428432 0.0532756
12.46 0 0.0262475 0.0458302 0.0570736
12.47 0 0.0275673 0.0487419 0.061015
12.48 0 0.028765 0.051441 0.0650152
12.49 0 0.0297873 0.0538064 0.0689292
12.5 0 0.0306727 0.0558846 0.0726982
12.51 0 0.0314715 0.0577865 0.0762754
12.52 0 0.0321759 0.0595701 0.0795603
12.53 0 0.0328018 0.0612732 0.0824829
12.54 0 0.033406 0.0629113 0.0850244
12.55 0 0.0340208 0.064431 0.087156
12.56 0 0.0346439 0.0657396 0.0888351
12.57 0 0.0352507 0.0667549 0.0900225
12.58 0 0.0357885 0.0674197 0.0906779
12.59 0 0.0361816 0.0676999 0.0907605
12.6 0 0.0363434 0.0675685 0.0902332
12.61 0 0.0361924 0.0669865 0.0890669
12.62 0 0.0356934 0.0659159 0.0872665
12.63 0 0.0348901 0.0643516 0.0848942
12.64 0 0.033854 0.0623071 0.0820244
12.65 0 0.0326129 0.0597877 0.0786841
12.66 0 0.0311508 0.0568069 0.074859
12.67 0 0.0294349 0.0533948 0.0705188
12.68 0 0.0274563 0.0496045 0.0656543
12.69 0 0.0252738 0.0455295 0.0603221
12.7 0 0.0229598 0.0412465 0.0545969
12.71 0 0.0204992 0.0367238 0.0484758
12.72 0 0.0178033 0.0318443 0.0418913
12.73 0 0.0148477 0.0265498 0.034842
12.74 0 0.011751 0.0209399 0.0274699
12.75 0 0.00866769 0.0151955 0.019962
12.76 0 0.00563906 0.00944441 0.0124128
12.77 0 0.00257522 0.00370705 0.00480229
12.78 0 -0.000606872 -0.00205989 -0.0029089
12.79 0 -0.00381258 -0.00784556 -0.0106463
12.8 0 -0.00682579 -0.0135455 -0.0182375
12.81 0 -0.00957285 -0.0190795 -0.0255998
12.82 0 -0.0121949 -0.0244478 -0.0327929
12.83 0 -0.0148567 -0.0296533 -0.0398714
12.84 0 -0.0175991 -0.0346639 -0.0467883
12.85 0 -0.0203516 -0.039446 -0.0534259
12.86 0 -0.0229989 -0.0439819 -0.0596495
12.87 0 -0.0254436 -0.04826 -0.0653511
12.88 0 -0.0276562 -0.0522682 -0.070486
12.89 0 -0.0296623 -0.0559736 -0.0750612
12.9 0 -0.0315046 -0.0593213 -0.0791041
12.91 0 -0.0332199 -0.0622659 -0.0826488
12.92 0 -0.0348148 -0.0647907 -0.0857188
12.93 0 -0.0362445 -0.066895 -0.0883036
12.94 0 -0.0374347 -0.0685895 -0.0903726
12.95 0 -0.038356 -0.0699259 -0.0919377
12.96 0 -0.0390534 -0.0709929 -0.0930759
12.97 0 -0.0396136 -0.071876 -0.0938969
12.98 0 -0.0401383 -0.0726491 -0.0945238
12.99 0 -0.0407128 -0.0733757 -0.0950699
13 0 -0.0413616 -0.0740916 -0.0956009
13.01 0 -0.042048 -0.0748063 -0.0961327
13.02 0 -0.0427149 -0.0755236 -0.0966656
13.03 0 -0.0433249 -0.0762545 -0.0972154
13.04 0 -0.0438876 -0.0770256 -0.0978339
13.05 0 -0.044448 -0.0778709 -0.0985967
13.06 0 -0.0449947 -0.0787552 -0.0995125
13.07 0 -0.0454044 -0.0795291 -0.100465
13.08 0 -0.0455719 -0.0800593 -0.101337
13.09 0 -0.0455185 -0.0803344 -0.102114
13.1 0 -0.045323 -0.0804045 -0.102814
13.11 0 -0.0450195 -0.080288 -0.103396
13.12 0 -0.0445734 -0.0799463 -0.10374
13.13 0 -0.0439775 -0.079362 -0.103748
13.14 0 -0.0433147 -0.0785942 -0.103408
13.15 0 -0.0426988 -0.0777328 -0.102754
13.16 0 -0.0422068 -0.0768503 -0.101808
13.17 0 -0.0418407 -0.0759692 -0.10056
13.18 0 -0.0415362 -0.0750548 -0.0989663
13.19 0 -0.0412116 -0.0740394 -0.0969949
13.2 0 -0.0407976 -0.0728402 -0.0946404
13.21 0 -0.0402323 -0.0713604 -0.09191
13.22 0 -0.0394359 -0.0694823 -0.0887898
13.23 0 -0.0383002 -0.0670727 -0.0852263
13.24 0 -0.0367081 -0.0640048 -0.0811346
13.25 0 -0.0345599 -0.0601804 -0.0764158
13.26 0 -0.0318213 -0.0555694 -0.0710027
13.27 0 -0.0285464 -0.0502295 -0.0648875
13.28 0 -0.0248284 -0.0442562 -0.0580839
13.29 0 -0.0207564 -0.0377398 -0.050596
13.3 0 -0.0164264 -0.0307712 -0.0424382
13.31 0 -0.0119681 -0.023465 -0.0336685
13.32 0 -0.00752237 -0.0159469 -0.0243764
13.33 0 -0.00317006 -0.00830041 -0.0146203
13.34 0 0.00105572 -0.000548349 -0.00441621
13.35 0 0.00511226 0.00731027 0.00621682
13.36 0 0.00899707 0.0152577 0.0172421
13.37 0 0.012805 0.0232453 0.0286096
13.38 0 0.0166766 0.0312333 0.0402418
13.39 0 0.0207211 0.0392433 0.0520358
13.4 0 0.0249977 0.0473583 0.0638865
13.41 0 0.0294828 0.0556284 0.0756526
13.42 0 0.0340163 0.0639475 0.0870983
13.43 0 0.0384037 0.0721073 0.0979867
13.44 0 0.0425895 0.079963 0.108232
13.45 0 0.0466451 0.0874584 0.117881
13.46 0 0.0506239 0.094542 0.126979
13.47 0 0.0544608 0.101117 0.135481
13.48 0 0.05801 0.107084 0.143282
13.49 0 0.0611652 0.11242 0.150324
13.5 0 0.0638997 0.117176 0.156625
13.51 0 0.0662131 0.121384 0.162209
13.52 0 0.0680871 0.125006 0.167069
13.53 0 0.0694887 0.127942 0.171157
13.54 0 0.0703954 0.130091 0.174424
13.55 0 0.0708361 0.131418 0.17686
13.56 0 0.0709041 0.131995 0.178513
13.57 0 0.0706895 0.131941 0.179432
13.58 0 0.0702153 0.131342 0.179596
13.59 0 0.0694677 0.130244 0.178939
13.6 0 0.0685016 0.128725 0.177457
13.61 0 0.0674582 0.126911 0.175232
13.62 0 0.0664274 0.124859 0.172323
13.63 0 0.0654243 0.122561 0.168755
13.64 0 0.0644887 0.120063 0.164629
13.65 0 0.0636456 0.11744 0.160076
13.66 0 0.0628222 0.1147 0.155169
13.67 0 0.0618977 0.111807 0.149954
13.68 0 0.0607689 0.10871 0.144486
13.69 0 0.0593648 0.105345 0.138829
13.7 0 0.0576563 0.101658 0.133054
13.71 0 0.0556501 0.0976297 0.127233
13.72 0 0.0533734 0.0932865 0.121429
13.73 0 0.0508681 0.0887061 0.115692
13.74 0 0.048183 0.0839976 0.110057
13.75 0 0.0453746 0.0792771 0.104546
13.76 0 0.0425164 0.0746506 0.0991825
13.77 0 0.0397025 0.0702043 0.0939954
13.78 0 0.0370418 0.0660075 0.0890256
13.79 0 0.034628 0.0621064 0.0843062
13.8 0 0.0324999 0.0585087 0.0798332
13.81 0 0.0306422 0.0551961 0.0755705
13.82 0 0.0290137 0.052146 0.0714766
13.83 0 0.0275625 0.0493308 0.067515
13.84 0 0.0262336 0.0467106 0.0636561
13.85 0 0.0249769 0.0442319 0.0598785
13.86 0 0.0237405 0.0418202 0.0561591
13.87 0 0.02245 0.0393667 0.0524479
13.88 0 0.0210064 0.0367349 0.0486622
13.89 0 0.0193186 0.0338008 0.044715
13.9 0 0.0173352 0.0304872 0.0405417
13.91 0 0.0150315 0.0267518 0.0360867
13.92 0 0.0123847 0.0225599 0.0312773
13.93 0 0.0093931 0.0178981 0.0260439
13.94 0 0.00609781 0.0127921 0.0203439
13.95 0 0.00257183 0.00728378 0.0141473
13.96 0 -0.00106956 0.0014156 0.00742323
13.97 0 -0.00467296 -0.00475315 0.000139458
13.98 0 -0.00812798 -0.0111263 -0.00774181
13.99 0 -0.0114351 -0.0175749 -0.0162544
14 0 -0.0146694 -0.0239864 -0.0253937
14.01 0 -0.0178933 -0.0303268 -0.0350852
14.02 0 -0.0211119 -0.0366563 -0.0451699
14.03 0 -0.0242892 -0.0430834 -0.0554212
14.04 0 -0.0274003 -0.0496884 -0.0656114
14.05 0 -0.0304721 -0.0564655 -0.0755749
14.06 0 -0.0336017 -0.0633314 -0.0852356
14.07 0 -0.0369353 -0.0701925 -0.0946034
14.08 0 -0.0405915 -0.0769908 -0.103724
14.09 0 -0.0445741 -0.0836958 -0.112598
14.1 0 -0.048748 -0.0902868 -0.12115
14.11 0 -0.0529213 -0.0967641 -0.129285
14.12 0 -0.0569422 -0.103145 -0.136959
14.13 0 -0.0607177 -0.109403 -0.144172
14.14 0 -0.0641687 -0.115396 -0.150914
14.15 0 -0.0672018 -0.120877 -0.157134
14.16 0 -0.0697436 -0.125591 -0.16278
14.17 0 -0.0717736 -0.129392 -0.16784
14.18 0 -0.0732828 -0.132248 -0.172303
14.19 0 -0.0742198 -0.134189 -0.17611
14.2 0 -0.0745091 -0.135269 -0.179158
14.21 0 -0.0741296 -0.135561 -0.18136
14.22 0 -0.0731677 -0.135141 -0.18268
14.23 0 -0.0717691 -0.134043 -0.183082
14.24 0 -0.0700605 -0.132239 -0.18249
14.25 0 -0.0681275 -0.129698 -0.180797
14.26 0 -0.0660107 -0.126424 -0.177886
14.27 0 -0.0636933 -0.122448 -0.173636
14.28 0 -0.0611207 -0.117794 -0.167934
14.29 0 -0.0582775 -0.112499 -0.160759
14.3 0 -0.0552403 -0.106629 -0.152231
14.31 0 -0.0521283 -0.100262 -0.142564
14.32 0 -0.0490551 -0.0934953 -0.132025
14.33 0 -0.0460934 -0.0864572 -0.12089
14.34 0 -0.0432117 -0.0792569 -0.10937
14.35 0 -0.0403143 -0.0719889 -0.0976239
14.36 0 -0.0373399 -0.0647727 -0.085837
14.37 0 -0.0342836 -0.0577199 -0.0742218
14.38 0 -0.0311889 -0.0509074 -0.0630027
14.39 0 -0.0281107 -0.0443645 -0.0523785
14.4 0 -0.0250235 -0.0380272 -0.0424445
14.41 0 -0.0218242 -0.0317658 -0.0332085
14.42 0 -0.0184417 -0.0255023 -0.0246882
14.43 0 -0.0148597 -0.0192492 -0.0169172
14.44 0 -0.0110596 -0.0130454 -0.00987915
14.45 0 -0.00700937 -0.0069097 -0.00347882
14.46 0 -0.00270934 -0.000856067 0.00242136
14.47 0 0.00172015 0.00508386 0.00794361
14.48 0 0.00601938 0.0108788 0.0131906
14.49 0 0.00995101 0.0164914 0.018294
14.5 0 0.0134362 0.0218393 0.0234206
14.51 0 0.0164912 0.0267987 0.0287105
14.52 0 0.0191213 0.0312597 0.0342187
14.53 0 0.021308 0.0351959 0.0399163
14.54 0 0.0230471 0.0386906 0.045726
14.55 0 0.0243719 0.0418883 0.0515441
14.56 0 0.025363 0.0449278 0.0572601
14.57 0 0.0261533 0.047905 0.062786
14.58 0 0.0269152 0.0508652 0.0680701
14.59 0 0.0278302 0.0538198 0.0730906
14.6 0 0.0290555 0.056785 0.0778479
14.61 0 0.0306939 0.0598191 0.0823552
14.62 0 0.0327651 0.0630124 0.0866174
14.63 0 0.0351964 0.0664363 0.0906143
14.64 0 0.0378607 0.0701049 0.0943184
14.65 0 0.040645 0.0739774 0.0977427
14.66 0 0.0434905 0.0779742 0.100969
14.67 0 0.0463616 0.0819746 0.104114
14.68 0 0.0491864 0.0858221 0.107263
14.69 0 0.0518494 0.0893773 0.110455
14.7 0 0.0542339 0.0925793 0.113713
14.71 0 0.0562458 0.0954456 0.117047
14.72 0 0.0577937 0.0979975 0.120422
14.73 0 0.0587979 0.100211 0.123756
14.74 0 0.0592311 0.102022 0.126953
14.75 0 0.0591291 0.10333 0.129916
14.76 0 0.0585938 0.104035 0.132561
14.77 0 0.0577747 0.1041 0.134821
14.78 0 0.0567984 0.103565 0.136615
14.79 0 0.0557146 0.102527 0.137813
14.8 0 0.054527 0.101124 0.138271
14.81 0 0.0532599 0.0995147 0.137885
14.82 0 0.051987 0.0978285 0.136616
14.83 0 0.0508232 0.0961334 0.134488
14.84 0 0.0498986 0.0944377 0.131589
14.85 0 0.0492963 0.0926996 0.128037
14.86 0 0.0489851 0.090838 0.123924
14.87 0 0.0488156 0.088767 0.119309
14.88 0 0.0485708 0.0864221 0.114234
14.89 0 0.0480603 0.0837771 0.108782
14.9 0 0.0472012 0.0808517 0.103106
14.91 0 0.0459691 0.0776372 0.0973572
14.92 0 0.0443128 0.0740356 0.0915962
14.93 0 0.0421571 0.0699129 0.0857999
14.94 0 0.0394222 0.065159 0.0798932
14.95 0 0.0360594 0.0597333 0.0737888
14.96 0 0.0321184 0.0537125 0.0674525
14.97 0 0.0277413 0.0472604 0.0608978
14.98 0 0.0230775 0.0405265 0.0541091
14.99 0 0.0182142 0.0335629 0.0469868
15 0 0.013232 0.0263736 0.0394153
15.01 0 0.00828254 0.0190074 0.031358
15.02 0 0.00350473 0.0115085 0.0227911
15.03 0 -0.00100318 0.00388343 0.0136573
15.04 0 -0.0051148 -0.00380954 0.00393319
15.05 0 -0.00877921 -0.0114468 -0.00638122
15.06 0 -0.0121208 -0.0189078 -0.017298
15.07 0 -0.0153372 -0.0261312 -0.0287841
15.08 0 -0.0185334 -0.0331337 -0.0406658
15.09 0 -0.0216597 -0.0399796 -0.0526016
15.1 0 -0.0246312 -0.0467663 -0.0642204
15.11 0 -0.0274841 -0.0535978 -0.0752922
15.12 0 -0.0303822 -0.060511 -0.085751
15.13 0 -0.0335184 -0.0674448 -0.095617
15.14 0 -0.0370159 -0.0742812 -0.104909
15.15 0 -0.040897 -0.0809364 -0.113621
15.16 0 -0.0451108 -0.0874278 -0.121756
15.17 0 -0.0495501 -0.0938471 -0.129332
15.18 0 -0.0540786 -0.100293 -0.136378
15.19 0 -0.0585631 -0.106799 -0.142945
15.2 0 -0.0628797 -0.113273 -0.149087
15.21 0 -0.0669252 -0.119508 -0.154868
15.22 0 -0.0706194 -0.125255 -0.160352
15.23 0 -0.0739001 -0.130323 -0.165603
15.24 0 -0.0767053 -0.134632 -0.17066
15.25 0 -0.0789132 -0.138161 -0.175469
15.26 0 -0.0803408 -0.140878 -0.179869
15.27 0 -0.0808509 -0.142743 -0.183684
15.28 0 -0.0804862 -0.143752 -0.186841
15.29 0 -0.0794988 -0.143973 -0.189397
15.3 0 -0.0781953 -0.143489 -0.191412
15.31 0 -0.0767691 -0.142369 -0.192844
15.32 0 -0.0752857 -0.140713 -0.19356
15.33 0 -0.0737662 -0.138692 -0.193433
15.34 0 -0.0722458 -0.136513 -0.192382
15.35 0 -0.0707534 -0.134306 -0.19034
15.36 0 -0.069307 -0.132058 -0.187257
15.37 0 -0.067957 -0.129669 -0.183158
15.38 0 -0.066763 -0.127 -0.178143
15.39 0 -0.0657293 -0.123926 -0.172336
15.4 0 -0.064797 -0.120413 -0.165877
15.41 0 -0.063864 -0.116537 -0.158917
15.42 0 -0.0627932 -0.112425 -0.151602
15.43 0 -0.0614355 -0.108171 -0.144049
15.44 0 -0.0596788 -0.103787 -0.136364
15.45 0 -0.0574854 -0.0992165 -0.128659
15.46 0 -0.0548807 -0.0943592 -0.121038
15.47 0 -0.0519089 -0.0891086 -0.113568
15.48 0 -0.0485976 -0.0833975 -0.106264
15.49 0 -0.0449416 -0.0772205 -0.0990819
15.5 0 -0.0409202 -0.0706377 -0.091939
15.51 0 -0.0365575 -0.0637817 -0.0847664
15.52 0 -0.0319591 -0.0568328 -0.0775411
15.53 0 -0.0272782 -0.0499421 -0.0702593
15.54 0 -0.0226768 -0.0431935 -0.0629145
15.55 0 -0.0183204 -0.0366394 -0.0555149
15.56 0 -0.0143533 -0.0303258 -0.0480776
15.57 0 -0.0108306 -0.0242626 -0.0405763
15.58 0 -0.00769581 -0.0184168 -0.0329264
15.59 0 -0.00486264 -0.0127769 -0.0250619
15.6 0 -0.00227706 -0.00736294 -0.0169774
15.61 0 9.93125e-05 -0.00216422 -0.00868608
15.62 0 0.00229443 0.00287003 -0.000208458
15.63 0 0.00432927 0.00781004 0.00840351
15.64 0 0.00623563 0.0127193 0.0170398
15.65 0 0.00805538 0.017622 0.0255276
15.66 0 0.00985468 0.0225008 0.0336763
15.67 0 0.0117304 0.027301 0.0413223
15.68 0 0.0137646 0.0319397 0.0483311
15.69 0 0.0159809 0.0363329 0.0545879
15.7 0 0.0183376 0.0404132 0.0599936
15.71 0 0.0207388 0.0441275 0.0644637
15.72 0 0.0230773 0.0474469 0.0679579
15.73 0 0.0252927 0.0503798 0.0705208
15.74 0 0.027352 0.0529247 0.0722524
15.75 0 0.029198 0.055023 0.0732503
15.76 0 0.0307729 0.0566092 0.0736256
15.77 0 0.0320583 0.0576788 0.0735334
15.78 0 0.0330404 0.0582738 0.0731282
15.79 0 0.0336529 0.0584201 0.072494
15.8 0 0.0337857 0.0581036 0.0716373
15.81 0 0.0333489 0.0572857 0.0705282
15.82 0 0.0323187 0.0559073 0.0691224
15.83 0 0.0307474 0.0539045 0.0673656
15.84 0 0.0287435 0.0512481 0.0651953
15.85 0 0.0264292 0.0479742 0.0625351
15.86 0 0.0239145 0.0441957 0.059304
15.87 0 0.0212891 0.0400764 0.0554304
15.88 0 0.0186212 0.0357742 0.0508602
15.89 0 0.015977 0.0313985 0.0455791
15.9 0 0.0134476 0.0270096 0.0396424
15.91 0 0.0111441 0.0226408 0.0331814
15.92 0 0.00915045 0.0183153 0.026369
15.93 0 0.00746335 0.0140485 0.0193662
15.94 0 0.00597741 0.00984524 0.0122971
15.95 0 0.00453617 0.00570977 0.00527093
15.96 0 0.0029911 0.00164291 -0.00159533
15.97 0 0.0012369 -0.00238129 -0.00818202
15.98 0 -0.000770978 -0.00642434 -0.0143856
15.99 0 -0.00301752 -0.0105615 -0.0201382
16 0 -0.00543294 -0.0148261 -0.0254053
16.01 0 -0.00792553 -0.0191631 -0.0301815
16.02 0 -0.0104391 -0.0234403 -0.0345018
16.03 0 -0.012959 -0.0274922 -0.0384326
16.04 0 -0.0154612 -0.0311723 -0.0420359
16.05 0 -0.0178677 -0.0343994 -0.0453409
16.06 0 -0.0200454 -0.0371655 -0.0483361
16.07 0 -0.0218454 -0.0395059 -0.050986
16.08 0 -0.0231612 -0.04146 -0.0532643
16.09 0 -0.0239597 -0.04303 -0.055167
16.1 0 -0.0242594 -0.044149 -0.0566878
16.11 0 -0.0241016 -0.0446951 -0.0577936
16.12 0 -0.0235571 -0.0445656 -0.0584371
16.13 0 -0.0227172 -0.043746 -0.0585675
16.14 0 -0.0216528 -0.0423119 -0.0581119
16.15 0 -0.0203987 -0.0403926 -0.0569737
16.16 0 -0.0189715 -0.0381184 -0.0550539
16.17 0 -0.0173886 -0.035565 -0.052272
16.18 0 -0.0156864 -0.0327352 -0.0485899
16.19 0 -0.0139147 -0.0295732 -0.0440187
16.2 0 -0.0121059 -0.0259949 -0.0386016
16.21 0 -0.0102726 -0.0219544 -0.0324193
16.22 0 -0.00842777 -0.0175053 -0.0256093
16.23 0 -0.00655738 -0.0127723 -0.0183302
16.24 0 -0.00458987 -0.00787707 -0.0107192
16.25 0 -0.00244585 -0.00290288 -0.00291429
16.26 0 -0.000105932 0.00211547 0.00492233
16.27 0 0.00237676 0.00718631 0.0126185
16.28 0 0.00491774 0.0123269 0.020025
16.29 0 0.00746762 0.0175208 0.0270492
16.3 0 0.0100595 0.0227105 0.0336783
16.31 0 0.0127966 0.0278348 0.0399718
16.32 0 0.0157824 0.0328686 0.0460185
16.33 0 0.0190584 0.0378467 0.0518979
16.34 0 0.0225673 0.0428383 0.057647
16.35 0 0.0261568 0.047883 0.0632437
16.36 0 0.0296561 0.0529666 0.0686533
16.37 0 0.0329389 0.0580128 0.0738698
16.38 0 0.0359104 0.0628581 0.0788906
16.39 0 0.038477 0.0672651 0.0836791
16.4 0 0.0405444 0.0709952 0.0881622
16.41 0 0.0420436 0.0738989 0.0922564
16.42 0 0.0429341 0.0759404 0.0958724
16.43 0 0.04317 0.0771357 0.0988804
16.44 0 0.0427162 0.0774965 0.101113
16.45 0 0.0416254 0.0770327 0.102433
16.46 0 0.0400992 0.0758126 0.102808
16.47 0 0.0384383 0.073998 0.102304
16.48 0 0.0368864 0.0717848 0.100978
16.49 0 0.0355471 0.0693541 0.0988251
16.5 0 0.0344354 0.0668801 0.09583
16.51 0 0.0335429 0.0645052 0.0920291
16.52 0 0.0328704 0.0622959 0.0875332
16.53 0 0.0324216 0.0602233 0.0825137
16.54 0 0.0321543 0.0581676 0.0771487
16.55 0 0.0319526 0.0559664 0.0715847
16.56 0 0.0316445 0.0534822 0.065936
16.57 0 0.031029 0.0506202 0.0602809
16.58 0 0.0299128 0.0473123 0.0546583
16.59 0 0.0281852 0.0435319 0.0491041
16.6 0 0.0258664 0.0393233 0.0436889
16.61 0 0.0230578 0.0347791 0.0384873
16.62 0 0.0198811 0.0300122 0.0335408
16.63 0 0.0164704 0.0251546 0.0288608
16.64 0 0.0129796 0.0203512 0.0244418
16.65 0 0.00956985 0.015735 0.0202613
16.66 0 0.00636499 0.011391 0.0162558
16.67 0 0.00342882 0.00734122 0.0123174
16.68 0 0.000812738 0.00356432 0.00833602
16.69 0 -0.00141067 1.54809e-05 0.00422768
16.7 0 -0.00318444 -0.00333709 -6.04948e-05
16.71 0 -0.00451024 -0.00647754 -0.00454542
16.72 0 -0.00546991 -0.00936835 -0.00922033
16.73 0 -0.00621118 -0.0120089 -0.0140652
16.74 0 -0.00688829 -0.0144591 -0.0190268
16.75 0 -0.00758953 -0.0168029 -0.0239795
16.76 0 -0.00831634 -0.0190975 -0.0287224
16.77 0 -0.00905604 -0.0213778 -0.0330592
16.78 0 -0.00984737 -0.0236663 -0.0368726
16.79 0 -0.010755 -0.0259372 -0.0401092
16.8 0 -0.011822 -0.0281044 -0.0427393
16.81 0 -0.0130515 -0.0300647 -0.0447486
16.82 0 -0.0144188 -0.0317614 -0.0461555
16.83 0 -0.0158932 -0.0332239 -0.0470322
16.84 0 -0.0174329 -0.0345407 -0.0474901
16.85 0 -0.0189811 -0.035807 -0.0476592
16.86 0 -0.0204922 -0.0370996 -0.0476947
16.87 0 -0.0219511 -0.0384659 -0.0477789
16.88 0 -0.0233468 -0.039902 -0.0480807
16.89 0 -0.0246406 -0.0413498 -0.0487143
16.9 0 -0.0257931 -0.0427593 -0.0497585
16.91 0 -0.0267898 -0.0441373 -0.0512763
16.92 0 -0.027609 -0.0455127 -0.0532772
16.93 0 -0.0282067 -0.0468944 -0.0556956
16.94 0 -0.0285532 -0.0482706 -0.0584244
16.95 0 -0.0286683 -0.0496157 -0.0613494
16.96 0 -0.0286359 -0.0509037 -0.0643711
16.97 0 -0.0285866 -0.052129 -0.0674099
16.98 0 -0.0286268 -0.0532919 -0.0703689
16.99 0 -0.0287748 -0.0543704 -0.0730969
17 0 -0.0289754 -0.0553249 -0.0754119
17.01 0 -0.0291615 -0.0561168 -0.0771579
17.02 0 -0.0293096 -0.0567225 -0.07825
17.03 0 -0.0294365 -0.0571186 -0.0786697
17.04 0 -0.0295469 -0.0572478 -0.0784166
17.05 0 -0.0296054 -0.0570217 -0.077487
17.06 0 -0.0295461 -0.0563566 -0.0758821
17.07 0 -0.0292818 -0.0551891 -0.0736072
17.08 0 -0.0287157 -0.0534715 -0.0706664
17.09 0 -0.0277602 -0.0511608 -0.067061
17.1 0 -0.0263533 -0.0482104 -0.0627896
17.11 0 -0.0244733 -0.0445804 -0.0578551
17.12 0 -0.0221576 -0.0402765 -0.0522879
17.13 0 -0.0194903 -0.0353721 -0.0461485
17.14 0 -0.0165577 -0.0299859 -0.0395
17.15 0 -0.0134172 -0.0242436 -0.0323864
17.16 0 -0.0100951 -0.018248 -0.0248347
17.17 0 -0.00661202 -0.0120769 -0.016882
17.18 0 -0.00302386 -0.00580048 -0.00860833
17.19 0 0.000544505 0.000521786 -0.000141283
17.2 0 0.00391082 0.00683569 0.00837009
17.21 0 0.00693988 0.0130607 0.016801
17.22 0 0.00964491 0.0190812 0.025085
17.23 0 0.0121571 0.0247789 0.0331931
17.24 0 0.0146173 0.0300844 0.0410893
17.25 0 0.0171192 0.035028 0.0487221
17.26 0 0.0196992 0.0397367 0.0560257
17.27 0 0.022317 0.0443431 0.0628987
17.28 0 0.0248794 0.0488972 0.0692173
17.29 0 0.02733 0.0533745 0.0749084
17.3 0 0.0296982 0.0577153 0.0799924
17.31 0 0.03205 0.0618316 0.0845387
17.32 0 0.0344162 0.0656212 0.0886072
17.33 0 0.0367614 0.0690085 0.0922244
17.34 0 0.0389898 0.0719696 0.0953856
17.35 0 0.0409754 0.0745206 0.0980699
17.36 0 0.0426076 0.0766896 0.100266
17.37 0 0.0438278 0.078487 0.101991
17.38 0 0.04463 0.0798827 0.103285
17.39 0 0.0450385 0.0808075 0.104185
17.4 0 0.0450835 0.0811833 0.104707
17.41 0 0.0447926 0.0809645 0.104845
17.42 0 0.0442004 0.0801738 0.104578
17.43 0 0.0433564 0.0789064 0.103881
17.44 0 0.0423176 0.077293 0.10273
17.45 0 0.0411503 0.0754599 0.101103
17.46 0 0.039939 0.0735093 0.0990032
17.47 0 0.0387801 0.0715113 0.0964647
17.48 0 0.0377602 0.0695067 0.0935469
17.49 0 0.0369304 0.067516 0.0903211
17.5 0 0.0362786 0.0655366 0.0868465
17.51 0 0.0357113 0.0635248 0.0831436
17.52 0 0.0350771 0.0613941 0.0791986
17.53 0 0.0342221 0.0590352 0.0749935
17.54 0 0.0330438 0.0563482 0.0705389
17.55 0 0.0315114 0.0532679 0.0658841
17.56 0 0.0296324 0.0497625 0.0610841
17.57 0 0.0274325 0.0458461 0.056182
17.58 0 0.0249605 0.0415987 0.0512183
17.59 0 0.0222756 0.0371413 0.0462212
17.6 0 0.0194451 0.0326037 0.041207
17.61 0 0.0165572 0.0281065 0.0361972
17.62 0 0.0137019 0.0237241 0.0312049
17.63 0 0.0109334 0.0194539 0.0262057
17.64 0 0.00827209 0.0152445 0.0211514
17.65 0 0.00571931 0.0110425 0.0159938
17.66 0 0.00325192 0.00680571 0.0106806
17.67 0 0.000838039 0.00249808 0.00515746
17.68 0 -0.00150357 -0.00188058 -0.000585888
17.69 0 -0.00368208 -0.00625246 -0.00647767
17.7 0 -0.00560581 -0.0104832 -0.0124024
17.71 0 -0.00723925 -0.014426 -0.0182407
17.72 0 -0.0085975 -0.0179588 -0.0238733
17.73 0 -0.00972563 -0.0210167 -0.0291782
17.74 0 -0.0106651 -0.0235917 -0.0340153
17.75 0 -0.0114362 -0.025723 -0.0382363
17.76 0 -0.0120641 -0.0274891 -0.0417299
17.77 0 -0.0126027 -0.0289795 -0.044446
17.78 0 -0.0131273 -0.0302601 -0.0463857
17.79 0 -0.0137155 -0.0313613 -0.0475893
17.8 0 -0.0144196 -0.03228 -0.0481178
17.81 0 -0.01524 -0.0329891 -0.048035
17.82 0 -0.0161266 -0.0334625 -0.0474081
17.83 0 -0.0169942 -0.0336902 -0.0463127
17.84 0 -0.0177391 -0.0336703 -0.0448309
17.85 0 -0.0182463 -0.0333812 -0.0430372
17.86 0 -0.0183916 -0.0327527 -0.0409795
17.87 0 -0.0180671 -0.0316768 -0.0386844
17.88 0 -0.0172183 -0.0300458 -0.0361723
17.89 0 -0.0158706 -0.0278034 -0.0334694
17.9 0 -0.0141126 -0.0249769 -0.0305974
17.91 0 -0.0120454 -0.0216687 -0.0275452
17.92 0 -0.00976034 -0.0180394 -0.024269
17.93 0 -0.00735125 -0.01428 -0.0207219
17.94 0 -0.00492789 -0.0105662 -0.0168824
17.95 0 -0.00263483 -0.00702011 -0.0127743
17.96 0 -0.000625876 -0.00368044 -0.00844452
17.97 0 0.0010094 -0.000505682 -0.00392013
17.98 0 0.00226214 0.00254808 0.0007738
17.99 0 0.00317941 0.00546051 0.0055781
18 0 0.00385606 0.0081683 0.0104058
18.01 0 0.00441785 0.0106262 0.0151587
18.02 0 0.00497716 0.0128394 0.0197209
18.03 0 0.00558704 0.0148518 0.0239458
18.04 0 0.00623903 0.0167137 0.0276712
18.05 0 0.00690186 0.0184544 0.0307566
18.06 0 0.00756011 0.0200645 0.0331134
18.07 0 0.00822862 0.0214979 0.0347184
18.08 0 0.00893073 0.0226806 0.0355985
18.09 0 0.00966118 0.0235261 0.0357987
18.1 0 0.0103703 0.0239628 0.0353633
18.11 0 0.010967 0.0239527 0.0343304
18.12 0 0.011331 0.0234868 0.0327306
18.13 0 0.0113399 0.0225636 0.0305945
18.14 0 0.0109058 0.0211687 0.0279647
18.15 0 0.0100035 0.0192683 0.0249002
18.16 0 0.00867464 0.0168277 0.0214708
18.17 0 0.00700122 0.0138455 0.0177421
18.18 0 0.00506717 0.0103746 0.0137509
18.19 0 0.00294334 0.00652267 0.00949794
18.2 0 0.000700885 0.00243875 0.00496829
18.21 0 -0.0015732 -0.0017177 0.000156744
18.22 0 -0.00378878 -0.00582046 -0.00492871
18.23 0 -0.00588156 -0.00980614 -0.0102723
18.24 0 -0.00782125 -0.0136636 -0.0158396
18.25 0 -0.00960958 -0.0174087 -0.0215679
18.26 0 -0.0112767 -0.0210718 -0.0273735
18.27 0 -0.012868 -0.0246876 -0.0331603
18.28 0 -0.0144343 -0.028283 -0.0388321
18.29 0 -0.0160302 -0.0318683 -0.044309
18.3 0 -0.0177099 -0.0354395 -0.0495335
18.31 0 -0.0195147 -0.038983 -0.0544645
18.32 0 -0.0214476 -0.0424686 -0.0590575
18.33 0 -0.023461 -0.0458429 -0.0632542
18.34 0 -0.0254768 -0.0490407 -0.0669965
18.35 0 -0.027408 -0.051992 -0.0702397
18.36 0 -0.0291683 -0.054619 -0.072953
18.37 0 -0.0306835 -0.0568427 -0.075124
18.38 0 -0.0318962 -0.0585905 -0.0767551
18.39 0 -0.0327566 -0.0597981 -0.0778494
18.4 0 -0.0332166 -0.0604128 -0.0783993
18.41 0 -0.0332384 -0.0604038 -0.0783901
18.42 0 -0.032812 -0.0597677 -0.0778087
18.43 0 -0.0319626 -0.0585181 -0.0766407
18.44 0 -0.0307451 -0.0566791 -0.0748659
18.45 0 -0.0292352 -0.0542955 -0.0724651
18.46 0 -0.0275152 -0.0514359 -0.0694233
18.47 0 -0.0256545 -0.0481836 -0.0657292
18.48 0 -0.0237045 -0.0446235 -0.0613816
18.49 0 -0.0217093 -0.0408375 -0.0564075
18.5 0 -0.019718 -0.0369023 -0.0508772
18.51 0 -0.0177797 -0.032881 -0.0448999
18.52 0 -0.0159342 -0.0288234 -0.0386118
18.53 0 -0.0142021 -0.0247723 -0.0321632
18.54 0 -0.0125564 -0.0207502 -0.0256873
18.55 0 -0.010911 -0.0167465 -0.0192815
18.56 0 -0.00915746 -0.012738 -0.0130228
18.57 0 -0.0072048 -0.00869896 -0.00698015
18.58 0 -0.00499299 -0.0045943 -0.00120796
18.59 0 -0.00249773 -0.000383937 0.00425993
18.6 0 0.000254878 0.00397079 0.00941775
18.61 0 0.00317011 0.00848989 0.0142906
18.62 0 0.00611107 0.0131312 0.0189283
18.63 0 0.00896544 0.0177646 0.0234009
18.64 0 0.0116864 0.0222096 0.0277916
18.65 0 0.0142619 0.0263067 0.0321678
18.66 0 0.0166519 0.0299711 0.0365467
18.67 0 0.0187666 0.0332035 0.0408831
18.68 0 0.0204948 0.0360587 0.045085
18.69 0 0.0217573 0.0385974 0.0490501
18.7 0 0.0225536 0.0408464 0.0527011
18.71 0 0.0229643 0.0427795 0.0559926
18.72 0 0.0231199 0.0443332 0.0588967
18.73 0 0.0231552 0.0454516 0.0613807
18.74 0 0.0231651 0.046132 0.0633918
18.75 0 0.0231899 0.0464495 0.0648664
18.76 0 0.023231 0.046535 0.0657496
18.77 0 0.0232789 0.0465208 0.0660142
18.78 0 0.0233432 0.0464932 0.06568
18.79 0 0.0234515 0.0464597 0.0648094
18.8 0 0.023615 0.046341 0.0634781
18.81 0 0.0238099 0.0460159 0.0617603
18.82 0 0.0239808 0.045388 0.0597301
18.83 0 0.024052 0.0444273 0.0574618
18.84 0 0.023931 0.043161 0.0550172
18.85 0 0.0235142 0.0416258 0.05243
18.86 0 0.0227254 0.0398347 0.0497166
18.87 0 0.0215537 0.0377679 0.0468943
18.88 0 0.0200498 0.0353818 0.0439764
18.89 0 0.0182938 0.0326401 0.0409582
18.9 0 0.0163635 0.0295502 0.0378097
18.91 0 0.0143132 0.0261756 0.0344758
18.92 0 0.0121707 0.0226155 0.030884
18.93 0 0.00995937 0.0189735 0.0269706
18.94 0 0.00772757 0.0153352 0.0227111
18.95 0 0.00555176 0.011753 0.0181296
18.96 0 0.00352326 0.00824318 0.0132917
18.97 0 0.00173388 0.00480334 0.00829169
18.98 0 0.000246854 0.00144467 0.00323379
18.99 0 -0.000934934 -0.00178278 -0.00178429
19 0 -0.00186908 -0.00479224 -0.0066715
19.01 0 -0.00264612 -0.00749364 -0.0113355
19.02 0 -0.0033564 -0.00984156 -0.015679
19.03 0 -0.00405834 -0.0118572 -0.0195965
19.04 0 -0.00475946 -0.013603 -0.0229709
19.05 0 -0.00543152 -0.01514 -0.0256921
19.06 0 -0.00604842 -0.016495 -0.0276872
19.07 0 -0.00660675 -0.0176433 -0.0289332
19.08 0 -0.00711731 -0.018515 -0.0294499
19.09 0 -0.00759254 -0.0190337 -0.0292942
19.1 0 -0.00803719 -0.0191653 -0.0285565
19.11 0 -0.00843046 -0.0189333 -0.0273415
19.12 0 -0.00872099 -0.0184004 -0.0257504
19.13 0 -0.00884949 -0.0176441 -0.0238826
19.14 0 -0.00877466 -0.0167341 -0.0218442
19.15 0 -0.0084867 -0.0157133 -0.0197472
19.16 0 -0.00800499 -0.0145879 -0.0176946
19.17 0 -0.00735966 -0.0133337 -0.0157587
19.18 0 -0.00657134 -0.0119169 -0.0139635
19.19 0 -0.00564396 -0.0103178 -0.0122822
19.2 0 -0.00457103 -0.00854366 -0.0106473
19.21 0 -0.00335797 -0.00663048 -0.00897571
19.22 0 -0.00205486 -0.00464496 -0.0072065
19.23 0 -0.000763562 -0.00267257 -0.00531781
19.24 0 0.000395491 -0.000794095 -0.0033148
19.25 0 0.00132814 0.000928294 -0.00121168
19.26 0 0.00199263 0.00245365 0.000975562
19.27 0 0.00239343 0.00375343 0.00321745
19.28 0 0.00255983 0.00480394 0.00545485
19.29 0 0.00253093 0.00558971 0.00759557
19.3 0 0.0023494 0.00610964 0.00952288
19.31 0 0.002067 0.00638599 0.011118
19.32 0 0.00175385 0.00647058 0.0122879
19.33 0 0.00148782 0.0064303 0.012974
19.34 0 0.00133309 0.00632407 0.0131488
19.35 0 0.00133296 0.00619695 0.0128223
19.36 0 0.00150991 0.00608396 0.0120496
19.37 0 0.00186039 0.00600955 0.0109264
19.38 0 0.00234934 0.00598346 0.00957483
19.39 0 0.00291156 0.00599704 0.00812795
19.4 0 0.00346652 0.00602599 0.00671925
19.41 0 0.0039379 0.00603862 0.005475
19.42 0 0.00426139 0.0060021 0.00450046
19.43 0 0.00438958 0.00589083 0.00386875
19.44 0 0.00430038 0.00569654 0.00361757
19.45 0 0.00399267 0.00542137 0.00373814
19.46 0 0.00347736 0.00506352 0.00416564
19.47 0 0.00278581 0.00462128 0.00479435
19.48 0 0.00198318 0.00410589 0.00550422
19.49 0 0.00116423 0.00354699 0.00617808
19.5 0 0.000426198 0.00298602 0.0067046
19.51 0 -0.000159358 0.00246264 0.00697858
19.52 0 -0.00055556 0.00200477 0.00691144
19.53 0 -0.000756926 0.00162032 0.00644481
19.54 0 -0.000782087 0.00129219 0.00556044
19.55 0 -0.000663463 0.000985112 0.0042875
19.56 0 -0.000450526 0.000649284 0.00269169
19.57 0 -0.00022408 0.000215321 0.000846866
19.58 0 -8.17015e-05 -0.000388306 -0.0011713
19.59 0 -0.000105024 -0.00120727 -0.00327674
19.6 0 -0.000346382 -0.00225603 -0.00538189
19.61 0 -0.00083195 -0.0035289 -0.00741771
19.62 0 -0.00156842 -0.00501335 -0.00935053
19.63 0 -0.00254387 -0.00669493 -0.0111861
19.64 0 -0.00371421 -0.00854157 -0.0129501
19.65 0 -0.00499961 -0.0104884 -0.0146679
19.66 0 -0.0063075 -0.0124504 -0.0163669
19.67 0 -0.00755128 -0.0143394 -0.0180761
19.68 0 -0.00865953 -0.0160719 -0.019814
19.69 0 -0.0095856 -0.0175877 -0.0215864
19.7 0 -0.0103047 -0.0188679 -0.0233859
19.71 0 -0.0108037 -0.0199264 -0.0251851
19.72 0 -0.0110817 -0.0207921 -0.0269371
19.73 0 -0.0111565 -0.0214912 -0.0285829
19.74 0 -0.0110657 -0.0220303 -0.0300561
19.75 0 -0.0108627 -0.0223944 -0.0312874
19.76 0 -0.0106057 -0.0225611 -0.0322105
19.77 0 -0.010339 -0.022515 -0.0327623
19.78 0 -0.0100795 -0.022254 -0.0328816
19.79 0 -0.00982198 -0.0217917 -0.0325188
19.8 0 -0.00955747 -0.0211546 -0.0316528
19.81 0 -0.00928114 -0.0203678 -0.0302958
19.82 0 -0.00899014 -0.0194405 -0.0284889
19.83 0 -0.00868042 -0.0183653 -0.0262975
19.84 0 -0.0083416 -0.0171271 -0.023804
19.85 0 -0.00795174 -0.0157155 -0.0210965
19.86 0 -0.00747733 -0.0141345 -0.0182591
19.87 0 -0.0068756 -0.0123975 -0.0153616
19.88 0 -0.0060981 -0.0105115 -0.0124488
19.89 0 -0.0051067 -0.00846879 -0.0095414
19.9 0 -0.00389338 -0.00625208 -0.00664521
19.91 0 -0.00248741 -0.00385013 -0.00375835
19.92 0 -0.000949012 -0.00127705 -0.000874831
19.93 0 0.000649396 0.00142405 0.00202207
19.94 0 0.00224178 0.0041874 0.00496358
19.95 0 0.00377694 0.00693262 0.00798598
19.96 0 0.00521891 0.0095802 0.0111163
19.97 0 0.00653968 0.0120709 0.0143595
19.98 0 0.00771325 0.0143777 0.0176905
19.99 0 0.00872085 0.0165018 0.0210543
20 0 0.00955776 0.0184619 0.0243742
20.01 0 0.0102459 0.0202916 0.0275763
20.02 0 0.0108442 0.022036 0.0306126
20.03 0 0.0114226 0.0237216 0.0334468
20.04 0 0.0120266 0.0253344 0.036029
20.05 0 0.0126765 0.0268388 0.0383047
20.06 0 0.0133745 0.0282041 0.0402288
20.07 0 0.0141052 0.0294121 0.0417685
20.08 0 0.0148365 0.0304535 0.042903
20.09 0 0.0155264 0.0313175 0.0436247
20.1 0 0.0161307 0.0319845 0.0439411
20.11 0 0.0166091 0.0324222 0.0438739
20.12 0 0.0169307 0.0325942 0.0434584
20.13 0 0.0170769 0.0324736 0.0427419
20.14 0 0.0170345 0.03205 0.0417732
20.15 0 0.0167912 0.0313292 0.040592
20.16 0 0.0163449 0.0303353 0.0392302
20.17 0 0.0157127 0.0291093 0.037716
20.18 0 0.0149293 0.0276996 0.0360721
20.19 0 0.0140325 0.0261467 0.0343065
20.2 0 0.0130507 0.0244721 0.0324063
20.21 0 0.0120037 0.0226832 0.0303459
20.22 0 0.010905 0.0207792 0.0280952
20.23 0 0.00976075 0.018753 0.0256233
20.24 0 0.0085717 0.0165968 0.0229053
20.25 0 0.0073368 0.0143083 0.0199283
20.26 0 0.00605688 0.0118942 0.0166965
20.27 0 0.00473194 0.00936273 0.0132272
20.28 0 0.00336523 0.00671668 0.00954603
20.29 0 0.00196935 0.00395515 0.00568516
20.3 0 0.00055697 0.00108182 0.00167799
20.31 0 -0.000867689 -0.00189018 -0.00244618
20.32 0 -0.00230858 -0.00494004 -0.00666465
20.33 0 -0.00377594 -0.00804261 -0.010959
20.34 0 -0.00528248 -0.011173 -0.0153099
20.35 0 -0.00683926 -0.0143136 -0.019694
20.36 0 -0.0084524 -0.0174586 -0.0240831
20.37 0 -0.0101231 -0.0206061 -0.0284398
20.38 0 -0.0118411 -0.0237446 -0.0327114
20.39 0 -0.0135778 -0.0268508 -0.0368363
20.4 0 -0.0152963 -0.0298922 -0.0407597
20.41 0 -0.0169621 -0.0328251 -0.0444395
20.42 0 -0.018545 -0.0355958 -0.0478436
20.43 0 -0.0200169 -0.0381456 -0.050946
20.44 0 -0.021351 -0.0404228 -0.053726
20.45 0 -0.022522 -0.0423917 -0.0561663
20.46 0 -0.0235043 -0.044032 -0.058249
20.47 0 -0.0242713 -0.0453317 -0.059952
20.48 0 -0.0248003 -0.0462819 -0.0612511
20.49 0 -0.0250803 -0.046875 -0.0621267
20.5 0 -0.0251189 -0.0471086 -0.0625707
20.51 0 -0.0249429 -0.0469857 -0.0625851
20.52 0 -0.0245899 -0.046514 -0.0621754
20.53 0 -0.024098 -0.0457101 -0.0613447
20.54 0 -0.0234874 -0.0445937 -0.060084
20.55 0 -0.0227522 -0.0431767 -0.0583668
20.56 0 -0.0218749 -0.0414632 -0.0561635
20.57 0 -0.0208425 -0.039449 -0.0534549
20.58 0 -0.0196503 -0.0371196 -0.050235
20.59 0 -0.0183095 -0.034465 -0.0465207
20.6 0 -0.0168461 -0.0314966 -0.0423548
20.61 0 -0.0152816 -0.0282445 -0.0377906
20.62 0 -0.0136208 -0.0247502 -0.0328804
20.63 0 -0.0118568 -0.0210618 -0.0276791
20.64 0 -0.00997794 -0.0172254 -0.0222484
20.65 0 -0.00797438 -0.0132766 -0.016657
20.66 0 -0.00584591 -0.00923663 -0.0109782
20.67 0 -0.00360427 -0.00511641 -0.005287
20.68 0 -0.00128362 -0.00092175 0.000345907
20.69 0 0.00105217 0.00333597 0.00586307
20.7 0 0.00333297 0.00762024 0.0112297
20.71 0 0.00551415 0.0118565 0.0164368
20.72 0 0.00758803 0.0159411 0.0214921
20.73 0 0.00957251 0.0197737 0.0264016
20.74 0 0.011486 0.0232948 0.0311512
20.75 0 0.0133197 0.0265033 0.0356968
20.76 0 0.0150319 0.0294444 0.0399708
20.77 0 0.0165728 0.0321752 0.0439021
20.78 0 0.0179146 0.0347277 0.0474373
20.79 0 0.0190664 0.0370901 0.0505511
20.8 0 0.0200678 0.0392126 0.0532432
20.81 0 0.0209663 0.0410331 0.055525
20.82 0 0.0217907 0.0425066 0.0574038
20.83 0 0.0225355 0.0436238 0.0588733
20.84 0 0.0231649 0.0444117 0.0599152
20.85 0 0.0236309 0.0449138 0.0605109
20.86 0 0.0238953 0.0451637 0.0606529
20.87 0 0.0239445 0.0451656 0.0603541
20.88 0 0.0237929 0.0448936 0.0596471
20.89 0 0.0234751 0.0443069 0.0585758
20.9 0 0.0230255 0.0433768 0.0571806
20.91 0 0.0224583 0.0421064 0.0554863
20.92 0 0.0217631 0.0405334 0.0534986
20.93 0 0.0209179 0.038715 0.0512119
20.94 0 0.0199116 0.0367062 0.0486238
20.95 0 0.0187637 0.0345464 0.04575
20.96 0 0.0175242 0.0322584 0.042629
20.97 0 0.016254 0.0298548 0.0393113
20.98 0 0.0150014 0.027352 0.0358483
20.99 0 0.0137894 0.024782 0.0322858
21 0 0.0126171 0.0221937 0.0286652
21.01 0 0.0114686 0.0196426 0.0250282
21.02 0 0.0103115 0.0171587 0.0214084
21.03 0 0.00910677 0.0147327 0.0178297
21.04 0 0.00784105 0.0123406 0.0143307
21.05 0 0.00652817 0.00995949 0.0109621
21.06 0 0.0051847 0.00757017 0.00776411
21.07 0 0.00381991 0.00517213 0.00475864
21.08 0 0.00244049 0.00278673 0.00194795
21.09 0 0.00106343 0.000449156 -0.000681417
21.1 0 -0.000280707 -0.00179861 -0.00315118
21.11 0 -0.00155056 -0.00391502 -0.00548438
21.12 0 -0.00269793 -0.00586444 -0.00769991
21.13 0 -0.00367952 -0.00761778 -0.00980948
21.14 0 -0.00447048 -0.0091555 -0.0118192
21.15 0 -0.00507188 -0.0104712 -0.0137309
21.16 0 -0.00550499 -0.0115701 -0.0155372
21.17 0 -0.00579913 -0.0124684 -0.017217
21.18 0 -0.00598597 -0.0131931 -0.0187394
21.19 0 -0.0060982 -0.0137768 -0.0200682
21.2 0 -0.00616937 -0.0142509 -0.0211693
21.21 0 -0.006233 -0.0146399 -0.0220171
21.22 0 -0.00631902 -0.0149595 -0.0225977
21.23 0 -0.00644823 -0.0152178 -0.0229111
21.24 0 -0.00662593 -0.0154166 -0.0229691
21.25 0 -0.00683825 -0.0155508 -0.022791
21.26 0 -0.00705592 -0.0156092 -0.0224029
21.27 0 -0.00724309 -0.0155763 -0.0218379
21.28 0 -0.00736446 -0.0154341 -0.0211335
21.29 0 -0.00738939 -0.0151638 -0.0203281
21.3 0 -0.00729485 -0.0147501 -0.0194559
21.31 0 -0.00706804 -0.0141847 -0.0185437
21.32 0 -0.0067074 -0.0134682 -0.0176066
21.33 0 -0.00622212 -0.0126109 -0.0166471
21.34 0 -0.00563124 -0.0116319 -0.0156556
21.35 0 -0.00496143 -0.010556 -0.0146128
21.36 0 -0.00424335 -0.00940883 -0.0134929
21.37 0 -0.00350977 -0.00821332 -0.0122679
21.38 0 -0.00279441 -0.00698901 -0.0109142
21.39 0 -0.00212671 -0.0057524 -0.00941602
21.4 0 -0.00152583 -0.00451806 -0.00776771
21.41 0 -0.000998167 -0.00329873 -0.00597576
21.42 0 -0.000537743 -0.00210308 -0.00405912
21.43 0 -0.000129114 -0.000933481 -0.00204865
21.44 0 0.000248291 0.000214337 1.44716e-05
21.45 0 0.000616266 0.0013492 0.00208193
21.46 0 0.000995498 0.00248083 0.00410322
21.47 0 0.00140434 0.00361598 0.00603149
21.48 0 0.0018572 0.00475528 0.00782817
21.49 0 0.0023622 0.00589202 0.00946598
21.5 0 0.00291951 0.00701301 0.0109299
21.51 0 0.00352046 0.00810025 0.012216
21.52 0 0.00414626 0.00913349 0.0133292
21.53 0 0.00476865 0.0100926 0.0142806
21.54 0 0.00535386 0.0109586 0.0150855
21.55 0 0.0058684 0.0117129 0.0157616
21.56 0 0.0062848 0.0123373 0.0163264
21.57 0 0.00658478 0.0128151 0.0167946
21.58 0 0.00675923 0.0131336 0.0171751
21.59 0 0.00680759 0.0132885 0.0174689
21.6 0 0.00673712 0.0132854 0.0176701
21.61 0 0.00656195 0.0131377 0.0177652
21.62 0 0.00630284 0.0128626 0.0177351
21.63 0 0.00598563 0.0124787 0.0175587
21.64 0 0.00563789 0.012004 0.017216
21.65 0 0.00528517 0.0114547 0.0166912
21.66 0 0.00494751 0.010845 0.015975
21.67 0 0.00463615 0.0101858 0.015066
21.68 0 0.00435187 0.00948395 0.0139711
21.69 0 0.00408638 0.00874076 0.0127063
21.7 0 0.00382548 0.00795309 0.0112962
21.71 0 0.00355208 0.00711423 0.00977274
21.72 0 0.00324833 0.00621598 0.00817181
21.73 0 0.00289739 0.00525138 0.00652929
21.74 0 0.00248513 0.00421718 0.00487759
21.75 0 0.00200204 0.00311542 0.00324282
21.76 0 0.00144508 0.00195368 0.00164334
21.77 0 0.000820449 0.000744024 8.9624e-05
21.78 0 0.000144882 -0.000498043 -0.00141511
21.79 0 -0.000557762 -0.0017533 -0.00287375
21.8 0 -0.00126117 -0.00299909 -0.00429381
21.81 0 -0.00194001 -0.00421116 -0.0056851
21.82 0 -0.00257211 -0.00536631 -0.00705674
21.83 0 -0.00313924 -0.00644486 -0.00841358
21.84 0 -0.00362782 -0.00743241 -0.00975361
21.85 0 -0.0040306 -0.0083205 -0.011067
21.86 0 -0.00434823 -0.00910597 -0.0123366
21.87 0 -0.00458851 -0.00979002 -0.0135391
21.88 0 -0.00476423 -0.0103771 -0.0146472
21.89 0 -0.00489129 -0.0108731 -0.0156324
21.9 0 -0.00498671 -0.011284 -0.0164673
21.91 0 -0.00506627 -0.0116148 -0.0171286
21.92 0 -0.00514209 -0.0118686 -0.0175987
21.93 0 -0.00522068 -0.0120465 -0.017867
21.94 0 -0.0053019 -0.0121477 -0.017931
21.95 0 -0.00537912 -0.0121691 -0.0177957
21.96 0 -0.00544037 -0.0121054 -0.0174737
21.97 0 -0.00547018 -0.0119494 -0.0169834
21.98 0 -0.00545167 -0.011693 -0.0163474
21.99 0 -0.00536871 -0.0113283 -0.0155896
22 0 -0.00520825 -0.010849 -0.0147328
22.01 0 -0.00496222 -0.010252 -0.0137965
22.02 0 -0.00462841 -0.00953894 -0.0127948
22.03 0 -0.0042106 -0.00871635 -0.0117354
22.04 0 -0.00371831 -0.007796 -0.01062
22.05 0 -0.00316678 -0.00679344 -0.00944533
22.06 0 -0.00257652 -0.00572646 -0.00820507
22.07 0 -0.00197059 -0.00461406 -0.00689204
22.08 0 -0.00137065 -0.00347568 -0.00550025
22.09 0 -0.000794187 -0.00233003 -0.00402715
22.1 0 -0.000253228 -0.00119334 -0.0024757
22.11 0 0.000245904 -7.78959e-05 -0.000855831
22.12 0 0.000702286 0.00100886 0.000815046
22.13 0 0.00111987 0.00206399 0.0025128
22.14 0 0.00150678 0.00308776 0.00420838
22.15 0 0.00187431 0.0040819 0.0058704
22.16 0 0.00223522 0.00504786 0.00746777
22.17 0 0.00260157 0.00598567 0.00897217
22.18 0 0.00298257 0.00689329 0.01036
22.19 0 0.00338328 0.00776636 0.0116136
22.2 0 0.00380337 0.00859846 0.012722
22.21 0 0.00423587 0.00938173 0.0136808
22.22 0 0.00466762 0.010107 0.0144915
22.23 0 0.00508148 0.0107636 0.0151615
22.24 0 0.00545898 0.0113393 0.0157018
22.25 0 0.00578257 0.011821 0.0161264
22.26 0 0.00603725 0.0121964 0.0164487
22.27 0 0.00621143 0.0124559 0.0166801
22.28 0 0.0062977 0.0125937 0.0168276
22.29 0 0.00629173 0.0126074 0.0168911
22.3 0 0.00619326 0.0124972 0.0168638
22.31 0 0.00601034 0.0122679 0.0167358
22.32 0 0.00575884 0.0119283 0.0164959
22.33 0 0.00545802 0.0114893 0.016131
22.34 0 0.00512728 0.0109639 0.0156283
22.35 0 0.00478339 0.0103663 0.0149768
22.36 0 0.00443897 0.00971006 0.01417
