0.004302783720000001
0.004295322234
0.004287898026
0.0042805503360000005
0.004273411599
0.004265840241
0.004258647549
0.004250965338
0.004243564674
0.004235756895
0.004228416072
0.004223862270000001
0.004211811666
0.004205638233
0.004198661361
0.0041921347680000005
0.004186487151
0.004177028349
0.004167682362
0.004162872519000001
0.0041532597
0.004150153854
0.004141180647
0.004137122250000001
0.0041218529850000005
0.004117978035
0.004127682087000001
0.004075794054
0.004117630761
0.004070478996
0.004105575252
0.0040471155
0.004085802216
0.004024183644
0.004090282443
0.003989273778
0.004070201373
0.003984106851
0.004057139358
0.003962419884
0.004030942734000001
0.003957928866
0.004009389183
0.003918900762
0.004007768571
0.00389737566
0.004040511408
0.003867132411
0.003997193391
0.003874364343
0.003997260099
0.0038321646660000003
0.00397122534
0.0038205908280000006
0.003994846839
0.003813275511
0.003901488993
0.003875400279
0.0038509213860000004
0.0038556743310000003
0.0038378152260000005
0.003853839861
0.003846533373
0.003858583977
0.0038154033000000003
0.003772520847
0.003803535162
0.0037901709990000006
0.0037963336410000003
0.003777218856
0.0037930933980000006
0.003776661648
0.003798862659
0.0037760573520000005
0.003650322582
0.00373304835
0.003808382283
0.00372275766
0.003624260355
0.003690558297
0.003686327244
0.003742444368
0.0037139835960000003
0.003651943194
0.0036415916820000003
0.003646024821
0.0034968098160000002
0.003873787515
0.0034859030580000005
0.003738371256
0.0033957226710000002
0.003775373595
0.003402894762
0.0038662867890000003
0.0033972432210000003
0.003801343608
0.0033689590290000002
0.0037185050250000003
0.003417126129
0.0036386516250000002
0.003313799361
0.003837483648
0.0032281305930000003
0.003805400043
0.0032418430110000003
0.0037189513800000005
0.003213894321
0.003691286199
0.0031661519940000002
0.003748246002
0.003137093793
0.003717471051
0.003028010517
0.003846898305
0.003202803135
0.0037094150790000003
0.003047844375
0.003638591784
0.00332773839
0.0033187691070000005
0.0034771289940000003
0.00326141298
0.003435926994
0.003201853527
0.003430134189
0.00331082595
0.0033109672140000006
0.0033198501690000002
0.0034157409570000005
0.0031942802070000003
0.0032470442730000004
0.0032697985680000003
0.0033206967720000005
0.0032165184960000004
0.0031519206270000004
0.003184942068
0.0032476103100000002
0.0030418475220000004
0.0033632417610000003
0.00308040867
0.0032603495760000004
0.003015689157
0.003240152748
0.003077980695
0.0033291412200000003
0.003033105831
0.003215135286
0.003374124975
0.003764640474
0.002709919305
0.003528320517
0.002802642444
0.003565187478
0.002557855476
0.003465600282
0.0026648354879999997
0.003761353143
0.002321107803
0.00339332805
0.002532346533
0.003705349815
0.002420948097
0.0036203236020000006
0.002306677293
0.003576528819
0.002443367871
0.003716916786
0.002411442207
0.0036345314250000003
0.0022679219070000003
0.0032983407630000003
0.0024470593740000004
0.003582714024
0.0023824664100000003
0.0034875933210000002
0.0020352777570000003
0.003728655432
0.001825195626
-0.05131164645
0.003191905206
0.0025031764980000004
0.003008228652
0.002763148365
0.003240828657
0.0027017936820000004
0.002825143641
0.002550468546
0.0028609373879999998
0.002815726041
0.003011402187
0.002450372211
0.002875638654
0.002822065263
0.0027446476860000005
0.0026042871870000004
0.002931503661
0.002539195875
0.0031071958559999997
0.002663930025
0.0029752484130000003
0.0023979868109999997
0.002735618562
0.0024760302660000004
0.003168862497
0.002310064686
0.003033967149
0.0025141018950000002
0.002638592757
0.0026806158540000004
0.0031013177040000004
0.001947439998
0.003403301877
0.0017294990760000001
0.0035395784730000005
0.0020323563390000003
0.0034108830450000002
0.0018471180330000001
0.002888543709
0.001790313228
0.0032959059210000002
0.001997220843
0.003294578628
0.002145746205
0.0034267477770000003
0.0017163576
0.0033904537200000005
0.001488218202
0.003362680629
0.0017826045300000002
0.003679578945
0.0016803607860000002
0.0032054135760000006
0.0016233225030000001
0.003828514365
0.001879473375
0.002896172946
0.001397224566
0.003617522847
0.0017960795459999999
-0.07001777628
0.0026754695280000003
0.00237787533
0.002454667029
0.0023152267080000003
0.002723223627
0.00202465647
0.0025384542390000002
0.0020269500480000003
0.0024380439840000004
0.0022872711510000003
0.002777056002
0.0020513200500000004
0.002033539425
0.0019773860040000002
0.00238351608
0.002105980389
0.0026583805080000003
0.0019451179710000001
0.0028572762960000003
0.0015606630900000002
0.002494071837
0.0020201634900000004
0.0023724386280000002
0.001780610157
0.0025233389910000003
0.002037982374
0.002762720649
0.001983625164
0.002484471771
0.001870493301
0.0028222722540000005
0.001326284532
0.0030822931710000005
0.0009186701049
0.003136546395
0.001383683823
0.0030534596190000002
0.0008585159697000001
0.003225116961
0.001177171551
0.0030041712360000003
0.001054479843
0.0033522908580000004
0.001176947883
0.0029647105110000003
0.0008972825391000001
0.0029499827580000003
0.0010492756380000002
0.0027585926010000004
0.001024689816
0.0033226175700000003
0.0009411933744
0.002758429755
0.0014464285829999999
0.0027437118120000005
0.0013530785850000002
0.002571965199
0.001210831623
0.003018285864
0.0011371202640000002
0.0015319227330000001
0.00229957191
0.001693776942
0.002167023114
0.002022327576
0.0022209663420000004
0.0017820296640000002
0.002088537228
0.0016985141910000002
0.0021423303630000003
0.001487618811
0.002549446344
0.001512000585
0.002456238591
0.0015364853640000003
0.0024021786239999997
0.001816035048
0.002112772833
0.0017228488770000003
0.0025198878330000003
0.001237173435
0.0024855155549999997
0.001634534352
0.001999918593
0.0015707212830000001
0.0021225278970000002
0.001644336504
0.002048954859
0.0012764085300000002
0.0025541659350000003
0.0012224123280000002
0.0031181840370000003
0.0007760711601
0.0024266673270000004
0.0011734476750000001
0.002382526251
0.0008644469976000001
0.002622892833
0.001006743402
0.002088287073
0.001129418433
0.002034384066
0.0009185551317000001
0.002294394192
0.0006586530138
0.0029664390330000003
0.0006635254446
0.0023140602990000003
0.0009334040382000001
0.0023778478620000002
0.0005164026183000001
0.002559334824
0.0009726109785
0.002289628494
0.0007912177020000001
0.00269684748
0.0004627511397
0.002368309599
0.0007227439020000001
0.0022556044710000003
0.0007866437894999999
0.002201753457
0.0017235816840000002
0.0012355047540000001
0.0015225237720000002
0.000995327505
0.0019101737700000002
0.0009316406907
0.001611112977
0.0008680561947
0.002126243925
0.0007748881722000001
0.0015034276260000002
0.0009663076611
0.002057820156
0.0007751672667000001
0.0018175889520000003
0.000986299362
0.0018227519550000001
0.0012562529039999999
0.00194550939
0.0008100607500000001
0.002068308027
0.001070364195
0.0020342016
0.0008301014028
0.001764637515
0.0009039613833000001
0.001838399886
0.000997357194
0.001725796782
0.0009141450462
0.0021920219370000003
0.0005170954986
0.00164779551
0.0008949428541000001
0.0024573265200000002
0.0002526122088
0.002099550915
0.0004441593258
0.0018888193620000002
0.0005180688468
0.002031354738
0.0009058013469
0.0019678879620000003
0.00020468417850000003
0.002071262799
0.000514039095
0.001684018935
0.00027392845590000004
0.001816750197
4.559574204e-06
0.002243854053
0.00033349546260000003
0.00176842908
9.362511945000001e-05
0.0019796923350000003
0.0005108018931000001
0.002063498184
0.00024149424149999999
0.001666533591
0.0003252227877
0.0022309970670000004
0.0012036870000000002
0.00027441081360000003
0.001964429937
0.0005740337196000001
0.0015184800900000003
0.0006872975271000001
0.0014747451480000002
0.0006239824137000001
0.001568445363
0.0006685776927000001
0.001348032321
0.00032067290970000004
0.001137556809
0.0005908937742
0.001358687943
0.0006060848535
0.001462234455
0.00036618149970000006
0.0010261426770000002
6.754097691e-05
0.001110049569
0.0005438269638000001
0.0015079892760000001
0.0005494771314000001
0.000983925342
0.00036863605980000006
0.001411179291
0.0007566805179
0.000984987765
0.0007621085871
0.001284820605
0.00020849752170000002
0.0017219954070000001
0.0001453222989
0.0014724496080000002
-5.51049282e-05
0.001772312859
0.0003232332216
0.0017092365210000001
-0.00010281762900000001
0.0016558465770000002
-0.00047983574520000003
0.001553542011
0.00021238659809999998
0.0016375646610000002
-0.00045891356580000003
0.001417545981
0.0001843637445
0.001040512365
-0.00023189564700000002
0.001732814856
-0.0004911340203
0.0014932252260000001
-0.0001616899896
0.0012636143280000001
-0.0003717405324
0.001593097893
-0.000159868665
0.0010789499070000001
-0.0003601123470000001
0.001859755275
0.001117130427
0.0004234837698
0.0009169111719000001
0.0001643908788
0.0012955596119999999
-0.0002319651018
0.001271875329
-0.0001182603348
0.001032468165
0.0001622968362
0.0008716042755
-0.0002340562014
0.0008579123603999999
-0.0007088077179000001
5.931066159e-05
-0.001369988082
-0.0008765041743000001
-0.002668838949
-0.0027050437350000004
-0.005340989754
-0.005426309286
-0.006571181412000001
-0.005116340754
-0.0034948144620000005
-0.0004997313081
0.0022205916000000003
0.010552352130000001
0.02002234734
0.027775572930000002
0.02638520163
0.020188587600000002
0.01328524155
0.0031940585010000002
-0.01197914796
-0.03033033237
-0.05826647538
-0.07109498295
-0.045389889
-0.0156722598
-0.002474765757
0.01433306727
0.013492595520000001
-0.0008363133891
-0.02299423779
-0.04116872448
-0.0982695168
-0.17312629140000002
-0.201200157
-0.2183842359
-0.25346204910000003
-0.174675879
-0.05749210341
-0.03663229599
-0.10507363470000002
-0.027572093910000005
0.08024384781
-0.0007038021654000001
-0.1015970688
-0.10946164770000001
-0.142930719
-0.2756277441
-0.2750065749
-0.18839192670000002
-0.05545311453000001
-0.02181159324
0.06435296235
0.1603764306
0.26734937940000003
0.23129282250000002
0.07080467562000001
-0.13716342
-0.2443560147
-0.18512137080000002
0.02475734985
-0.03227282028
-0.15496444980000001
-0.1484481573
-0.006798282912000001
0.06560387469000001
-0.04438214694
-0.05151111318
0.00383082462
-0.08357239062
-0.1168850709
0.006861342573
0.1404290709
0.02065580847
-0.3427433496
-0.47133214290000003
-0.299439459
-0.2993076126
-0.34938677970000004
-0.3226717953
-0.16858112220000002
-0.09743519592
-0.16637583420000002
-0.17179811550000001
0.0031972026060000003
-0.24228286740000002
-0.500069655
-0.2648741202
0.06955430283000001
0.02203003251
-0.13321930950000002
-0.10880859600000001
-0.2699532477
-0.38684744190000003
-0.3150662004
-0.16643233980000002
-0.1523597967
-0.09030030444
0.18564934500000002
0.47429388000000006
0.45657476370000005
0.03041489457
-0.2668472055
-0.11885177970000001
-0.122397408
-0.3568734774
-0.3209674059
-0.2186664696
-0.1647859275
-0.08198748702000001
0.04430121444000001
0.2295075987
0.34327995660000005
0.128523753
0.1629309546
0.1154359377
0.01788817203
0.028869701850000002
-0.07067862693
-0.1258769169
-0.05399611371000001
0.05658542397
0.10065619170000001
0.18447655950000003
0.196949484
0.3230215218
0.3581098317
0.08431847055000001
-0.09326002068
-0.21983484060000003
-0.2931134805
-0.3828915594
-0.4306162284
-0.09382879467
0.19413107100000002
0.124446717
0.08845697601000001
0.25620266880000003
0.2328921468
-0.11295351719999999
-0.331115949
-0.5683790394
-0.4441182219
-0.3069901179
-0.3297137076
-0.2917365489
-0.1241971506
-6.75325305e-05
-0.01214846856
-0.009810598410000001
0.08374216248000001
0.1302653223
0.01813167585
0.025884057780000004
0.18159291
0.2549957445
0.1672015419
0.08238664611000002
0.28488907080000003
0.44833917060000006
0.2822303646
0.2770244919
0.4610942307
0.5005076715
0.29479697460000004
0.07591054518
0.06279741027
0.06800146812
-0.017145741420000003
-0.06034501818
-0.06014543373
-0.08114424885
-0.1471032063
-0.1057514076
0.02179246374
0.08036339247
0.01594511514
0.06108528078000001
0.04846430376000001
0.04694837427
-0.03392068446
-0.11136684780000002
-0.08696589525000001
-0.1449292122
-0.06514132338
0.09749346732000001
0.09360441054
0.02475279801
0.009236992014
0.08574029271000001
-0.0032506376760000006
-0.1401747957
-0.100538766
-0.07149658472999999
-0.11719653840000001
-0.275241132
-0.32511311190000003
-0.15696618029999998
-0.17569866960000002
-0.1426164066
-0.05255539749
-0.05036360805000001
-0.056735507160000004
-0.06300128169000001
0.09720976212000002
0.254753928
0.2466388017
0.2945166048
0.267337215
0.19464040620000003
0.1224629388
0.1058293971
0.1325567421
0.001637820702
-0.09280976130000002
-0.02493068274
0.029352736440000003
0.04456282752
0.06213743271
0.05190048189
0.04140853974
-0.006244058133
0.01857922767
0.09567048483
0.19448217090000003
0.0988597845
0.1204554204
0.1591225164
0.09189914805
0.06178802994
-0.033286448340000004
-0.02200109301
0.06502820427
0.04462962381
-0.06739603416
-0.103531797
-0.129534183
-0.06423413382
-0.1095118749
-0.2888347509
-0.2627555526
-0.2597101362
-0.2874193641
-0.3183770754
-0.15452770859999998
0.1636730811
0.30352257720000003
0.3628684665
0.40585137390000003
0.4915082718
0.47304281070000004
0.5115428424
0.4977175113
0.3810050964
0.23457662190000003
0.1917504783
0.1921762323
0.19143567540000003
0.2138181714
0.05319503892
0.02662249572
0.09396306414
0.1726345161
0.2743706907
0.2290648734
0.09366375123000001
0.06809381946
-0.10587874140000002
-0.31111110270000003
-0.4031541144
-0.4362829749
-0.4783244166
-0.526268241
-0.4259181213
-0.3277536696
-0.3353520051
-0.32929403580000005
-0.1055641347
0.1070260209
-0.021793376070000002
0.07819459766999999
0.2609706231
0.1929749625
0.02021647743
0.022369026870000003
0.1137845223
0.02502991089
-0.1359959319
-0.27445024980000005
-0.09447194808
-0.08794191177
-0.1742070591
-0.08271416277000002
0.06772646439
0.1898974674
0.1971825696
0.2307776994
0.22547706210000001
0.09685488536999999
-0.03698815374
0.01033025373
-0.0013576333679999998
-0.0017740472670000002
-0.08222029793999999
-0.07885077876
-0.007094849022
-0.0724632327
0.01032752655
0.09247322925000001
0.06742342368000001
0.17334829170000002
0.1474071201
0.2298069999
0.09551603619000001
-0.12506769
-0.05264621847
-0.018237398220000003
0.14344623450000002
0.17996709870000002
0.058260265650000004
0.07989573015
0.20143755900000002
0.1799018622
0.1521556506
-0.0233196453
-0.06696136287
0.16538423940000002
0.2117343312
0.1034274186
0.2463346917
0.34781806260000003
0.180045873
-0.0108217053
-0.1793040408
-0.10906130160000001
-0.03476410902
-0.08091448884
0.07451994825000001
0.22826015910000003
-0.002924750457
-0.101374578
0.1670814675
0.1891528884
-0.021235550040000002
-0.1579924044
-0.07309296603000001
0.1729093923
0.1144595484
0.005279552667
0.04776254541
0.05217397488
-0.1031908014
-0.06894017721000001
0.1405678824
0.152219808
0.1735332102
0.1525756167
0.1818736722
0.2804024673
0.3474422415
0.2138172885
0.1110156498
-0.06868877634000001
-0.012688646400000001
-0.0985680351
-0.1664307702
-0.01223216748
0.2058093855
0.5198944878
0.4261484601
0.444548979
0.4587222708
0.36031462920000007
0.3449486376
0.3205678446
0.3534173163
0.4800505842
0.5518289808
0.40058634690000006
0.3290476086
0.37720068030000004
0.4288568049
0.49459312440000003
0.2952715824
0.2925755982
0.6150865095000001
0.5931613557000001
0.3961548756
0.3729489282
0.43323873570000004
0.44304706800000004
0.3060301113
0.0853275762
0.3394297278
0.6092256231000001
0.2896275951
0.1250878005
0.10568165850000001
0.0232534278
-0.020462600520000002
-0.17838886590000003
-0.1592442585
0.04847781213
0.2011289364
0.2939485077
0.3011374719
0.37036458180000004
0.3169688499
0.20780846730000002
0.14585841540000002
-0.002079849492
-0.2899929195
-0.7650884727
-0.6612660054
-0.5541172614
-0.49775263110000006
-0.37967083830000004
-0.4797451008
-0.4424125572
-0.5107416597
-0.6188238252
-0.35874659880000004
-0.1507768551
-0.08042127147
-0.09263728188
0.02726703234
0.1588665735
0.2308325373
0.10057476870000001
-0.13797706140000002
-0.1835798274
-0.01520415603
0.05434826328
-0.21171010050000003
-0.1776652803
0.07414626573000001
0.06494409333000001
-0.136287387
-0.4772488482
-0.5305028256000001
-0.3103390557
-0.3883188438
-0.5205222297000001
-0.6614555346000001
-0.6204459086999999
-0.360785313
-0.6134140026
-0.9229546224000001
-0.7008682887000001
-0.6774921378000001
-0.7617825027
-0.8220473928
-1.015483131
-1.173685077
-1.022058774
-1.121258475
-1.354200849
-1.073262069
-0.6660706491
-0.5827848282
-0.5634692325
-0.6305046903
-0.5361275853
-0.5628712149
-0.7558422534
-0.9130130703
-0.9035701605
-0.7657648722
-0.7401317346
-0.7365987612000001
-0.33301948140000004
0.09096481422
0.22921879230000003
0.3981718116
0.4829023512
0.6079641552
0.8846065476
1.091701926
1.3368989519999999
1.6390665720000002
1.632434031
1.4343014610000002
1.4448364200000001
1.54415286
1.515319308
1.62879354
1.4462245350000003
1.1449103850000002
0.9369819414000001
0.799944678
0.7280238402
0.7826840811
0.6275166624
0.6976733679
0.8205366528000001
0.663545457
0.8419818033
0.974406699
1.109802357
1.249851879
1.176461307
1.0342163070000001
1.078506495
1.2381073470000001
1.180078254
1.0502841059999999
1.0163778030000001
1.032742845
1.019250171
1.063182294
1.140495885
1.297276362
1.1518597890000002
0.8977811814000001
0.1918527966
-0.5821245171
-1.024224822
-1.1050700130000002
-1.198492605
-1.1623044960000002
-1.335981717
-1.593289188
-1.7752176000000002
-1.920191742
-2.055080223
-2.005272891
-1.7256211830000001
-1.5170409630000001
-1.4526432180000002
-1.43767512
-1.365315579
-1.1087006940000002
-0.6007175082
-0.2282919435
-0.2599080039
-0.2901543921
-0.04214739951
0.17188709220000004
0.1670912775
-0.01146900834
-0.13612611060000002
-0.22382525430000003
-0.5468418711
-0.9245952468
-1.181294694
-1.238289813
-1.305883656
-1.691983674
-1.9704130560000002
-2.225630016
-2.5386474960000003
-2.611723167
-2.7284101740000004
-3.112983756
-3.2318289630000003
-3.294784638
-3.4818829200000003
-3.6039830850000003
-3.5987828040000003
-3.5802007020000004
-3.529819485
-3.424371795
-3.2254436340000003
-2.916507114
-2.6611665479999997
-2.4408957510000002
-2.082998502
-1.4420955060000002
-0.3484679751
0.6255380835000001
0.8306402661000001
0.8025950457000001
0.8256461913
0.7720611264
1.340009703
1.911827736
1.7249295780000002
2.225085561
3.31522083
4.389248079
5.3487435780000006
6.2827988040000005
7.103414133
7.903721781000001
7.894572975
7.336279989
6.859600317
5.265455697000001
3.1128836940000006
1.4853468150000002
1.6366954950000001
2.907539793
3.4112038320000004
3.043481868
2.267075304
1.955951154
1.9560217860000002
2.3362348230000003
3.062141469
2.8917800280000003
2.3935791780000004
2.210723721
2.341379187
2.740503942
2.8757808990000004
2.83207833
2.369091456
2.0475647820000002
1.8462439620000002
1.1943400320000002
0.708774462
0.6436024136999999
0.7291391391
0.4268554668
-0.1024796745
-0.3871308528
-0.5217994917000001
-0.7468219584
-1.047947364
-1.5366030840000002
-2.151993213
-2.692097478
-3.047450013
-3.30866775
-3.8303566829999998
-4.465544373
-4.648709826
-4.399047288
-4.2682417290000005
-4.408985799
-4.689076995000001
-4.513849794
-4.223987838
-3.580038837
-3.2820698970000004
-3.169605114
-2.8805436540000002
-2.4431736330000002
-1.8708140880000002
-1.178970705
-0.5656285116
0.06473618019
0.8697448881000001
1.262492064
1.174181463
1.043846784
0.8787416391
0.7929425943
0.8086973562
0.9903783600000001
1.120033206
0.9468126405000001
0.7058906163
0.5145479397
0.32520571830000006
0.7374483072
1.31502069
1.490524533
1.510501617
1.428622452
1.0391075730000001
0.5560701381
-0.03019712238
-0.3822745104
-0.9845718210000001
-1.1838521610000001
-1.169581554
-1.379188881
-1.6915804830000003
-1.931562513
-2.175576453
-2.334874176
-2.353969341
-2.232260595
-2.010172986
-1.871462529
-1.8558528570000001
-1.685998593
-1.2730083840000002
-0.8797486356
-0.6079861296000001
-0.33047388450000004
-0.04268330019
0.10801791000000001
0.1794584502
0.3286292121
0.35653562099999997
0.1047824739
-0.06850221957000001
0.3024113004
0.6523390035
0.5717245437
0.24068805570000001
0.06605073981
-0.02017886589
0.1407836043
0.06240554982
-0.302800365
-0.4409471394
-0.2004086862
0.06114893787
0.0074032940610000006
-0.25797543390000005
-0.4749258402
-0.33284672730000003
-0.1985961906
-0.3375430686
-0.3889396206
-0.35098325910000006
-0.2232596097
-0.09093927879000001
-0.1063703205
-0.09640131021
-0.1091060352
-0.1460388213
-0.1007305515
0.2338611786
0.4088537244
0.3442410423000001
0.39140546220000005
0.7422308784
1.043035497
1.082977893
1.0543032630000002
1.106798535
1.119760488
1.092767292
1.084892805
0.8676999936
0.7721413722
0.7920379161
0.8114534757
0.7625032434000001
0.6783443324999999
0.6829678836
0.7457822946000001
0.8202098817
0.9330267456000001
1.028883591
1.032506424
1.075604697
0.8523638244000001
0.5721228297000001
0.48371618880000006
0.5814132921
0.5168586852
0.3324123405
0.1581895854
0.07456722264
0.1436812821
0.08431320258000001
-0.15767720910000002
-0.160102143
-0.06615791406
-0.22707079470000002
-0.334566126
-0.43683567030000003
-0.3410197326
-0.33677082540000003
-0.43270889760000003
-0.6695401518
-0.8763930270000001
-0.7920974628
-0.8298424188
-1.066125294
-1.140054435
-1.123763949
-1.101759138
-1.1035788930000001
-1.148243823
-1.227811752
-1.330631343
-1.338105582
-1.293127713
-1.2210958260000002
-1.152348327
-1.056530133
-0.9031724631000001
-0.8025682644
-0.7313790564
-0.6074558991000001
-0.471873753
-0.2780747505
-0.1298642895
-0.1491147468
-0.169707114
-0.01425415563
0.2924146161
0.47624008590000005
0.5402887911
0.6787629252
0.7750575909
0.9263993058000001
1.066064472
1.118848158
1.268773407
1.500058872
1.630375893
1.618653924
1.577355786
1.689138774
1.849642146
1.849011363
1.7522278650000003
1.734737616
1.7507416500000001
1.725104196
1.7245881900000002
1.8571978080000002
2.013035544
1.879853022
1.4512021290000001
1.1440108080000002
1.040284773
0.7927928937
0.40478120100000003
0.27571623030000003
0.1916867133
0.24557176800000002
0.36135350820000006
0.3927760173
0.19195148520000002
-0.019140183090000002
-0.2888532918
-0.3854453967
-0.09424358109000001
0.01279543806
-0.03386700414
-0.10043723250000001
0.006640375266
0.2181853872
0.3265918713
0.20955072330000002
0.0787970592
0.17813419830000002
0.1253240253
-0.050940671490000006
-0.2791055853
-0.4793687892
-0.5482608876
-0.5974171299000001
-0.7790540868000001
-1.018351575
-1.167667623
-1.125525825
-1.163270781
-1.280948598
-1.4629809960000002
-1.4897946690000001
-1.4054679090000002
-1.198739817
-1.078300485
-1.104548121
-1.035740781
-0.8551770381
-0.7884071370000001
-0.9091050606000001
-0.6586744977000001
-0.7343131293
-1.064969676
-0.8412403635000001
-1.0043016930000002
-0.7403838516000001
-0.8482120362000001
-0.8265479265000001
-0.7223737707
-0.703869462
-0.7454926053
-0.7422136128
-0.5634082143000001
-0.28321195320000003
-0.1362266631
-0.01088946297
0.09353965473
0.21705223410000002
0.3355501671
0.35686278450000003
0.3512443032
0.3982010454
0.3927802356
0.2087466957
0.1778659929
0.29625631020000004
0.3389327532
0.4536249948
0.49253675220000004
0.39427606440000007
0.061407980730000006
-0.15977802060000001
-0.1950234867
-0.1382514471
-0.14984166780000002
-0.46396502910000004
-0.5829324687
-0.35618442300000003
-0.38159791470000004
-0.4432025565
-0.3472688988
-0.3366037611
-0.1358218044
0.04468715946
0.06342774201000001
0.13214148480000001
0.02433418569
0.005479083162
0.3588797205
0.1540350504
-0.041249470590000004
-0.1223940726
-0.44597231190000003
-0.6897856374
-0.6647017617000001
-0.6273089847000001
-0.6044602194
-0.6826612230000001
-0.8963042859000001
-0.5998825791000001
-0.5034682314000001
-0.4084263027
-0.2950208388
-0.3466851057
-0.29053315620000003
-0.03269298258
0.07583800023000001
-0.006286534452
0.05852749986
0.3248551089
0.4054578948
0.41008232880000006
0.39863700180000006
0.37272310200000003
0.4474970802
0.5153475528
0.49529032110000004
0.39216318660000005
0.27675079290000004
0.32263451730000003
0.3272489451
0.2503520829
0.23839614540000004
0.236319957
0.2178902043
0.15352139880000001
0.021540003390000003
-0.005024056122
0.14861218050000002
0.1705621536
0.04468277439
0.02196514917
0.04771814535
0.06689008341000001
0.0986368032
0.18029818620000002
0.2865234168
0.1800785403
0.4909269312
0.6976711116000001
0.6083917731
0.8533063692
0.7150691466000001
0.6928582275
0.9620584596
0.8934831261
0.9455571567000001
1.013790906
0.92444535
1.0371210480000002
0.9287855883000001
0.7214639913
0.3977185896
0.27472100580000003
0.26053702110000004
0.45382521690000005
0.5001246891000001
0.381978837
0.2484182376
0.3106421847
0.4415990139
0.5184637974
0.5318977095
0.6196698396
0.7396410384000001
0.7370770968
0.6137505837000001
0.6551590842
0.7098363945000001
0.5525468766
0.4943384568
0.5123230317
0.4050275301
0.229333275
0.1352093661
0.1869773247
0.2443513059
0.16094011319999998
0.06614023644000001
0.04684533984000001
0.07055003745
0.11012617710000001
0.1225209159
0.11109481650000001
0.1059983253
0.1083165264
0.07273086912
0.051700907250000004
-0.012234953520000001
-0.11645470620000001
-0.20172921030000002
-0.19615497210000002
-0.1885375071
-0.2416954446
-0.3096940482
-0.3380912514
-0.4110239907
-0.5103693702000001
-0.4766105115
-0.4454891694
-0.49431962160000004
-0.5046868296
-0.5321511018
-0.5924213874
-0.5978733930000001
-0.5849142849000001
-0.5053530267
-0.44627181120000003
-0.44829002250000005
-0.4322286
-0.3625368885
-0.2662088688
-0.123589323
0.03729974877
0.09586001403000001
0.166555161
0.2186410617
0.2505191472
0.24064528410000002
0.23369450670000003
0.19996311600000002
0.132318261
0.06311259576
-0.004338963981
-0.026956918620000003
-0.03202581429
-0.062491612950000004
-0.1047208671
-0.07823068866
0.03649061997
0.1223030358
0.1643619393
0.2105812638
0.276920604
0.26292732570000005
0.1771621254
0.0907708509
0.002954719026
-0.1368423387
-0.3078869481
-0.41416476030000005
-0.3703125888
-0.2987732619
-0.32723844840000005
-0.37552846770000003
-0.4226836662
-0.3440721141
-0.32268140910000004
-0.47996023410000005
-0.5526115245000001
-0.5534316405
-0.5971224375
-0.6412239792000001
-0.6930998478
-0.7209962504999999
-0.6726954401999999
-0.7082035200000001
-0.7774889013
-0.7190087445
-0.6548079843000001
-0.6108261246000001
-0.594509544
-0.5638694805
-0.5774998869000001
-0.6249473253
-0.6333124104000001
-0.6247941912
-0.6244171929
-0.6757692075
-0.6921315027
-0.622536714
-0.6150945537000001
-0.5918914512
-0.5605248591
-0.5376557871000001
-0.4107295926
-0.3484716048
-0.3664204713
-0.30130914690000005
-0.2298377052
-0.2012775579
-0.1639066572
-0.1292048613
-0.1481524839
-0.24553272420000002
-0.2876942403
-0.22356362160000004
-0.1692983313
-0.1809783135
-0.255539709
-0.2883613203
-0.22997759580000002
-0.198797688
-0.2652856497
-0.33873047100000003
-0.3208129965
-0.2903797278
-0.2936226195
-0.30868822890000003
-0.3401348706
-0.2670987339
-0.09510514434
-0.020035404450000002
-0.042308538570000005
-0.030367355310000003
0.03910198311
0.112738482
0.1785986037
0.1586485953
0.1340698365
0.1912750857
0.173906775
0.10176727230000002
0.08484931908
0.08437166037
0.06680661993
0.0018577609020000003
-0.06305162661000001
-0.0049556863080000004
0.1180272492
0.1449779679
0.1682615124
0.30111010200000005
0.4181293737
0.45288914669999997
0.5016018789000001
0.5759451981
0.6218700264
0.6915831237000001
0.7356171726
0.7002757647000001
0.6638845887
0.7381885698
0.8160984125999999
0.7921473957
0.7347413358
0.7084449441
0.6825119148
0.6943668092999999
0.6583489038
0.5732124264
0.5261391414
0.4955753016
0.48515001840000005
0.4412157372
0.40158716310000003
0.40622189760000005
0.360089784
0.3006846423
0.2867792616
0.2264622804
0.1189852938
0.021026704950000003
-0.05622485742
-0.058811597460000004
-0.011916638640000001
-0.07029210312
-0.0936181053
0.009242484633
0.07251117417
0.07345622052
0.09481598478
0.2065737807
0.3633716214
0.4012919802
0.3685418838
0.37579451490000004
0.46476385740000004
0.604903239
0.7115531445000001
0.7508276757
0.7595138421000001
0.7533196119000001
0.6960156741
0.5706199377
0.4889142135
0.4803258528
0.3969158373000001
0.2768855823
0.1856257029
0.1261517931
0.1027286523
0.060157578510000004
0.031701083670000005
0.01491072912
-0.03396961674000001
-0.07134196932
-0.04452861024000001
-0.014476381560000001
-0.02696108787
-0.045144776340000005
-0.05409820638
-0.03557317896
-0.02017748268
-0.08802939735000001
-0.0855155358
-0.04057293375
0.0642111588
0.1105680195
0.1262574468
0.18717166080000003
0.26280097290000004
0.3216073122
0.3480595848
0.2953072908
0.24931222290000002
0.23365124460000003
0.1596873762
0.04984069581
-0.059175195300000004
-0.18024550649999999
-0.26769047310000005
-0.2728760391
-0.30866193810000003
-0.377376966
-0.41156069580000004
-0.39693045420000006
-0.35873718120000003
-0.3737909205
-0.4300379289
-0.4653598149
-0.5064323229
-0.5195840994
-0.5289678549
-0.5999886252000001
-0.6682641651000001
-0.6938462907
-0.692960742
-0.6645195899999999
-0.6319102671000001
-0.5588444061000001
-0.41825229300000005
-0.21628283580000002
-0.03215353068
0.07385612517000001
0.1757379096
0.31626871019999997
0.47501108910000006
0.5920297722000001
0.6261445377
0.582730677
0.5569945344
0.5893132851
0.6050735406000001
0.5305736538
0.361092366
0.2047547124
0.07983612459
-0.06211027863
-0.15806990340000002
-0.2191924818
-0.2506605093
-0.2939676372
-0.3881813076
-0.42660491940000006
-0.4159580283
-0.3921564177
-0.408948489
-0.41901217560000004
-0.3652314993
-0.231382584
-0.13742858430000002
-0.02797682508
0.1168818336
0.3000265875
0.48988559970000006
0.6281714799
0.7060983921000001
0.7278809085
0.7872382755
0.8678626434000001
0.8173067103
0.7644652434000001
0.7698170889
0.7395599097
0.6346468647000001
0.477330075
0.30152016000000004
0.16299638730000002
0.06635819502
-0.04956235668
-0.15549919290000003
-0.2180541294
-0.2528483355
-0.2537673363
-0.2357347905
-0.2118543075
-0.1921821183
-0.16711511580000002
-0.08786710071
-0.002399850711
0.09695917548
0.2319377319
0.3373811055
0.4204754352
0.5379138882000001
0.6356844684
0.7054974315
0.7414072307999999
0.7476599286000001
0.7436141865
0.7006323582000001
0.6364221804000001
0.5245515891000001
0.3276415413
0.17472473280000003
0.09673972578000001
0.04526818614000001
0.0163428714
-0.03177332451
-0.07593400089
-0.06775037136
-0.030703632300000002
0.004006648269
0.04226074425
0.028657570410000003
-0.042695248770000006
-0.09341084943
-0.1038245274
-0.1195371063
-0.1924691589
-0.2634033069
-0.3144304143
-0.38520711180000006
-0.4505474997
-0.4788885897
-0.5028308757000001
-0.5328063117
-0.5908481577
-0.6355316286000001
-0.6063339294000001
-0.5708087802
-0.5978017800000001
-0.6518442852000002
-0.6603961527
-0.6498272511000001
-0.6246623448
-0.5933077209000001
-0.546767217
-0.4468790502
-0.3252522177
-0.2168289585
-0.1257886269
-0.02117935836
0.06679112994
0.07792058475000001
0.05264445267
0.05192223066
0.07238034801
0.07384616802
0.04604000751000001
-0.059659093170000004
-0.1664954181
-0.1941279318
-0.2430160668
-0.34557696810000005
-0.40721918220000003
-0.4703849874
-0.5401109358
-0.5771790999
-0.6150228426000001
-0.6260279949
-0.6154984314
-0.6308579484
-0.6143544873000001
-0.5983427034000001
-0.6396292656
-0.6741175959000001
-0.6744087567
-0.6748870923000001
-0.7150454064
-0.8148103596000001
-0.8647512057
-0.8454369834000001
-0.8300227266
-0.8498808153
-0.9174592566
-1.002254346
-1.012544055
-0.9713976777000001
-0.9665109243000001
-0.9751134114000001
-0.9455756976
-0.8621760807
-0.7423079850000001
-0.6155100072
-0.480592881
-0.34077556170000006
-0.23595482880000002
-0.09746242848
0.03495521763
0.11949364800000001
0.19401266430000003
0.259127226
0.34600703850000003
0.42883836210000004
0.4612251942
0.4525889607
0.4489824123
0.44936941680000003
0.37815391800000003
0.2646075825
0.171425826
0.09358653672
0.00030678871860000004
-0.11448819360000001
-0.2009030121
-0.2378540448
-0.2413545471
-0.23462194410000003
-0.23242273830000001
-0.23100695910000002
-0.19107918
-0.1214839008
-0.07471776690000001
-0.05844904929
-0.00246218247
0.07085173419
0.13099842360000002
0.2102375214
0.31823787150000005
0.3840396237
0.43229736809999997
0.5141351349
0.5949431460000001
0.6310489491000001
0.6728038407
0.704052909
0.7032136635000001
0.66846321
0.5384858112
0.3676858632
0.26950061430000005
0.224043723
0.1413688689
0.04779341748
-0.059024464650000004
-0.1514341251
-0.15120721980000001
-0.09569934585
-0.10285785
-0.1356110856
-0.1318519917
-0.09661179357
-0.0788433624
-0.08010610559999999
-0.07929944892
-0.08724279231
-0.058340972520000006
-0.002381862114
0.043962514380000005
0.11442109320000002
0.19462068810000002
0.2094191712
0.2188200942
0.2503721934
0.23801551740000002
0.19039198950000003
0.11383828110000001
0.042139943910000005
-0.052101086580000004
-0.1637564661
-0.2665142541
-0.31663177830000006
-0.3462362982
-0.4273144767
-0.49640611050000005
-0.48372089760000003
-0.44478520380000003
-0.35570098620000007
-0.2182525857
-0.06646741956
0.0836071965
0.15767701290000002
0.29189831580000003
0.4173432984
0.5139048942000001
0.6284817702
0.7294397175
0.7702336215000001
0.7656264531
0.7446479643
0.7013603583
0.6553449837
0.5887291977
0.5063886684000001
0.42482126519999996
0.3873376476
0.4019087349
0.33899063220000003
0.24093232470000003
0.2165360319
0.23290136820000001
0.2383490574
0.2048314266
0.1507996143
0.1360079982
0.18148931640000002
0.20370249180000002
0.1701258048
0.1143098478
0.08068347315
0.05424789717
0.03364866297
-0.00545172111
-0.02100875265
-0.028462371030000003
-0.03438569808
-0.033403010760000004
-0.03186102591
-0.01081763415
0.07106837823
0.14606795700000003
0.20071309050000002
0.2022560073
0.20866438980000002
0.2197324242
0.2586127896
0.2836705707
0.2787967665
0.2864513133
0.3050933544
0.26598441600000006
0.20476216800000002
0.20138949
0.23240154870000002
0.2316395079
0.196865118
0.1779636024
0.16936229249999998
0.182098125
0.1976594337
0.18162322290000002
0.1525993569
0.1453030713
0.1584188451
0.17696259
0.13551671340000002
0.08941248963000001
0.06932291436
0.061016444010000004
0.05419038114
0.04639408965
0.020202920010000004
-0.02107493091
-0.02067129846
-0.01053493938
-0.033047143200000004
-0.06983200431
-0.09566058654000001
-0.105311331
-0.112676679
-0.1254371346
-0.131331375
-0.1284841206
-0.12408767100000001
-0.1191017385
-0.12577106700000001
-0.1331461269
-0.1409920668
-0.1418828148
-0.1147860252
-0.100422027
-0.1089156231
-0.101644353
-0.09683613846000001
-0.1059178833
-0.09299614149
-0.04575886272
-0.04860153585
-0.09673698879
-0.10701621089999999
-0.07318937871
-0.059198317470000004
-0.07997350383
-0.11170705859999999
-0.1397515923
-0.127821357
-0.1418864445
-0.1955946249
-0.21686093910000004
-0.20776628430000002
-0.1849267404
-0.1699246998
-0.1946634597
-0.2229834582
-0.2160460224
-0.20285961660000001
-0.2177880822
-0.2565366993
-0.2999933316
-0.3235843215
-0.3115268505
-0.300567609
-0.272951478
-0.259912026
-0.2468243088
-0.23114734020000002
-0.2257996149
-0.2133673038
-0.1333073052
-0.04807548441
0.0001416441375
0.05489367966
0.12439854990000002
0.17835649290000002
0.22702537440000004
0.25611428070000003
0.2626199784
0.26737076519999997
0.2543254272
0.2112713973
0.159211395
0.14502829320000002
0.124801839
0.1093227381
0.1296801558
0.12004879590000002
0.07504236018
0.039551153580000005
0.01489043223
-0.006327295983000001
-0.018304076790000002
-0.01981341396
-0.0033411996720000003
0.019301861700000002
0.030202184340000004
0.04164233166
0.04080995316
0.06310979991
0.07644318894
0.08003498310000001
0.08932657365
0.07099325325
0.05938931817
0.08604441252
0.1289251782
0.1404049383
0.1283892579
0.13502179890000002
0.1682887842
0.20660841000000002
0.2334894777
0.2458418373
0.2839061088
0.33001605180000004
0.34392898620000006
0.3422421567
0.3508089354
0.3177412893
0.2619644742
0.1859476671
0.1070779158
0.02919709098
-0.0502324974
-0.11893163310000002
-0.1532160135
-0.16917678540000003
-0.2206870353
-0.2723662134
-0.2847158262
-0.28722846150000003
-0.34145676810000003
-0.39558560130000003
-0.4165093503
-0.4026274155
-0.39007924830000007
-0.4023305649
-0.38191526820000005
-0.34131118769999996
-0.3319416567
-0.3305172447
-0.312819318
-0.2847714489
-0.25924494600000003
-0.2759397021
-0.3053789235
-0.31490423730000006
-0.3031220349
-0.31135027049999997
-0.3010890105
-0.26867539710000005
-0.2324962152
-0.2016811413
-0.15906699180000003
-0.05216595030000001
0.0423048402
0.07412081859000001
0.1339423065
0.171212949
0.21522109949999998
0.23897326770000002
0.24862699440000002
0.2724683355
0.2983871403
0.3186746127
0.32685693750000006
0.3490782552
0.3864745638
0.4191922872
0.45330254010000004
0.4748186169
0.4901430141
0.5021412327
0.49182287850000006
0.47133145620000005
0.44626867200000003
0.4126016349
0.37636535880000005
0.31672242270000006
0.2574810099
0.2506133232
0.25210581660000003
0.23509586520000003
0.23143791240000003
0.24183700290000001
0.2476753263
0.24903038160000002
0.25068974310000003
0.2436169293
0.247827087
0.24472810800000003
0.22941646380000003
0.2146728186
0.1732081068
0.1227464478
0.08976694455
0.031220540820000003
-0.060755978700000005
-0.1416103911
-0.2083268277
-0.24340768200000001
-0.2636931924
-0.31823757720000007
-0.37039626810000004
-0.39626484570000003
-0.4193761266
-0.45955827900000007
-0.5064300666
-0.5119632009
-0.48891931470000005
-0.45540982620000003
-0.42790239
-0.3902694642
-0.3233847861
-0.2643666489
-0.2700165222
-0.2750284512
-0.27355675500000004
-0.2650710069
-0.25543739070000004
-0.25428814920000004
-0.2532485835
-0.2297238111
-0.20123566920000002
-0.1687835025
-0.1255998825
-0.09469761732
-0.06527744694
-0.010183152780000001
0.0452923776
0.10821518910000001
0.15811924770000002
0.1817038611
0.1990485297
0.20914488360000003
0.2174840703
0.22328266320000004
0.2084607342
0.19200082950000003
0.1604334267
0.1077149772
0.059332822380000004
0.048463656300000005
0.04320626148
0.006350441697
-0.02888659467
-0.0434054241
-0.049614643980000005
-0.06358378968
-0.07571844576
-0.07984853424
-0.06536876823000001
-0.05805984735
-0.05326236495
-0.048023618940000005
-0.03327902217
-0.016562281860000003
-0.004711278006
-0.0005806538019000001
0.020305414889999998
0.041662177290000005
0.038190114180000005
0.034698156390000005
0.03925063404
0.05501563758
0.04871872611
0.01061711775
-0.03824550144
-0.09699739524
-0.162487935
-0.2448530874
-0.3132088731
-0.3406380255
-0.3458077974
-0.3468489327
-0.36286876079999997
-0.3594538017
-0.3379897179
-0.32478565410000004
-0.27374471460000005
-0.22876498170000004
-0.2087037279
-0.1685611098
-0.1401021036
-0.1343426526
-0.1454178483
-0.15822961019999998
-0.16955996399999998
-0.2053464516
-0.2263205259
-0.2204354088
-0.2196116631
-0.23506094160000002
-0.24070218210000002
-0.2224355697
-0.21335200020000003
-0.21231145350000002
-0.19535074830000002
-0.16875544590000002
-0.1654402545
-0.1628789616
-0.1447412526
-0.1117007802
-0.08160437709
-0.06092428887
-0.01439632215
0.01247428809
0.037950063480000004
0.06440829075
0.12093257880000001
0.151325136
0.1861792812
0.226508976
0.2574590355
0.2908342251
0.3109644432
0.3141528894
0.3162423213
0.31999072230000003
0.3323904642
0.32952682710000003
0.3112901352
0.29314359720000005
0.2856680829
0.28488200760000004
0.2689016157
0.2559622257
0.2655464976
0.2538234495
0.2191058595
0.1946400138
0.18146479140000002
0.1660135509
0.1561344885
0.1699468704
0.17462574990000002
0.1893404556
0.2401064208
0.2701164861
0.28573341750000003
0.3492424746
0.4155872103
0.45179670510000003
0.46078286130000007
0.45862446510000004
0.48707317080000007
0.5157788985
0.5192811666
0.5431676337
0.5710481442
0.5748161652
0.5721289119
0.5664294
0.5504990391
0.5221502973000001
0.4749947064
0.4081074777
0.3395955168
0.2656662777
0.1942795944
0.1552734648
0.1219298634
0.07285915449000001
0.04723567974
0.03340214748
0.026211751020000004
0.026161680780000002
0.001489829985
0.00282268035
0.01762632351
0.026160199470000003
0.01104369579
0.005519377737000001
0.031810818330000004
0.01757587068
-0.01667009376
-0.03759593229
-0.05201583768
-0.08242782849
-0.1404138654
-0.1974700026
-0.2453817483
-0.2916772965
-0.3260221065000001
-0.3654699804
-0.3896620290000001
-0.3873707073
-0.37222465590000003
-0.3431462463
-0.31845496680000007
-0.28296307350000005
-0.23422728780000002
-0.21009458970000003
-0.21272396400000002
-0.18225488880000001
-0.1670884326
-0.1861885026
-0.22309352640000002
-0.2672884593
-0.3055575636
-0.3237753222
-0.3695883165
-0.401718519
-0.4229873838
-0.42646954140000004
-0.4204962324
-0.4097945034
-0.3875466006
-0.3639830787
-0.34218623970000006
-0.3289635369
-0.319782456
-0.3000935898
-0.2814752889
-0.2671926156
-0.2537246628
-0.22999466520000003
-0.1801021824
-0.148328181
-0.12835600200000002
-0.1006224453
-0.07204692573
-0.04670754858000001
-0.03404359395
-0.021594802050000004
-0.004633772139
-0.0260783154
-0.06659450811
-0.054862140510000004
-0.04054012911
-0.04920246702
-0.07671028581000001
-0.10132405650000001
-0.1159615575
-0.1259294004
-0.1500236433
-0.16261036380000002
-0.155538531
-0.1462785777
-0.13492968300000002
-0.1233836073
-0.1069532307
-0.08164390158
-0.07568066745
-0.05622774156
-0.03422511819
-0.022355273250000002
0.005415307371
0.03648344886
0.06565706451
0.09614724102000001
0.1150696323
0.1448617194
0.1922526522
0.2342199303
0.2588619636
0.2757249612
0.30301559640000003
0.33012131310000004
0.3398525388
0.3371246721
0.3097057221
0.2823648597
0.2678950116
0.2332061649
0.19465276680000002
0.1571977944
0.1274041377
0.1106963343
0.07878414924
0.04301580033
0.02196297135
-0.008733533004
-0.04878851445
-0.06514337367
-0.07344347733
-0.08927791605000002
-0.09722493819
-0.1044267633
-0.0984438405
-0.0999750834
-0.10058448060000001
-0.09175687362000001
-0.08944268481
-0.08242907436000001
-0.07287520365
-0.07279748883
-0.08191216584000001
-0.07270150779000001
-0.05633985024
-0.04139023428
-0.03522102939
-0.016190630010000002
0.0278549064
0.057196174950000005
0.08124927471000001
0.10382168250000001
0.11870247150000002
0.1340942634
0.1441977786
0.14705150760000002
0.15467299469999998
0.1547901261
0.15614312130000002
0.15569117460000004
0.1586626236
0.1697181012
0.17801667450000003
0.1916220654
0.1924851492
0.1808598087
0.1631034144
0.1320245496
0.10958849100000001
0.09000739746000001
0.06179301342
0.04972459446
0.03197761776
0.006744812526
-0.008333772561
-0.026640663840000002
-0.03674563092
-0.053453483370000006
-0.07624280988
-0.09780639651
-0.12074285340000002
-0.15058644300000001
-0.1724538159
-0.1917808893
-0.2125496403
-0.2310044085
-0.24215955570000003
-0.23883455430000003
-0.24048390960000002
-0.243889353
-0.2408595345
-0.2361518136
-0.2109515913
-0.1765395828
-0.1508979105
-0.11786822910000001
-0.06571034262
-0.02012388084
0.019830620700000003
0.06266062944
0.10565634870000001
0.146377953
0.1829387439
0.2103662286
0.23217287760000002
0.2398733352
0.2385481023
0.23530020750000002
0.22545008460000002
0.2072227122
0.18552210930000002
0.1691575578
0.1478299311
0.1256485401
0.1066457853
0.08722075905000001
0.0561222252
0.04069963971
0.022785677190000003
-0.002790407412
-0.02886630759
-0.05295151548
-0.06568610211
-0.06992543475
-0.07072128081000001
-0.07731509193
-0.07177396248000001
-0.05438208816
-0.03049627833
0.005446324629
0.038730566699999996
0.06177341304
0.08027418033
0.09535189527
0.09438026382
0.05938645365
0.020351708280000002
0.0037126151010000003
-0.03447833391
-0.07854633522000001
-0.12213283230000001
-0.1702432305
-0.20741439960000002
-0.23142064680000002
-0.26681650020000003
-0.2956599603
-0.29778078420000004
-0.29209245570000003
-0.27639831960000005
-0.25091419589999997
-0.2178562617
-0.1763997903
-0.1280774961
-0.07798850919
-0.04737303936
-0.01727687169
0.01995057738
0.049801887450000006
0.061602208920000005
0.06290604621
0.060854647680000006
0.047738000790000006
0.02097528093
-0.01456757532
-0.04983583005
-0.07630505433000001
-0.09346454937
-0.1010782179
-0.1010115099
-0.07297599159000001
-0.03667128093
0.010798249590000001
0.05861028645000001
0.09643714614000001
0.1311333111
0.1704116682
0.2065008924
0.23350743000000002
0.2673408447
0.2886671961
0.2903829651
0.2740297932
0.2591858898
0.25514230590000003
0.2636362944
0.2765060334
0.28450991430000006
0.29610405900000003
0.30378420990000005
0.3008801556
0.2928644046
0.2950599807
0.2889377559
0.2847675249
0.2810585601
0.269540541
0.2653410762
0.2585529486
0.25072398
0.2292072165
0.2053096641
0.1828722321
0.1503909297
0.1083136815
0.07321296195
0.044055670139999996
0.02111924268
-0.007145422515
-0.0410101164
-0.07265931498
-0.1004322294
-0.12545959950000002
-0.14746431240000002
-0.16767565920000002
-0.17355292830000002
-0.1846886517
-0.2003465889
-0.2148577371
-0.22520856240000003
-0.2201876082
-0.2079461016
-0.2088213498
-0.20432012940000002
-0.17707913279999998
-0.1428828462
-0.12649180770000001
-0.12298100490000001
-0.1115048745
-0.1053256536
-0.1032085575
-0.10898782470000001
-0.1120789557
-0.1158862167
-0.1364886882
-0.1543637835
-0.1637337069
-0.1820993022
-0.1993374342
-0.2091880476
-0.2176749729
-0.2235132963
-0.23350164210000002
-0.2467467117
-0.25973672130000003
-0.2635938171
-0.2644791696
-0.26658047160000004
-0.2646877302
-0.2521723284
-0.23381928990000003
-0.2058534324
-0.1697143734
-0.1176745797
-0.05590203975
-0.011670240870000001
0.01293261129
0.02716561656
0.03686701005
0.03164694228
0.026270110710000003
0.01281953142
-0.01583664597
-0.05099702994
-0.08611798752000001
-0.1258303194
-0.1512203652
-0.16732995479999999
-0.1833609663
-0.18633526020000002
-0.18291343410000002
-0.18306244800000002
-0.18111114090000002
-0.175688271
-0.1668216987
-0.1505488707
-0.1374045498
-0.1211025861
-0.09882535140000001
-0.08135565435
-0.06835815972
-0.05250711267
-0.041923113479999996
-0.03391033491
-0.0233361261
-0.01950241734
-0.008928297801
0.0035481004200000003
0.004184735085
0.0109907316
0.02552812155
0.02973457107
0.0441148833
0.06542988453
0.08759010555
0.1219132845
0.15945497730000002
0.1747470015
0.1915408386
0.20829445470000002
0.2297380356
0.2529860679
0.2702808036
0.2812469121
0.2913399306
0.29517407100000004
0.30089271240000004
0.3066986628
0.30906179370000003
0.3156918822
0.3265613622
0.334712295
0.3287064168
0.3258993834
0.3349137924000001
0.3460863033
0.3380799699
0.3191848308
0.3079321722
0.2998081188
0.2966179068
0.2889159777
0.2784870648
0.27138334950000004
0.26558436420000003
0.2564305551
0.24920117370000003
0.2408027346
0.2365511787
0.2269266858
0.2106302157
0.1972779228
0.18838790460000002
0.1785671136
0.171198234
0.161504973
0.1474351767
0.14516818380000002
0.141311088
0.1281355713
0.11450751930000001
0.09640731393
0.07913995793999999
0.062334682380000006
0.034364292660000004
0.001176249411
-0.02893279977
-0.05388047343
-0.08021269125000001
-0.0982935513
-0.11114710380000001
-0.1263535848
-0.1408547268
-0.1502243559
-0.1525516803
-0.1572713694
-0.1717823214
-0.1824272505
-0.1955657835
-0.21353888070000002
-0.23173750980000002
-0.2454141213
-0.2479569714
-0.2499007248
-0.2566125306
-0.24675524640000002
-0.2249694927
-0.2041348185
-0.17768833380000001
-0.1410694677
-0.10264516920000001
-0.06824290203000001
-0.03664616733000001
-0.004323295449
0.013127673330000002
0.008859477708000002
0.0018243549089999999
-0.004013343594
-0.0234679725
-0.05068173654
-0.08650936728
-0.1250832879
-0.1543782042
-0.18801777330000002
-0.2264941629
-0.24071042250000002
-0.2564480169
-0.2655530703
-0.27654233040000004
-0.28913003190000003
-0.2935088235
-0.2899103193
-0.2823957612
-0.2830055508
-0.28418441850000004
-0.27765243
-0.2766431772
-0.28327630680000004
-0.29280387690000004
-0.292001517
-0.2866263237
-0.2895124257
-0.2869242534
-0.2827962054
-0.2847202407
-0.273529287
-0.2482608852
-0.2166159834
-0.1896975396
-0.1627908678
-0.1310367807
-0.10782828270000001
-0.09155422845000001
-0.08031371463
-0.06652192392
-0.061618552380000004
-0.06456245490000001
-0.06663416013000001
-0.06520305771000001
-0.06449860161
-0.06019310052000001
-0.056683004040000005
-0.049895828010000004
-0.04168668267
-0.034016106330000004
-0.030064657950000004
-0.019892668950000005
-0.01113414399
-0.006220358154000001
-0.004574156769
0.003753382518
0.02072279115
0.034357769010000004
0.04143864663
0.054092526390000006
0.06943362021
0.08283312864
0.09426994056
0.09637859025
0.0967495554
0.105557562
0.1181715543
0.12247726140000001
0.1253989737
0.1320197427
0.131380425
0.12721039020000002
0.11830143870000001
0.11171755530000001
0.10644801570000001
0.10706496659999999
0.1077890427
0.10711107360000001
0.11305416780000001
0.1247965416
0.1361548539
0.1458549819
0.15243582420000001
0.15938022510000002
0.1674424755
0.1694620602
0.1620343206
0.1584624996
0.1607465619
0.1571643423
0.1581238584
0.16738332120000002
0.1843919973
0.21112297200000002
0.23597984430000002
0.2602888281
0.28961915850000003
0.31962598649999996
0.3451402269
0.3670060302
0.3962875068
0.42940479150000005
0.45357574860000005
0.45824550480000004
0.4625216838
0.47352654180000003
0.48312023130000004
0.47302544700000004
0.44848043460000003
0.42232569929999997
0.3888931212
0.3349677474
0.2742137307
0.22021615530000002
0.17739491670000002
0.1378682685
0.10259082180000001
0.06371141778
0.030179699820000003
0.02500767162
0.017884777770000002
-0.003414804102
-0.01323569124
-0.01778954229
-0.022695513480000002
-0.03138899814
-0.045879358950000004
-0.06325514487
-0.06285428865
-0.06262044768
-0.06454451241
-0.06571385460000001
-0.06072199686
-0.03383456247
-0.02229907176
-0.0151001406
0.00218372562
0.03282869412
0.05508663255
0.07098739668000001
0.08341593092999999
0.09643262373
0.09646181829
0.07093539387
0.04047477489
0.003381256845
-0.02502920457
-0.05866953885
-0.0985185927
-0.13221780660000002
-0.1557432657
-0.16393716630000002
-0.1752392673
-0.1947038769
-0.2089393641
-0.21163946849999998
-0.20599038
-0.1967707458
-0.18416617110000003
-0.17214136740000002
-0.1614890808
-0.1405160856
-0.13283593470000002
-0.1394690643
-0.14019618150000002
-0.1396677168
-0.14472104400000002
-0.149166936
-0.15611369130000002
-0.1642865004
-0.16226711189999998
-0.1563632577
-0.15140077110000003
-0.1437799707
-0.12529940220000002
-0.10628928990000001
-0.08585626653
-0.06492239361
-0.05995948518
-0.05595813333
-0.04833680319
-0.04776879438
-0.05251764861
-0.06611546619
-0.08259732567000001
-0.09690139458000001
-0.115060509
-0.1407838005
-0.16925359770000004
-0.19042514730000001
-0.20495503260000003
-0.221438187
-0.2390191785
-0.24960524760000002
-0.2488417353
-0.246518433
-0.2496101526
-0.2464917498
-0.2459244375
-0.2343997476
-0.2144085372
-0.207561942
-0.2018542878
-0.1855613493
-0.1742516946
-0.172094868
-0.1676623176
-0.15885548820000003
-0.1481149116
-0.14299330680000003
-0.13647112830000002
-0.125671005
-0.1175007465
-0.11416583700000002
-0.1109987766
-0.1051924338
-0.10183888530000001
-0.10699953390000001
-0.1062850716
-0.09547550127
-0.08267513859000002
-0.06812769339000001
-0.05934933261000001
-0.0497366019
-0.02444805036
-0.009017646300000001
0.01451504277
0.02458924569
0.03797824761
0.06244361262
0.07840309941
0.08317022967000001
0.09119345589
0.1033765047
0.11365620750000001
0.1152450351
0.1132227036
0.1091704869
0.1067068035
0.10388132729999999
0.10271256390000001
0.0991210248
0.08961374178
0.08425655964
0.08727676434000001
0.09487846467000001
0.10295075070000001
0.1050005502
0.1067945049
0.1137584277
0.11611155240000001
0.11623819950000001
0.1179930123
0.1178645994
0.1110356622
0.1012841298
0.07906316526
0.07482388167000001
0.07081059105000001
0.05401485081000001
0.0417606795
0.040916018879999995
0.04855611555
0.06338784474
0.07698325887000002
0.09389413908000001
0.1141894791
0.12777534810000002
0.1384863966
0.1572718599
0.1730355489
0.1811587194
0.1852879446
0.1885428045
0.19561473540000002
0.20208825630000002
0.2011751415
0.20126225430000003
0.2077654995
0.20417445090000003
0.1912146561
0.18369852840000003
0.17863588170000003
0.1665587907
0.1435146102
0.10863858870000001
0.09342243504000002
0.07331080689
0.055455714180000004
0.03796299306
0.016487990730000002
-0.0001609898499
-0.004262622561
-0.005863039695000001
-0.006511649427
-0.0007152493563
0.014577434370000001
0.03276407565
0.04211206389
0.041846183460000005
0.04531790322
0.05385153393
0.06326837856
0.06056015148
0.04743350820000001
0.0510422148
0.06136150095
0.06170396805
0.05825981439
0.053952096240000004
0.06498756144000001
0.06752756664000001
0.05279235804
0.046512751410000004
0.045531221670000004
0.041527613520000006
0.03884873796
0.02362271544
0.004659182001
-0.001296654408
-0.008811809937
-0.02065365027
-0.03505550526
-0.0484670898
-0.05561962947
-0.06228175743
-0.07932260052000001
-0.0974334105
-0.10398766770000001
-0.10604874870000001
-0.109591434
-0.1057865274
-0.09440840871
-0.06935482629
-0.04523306634
-0.02797817886
-0.0035620414110000003
0.020432542680000002
0.038795803200000006
0.05093004726000001
0.05763921417
0.06427964241
0.07012562742
0.06820221996
0.061000944210000005
0.05750753454
0.05519175651
0.04834350342
0.04231943748
0.04072920705
0.04308301845
0.03894249213
0.024089661630000002
0.009373499145
-0.002722581072
-0.02030322726
-0.040816437569999996
-0.05939773515
-0.07493724603
-0.09281244924000001
-0.1186525386
-0.1402652439
-0.14211030870000002
-0.1479879702
-0.159535125
-0.16570689030000002
-0.16961205510000002
-0.1793945871
-0.19103013000000002
-0.1992806343
-0.2024796753
-0.20369729250000002
-0.20147150160000002
-0.1956942945
-0.1890146655
-0.18634771890000001
-0.1844259399
-0.1741162185
-0.1600497576
-0.1481021586
-0.1400588415
-0.1363611582
-0.1345472892
-0.1320174864
-0.13417656930000002
-0.13722777360000002
-0.1365617727
-0.1380144375
-0.1424789685
-0.1462172652
-0.1468462824
-0.1469063196
-0.14377810680000003
-0.1449165573
-0.14463334260000002
-0.13868936550000002
-0.13517866080000002
-0.12602661750000002
-0.1191021309
-0.10836135810000001
-0.08393599827
-0.05795896131000001
-0.03226818996
-0.004731782868
0.01865377386
0.04601354994
0.07931700882
0.11111129730000001
0.1274435739
0.1535965434
0.18180873000000003
0.2192830281
0.254264409
0.27765135090000004
0.299860308
0.31876525710000003
0.3336660585
0.3427979913
0.33798088890000005
0.3341058408
0.3246781365
0.29923030980000004
0.2675731455
0.23484678930000003
0.2051220969
0.18069362730000002
0.16097493870000001
0.14747549580000002
0.135977391
0.13288635810000002
0.1339058133
0.1415572209
0.15293633040000001
0.162313317
0.17119077840000002
0.1742410998
0.1792338993
0.18570771450000004
0.18665908830000003
0.179065854
0.1650276459
0.15409803060000002
0.1315155087
0.1032619239
0.08020812960000001
0.058899691260000005
0.038298534300000006
0.018824664060000003
0.0006169906305000001
-0.01398145725
-0.03454348212
-0.05148662742000001
-0.06687883134
-0.08401807854000001
-0.1037168136
-0.1227791151
-0.14027093370000002
-0.1572038766
-0.1736560314
-0.18059346720000002
-0.1879123158
-0.19137661920000001
-0.1912695921
-0.18914327460000002
-0.1800503856
-0.1649130651
-0.14346918990000002
-0.11871914850000001
-0.08804416140000002
-0.07202479437
-0.04325296689
-0.01899320967
-0.0011790285840000002
0.01422233199
0.02388461301
0.02757281985
0.02562014916
0.015446610180000002
0.0004563786618
-0.0165253374
-0.03481185429
-0.05366730213
-0.06269340465
-0.06092845812000001
-0.058339422540000005
-0.053729399430000005
-0.04548993138
-0.03458195694
-0.01717978212
-0.002072903031
0.01240583391
0.029768974740000002
0.04375731861
0.04836775374
0.05243823666
0.055508531220000004
0.05502725262
0.058862295540000005
0.06048035694
0.06013654587
0.06195075822
0.06723772038
0.07362341235
0.075251529
0.07803701964000001
0.08098924104
0.08472626244
0.09703735137
0.1004704884
0.0994496598
0.1037166174
0.10554108120000001
0.1053739188
0.10493158590000001
0.1008209016
0.09672967053
0.08941121433000002
0.07404804801
0.05989207086000001
0.04155659226
0.022613158530000003
0.006788764269000001
-0.003414071295
-0.01108629081
-0.01941531435
-0.02566504953
-0.03186535212
-0.034907354640000006
-0.03950862723
-0.040568636969999995
-0.03587002956
-0.03531153645
-0.03655773018
-0.03932471916000001
-0.045819233460000004
-0.050460069780000005
-0.05947566579
-0.07790923458
-0.09187890021
-0.10565301330000001
-0.1237820895
-0.1424612124
-0.16002140670000004
-0.1762388082
-0.1866869487
-0.19497659490000002
-0.20417896350000003
-0.21096836640000002
-0.2090072493
-0.2027390517
-0.2041523784
-0.21065738940000003
-0.2048802804
-0.1911464766
-0.18232816950000003
-0.1767566781
-0.174030381
-0.1695477015
-0.1632602763
-0.1632124035
-0.16243829640000002
-0.154864584
-0.14144558310000002
-0.12330728550000002
-0.10260926460000001
-0.07597520289000001
-0.05174541522
-0.031193602560000002
-0.01051488774
0.01121427207
0.03019587651
0.04776562575
0.06221522601
0.06908217696
0.07608607551
0.08079516981
0.08374750893
0.08269744653000001
0.07960691394
0.07738971659999999
0.07478961534
0.06997259142000001
0.06651895149
0.06688170567
0.06696954441000001
0.06485998239
0.06421209075
0.06290703702
0.05913960462
0.0576578826
0.0581970402
0.0583246683
0.05786327457
0.05976563958
0.06245328528000001
0.05827381326
0.0556838163
0.046197134279999996
0.03630839922
0.025301226060000005
0.008800441128
-0.0009904960800000001
-0.009535238577
-0.01765857879
-0.019562121000000002
-0.019906000740000002
-0.018886045230000002
-0.015570834210000002
-0.01126459737
-0.011853511290000002
-0.01845591597
-0.019672924950000004
-0.01905513039
-0.0245589426
-0.03168128709
-0.04230601740000001
-0.055157450940000005
-0.06627259296
-0.07982054631
-0.09088691301
-0.09798986313
-0.10062931230000001
-0.1031216409
-0.1027400319
-0.1002095424
-0.09717819354
-0.09232284195
-0.08602519473
-0.07821704295000001
-0.06991796934
-0.06301228851
-0.052574831100000004
-0.043883622360000006
-0.035545240080000005
-0.02556897039
-0.01768182849
-0.014130951840000001
-0.015994989180000002
-0.02198923272
-0.028513284930000004
-0.03339913581
-0.0378725841
-0.044936274600000006
-0.04647687624
-0.04538849598
-0.046369692180000005
-0.05253083325
-0.05828974470000001
-0.0550139895
-0.049236046650000004
-0.049962457530000004
-0.05106155031
-0.047098928340000006
-0.03579808302
-0.024703542000000002
-0.013226057820000001
-0.001326934935
0.006697692153000001
0.013093416810000001
0.011896596810000002
0.005980798935000001
0.003145606911
-0.001720584729
-0.004310650359000001
-0.008009451999
-0.016456029750000004
-0.0225485793
-0.027993423600000004
-0.03315398391
-0.03541054878
-0.04005130662
-0.04118962959
-0.04294629648000001
-0.04130812458
-0.033559048620000004
-0.02951755425
-0.01951225677
0.00036270807300000003
0.01578323052
0.03267601128
0.05284475325
0.07172902287
0.07976281446
0.0983528037
0.11430356940000001
0.1219357494
0.13395250890000002
0.1431355518
0.1549267794
0.1699060608
0.17929383840000002
0.18936900269999998
0.1988255484
0.20399532030000003
0.20796817410000001
0.21551255460000002
0.22111426080000002
0.22225163220000002
0.2200642965
0.2103525927
0.193891707
0.1697099589
0.1424874051
0.11705007510000001
0.09042565662
0.06752823372
0.04526918676
0.024373180440000003
0.010158009749999999
0.00602739153
0.005457962232
0.008478831069
0.018602222310000003
0.02506658067
0.04031073207
0.057487885110000005
0.07331107176000001
0.09145961100000001
0.1114032429
0.11933099820000001
0.1226174463
0.12577489290000002
0.12670694100000002
0.12400879860000001
0.11646500670000001
0.1055852262
0.09294019506000001
0.07969646943
0.06135180867
0.03973979007
0.023867161020000003
0.007101377577
-0.004190073687
-0.01440281637
-0.025723752570000005
-0.03334676022
-0.034720474140000006
-0.032435136540000006
-0.028069921980000002
-0.020722585140000003
-0.0131004702
-0.004065806493
0.005439903984
0.012130123860000001
0.01500425766
0.02015423298
0.02241040545
0.020850330960000003
0.020330371530000002
0.01644526818
0.01115755065
0.006801621255
0.01058806053
0.01553190813
0.01985792193
0.028156858200000003
0.0386142201
0.044911945800000005
0.048168669600000005
0.058733872830000006
0.06934830264000001
0.06956379891
0.06820992081
0.0712311948
0.07389947556
0.07693046145000002
0.08227681334999999
0.09315627993000002
0.09729621765
0.09462734829000001
0.10003257
0.11473766190000001
0.1163272743
0.10136673
0.09546126696000001
0.09173337867
0.08547500088
0.06224446962
0.03544378506
0.0206595657
0.008701285572
-0.01438208784
-0.03670963803
-0.04176271017
-0.04842359226
-0.062363945610000006
-0.07066325466000001
-0.07561787364000001
-0.07952224383
-0.0797188068
-0.08418232737
-0.09431664597000002
-0.09697534236000001
-0.0986627997
-0.09906510780000001
-0.1001446002
-0.10429432830000002
-0.10997461260000001
-0.1176460326
-0.11461572360000001
-0.10801378980000001
-0.10460952360000002
-0.1053159417
-0.10578731220000001
-0.1015887303
-0.09623274498
-0.09298567422000001
-0.09456553548
-0.09544856301
-0.09442841130000001
-0.09634135149
-0.1007759718
-0.1026594918
-0.10681922610000001
-0.1085457861
-0.110322279
-0.116522199
-0.1191411747
-0.1210149828
-0.129687219
-0.13373894520000001
-0.1358775252
-0.14361781140000002
-0.15617520000000001
-0.1630423962
-0.16860447
-0.1778950305
-0.1876661829
-0.19021737149999998
-0.1864210977
-0.18061397010000002
-0.1757980449
-0.17010883350000003
-0.1570317111
-0.1441614816
-0.1329683697
-0.1164292983
-0.10675644210000002
-0.09747653526
-0.08870655222
-0.08909918766000001
-0.09094334013
-0.08964886158
-0.08444970873
-0.07563095037
-0.07111823265
-0.072050526
-0.07673031783
-0.071649297
-0.05819927688
-0.04243507776000001
-0.03015259479
-0.03029034681
-0.03212471871
-0.01686094731
-0.0001346360697
0.004799423799
0.009655523892
0.01940622048
0.028343375730000002
0.04077227295
0.03602446839
0.0324627615
0.06531681447000001
0.07909983504
0.06645473523
0.05830219359
0.07766707473000001
0.09683563815
0.08671185549
0.08387634366
0.09285267024
0.10951952670000001
0.11806413480000001
0.1081067886
0.1135022886
0.1428535143
0.1513590786
0.1444625505
0.1555682553
0.1681545834
0.1699491267
0.1629253629
0.1533311829
0.1596782529
0.16470087480000004
0.14800454910000002
0.1295227053
0.1297875753
0.12156650100000001
0.1089607491
0.0990330291
0.08783990739
0.07353671157000001
0.056379178530000004
0.03953520252
0.025889433660000002
0.01281233088
-0.001225800702
-0.013792840380000001
-0.02790957753
-0.03399225822
-0.0356307048
-0.034728655680000005
-0.035366541120000004
-0.03037368276
-0.021074048010000002
-0.0106462044
0.003391769241
0.01354511826
0.02082410883
0.031095404460000003
0.02873140047
0.02419890579
0.02385559503
0.019303598070000004
0.01119088503
-0.001631006676
-0.012108159270000002
-0.01906368471
-0.023478184710000002
-0.033494449770000004
-0.04429547559
-0.042745907609999995
-0.035359134570000006
-0.03180799305
-0.03570277887000001
-0.029689572600000002
-0.01744674165
-0.013463871840000002
-0.01302251994
-0.014062517279999999
-0.0174668031
-0.0115515693
-0.0052340833170000005
-0.008824681638000001
-0.002605446729
0.002995981848
0.005585552073
0.0082439316
0.01157897844
0.02880517167
0.0457666911
0.044481826349999996
0.04639463901
0.056851893
0.06377780205
0.06131557053000001
0.06046208091000001
0.06229659015
0.06469033806
0.061109737110000006
0.055959575399999996
0.051937328250000005
0.04628694483
0.03926280825
0.02452837464
0.014384569770000001
0.0099505773
5.205120273e-05
-0.009650014596000001
-0.019509303960000002
-0.02337453225
-0.02865266541
-0.033155612370000004
-0.03757040667
-0.0434957742
-0.04545832356000001
-0.04707719919
-0.04294753254
-0.03447191817
-0.02373022323
-0.01504841247
-0.014097019050000001
-0.006582597309000001
0.001422387216
0.001471675599
-0.006876706014
-0.01589209209
-0.01709886924
-0.02485842228
-0.036826740000000004
-0.044753210189999997
-0.05189527278000001
-0.057771482400000004
-0.05863488993000001
-0.05971401936000001
-0.06440346423
-0.06213740328
-0.061980492330000005
-0.06481560195000001
-0.0707510934
-0.07667637264
-0.08434774359
-0.08745755283000001
-0.10061292960000001
-0.1157498577
-0.126168372
-0.1330158501
-0.1421985987
-0.1509004611
-0.1559231811
-0.1578070935
-0.15928879590000003
-0.15783730829999998
-0.1544039064
-0.1574355888
-0.15162895170000001
-0.1430259741
-0.1324698255
-0.11767673790000001
-0.1139880798
-0.1041885765
-0.0857455803
-0.07826099175000001
-0.06884337213000001
-0.059691132630000004
-0.04541738643
-0.02699465769
-0.01894043187
-0.009474274332
0.0048878354430000005
0.011420890290000001
0.022869405540000002
0.03222789048
0.036397258200000004
0.04382302599
0.05765536143
0.06119656542
0.06010781238000001
0.06376662846
0.06945674238
0.07306661637
0.07282142523
0.07326256131
0.07546996827
0.07604837568
0.08149308264
0.08962528815000001
0.09829806390000001
0.10830396960000001
0.11695609530000001
0.122812371
0.1239896691
0.1313173467
0.1473077448
0.1518792048
0.1466018172
0.14520860100000002
0.1511041167
0.1537921548
0.1472586948
0.1505156148
0.1544592348
0.149613291
0.13315260150000002
0.12082123530000001
0.1257159348
0.12655969290000002
0.11016718290000001
0.1029665448
0.10765543050000001
0.1112066505
0.09932693670000001
0.09220471974000001
0.1001896281
0.10703710620000001
0.09920892240000001
0.08304212088
0.07888228848
0.07854893487
0.0649034505
0.04703951898
0.046921063230000004
0.04362504057
0.03509974836
0.030695087790000002
0.0289190952
0.03334343463
0.03530526786
0.03325510539
0.03277417014
0.03042000558
0.02675089881
0.0195505452
0.009612745425
-0.0026299678050000002
-0.003395533338
-0.012243861000000002
-0.031206904920000004
-0.04703042511
-0.05440812390000001
-0.06028420599
-0.07523502858
-0.08716411611000001
-0.08751804129000001
-0.09361991034000001
-0.1016055054
-0.1116804735
-0.11805766020000001
-0.12313953450000001
-0.126161505
-0.1253377593
-0.12821316840000002
-0.1272032289
-0.1176575103
-0.1062584865
-0.10831858650000001
-0.108485847
-0.08928779472000001
-0.0698740794
-0.05945601636
-0.05447286009
-0.04738031838
-0.01862754192
0.0013556566530000002
0.00027642618
0.003660927192
0.014677417890000002
0.01939619466
0.014206626180000001
0.009517295106
0.0226035153
0.039349273590000004
0.039280652640000004
0.03496426245
0.035601814350000004
0.037730702070000004
0.03199203846
0.013833659790000001
-0.007640282079
-0.029752258500000003
-0.05870159793
-0.09179122824
-0.10045400759999999
-0.0986400405
-0.1048207329
-0.1059192567
-0.09962172720000001
-0.09263728188
-0.09093083237999999
-0.07861950801
-0.05675359680000001
-0.037712367180000005
-0.028393181100000005
-0.01541442357
-0.006370010685000001
0.01073854593
0.033526862010000005
0.050213946690000004
0.05502067011
0.06607686384
0.07777039365
0.07557295365000001
0.06480152460000001
0.06368307669
0.06841136916
0.06985339992
0.06530166783000001
0.05357885517
0.046073979540000004
0.04577958144000001
0.03772559106
0.02590431543
0.023206359420000003
0.02755199322
0.03053429208
0.02440317942
0.0119836017
0.00498873816
-0.002790685035
-0.01614229614
-0.027590929110000002
-0.02592369999
-0.01707544296
-0.010110519540000001
0.004211703756
0.014394379770000002
0.02287972566
0.03386691585
0.04227399756
0.038438336610000005
0.03594638079
0.04282326927
0.03983121927
0.02463535269
0.02117210877
0.02654785143
0.02398744143
0.01453044447
0.001983418173
-0.003942181854
-0.00981845622
-0.026476022610000004
-0.04425204672
-0.052061356079999996
-0.04939350696
-0.050031490500000005
-0.05293572138
-0.03887868789
-0.01944543105
-0.003190132539
0.007482781548
0.018823104270000002
0.03324359826000001
0.03679477902
0.04495644396
0.052500432060000005
0.05853339567
0.06486069852
0.07145273403
0.07986003156
0.08469627327
0.08483349555000001
0.09416263878
0.1035513189
0.099431217
0.09405478764
0.09480032802
0.09515336049
0.09532031688
0.08847281916000001
0.08152740783
0.07754466555
0.06859818099000001
0.05668833087
0.04618201707
0.034095753720000004
0.027954782010000002
0.01439700885
-0.00614501343
-0.02238133842
-0.02893464405
-0.02814040683
-0.02502094455
-0.025609917330000002
-0.026129935620000003
-0.021195829350000004
-0.01601623764
-0.02507116194
-0.03149679042
-0.0366571251
-0.04528018377
-0.0535406256
-0.06093748332
-0.06141847743
-0.059996194200000005
-0.05657304375
-0.052855151850000004
-0.04898032938
-0.04726371672
-0.04993232121
-0.05445485874000001
-0.05451400323
-0.05397456114
-0.0571729743
-0.05991999012
-0.05875275708
-0.04824652176000001
-0.041252266440000004
-0.04183127226
-0.03696573789
-0.03746613618
-0.04301901801
-0.04627607535
-0.05182853535
-0.05643941193
-0.06575908851000001
-0.07717811490000001
-0.08292703977
-0.08711619426000002
-0.07600194495
-0.06882128982
-0.05967834039
-0.04705318431
-0.03816547146
-0.03531085956
-0.04073589747
-0.04901565519
-0.0569131074
-0.05785509303
-0.05869871379
-0.06752780208
-0.08256673809000001
-0.10459029600000001
-0.11867775030000001
-0.1350802665
-0.1514343213
-0.1537695918
-0.1520722656
-0.1451469942
-0.1369269009
-0.1243606833
-0.1062810495
-0.09144865323000001
-0.08225707563000001
-0.07925544126
-0.07852918734
-0.07628303088
-0.07459577955
-0.07211431062
-0.07108426062
-0.06649359264
-0.06193208979
-0.053113458960000005
-0.036681699150000004
-0.018896640030000002
-0.00571188231
0.0006151070124
0.009120343266
0.01727215308
0.02151024966
0.02131365726
0.024138829350000002
0.022225575240000003
0.01635913638
0.01389642417
0.01102199607
0.01242450234
0.010266243480000001
0.0029475861750000005
-0.0006528925818
-0.001339925337
-0.00166382505
-0.003155470866
3.286856196e-06
0.000983818413
0.006732402876
0.019170917819999998
0.03581839953
0.05564396808
0.06565022694
0.08400426606000001
0.09909208530000001
0.1064001429
0.11261016720000001
0.1212229548
0.1266280686
0.1300909005
0.1288645524
0.1292176143
0.1249697862
0.11836746000000001
0.1103333643
0.10219077
0.10408351140000001
0.10732061520000001
0.1059567309
0.1093703166
0.1143536004
0.1133626923
0.1086146523
0.1038467961
0.1073878137
0.11057586750000001
0.10533732750000001
0.1007360451
0.10582733700000001
0.1095550389
0.10385601750000001
0.09720465111000001
0.09607552992
0.08997357258
0.08696156904
0.08281177227000001
0.07659179082
0.07337393424
0.07194154671
0.06882188823
0.05763800754
0.04903453944
0.04567920552
0.04086241704
0.03502505502
0.029550957300000003
0.02443973148
0.017700153570000002
0.01108770345
0.006643678293
0.001159548867
-0.0056683916370000005
-0.0104953266
-0.012506484509999999
-0.016528976910000003
-0.01958995197
-0.02251361646
-0.022386282660000003
-0.020002845060000003
-0.02002264164
-0.020376213660000003
-0.02384900271
-0.028077622830000003
-0.03437578017
-0.04165498656
-0.05114147238
-0.05359437459
-0.05353575003000001
-0.05959862433
-0.06420963825
-0.06074717913
-0.05494971438
-0.05276228058000001
-0.04875026526
-0.04555247994
-0.04082427576
-0.0392843412
-0.043453767780000006
-0.04333649904
-0.04736860524000001
-0.05350976334
-0.06391837935
-0.07419973023
-0.07849681434
-0.07831081674
-0.07775195085
-0.07567281945000001
-0.07100368128
-0.06312641805000001
-0.05198268969
-0.04297740399
-0.03226520772
-0.02154300525
-0.01937526993
-0.01671698556
-0.01096861005
-0.005896941093000001
-0.008035749666
-0.0109201977
-0.009144834912
-0.007428294846
-0.006349398894
-0.01097017965
-0.01585587357
-0.014257098630000001
-0.01529733141
-0.016749466470000002
-0.013365408870000001
-0.012865314689999999
-0.0084021669
-0.00026004769830000003
0.0033693033600000004
0.005850997920000001
0.009431285931
0.01792653894
0.02561717673
0.033700449960000003
0.04224453813
0.05143651794
0.05956868421
0.06507187839
0.06865225371
0.07355718504
0.07692180903000001
0.07741219131000002
0.07325261397
0.07111417131
0.06786698283
0.059439633660000005
0.05430879765
0.0481871124
0.04149656487
0.03300073209
0.02577056589
0.02013936102
0.01279144539
0.006208581249
-0.003837092229
-0.0132550758
-0.01457982801
-0.01657160136
-0.01659153528
-0.010951256160000002
-0.007733916567
-0.002044389285
0.004302373662
0.009207125469
0.01316027196
0.015612546330000001
0.017849039940000002
0.018721923930000002
0.01788774039
0.015170076090000002
0.014787299700000001
0.014649626160000002
0.01372712319
0.01387410642
0.014972532120000001
0.02188852326
0.02583199611
0.02414415618
0.0239477796
0.02063169549
0.015402720239999999
0.009074964168
0.00354191031
-0.00035302236570000005
-0.0016089518340000003
-0.002894398317
-0.003620626731
-0.002973505176
0.0006755114007
0.004550163471000001
0.007571318760000001
0.0115147818
0.01209330693
0.00935600301
0.007236868392000001
0.003704911308
0.002831467167
0.005048174988
0.0020657898
0.0007311978657000001
0.004959006993000001
0.006459585795
0.00991239678
0.01173683115
0.01510135704
0.02235067236
0.0247538673
0.02581320996
0.02807911395
0.03233626155
0.036171765540000005
0.03699555048
0.04226329485
0.04417596036
0.041429042640000004
0.03874090644
0.03637653948
0.0308531367
0.025369219170000002
0.01911992544
0.012321487530000001
0.006023027061
0.003786227379
0.0008526795102
-0.004307516064
-0.01226386359
-0.019994212259999998
-0.02368323333
-0.031286052
-0.045834694020000004
-0.05844078927
-0.06513180768
-0.07376483331
-0.0772477659
-0.08201575944
-0.08566565823
-0.08273292930000001
-0.07607232189
-0.07262929638
-0.07169804289000001
-0.061790374530000004
-0.050057487000000005
-0.04370098959
-0.03837434598000001
-0.031046648760000004
-0.02313012591
-0.01705815774
-0.009799007895
0.0032772786930000005
0.012675147840000001
0.01851177411
0.026702986770000003
0.03091115304
0.0353451357
0.0403577514
0.04228055064
0.044595426150000006
0.046949541659999997
0.05035337622
0.04751810964
0.04511444382
0.045398659140000006
0.04515318351000001
0.045535753889999996
0.0374914656
0.02191272453
0.01561450833
0.01390731327
0.008962902576
-0.00283879818
-0.019251144
-0.026638642980000002
-0.03246598899
-0.042658814430000004
-0.05390134911
-0.06417287037
-0.062427053340000004
-0.06961809726
-0.0685001889
-0.06311496978
-0.06444946332
-0.06410639781000001
-0.052207466220000005
-0.03271514337
-0.03115563786
-0.02883098178
-0.01736337627
-0.013949682660000002
-0.00997697601
-0.00319840335
-5.794357923e-07
-0.008741506572
-0.006603380775000001
0.003275061633
0.0015874944210000001
-0.003121644024
0.006668306298
0.02043157149
0.02252085624
0.026336710800000003
0.02787667479
0.03185937783
0.023461968780000002
0.02061692163
0.023157564480000004
0.023235661890000002
-0.001230501654
-0.02133169785
-0.01921295367
-0.030926417400000003
-0.04852595961
-0.04577976783
-0.026277939090000004
-0.006932803518000001
0.004034456676
0.010597154400000001
0.018670539150000002
0.02083831371
0.034885959030000004
0.04780577808
0.04134095865
0.030392576820000003
0.025703181000000002
0.02747842803
0.03315825126
0.03184348563
0.02872368981
0.03469762665
0.04356586665
0.03455997273
0.02635867539
0.02996840223
0.0196385409
0.011692009260000002
0.001754545968
-0.02109347181
-0.025145325540000003
-0.02136870117
-0.04003717041
-0.051476150340000006
-0.044746706160000004
-0.0564994197
-0.06829134381
-0.062317730700000004
-0.054087317280000005
-0.061180172910000004
-0.06005246436
-0.04539669714
-0.0314176041
-0.03119216049
-0.032928834600000005
-0.02426704605
-0.006089236713000001
-0.0001149838929
-0.008679088485
-0.026651297880000004
-0.031762474650000004
-0.04050342009
-0.04931293743
-0.05984937774000001
-0.06672656052
-0.06422518710000001
-0.06789424482
-0.08264899494
-0.07875484677000001
-0.07748960202
-0.08826117822
-0.09751285188
-0.103350312
-0.09458971713000001
-0.08912589048000001
-0.08936157573
-0.08717428908
-0.08894012832
-0.09276652863000001
-0.08621383122
-0.07733623248
-0.07450118172
-0.06358308336
-0.058570291079999996
-0.06239669139000001
-0.053607137400000004
-0.03891219885
-0.03219238809
-0.03022086258
-0.031231233720000005
-0.03674481669
-0.04088479365
-0.04121873586000001
-0.04971425472
-0.058543715790000006
-0.057425758380000004
-0.057210448500000004
-0.055994008500000005
-0.06279277014
-0.07154362368
-0.0605277981
-0.04810844601
-0.03350195442
-0.01919910195
-0.002826725013
0.01643038641
0.02650483458
0.03485313477
0.05577726636
0.07565249313
0.08447138883000001
0.09152507313
0.10347323130000001
0.1175113413
0.1191593232
0.11377373130000001
0.1197183951
0.12183755130000001
0.1040616351
0.09242731845
0.08535397491
0.09634073346000001
0.08548103403
0.06629246802000001
0.060621934860000004
0.06803804961
0.06954867189000001
0.06921503379
0.07054905645
0.07551263196
0.07108837101
0.06193563120000001
0.047858261580000006
0.030297988799999998
0.025500682979999998
0.02225352393
0.01157016906
0.006497735904
0.02092792806
0.035740773
0.03349406718
0.038163254400000006
0.0573612282
0.07229206782
0.06832876896000001
0.05959747656
0.06062742846
0.06060763188
0.053573812830000005
0.04446984834000001
0.02520292005
0.01933622613
0.021052828980000004
0.023220436770000002
0.01892355867
0.02024761437
0.024809156460000002
0.023307971400000002
0.01637219349
0.02056081824
0.025279428240000002
0.009769565142000001
-0.005357604951
0.002077947333
0.01441902249
-0.0018754758
-0.03777041295
-0.044844099840000005
-0.02908934775
-0.031934316420000004
-0.053055432810000004
-0.03805636464
-0.01911326445
-0.03865480407000001
-0.058118079510000004
-0.054410360580000004
-0.047523926970000005
-0.052360335449999997
-0.07084249317
-0.07549287462
-0.0652809393
-0.07274638854
-0.08663773113
-0.07245309897
-0.05815026612000001
-0.057198676500000004
-0.050832251370000005
-0.040737947760000004
-0.04203296586
-0.04295523339
-0.04057158978
-0.04669331427
-0.04606565085
-0.049087228950000006
-0.04790065059
-0.0501766785
-0.054513169380000004
-0.044987875200000006
-0.030175030260000003
-0.02792861874
-0.034030752660000003
-0.02786017437
-0.02117979981
-0.02167035867
-0.01970869221
-0.007377581070000001
0.0024321864330000002
0.00010724066370000001
-0.0002167678422
0.005953633083
0.008484396282
0.010779846030000002
0.01097574192
0.0173227923
0.02254147686
0.02288491515
0.02456211123
0.03814879446
0.04310272674
0.044750728260000004
0.054109242630000005
0.062388853200000004
0.05430536415
0.04905703377
0.048791977380000004
0.05358875346
0.05595296346
0.05015526327000001
0.036087693840000004
0.022559488020000004
0.013112252010000002
0.004204571886
0.0028405894860000004
0.004498201863
0.010687828230000002
0.02896370127
0.06057087381000001
0.10350913590000001
0.15423635160000002
0.1987254864
0.22307429880000001
0.2317559526
0.24004589310000002
0.21966139980000002
0.1845518022
0.1475092422
0.09314274213000001
0.03430195992
-0.01443442419
-0.04988854899
-0.058041355499999996
-0.04432773087
-0.01614435624
0.03560297193
0.08939096649
0.13115253870000002
0.1719819549
0.198832023
0.2041004835
0.204346224
0.1871304588
0.1549732788
0.1108290636
0.057050643600000006
0.006901887303000001
-0.03612567816
-0.06595804512
-0.07034393916000001
-0.06206442669000001
-0.04835053719
-0.02565028548
-0.010729579590000001
0.007850590821
0.025057192500000002
0.03498515775
0.02753938737
0.01285405281
-0.0003014690499
-0.00996404643
-0.02129488092
-0.039198032820000006
-0.048517768260000003
-0.07141399434
-0.09645949332
-0.1056515418
-0.1046022642
-0.1034840223
-0.09633314052000001
-0.08524786014
-0.07309325052
-0.06913971261
-0.06973845615
-0.06883590672
-0.06349947273
-0.05929077672000001
-0.06976820007000001
-0.08464993083000001
-0.09923727330000001
-0.11270630520000001
-0.1232032995
-0.1359073476
-0.13525037190000003
-0.13169925
-0.1247639724
-0.1160823186
-0.10591896240000001
-0.09957199050000001
-0.08876149803000001
-0.08862404031
-0.09554006088
-0.09517719879000001
-0.099572481
-0.100779111
-0.1009653048
-0.09557970309000001
-0.098768061
-0.09787546872
-0.09009604062
-0.09564840252000001
-0.10204479720000001
-0.1032907653
-0.10760706720000002
-0.1080387072
-0.12308724720000001
-0.1378810215
-0.1451306115
-0.1574325477
-0.1651836249
-0.1633398354
-0.1582377525
-0.148575393
-0.13531207680000001
-0.12349141920000001
-0.1059606549
-0.09539575578000001
-0.07204793616
-0.04814119179
-0.034230150720000005
-0.02225235654
-0.01276576281
-0.009361797777
-0.004819446009
-0.002092350375
-0.004838874714000001
-0.009086730282000001
-0.014109183450000002
-0.021584609460000004
-0.017886170790000003
-0.016375646610000003
-0.01728780984
-0.01359946566
-0.01154907756
-0.005820217083
-0.007144339491000001
-0.009518661639
-0.003191073318
0.008109811242
0.00987590358
0.007177887729
0.01847923434
0.03295861776
0.03932552358
0.04952769795
0.06151589073
0.06753915225000001
0.07809503598
0.08068487598000001
0.07898832476999999
0.07719313401
0.0691294023
0.058505260590000004
0.04407496641
0.03067436907
0.020050188120000003
0.01075002363
0.01054403325
0.0168711399
0.03135064104
0.050048167500000004
0.06950170161000001
0.08463838446000001
0.09602804951999999
0.11098808370000002
0.12448733040000001
0.1337773023
0.1455593085
0.16569914040000003
0.1815626952
0.1844275095
0.1833981462
0.17980817670000002
0.1606510125
0.1288670049
0.08750672055000001
0.06344308485000001
0.022054390740000002
-0.005864894766
-0.018892961280000002
-0.01773553824
-0.02742805368
-0.01354745304
0.0355418262
0.06473614095
0.09751167468000001
0.1409502762
0.1653971886
0.1857136986
0.2051779158
0.20053827629999998
0.19839930390000002
0.1936026063
0.1735708806
0.1600529949
0.14881073490000002
0.1254731373
0.1194007473
0.11363295780000002
0.08403592293
0.07132212369
0.07209709407
0.06640755894
0.06665266179
0.06910536780000001
0.06690827115
0.0722351502
0.07602166305000001
0.07545278115000001
0.08700888267
0.1122109983
0.1297905183
0.1453592826
0.1618700031
0.16677568980000002
0.15996735360000003
0.16694265600000002
0.16915039650000002
0.15255256320000002
0.1434291651
0.128185308
0.10697638230000002
0.09011355147000001
0.0726807204
0.054160078050000005
0.0443694528
0.029694507030000004
-0.00127594746
-0.01943367867
-0.02606555259
-0.04575358494000001
-0.07177000905000001
-0.09696137292
-0.11205972810000002
-0.1326503295
-0.1533696381
-0.1620414819
-0.16642782720000002
-0.168419061
-0.1554300324
-0.14940649620000002
-0.1324451043
-0.11589534
-0.11113719570000001
-0.0982465614
-0.09611778159
-0.103445469
-0.1058093847
-0.1133332623
-0.12475210230000001
-0.138986118
-0.141929118
-0.1462157937
-0.1546726023
-0.1548882261
-0.1576638675
-0.1591056432
-0.1645012413
-0.1737520713
-0.1691804151
-0.164216457
-0.15906640319999998
-0.15726146130000002
-0.14900104890000002
-0.1408291227
-0.1372484727
-0.12634966079999999
-0.1188055746
-0.1038256065
-0.08549077536
-0.06889206897
-0.05421547512
-0.04782893949
-0.046788539940000005
-0.04223650374000001
-0.04003856343
-0.04202964027
-0.05541988806
-0.06694645167
-0.07706988117
-0.08596754136000001
-0.09143156421000001
-0.09487480554000001
-0.09538475877
-0.08748775782
-0.07521531048
-0.06889757238
-0.06952477473
-0.06006802302
-0.045519381000000005
-0.040172744610000005
-0.04386081411000001
-0.041810445630000005
-0.032941940759999996
-0.02758551399
-0.031195015200000002
-0.03390259482000001
-0.026172000900000002
-0.022463634510000004
-0.02419954344
-0.027103156290000003
-0.02616105294
-0.02078501598
-0.015212278710000002
-0.02155912308
-0.026493160680000002
-0.018851102010000002
-0.010845563220000002
-0.01315074645
-0.01663293348
-0.009059588955
0.0045179680320000006
0.004292685306
-0.0008669578671
0.001644527799
0.006775643394
0.008129810889
-0.0004828298553
-0.01097944029
-0.010174647509999999
-0.00833019093
-0.01067433948
-0.00979143948
-0.0035715119850000003
0.006434864595000001
0.01802100924
0.02177844525
0.01960105689
0.023201444610000004
0.03844668492
0.04488245694000001
0.03641691744
0.033130842120000004
0.033837731100000004
0.036957566160000004
0.03954772008
0.038115774
0.03842033526
0.033741318420000006
0.03588019272
0.033771395880000006
0.03431895084
0.03549468915
0.03883476852
0.049987531890000006
0.06053494959
0.06722917587
0.0759345993
0.08341325280000002
0.08668540773
0.09542577438000001
0.10050649110000001
0.09766813437
0.09741852873000001
0.1032510348
0.0987105744
0.08918317107
0.08970643647000001
0.09176604597000002
0.08743877649000001
0.07236481878
0.06896167092000001
0.06948379836
0.06084846738000001
0.06206920416
0.06889371705
0.07293031623
0.07815230676
0.09383399397
0.1079208891
0.1139297103
0.1239058917
0.1332377523
0.13865002740000001
0.14009288220000002
0.1325269197
0.1287306459
0.1214000253
0.11093422680000001
0.1070304354
0.09379425366000001
0.08655094206
0.0862107705
0.07332247098
0.057817304910000006
0.049179060360000006
0.035779316490000004
0.02219297661
0.00511250112
-0.006060321738
-0.019311534360000004
-0.029418139710000003
-0.04194495054
-0.051551383230000004
-0.06112007685
-0.06661249965
-0.059936814270000006
-0.057262765230000005
-0.05923018035
-0.06151828437
-0.050771694240000005
-0.04295374227
-0.048707758530000006
-0.05358935187
-0.055808736840000005
-0.04895424459
-0.04555927827
-0.05290691922
-0.061927636050000005
-0.05980722417
-0.051742766520000004
-0.05054354307000001
-0.060571864620000006
-0.06464065041
-0.054040199850000005
-0.047166038550000004
-0.04527045225
-0.047884336560000004
-0.044982185400000006
-0.037185874290000004
-0.03815833959000001
-0.04684884201
-0.05006626695
-0.047585592630000006
-0.049243610160000006
-0.04130601543
-0.03188322594
-0.024611563440000005
-0.014780874150000001
-0.0019416265920000001
0.009336741075
0.014708162430000001
0.013738492980000001
0.011666993760000001
0.015320306430000001
0.0122331681
0.00245753253
-0.0025974378450000003
-0.006831238626000001
-0.011743864920000001
-0.01551151314
-0.027322380360000002
-0.03462823071
-0.03444233121
-0.03393900954
-0.04127967558
-0.040179297690000004
-0.03754475352
-0.03638653587
-0.03303304623
-0.030561014520000002
-0.028865287350000005
-0.02394666126
-0.02032429914
-0.01774019799
-0.01021617324
-0.006358417227
-0.0007046584803
0.00980810667
0.009222801849000001
0.011875613220000001
0.01468934685
0.015325280100000001
0.0144292347
0.006861899781
0.00151332003
0.003658667949
-7.55292501e-05
-0.007131665952
-0.0049187124180000005
-0.003304141416
-0.004812852708000001
-0.00988721451
-0.014423741100000002
-0.02143218168
-0.02304607383
-0.020394980190000002
-0.01594835244
-0.011774413260000002
-0.008046506331
0.004364952633
0.010488959910000002
0.01696998546
0.023934820590000003
0.0316493163
0.03780068661
0.04364074638
0.04834214964
0.04751278281000001
0.045680166900000006
0.04952139012
0.04384977786
0.02974228173
0.019800209699999998
0.015545239920000002
0.01175791284
-0.001240168428
-0.011965757310000002
-0.013615995510000001
-0.01379032902
-0.01613449719
-0.02303303634
-0.027603554580000002
-0.02673616419
-0.024516043470000002
-0.02125194255
-0.015773126220000003
-0.009458192799
-0.002972313261
-0.002903556933
-0.0026652357360000003
0.004570525107000001
0.009167682402000001
0.017762260680000003
0.02309661495
0.027178310700000003
0.03294929826
0.03256467759
0.029046409380000002
0.025701219
0.02330567586
0.02394226638
0.02084099184
0.01314911799
0.01020712842
0.008302561065
0.001656080055
-0.0005438900421
0.002288304144
0.0031639928130000002
0.0019195227000000001
0.00017832755340000002
-0.006275278458
-0.006451524918
-0.006588276318
-0.013318026570000002
-0.01667372346
-0.01604683503
-0.01941499062
-0.02379315438
-0.026411129460000002
-0.027996386220000002
-0.026891387820000005
-0.024501299040000004
-0.02298161232
-0.026510406660000003
-0.02250323748
-0.01724586228
-0.01729574613
-0.0162841095
-0.01708478208
-0.017895970980000002
-0.01459916352
-0.0168911523
-0.01980824409
-0.017896745970000003
-0.01235744118
-0.011890907010000002
-0.013390326269999999
-0.009252803772
-0.0036138293820000005
-0.0031483262430000002
-0.002656534266
-0.004658006763
-0.004435392357
-0.00022785137640000003
-0.0024826402440000003
-0.001571323617
0.003074633523
0.006068363976000001
0.008781119352
0.011751045840000002
0.01488491901
0.015221902320000001
0.017104343220000002
0.02195453475
0.02433840399
0.02409088788
0.024713852310000003
0.02473963299
0.02609368767
0.02581026696
0.02381919012
0.02289835485
0.025557129720000002
0.02820180762
0.02907495648
0.03269342403
0.034898054760000005
0.03642924861
0.03754589148
0.03347994078
0.02952650097
0.026155363140000002
0.019650234420000003
0.014474635380000002
0.01469756763
0.011641330800000002
0.01073578932
0.012772041210000001
0.01291753332
0.017085027330000002
0.01996807842
0.022109061870000002
0.02373219504
0.02645911998
0.02564041662
0.024374975670000004
0.02614473891
0.027268572510000002
0.02690928126
0.02889350091
0.02649787929
0.02533613004
0.026970024780000004
0.025791657390000004
0.027065279880000005
0.029986374150000005
0.029244895110000002
0.02828681127
0.02781896256
0.0247365036
0.02003648355
0.01926455427
0.021377952000000002
0.02126623572
0.018276579360000003
0.016823953800000003
0.018731037420000003
0.01660566168
0.01233405414
0.01081566234
0.006203027808
-2.6101084410000002e-05
-0.002103961491
-0.005232241980000001
-0.005643984357
-0.006299497386
-0.010800201780000001
-0.01305928782
-0.01453066029
-0.01752282801
-0.016979785650000002
-0.01894834854
-0.019629388169999998
-0.018503494470000003
-0.021558966120000002
-0.02458662642
-0.022714230959999998
-0.021925987650000003
-0.02483989119
-0.02327192946
-0.023111349570000002
-0.02749724361
-0.028413654570000002
-0.027491759820000003
-0.03098776914
-0.02958124077
-0.029145931830000003
-0.031613774670000004
-0.029571764310000002
-0.030265900290000005
-0.027777387780000003
-0.022892125500000002
-0.02176400493
-0.022079406240000002
-0.02164816845
-0.02150192097
-0.023425357860000003
-0.021691665990000004
-0.02173195566
-0.02221617726
-0.019774389780000002
-0.0201175632
-0.019910101319999998
-0.01763539776
-0.01358950851
-0.009260715537000001
-0.008867465991
-0.005727519450000001
-0.0029559246750000003
-0.004449650211
-0.0041063590710000005
-0.003698696673
-0.002845688724
-0.0032607890640000002
-0.004010910714
-0.003353363091
-0.002587288419
-0.002785287573
-0.0016923760740000001
-9.701215929e-05
0.0008096902263000001
0.0006017779691999999
0.002276061264
0.0024814090890000005
0.0008193821139
0.0013768128990000001
0.002107356732
0.001138613346
0.0012201118830000002
0.0006524391636000001
-7.662650841000001e-05
0.001138686921
0.0007429556412
-0.0014261258070000001
-0.001589575122
-0.0017428436190000001
-0.002212564077
-0.0019303490160000002
-0.0036045716850000003
-0.004800839382
-0.0046296450720000005
-0.00631768905
-0.007392971979
-0.0066140020620000005
-0.0068100392159999995
-0.007586737137
-0.0072936025650000005
-0.007560595449000001
-0.007621781400000001
-0.006842208168000001
-0.007219097577000001
-0.007019246295000001
-0.006189102513000001
-0.00592741782
-0.005651214327
-0.004826869236000001
-0.003987177381
-0.0036208347030000005
-0.002860658784
-0.0028034331300000005
-0.002951665173
-0.002120909247
-0.001131212682
-0.000837778905
-0.0003124690029
0.00021362844600000003
-3.096944406e-05
0.0001442394711
-0.0002950199559
-0.0005616922491
-0.0004944711861
-0.0008711728317
-0.0008945909694000001
-0.001105466337
-0.001229863023
-0.001195715394
-0.0011557161
-0.0009207975996000001
-0.0004796495514
-0.0002324745351
-8.243200755000001e-05
-4.7063671200000005e-06
0.00022992854580000002
0.0003010315239
0.00031206561570000003
0.0006518148552
0.001455524415
0.001818439479
0.001793466162
0.00184656573
0.0022163772240000002
0.0023449088250000003
0.002400638454
0.002673684108
0.0026349130260000003
0.002740007556
0.002798321139
0.0027676933380000003
0.002830373352
0.0028214011260000002
0.002797736463
0.0024285371130000006
0.0019165777380000001
0.0014596554060000001
0.000989519004
0.00045940023990000004
0.0001646983242
2.0137467690000003e-05
-0.0003562131663
-0.0006573554451
-0.0006790602663
-0.0008152753536
-0.0009963065430000002
-0.0009703974501
-0.0009221529492000002
-0.0008588794302000001
-0.000749370204
-0.0006153013485000001
-0.00044662408830000003
-8.518840173e-05
0.0001235566557
0.0002401450722
0.0006634249902
0.0010459529910000001
0.0011016737910000002
0.001292122188
0.001464854706
0.001551964563
0.001629446886
0.001669499154
0.0016634297070000001
0.0015177257010000002
0.001324152819
0.001288999665
0.0013600583999999998
0.0012650142149999999
0.00120694392
0.001256983749
0.001342941912
0.0014600733120000002
0.001490007546
0.0014988257549999999
0.001540178829
0.001554975252
0.0015200143740000001
0.001487514825
0.001465079355
0.001440448407
0.001340694441
0.001260672309
0.0011981433689999999
0.00115793316
0.001163126574
0.001116681129
0.001097414289
0.001065050118
0.001067588946
0.001117462986
0.001092576978
0.001072542015
0.00107545068
0.001059222978
0.0010212563160000002
0.000991413315
0.0009689467473
0.0009234371763
0.0008657973441000001
0.0008145637362000001
0.0007760416320000001
0.0007389385443000001
0.0007162485048
0.000708332031
0.0006823722204000001
0.0006589746837
0.0006394404231
0.0005918985144
0.0005378070573
0.0004939622433
0.00044932664520000004
0.00040417160760000003
0.0003605847966
0.000319195818
0.0002763837027
0.0002269887831
0.0001732442076
0.00011752429050000001
6.755139513e-05
1.617485553e-05
-3.660013881e-05
-8.380939041e-05
-0.00012768696000000002
-0.0001676624157
-0.0002064578265
-0.0002412477162
-0.0002720964384
-0.00030248340390000007
-0.00033704373960000004
-0.0003746020113
-0.0004118359644
-0.0004494276882
-0.0004866313284
-0.0005230778328
-0.0005582683629
-0.0005925878631
-0.0006274396539
-0.0006623766936
-0.0006967831104000001
-0.0007308023265
-0.0007645436253
-0.0007978377843
-0.0008310820104
-0.0008642330415000001
-0.0008972156349
-0.0009301872411000001
-0.0009630004158000001
-0.0009955825650000002
-0.001027977147
-0.001060244199
-0.001092400398
-0.0011244781170000001
-0.001156478337
-0.0011884000770000002
-0.001220243337
-0.001252008117
-0.001283696379
-0.001315309104
-0.00134684433
-0.001378302057
