0.02 0 0.0698728 0.084502 0.0810066
0.04 0 -0.00844924 0.0273794 0.0274022
0.06 0 -0.016997 0.0062021 0.0330071
0.08 0 0.0852615 0.0963685 0.14263
0.1 0 -0.0148073 0.0236108 0.0567867
0.12 0 -0.120184 -0.0965809 -0.0687539
0.14 0 -0.0320363 -0.0883209 -0.0571395
0.16 0 0.0477739 -0.0307865 -0.0534011
0.18 0 0.0973721 0.101225 -0.0178542
0.2 0 0.0895704 0.167588 0.0299249
0.22 0 0.0476394 0.103458 0.0846482
0.24 0 0.0330348 0.0434981 0.178814
0.26 0 0.039085 0.0974096 0.284315
0.28 0 0.081993 0.256703 0.394
0.3 0 0.0462182 0.261109 0.363502
0.32 0 -0.0157603 0.0894076 0.223369
0.34 0 -0.0569444 -0.106572 0.0318451
0.36 0 -0.0260096 -0.128438 -0.11398
0.38 0 0.0484174 -0.00100759 -0.183569
0.4 0 0.0173792 -0.00942621 -0.288191
0.42 0 -0.0253213 -0.13668 -0.331655
0.44 0 -0.0850576 -0.279138 -0.3279
0.46 0 -0.218197 -0.38757 -0.373796
0.48 0 -0.338325 -0.465793 -0.473313
0.5 0 -0.344695 -0.541766 -0.591408
0.52 0 -0.250036 -0.572013 -0.704333
0.54 0 -0.00971826 -0.333604 -0.634376
0.56 0 0.215652 0.0736254 -0.392836
0.58 0 0.0923322 0.12972 -0.279791
0.6 0 -0.131731 -0.126288 -0.172682
0.62 0 -0.164538 -0.277083 0.0764825
0.64 0 -0.0770024 -0.0936227 0.341167
0.66 0 -0.0886483 0.147306 0.365752
0.68 0 -0.104799 0.154044 0.193083
0.7 0 0.126195 0.120128 0.137905
0.72 0 0.256534 0.101768 0.0528057
0.74 0 0.189048 0.190483 -0.0331619
0.76 0 0.158446 0.335534 0.0730978
0.78 0 0.19998 0.355893 0.332275
0.8 0 0.0512046 0.131744 0.429962
0.82 0 -0.0994534 0.0173694 0.459127
0.84 0 0.10446 0.351116 0.70154
0.86 0 0.265726 0.626722 0.793159
0.88 0 0.284506 0.629704 0.704021
0.9 0 0.413234 0.654995 0.760429
0.92 0 0.448303 0.692376 0.839959
0.94 0 -0.00214948 0.303255 0.494017
0.96 0 -0.240917 -0.0774617 0.220477
0.98 0 0.00398227 -0.0756153 0.240613
1 0 0.0320555 -0.0637773 -0.00581516
1.02 0 -0.016149 0.00544496 -0.291389
1.04 0 0.00335486 -0.0471676 -0.458201
1.06 0 0.00839706 -0.266117 -0.535134
1.08 0 -0.13409 -0.484905 -0.613093
1.1 0 -0.249381 -0.464749 -0.578656
1.12 0 -0.226703 -0.310913 -0.430166
1.14 0 -0.260185 -0.376576 -0.425619
1.16 0 -0.26592 -0.505959 -0.486334
1.18 0 -0.133854 -0.398463 -0.449733
1.2 0 0.0699038 -0.0483674 -0.289173
1.22 0 0.191152 0.251503 -0.0860987
1.24 0 0.00127228 0.0772242 -0.0900308
1.26 0 -0.319731 -0.422658 -0.249797
1.28 0 -0.407372 -0.679547 -0.327134
1.3 0 -0.336229 -0.577502 -0.420543
1.32 0 -0.164087 -0.280344 -0.525849
1.34 0 0.0477244 -0.0735303 -0.580863
1.36 0 0.0594289 -0.19878 -0.683539
1.38 0 -0.0129977 -0.342894 -0.648718
1.4 0 -0.0938348 -0.307097 -0.444094
1.42 0 -0.143628 -0.155839 -0.15544
1.44 0 -0.0585749 0.0509365 0.201626
1.46 0 0.0243689 0.170668 0.44655
1.48 0 0.0996525 0.288811 0.584912
1.5 0 0.170143 0.427583 0.644117
1.52 0 0.346182 0.658309 0.783235
1.54 0 0.444271 0.801907 0.899591
1.56 0 0.418936 0.802517 0.970639
1.58 0 0.336168 0.722243 1.02475
1.6 0 0.339175 0.741316 1.15414
1.62 0 0.232492 0.682094 1.12284
1.64 0 -0.00294076 0.38594 0.810493
1.66 0 -0.0841191 0.0741977 0.436158
1.68 0 0.0270472 -0.0441284 0.106702
1.7 0 0.19877 0.0969785 -0.125423
1.72 0 0.204868 0.181717 -0.340598
1.74 0 0.111298 0.0507306 -0.437645
1.76 0 -0.00369063 -0.204839 -0.377431
1.78 0 -0.262995 -0.498968 -0.376458
1.8 0 -0.459197 -0.607038 -0.397734
1.82 0 -0.361437 -0.458164 -0.337832
1.84 0 -0.126087 -0.257594 -0.313102
1.86 0 -0.0717332 -0.254062 -0.499277
1.88 0 -0.264278 -0.535229 -0.888884
1.9 0 -0.262142 -0.679035 -1.03238
1.92 0 -0.13321 -0.598496 -0.945103
1.94 0 -0.159084 -0.482482 -0.85956
1.96 0 -0.220096 -0.390758 -0.711357
1.98 0 -0.0788216 -0.214189 -0.333707
2 0 0.0818102 0.0166235 0.0970702
2.02 0 -0.193878 -0.101591 0.0795306
2.04 0 -0.201331 -0.0672774 0.17467
2.06 0 0.254065 0.353201 0.586805
2.08 0 0.448614 0.684411 0.773428
2.1 0 0.281596 0.710822 0.696056
2.12 0 -0.0444969 0.277459 0.424476
2.14 0 -0.125987 -0.160063 0.24773
2.16 0 0.0285852 -0.139461 0.2089
2.18 0 -0.0807007 -0.0505147 -0.112962
2.2 0 -0.151028 -0.067482 -0.439824
2.22 0 0.219488 0.0437766 -0.302749
2.24 0 0.416665 0.154835 -0.0844937
2.26 0 0.423887 0.524276 0.31268
2.28 0 0.383062 0.922711 0.893086
2.3 0 0.051418 0.652115 1.13839
2.32 0 -0.0915813 0.258219 1.28424
2.34 0 0.063872 0.329673 1.38043
2.36 0 0.18522 0.670117 1.16995
2.38 0 0.184679 0.720744 0.642042
2.4 0 0.179905 0.283612 0.0282938
2.42 0 0.394844 0.034571 -0.201777
2.44 0 0.453496 0.196212 -0.176345
2.46 0 0.0257709 0.189434 -0.275878
2.48 0 -0.445686 -0.306176 -0.408015
2.5 0 -0.54341 -0.937022 -0.457686
2.52 0 -0.656886 -1.27812 -0.760093
2.54 0 -0.87129 -1.3011 -1.40625
2.56 0 -0.72052 -1.1562 -1.92743
2.58 0 -0.215763 -1.05878 -2.11092
2.6 0 -0.0366522 -1.11639 -2.2261
2.62 0 -0.0266586 -0.830021 -1.92566
2.64 0 0.0562623 -0.209064 -1.04318
2.66 0 -0.159046 -0.0745301 -0.224448
2.68 0 -0.291671 -0.13584 0.571422
2.7 0 -0.272819 -0.032345 1.15437
2.72 0 -0.269693 0.199478 1.22627
2.74 0 0.199983 0.792817 1.29011
2.76 0 0.614205 1.095 1.09372
2.78 0 0.367568 0.566768 0.32105
2.8 0 -0.024904 -0.188418 -0.430494
2.82 0 -0.118859 -0.543936 -0.740309
2.84 0 -0.162494 -0.563958 -0.85025
2.86 0 -0.0670869 -0.245673 -0.661895
2.88 0 0.194257 0.194217 -0.16332
2.9 0 0.218514 0.310908 0.241516
2.92 0 0.0466178 0.222135 0.513897
2.94 0 -0.024231 0.250049 0.792238
2.96 0 0.228978 0.632944 1.20987
2.98 0 0.30182 0.836002 1.27999
3 0 0.215635 0.72329 1.04082
3.02 0 0.616001 0.975334 1.2229
3.04 0 1.25592 1.73406 1.84928
3.06 0 1.29633 2.25736 2.28851
3.08 0 0.5524 1.76112 2.15489
3.1 0 -0.404302 0.372271 1.56389
3.12 0 -0.743462 -0.759595 0.911375
3.14 0 -0.690784 -1.06898 -0.032471
3.16 0 -0.444308 -0.743106 -1.19313
3.18 0 0.260522 -0.145862 -1.85065
3.2 0 0.720967 -0.0786874 -2.10917
3.22 0 0.465972 -0.472444 -2.03438
3.24 0 -0.354317 -0.984667 -1.67919
3.26 0 -1.11734 -1.46711 -1.17331
3.28 0 -1.43342 -1.73862 -0.74036
3.3 0 -1.10492 -1.45733 -0.459586
3.32 0 -0.359019 -0.589762 -0.358203
3.34 0 0.34174 0.316126 -0.441777
3.36 0 0.902307 0.908751 -0.336683
3.38 0 0.926315 0.905751 -0.0691551
3.4 0 0.451315 0.542992 0.35706
3.42 0 -0.4875 -0.242891 0.473821
3.44 0 -1.32406 -1.19273 0.14834
3.46 0 -1.16148 -1.38188 -0.106311
3.48 0 -0.555153 -1.03763 -0.693707
3.5 0 0.21439 -0.216837 -1.25494
3.52 0 0.945039 0.635764 -1.33036
3.54 0 0.987784 0.709613 -1.11262
3.56 0 0.610802 0.401507 -0.342854
3.58 0 0.103728 0.258829 0.837672
3.6 0 -0.411955 0.30192 1.85069
3.62 0 -0.583644 0.448455 2.3982
3.64 0 -0.410886 0.444369 2.19625
3.66 0 0.00563528 0.419979 1.37201
3.68 0 0.547879 0.616999 0.37976
3.7 0 0.712708 0.595208 -0.669794
3.72 0 0.797689 0.494473 -1.0801
3.74 0 0.511746 0.0860549 -1.01414
3.76 0 -0.140413 -0.473832 -0.70257
3.78 0 -0.802178 -0.923219 -0.338966
3.8 0 -0.815064 -0.794763 0.206273
3.82 0 -0.253658 -0.106136 0.728221
3.84 0 -0.0214807 0.264887 0.511917
3.86 0 0.00262301 0.175748 -0.108423
3.88 0 0.219831 -0.00988074 -0.505272
3.9 0 0.575284 0.160836 -0.405721
3.92 0 0.482451 0.401224 -0.201211
3.94 0 -0.0880234 0.186747 -0.129972
3.96 0 -0.516866 -0.410531 -0.0209029
3.98 0 -0.700568 -1.00616 -0.0627845
4 0 -0.952669 -1.38557 -0.658831
4.02 0 -0.913525 -1.32213 -1.44653
4.04 0 -0.56482 -1.23451 -2.21287
4.06 0 -0.0972416 -1.19201 -2.66977
4.08 0 -0.205381 -1.41339 -3.04052
4.1 0 -0.670619 -1.77439 -3.15242
4.12 0 -0.903066 -1.86871 -2.66021
4.14 0 -0.411968 -0.641691 -0.831125
4.16 0 0.551048 1.3218 1.77827
4.18 0 1.51067 2.97147 4.09475
4.2 0 2.32203 4.32391 6.01091
4.22 0 1.98021 4.35912 6.431
4.24 0 1.16229 3.6685 5.95076
4.26 0 1.34687 3.52357 5.84929
4.28 0 2.30867 4.20733 6.11917
4.3 0 3.06795 5.29238 6.26628
4.32 0 3.73819 6.20003 6.56891
4.34 0 3.02878 5.73328 6.33785
4.36 0 1.63601 3.98043 5.71027
4.38 0 -0.851145 -1.4337 1.53041
4.4 0 -1.97971 -3.92173 -2.27917
4.42 0 -1.33841 -2.7296 -4.28871
4.44 0 -1.53475 -2.74135 -6.86129
4.46 0 -2.56823 -5.26122 -9.16971
4.48 0 -3.57735 -8.14584 -10.4849
4.5 0 -4.57354 -9.32328 -11.2949
4.52 0 -5.57364 -9.13076 -11.934
4.54 0 -4.92652 -8.51386 -11.6474
4.56 0 -2.88758 -7.30216 -10.2279
4.58 0 0.339723 -3.0157 -6.34608
4.6 0 0.440289 0.0401042 -3.58768
4.62 0 0.563197 2.09918 0.449633
4.64 0 0.651321 2.16152 4.51137
4.66 0 -1.43616 0.0597353 5.84083
4.68 0 -3.44606 -0.909298 5.26868
4.7 0 -2.4327 0.0221552 4.42775
4.72 0 2.22725 1.49698 3.11284
4.74 0 2.42394 2.91158 -0.193481
4.76 0 2.03832 2.88389 -2.43973
4.78 0 2.71826 1.49542 -2.06344
4.8 0 4.34516 2.08525 1.34018
4.82 0 4.86789 5.20151 5.37357
4.84 0 2.74523 7.68664 8.02361
4.86 0 1.57085 8.08697 10.9673
4.88 0 1.27298 5.36993 12.6729
4.9 0 0.0300857 1.90377 11.3946
4.92 0 -1.65279 0.859522 7.21092
4.94 0 -1.65227 1.23763 2.18389
4.96 0 0.536135 0.67222 -2.45124
4.98 0 3.36364 -0.651164 -5.7294
5 0 3.34632 -1.79798 -8.34225
5.02 0 0.271253 -3.0174 -10.174
5.04 0 -2.79466 -4.79874 -9.63905
5.06 0 -4.83343 -6.52435 -6.66033
5.08 0 -5.88376 -8.08247 -3.96731
5.1 0 -5.66273 -7.72847 -2.91904
5.12 0 -4.16098 -5.34737 -3.68574
5.14 0 -1.09489 -1.32789 -4.03978
5.16 0 2.09288 1.97902 -3.02959
5.18 0 4.3243 3.35751 -0.661158
5.2 0 4.01382 3.1647 1.52587
5.22 0 1.55224 2.5185 3.09071
5.24 0 -1.22985 1.51918 4.2203
5.26 0 -3.90445 -1.34607 3.58288
5.28 0 -3.20001 -2.18915 3.70862
5.3 0 -1.27941 -1.01548 2.96437
5.32 0 0.210835 0.866831 0.691711
5.34 0 2.67598 3.13325 -0.542779
5.36 0 5.9787 5.26711 0.498705
5.38 0 8.62564 7.817 3.71412
5.4 0 6.7392 9.41776 6.75997
5.42 0 1.59249 6.74123 8.14239
5.44 0 -1.20511 2.35711 9.61419
5.46 0 -0.131157 1.49397 12.0703
5.48 0 1.43096 4.68347 12.5182
5.5 0 2.38074 8.46876 10.2784
5.52 0 4.91066 9.73844 8.04103
5.54 0 6.95295 8.14889 6.47976
5.56 0 6.82566 6.5526 5.53215
5.58 0 6.49769 6.01342 5.2248
5.6 0 3.02773 4.97062 3.83215
5.62 0 -1.72742 1.86179 2.11361
5.64 0 -5.03472 -3.64242 0.770288
5.66 0 -3.83865 -9.77769 -1.21438
5.68 0 -6.6248 -8.29931 -3.23706
5.7 0 -7.72406 -4.72022 -4.89604
5.72 0 -6.0215 -3.61051 -6.42915
5.74 0 -1.35294 -5.19066 -6.77851
5.76 0 -1.34777 -7.76006 -6.98017
5.78 0 -1.081 -10.8471 -5.24792
5.8 0 -4.05166 -2.83437 -9.08127
5.82 0 -2.05878 3.9961 -8.97445
5.84 0 4.57843 3.81768 -5.62773
5.86 0 8.33486 -0.274918 -3.43226
5.88 0 4.93747 -1.57748 -4.21393
5.9 0 -3.38935 -1.81281 -7.33765
5.92 0 -7.80581 -3.75203 -7.7143
5.94 0 -6.72519 -8.58561 -5.32126
5.96 0 -4.8356 -11.8737 -3.35848
5.98 0 -6.33266 -10.7375 -4.63747
6 0 -9.03009 -7.53607 -7.99295
6.02 0 -8.23009 -6.61799 -10.4749
6.04 0 -1.81731 -6.24441 -9.35733
6.06 0 5.45844 -2.54477 -6.30419
6.08 0 6.11421 2.06462 -6.52679
6.1 0 3.77135 5.58636 -7.09488
6.12 0 0.0947376 1.68804 -8.33555
6.14 0 -2.8818 -7.13658 -8.99206
6.16 0 -3.86907 -11.5437 -7.10183
6.18 0 -6.63987 -10.6246 -6.30045
6.2 0 -9.04186 -7.1996 -6.09363
6.22 0 -7.48153 -5.05801 -4.66066
6.24 0 -2.91558 -4.88048 -2.56745
6.26 0 0.495608 -4.08959 -1.83319
6.28 0 2.04298 0.200567 -1.62789
6.3 0 2.19286 4.75331 -1.46701
6.32 0 3.37259 6.59436 0.685672
6.34 0 5.29143 2.99996 5.94219
6.36 0 0.936037 -0.391255 6.07512
6.38 0 -3.8836 1.29135 4.07304
6.4 0 -5.19435 0.747758 2.48536
6.42 0 -2.20909 -2.20831 2.16086
6.44 0 1.25067 -3.26779 1.70625
6.46 0 2.20767 -0.0513419 0.0633036
6.48 0 3.35846 6.17299 -0.227654
6.5 0 5.39822 9.18199 0.736441
6.52 0 8.10091 8.31636 3.13029
6.54 0 8.85609 6.87506 5.75945
6.56 0 5.10401 5.88801 6.46716
6.58 0 -1.31376 3.50948 5.29178
6.6 0 -4.10205 0.705074 6.15045
6.62 0 -3.3689 -1.88689 8.22404
6.64 0 -1.90899 -1.78592 9.55414
6.66 0 -1.45348 1.25782 8.97632
6.68 0 -1.2228 4.06589 6.82026
6.7 0 0.55023 4.26688 4.53841
6.72 0 2.93965 2.31462 2.18936
6.74 0 4.74834 1.8682 0.309544
6.76 0 6.11562 5.10945 0.0994762
6.78 0 6.92421 9.04611 1.3232
6.8 0 7.31651 10.1814 3.57339
6.82 0 7.72779 9.24192 7.21171
6.84 0 6.61145 8.06395 10.9156
6.86 0 3.36073 7.49961 13.5475
6.88 0 -0.716262 6.2693 14.777
6.9 0 -2.81229 4.17772 15.7248
6.92 0 -2.45128 2.37391 16.3554
6.94 0 -1.58273 1.98653 15.2564
6.96 0 -1.91168 2.16897 11.1868
6.98 0 -1.5818 2.34105 6.01938
7 0 0.827384 2.12387 1.60963
7.02 0 4.17089 2.07665 -1.74697
7.04 0 7.3762 4.19894 -3.39965
7.06 0 9.12376 7.6371 -3.67013
7.08 0 8.16299 8.66558 -4.18953
7.1 0 6.18499 5.72879 -3.64007
7.12 0 3.71269 1.1573 -1.44107
7.14 0 -0.479681 -3.13348 0.6918
7.16 0 -9.15425 -5.53751 1.37219
7.18 0 -9.54205 -6.79622 1.43418
7.2 0 -6.31406 -5.84713 1.17655
7.22 0 -3.76224 -5.31381 0.28849
7.24 0 -2.62689 -4.28027 -1.61782
7.26 0 -2.05178 -2.58175 -3.82144
7.28 0 -1.43105 -1.96804 -6.18662
7.3 0 -0.218989 -2.7232 -7.93685
7.32 0 1.14544 -3.28372 -8.6836
7.34 0 1.17871 -3.05517 -9.18829
7.36 0 -0.617385 -3.26802 -10.0705
7.38 0 -2.19976 -4.26577 -10.0606
7.4 0 -2.87585 -5.95285 -9.00257
7.42 0 -3.08424 -6.87634 -7.32769
7.44 0 -2.45152 -4.96368 -4.58209
7.46 0 -2.53637 -2.61183 -2.6463
7.48 0 -2.43045 -1.30404 -1.21285
7.5 0 -1.17557 -0.827575 0.491001
7.52 0 -0.272368 -0.900957 1.40601
7.54 0 -0.33695 -0.522553 1.33263
7.56 0 -1.94802 -1.1173 -0.506923
7.58 0 -3.87815 -3.56869 -3.47691
7.6 0 -4.1698 -6.19449 -5.80787
7.62 0 -4.27094 -8.37573 -8.47383
7.64 0 -4.43093 -8.83217 -11.2138
7.66 0 -3.97066 -7.752 -13.2232
7.68 0 -2.68543 -6.63907 -14.2328
7.7 0 -0.164243 -5.11221 -13.329
7.72 0 1.72697 -3.39641 -11.5489
7.74 0 2.07215 -1.53996 -9.37154
7.76 0 1.26195 -0.295294 -6.75631
7.78 0 -0.203296 -0.730958 -4.00372
7.8 0 -1.54621 -2.0763 -1.00862
7.82 0 -2.97888 -3.21492 1.5862
7.84 0 -4.64237 -3.64971 3.12671
7.86 0 -6.09769 -4.1227 3.51673
7.88 0 -6.31572 -4.33271 3.25758
7.9 0 -4.27408 -3.46794 3.42956
7.92 0 -1.48793 -0.401733 2.6661
7.94 0 1.69009 2.96329 1.06218
7.96 0 7.03457 4.87199 -0.526919
7.98 0 6.823 6.07056 -0.724997
8 0 5.37135 5.74766 -0.0085253
8.02 0 3.59507 4.38393 0.627129
8.04 0 2.48732 3.16323 2.15079
8.06 0 1.73695 2.55609 3.91494
8.08 0 0.973409 2.59004 5.6792
8.1 0 0.494459 3.23935 7.38869
8.12 0 0.481033 3.9221 8.82845
8.14 0 0.738469 4.15178 9.61555
8.16 0 1.32968 4.43611 9.90899
8.18 0 1.81426 4.83132 9.48916
8.2 0 2.07245 5.11326 8.4073
8.22 0 2.25014 4.92769 6.92068
8.24 0 2.88759 4.75018 5.79684
8.26 0 3.89035 5.12913 5.35412
8.28 0 4.24062 5.57105 4.95021
8.3 0 3.73724 5.49641 4.4349
8.32 0 2.73802 4.47567 3.93608
8.34 0 1.8406 3.01271 3.81557
8.36 0 0.917651 1.69879 3.81095
8.38 0 -0.30321 0.707192 3.43893
8.4 0 -1.14909 0.245137 3.01221
8.42 0 -1.3115 -0.0638717 2.5423
8.44 0 -0.661296 -0.0425534 2.16959
8.46 0 0.549685 0.762055 2.00834
8.48 0 2.04911 2.50914 2.14944
8.5 0 3.28165 4.33108 2.30561
8.52 0 4.34851 5.53813 2.61849
8.54 0 5.01204 5.84882 3.55266
8.56 0 5.04741 5.71628 4.21547
8.58 0 3.7044 5.15412 4.7801
8.6 0 -0.86981 3.73744 5.1783
8.62 0 -0.708922 0.0356566 5.06065
8.64 0 -3.03941 -4.17496 1.64671
8.66 0 -5.57438 -5.79478 -1.73291
8.68 0 -6.72705 -6.71574 -4.57551
8.7 0 -6.84534 -8.71584 -7.45906
8.72 0 -5.32404 -9.65593 -9.72551
8.74 0 -3.41128 -8.56023 -11.6784
8.76 0 -0.85416 -5.01651 -12.3041
8.78 0 1.72832 -1.36251 -11.7591
8.8 0 2.90964 -0.313672 -11.1077
8.82 0 2.93824 -1.0014 -9.74449
8.84 0 1.48231 -2.20249 -7.92615
8.86 0 -1.25056 -3.34846 -6.0223
8.88 0 -4.01696 -4.48585 -3.97204
8.9 0 -5.76976 -5.75452 -1.89209
8.92 0 -6.43307 -6.74996 -0.351462
8.94 0 -6.42408 -6.77412 0.0765688
8.96 0 -5.68628 -5.59181 -0.542303
8.98 0 -3.61052 -3.4219 -1.39586
9 0 -0.605347 -1.15105 -2.26081
9.02 0 1.96879 0.426726 -3.47449
9.04 0 3.80104 1.81162 -4.34698
9.06 0 3.84258 2.04217 -5.36264
9.08 0 2.25457 0.545003 -6.37604
9.1 0 0.557248 -1.50529 -6.19871
9.12 0 -1.25681 -3.55014 -5.02072
9.14 0 -3.15372 -4.87895 -3.13614
9.16 0 -4.83781 -5.37575 0.385972
9.18 0 -5.98617 -4.02306 3.90703
9.2 0 -5.50813 -1.03836 5.0561
9.22 0 0.779705 0.615882 4.64518
9.24 0 2.61408 3.08431 2.63487
9.26 0 3.20365 4.78611 0.269332
9.28 0 3.86279 3.91419 -1.04593
9.3 0 4.11155 2.05665 -1.67977
9.32 0 3.06729 1.04051 -1.90794
9.34 0 1.01246 0.702549 -1.88844
9.36 0 -0.641129 0.355898 -1.45275
9.38 0 -1.03255 -0.651269 -0.179111
9.4 0 -0.166183 -0.752177 1.99589
9.42 0 0.513719 0.705684 3.97074
9.44 0 0.262475 2.56371 4.91203
9.46 0 0.217211 3.56956 5.4197
9.48 0 1.01859 3.36552 5.95013
9.5 0 1.8691 2.80936 6.1472
9.52 0 1.96831 2.9837 5.72975
9.54 0 1.43288 3.59347 4.81257
9.56 0 1.31029 3.79271 4.10066
9.58 0 2.11056 3.50465 4.07525
9.6 0 2.92161 3.28775 4.2799
9.62 0 3.05541 3.82695 4.43972
9.64 0 2.61334 4.64237 4.56596
9.66 0 2.27461 4.80877 4.93971
9.68 0 2.13801 3.99929 5.45295
9.7 0 1.732 2.89551 5.71971
9.72 0 0.869998 2.30929 5.56741
9.74 0 0.326636 2.56694 5.49184
9.76 0 0.581315 3.06406 5.66499
9.78 0 1.35985 3.31206 5.83619
9.8 0 2.04799 3.4713 5.70109
9.82 0 2.15619 3.64041 5.06915
9.84 0 1.80229 3.52187 4.0496
9.86 0 1.77293 3.21629 3.32853
9.88 0 2.05257 2.79972 2.96841
9.9 0 2.27431 2.63038 2.2791
9.92 0 2.01388 2.28555 1.31034
9.94 0 1.63886 2.26811 -0.853271
9.96 0 1.18567 1.01635 -2.30876
9.98 0 -0.21052 -0.730124 -2.07697
10 0 0.105718 -2.484 -1.235
10.02 0 -1.54602 -3.31389 -1.14446
10.04 0 -4.12344 -3.15285 -2.06519
10.06 0 -5.18585 -3.69976 -2.65172
10.08 0 -4.43729 -5.50105 -2.83473
10.1 0 -3.24352 -6.44521 -3.38558
10.12 0 -3.17276 -5.76902 -5.14917
10.14 0 -3.40526 -4.3915 -7.37541
10.16 0 -2.67948 -4.0776 -9.1181
10.18 0 -0.634057 -4.41799 -9.58898
10.2 0 2.57496 -2.39114 -7.7462
10.22 0 2.43976 -0.704221 -7.28958
10.24 0 0.986281 0.402213 -6.63533
10.26 0 -0.0061182 -0.253223 -4.95057
10.28 0 -0.866709 -2.55492 -2.96847
10.3 0 -2.0995 -4.16923 -1.18319
10.32 0 -4.11922 -4.41719 -0.395784
10.34 0 -5.48334 -3.93311 -0.121334
10.36 0 -5.59425 -4.40548 -0.531207
10.38 0 -4.44575 -5.34565 -1.48326
10.4 0 -3.17201 -5.52106 -3.28798
10.42 0 -2.21169 -4.34558 -5.65252
10.44 0 -1.27225 -2.93622 -7.98799
10.46 0 0.316468 -2.16393 -9.34219
10.48 0 1.92558 -2.06971 -9.66785
10.5 0 2.78984 -1.5282 -8.95155
10.52 0 2.34078 -0.513904 -7.5304
10.54 0 0.932323 -0.0762728 -5.56748
10.56 0 -0.465404 -0.774973 -2.82314
10.58 0 -1.96617 -2.43524 0.63944
10.6 0 -4.16421 -4.68783 4.88143
10.62 0 -7.58238 -4.53732 7.65712
10.64 0 -9.12618 -2.51503 6.90461
10.66 0 -5.26816 -1.20665 4.59851
10.68 0 3.05382 -0.689452 1.65105
10.7 0 5.76536 3.02781 -2.51001
10.72 0 6.71781 6.84626 -5.14399
10.74 0 7.94711 7.37193 -3.72467
10.76 0 8.3992 5.96251 -0.59723
10.78 0 6.1633 5.39983 2.09107
10.8 0 2.49132 5.29157 4.35395
10.82 0 -0.339263 4.12055 7.10906
10.84 0 -1.64572 1.75062 9.97027
10.86 0 -2.59143 -0.263935 11.5927
10.88 0 -3.74607 -0.519739 11.3127
10.9 0 -4.31328 0.336168 9.44855
10.92 0 -2.90407 1.09038 7.07415
10.94 0 0.201572 1.47699 4.61204
10.96 0 3.24587 2.29322 1.84652
10.98 0 5.12688 4.0598 -0.922788
11 0 6.19231 5.95955 -2.72292
11.02 0 6.8828 6.58483 -2.92744
11.04 0 7.05102 5.87354 -1.44652
11.06 0 6.00701 4.98749 1.13885
11.08 0 3.43901 4.38932 4.00307
11.1 0 0.446548 3.74898 6.94339
11.12 0 -1.79182 2.45604 9.71464
11.14 0 -3.05647 0.785675 11.6381
11.16 0 -3.68829 -0.220432 12.0705
11.18 0 -4.11529 -0.423828 10.4303
11.2 0 -3.95398 -0.550391 6.98221
11.22 0 -1.81685 -0.162621 3.22197
11.24 0 1.61639 1.15427 -1.51226
11.26 0 5.75534 4.16388 -8.9414
11.28 0 9.96596 3.57847 -11.5356
11.3 0 10.0595 2.43234 -10.5071
11.32 0 5.05874 2.70209 -7.55498
11.34 0 -2.25258 1.75831 -2.817
11.36 0 -4.06747 -3.78805 4.52502
11.38 0 -6.14448 -7.10471 9.02141
11.4 0 -9.47928 -5.34404 8.06816
11.42 0 -10.9355 -3.28732 3.12918
11.44 0 -7.00714 -5.00891 0.0539942
11.46 0 -0.72973 -6.7336 -2.01669
11.48 0 2.41315 -4.40663 -5.30484
11.5 0 2.68293 1.43654 -8.98365
11.52 0 3.17251 4.75898 -11.0617
11.54 0 5.52317 3.08528 -10.242
11.56 0 6.86927 -0.413566 -7.88603
11.58 0 4.00309 -1.80482 -6.05
11.6 0 -1.66021 -1.30791 -4.63955
11.62 0 -5.79415 -2.11959 -2.27069
11.64 0 -6.69498 -5.48296 0.942905
11.66 0 -6.21696 -8.32798 3.34909
11.68 0 -6.68862 -7.76521 3.28987
11.7 0 -7.35783 -4.79121 1.11812
11.72 0 -5.77594 -2.73343 -1.46862
11.74 0 -1.71559 -2.7472 -3.67232
11.76 0 2.19962 -2.86822 -5.98628
11.78 0 3.63369 -1.32465 -8.78843
11.8 0 3.16938 0.833961 -11.0985
11.82 0 2.80832 1.1837 -11.523
11.84 0 2.98126 -0.698289 -9.83918
11.86 0 2.21572 -2.71529 -7.07737
11.88 0 -0.621484 -3.3709 -4.43941
11.9 0 -4.53524 -3.70822 -1.90885
11.92 0 -7.21536 -5.35958 1.56631
11.94 0 -8.48523 -7.67612 5.78131
11.96 0 -9.33299 -6.45084 6.02413
11.98 0 -7.5948 -3.55645 3.16309
12 0 0.787584 -0.581455 -0.980028
12.02 0 5.31883 3.12493 -4.5801
12.04 0 7.94338 5.5415 -6.08676
12.06 0 8.87288 5.43908 -4.71837
12.08 0 7.19017 4.60596 -2.0888
12.1 0 3.44863 4.68538 -0.318745
12.12 0 0.496984 3.67466 2.03455
12.14 0 -0.8673 1.12665 5.00577
12.16 0 -1.75312 -1.18843 7.48949
12.18 0 -3.10465 -1.40145 8.54663
12.2 0 -4.19734 -0.0346469 8.25082
12.22 0 -3.65048 0.923133 7.22236
12.24 0 -1.25011 0.911995 5.87196
12.26 0 1.51553 1.14942 3.99281
12.28 0 3.53755 2.96632 1.85273
12.3 0 4.87223 5.59893 0.165337
12.32 0 6.03164 7.09083 -0.417153
12.34 0 6.95983 6.8283 0.326584
12.36 0 6.80085 5.92368 2.00125
12.38 0 4.81812 5.23204 3.8435
12.4 0 1.87504 4.59299 5.77015
12.42 0 -0.714727 3.12359 7.70969
12.44 0 -2.03548 1.27273 9.59185
12.46 0 -2.51704 0.187778 10.6904
12.48 0 -2.79425 0.401284 10.3172
12.5 0 -2.43901 1.44785 8.75342
12.52 0 -0.917363 2.30026 6.59804
12.54 0 1.56795 2.82073 4.34152
12.56 0 3.79724 3.4263 1.94907
12.58 0 4.98702 4.35916 -0.350348
12.6 0 5.29769 5.05772 -1.9712
12.62 0 5.35451 4.93552 -2.22646
12.64 0 5.20687 4.35739 -1.01239
12.66 0 4.24369 3.58149 1.09142
12.68 0 2.11529 2.83412 3.29664
12.7 0 -0.432896 1.91051 5.3393
12.72 0 -2.54028 0.529956 7.07099
12.74 0 -6.20323 -1.00237 7.81543
12.76 0 -4.17175 -3.59437 6.36328
12.78 0 -1.84129 -2.03628 0.418895
12.8 0 -0.219666 -1.32849 -3.4436
12.82 0 0.999434 -1.05154 -5.65187
12.84 0 1.62503 -1.07712 -6.73595
12.86 0 1.50338 -1.13222 -7.15835
12.88 0 0.810026 -1.40622 -6.88323
12.9 0 -0.170273 -2.03921 -5.98571
12.92 0 -1.04347 -2.67778 -4.4481
12.94 0 -1.97968 -3.14227 -2.82103
12.96 0 -2.89158 -3.30246 -1.44067
12.98 0 -3.52675 -3.31845 -0.528104
13 0 -3.87561 -3.61783 -0.408456
13.02 0 -3.9411 -4.19147 -1.17815
13.04 0 -3.58888 -4.53021 -2.5472
13.06 0 -2.71033 -4.17604 -4.0856
13.08 0 -1.70392 -3.54817 -5.78392
13.1 0 -0.67913 -3.0009 -7.32131
13.12 0 0.193302 -2.72626 -8.42341
13.14 0 0.656939 -2.65998 -8.94713
13.16 0 0.576753 -2.65105 -8.8136
13.18 0 0.0885581 -2.63558 -7.95345
13.2 0 -0.681892 -2.79492 -6.53944
13.22 0 -1.69999 -3.29812 -4.95736
13.24 0 -2.73276 -3.8886 -3.42751
13.26 0 -3.70178 -4.41446 -2.31978
13.28 0 -4.31042 -4.68243 -1.72567
13.3 0 -4.40352 -4.72877 -1.7318
13.32 0 -3.85846 -4.46364 -2.21905
13.34 0 -2.87858 -3.92848 -3.14495
13.36 0 -1.70083 -3.17656 -4.32918
13.38 0 -0.439726 -2.26583 -5.40138
13.4 0 0.669952 -1.44209 -6.13536
13.42 0 1.23714 -1.04559 -6.53827
13.44 0 1.20542 -1.07438 -6.44617
13.46 0 0.616377 -1.40977 -5.7711
13.48 0 -0.478122 -2.00762 -4.36685
13.5 0 -1.78288 -2.50856 -1.72023
13.52 0 -3.53214 -3.98601 3.45828
13.54 0 -4.51638 -2.25563 5.70127
13.56 0 -3.20348 0.271924 4.78299
13.58 0 -1.65588 1.84853 3.46341
13.6 0 1.65077 1.90298 2.82897
13.62 0 4.63849 2.70026 2.14747
13.64 0 5.52411 4.83061 0.967728
13.66 0 5.05114 6.69685 0.103838
13.68 0 4.97678 6.72498 0.699969
13.7 0 5.20563 5.19342 2.61694
13.72 0 4.34959 3.898 4.8072
13.74 0 2.05412 3.82821 6.62929
13.76 0 -0.388227 3.98829 8.17149
13.78 0 -1.54614 3.1326 9.62677
13.8 0 -1.46083 1.63082 10.5591
13.82 0 -1.11317 1.03407 10.3397
13.84 0 -0.897915 1.96751 8.87701
13.86 0 -0.0688851 3.51924 6.89873
13.88 0 1.74012 4.30124 4.95783
13.9 0 4.05903 4.49778 3.42688
13.92 0 5.69296 5.05645 2.26304
13.94 0 5.68776 5.76855 1.15905
13.96 0 4.67841 5.76615 0.591395
13.98 0 3.60573 4.50072 1.02715
14 0 2.49874 2.55773 2.22058
14.02 0 0.873077 1.05981 3.48293
14.04 0 -1.01972 0.547634 4.51113
14.06 0 -2.22807 0.556375 5.40152
14.08 0 -2.04887 0.647728 6.2707
14.1 0 -0.886671 0.978756 6.78843
14.12 0 0.0864685 1.62612 6.23617
14.14 0 0.71835 2.55547 4.81678
14.16 0 1.49 3.24284 3.17269
14.18 0 2.60882 3.34824 1.72613
14.2 0 3.57359 3.21404 0.175729
14.22 0 3.65746 2.79817 -1.46023
14.24 0 3.42067 2.58879 -3.38103
14.26 0 3.21717 1.41455 -3.8925
14.28 0 1.62925 -0.591374 -2.95306
14.3 0 -3.22511 -1.9402 -1.37103
14.32 0 -3.68867 -3.50192 0.363005
14.34 0 -3.72442 -4.43265 1.09761
14.36 0 -4.28736 -3.87431 0.151602
14.38 0 -4.18847 -3.48798 -0.815236
14.4 0 -3.0083 -3.17485 -1.91173
14.42 0 -1.33296 -2.99882 -2.7482
14.44 0 -0.056486 -2.14076 -3.77175
14.46 0 0.49356 -0.970253 -4.90175
14.48 0 0.600263 -0.537384 -5.82894
14.5 0 0.875966 -0.966974 -5.94686
14.52 0 0.911074 -1.71621 -5.44264
14.54 0 -0.0783989 -2.39468 -4.99654
14.56 0 -1.63057 -2.82367 -4.53587
14.58 0 -2.94983 -3.49679 -3.95778
14.6 0 -3.63015 -4.53728 -3.3681
14.62 0 -3.76483 -5.24575 -2.96904
14.64 0 -3.45158 -4.79003 -2.76752
14.66 0 -2.97779 -3.6573 -3.0152
14.68 0 -2.20607 -2.71522 -3.56816
14.7 0 -1.02343 -2.24719 -4.0817
14.72 0 -0.00800661 -2.07711 -4.62713
14.74 0 0.515105 -1.66178 -5.04762
14.76 0 0.589407 -1.04402 -5.13113
14.78 0 0.258826 -0.976666 -4.95509
14.8 0 -0.474028 -1.88823 -4.71186
14.82 0 -1.56766 -3.36201 -4.5443
14.84 0 -2.71924 -4.48626 -4.36119
14.86 0 -3.5125 -4.80054 -4.0691
14.88 0 -3.63158 -4.51281 -3.65732
14.9 0 -2.85061 -3.69218 -3.00325
14.92 0 -1.76099 -2.72749 -2.41473
14.94 0 -1.07572 -1.90031 -2.15628
14.96 0 -0.546957 -0.89949 -2.12634
14.98 0 0.0341133 -0.327046 -1.13452
15 0 0.946844 0.271284 0.949717
15.02 0 3.087 1.5511 2.87266
15.04 0 0.78119 4.03656 3.32662
15.06 0 -0.351206 4.24345 3.31086
15.08 0 0.651169 1.9899 3.54823
15.1 0 2.24792 0.309875 4.23939
15.12 0 2.18996 1.59733 3.89478
15.14 0 1.25922 4.17639 3.13447
15.16 0 1.47913 5.22172 3.14458
15.18 0 2.92243 3.98769 3.92606
15.2 0 3.81749 2.74767 4.65438
15.22 0 2.92356 3.19623 4.73685
15.24 0 1.14892 4.26762 4.47534
15.26 0 0.362706 4.0195 4.66291
15.28 0 0.958465 2.47462 5.43377
15.3 0 1.36614 1.28985 5.8141
15.32 0 0.599117 1.56715 5.20487
15.34 0 -0.17105 2.70628 4.35809
15.36 0 0.326787 3.15728 3.99151
15.38 0 1.83729 2.73699 4.05895
15.4 0 2.89109 2.57686 3.90329
15.42 0 2.60815 3.17189 3.15747
15.44 0 1.81505 3.75828 2.39303
15.46 0 1.79766 3.57538 2.44457
15.48 0 2.31692 2.74754 3.09118
15.5 0 2.15252 2.07695 3.511
15.52 0 1.12965 2.15074 3.54726
15.54 0 0.327553 2.5076 3.71346
15.56 0 0.289674 2.33969 3.84776
15.58 0 0.671839 1.47786 3.8538
15.6 0 0.738268 0.737586 3.14159
15.62 0 0.151017 1.28623 0.668936
15.64 0 -0.200038 1.00635 -2.02256
15.66 0 -0.729478 -0.799228 -3.30613
15.68 0 1.19748 -3.26183 -3.12476
15.7 0 0.639089 -3.29466 -3.36413
15.72 0 -1.75098 -1.68488 -3.9746
15.74 0 -3.27197 -1.10976 -4.14555
15.76 0 -2.56995 -2.99724 -3.27578
15.78 0 -1.3008 -4.81381 -2.24014
15.8 0 -1.65026 -4.44549 -2.24557
15.82 0 -3.16294 -2.75722 -3.29902
15.84 0 -3.50374 -2.08482 -4.09252
15.86 0 -1.86314 -2.99943 -3.97732
15.88 0 0.051218 -3.61485 -3.62502
15.9 0 0.612884 -2.23244 -3.67535
15.92 0 -0.121593 -0.198091 -4.16701
15.94 0 -0.613761 0.148817 -4.33958
15.96 0 -0.324776 -1.59493 -3.91172
15.98 0 -0.465201 -3.64475 -3.59158
16 0 -1.73185 -4.14335 -3.75831
16.02 0 -3.39081 -3.62906 -4.23507
16.04 0 -3.72319 -3.40801 -4.1742
16.06 0 -2.47064 -3.73855 -3.44708
16.08 0 -1.13204 -3.66174 -2.90274
16.1 0 -0.989758 -2.71851 -3.25764
16.12 0 -1.26846 -1.46644 -3.86268
16.14 0 -0.773156 -0.883515 -3.84119
16.16 0 0.434517 -0.979462 -2.88345
16.18 0 1.07294 -1.00915 -1.79253
16.2 0 0.304196 -0.287976 -1.27381
16.22 0 -1.38048 -0.55295 -0.547171
16.24 0 -2.62857 -2.12863 0.678993
16.26 0 -3.07497 -2.52483 1.87289
16.28 0 -0.492666 -1.99779 1.75972
16.3 0 -0.562105 0.667584 0.275654
16.32 0 -0.231902 2.06923 -0.909047
16.34 0 1.48759 1.50563 -0.739668
16.36 0 3.22564 0.653515 0.0247607
16.38 0 3.59819 2.00137 0.473797
16.4 0 2.72446 4.23139 1.06968
16.42 0 1.88012 4.62337 2.04089
16.44 0 1.84852 3.18508 3.34574
16.46 0 1.61578 1.40122 4.55618
16.48 0 0.302601 0.838271 4.91291
16.5 0 -1.26176 1.34486 4.75512
16.52 0 -1.78066 1.41853 4.52324
16.54 0 -1.06942 0.509219 4.19254
16.56 0 0.269917 0.14438 3.7748
16.58 0 1.68455 1.80313 3.49411
16.6 0 2.90278 4.60196 3.39548
16.62 0 3.73259 6.10197 3.25421
16.64 0 4.57873 5.90693 3.60739
16.66 0 4.13578 4.25443 3.5504
16.68 0 1.92855 2.1745 2.69096
16.7 0 -0.233046 0.976922 2.25811
16.72 0 -1.53782 0.00975716 2.26073
16.74 0 -1.58406 -0.672028 2.69547
16.76 0 -0.631068 -0.232093 3.44377
16.78 0 0.485928 1.40214 4.00347
16.8 0 1.05959 2.90654 3.75016
16.82 0 1.5929 3.4791 3.20295
16.84 0 2.21266 3.05194 2.6462
16.86 0 2.44107 2.31114 1.76828
16.88 0 2.1132 1.96731 1.02505
16.9 0 1.39089 1.7465 0.498006
16.92 0 1.09145 1.62315 0.0282356
16.94 0 1.22309 1.34488 0.43743
16.96 0 1.40833 0.867715 0.77401
16.98 0 -1.67627 0.482992 0.863386
17 0 -1.5736 -1.37457 0.997275
17.02 0 -0.997296 -2.38181 0.225173
17.04 0 -1.25297 -2.17124 -1.08502
17.06 0 -1.61487 -1.59361 -2.05193
17.08 0 -1.43666 -1.27631 -2.46988
17.1 0 -0.72495 -1.69933 -2.6625
17.12 0 -0.323222 -2.2399 -2.79698
17.14 0 -0.739388 -2.25071 -3.21912
17.16 0 -1.39173 -1.98054 -3.67375
17.18 0 -1.60332 -2.14006 -3.82192
17.2 0 -1.50932 -2.92038 -3.84085
17.22 0 -1.66171 -3.72349 -4.11289
17.24 0 -2.00549 -3.77321 -4.47361
17.26 0 -2.00176 -3.10073 -4.52006
17.28 0 -1.55886 -2.53044 -4.302
17.3 0 -0.703646 -2.10156 -3.73587
17.32 0 -0.0773238 -1.65302 -3.16228
17.34 0 -0.0832577 -1.1679 -2.81676
17.36 0 -0.597256 -1.07384 -2.71474
17.38 0 -1.19782 -1.68327 -2.71067
17.4 0 -1.50897 -2.51795 -2.56885
17.42 0 -1.62491 -2.88828 -2.35309
17.44 0 -1.78205 -2.65265 -2.27324
17.46 0 -1.78489 -2.13414 -2.2908
17.48 0 -1.48873 -1.87882 -2.36967
17.5 0 -1.18819 -2.14851 -2.70949
17.52 0 -1.00456 -2.41895 -3.19572
17.54 0 -1.09116 -2.42673 -3.63271
17.56 0 -1.1728 -2.28867 -3.86771
17.58 0 -1.04974 -2.04376 -3.81526
17.6 0 -0.748757 -1.74309 -3.31835
17.62 0 -0.337338 -1.85035 -1.78196
17.64 0 -0.554425 -1.12987 0.100071
17.66 0 0.73074 -0.0619518 1.40807
17.68 0 -0.684851 1.71584 1.62309
17.7 0 -0.965208 1.91517 1.90327
17.72 0 0.692278 1.54531 2.80314
17.74 0 2.58987 1.60998 3.54892
17.76 0 2.70114 2.63074 3.31945
17.78 0 1.44633 3.59179 2.30491
17.8 0 0.817822 3.1266 1.67245
17.82 0 1.49857 1.79433 1.94686
17.84 0 2.33911 1.3076 2.75605
17.86 0 2.24823 2.50493 3.42861
17.88 0 1.31851 3.83806 3.63309
17.9 0 1.05287 3.98137 4.1797
17.92 0 1.62065 2.99539 5.11574
17.94 0 1.84338 2.2064 5.71279
17.96 0 1.17 2.53365 5.64246
17.98 0 0.36319 3.2712 5.25126
18 0 0.471039 3.31926 5.07905
18.02 0 1.33641 2.65872 5.05382
18.04 0 1.89877 2.25391 4.68237
18.06 0 1.48943 2.41915 3.63113
18.08 0 0.847174 2.59982 2.38221
18.1 0 1.04882 2.34587 1.78311
18.12 0 1.93844 1.96175 1.90097
18.14 0 2.44768 2.09617 1.93498
18.16 0 2.11901 2.63824 1.74898
18.18 0 1.58177 2.94875 1.80239
18.2 0 1.32221 2.32282 2.27391
18.22 0 1.16975 1.3473 2.47498
18.24 0 0.338794 0.904327 2.04216
18.26 0 -1.09224 0.260629 0.958156
18.28 0 -3.122 -0.963838 -0.335596
18.3 0 -1.09911 -3.45508 -1.48184
18.32 0 -0.52745 -3.91853 -2.99604
18.34 0 -1.36319 -2.99838 -4.68031
18.36 0 -2.06068 -1.977 -5.53507
18.38 0 -1.25315 -1.90317 -5.18236
18.4 0 0.154142 -2.46381 -4.09458
18.42 0 0.165678 -2.70372 -3.56648
18.44 0 -1.14702 -2.08472 -3.54714
18.46 0 -2.30973 -1.75579 -3.43045
18.48 0 -2.41461 -2.62905 -2.92927
18.5 0 -2.05805 -3.92934 -2.50319
18.52 0 -2.20934 -4.27949 -2.69985
18.54 0 -2.6662 -3.42658 -3.32795
18.56 0 -2.47356 -2.45409 -3.79527
18.58 0 -1.20698 -2.06466 -3.72293
18.6 0 0.0843231 -2.05973 -3.61278
18.62 0 0.592562 -1.5381 -3.65203
18.64 0 0.322807 -0.627218 -3.71975
18.66 0 -0.0180471 -0.230951 -3.43221
18.68 0 -0.11922 -0.788679 -2.56696
18.7 0 -0.42123 -1.81911 -1.54378
18.72 0 -1.20462 -2.10841 -0.791036
18.74 0 -2.03875 -1.58921 -0.206985
18.76 0 -2.39679 -1.36183 0.684327
18.78 0 -2.08738 -1.46307 1.07645
18.8 0 -1.40217 -1.53564 0.828906
18.82 0 -0.815148 -0.959826 -0.13346
18.84 0 0.221288 0.145234 -1.34751
18.86 0 3.20651 0.865905 -1.89473
18.88 0 3.11146 2.47627 -1.79212
18.9 0 1.79386 3.12009 -0.448301
18.92 0 1.01557 1.706 1.81495
18.94 0 -0.0340348 0.036754 3.10764
18.96 0 -1.38445 -0.214612 3.14221
18.98 0 -1.84808 0.101013 2.93907
19 0 -1.16763 0.308783 2.76121
19.02 0 0.215094 0.506946 2.49768
19.04 0 1.60035 1.46068 2.15942
19.06 0 2.45949 3.01752 1.7332
19.08 0 2.99323 4.17283 1.56243
19.1 0 3.53084 4.39338 2.04759
19.12 0 3.66535 3.97475 2.97384
19.14 0 2.96588 3.61548 3.96729
19.16 0 1.59498 3.40561 4.78386
19.18 0 0.430146 3.06496 5.56574
19.2 0 -0.211179 2.16846 6.14282
19.22 0 -0.460698 1.21708 6.24885
19.24 0 -0.738936 0.715515 5.46331
19.26 0 -1.07223 0.583697 3.67286
19.28 0 -0.604146 0.63163 1.76795
19.3 0 0.934492 1.14671 -0.555349
19.32 0 2.8406 1.83112 -2.83293
19.34 0 4.13796 1.70812 -4.16003
19.36 0 3.86867 0.97405 -3.98895
19.38 0 0.957322 0.591481 -2.57307
19.4 0 -2.98324 -0.568598 -0.176547
19.42 0 -3.02472 -3.53792 2.16439
19.44 0 -3.37743 -4.28003 2.4092
19.46 0 -3.79477 -2.53148 0.594786
19.48 0 -3.14663 -1.13025 -1.50748
19.5 0 -0.706903 -1.54146 -2.70749
19.52 0 1.54005 -2.12935 -3.15405
19.54 0 1.70845 -1.18028 -4.18045
19.56 0 0.268335 -0.0580078 -5.49395
19.58 0 -0.562445 -0.513706 -5.7235
19.6 0 -0.166339 -2.22172 -4.4939
19.62 0 -0.391574 -3.59451 -3.25202
19.64 0 -2.35712 -3.92161 -3.13683
19.66 0 -4.199 -3.55992 -3.23085
19.68 0 -4.49233 -3.95428 -3.06599
19.7 0 -2.92801 -4.3486 -2.12742
19.72 0 -0.552364 -2.57296 -0.846048
19.74 0 0.46069 0.213762 -0.739864
19.76 0 1.02146 2.21665 -0.906277
19.78 0 1.80888 2.19881 -0.47953
19.8 0 1.68846 0.472037 -0.216402
19.82 0 0.133215 -0.939837 -0.0520358
19.84 0 -0.782565 -0.687272 0.480693
19.86 0 -0.708853 0.42264 1.29753
19.88 0 0.440437 1.35149 2.20706
19.9 0 0.83041 1.62855 2.39772
19.92 0 0.114267 1.24147 1.7704
19.94 0 -0.140714 0.646857 1.29972
19.96 0 0.0184513 -0.0778002 0.794633
19.98 0 0.209235 -0.182632 0.271041
20 0 0.337501 0.331699 -0.195327
20.02 0 0.851533 1.16038 -0.057545
20.04 0 1.86069 2.08181 0.969738
20.06 0 2.41295 2.61672 2.11949
20.08 0 2.1116 2.89048 2.99402
20.1 0 1.6903 3.33996 3.92671
20.12 0 0.841794 2.7736 4.24332
20.14 0 -0.684199 0.667419 3.37375
20.16 0 -1.59835 -1.08642 2.37122
20.18 0 -1.74796 -1.63593 1.31702
20.2 0 -1.4236 -1.1239 -0.195088
20.22 0 0.403291 0.69294 -0.862426
20.24 0 3.15468 2.81193 -0.367323
20.26 0 4.88951 3.98025 0.401037
20.28 0 4.72177 4.44521 1.53834
20.3 0 2.99662 4.14086 2.97343
20.32 0 -0.12165 2.19946 4.02352
20.34 0 -4.63125 -0.993183 3.91232
20.36 0 -4.88053 -4.38481 3.58101
20.38 0 -3.17095 -4.895 1.54351
20.4 0 -1.69658 -2.04793 -2.30008
20.42 0 0.416384 0.73706 -4.78801
20.44 0 2.89252 0.812444 -5.31301
20.46 0 3.82725 -0.0363243 -5.33884
20.48 0 2.42452 -0.335661 -5.20515
20.5 0 0.288634 -0.0357666 -4.10798
20.52 0 -0.895768 -0.263076 -1.51379
20.54 0 -1.43024 -1.77708 1.7841
20.56 0 -2.72669 -2.70823 3.60703
20.58 0 -4.42437 -2.1983 3.23198
20.6 0 -4.5711 -1.47826 1.72218
20.62 0 -2.24959 -1.60246 0.43445
20.64 0 0.518103 -1.7871 -1.06593
20.66 0 1.75402 -0.91173 -2.77995
20.68 0 1.3106 0.453285 -4.9431
20.7 0 0.804194 0.494438 -6.2617
20.72 0 1.25269 -0.844402 -5.85479
20.74 0 1.44076 -2.05082 -4.45857
20.76 0 -0.0270563 -2.17539 -3.32337
20.78 0 -2.64348 -2.25066 -2.24321
20.8 0 -4.26018 -3.24293 -0.649591
20.82 0 -4.56317 -4.39353 0.943969
20.84 0 -3.85027 -3.8999 1.30971
20.86 0 -2.41052 -1.53278 0.41642
20.88 0 1.16249 0.814481 -0.88707
20.9 0 4.82488 2.62578 -1.8428
20.92 0 4.50398 4.43182 -1.97925
20.94 0 3.40155 4.02139 -0.413554
20.96 0 2.14854 2.05058 2.43478
20.98 0 0.282067 0.808679 4.24065
21 0 -2.08667 0.585621 4.51167
21.02 0 -2.78786 0.271399 4.61573
21.04 0 -1.48124 0.000882094 4.89283
21.06 0 0.308106 0.557155 4.61512
21.08 0 1.31552 2.07964 3.31979
21.1 0 1.87406 3.61283 1.31247
21.12 0 2.93713 3.8569 -0.0397542
21.14 0 4.11872 2.85612 -0.153555
21.16 0 3.91993 2.07212 0.20745
21.18 0 2.00462 1.98981 0.573905
21.2 0 -0.242538 1.67141 1.29663
21.22 0 -1.34656 0.479434 2.6075
21.24 0 -1.35706 -0.71929 3.82279
21.26 0 -1.29724 -0.845488 4.05148
21.28 0 -1.51286 0.067595 2.91872
21.3 0 -1.03291 0.941373 1.02869
21.32 0 0.829268 0.864303 -0.79041
21.34 0 2.50241 0.360432 -2.02296
21.36 0 2.27342 0.569541 -2.75119
21.38 0 1.0532 0.881175 -2.41674
21.4 0 0.602697 0.282472 -1.08862
21.42 0 -0.0621485 -0.940686 0.0550394
21.44 0 -2.16563 -2.35409 -0.283989
21.46 0 -3.87585 -3.16804 -1.1272
21.48 0 -3.54907 -3.26246 -1.45729
21.5 0 -1.50911 -2.43502 -1.17719
21.52 0 0.18091 -1.09919 -1.50231
21.54 0 0.32267 -0.565297 -2.75353
21.56 0 -0.244379 -0.94514 -4.14657
21.58 0 -0.300367 -1.65752 -4.6078
21.6 0 0.0664351 -2.01447 -4.07637
21.62 0 -0.147295 -1.87866 -3.3636
21.64 0 -1.04643 -1.73819 -2.64087
21.66 0 -2.03033 -2.13783 -1.90855
21.68 0 -2.27737 -2.49254 -0.964982
21.7 0 -1.94135 -2.2273 0.103334
21.72 0 -1.45962 -1.13252 0.47576
21.74 0 -1.02143 -0.217367 -0.0950787
21.76 0 0.799771 -0.469761 -1.10791
21.78 0 1.80235 -0.194285 -2.14241
21.8 0 1.21763 1.13432 -2.38887
21.82 0 0.606828 1.70666 -1.1326
21.84 0 1.00269 0.966044 1.45065
21.86 0 1.17044 0.800235 3.3395
21.88 0 0.237224 1.62671 4.07995
21.9 0 -0.539418 2.55753 4.11783
21.92 0 0.00893234 2.36548 4.34748
21.94 0 1.00347 1.46209 4.26133
21.96 0 1.10325 0.996468 3.24667
21.98 0 0.683813 1.53257 1.83503
22 0 0.773605 2.28182 0.740872
22.02 0 1.90217 2.37851 0.639457
22.04 0 2.99564 2.10552 1.16036
22.06 0 2.52895 1.92342 1.24703
22.08 0 1.1195 2.02312 1.26081
22.1 0 0.231174 1.92131 1.97162
22.12 0 0.151493 1.26402 3.10475
22.14 0 0.132532 0.655794 3.77907
22.16 0 -0.368079 0.6338 3.40958
22.18 0 -1.03366 0.529361 2.17247
22.2 0 -1.32798 0.0211423 0.262413
22.22 0 -0.449295 -0.971814 -1.28149
22.24 0 0.594116 -1.48852 -2.4993
22.26 0 0.645567 -1.15146 -3.56865
22.28 0 -0.0272456 -0.96262 -4.10744
22.3 0 -0.217819 -1.34343 -3.76881
22.32 0 -0.262141 -1.7516 -2.82312
22.34 0 -0.482059 -1.51569 -1.57094
22.36 0 -0.920185 -0.815118 -0.410414
22.38 0 -1.32536 -0.494778 0.421858
22.4 0 -1.49099 -0.889554 0.729541
22.42 0 -1.63345 -1.67074 0.203312
22.44 0 -1.49546 -1.9137 -0.713148
22.46 0 -0.839249 -1.2978 -1.4949
22.48 0 0.105006 -0.421688 -2.01991
22.5 0 0.733011 -0.144974 -2.43996
22.52 0 0.685374 -0.531527 -2.81145
22.54 0 0.28648 -0.912066 -2.72065
22.56 0 -0.317688 -1.15008 -2.17458
22.58 0 -1.02547 -1.37892 -1.48106
22.6 0 -1.62355 -1.70257 -0.665034
22.62 0 -2.022 -1.92584 -0.121129
22.64 0 -1.96966 -1.64647 -0.0704153
22.66 0 -1.09945 -1.0711 -0.308554
22.68 0 0.974687 -0.320497 -0.652315
22.7 0 2.1177 0.953805 -1.22488
22.72 0 1.68041 2.13033 -1.4271
22.74 0 1.17082 1.97266 -0.418276
22.76 0 0.817095 0.870434 1.55374
22.78 0 0.122426 0.196786 2.98948
22.8 0 -0.949125 0.312451 3.28483
22.82 0 -1.43107 0.750929 3.13507
22.84 0 -0.72709 0.871973 2.87961
22.86 0 0.654339 0.937585 2.44618
22.88 0 1.73313 1.52077 1.65335
22.9 0 2.04354 2.33706 0.599807
22.92 0 2.0595 2.61118 -0.0703556
22.94 0 2.17165 2.03687 0.228781
22.96 0 1.90249 1.32832 1.06275
22.98 0 0.878166 1.15777 1.76446
23 0 -0.381563 1.08996 2.25331
23.02 0 -1.03384 0.605543 2.64705
23.04 0 -0.92536 -0.160889 2.81341
23.06 0 -0.843127 -0.340586 2.25492
23.08 0 -0.429156 0.201268 0.92276
23.1 0 0.371303 0.662293 -0.50701
23.12 0 1.1609 0.571866 -1.52657
23.14 0 1.33187 0.152697 -2.00851
23.16 0 0.585318 -0.336542 -2.07261
23.18 0 -0.379373 -0.971764 -1.76693
23.2 0 -0.97364 -1.7296 -1.36014
23.22 0 -1.51724 -2.07253 -1.18906
23.24 0 -1.93213 -1.95142 -1.33262
23.26 0 -1.78338 -1.78814 -1.5503
23.28 0 -1.03849 -1.6578 -1.65793
23.3 0 -0.362841 -1.44499 -1.85181
23.32 0 -0.149618 -1.05812 -2.21567
23.34 0 -0.200958 -0.755662 -2.48222
23.36 0 -0.193792 -0.760355 -2.32886
23.38 0 -0.161656 -0.99704 -1.70703
23.4 0 -0.33691 -1.04431 -0.878074
23.42 0 -0.509106 -0.69988 -0.180952
23.44 0 -0.547624 -0.140483 0.344878
23.46 0 -0.258274 0.214553 0.706085
23.48 0 0.305037 0.319466 0.84019
23.5 0 0.588766 0.589989 0.731774
23.52 0 0.534583 0.975256 0.566215
23.54 0 0.459978 1.08029 0.627969
23.56 0 0.606423 0.842262 0.986534
23.58 0 0.602479 0.703228 1.36558
23.6 0 0.343931 0.85682 1.54465
23.62 0 0.067832 1.02604 1.56584
23.64 0 0.150428 0.92646 1.5778
23.66 0 0.429755 0.691814 1.48069
23.68 0 0.577351 0.673418 1.14908
23.7 0 0.561862 0.872861 0.699313
23.72 0 0.572786 0.930819 0.376796
23.74 0 0.615011 0.68159 0.282292
23.76 0 0.346578 0.279856 0.239409
23.78 0 -0.0841853 0.0044392 0.236501
23.8 0 -0.331969 -0.0977641 0.312623
23.82 0 -0.304346 -0.0673615 0.434823
23.84 0 -0.19975 -0.0730732 0.374738
23.86 0 -0.138267 -0.161778 0.0441216
23.88 0 -0.0978061 -0.233044 -0.39694
23.9 0 0.0663905 -0.167307 -0.658347
23.92 0 0.290254 0.01367 -0.632289
23.94 0 0.306035 0.108478 -0.473312
23.96 0 0.16949 0.0898726 -0.203146
23.98 0 -0.00796405 -0.0172121 0.100157
24 0 -0.281732 -0.169654 0.266355
24.02 0 -0.588652 -0.45821 0.119648
24.04 0 -0.771218 -0.808472 -0.305713
24.06 0 -0.595319 -0.884163 -0.716056
24.08 0 -0.183292 -0.629455 -1.01372
24.1 0 0.119495 -0.337531 -1.2608
24.12 0 0.123563 -0.324767 -1.44744
24.14 0 -0.191163 -0.719424 -1.57526
24.16 0 -0.565678 -1.17751 -1.50717
24.18 0 -0.862391 -1.39905 -1.31337
24.2 0 -1.07502 -1.44213 -1.22524
24.22 0 -1.0499 -1.39913 -1.26954
24.24 0 -0.645314 -1.15799 -1.27183
24.26 0 0.222628 -0.481705 -0.998166
24.28 0 0.772041 0.47642 -0.581423
24.3 0 0.754254 1.07135 -0.0816821
24.32 0 0.455897 0.97578 0.623531
24.34 0 0.147715 0.42757 1.36394
24.36 0 -0.232999 0.127423 1.81295
24.38 0 -0.507122 0.360364 1.87394
24.4 0 -0.563553 0.607277 1.59071
24.42 0 -0.0520235 0.528739 1.22306
24.44 0 0.695557 0.50553 0.809673
24.46 0 1.19875 0.882635 0.362794
24.48 0 1.40376 1.52694 0.159587
24.5 0 1.41668 1.77167 0.38017
24.52 0 1.27214 1.45669 0.983611
24.54 0 0.833305 1.02423 1.63816
24.56 0 0.225813 0.916293 2.12996
24.58 0 -0.245456 0.907515 2.39411
24.6 0 -0.411428 0.730365 2.364
24.62 0 -0.319889 0.555443 2.00894
24.64 0 0.17824 0.569874 1.39646
24.66 0 0.758762 0.832501 0.694152
24.68 0 0.858323 1.02456 -0.0362358
24.7 0 0.591329 0.631428 -0.610462
24.72 0 0.187524 -0.257338 -0.895905
24.74 0 -0.151782 -1.00426 -0.94876
24.76 0 -0.412166 -1.19598 -1.02982
24.78 0 -0.737151 -1.02435 -1.3001
24.8 0 -0.958647 -0.913188 -1.51416
24.82 0 -0.825304 -1.16599 -1.49613
24.84 0 -0.523535 -1.38628 -1.31321
24.86 0 -0.385282 -1.13765 -1.2019
24.88 0 -0.545429 -0.733426 -1.29314
24.9 0 -0.725448 -0.746504 -1.44641
24.92 0 -0.737965 -1.23563 -1.53326
24.94 0 -0.690269 -1.63144 -1.57481
24.96 0 -0.754108 -1.52167 -1.65851
24.98 0 -0.774395 -1.07268 -1.67313
25 0 -0.615258 -0.824824 -1.55678
25.02 0 -0.349651 -0.871186 -1.26438
25.04 0 -0.309118 -0.908031 -1.00777
25.06 0 -0.569618 -0.842055 -0.928667
25.08 0 -0.431442 -0.752495 -0.836385
25.1 0 -0.0064015 -0.492535 -0.655792
25.12 0 0.514683 0.0256388 -0.412365
25.14 0 0.552801 0.630882 -0.168811
25.16 0 0.301822 0.859987 0.237228
25.18 0 0.206284 0.626494 0.91965
25.2 0 0.165694 0.48379 1.67626
25.22 0 -0.0948921 0.728572 2.07093
25.24 0 -0.0817004 0.993289 2.13845
25.26 0 0.324202 1.085 2.09235
25.28 0 0.864852 1.27273 1.94507
25.3 0 1.16071 1.54822 1.59601
25.32 0 1.17114 1.6863 1.16325
25.34 0 1.10235 1.52445 0.893419
25.36 0 1.0184 1.14277 0.899474
25.38 0 0.818003 0.889838 1.07052
25.4 0 0.505982 0.917081 1.29901
25.42 0 0.30464 1.06508 1.59041
25.44 0 0.257304 0.977205 1.78929
25.46 0 0.371664 0.849292 1.84367
25.48 0 0.406724 1.00298 1.73395
25.5 0 0.221481 1.20653 1.48904
25.52 0 0.238367 1.0245 1.29108
25.54 0 0.285757 0.493992 1.02107
25.56 0 0.105586 -0.117093 0.390045
25.58 0 -0.245877 -0.567019 -0.576518
25.6 0 -0.24534 -0.833069 -1.4829
25.62 0 -0.153296 -1.04338 -2.11681
25.64 0 -0.387723 -1.15313 -2.48167
25.66 0 -0.617179 -1.37686 -2.56188
25.68 0 -0.797483 -1.67953 -2.38974
25.7 0 -0.98175 -1.85422 -2.10688
25.72 0 -1.21977 -1.83286 -1.88147
25.74 0 -1.38058 -1.75254 -1.75157
25.76 0 -1.28691 -1.68451 -1.6422
25.78 0 -0.973172 -1.56146 -1.55287
25.8 0 -0.748747 -1.4083 -1.65689
25.82 0 -0.63926 -1.2258 -1.86667
25.84 0 -0.447277 -1.01023 -1.91006
25.86 0 -0.231189 -0.877593 -1.76657
25.88 0 -0.238629 -0.754897 -1.43848
25.9 0 -0.3668 -0.744112 -1.0123
25.92 0 -0.124067 -0.762696 -0.60081
25.94 0 0.015154 -0.403595 -0.32715
25.96 0 0.116375 0.220023 -0.0949598
25.98 0 0.176896 0.722332 0.300478
26 0 0.373318 0.867492 0.952795
26.02 0 0.306716 0.907359 1.65188
26.04 0 0.249706 0.995737 2.12395
26.06 0 0.353948 1.03694 2.26395
26.08 0 0.433604 1.17283 2.12121
26.1 0 0.58569 1.33588 1.84114
26.12 0 0.835036 1.41149 1.55657
26.14 0 1.10499 1.42734 1.35769
26.16 0 1.26606 1.51193 1.28728
26.18 0 1.26008 1.65345 1.36303
26.2 0 1.08395 1.6637 1.53709
26.22 0 0.913161 1.55911 1.86524
26.24 0 0.725726 1.39864 2.19935
26.26 0 0.498459 1.28245 2.38697
26.28 0 0.237344 1.1446 2.29639
26.3 0 0.139445 0.85843 1.94854
26.32 0 0.220727 0.66889 1.3023
26.34 0 -0.0189097 0.589473 0.54754
26.36 0 -0.0336886 0.231152 -0.0480843
26.38 0 0.00847442 -0.291863 -0.456897
26.4 0 -0.0034234 -0.682471 -0.839876
26.42 0 -0.266463 -0.947126 -1.41723
26.44 0 -0.513059 -1.20929 -2.0329
26.46 0 -0.604613 -1.52544 -2.44373
26.48 0 -0.783985 -1.66167 -2.57959
26.5 0 -0.880774 -1.64031 -2.44415
26.52 0 -0.797088 -1.49665 -2.04395
26.54 0 -0.683402 -1.28595 -1.56632
26.56 0 -0.689906 -1.08825 -1.20468
26.58 0 -0.768542 -0.979812 -0.99425
26.6 0 -0.818911 -1.01131 -0.917025
26.62 0 -0.791518 -1.11265 -0.934972
26.64 0 -0.668785 -1.05144 -0.975509
26.66 0 -0.499165 -0.840193 -1.04576
26.68 0 -0.305529 -0.553825 -1.08108
26.7 0 -0.0737878 -0.347585 -0.970131
26.72 0 0.140407 -0.299978 -0.763363
26.74 0 0.330273 -0.311492 -0.594812
26.76 0 0.0806122 -0.132891 -0.515373
26.78 0 -0.110981 -0.00156427 -0.342377
26.8 0 -0.154996 -0.0947129 -0.0667255
26.82 0 -0.140484 -0.275469 0.153161
26.84 0 -0.28788 -0.245996 0.200142
26.86 0 -0.288994 0.0354125 0.265439
26.88 0 -0.0772233 0.372074 0.478441
26.9 0 0.291788 0.744688 0.942948
26.92 0 0.84759 1.09629 1.49858
26.94 0 1.1494 1.45769 1.86497
26.96 0 1.06465 1.80552 1.91441
26.98 0 0.826238 1.78091 1.85399
27 0 0.676815 1.35538 1.82698
27.02 0 0.575271 0.906275 1.78735
27.04 0 0.412328 0.791942 1.63484
27.06 0 0.245537 0.899877 1.37162
27.08 0 0.287682 0.928421 1.12024
27.1 0 0.585595 0.851966 0.909607
27.12 0 0.844862 0.729849 0.716315
27.14 0 0.85179 0.820764 0.544592
27.16 0 0.666269 0.987539 0.518989
27.18 0 0.0889783 0.944811 0.701836
27.2 0 -0.211708 0.38152 1.07349
27.22 0 -0.470389 -0.303864 1.21436
27.24 0 -0.642836 -0.610591 0.850664
27.26 0 -0.571019 -0.502794 0.0370373
27.28 0 -0.255858 -0.30454 -0.885009
27.3 0 0.24928 -0.334516 -1.59554
27.32 0 0.655577 -0.605494 -1.98647
27.34 0 0.439056 -0.662811 -2.1524
27.36 0 -0.159258 -0.556905 -2.05795
27.38 0 -0.646001 -0.791161 -1.60193
27.4 0 -0.938023 -1.36539 -0.993908
27.42 0 -1.2826 -1.83382 -0.616613
27.44 0 -1.73001 -1.86711 -0.755949
27.46 0 -1.86502 -1.70244 -1.20183
27.48 0 -1.33671 -1.60447 -1.5728
27.5 0 -0.520817 -1.50743 -1.90611
27.52 0 0.0615408 -1.12152 -2.26396
27.54 0 0.222246 -0.598912 -2.54032
27.56 0 0.147919 -0.327984 -2.47803
27.58 0 0.157805 -0.568493 -1.80554
27.6 0 0.131839 -0.915972 -0.773015
27.62 0 -0.414538 -0.618362 0.0582079
27.64 0 -0.779037 -0.0470116 0.666937
27.66 0 -0.52586 0.259516 1.14392
27.68 0 0.0641356 0.339544 1.37412
27.7 0 0.317368 0.573664 1.18845
27.72 0 0.165884 0.955396 0.850108
27.74 0 0.305421 1.01726 0.794265
27.76 0 0.836611 0.789288 1.04842
27.78 0 1.11507 0.878794 1.25173
27.8 0 0.998725 1.43683 1.28535
27.82 0 0.916354 1.94997 1.51959
27.84 0 1.11351 1.97595 2.05752
27.86 0 1.28581 1.74622 2.62963
27.88 0 1.03201 1.66485 2.86237
27.9 0 0.551915 1.77086 2.79271
27.92 0 0.220886 1.5881 2.52902
27.94 0 0.201324 1.00234 2.1339
27.96 0 0.454155 0.461538 1.51143
27.98 0 0.530161 0.506272 0.57119
28 0 0.10162 0.719315 -0.324621
28.02 0 0.027126 0.279451 -0.734681
28.04 0 0.0318216 -0.552721 -0.721598
28.06 0 -0.193693 -1.07435 -0.726214
28.08 0 -0.606542 -1.05943 -0.975637
28.1 0 -0.931236 -0.935168 -1.33934
28.12 0 -0.650244 -1.17187 -1.60346
28.14 0 -0.353858 -1.37599 -1.80085
28.16 0 -0.411437 -1.30417 -2.03006
28.18 0 -0.734138 -1.20355 -2.24328
28.2 0 -0.895754 -1.32925 -2.20274
28.22 0 -0.811119 -1.58976 -1.89799
28.24 0 -0.823807 -1.71693 -1.60817
28.26 0 -1.08635 -1.56979 -1.56052
28.28 0 -1.25647 -1.33248 -1.57203
28.3 0 -0.985197 -1.22302 -1.41181
28.32 0 -0.28056 -1.11612 -1.14918
28.34 0 0.396157 -0.678715 -1.03994
28.36 0 0.531454 0.125083 -1.05346
28.38 0 0.437366 0.71136 -0.771295
28.4 0 0.509949 0.714098 0.070051
28.42 0 0.45733 0.521079 1.16028
28.44 0 0.100145 0.569174 1.98305
28.46 0 -0.279591 0.874029 2.36276
28.48 0 -0.321285 1.06209 2.3794
28.5 0 -0.00916909 0.948 2.19188
28.52 0 0.522211 0.75775 1.76265
28.54 0 0.883576 0.923265 1.06056
28.56 0 1.04971 1.28607 0.36623
28.58 0 1.15629 1.35675 0.0160222
28.6 0 1.24985 1.09306 0.186519
28.62 0 1.05755 0.828709 0.640965
28.64 0 0.547359 0.8117 1.15447
28.66 0 -0.0268251 0.837456 1.57214
28.68 0 -0.336474 0.61422 1.83299
28.7 0 -0.363014 0.37062 1.90539
28.72 0 -0.252441 0.275326 1.58884
28.74 0 -0.0157577 0.329104 0.893885
28.76 0 0.331259 0.428641 0.107043
28.78 0 0.590199 0.461548 -0.502641
28.8 0 0.666297 0.358466 -0.757654
28.82 0 0.43839 0.111178 -0.703427
28.84 0 -0.0125472 -0.280475 -0.519439
28.86 0 -0.482152 -0.691072 -0.369367
28.88 0 -0.707832 -0.927137 -0.329158
28.9 0 -0.656477 -0.914827 -0.482024
28.92 0 -0.5766 -0.688902 -0.789866
28.94 0 -0.424665 -0.594904 -1.1204
28.96 0 -0.26864 -0.753704 -1.38403
28.98 0 -0.181693 -0.922356 -1.496
29 0 -0.309476 -0.953459 -1.55458
29.02 0 -0.553385 -0.953306 -1.56465
29.04 0 -0.68623 -1.01328 -1.41534
29.06 0 -0.705846 -1.15113 -1.14524
29.08 0 -0.698128 -1.1394 -0.906645
29.1 0 -0.744675 -0.946781 -0.820446
29.12 0 -0.732655 -0.75032 -0.847141
29.14 0 -0.484446 -0.648246 -0.809303
29.16 0 -0.054584 -0.579494 -0.73901
29.18 0 0.432558 -0.326121 -0.701201
29.2 0 0.357384 0.107583 -0.777066
29.22 0 0.185194 0.234134 -0.721698
29.24 0 0.0999256 0.0567881 -0.31324
29.26 0 0.0630353 -0.140349 0.257639
29.28 0 -0.120766 -0.00431085 0.714549
29.3 0 -0.338274 0.362094 1.00412
29.32 0 -0.136497 0.58303 1.23461
29.34 0 0.249586 0.701218 1.39052
29.36 0 0.508838 0.957109 1.44188
29.38 0 0.729917 1.18099 1.37171
29.4 0 0.862149 1.28182 1.2445
29.42 0 0.855024 1.17668 1.09544
29.44 0 0.701622 0.944877 0.952901
29.46 0 0.493349 0.748353 0.874744
29.48 0 0.297678 0.594565 0.844305
29.5 0 0.249235 0.564072 0.914332
29.52 0 0.263113 0.577645 0.954331
29.54 0 0.311992 0.624038 0.93496
29.56 0 0.33895 0.623646 0.824375
29.58 0 0.376046 0.634675 0.723916
29.6 0 0.256444 0.673846 0.691977
29.62 0 0.207419 0.566297 0.735849
29.64 0 0.205117 0.407313 0.801315
29.66 0 0.0162682 0.304191 0.736431
29.68 0 -0.140338 0.155711 0.522308
29.7 0 -0.213444 -0.115917 0.155422
29.72 0 -0.0704718 -0.365043 -0.273875
29.74 0 -0.0622058 -0.467128 -0.801593
29.76 0 -0.0851477 -0.453183 -1.22325
29.78 0 0.0762033 -0.522386 -1.39774
29.8 0 0.0443557 -0.659276 -1.44142
29.82 0 -0.263259 -0.760044 -1.39806
29.84 0 -0.671069 -0.897419 -1.28335
29.86 0 -0.892806 -1.11851 -1.04015
29.88 0 -0.945024 -1.29984 -0.824905
29.9 0 -0.955118 -1.2832 -0.813449
29.92 0 -0.937518 -1.13615 -1.03067
29.94 0 -0.85398 -1.12347 -1.40314
29.96 0 -0.595135 -1.18803 -1.6928
29.98 0 -0.332942 -1.14152 -1.86102
30 0 -0.232638 -0.94995 -1.90509
30.02 0 -0.16559 -0.714396 -1.69093
30.04 0 0.142252 -0.566232 -1.19404
30.06 0 0.156706 -0.271259 -0.621133
30.08 0 0.0208601 0.0435252 -0.0763156
30.1 0 -0.157288 0.185846 0.400002
30.12 0 -0.122205 0.194741 0.844362
30.14 0 -0.0262197 0.309782 1.15144
30.16 0 0.0624352 0.585856 1.25899
30.18 0 0.213007 0.848704 1.23049
30.2 0 0.281583 1.01934 1.22231
30.22 0 0.621223 0.974018 1.31121
30.24 0 0.895629 0.982939 1.34279
30.26 0 0.901224 1.16673 1.25975
30.28 0 0.745193 1.35823 1.16285
30.3 0 0.69816 1.30132 1.233
30.32 0 0.697225 1.01432 1.37551
30.34 0 0.594934 0.835091 1.45157
30.36 0 0.350024 0.83661 1.35955
30.38 0 0.247122 0.883569 1.26484
30.4 0 0.382752 0.852239 1.20727
30.42 0 0.562687 0.757938 1.09272
30.44 0 0.346812 0.718847 0.830737
30.46 0 -0.0436703 0.481594 0.497157
30.48 0 -0.221858 -0.00382256 0.252457
30.5 0 -0.286435 -0.452808 0.017983
30.52 0 -0.313153 -0.613287 -0.333058
30.54 0 -0.336612 -0.526308 -0.768094
30.56 0 -0.185513 -0.499937 -1.14334
30.58 0 0.0127459 -0.557226 -1.33209
30.6 0 0.0301232 -0.607416 -1.36283
30.62 0 -0.121835 -0.634483 -1.27008
30.64 0 -0.238362 -0.713521 -1.09656
30.66 0 -0.485751 -0.765755 -0.914078
30.68 0 -0.676415 -0.776792 -0.70702
30.7 0 -0.758196 -0.844344 -0.570798
30.72 0 -0.725134 -0.902425 -0.560459
30.74 0 -0.728499 -0.976805 -0.806471
30.76 0 -0.688355 -1.0037 -1.16689
30.78 0 -0.550027 -0.99777 -1.48319
30.8 0 -0.398114 -1.01306 -1.69996
30.82 0 -0.108814 -0.982555 -1.73537
30.84 0 0.0729928 -0.752451 -1.6093
30.86 0 -0.0237842 -0.394544 -1.31132
30.88 0 -0.0677471 -0.212873 -0.779995
30.9 0 -0.0509698 -0.177002 -0.0984981
30.92 0 -0.157883 -0.13949 0.438894
30.94 0 -0.32142 0.000137717 0.714148
30.96 0 -0.386422 0.215342 0.834852
30.98 0 -0.0200021 0.413584 0.969051
31 0 0.31498 0.719415 1.08852
31.02 0 0.605731 1.06236 1.21104
31.04 0 0.911969 1.3058 1.35502
31.06 0 1.09621 1.43307 1.49574
31.08 0 1.07183 1.53633 1.61445
31.1 0 0.932625 1.58898 1.75374
31.12 0 0.73901 1.45577 1.85658
31.14 0 0.594092 1.22377 1.9278
31.16 0 0.476907 1.00305 1.89014
31.18 0 0.294901 0.837405 1.58155
31.2 0 0.248111 0.756058 1.16815
31.22 0 0.271055 0.757398 0.834168
31.24 0 0.322917 0.671906 0.633158
31.26 0 0.371088 0.449965 0.492318
31.28 0 0.142361 0.286261 0.355182
31.3 0 -0.133367 0.0240363 0.150173
31.32 0 -0.263118 -0.370892 -0.142365
31.34 0 -0.320602 -0.712844 -0.57131
31.36 0 -0.308832 -0.814845 -1.05887
31.38 0 -0.168187 -0.818487 -1.53
31.4 0 -0.221048 -0.810762 -1.85442
31.42 0 -0.376548 -0.91347 -1.94078
31.44 0 -0.528613 -1.13393 -1.80483
31.46 0 -0.654854 -1.31251 -1.53262
31.48 0 -0.883414 -1.38312 -1.34248
31.5 0 -1.05254 -1.31432 -1.21189
31.52 0 -1.02575 -1.23546 -1.1111
31.54 0 -0.823787 -1.16668 -1.06171
31.56 0 -0.648461 -1.11233 -1.17698
31.58 0 -0.613435 -1.0953 -1.46621
31.6 0 -0.616845 -1.06114 -1.75056
31.62 0 -0.440145 -0.980615 -1.73596
31.64 0 0.123248 -0.809617 -1.398
31.66 0 0.431771 -0.392344 -1.04068
31.68 0 0.306475 0.126177 -0.717572
31.7 0 0.0480686 0.36112 -0.233263
31.72 0 -0.0555403 0.152316 0.413536
31.74 0 -0.211484 -0.0730137 0.967073
31.76 0 -0.37378 0.0249556 1.22837
31.78 0 -0.51217 0.378968 1.22051
31.8 0 -0.310151 0.603039 1.17945
31.82 0 0.534912 0.726052 1.34296
31.84 0 1.3025 1.14872 1.42955
31.86 0 1.50928 1.84087 1.30484
31.88 0 1.42495 2.28294 1.27264
31.9 0 1.3276 2.0295 1.50763
31.92 0 1.16198 1.42028 1.91074
31.94 0 0.674924 1.02229 2.15753
31.96 0 0.0408971 0.981524 2.17025
31.98 0 -0.275456 0.950647 2.07956
32 0 -0.0655273 0.749446 1.95916
32.02 0 0.358313 0.593714 1.64329
32.04 0 0.709085 0.734101 0.922258
32.06 0 0.872585 1.04101 0.123113
32.08 0 0.888749 1.01772 -0.35481
32.1 0 0.430839 0.528751 -0.423194
32.12 0 -0.206783 -0.280309 -0.193173
32.14 0 -0.850251 -0.953602 0.048135
32.16 0 -1.10145 -1.264 0.0143671
32.18 0 -1.08728 -1.2195 -0.473388
32.2 0 -0.806283 -1.06367 -1.25116
32.22 0 -0.236646 -0.901611 -1.91337
32.24 0 0.293812 -0.834821 -2.28517
32.26 0 0.365597 -0.718102 -2.39542
32.28 0 0.0361827 -0.631578 -2.23579
32.3 0 -0.389101 -0.774533 -1.73403
32.32 0 -0.733807 -1.13314 -0.94657
32.34 0 -1.12435 -1.37799 -0.309003
32.36 0 -1.49602 -1.33752 -0.118909
32.38 0 -1.53366 -1.17608 -0.304911
32.4 0 -1.08638 -1.09726 -0.695851
32.42 0 -0.325967 -0.901688 -1.11455
32.44 0 0.650566 -0.507735 -1.49504
32.46 0 1.11217 0.226139 -1.69897
32.48 0 1.04114 0.799258 -1.44333
32.5 0 0.691161 0.786258 -0.537452
32.52 0 0.239806 0.326886 0.755395
32.54 0 -0.40294 -0.030913 1.81893
32.56 0 -0.962191 -0.0373247 2.25334
32.58 0 -0.959407 0.142897 2.07213
32.6 0 -0.247055 0.32784 1.46288
32.62 0 0.541362 0.656403 0.627663
32.64 0 1.20752 1.0595 -0.100228
32.66 0 1.43175 1.29793 -0.45973
32.68 0 1.31059 1.17492 -0.265823
32.7 0 0.840202 0.811684 0.369691
32.72 0 0.0903887 0.433175 1.11816
32.74 0 -0.643881 0.137872 1.66894
32.76 0 -0.896875 -0.0453337 1.88237
32.78 0 -0.669325 -0.102244 1.58707
32.8 0 -0.188831 0.0159243 0.788082
32.82 0 0.367406 0.302081 -0.18878
32.84 0 0.844453 0.53305 -0.953599
32.86 0 1.04379 0.524763 -1.25502
32.88 0 0.841928 0.318723 -1.03763
32.9 0 0.105053 -0.00497053 -0.501465
32.92 0 -0.664408 -0.446068 0.15527
32.94 0 -1.06236 -0.818903 0.68758
32.96 0 -1.0038 -0.85184 0.82718
32.98 0 -0.638469 -0.487111 0.468594
33 0 -0.0644152 0.0104988 -0.183312
33.02 0 0.552849 0.342577 -0.776664
33.04 0 0.909761 0.401917 -1.08383
33.06 0 0.77552 0.288401 -1.02179
33.08 0 0.250695 0.069549 -0.613296
33.1 0 -0.377477 -0.296017 -0.0506069
33.12 0 -0.847315 -0.769926 0.334434
33.14 0 -1.07919 -0.983312 0.379683
33.16 0 -0.996175 -0.895008 0.0205098
33.18 0 -0.539958 -0.61358 -0.539022
33.2 0 0.196968 -0.326844 -1.08533
33.22 0 0.668089 -0.0342524 -1.46968
33.24 0 0.664858 0.14554 -1.52981
33.26 0 0.323356 0.0568838 -1.14503
33.28 0 -0.0812292 -0.237711 -0.381801
33.3 0 -0.472732 -0.466484 0.421821
33.32 0 -0.731209 -0.416851 0.950126
33.34 0 -0.709116 -0.172327 1.058
33.36 0 -0.284835 0.118804 0.845646
33.38 0 0.316744 0.428285 0.469776
33.4 0 0.718994 0.723662 0.0827369
33.42 0 0.910273 0.872763 -0.101789
33.44 0 0.861601 0.836397 0.0362094
33.46 0 0.575852 0.661078 0.426496
33.48 0 0.191695 0.508193 0.950049
33.5 0 -0.171925 0.379687 1.36078
33.52 0 -0.350027 0.281673 1.50999
33.54 0 -0.220869 0.298344 1.39406
33.56 0 0.0575617 0.393479 0.982099
33.58 0 0.405836 0.559888 0.460221
33.6 0 0.653042 0.671436 0.00456481
33.62 0 0.642003 0.56008 -0.293297
33.64 0 0.411959 0.275207 -0.334192
33.66 0 0.0412759 -0.0656728 -0.179257
33.68 0 -0.367033 -0.370402 -0.000757828
33.7 0 -0.579254 -0.563669 0.0838428
33.72 0 -0.563315 -0.594651 -0.0166052
33.74 0 -0.429668 -0.500776 -0.31771
33.76 0 -0.216761 -0.408613 -0.712675
33.78 0 0.00541709 -0.387328 -1.05135
33.8 0 0.1117 -0.418113 -1.24114
33.82 0 -0.00778233 -0.508261 -1.28798
33.84 0 -0.260452 -0.640734 -1.16894
33.86 0 -0.509926 -0.806752 -0.935226
33.88 0 -0.669621 -0.933084 -0.700353
33.9 0 -0.711085 -0.931052 -0.575363
33.92 0 -0.596779 -0.768174 -0.569273
33.94 0 -0.310342 -0.487674 -0.597142
33.96 0 0.0885927 -0.181811 -0.583593
33.98 0 0.433816 0.117021 -0.483543
34 0 0.456961 0.36128 -0.295565
34.02 0 0.295881 0.442156 0.0538541
34.04 0 0.10986 0.334814 0.525946
34.06 0 -0.0381195 0.209409 0.96101
34.08 0 -0.160652 0.217314 1.16815
34.1 0 -0.155628 0.345334 1.11879
34.12 0 0.0237005 0.491274 0.916472
34.14 0 0.358891 0.592505 0.685574
34.16 0 0.643475 0.672755 0.468201
34.18 0 0.696588 0.74329 0.305947
34.2 0 0.567046 0.742498 0.303445
34.22 0 0.370316 0.58953 0.478882
34.24 0 0.165764 0.369199 0.736973
34.26 0 -0.0554799 0.209205 0.896595
34.28 0 -0.254387 0.171148 0.880866
34.3 0 -0.208593 0.164984 0.733492
34.32 0 0.0157542 0.135923 0.452646
34.34 0 0.226602 0.147921 0.0734427
34.36 0 0.294894 0.196176 -0.297274
34.38 0 0.259852 0.162754 -0.509695
34.4 0 0.167264 -0.00494122 -0.498194
34.42 0 -0.0174847 -0.234429 -0.359433
34.44 0 -0.276616 -0.398587 -0.220503
34.46 0 -0.436379 -0.490826 -0.167781
34.48 0 -0.479995 -0.503775 -0.225896
34.5 0 -0.411075 -0.514416 -0.408796
34.52 0 -0.245532 -0.491671 -0.632821
34.54 0 -0.0750819 -0.423014 -0.834196
34.56 0 0.0229999 -0.327037 -0.937895
34.58 0 0.0326385 -0.271624 -0.890569
34.6 0 -0.0575833 -0.312066 -0.718235
34.62 0 -0.190343 -0.380171 -0.459081
34.64 0 -0.339991 -0.425056 -0.225093
34.66 0 -0.424364 -0.413533 -0.0789415
34.68 0 -0.375047 -0.345862 -0.0343496
34.7 0 -0.179706 -0.251907 -0.0959807
34.72 0 0.062603 -0.0961494 -0.217903
34.74 0 0.218521 0.10731 -0.315629
34.76 0 0.277736 0.239024 -0.292066
34.78 0 0.256016 0.228585 -0.112643
34.8 0 0.144575 0.143065 0.159479
34.82 0 -0.0269674 0.0948513 0.423632
34.84 0 -0.154984 0.112667 0.607805
34.86 0 -0.132957 0.166964 0.68817
34.88 0 0.0230625 0.241728 0.648832
34.9 0 0.213876 0.362595 0.516913
34.92 0 0.336001 0.504503 0.368456
34.94 0 0.432423 0.573949 0.30747
34.96 0 0.454986 0.539615 0.352085
34.98 0 0.354122 0.455638 0.456222
35 0 0.146941 0.369471 0.564667
35.02 0 -0.0647806 0.263844 0.639774
35.04 0 -0.125416 0.137206 0.657914
35.06 0 -0.0694207 0.0607802 0.55408
35.08 0 0.00902016 0.084577 0.307779
35.1 0 0.0939749 0.15417 0.0112232
35.12 0 0.187078 0.156166 -0.219888
35.14 0 0.223153 0.062308 -0.336392
35.16 0 0.135974 -0.0544116 -0.347243
35.18 0 -0.0658026 -0.164712 -0.300095
35.2 0 -0.26675 -0.291101 -0.23164
35.22 0 -0.367552 -0.42635 -0.190612
35.24 0 -0.360628 -0.499015 -0.235223
35.26 0 -0.293248 -0.459932 -0.384117
35.28 0 -0.197968 -0.360872 -0.581561
35.3 0 -0.0632822 -0.292326 -0.724871
35.32 0 0.041172 -0.277551 -0.762867
35.34 0 0.027556 -0.281632 -0.703895
35.36 0 -0.0944195 -0.286682 -0.564384
35.38 0 -0.228242 -0.316448 -0.371009
35.4 0 -0.292147 -0.354276 -0.174872
35.42 0 -0.278753 -0.3376 -0.0485044
35.44 0 -0.210394 -0.231829 -0.0277743
35.46 0 -0.086091 -0.0775505 -0.0742852
35.48 0 0.0776143 0.0568487 -0.117165
35.5 0 0.216196 0.150107 -0.104742
35.52 0 0.255882 0.215487 -0.0227308
35.54 0 0.195502 0.253894 0.128764
35.56 0 0.0976434 0.249072 0.329067
35.58 0 0.0236176 0.216605 0.526137
35.6 0 -0.00581393 0.208253 0.651738
35.62 0 0.0106718 0.254805 0.666654
35.64 0 0.0809789 0.331744 0.590255
35.66 0 0.192781 0.3927 0.476148
35.68 0 0.313201 0.417142 0.372225
35.7 0 0.363224 0.423098 0.300787
35.72 0 0.315546 0.409452 0.278234
35.74 0 0.194892 0.349909 0.312993
35.76 0 0.0542889 0.234891 0.385401
35.78 0 -0.0414082 0.0992375 0.437667
35.8 0 -0.094761 0.0144071 0.400973
35.82 0 -0.102507 0.00137391 0.257157
35.84 0 -0.047572 0.0121543 0.0512145
35.86 0 0.0509674 -0.000195177 -0.152893
35.88 0 0.117554 -0.0342361 -0.313694
35.9 0 0.0922785 -0.0771692 -0.408715
35.92 0 -0.0120634 -0.14385 -0.424312
35.94 0 -0.135532 -0.249104 -0.371397
35.96 0 -0.236741 -0.361542 -0.299718
35.98 0 -0.269309 -0.387245 -0.235075
36 0 -0.291737 -0.380622 -0.276818
36.02 0 -0.241632 -0.340158 -0.364704
36.04 0 -0.131707 -0.298782 -0.457945
36.06 0 -0.0278091 -0.254154 -0.525903
36.08 0 0.0102994 -0.20312 -0.543282
36.1 0 -0.0157614 -0.171687 -0.485961
36.12 0 -0.068378 -0.181017 -0.353504
