0.02 0 -0.170433 -0.206116 -0.197591
0.04 0 -0.154198 -0.278145 -0.269434
0.06 0 0.0519086 -0.0966261 -0.161537
0.08 0 0.127275 0.0976329 -0.0970266
0.1 0 0.000381963 0.0688738 -0.142071
0.12 0 -0.231586 -0.277041 -0.300306
0.14 0 -0.124933 -0.349491 -0.183972
0.16 0 0.311121 0.222177 0.302262
0.18 0 0.222864 0.535566 0.390127
0.2 0 -0.217043 0.154837 0.0953193
0.22 0 -0.177074 -0.249795 0.0825176
0.24 0 0.111379 -0.204044 0.225783
0.26 0 0.290994 0.372697 0.359912
0.28 0 0.0284971 0.513285 0.121655
0.3 0 -0.0523299 0.140784 -0.0162043
0.32 0 0.442663 0.164121 0.441017
0.34 0 0.213517 0.143046 0.39311
0.36 0 0.0410972 0.530165 0.502481
0.38 0 -0.186116 0.302294 0.368959
0.4 0 -0.168421 -0.258143 0.198506
0.42 0 -0.00879933 -0.400977 0.0522794
0.44 0 -0.119949 -0.210867 -0.335596
0.46 0 0.141479 0.3318 -0.305809
0.48 0 -0.301166 -0.412836 -0.952928
0.5 0 -0.110733 -0.770427 -0.897025
0.52 0 0.625335 0.13282 0.0255323
0.54 0 -0.0420304 0.297395 -0.0845762
0.56 0 -0.627317 -0.108749 -0.220658
0.58 0 -0.0987129 -0.274369 0.363192
0.6 0 0.0169995 -0.421723 0.379127
0.62 0 -0.210682 -0.0798871 0.0297771
0.64 0 -0.52182 -0.14658 -0.625713
0.66 0 0.0554153 -0.216171 -0.616678
0.68 0 0.671661 -0.0450333 -0.311549
0.7 0 0.512331 0.375978 -0.152759
0.72 0 0.385257 1.05104 0.481623
0.74 0 -0.657671 -0.134924 0.104636
0.76 0 -0.719759 -1.07393 0.194574
0.78 0 -0.00436233 -0.525063 0.665738
0.8 0 -0.204395 0.0983733 0.0683454
0.82 0 -0.123518 0.477359 -0.449085
0.84 0 0.400572 0.158579 -0.572816
0.86 0 0.926353 0.113771 -0.186497
0.88 0 0.49065 0.384207 0.0279486
0.9 0 -0.13676 0.663416 0.386672
0.92 0 -0.364758 0.257905 0.825564
0.94 0 0.00962488 -0.0402673 1.38305
0.96 0 -0.0488487 -0.00323308 1.20271
0.98 0 -0.339727 0.260574 0.467763
1 0 -0.598133 -0.296905 -0.714631
1.02 0 0.36591 -0.365611 -0.855283
1.04 0 1.31595 0.453833 -0.359304
1.06 0 0.422759 0.579598 -0.701224
1.08 0 0.0300032 0.707007 -0.0738862
1.1 0 -0.257283 -0.15729 0.549861
1.12 0 -0.956096 -1.39694 0.358329
1.14 0 -1.17214 -1.39477 -0.0205318
1.16 0 -0.354324 -0.139798 -0.0749522
1.18 0 0.136722 0.225444 -0.785284
1.2 0 0.382205 -0.206354 -1.50586
1.22 0 0.963301 0.0694198 -1.0989
1.24 0 0.236693 -0.105177 -1.0434
1.26 0 -0.482953 -0.262548 -0.561917
1.28 0 -0.530429 -0.40484 0.345821
1.3 0 -0.0730238 -0.0610779 1.32097
1.32 0 -0.285263 0.143393 1.20868
1.34 0 0.331661 1.17483 1.5001
1.36 0 0.370198 1.01201 0.934665
1.38 0 -0.0324806 -0.113642 -0.150417
1.4 0 0.543665 0.0193077 -0.0717283
1.42 0 -0.280547 -0.571573 -1.04691
1.44 0 0.537968 0.619777 -0.0984924
1.46 0 0.963809 1.29814 0.83237
1.48 0 -0.869943 -0.602932 -0.331889
1.5 0 -0.467721 -0.653347 0.373074
1.52 0 0.168869 0.0023925 0.962196
1.54 0 -0.15084 0.310696 0.435467
1.56 0 0.0362778 0.617869 0.186771
1.58 0 -0.366323 -0.605461 -0.858581
1.6 0 -0.141871 -1.18173 -1.23704
1.62 0 -0.0682542 -0.914735 -1.42856
1.64 0 1.00536 1.11974 -0.0660238
1.66 0 0.655081 1.43948 0.430881
1.68 0 -0.653036 -0.287732 0.0599147
1.7 0 -0.442556 -0.871451 0.816186
1.72 0 -0.957615 -1.2707 0.321078
1.74 0 -0.49794 -0.118046 0.190765
1.76 0 -0.158305 0.204391 -0.569732
1.78 0 0.913991 0.505957 -0.539592
1.8 0 0.978338 0.271393 -0.724758
1.82 0 0.276936 0.120433 -0.744604
1.84 0 -0.145167 0.186606 -0.0844719
1.86 0 -1.30719 -1.27057 -0.476168
1.88 0 -0.710739 -1.23054 0.200937
1.9 0 -0.4447 -0.784948 0.0267773
1.92 0 0.740429 1.18303 0.642197
1.94 0 1.81959 2.80559 1.52653
1.96 0 -0.482191 0.0271523 -0.558259
1.98 0 -1.45408 -2.38065 -1.52493
2 0 -0.203848 -1.70495 -0.572941
2.02 0 0.321765 0.184115 -0.167555
2.04 0 0.356983 1.58345 -0.0259573
2.06 0 1.37502 2.2186 1.27711
2.08 0 1.72504 1.81175 2.49297
2.1 0 -0.344589 0.149175 1.75303
2.12 0 -2.52036 -1.69835 0.100573
2.14 0 -0.80663 -0.818744 0.739969
2.16 0 1.83728 1.48574 1.75909
2.18 0 0.05442 0.432403 -1.09962
2.2 0 -0.406776 -0.317331 -2.2882
2.22 0 1.5001 0.389377 -0.615422
2.24 0 1.38067 0.628646 0.290182
2.26 0 -0.202485 0.758236 0.64331
2.28 0 -0.96635 0.487026 1.37941
2.3 0 -1.476 -1.34142 1.04119
2.32 0 -1.30523 -2.28482 0.131816
2.34 0 -0.555694 -1.18456 -0.917341
2.36 0 0.0907024 0.103035 -2.1886
2.38 0 2.30063 2.09671 -1.11758
2.4 0 2.38458 1.9397 -0.378971
2.42 0 -0.422717 -0.583313 -0.99669
2.44 0 -2.62966 -2.86813 -1.17573
2.46 0 -2.46561 -3.13307 -0.398067
2.48 0 0.200448 -0.0586373 1.61038
2.5 0 0.156433 1.06794 0.455521
2.52 0 -0.608028 -0.0143433 -1.72965
2.54 0 1.12318 -0.0724878 -1.27335
2.56 0 1.25412 -0.36596 -1.22667
2.58 0 0.461772 0.497535 -0.698537
2.6 0 -1.57496 -0.587198 -1.19203
2.62 0 -1.56009 -1.85379 -0.579579
2.64 0 -0.306294 -1.72591 0.433211
2.66 0 0.0606844 -0.170283 0.429505
2.68 0 0.778367 2.2914 0.832626
2.7 0 -0.173724 0.875689 -0.537833
2.72 0 0.694611 -0.244851 -0.00143956
2.74 0 0.946462 -0.29175 0.578087
2.76 0 1.17841 2.10551 1.97184
2.78 0 1.28374 4.01017 3.49742
2.8 0 -0.809069 0.981065 2.21436
2.82 0 -0.154173 -0.560701 2.66362
2.84 0 1.54837 1.31159 3.80785
2.86 0 -0.00880022 1.98393 1.74972
2.88 0 -0.743597 1.15129 -0.162618
2.9 0 0.867584 -0.115375 -0.274333
2.92 0 1.30269 -0.909024 -0.71725
2.94 0 -0.523511 -0.913015 -2.1492
2.96 0 -0.0565638 1.01401 -0.91843
2.98 0 0.736281 1.05971 0.565174
3 0 -0.94927 -1.85664 -0.448481
3.02 0 -2.32546 -3.365 -1.59121
3.04 0 -1.74583 -2.27281 -1.75699
3.06 0 0.417272 0.218571 -0.94546
3.08 0 1.34117 1.15933 -0.958291
3.1 0 -0.579181 -1.20337 -2.97766
3.12 0 -1.59368 -3.17509 -3.72715
3.14 0 0.112462 -1.60651 -1.52325
3.16 0 -0.661339 -1.00568 -1.42807
3.18 0 -0.292315 0.502669 -0.218593
3.2 0 0.801883 1.40489 1.48005
3.22 0 -1.0278 -1.17731 -0.00329262
3.24 0 -0.704531 -1.19015 0.186506
3.26 0 0.11035 0.0989182 0.468901
3.28 0 0.388225 0.996141 0.147743
3.3 0 0.382007 0.713349 -0.343653
3.32 0 -0.370373 -1.0469 -1.38561
3.34 0 0.720531 -0.19782 -0.117572
3.36 0 0.28958 0.410313 0.158872
3.38 0 1.68718 3.08425 2.6722
3.4 0 0.698694 2.41259 2.91336
3.42 0 -1.03548 -0.212923 1.88369
3.44 0 0.560831 0.632651 3.34085
3.46 0 0.547259 1.36964 2.7511
3.48 0 0.755438 2.51782 2.12296
3.5 0 1.42584 2.6306 1.84813
3.52 0 1.33654 1.26387 1.21411
3.54 0 -0.946038 -1.52875 -1.06612
3.56 0 0.0642057 -0.25145 0.00453194
3.58 0 1.149 1.65069 1.30207
3.6 0 -0.0145167 0.968668 0.543058
3.62 0 -0.631866 -0.455804 0.00484275
3.64 0 -1.21349 -2.23576 -1.04127
3.66 0 -1.18438 -2.42178 -1.89059
3.68 0 -1.1861 -1.94713 -3.04799
3.7 0 -0.871369 -1.77358 -3.95653
3.72 0 0.159042 -1.5464 -3.72464
3.74 0 0.128724 -1.70805 -3.51199
3.76 0 -0.0467368 -0.929924 -2.34254
3.78 0 -0.425297 -0.261147 -0.833042
3.8 0 -1.51063 -1.26916 -0.373406
3.82 0 -1.93606 -2.38925 -0.305999
3.84 0 -1.36792 -2.14361 -0.410542
3.86 0 -0.0241687 -0.376184 -0.512945
3.88 0 1.26125 1.56967 -0.492534
3.9 0 1.38028 1.6458 -0.771625
3.92 0 1.59724 1.43395 0.287807
3.94 0 0.822842 0.882664 1.40308
3.96 0 -0.959956 -0.0715303 1.64721
3.98 0 -1.56167 -0.464243 1.94968
4 0 0.0775081 0.755586 3.04541
4.02 0 0.800719 1.4779 2.4999
4.04 0 0.888104 1.92124 1.33276
4.06 0 0.970125 1.66781 0.473953
4.08 0 2.44245 2.28868 1.55853
4.1 0 2.14157 2.33233 2.08046
4.12 0 -0.989253 0.253805 0.540621
4.14 0 -1.56435 -0.776547 0.77881
4.16 0 0.689785 0.454276 2.78023
4.18 0 1.55675 2.10692 3.27436
4.2 0 -0.0901412 1.89067 1.35749
4.22 0 -1.09774 -0.14032 -0.569639
4.24 0 0.239341 -1.36314 -0.709112
4.26 0 0.819963 -1.05657 -0.993734
4.28 0 -0.202494 -0.041547 -1.91287
4.3 0 0.311118 1.27564 -0.983819
4.32 0 -0.576512 -1.14538 -1.51176
4.34 0 -1.91993 -4.02592 -2.61747
4.36 0 -1.85046 -3.56639 -2.61451
4.38 0 -1.56532 -1.89645 -2.85388
4.4 0 -1.60187 -2.0249 -4.02434
4.42 0 0.384259 -1.46915 -3.17926
4.44 0 1.52614 -0.399974 -1.95958
4.46 0 0.878936 0.900959 -0.886929
4.48 0 -0.437559 0.966919 0.185251
4.5 0 -1.74937 -1.28069 0.523977
4.52 0 -0.961053 -1.82378 1.69602
4.54 0 -1.63493 -2.0189 0.297139
4.56 0 -1.03167 -0.426948 -0.892521
4.58 0 1.8733 2.35141 0.0215428
4.6 0 2.97461 2.78744 0.333658
4.62 0 2.04499 1.9961 0.564152
4.64 0 0.309236 0.934108 1.16823
4.66 0 -0.320854 0.826806 2.83175
4.68 0 -0.403516 0.924529 4.01347
4.7 0 -0.157475 1.34173 4.27857
4.72 0 0.0629855 1.54425 3.33573
4.74 0 0.661762 1.57896 1.93533
4.76 0 1.82533 1.9892 1.13704
4.78 0 1.19159 1.01361 -0.55695
4.8 0 0.413003 0.116872 -1.36652
4.82 0 -0.17799 -0.708025 -1.34097
4.84 0 -0.301518 -0.823461 -0.542772
4.86 0 -0.762902 -0.793799 -0.111345
4.88 0 -0.841231 -0.549377 0.160401
4.9 0 -0.105357 0.0732187 0.625473
4.92 0 0.39512 0.447278 0.59766
4.94 0 -0.612953 -0.660061 -0.971817
4.96 0 -0.962216 -1.59384 -2.07824
4.98 0 -0.812488 -2.20948 -2.81087
5 0 -0.845131 -2.44617 -3.53938
5.02 0 -0.296151 -1.48491 -3.23061
5.04 0 0.350513 -0.284717 -2.16394
5.06 0 0.697863 0.530131 -0.615596
5.08 0 0.924362 1.32903 1.47534
5.1 0 -0.81571 0.108452 1.6141
5.12 0 -2.58059 -2.04389 0.509351
5.14 0 -1.53713 -2.05415 0.394022
5.16 0 0.622781 0.000419503 0.456018
5.18 0 0.405051 0.64007 -1.57476
5.2 0 0.678178 0.710714 -2.42647
5.22 0 3.04399 2.17471 0.137987
5.24 0 2.53279 2.45698 1.88066
5.26 0 -0.422361 1.40878 2.30308
5.28 0 -1.29657 0.891 3.85695
5.3 0 -0.734562 0.374102 4.87259
5.32 0 -0.600969 0.0259329 3.68725
5.34 0 -0.842156 -0.0103735 0.798056
5.36 0 0.0393429 0.132739 -1.7137
5.38 0 1.4982 -0.0186801 -3.13369
5.4 0 2.22157 0.178526 -3.27586
5.42 0 1.96146 1.26204 -1.81549
5.44 0 1.44861 2.69624 1.38644
5.46 0 0.674476 2.85845 4.82238
5.48 0 -1.10902 0.903255 6.06355
5.5 0 -3.25343 -1.93918 4.2466
5.52 0 -4.58382 -4.36867 -0.143186
5.54 0 -1.0956 -2.46464 -2.4045
5.56 0 1.90712 -0.330111 -5.0417
5.58 0 2.67891 0.514536 -7.12758
5.6 0 1.95226 -0.121524 -7.24825
5.62 0 1.02843 -1.05758 -4.54522
5.64 0 2.49445 2.02228 2.91884
5.66 0 1.2889 3.00598 7.11674
5.68 0 -5.00386 -1.01162 4.52801
5.7 0 -8.04687 -5.07523 1.34932
5.72 0 -5.42634 -7.3493 -1.49317
5.74 0 -0.934065 -5.63576 -5.01334
5.76 0 6.46171 4.68775 -3.34541
5.78 0 11.4143 13.5346 0.644991
5.8 0 9.56646 13.4163 4.47243
5.82 0 3.22549 5.26243 7.71708
5.84 0 -0.726003 -1.10724 11.3367
5.86 0 -4.31699 -1.36765 11.8812
5.88 0 -8.66753 -1.04533 6.49728
5.9 0 -7.34579 -2.26213 0.901919
5.92 0 -1.16546 -5.55384 -4.1819
5.94 0 -1.10264 -10.7809 -13.3168
5.96 0 -0.876655 -8.55024 -17.6019
5.98 0 1.80175 -0.879469 -16.3677
6 0 3.16386 1.49314 -13.5747
6.02 0 4.19615 -0.337228 -6.69656
6.04 0 -1.77679 -5.65999 -3.31643
6.06 0 -9.84105 -9.34044 -2.91694
6.08 0 -14.5086 -13.2781 -4.88229
6.1 0 -13.0456 -15.4255 -6.75352
6.12 0 -5.92713 -8.51413 -5.51432
6.14 0 5.58418 1.73634 -3.61756
6.16 0 8.33754 9.33038 -3.32206
6.18 0 9.98504 12.0863 0.526454
6.2 0 17.3489 17.5678 14.1387
6.22 0 15.4773 19.8716 22.1391
6.24 0 5.24678 19.5637 24.0485
6.26 0 0.195102 13.8514 26.4271
6.28 0 -6.0405 -0.87629 22.2727
6.3 0 -6.84503 -6.18886 17.7242
6.32 0 -6.17669 -1.83335 9.14338
6.34 0 -4.86581 -0.486814 -1.77043
6.36 0 0.368271 -2.98516 -13.5532
6.38 0 4.6565 -7.37486 -24.1299
6.4 0 5.66237 -8.3705 -27.2047
6.42 0 1.35585 -6.27863 -27.1937
6.44 0 -3.23458 -7.77316 -21.6407
6.46 0 -3.23982 -7.97577 -9.18475
6.48 0 -1.31449 -2.63386 7.59809
6.5 0 -1.14817 6.38337 19.6176
6.52 0 -0.318523 13.7535 25.9779
6.54 0 -0.268829 11.1322 24.7904
6.56 0 -4.94782 -2.22382 11.539
6.58 0 -6.47027 -11.1665 -4.40794
6.6 0 0.264505 -5.66786 -13.538
6.62 0 4.66438 0.599092 -19.0037
6.64 0 10.5235 5.37289 -15.7606
6.66 0 12.7182 7.20719 -7.00206
6.68 0 0.258981 -1.75111 -4.62234
6.7 0 -10.6035 -7.67944 1.59591
6.72 0 -12.2992 -8.67807 8.47511
6.74 0 -11.027 -9.31942 8.50452
6.76 0 -7.17409 -7.88407 1.81777
6.78 0 -1.84623 -0.656658 -4.78645
6.8 0 0.644176 0.868744 -13.1148
6.82 0 5.6387 -1.18303 -15.1024
6.84 0 8.98811 -2.14739 -11.9084
6.86 0 7.66993 1.74492 -5.92183
6.88 0 5.74427 10.2719 4.28824
6.9 0 4.80488 15.8687 15.052
6.92 0 6.14074 15.8953 24.6564
6.94 0 1.64568 7.32069 25.6425
6.96 0 -6.4948 -1.89879 20.2012
6.98 0 -12.2258 -5.71775 10.7249
7 0 -5.54977 -1.1517 5.81141
7.02 0 2.36872 -0.135391 -0.554879
7.04 0 5.36255 -0.130508 -8.41504
7.06 0 11.1124 8.44627 -10.0084
7.08 0 8.02987 7.30566 -13.6397
7.1 0 5.26486 0.491321 -10.3204
7.12 0 5.09864 -2.42773 -0.146303
7.14 0 -0.248019 -0.320291 7.08622
7.16 0 -17.7239 -5.31381 2.5987
7.18 0 -16.5109 -10.5303 3.73877
7.2 0 -2.82678 -8.4683 8.31827
7.22 0 1.72364 -4.11388 0.390563
7.24 0 5.68623 8.96789 -6.11582
7.26 0 9.44716 13.0233 -7.90682
7.28 0 9.57444 6.3232 -6.21583
7.3 0 6.90675 -1.00083 -0.767134
7.32 0 -3.32922 -6.83855 -0.637853
7.34 0 -11.0266 -6.19703 0.282785
7.36 0 -12.1652 -5.37552 1.7843
7.38 0 -7.6058 -7.52253 1.62066
7.4 0 0.33315 -5.30045 0.343
7.42 0 0.0266463 -2.94384 -7.5963
7.44 0 2.54607 3.05116 -9.75951
7.46 0 5.66497 4.20034 -8.53998
7.48 0 4.31259 -1.4776 -7.6693
7.5 0 1.33901 -3.13595 -3.5596
7.52 0 -4.66086 -3.2106 -0.679989
7.54 0 -8.08143 -4.01891 1.95754
7.56 0 -6.53112 -5.57844 3.55997
7.58 0 -3.23969 -4.02401 3.16163
7.6 0 -2.21135 -1.14104 -0.983529
7.62 0 -0.736467 -2.6917 -8.07176
7.64 0 1.83748 -1.97475 -10.2594
7.66 0 5.77863 1.51548 -6.6433
7.68 0 4.62987 2.24955 -3.64258
7.7 0 4.32133 5.04414 2.93224
7.72 0 3.99353 8.09151 9.95802
7.74 0 -0.182424 6.07595 11.1677
7.76 0 -5.26925 -0.971285 8.28492
7.78 0 -4.42 -3.38137 8.29193
7.8 0 -1.23691 -0.227837 8.06257
7.82 0 -2.66587 0.27188 0.919885
7.84 0 1.58615 3.06032 -1.72458
7.86 0 9.42763 6.92328 0.521571
7.88 0 8.92631 5.36366 -1.56478
7.9 0 6.31971 6.75981 -0.0971418
7.92 0 5.74401 9.98988 6.93926
7.94 0 2.239 6.2059 10.7546
7.96 0 -2.82095 -0.444759 10.6044
7.98 0 -5.51165 -2.97653 9.47742
8 0 -6.58784 -2.62881 5.48922
8.02 0 -4.66513 -2.02235 0.528579
8.04 0 3.66126 1.76487 0.379963
8.06 0 9.62245 6.85882 0.178914
8.08 0 7.22133 6.34551 -5.52713
8.1 0 5.47925 4.14398 -5.91079
8.12 0 0.506845 0.317983 -2.85971
8.14 0 -2.83726 -5.48895 0.10122
8.16 0 -4.1097 -4.88711 3.48221
8.18 0 -9.17728 -5.73233 -0.0561141
8.2 0 -10.7582 -7.55947 -4.56455
8.22 0 -5.25032 -8.25244 -5.97973
8.24 0 4.00138 -3.35264 -3.71336
8.26 0 6.74575 3.45024 -3.34767
8.28 0 2.17548 5.98128 -6.38941
8.3 0 1.42124 3.54265 -5.17068
8.32 0 3.1751 -2.24169 -0.714842
8.34 0 0.75196 -4.62676 1.57484
8.36 0 -8.07327 -5.79244 -2.33481
8.38 0 -10.64 -4.85489 -3.33472
8.4 0 -2.87929 -3.24082 0.731887
8.42 0 2.58431 -2.95894 0.828464
8.44 0 -2.32534 -5.02398 -7.71681
8.46 0 -5.30921 -5.11062 -13.4519
8.48 0 2.60515 0.203979 -7.59582
8.5 0 5.31352 -0.025026 -4.1036
8.52 0 1.17766 -1.94464 -4.01409
8.54 0 -2.59537 -1.05461 -2.21565
8.56 0 -4.90381 -1.92305 -0.2552
8.58 0 -1.82849 -1.13746 4.99661
8.6 0 -0.355573 -0.357293 7.00228
8.62 0 -2.6582 -0.283501 3.84747
8.64 0 -0.730805 2.80863 2.76094
8.66 0 5.47562 6.08691 4.21761
8.68 0 9.00711 6.49359 3.75164
8.7 0 6.06514 6.85226 2.11612
8.72 0 -6.45669 -3.85032 -7.08439
8.74 0 -7.34496 -9.75947 -6.83642
8.76 0 2.59975 -2.02522 3.59192
8.78 0 3.7811 4.84827 6.0388
8.8 0 1.89378 8.88485 5.48283
8.82 0 1.16796 6.1606 5.09107
8.84 0 -0.766862 -2.49663 2.4285
8.86 0 0.157202 -3.6202 2.34131
8.88 0 -0.980799 -0.191212 0.156058
8.9 0 -7.10426 -3.89608 -8.09437
8.92 0 -3.56253 -5.48329 -8.20417
8.94 0 6.02365 -0.912342 -1.49384
8.96 0 10.8696 7.97759 4.32109
8.98 0 5.71494 12.1933 4.91935
9 0 -2.16721 5.68981 3.57176
9.02 0 -7.12669 -7.72652 1.3101
9.04 0 0.384416 -5.14674 8.72116
9.06 0 8.39563 11.0307 16.7796
9.08 0 -1.63424 10.7452 6.14679
9.1 0 -0.447914 6.74499 3.57697
9.12 0 5.40931 -0.388732 4.22411
9.14 0 5.52466 -2.58425 1.47577
9.16 0 -4.51143 -3.73699 -8.77952
9.18 0 -11.4613 -7.79573 -16.5869
9.2 0 -5.22992 -10.8493 -13.3949
9.22 0 -1.1607 -14.6542 -12.5267
9.24 0 -0.641769 -7.42131 -11.196
9.26 0 -2.32876 1.26321 -9.5401
9.28 0 0.908362 4.43794 -2.65807
9.3 0 3.55655 0.671574 4.21156
9.32 0 1.73396 -0.806084 7.47441
9.34 0 -1.6045 3.5479 8.88839
9.36 0 -1.30434 7.87729 10.6909
9.38 0 6.14938 11.7314 16.3447
9.4 0 9.54809 11.9901 17.7987
9.42 0 5.80353 10.8872 13.9795
9.44 0 -7.00601 -1.9014 -0.367584
9.46 0 -7.41782 -9.49485 -6.41991
9.48 0 -0.758157 -9.06213 -7.60505
9.5 0 -4.67808 -11.8309 -18.0333
9.52 0 -4.43041 -9.04632 -21.843
9.54 0 5.92989 1.07089 -12.4858
9.56 0 14.4096 11.3806 2.14405
9.58 0 6.19252 10.2854 8.09899
9.6 0 -10.9439 -3.33638 5.1709
9.62 0 -6.69416 -4.12961 14.3808
9.64 0 -1.92347 -0.350669 18.1987
9.66 0 -12.4688 -7.92621 -0.0731036
9.68 0 -2.86159 -1.05937 -4.78905
9.7 0 4.69086 -2.79719 -13.1226
9.72 0 13.0284 3.70235 -11.534
9.74 0 18.3951 16.9798 -1.76073
9.76 0 -1.20776 5.58499 -6.53884
9.78 0 2.42513 4.26443 11.3339
9.8 0 1.58457 -0.000565591 21.3
9.82 0 -17.8598 -12.5286 7.4074
9.84 0 -21.341 -11.6866 -0.505671
9.86 0 -9.33177 -10.4964 -6.30611
9.88 0 3.79926 -6.71792 -11.0821
9.9 0 19.2141 10.1333 -5.21436
9.92 0 19.7147 21.0056 -4.11126
9.94 0 4.73068 12.4999 -8.50524
9.96 0 -2.17415 -4.08361 -3.47208
9.98 0 -12.1211 -22.9592 -3.59362
10 0 -10.4934 -14.6911 5.91177
10.02 0 1.63466 14.6017 20.8772
10.04 0 -3.16761 14.443 12.1513
10.06 0 -1.94264 -0.22728 2.88749
10.08 0 10.5827 -1.35734 5.30407
10.1 0 9.85504 4.97487 1.46439
10.12 0 -3.42516 4.71595 -9.57548
10.14 0 -2.75426 1.57577 -8.63211
10.16 0 0.901335 -8.50512 -5.20628
10.18 0 -2.7367 -14.6243 -7.11747
10.2 0 -8.06758 -8.91663 -9.34535
10.22 0 -10.7167 -4.47018 -11.1554
10.24 0 -1.45878 -3.32721 -5.80782
10.26 0 11.2103 3.2271 4.75257
10.28 0 6.94987 6.17775 3.81727
10.3 0 -14.4478 -7.62566 -12.814
10.32 0 -6.16195 -6.33421 -4.8541
10.34 0 8.71316 2.19243 9.19522
10.36 0 1.24452 0.462772 3.3285
10.38 0 -0.280892 7.50141 3.8187
10.4 0 -6.01469 -0.348233 -2.13239
10.42 0 2.29723 -1.41872 3.75826
10.44 0 7.76023 2.60664 7.82007
10.46 0 -4.83306 -2.33014 -4.55805
10.48 0 -5.24654 -1.11631 -6.63192
10.5 0 5.4752 2.13043 0.390194
10.52 0 11.5224 7.25063 6.98045
10.54 0 7.60626 12.7435 9.6607
10.56 0 3.85346 16.4032 15.2617
10.58 0 0.947981 8.52958 17.9833
10.6 0 -4.2696 -5.48957 12.5546
10.62 0 -8.21142 -9.426 3.57475
10.64 0 -7.20905 -4.47043 -4.63837
10.66 0 3.93893 4.31149 -4.57312
10.68 0 12.1903 7.73322 -3.16354
10.7 0 5.9372 1.43882 -9.17513
10.72 0 3.68909 0.378578 -7.76976
10.74 0 3.76629 2.34062 -0.97123
10.76 0 -7.76918 -7.26953 -4.87275
10.78 0 -12.4433 -12.1629 -4.48202
10.8 0 -7.19279 -8.04573 1.66256
10.82 0 -1.35882 -0.795275 5.10774
10.84 0 0.436142 3.0526 2.30339
10.86 0 -5.57075 -5.01339 -9.13916
10.88 0 -8.14674 -15.1358 -18.2597
10.9 0 -10.5981 -23.1935 -26.774
10.92 0 -7.91017 -19.1996 -27.984
10.94 0 4.48316 -0.928246 -15.9938
10.96 0 10.356 9.53471 -5.74245
10.98 0 10.4647 11.368 2.93716
11 0 9.85451 13.4623 15.0704
11.02 0 -2.36593 5.05473 18.4651
11.04 0 -20.2142 -12.6471 5.57843
11.06 0 -17.1114 -18.2061 2.76242
11.08 0 -9.63259 -11.7082 0.99677
11.1 0 -10.4965 -10.7872 -13.1234
11.12 0 1.63621 -1.90982 -15.2798
11.14 0 19.9417 16.177 -2.74864
11.16 0 25.8194 19.9276 2.47334
11.18 0 21.9149 20.8287 7.30272
11.2 0 12.5482 20.3848 11.5442
11.22 0 -7.08742 3.48358 4.50128
11.24 0 -10.5706 -7.76381 9.31916
11.26 0 -3.31261 -1.91326 17.0047
11.28 0 -6.9479 -6.67649 14.7305
11.3 0 -4.46826 1.93455 17.0222
11.32 0 4.34199 15.4688 22.1367
11.34 0 10.3976 20.1225 21.9788
11.36 0 12.221 16.6174 17.5818
11.38 0 12.3234 13.5949 13.9033
11.4 0 10.7972 13.5932 11.8246
11.42 0 -3.69017 0.599385 -1.89301
11.44 0 -8.60433 -8.48969 -7.63109
11.46 0 3.25214 -1.84569 1.88689
11.48 0 -0.936069 -4.62554 -4.56128
11.5 0 -7.77865 -6.84266 -15.6726
11.52 0 0.958169 -0.694304 -9.73954
11.54 0 5.53428 -1.56666 -5.11391
11.56 0 -3.19674 -10.107 -11.8437
11.58 0 -6.26312 -8.34986 -11.6329
11.6 0 -3.23832 -2.35539 -5.75477
11.62 0 -10.1893 -11.2348 -11.5169
11.64 0 -8.37389 -13.9786 -10.3752
11.66 0 -3.31682 -9.73243 -6.55477
11.68 0 -5.94895 -8.20178 -10.1431
11.7 0 -5.49846 -5.05605 -11.4107
11.72 0 -4.56843 -7.12818 -13.3975
11.74 0 0.795458 -6.23152 -10.622
11.76 0 2.25454 -4.18179 -9.32842
11.78 0 -0.758955 -2.65934 -9.86986
11.8 0 -1.54394 -1.39026 -7.48126
11.82 0 -0.577558 -4.54395 -2.63509
11.84 0 -3.22517 -3.77764 1.42367
11.86 0 -4.70634 -0.450909 2.86091
11.88 0 -4.19772 0.0268092 3.09177
11.9 0 -3.30251 -3.73797 0.977781
11.92 0 1.83759 -1.57901 2.49013
11.94 0 3.32724 2.25742 1.34539
11.96 0 4.33898 7.32752 0.892988
11.98 0 7.96066 11.4099 3.74579
12 0 9.32682 10.1867 5.67588
12.02 0 7.57221 7.2014 6.65977
12.04 0 4.68917 6.57134 8.48767
12.06 0 3.1682 8.55434 12.3235
12.08 0 3.71208 10.8754 17.5533
12.1 0 2.6224 9.36571 19.8627
12.12 0 2.64991 8.78004 21.9254
12.14 0 -2.10768 3.87001 16.991
12.16 0 -11.0635 -6.85758 4.43136
12.18 0 -8.96682 -9.23966 -0.912649
12.2 0 -3.26208 -7.16603 -4.42654
12.22 0 5.94042 2.66546 -3.47871
12.24 0 15.1773 15.6584 0.496417
12.26 0 17.8898 21.0483 1.89812
12.28 0 10.669 11.7194 -2.50872
12.3 0 2.85507 -0.677718 -4.3281
12.32 0 -3.21047 -7.54664 -2.62021
12.34 0 -7.92604 -8.12796 0.47992
12.36 0 -12.02 -8.10479 1.44901
12.38 0 -11.3993 -7.81779 2.71101
12.4 0 -6.1914 -6.26441 4.5739
12.42 0 -2.72117 -4.18745 1.9168
12.44 0 -0.730786 0.241116 -5.26753
12.46 0 0.310403 -0.93048 -14.9201
12.48 0 8.91154 0.052376 -12.6664
12.5 0 13.5051 4.39991 -7.69644
12.52 0 9.65978 9.56802 -3.0893
12.54 0 0.414595 8.94 2.39556
12.56 0 -6.65891 -5.36216 6.72072
12.58 0 -9.16121 -11.3633 10.3765
12.6 0 -8.23336 -5.21675 12.6316
12.62 0 -8.40581 1.52877 6.8386
12.64 0 -3.92666 1.98934 0.333866
12.66 0 3.2426 -2.91525 -2.75829
12.68 0 1.15078 -9.91054 -11.7024
12.7 0 1.30174 -4.41923 -14.5134
12.72 0 8.42834 9.85032 -7.45856
12.74 0 9.75792 12.2258 -4.13923
12.76 0 8.45101 6.98538 -0.760453
12.78 0 8.15956 5.23029 6.9
12.8 0 0.903511 2.91811 10.1231
12.82 0 -10.8866 -3.47526 7.51343
12.84 0 -17.5565 -11.622 4.05702
12.86 0 -14.6606 -15.6312 2.94095
12.88 0 -8.1219 -12.7056 0.954231
12.9 0 -8.94106 -10.9769 -8.67241
12.92 0 -6.46065 -7.03499 -16.3328
12.94 0 1.26753 -3.84796 -19.4337
12.96 0 6.49507 -4.69606 -22.7537
12.98 0 13.6878 2.3664 -18.3218
13 0 13.7875 9.52873 -13.1287
13.02 0 4.90905 6.5175 -11.8296
13.04 0 4.50952 5.01532 -0.683705
13.06 0 2.0265 -0.17801 9.69367
13.08 0 -9.28638 -10.5145 15.7315
13.1 0 -17.8741 -5.5126 18.7862
13.12 0 -21.1811 -4.80037 15.9047
13.14 0 -13.1908 -7.97528 11.82
13.16 0 0.625812 -4.62375 5.20576
13.18 0 9.55998 1.94819 -6.11071
13.2 0 17.292 12.7181 -10.8732
13.22 0 17.3967 19.3407 -13.431
13.24 0 14.9019 14.4473 -12.461
13.26 0 13.1142 5.94944 -4.13684
13.28 0 0.423525 -7.44118 4.83126
13.3 0 -17.4451 -8.69093 7.5407
13.32 0 -20.3569 -6.86749 12.1315
13.34 0 -15.867 -10.5869 13.6422
13.36 0 -3.0689 -8.35279 14.7508
13.38 0 6.1141 5.11644 11.8783
13.4 0 5.32963 16.9019 -1.2829
13.42 0 9.7697 15.9274 -9.13981
13.44 0 20.4676 8.96045 -5.14268
13.46 0 13.8129 -2.07981 -7.99468
13.48 0 -4.91579 -8.32503 -13.3437
13.5 0 -14.0093 -6.27172 -8.62658
13.52 0 -13.1659 -7.73656 -1.488
13.54 0 -13.744 -18.4478 -2.38592
13.56 0 -3.12468 -10.5626 5.09924
13.58 0 10.1953 13.1159 16.1707
13.6 0 -1.07523 11.7119 2.43352
13.62 0 -0.981343 5.40861 -2.71417
13.64 0 10.7064 2.67395 3.25727
13.66 0 8.19058 -2.06124 -0.270625
13.68 0 6.39731 8.09674 2.17301
13.7 0 3.44504 14.5997 4.78274
13.72 0 -2.09518 4.19892 2.7502
13.74 0 -0.313576 -4.93445 6.11814
13.76 0 -2.28773 -8.26601 6.04434
13.78 0 -9.39381 -6.6846 0.639629
13.8 0 -3.87562 4.72411 4.4703
13.82 0 3.29691 7.74296 6.38775
13.84 0 4.17441 1.13182 0.847907
13.86 0 5.79774 0.849902 -2.10646
13.88 0 6.39596 5.25059 -2.89029
13.9 0 5.34484 7.49395 -1.60691
13.92 0 4.88854 6.55746 3.48288
13.94 0 -2.07025 -0.186181 5.07425
13.96 0 -4.07983 -4.44872 6.74289
13.98 0 -4.7353 -2.88067 6.50876
14 0 -9.12386 -5.02106 -1.51366
14.02 0 -6.70138 -6.36193 -5.78908
14.04 0 -1.97433 -8.45566 -7.82901
14.06 0 -0.0783648 -7.51444 -10.6968
14.08 0 3.36162 0.49416 -9.30568
14.1 0 3.27971 4.08884 -9.514
14.12 0 1.24652 0.0737451 -10.5452
14.14 0 2.29631 -3.09701 -6.87681
14.16 0 -2.19975 -7.65156 -6.59255
14.18 0 -10.5668 -12.2009 -9.4038
14.2 0 -7.2773 -6.14215 -2.4521
14.22 0 -3.53174 -2.47888 2.9348
14.24 0 -2.87249 -2.2168 3.09696
14.26 0 0.345189 1.65845 4.13141
14.28 0 1.93019 3.62988 2.60932
14.3 0 2.22751 2.10826 -0.829207
14.32 0 3.54368 0.0229976 -3.27822
14.34 0 2.43107 0.935905 -3.48992
14.36 0 0.816603 1.86891 -1.90403
14.38 0 -0.0703908 0.872975 0.818954
14.4 0 -0.223553 -0.110651 3.30546
14.42 0 -2.84059 -2.1645 1.87815
14.44 0 -3.80587 -2.55387 0.902923
14.46 0 -1.79568 -1.02847 1.41271
14.48 0 -0.316906 -0.538562 0.470901
14.5 0 2.55619 1.9625 0.983248
14.52 0 4.57115 4.77226 1.57674
14.54 0 5.01644 6.20388 1.90499
14.56 0 5.64507 7.00918 3.70508
14.58 0 5.75193 7.1767 6.17379
14.6 0 3.42184 5.52704 7.11443
14.62 0 -0.938594 1.77959 6.01247
14.64 0 -3.24649 -0.836655 5.78074
14.66 0 -2.32379 -0.63172 7.11946
14.68 0 1.39864 3.44198 9.88663
14.7 0 4.91849 8.75627 11.8459
14.72 0 7.30549 12.624 12.6369
14.74 0 8.0927 13.1268 11.9636
14.76 0 5.36582 8.11399 8.55219
14.78 0 -1.07165 -0.311353 1.16085
14.8 0 -11.1607 -10.1725 -8.74196
14.82 0 -7.87289 -14.4078 -11.7632
14.84 0 -2.5532 -11.8536 -11.4677
14.86 0 -5.47133 -10.7282 -16.9094
14.88 0 -4.251 -5.72459 -16.9865
14.9 0 6.02519 3.73348 -7.53377
14.92 0 7.85897 4.09171 -4.0288
14.94 0 2.10484 -0.310244 -4.83743
14.96 0 0.709835 1.09273 0.769998
14.98 0 -3.85835 -1.67184 3.33678
15 0 -8.77347 -6.98659 3.90739
15.02 0 -9.34887 -7.65306 4.33762
15.04 0 -7.06454 -4.88296 2.68741
15.06 0 -1.9009 -0.732796 0.815892
15.08 0 0.926455 -1.07242 -3.40882
15.1 0 1.37383 -2.57266 -8.84726
15.12 0 1.52091 -3.06027 -12.4465
15.14 0 4.68352 0.814041 -10.4065
15.16 0 10.6908 8.96613 -1.9829
15.18 0 1.3449 1.46491 -5.42576
15.2 0 -3.89032 -4.86255 -2.5755
15.22 0 3.13135 2.32002 14.11
15.24 0 -6.21705 0.0365604 11.6349
15.26 0 -12.1779 -2.62525 6.7581
15.28 0 -3.14519 0.57058 10.2817
15.3 0 4.12026 0.480704 6.69037
15.32 0 5.1289 2.13168 -3.08241
15.34 0 8.93784 11.0022 -3.67085
15.36 0 10.5582 12.0661 -2.23152
15.38 0 9.23277 7.004 0.998039
15.4 0 3.18753 2.91526 6.78337
15.42 0 -8.94937 -7.50944 3.15687
15.44 0 -13.1033 -9.47791 2.51677
15.46 0 -7.86678 -4.94209 4.96913
15.48 0 -2.08289 -0.940339 2.82993
15.5 0 1.93788 0.853414 -1.88708
15.52 0 3.2333 -0.505514 -6.74411
15.54 0 2.30339 -1.98786 -11.0644
15.56 0 1.06922 -2.69954 -12.927
15.58 0 1.93602 -1.50269 -10.2752
15.6 0 3.47072 0.852718 -4.49306
15.62 0 2.28898 1.62861 1.14328
15.64 0 -3.15048 -1.7375 4.35127
15.66 0 -9.71183 -6.10716 3.8819
15.68 0 -9.84348 -6.43734 4.23675
15.7 0 -6.30967 -5.27747 2.86453
15.72 0 1.77375 -0.510173 0.871207
15.74 0 7.19215 5.37735 -2.5317
15.76 0 5.95542 6.41064 -6.89294
15.78 0 7.00809 5.74304 -5.10189
15.8 0 7.6053 3.72053 0.854593
15.82 0 3.59746 2.72635 5.68303
15.84 0 -3.55446 2.37439 6.64478
15.86 0 -7.70355 0.631287 7.55212
15.88 0 -3.90134 -1.82495 10.6034
15.9 0 -0.283652 -2.7492 10.2668
15.92 0 -1.3863 -0.722068 4.47307
15.94 0 -1.7851 4.31297 -3.23483
15.96 0 3.49015 4.76992 -6.29217
15.98 0 9.06379 0.771981 -5.97487
16 0 8.7337 -0.0437811 -5.29468
16.02 0 1.72067 1.75044 -5.58621
16.04 0 -5.914 1.77906 -2.3003
16.06 0 -4.85926 -2.89072 4.80391
16.08 0 -2.81846 -6.85496 8.37999
16.1 0 -4.12092 -4.25935 6.55763
16.12 0 -5.17691 1.84021 1.68276
16.14 0 -2.17146 2.61023 -2.8468
16.16 0 5.91361 -0.697901 -3.68014
16.18 0 9.04511 -0.170907 -4.06826
16.2 0 2.59702 2.62931 -7.00289
16.22 0 -1.34315 4.169 -6.0441
16.24 0 1.15477 0.658774 0.271331
16.26 0 0.674727 -4.98692 4.87149
16.28 0 -3.81572 -3.98612 5.30261
16.3 0 -7.44478 0.424873 3.61939
16.32 0 -6.57046 -0.232262 1.29075
16.34 0 -0.796662 -3.65825 0.100568
16.36 0 3.47505 -3.74973 -1.90799
16.38 0 2.81505 -0.130282 -5.56425
16.4 0 1.83002 4.14425 -7.03761
16.42 0 3.30795 4.43981 -5.2088
16.44 0 4.12509 0.526735 -2.36055
16.46 0 2.07474 -2.84631 0.792387
16.48 0 -2.64514 -1.67957 3.1867
16.5 0 -8.02677 -1.49893 2.62534
16.52 0 -7.50619 -3.0768 2.97851
16.54 0 -3.35226 -5.09796 2.51517
16.56 0 -0.443322 -4.45571 -1.36267
16.58 0 3.793 0.988721 -4.6371
16.6 0 3.24283 3.80297 -8.45103
16.62 0 3.13244 2.94881 -8.27567
16.64 0 4.9509 0.54176 -3.00765
16.66 0 3.63235 -0.354298 2.75814
16.68 0 -1.78183 1.53888 5.19029
16.7 0 -7.59415 0.656489 4.17896
16.72 0 -7.1444 -4.11523 3.87194
16.74 0 -3.26664 -6.85992 4.03807
16.76 0 -1.2574 -4.51745 1.61249
16.78 0 -0.93895 1.51037 -2.87002
16.8 0 3.85601 7.72887 -3.56512
16.82 0 9.4218 7.183 -1.53058
16.84 0 10.5642 4.27409 0.786514
16.86 0 5.87882 4.32627 1.9523
16.88 0 -0.400463 5.4821 2.93323
16.9 0 -1.68651 4.89067 7.0587
16.92 0 -0.936181 0.729649 10.4667
16.94 0 -0.662392 -1.06626 12.1432
16.96 0 -2.23326 0.873997 10.9078
16.98 0 -4.19715 2.43265 6.64941
17 0 -2.6564 1.30463 2.19515
17.02 0 2.36464 0.568438 -2.25398
17.04 0 6.20329 0.0163808 -6.49682
17.06 0 6.86152 1.4778 -8.32802
17.08 0 3.28362 3.23659 -8.08536
17.1 0 -0.382751 1.98131 -5.27959
17.12 0 0.287429 -2.87648 0.59097
17.14 0 -2.94455 -6.8852 3.08131
17.16 0 -7.14866 -4.65972 2.87433
17.18 0 -8.00689 -1.09534 1.86477
17.2 0 -4.86024 -2.18287 0.400523
17.22 0 0.866353 -3.56691 -0.198651
17.24 0 2.60096 -3.19522 -2.88531
17.26 0 0.699285 -0.0557072 -6.8309
17.28 0 -0.0691563 1.76363 -8.49684
17.3 0 0.443031 -1.32788 -8.8128
17.32 0 2.16966 -4.04664 -6.65026
17.34 0 1.68482 -3.22803 -3.96052
17.36 0 -3.27758 -2.4589 -4.13027
17.38 0 -5.90641 -2.54147 -2.89531
17.4 0 -4.44752 -4.63702 0.693943
17.42 0 -4.50829 -7.44462 0.964332
17.44 0 -5.0724 -5.61019 -1.09321
17.46 0 -2.97051 -0.724025 -2.4975
17.48 0 2.46804 2.30255 -2.45495
17.5 0 7.70072 2.97043 -2.21526
17.52 0 5.49424 3.85633 -2.66188
17.54 0 2.41286 4.19863 -0.738287
17.56 0 1.01067 3.02021 3.51305
17.58 0 -0.489687 1.0024 5.77145
17.6 0 -2.71428 -1.06183 5.79825
17.62 0 -3.78801 -1.70912 5.09646
17.64 0 -1.89912 0.324657 5.44539
17.66 0 1.4294 3.29859 5.81636
17.68 0 3.31235 4.66209 4.35189
17.7 0 3.56265 4.25474 1.71193
17.72 0 3.6074 3.46808 -0.15069
17.74 0 4.36242 3.6998 0.0907851
17.76 0 4.86824 4.56153 1.96724
17.78 0 3.07898 4.2479 2.91532
17.8 0 0.351599 2.44757 3.39657
17.82 0 -1.41121 0.242511 4.19434
17.84 0 -1.00266 0.112627 6.10395
17.86 0 -0.950664 0.819156 6.53478
17.88 0 -2.11097 0.455699 4.31509
17.9 0 -1.25285 0.870951 1.98219
17.92 0 1.41781 1.51005 -0.204585
17.94 0 2.93888 1.14265 -2.66933
17.96 0 1.9931 0.0241571 -4.6127
17.98 0 0.853026 -0.705146 -4.56025
18 0 0.770001 -1.6705 -3.4365
18.02 0 -1.87025 -3.33152 -3.84376
18.04 0 -4.27156 -4.57743 -4.11624
18.06 0 -4.82605 -5.30159 -3.69799
18.08 0 -4.06117 -5.44106 -3.28375
18.1 0 -3.5257 -5.21628 -4.08647
18.12 0 -2.09837 -3.49419 -4.37199
18.14 0 -0.307825 -1.46804 -4.208
18.16 0 -0.107263 -1.54019 -5.28297
18.18 0 -0.208826 -2.27299 -5.94489
18.2 0 -0.116716 -2.45664 -5.42814
18.22 0 0.463696 -1.39615 -2.92299
18.24 0 -0.296241 -0.480166 -0.636383
18.26 0 -1.65628 -1.18684 0.513799
18.28 0 -2.01196 -1.80231 1.09918
18.3 0 -1.61298 -1.19668 1.2293
18.32 0 -1.04586 0.838439 1.4886
18.34 0 0.321751 1.5691 1.67004
18.36 0 1.03793 0.705763 0.937979
18.38 0 2.34117 1.5926 1.32957
18.4 0 2.78778 3.17418 1.68561
18.42 0 1.53773 3.03236 0.883381
18.44 0 1.02871 1.95906 0.969844
18.46 0 1.96147 1.6446 2.58561
18.48 0 2.95428 3.08065 4.82633
18.5 0 1.96527 4.25319 5.54945
18.52 0 0.936782 4.54635 5.93202
18.54 0 1.57508 4.3121 7.16619
18.56 0 1.85023 3.12755 7.46733
18.58 0 1.15302 2.40768 6.555
18.6 0 -0.0156862 2.28619 4.68359
18.62 0 -1.07419 1.02186 2.01844
18.64 0 0.0333256 0.134052 0.686513
18.66 0 1.43507 0.259505 -1.01741
18.68 0 2.38957 1.37327 -2.42534
18.7 0 2.87369 2.13372 -2.84952
18.72 0 3.02145 1.94811 -1.76455
18.74 0 1.20462 1.24091 0.286129
18.76 0 -1.50338 0.730677 2.93155
18.78 0 -1.35946 -1.00819 4.62968
18.8 0 -2.52023 -2.05568 3.36339
18.82 0 -2.33119 -0.4471 1.58828
18.84 0 -2.07833 -0.985148 -1.23725
18.86 0 -0.517253 -2.27572 -2.5355
18.88 0 1.66075 -1.43406 -2.49362
18.9 0 1.8494 0.601881 -2.84287
18.92 0 0.611801 1.29663 -3.54623
18.94 0 -1.16362 -1.18069 -4.63254
18.96 0 -2.24596 -4.82262 -5.14757
18.98 0 -1.96511 -5.50865 -4.05293
19 0 -1.87543 -3.33908 -2.77521
19.02 0 -3.37816 -2.38139 -3.37331
19.04 0 -2.84903 -2.21371 -2.99344
19.06 0 -2.03791 -3.86184 -3.19311
19.08 0 -1.96699 -5.05951 -4.20608
19.1 0 -1.59526 -3.46991 -4.54641
19.12 0 -1.74237 -1.98472 -5.25621
19.14 0 -0.428106 -0.929763 -4.60579
19.16 0 1.38132 -0.534278 -3.12397
19.18 0 1.28034 -0.852933 -2.48695
19.2 0 -0.168424 -0.890593 -2.09257
19.22 0 -2.19487 -1.63859 -2.16459
19.24 0 -2.74669 -2.66557 -1.35263
19.26 0 -2.39502 -3.53782 0.115973
19.28 0 -3.12304 -3.96738 -0.359715
19.3 0 -3.88337 -3.38174 -2.10925
19.32 0 -0.704195 -1.8186 -2.85183
19.34 0 2.48356 0.681491 -2.74913
19.36 0 2.95178 3.08233 -1.94245
19.38 0 3.56211 3.86664 0.754113
19.4 0 3.17226 3.57035 3.0561
19.42 0 1.79571 3.38176 4.06292
19.44 0 0.990759 3.20449 5.36659
19.46 0 0.0610207 2.1632 5.70859
19.48 0 0.333379 2.13075 6.49641
19.5 0 0.317188 2.19614 6.35983
19.52 0 -0.0925715 2.01716 5.16734
19.54 0 0.487826 2.2779 4.26598
19.56 0 1.53969 2.46882 3.36486
19.58 0 3.3835 3.81998 3.45407
19.6 0 2.78383 3.43493 1.77918
19.62 0 1.10914 1.7159 -0.382518
19.64 0 2.59991 2.55234 1.08518
19.66 0 4.6066 4.63098 3.97771
19.68 0 2.79349 4.22566 4.0582
19.7 0 -0.783495 1.53942 2.51782
19.72 0 -1.31395 0.0540987 3.19517
19.74 0 0.100345 0.325486 4.99861
19.76 0 0.464296 1.42492 5.30342
19.78 0 -0.187341 2.33124 4.01362
19.8 0 0.0893634 2.41798 2.815
19.82 0 -0.297279 0.0604575 -0.130498
19.84 0 0.954754 -0.555566 -1.94654
19.86 0 2.7971 0.857844 -2.52309
19.88 0 1.38258 0.242537 -4.33979
19.9 0 -0.598747 0.243597 -3.28818
19.92 0 -0.074755 -1.61553 -0.960073
19.94 0 -0.99115 -3.77259 -0.505738
19.96 0 -2.34205 -2.29697 -0.532147
19.98 0 -3.24976 -0.96926 -1.14472
20 0 -3.25771 -2.46615 -2.28967
20.02 0 -1.98139 -4.56025 -2.80661
20.04 0 -1.77009 -5.33926 -4.22614
20.06 0 -1.75021 -3.25886 -5.33518
20.08 0 -0.425646 -0.164206 -4.89034
20.1 0 0.91339 0.323992 -4.23799
20.12 0 2.42126 0.0463879 -2.62618
20.14 0 1.78105 -0.301328 -1.66767
20.16 0 -1.42417 -1.3887 -2.26916
20.18 0 -3.87429 -2.86272 -2.46876
20.2 0 -3.44471 -3.6793 -1.05437
20.22 0 -1.00854 -2.36706 1.58324
20.24 0 -0.498236 -0.387539 1.83235
20.26 0 -1.43091 0.544212 0.0621152
20.28 0 -0.202038 0.944009 -0.302925
20.3 0 0.720398 -0.664901 -1.20748
20.32 0 0.199222 -2.30682 -2.93126
20.34 0 0.523931 -0.823492 -2.89595
20.36 0 0.469244 0.700234 -2.44274
20.38 0 -0.476552 -0.430979 -2.43026
20.4 0 0.0431164 -1.12301 -0.684775
20.42 0 0.589143 -0.235339 1.80094
20.44 0 -1.68775 -0.430094 1.2454
20.46 0 -1.90832 -0.429679 0.939392
20.48 0 1.13637 0.90512 2.21328
20.5 0 2.35043 2.16936 2.17108
20.52 0 1.21054 2.71154 0.999292
20.54 0 0.381115 2.0096 0.653107
20.56 0 1.53876 1.42762 2.24427
20.58 0 2.22295 1.7277 3.59585
20.6 0 -0.078089 1.07506 2.23289
20.62 0 -1.01737 1.17219 1.69936
20.64 0 0.254852 1.33806 2.44702
20.66 0 0.69016 0.275512 1.89182
20.68 0 1.20773 0.886934 1.55111
20.7 0 0.881779 1.73851 0.614279
20.72 0 0.367796 1.30814 -0.398277
20.74 0 0.331985 -0.202696 -0.789007
20.76 0 1.09684 -0.345245 0.0922891
20.78 0 1.04597 0.800065 0.819343
20.8 0 -1.41363 -0.143701 -0.704511
20.82 0 -2.16547 -1.43565 -1.12889
20.84 0 -0.923943 -1.95371 -0.316336
20.86 0 0.485587 -0.769582 0.420115
20.88 0 -0.0454822 0.334227 -0.550116
20.9 0 -0.51034 0.498418 -1.46053
20.92 0 1.22916 0.869284 -0.120645
20.94 0 1.31526 0.0709764 0.256573
20.96 0 -0.839679 -1.10995 -0.881979
20.98 0 -1.20934 -0.451306 -0.401605
21 0 -0.222796 0.252439 0.770616
21.02 0 -0.0753179 -0.315726 0.66657
21.04 0 0.16649 -0.0295042 0.553915
21.06 0 0.374893 0.793422 0.441887
21.08 0 0.477191 1.08482 0.310302
21.1 0 0.495255 0.569438 0.243283
21.12 0 -0.534128 -1.04399 -0.72239
21.14 0 -1.65396 -2.41161 -1.93706
21.16 0 -1.13942 -1.93624 -1.93194
21.18 0 0.385624 -0.186867 -1.02547
21.2 0 0.7086 0.591734 -0.881256
21.22 0 -0.232227 -0.271442 -1.47867
21.24 0 0.124822 -0.337164 -0.504014
21.26 0 1.15433 0.902228 1.47469
21.28 0 0.132765 1.00818 1.64064
21.3 0 -1.55556 -0.257352 0.639659
21.32 0 -0.850923 -0.597939 0.973094
21.34 0 1.20139 0.75038 2.09839
21.36 0 1.11837 1.54108 1.31804
21.38 0 0.138401 1.3085 -0.103103
21.4 0 0.937409 1.23718 0.343978
21.42 0 0.793583 -0.0291535 0.229986
21.44 0 -0.433906 -1.00272 -0.473315
21.46 0 -0.648802 -0.174298 -0.0795408
21.48 0 -0.470144 0.163046 0.219842
21.5 0 -0.544984 -0.727539 -0.235027
21.52 0 0.0491414 -0.698838 -0.210846
21.54 0 0.407775 0.153163 -0.21206
21.56 0 -0.531632 -0.224242 -1.32115
21.58 0 -0.122788 -0.297986 -1.09494
21.6 0 1.36269 0.654759 0.519721
21.62 0 0.907665 0.972767 0.926575
21.64 0 -0.653208 0.425628 0.472988
21.66 0 -1.01996 -0.371436 0.554193
21.68 0 -0.292822 -0.71158 0.963511
21.7 0 0.476116 0.182136 1.16332
21.72 0 0.444372 1.2006 0.611112
21.74 0 -0.46123 0.301204 -0.894309
21.76 0 -1.46374 -2.38334 -2.7593
21.78 0 -0.88936 -3.24957 -3.07217
21.8 0 0.955853 -0.563192 -1.49748
21.82 0 0.616951 1.19668 -1.21308
21.84 0 0.0615487 1.11323 -0.706799
21.86 0 -0.390704 -0.803386 -0.121075
21.88 0 -2.29249 -3.7342 -1.29952
21.9 0 -1.84668 -2.67324 -0.898592
21.92 0 -0.504325 -0.114237 -0.435088
21.94 0 0.995174 1.65551 -0.0982802
21.96 0 2.2836 2.46725 0.781111
21.98 0 2.47042 2.40429 1.69736
22 0 1.94525 2.73717 3.0271
22.02 0 -1.16928 0.490864 1.90418
22.04 0 -2.99602 -1.9984 0.805227
22.06 0 -1.25291 -1.79549 1.44172
22.08 0 0.747579 0.32528 1.52947
22.1 0 2.37684 3.46008 1.4928
22.12 0 1.90675 3.36587 0.142596
22.14 0 2.32721 2.28291 0.670655
22.16 0 2.31072 1.58079 2.15335
22.18 0 -0.842877 -0.0129958 1.51321
22.2 0 -2.01211 -0.360292 1.75468
22.22 0 -1.66462 -0.970475 1.67072
22.24 0 -0.705281 -1.30694 0.717807
22.26 0 -0.439358 -1.09922 -1.35542
22.28 0 0.357138 -0.0914216 -2.52272
22.3 0 1.11161 0.286906 -2.88968
22.32 0 0.456049 -1.10828 -3.71901
22.34 0 0.783734 -0.856351 -2.49363
22.36 0 -0.044121 -0.70398 -1.55384
22.38 0 -1.84285 -1.49853 -1.39673
22.4 0 -2.26776 -2.00738 -0.368926
22.42 0 -1.94427 -2.11379 0.448772
22.44 0 -1.48721 -1.47591 0.430785
22.46 0 -1.33845 -0.949237 -0.699124
22.48 0 -0.79317 -0.905568 -1.89885
22.5 0 0.998483 -0.154616 -1.70064
22.52 0 1.55103 0.13774 -1.90871
22.54 0 -0.196934 -1.32668 -3.63645
22.56 0 -1.01276 -1.97171 -3.69263
22.58 0 0.174905 -0.905718 -1.30595
22.6 0 1.35917 1.1403 1.53077
22.62 0 0.225841 1.7552 2.40166
22.64 0 -1.81872 0.0537533 1.59161
22.66 0 -1.33373 -0.935624 1.8406
22.68 0 -0.656621 -1.20671 1.27544
22.7 0 -0.350553 0.244199 0.452026
22.72 0 1.24612 2.37231 0.697738
22.74 0 2.39133 2.55501 0.810319
22.76 0 2.98342 2.2761 1.33524
22.78 0 2.1618 2.077 1.60961
22.8 0 0.568579 1.84834 1.68205
22.82 0 -0.851591 0.648209 1.65194
22.84 0 -1.34054 -0.882671 1.70332
22.86 0 -0.486856 -0.652483 2.27626
22.88 0 -0.0288236 0.506038 1.907
22.9 0 0.677521 1.99858 1.41825
22.92 0 1.54807 2.45063 0.875259
22.94 0 2.08504 1.5833 0.423846
22.96 0 2.30027 1.28224 0.652227
22.98 0 1.37798 1.44034 0.787052
23 0 -0.716193 1.17764 0.804254
23.02 0 -2.95698 -1.44165 0.128929
23.04 0 -2.87284 -3.92822 -0.175694
23.06 0 -1.01683 -3.05321 -0.137499
23.08 0 0.426536 0.30927 -0.771348
23.1 0 1.17 2.51626 -1.71722
23.12 0 1.47361 1.26394 -2.31249
23.14 0 1.4758 -0.860633 -1.91933
23.16 0 -0.0197208 -1.9821 -1.632
23.18 0 -1.54422 -1.54125 -1.27019
23.2 0 -1.74175 -0.330111 -0.0497959
23.22 0 -1.66813 -0.919464 0.398934
23.24 0 -1.27295 -1.90135 0.223353
23.26 0 -0.998609 -1.81693 -0.626322
23.28 0 -0.64219 -0.714013 -1.60634
23.3 0 0.634489 0.653101 -1.50914
23.32 0 0.636048 -0.178893 -2.22323
23.34 0 0.0893007 -1.53071 -2.81846
23.36 0 -0.550608 -2.01159 -2.7577
23.38 0 -0.725881 -1.24187 -1.77305
23.4 0 -0.446659 -0.166101 -0.334316
23.42 0 0.0901071 0.508792 1.08002
23.44 0 0.0729798 0.341846 1.53125
23.46 0 -0.578325 -0.184444 0.981071
23.48 0 0.144024 0.66799 1.32133
23.5 0 0.364874 0.994705 1.03728
23.52 0 -0.22437 -0.010434 -0.192959
23.54 0 0.331059 0.12689 -0.055193
23.56 0 1.32448 1.22479 0.930064
23.58 0 1.06381 1.4706 1.05072
23.6 0 1.09572 1.86884 1.73028
23.62 0 0.917297 1.68053 2.2517
23.64 0 -0.441374 0.127378 1.38416
23.66 0 -1.46595 -1.20238 0.326236
23.68 0 -0.587958 -0.570185 0.541218
23.7 0 1.45217 1.66842 1.62491
23.72 0 3.40798 4.24063 3.0167
23.74 0 3.54243 4.84527 3.42937
23.76 0 0.706111 2.19983 1.97969
23.78 0 -1.45779 -0.411529 1.49419
23.8 0 -1.30716 -1.16711 2.30285
23.82 0 -1.45932 -1.68697 1.23996
23.84 0 -2.24662 -2.15928 -1.63506
23.86 0 -0.769099 -1.28657 -3.07112
23.88 0 1.71749 -0.0854239 -2.84412
23.9 0 1.92096 0.00702833 -3.34477
23.92 0 1.4238 0.316072 -3.05631
23.94 0 1.01263 0.77902 -1.46795
23.96 0 0.888315 1.19534 1.08099
23.98 0 -0.0871529 0.653892 2.99884
24 0 -2.69362 -1.36667 2.44746
24.02 0 -4.62104 -3.34692 0.617945
24.04 0 -4.68249 -4.55091 -1.58822
24.06 0 -2.4422 -3.98921 -2.9021
24.08 0 0.911079 -1.32578 -3.21881
24.1 0 2.02141 0.289956 -4.31315
24.12 0 0.626191 -0.40234 -6.56877
24.14 0 0.622847 -1.04643 -6.30535
24.16 0 2.19847 -0.241349 -3.09038
24.18 0 0.907024 -0.860277 -0.758021
24.2 0 -3.26006 -2.58769 -0.271475
24.22 0 -4.76249 -2.50833 1.47282
24.24 0 -3.25502 -1.48403 3.50008
24.26 0 -0.644046 -0.97344 3.27652
24.28 0 1.49737 0.42503 0.938328
24.3 0 1.41167 2.5655 -1.8406
24.32 0 1.58275 2.77534 -2.81874
24.34 0 2.50986 0.533599 -1.81596
24.36 0 2.72248 -0.328002 0.286936
24.38 0 1.13937 1.48012 1.86652
24.4 0 -0.828544 2.93561 2.90565
24.42 0 -0.0721985 3.34131 5.10766
24.44 0 1.34563 2.18051 6.63506
24.46 0 0.581797 0.574659 5.62374
24.48 0 -1.26586 0.229234 3.16959
24.5 0 -1.86465 0.431286 0.811551
24.52 0 0.472902 1.17924 0.0404272
24.54 0 4.0683 2.47821 0.690448
24.56 0 3.7796 2.19971 -0.923731
24.58 0 1.30646 1.092 -2.70978
24.6 0 0.896903 1.10974 -1.1635
24.62 0 -0.0545916 -0.397705 0.361362
24.64 0 -1.4143 -1.52876 1.24572
24.66 0 -1.64648 -0.573351 2.6057
24.68 0 -2.27605 0.00287684 2.56442
24.7 0 -1.65138 -0.496011 1.6785
24.72 0 -0.458446 -1.22058 -0.154262
24.74 0 1.15115 -0.335632 -1.56538
24.76 0 2.7028 2.11736 -1.71496
24.78 0 1.54831 1.82421 -2.58606
24.8 0 0.149785 -0.28002 -2.29164
24.82 0 0.716961 -0.727098 0.559283
24.84 0 -0.933407 -1.52697 1.07872
24.86 0 -3.7221 -2.68017 -0.677909
24.88 0 -3.45499 -2.27493 -1.02399
24.9 0 -1.60423 -2.18773 -1.27574
24.92 0 -1.17334 -3.23276 -3.41099
24.94 0 0.324893 -1.81356 -3.96133
24.96 0 3.48561 2.43732 -1.77553
24.98 0 2.60324 3.06227 -1.57814
25 0 -0.566805 -0.242027 -2.26797
25.02 0 -2.19209 -3.56388 -1.13268
25.04 0 -2.03518 -3.30731 1.05647
25.06 0 -1.52811 -0.348809 2.41388
25.08 0 -2.64312 -0.197709 0.311651
25.1 0 0.561792 0.620393 0.565562
25.12 0 4.79822 3.3117 2.49514
25.14 0 3.53392 3.92785 1.32614
25.16 0 0.719624 2.94548 0.221238
25.18 0 -0.164273 0.889586 1.25644
25.2 0 0.041046 -0.664505 3.04413
25.22 0 -0.109044 0.136865 4.02538
25.24 0 -1.71112 0.767252 2.46633
25.26 0 -2.50495 -0.738622 -0.312496
25.28 0 0.126152 -1.45225 -1.14112
25.3 0 1.57363 -1.41352 -2.57625
25.32 0 1.37811 0.31253 -3.69401
25.34 0 1.7809 2.55618 -2.34959
25.36 0 0.705162 0.889384 -1.22424
25.38 0 -0.0274309 -1.19167 0.817192
25.4 0 -0.383429 -0.632034 3.16316
25.42 0 -1.1394 1.0495 3.96737
25.44 0 -1.84205 1.17604 2.98017
25.46 0 -2.3867 -1.50748 0.283549
25.48 0 -1.32192 -3.30984 -1.95726
25.5 0 0.708201 -2.25213 -3.39509
25.52 0 0.757486 -0.742131 -5.23695
25.54 0 0.880082 0.481462 -5.51935
25.56 0 1.34069 0.0888775 -4.00816
25.58 0 0.452749 -1.63915 -2.11728
25.6 0 -0.0857096 -0.824626 1.26813
25.62 0 -2.26573 -0.231033 2.55573
25.64 0 -4.77526 -2.26264 1.15736
25.66 0 -2.06405 -2.24807 1.70038
25.68 0 1.7517 0.168462 1.9923
25.7 0 0.902618 1.35718 -1.35618
25.72 0 1.79225 3.53223 -1.58001
25.74 0 4.55395 4.2882 1.16505
25.76 0 4.29485 2.65577 2.73634
25.78 0 0.295735 0.536411 2.00808
25.8 0 -4.09085 -1.40555 0.418744
25.82 0 -1.58964 0.642566 3.86952
25.84 0 1.61854 2.01342 6.22602
25.86 0 1.06548 1.78865 4.40456
25.88 0 -1.44672 0.436127 -0.0519929
25.9 0 -2.09283 -1.93121 -3.69331
25.92 0 1.20196 -1.91602 -3.51279
25.94 0 3.48578 0.30556 -2.38756
25.96 0 1.39891 1.42549 -2.98299
25.98 0 -0.719641 0.984156 -2.15202
26 0 -0.0722082 0.0352436 1.42963
26.02 0 -0.664071 -1.64549 3.24282
26.04 0 -2.26781 -1.5505 2.8648
26.06 0 -2.20088 0.441505 2.2483
26.08 0 -0.612108 0.931332 1.0934
26.1 0 0.551056 -0.832072 -1.28432
26.12 0 2.43694 -0.13675 -2.00684
26.14 0 2.74142 2.02282 -1.8908
26.16 0 0.0407022 0.92701 -3.1758
26.18 0 -2.11991 -2.59466 -3.5636
26.2 0 -2.28455 -5.10252 -2.33747
26.22 0 -0.205154 -1.8195 0.979501
26.24 0 -0.183961 1.98121 2.00245
26.26 0 -2.23162 0.958143 -0.0387666
26.28 0 -1.84681 -2.39194 -1.28492
26.3 0 -0.0506256 -3.96125 -1.83484
26.32 0 1.95538 -0.268266 -1.29552
26.34 0 1.83546 3.87427 -1.14296
26.36 0 0.863035 3.23587 -0.972168
26.38 0 1.22908 0.2194 1.01946
26.4 0 -0.4061 -2.58092 1.58897
26.42 0 -3.03156 -2.39976 0.833585
26.44 0 -4.22339 -1.86987 -0.740483
26.46 0 -1.76848 -1.55699 -1.0835
26.48 0 2.90553 1.26722 0.941106
26.5 0 3.559 2.88668 0.535188
26.52 0 1.30798 2.21452 -1.29505
26.54 0 1.32642 1.87176 0.021106
26.56 0 1.565 1.01947 2.09842
26.58 0 -0.675472 -0.625937 1.76366
26.6 0 -2.34877 -0.942682 1.39354
26.62 0 -1.06583 0.616972 2.65873
26.64 0 0.86728 1.76769 3.4885
26.66 0 1.97594 2.41781 3.18034
26.68 0 2.09337 2.87084 2.08028
26.7 0 1.16617 1.88836 0.278916
26.72 0 1.56687 1.35631 0.3268
26.74 0 2.57825 2.15515 1.93343
26.76 0 0.366717 1.7903 1.87188
26.78 0 -2.04389 0.194168 1.45566
26.8 0 -1.64855 -1.53229 1.77748
26.82 0 -1.7603 -3.32637 0.00636374
26.84 0 -1.05848 -2.00619 -1.74241
26.86 0 0.883611 1.09623 -1.94915
26.88 0 0.674483 0.444916 -3.55379
26.9 0 -0.163461 -2.24689 -4.95118
26.92 0 0.758478 -2.13678 -3.47227
26.94 0 -0.165286 -1.53203 -2.65886
26.96 0 -3.15237 -2.67216 -3.59427
26.98 0 -3.59464 -3.46171 -2.80707
27 0 -1.12154 -2.39066 -6.61549e-05
27.02 0 -0.475205 -1.31279 0.608372
27.04 0 -2.36296 -1.57325 -1.74174
27.06 0 -2.09691 -1.46213 -2.71682
27.08 0 1.08559 -0.212563 -1.10186
27.1 0 4.13618 1.65046 0.668589
27.12 0 1.9397 1.88924 -0.635159
27.14 0 -1.30822 0.560866 -1.91008
27.16 0 -0.495682 -0.156858 0.459551
27.18 0 -0.10546 -1.57114 1.86058
27.2 0 -1.22524 -1.38191 1.47281
27.22 0 -2.09486 -0.0548949 0.441327
27.24 0 -0.91976 0.80357 0.332222
27.26 0 2.30522 2.04152 2.1013
27.28 0 2.86442 1.75778 1.83218
27.3 0 0.638232 0.798507 -0.251938
27.32 0 0.814283 1.99672 0.525762
27.34 0 3.33864 4.33057 3.90388
27.36 0 2.92865 3.85012 4.83944
27.38 0 -0.253244 1.17467 3.15777
27.4 0 -1.00009 0.590897 3.20565
27.42 0 -0.410125 0.709636 3.47013
27.44 0 -0.0565262 0.579616 2.59701
27.46 0 0.0162648 0.802673 0.952334
27.48 0 -0.900609 -0.778488 -2.0669
27.5 0 -0.147324 -1.71508 -3.3848
27.52 0 1.79368 -0.422525 -2.45295
27.54 0 2.33634 1.85932 -0.891741
27.56 0 0.0933402 1.27192 -0.80269
27.58 0 -1.83073 -1.59064 -0.751404
27.6 0 -1.20715 -2.84398 0.599295
27.62 0 -1.75971 -2.47695 0.213942
27.64 0 -2.73981 -1.45242 -1.45469
27.66 0 -1.37001 -0.485726 -1.82446
27.68 0 0.988227 -0.5296 -1.40941
27.7 0 1.53719 -0.887466 -1.92701
27.72 0 1.14713 0.313092 -2.04192
27.74 0 -0.86299 -0.231558 -2.98275
27.76 0 -2.72262 -3.0493 -3.85221
27.78 0 -3.0031 -5.38566 -3.45506
27.8 0 -1.21806 -3.25813 -1.25829
27.82 0 0.392009 0.640929 0.252789
27.84 0 0.776755 2.50477 0.318959
27.86 0 0.866369 1.29587 -0.0328969
27.88 0 0.910447 -0.346352 0.13042
27.9 0 1.4632 1.01142 1.82862
27.92 0 0.261359 2.0254 2.17979
27.94 0 0.280796 2.70693 3.27177
27.96 0 1.37135 2.6223 4.64033
27.98 0 -0.482672 -0.203812 2.56325
28 0 -1.48389 -1.26487 0.694475
28.02 0 0.0930736 0.674604 0.703599
28.04 0 0.938218 1.31445 -0.161441
28.06 0 1.80812 1.30784 -0.529967
28.08 0 4.06507 3.3215 1.68894
28.1 0 3.11555 3.73114 2.3932
28.12 0 -0.561869 1.9959 1.88456
28.14 0 -2.17632 -0.215878 2.68841
28.16 0 -2.39069 -2.89496 2.53799
28.18 0 -1.90348 -2.84142 1.27323
28.2 0 -0.680762 -0.0736102 -0.380873
28.22 0 1.22147 2.0963 -1.62294
28.24 0 2.10639 0.970462 -2.85946
28.26 0 0.206596 -2.75872 -5.33864
28.28 0 -1.06434 -4.10773 -5.92175
28.3 0 -1.16561 -2.53641 -4.3805
28.32 0 -1.83822 -1.76011 -3.09622
28.34 0 -1.68876 -1.72083 -1.21376
28.36 0 -0.432534 -0.87964 1.38625
28.38 0 -1.48204 -1.16688 1.08287
28.4 0 -3.41298 -2.39169 -1.17204
28.42 0 -1.04837 -1.2315 -0.758808
28.44 0 2.0986 0.0561862 -0.498244
28.46 0 2.12595 0.828851 -1.97505
28.48 0 0.953326 1.5735 -2.62376
28.5 0 -0.444876 -0.22511 -2.57185
28.52 0 0.472091 -0.861302 0.270439
28.54 0 0.610011 0.213915 2.82022
28.56 0 -1.70654 0.44815 2.33946
28.58 0 -2.57201 0.0217535 1.83973
28.6 0 -0.902032 -0.415244 2.19766
28.62 0 1.36027 0.371493 2.48848
28.64 0 2.34676 2.41764 1.8689
28.66 0 0.909051 2.35783 -0.620544
28.68 0 1.60565 2.18585 -0.552559
28.7 0 3.67484 2.50472 1.71404
28.72 0 4.08397 3.52596 3.72084
28.74 0 1.33965 3.47615 3.63884
28.76 0 -1.96198 1.2341 2.53933
28.78 0 -1.99398 -0.749451 3.11289
28.8 0 -0.656348 -1.34717 3.76077
28.82 0 1.61782 2.05845 4.70409
28.84 0 1.55271 4.29949 2.88419
28.86 0 1.71366 4.17053 1.06231
28.88 0 3.01196 2.8558 1.48344
28.9 0 2.17813 1.01073 1.57885
28.92 0 0.728451 -0.0100374 1.0479
28.94 0 -0.41189 0.0945612 0.341506
28.96 0 -0.0941781 1.3137 1.09583
28.98 0 -0.864644 -0.33493 0.201193
29 0 -2.17544 -3.16192 -1.67395
29.02 0 -2.16167 -3.94113 -2.28118
29.04 0 -1.81112 -2.83709 -2.65618
29.06 0 -1.28246 -1.28 -2.90971
29.08 0 -1.28189 -1.62227 -3.92528
29.1 0 -0.640741 -2.51661 -4.23366
29.12 0 0.0168832 -2.57972 -4.00497
29.14 0 -0.662146 -2.3055 -4.38075
29.16 0 -1.53017 -2.01968 -4.6038
29.18 0 -1.59621 -2.24884 -4.10065
29.2 0 -0.771862 -2.32275 -2.76596
29.22 0 -1.0568 -2.63211 -2.28677
29.24 0 -2.09792 -2.65481 -2.44933
29.26 0 -2.9157 -2.83824 -2.81598
29.28 0 -3.21045 -3.85179 -3.47317
29.3 0 -2.94601 -4.84593 -4.23741
29.32 0 -1.92864 -4.11894 -4.4643
29.34 0 -0.0429856 -1.34997 -3.59129
29.36 0 1.77012 1.45119 -2.28199
29.38 0 2.3641 2.2399 -1.29556
29.4 0 2.04832 1.20493 0.298042
29.42 0 0.40299 -0.332549 1.611
29.44 0 -2.65659 -2.17765 0.925449
29.46 0 -3.77653 -2.52608 0.205346
29.48 0 -2.18066 -0.18961 1.34248
29.5 0 0.134305 0.881385 2.18692
29.52 0 0.443512 -0.204125 0.518306
29.54 0 1.88707 1.22656 0.341668
29.56 0 3.61888 4.0724 1.2594
29.58 0 4.13395 5.37752 1.9459
29.6 0 3.8139 4.78284 2.67119
29.62 0 1.87322 2.21061 2.41729
29.64 0 0.444367 0.933865 2.92971
29.66 0 -0.524037 0.841514 3.67939
29.68 0 -2.10535 -0.270399 3.06555
29.7 0 -1.40915 -0.0642985 3.62752
29.72 0 1.79595 2.75402 5.98553
29.74 0 2.47356 4.10162 5.69305
29.76 0 0.351833 2.50346 2.48317
29.78 0 0.685969 1.68134 1.33697
29.8 0 2.70873 2.06583 1.9622
29.82 0 3.18467 2.63602 1.91957
29.84 0 3.07919 4.19376 2.29823
29.86 0 3.80043 6.04651 4.1894
29.88 0 2.27653 4.10817 4.17077
29.9 0 -0.228211 0.426972 3.12883
29.92 0 -0.238544 0.111165 4.28173
29.94 0 0.874398 2.43702 6.15305
29.96 0 -0.425576 2.64619 5.02809
29.98 0 -2.85461 -0.465622 1.3406
30 0 -0.550398 -0.597977 0.227909
30.02 0 1.98293 0.95528 -0.493524
30.04 0 1.57061 0.898804 -2.58555
30.06 0 1.71348 -0.49389 -3.62557
30.08 0 0.826223 -1.9783 -4.27002
30.1 0 -0.061701 -1.24785 -3.37796
30.12 0 -0.897393 -0.520325 -2.08094
30.14 0 -2.45128 -2.12809 -1.8575
30.16 0 -3.87351 -4.76955 -2.3303
30.18 0 -4.16214 -5.74046 -2.47029
30.2 0 -3.58324 -4.63399 -2.53374
30.22 0 -2.28766 -2.47758 -2.58019
30.24 0 -1.74169 -2.25334 -3.81721
30.26 0 -1.73371 -3.61358 -5.84744
30.28 0 -1.81359 -5.01988 -7.77195
30.3 0 -0.435513 -3.75419 -7.56732
30.32 0 3.16555 1.29937 -3.87959
30.34 0 2.83776 2.88983 -2.62908
30.36 0 -0.539455 -0.197316 -3.60508
30.38 0 -1.44976 -2.60943 -2.00261
30.4 0 -2.56279 -4.5337 -0.549235
30.42 0 -5.78691 -6.3113 -1.86582
30.44 0 -5.92509 -4.94676 -1.75338
30.46 0 -2.28666 -1.58643 0.254653
30.48 0 0.373215 -0.0611129 0.265784
30.5 0 1.3786 0.379529 -1.22926
30.52 0 2.06556 1.18504 -2.2977
30.54 0 0.74395 -0.218314 -4.17245
30.56 0 0.98725 -2.23614 -4.95355
30.58 0 0.553702 -2.27873 -4.0595
30.6 0 -1.07654 -0.0800533 -1.49757
30.62 0 -0.165089 2.89228 3.19426
30.64 0 0.205296 2.27716 5.25098
30.66 0 -0.31719 0.440729 5.0559
30.68 0 0.881585 1.83108 6.08124
30.7 0 0.641543 2.87932 5.08164
30.72 0 -0.653841 1.74958 2.33816
30.74 0 1.22995 1.79984 2.12002
30.76 0 3.96075 3.1375 3.05018
30.78 0 4.11014 4.20171 2.58437
30.8 0 2.5989 4.33554 1.5078
30.82 0 2.75507 4.50512 2.56653
30.84 0 3.76966 4.47881 4.86473
30.86 0 2.50587 3.24422 5.48733
30.88 0 0.925643 3.04543 6.09568
30.9 0 0.654234 3.96022 7.54066
30.92 0 -0.218402 2.82938 7.25432
30.94 0 -0.835861 0.921857 5.97851
30.96 0 -0.369507 0.467249 4.72446
30.98 0 -0.128048 0.793292 2.48333
31 0 1.19656 2.27199 0.715651
31.02 0 3.1992 3.89418 -1.03612
31.04 0 4.69709 3.41105 -2.08778
31.06 0 4.31658 1.42611 -2.58785
31.08 0 -0.919822 -0.38687 -2.53192
31.1 0 -3.02083 -3.30802 -1.50164
31.12 0 -3.62217 -5.13339 -0.633441
31.14 0 -4.37289 -4.92082 -1.44343
31.16 0 -5.51005 -5.10319 -3.99723
31.18 0 -4.62921 -5.58992 -5.58574
31.2 0 -2.38454 -5.75512 -6.4291
31.22 0 -1.4956 -5.38274 -8.1276
31.24 0 -1.16528 -3.88385 -9.39269
31.26 0 -0.701951 -2.79356 -9.69143
31.28 0 -0.435528 -3.21151 -9.29393
31.3 0 -0.195051 -3.84335 -7.63463
31.32 0 -1.05703 -3.8997 -5.76649
31.34 0 -3.14636 -4.24933 -4.12959
31.36 0 -3.90079 -4.00591 -0.887043
31.38 0 -2.83347 -1.46971 3.18436
31.4 0 -0.935103 -0.469645 3.98262
31.42 0 -1.36253 -0.142292 1.37447
31.44 0 -1.33003 0.729773 -0.277895
31.46 0 0.357221 0.348804 -1.02815
31.48 0 2.41419 0.10397 -0.947065
31.5 0 3.52039 1.78824 -0.460248
31.52 0 3.16547 3.9014 -0.0435729
31.54 0 3.50057 5.43364 1.76222
31.56 0 4.14843 5.40386 4.41851
31.58 0 4.30751 5.3936 7.10037
31.6 0 1.80912 4.06373 7.55184
31.62 0 -2.84345 0.457752 5.23723
31.64 0 -3.73565 -1.28271 5.02094
31.66 0 -0.337889 0.700078 7.51538
31.68 0 1.81478 3.19881 7.95432
31.7 0 0.441158 3.23095 4.44631
31.72 0 1.38191 3.79769 2.61803
31.74 0 4.03044 4.17237 2.41588
31.76 0 4.86012 3.62927 1.55034
31.78 0 6.20184 6.24022 3.04178
31.8 0 5.4792 7.78049 4.17124
31.82 0 3.12434 6.03582 4.58142
31.84 0 1.71791 3.3888 6.05385
31.86 0 0.899206 1.95034 7.95126
31.88 0 0.460379 3.25406 9.98694
31.9 0 -2.12806 4.70211 10.3432
31.92 0 -2.91851 2.42263 8.7722
31.94 0 0.513564 -0.125676 4.65391
31.96 0 3.80298 0.831823 0.642407
31.98 0 4.21178 2.60998 -1.5149
32 0 2.59333 3.78155 -3.0419
32.02 0 0.689229 1.73621 -4.03014
32.04 0 -2.80918 -5.05144 -6.5131
32.06 0 -6.19573 -11.3045 -8.93456
32.08 0 -6.78782 -11.3989 -8.73837
32.1 0 -5.22066 -6.87716 -6.89987
32.12 0 -3.85191 -3.66226 -6.23396
32.14 0 -2.10154 -3.16164 -6.1313
32.16 0 -0.488573 -3.96621 -6.29047
32.18 0 -1.61168 -5.75199 -8.45357
32.2 0 -1.65904 -4.15047 -8.73764
32.22 0 -1.46344 -3.29124 -8.40352
32.24 0 -3.00868 -5.61239 -9.61004
32.26 0 -2.97714 -6.69996 -8.94512
32.28 0 -4.45294 -8.18005 -9.47656
32.3 0 -5.34176 -8.09649 -9.46348
32.32 0 -4.1606 -6.2141 -7.87319
32.34 0 -2.69172 -4.75359 -6.48624
32.36 0 -0.59813 -2.70905 -4.57133
32.38 0 0.73458 -0.741823 -3.0594
32.4 0 0.7353 0.234501 -2.41657
32.42 0 0.725688 0.657374 -1.45759
32.44 0 -0.192905 -0.574665 -1.22282
32.46 0 -1.43279 -2.29056 -1.11934
32.48 0 -2.46193 -3.11657 -0.593503
32.5 0 -4.61794 -5.01635 -1.09181
32.52 0 -3.50114 -3.18193 1.28231
32.54 0 2.39722 2.14655 4.80841
32.56 0 1.98269 5.83072 3.97361
32.58 0 1.08484 5.33945 2.83509
32.6 0 2.21131 2.43087 2.18459
32.62 0 1.67159 -1.50089 0.316726
32.64 0 0.49959 -1.7538 -1.35208
32.66 0 1.14135 2.37525 -0.495756
32.68 0 3.86981 6.61837 2.48904
32.7 0 4.73564 6.18049 3.85188
32.72 0 2.82442 2.58507 3.15257
32.74 0 1.37232 1.35543 3.69205
32.76 0 1.17001 3.14994 5.78735
32.78 0 0.112515 3.74501 6.61031
32.8 0 -1.35718 1.78427 5.90466
32.82 0 -0.377155 0.961298 6.49466
32.84 0 0.748128 1.49241 6.66092
32.86 0 1.38107 3.41988 6.17415
32.88 0 3.5241 6.8673 6.99121
32.9 0 6.20658 9.43251 8.37759
32.92 0 6.74218 8.99784 8.29868
32.94 0 4.92054 6.61061 6.91376
32.96 0 1.2257 2.87535 4.30442
32.98 0 -3.09125 -2.00474 0.729261
33 0 -0.986274 -0.920451 2.70829
33.02 0 2.15827 2.54032 5.41967
33.04 0 0.283905 2.27765 3.17087
33.06 0 0.547523 2.97796 2.72205
33.08 0 3.54885 4.73474 4.80747
33.1 0 3.45679 3.82336 4.34654
33.12 0 2.54942 3.56574 3.89334
33.14 0 2.59011 4.7521 4.83804
33.16 0 1.48389 3.84463 4.63515
33.18 0 0.171614 1.64968 3.73781
33.2 0 -1.25571 -1.1258 2.05997
33.22 0 -1.33569 -1.10176 0.665433
33.24 0 -2.30938 0.954922 -1.25068
33.26 0 1.74365 -1.0961 -2.44795
33.28 0 1.96227 -4.10168 -4.48255
33.3 0 -0.884593 -3.72293 -6.82415
33.32 0 -3.32345 -2.20897 -7.51574
33.34 0 -1.63921 -1.09195 -4.82461
33.36 0 1.27803 -1.17849 -1.12356
33.38 0 -2.28617 -5.33183 -3.22121
33.4 0 -6.48295 -7.58922 -5.93674
33.42 0 -8.34922 -8.68933 -7.74365
33.44 0 -6.77326 -9.05696 -8.01804
33.46 0 -1.49994 -5.65127 -5.46834
33.48 0 2.10869 -0.761017 -3.87269
33.5 0 1.7582 1.79263 -5.04707
33.52 0 1.83407 2.33362 -5.12365
33.54 0 2.38365 0.553661 -4.03458
33.56 0 0.94894 -2.33702 -3.58504
33.58 0 -2.25052 -4.15482 -3.75798
33.6 0 -7.66597 -7.70934 -6.5007
33.62 0 -7.6108 -8.22458 -5.64834
33.64 0 -2.29459 -4.489 -1.16326
33.66 0 -0.351152 -1.89261 -0.361959
33.68 0 -2.59426 -2.15166 -3.77499
33.7 0 -2.25582 -2.04261 -5.22139
33.72 0 1.26509 -0.936221 -3.73975
33.74 0 3.25871 0.0666347 -2.71496
33.76 0 2.9022 1.6654 -2.31489
33.78 0 0.62765 1.57594 -2.74712
33.8 0 -0.11481 0.483951 -1.53069
33.82 0 -0.16742 -1.40684 0.69201
33.84 0 -2.16167 -3.66573 1.47866
33.86 0 -3.86744 -2.95132 2.63973
33.88 0 -3.96633 -0.318931 3.63063
33.9 0 -2.55145 0.492569 3.302
33.92 0 2.58672 0.268589 2.25876
33.94 0 3.71242 2.81643 0.392902
33.96 0 2.53207 4.56289 -1.44901
33.98 0 2.29964 3.10103 -1.05787
34 0 2.84945 1.12762 1.00828
34.02 0 1.96844 0.747332 1.94934
34.04 0 -0.932648 0.682528 1.26236
34.06 0 -2.89935 -0.450097 0.471577
34.08 0 -3.27326 -3.08628 -0.369854
34.1 0 -0.937869 -2.91927 0.619273
34.12 0 2.35509 1.43208 2.85963
34.14 0 1.70807 3.77456 1.72715
34.16 0 1.94104 4.81551 1.43468
34.18 0 5.55431 6.39138 4.61202
34.2 0 7.49309 7.34369 7.39352
34.22 0 6.91024 9.14868 9.52305
34.24 0 5.72719 11.3059 12.1654
34.26 0 5.12418 11.7217 15.3275
34.28 0 3.91788 9.2494 17.2051
34.3 0 0.626875 4.72056 15.8202
34.32 0 -3.11995 0.899406 12.24
34.34 0 -5.55945 -1.78274 7.46905
34.36 0 -7.36439 -5.6797 0.449084
34.38 0 -3.96394 -5.13209 -4.74633
34.4 0 3.38642 0.529078 -10.3948
34.42 0 7.0165 -1.07877 -14.7248
34.44 0 6.67248 -1.65019 -15.9642
34.46 0 -0.70908 -2.18056 -16.3544
34.48 0 -1.21769 -3.35441 -11.0021
34.5 0 2.39795 -1.85306 -0.644853
34.52 0 0.629104 -1.06799 6.38217
34.54 0 -4.75913 0.473503 9.59015
34.56 0 -8.39185 0.968882 9.8598
34.58 0 -6.65193 -0.968792 9.03594
34.6 0 -3.33454 -4.23534 5.28147
34.62 0 -1.96024 -6.15433 -0.392497
34.64 0 -2.07618 -4.25468 -6.24636
34.66 0 -0.908742 -1.09374 -10.0236
34.68 0 1.80101 -0.500437 -11.8358
34.7 0 2.48044 -4.01774 -14.1812
34.72 0 2.7884 -5.06869 -14.1072
34.74 0 3.30196 -1.04793 -10.2202
34.76 0 0.783895 1.0129 -6.9878
34.78 0 -1.62101 -0.396329 -3.26495
34.8 0 -1.63911 -2.34396 2.19456
34.82 0 -3.98368 -5.16642 4.90099
34.84 0 -6.31472 -4.25904 6.34087
34.86 0 -5.91343 -0.524545 7.48109
34.88 0 -4.3022 0.549408 5.79939
34.9 0 -1.19884 -1.00712 2.87969
34.92 0 2.84489 -0.255867 0.533574
34.94 0 3.8655 1.73386 -3.16496
34.96 0 1.41421 1.17627 -8.35142
34.98 0 2.25444 0.917167 -8.98474
35 0 4.2167 0.0642677 -6.7616
35.02 0 2.0605 -2.34551 -5.87293
35.04 0 -1.065 -2.47955 -3.99512
35.06 0 -2.92976 -2.11611 0.427778
35.08 0 -4.5851 -2.69886 4.4472
35.1 0 -5.87573 -2.69212 5.93992
35.12 0 -4.86023 -2.27418 4.87023
35.14 0 0.165485 -0.92588 2.77876
35.16 0 1.52296 2.51743 -0.626182
35.18 0 3.06056 3.97154 -3.08261
35.2 0 5.94451 3.98677 -2.0353
35.22 0 6.6678 3.42392 0.162276
35.24 0 3.79571 3.67893 1.55825
35.26 0 0.659307 4.32661 2.75887
35.28 0 -0.355078 3.3222 5.19902
35.3 0 1.45386 2.76969 8.93534
35.32 0 2.24187 3.54338 11.2668
35.34 0 0.15448 4.24748 10.3952
35.36 0 -2.71569 2.64313 7.06161
35.38 0 -1.56929 0.984129 5.32981
35.4 0 0.461996 -0.546478 2.94182
35.42 0 0.216871 -1.75941 -1.70219
35.44 0 1.86668 1.8812 -4.6886
35.46 0 4.85067 4.65592 -4.99454
35.48 0 5.88805 2.70734 -4.44486
35.5 0 4.3814 0.330764 -2.52507
35.52 0 1.54196 1.20112 1.05556
35.54 0 -3.17875 1.09085 3.07
35.56 0 -7.82866 -1.73881 4.39488
35.58 0 -5.65329 -5.37504 6.2055
35.6 0 -1.49835 -4.40914 6.0446
35.62 0 -0.0412213 1.22163 1.21358
35.64 0 0.354986 3.68738 -4.7211
35.66 0 2.80812 0.662613 -6.93374
35.68 0 5.68749 -1.17753 -6.03924
35.7 0 4.22546 -0.501566 -5.59085
35.72 0 -1.93414 -1.10494 -7.19956
35.74 0 -3.8558 -1.85993 -4.82841
35.76 0 -1.27867 -2.93293 1.41993
35.78 0 -1.92178 -4.34727 4.09014
35.8 0 -4.85643 -2.63825 3.09972
35.82 0 -5.49443 -0.256606 1.39624
35.84 0 -3.02368 -1.40864 -0.167155
35.86 0 1.3315 -2.48433 -0.906123
35.88 0 2.84927 -1.65413 -2.72847
35.9 0 1.04348 0.489104 -5.83144
35.92 0 -0.614619 0.595915 -7.88003
35.94 0 -0.107448 -2.14499 -7.46954
35.96 0 1.59048 -3.65806 -4.65099
35.98 0 0.813285 -2.49016 -2.04566
36 0 -2.59783 -0.977863 -0.626927
36.02 0 -5.52229 -1.95612 0.363861
36.04 0 -4.37107 -3.23375 2.45399
36.06 0 -0.671439 -1.67486 4.47257
36.08 0 1.21062 -0.400266 1.61709
36.1 0 -0.0792249 1.42892 -3.13724
36.12 0 1.41922 3.48408 -3.35903
36.14 0 4.82244 2.79741 -0.426053
36.16 0 4.80201 1.22969 1.55671
36.18 0 0.402379 0.710939 0.726133
36.2 0 -3.24677 0.65105 0.295017
36.22 0 -2.72249 -0.105131 1.83898
36.24 0 0.100737 -0.947069 4.19328
36.26 0 1.36227 0.0444658 4.83228
36.28 0 0.73815 2.86499 3.86744
36.3 0 0.509087 4.60148 2.78719
36.32 0 1.03489 2.61642 1.57238
36.34 0 2.02074 -0.123953 0.811504
36.36 0 3.06492 0.812079 1.32247
36.38 0 2.9619 4.16105 2.08859
36.4 0 2.6317 6.26027 3.17157
36.42 0 3.13692 5.53928 4.98694
36.44 0 1.63505 1.62011 4.84771
36.46 0 0.786612 0.774315 5.59533
36.48 0 -0.0295521 2.39406 6.16065
36.5 0 -2.499 1.35354 3.86987
36.52 0 -1.70726 0.136298 2.93057
36.54 0 0.333206 -0.408576 1.51066
36.56 0 1.47441 0.0414656 -1.37405
36.58 0 1.67894 1.21011 -3.83771
36.6 0 1.15426 1.19611 -4.299
36.62 0 0.592751 -1.30054 -3.67941
36.64 0 -1.0034 -5.16261 -4.3622
36.66 0 -2.88166 -5.05607 -4.4443
36.68 0 -3.30778 -2.47297 -3.29102
36.7 0 -2.62478 -1.5908 -2.12679
36.72 0 -0.756935 -1.74156 -0.615861
36.74 0 -0.964555 -2.87223 -1.34768
36.76 0 -2.23367 -3.06692 -3.0771
36.78 0 -1.47364 -1.42313 -2.8933
36.8 0 0.0582221 -0.333357 -2.14619
36.82 0 0.144344 -1.19789 -2.63573
36.84 0 -0.830786 -2.47429 -3.67361
36.86 0 -0.353049 -1.45257 -2.78105
36.88 0 -0.337615 -0.727207 -1.91064
36.9 0 -1.29828 -1.56491 -1.86486
36.92 0 -2.11863 -2.73851 -1.91516
36.94 0 -1.88504 -2.67895 -1.27065
36.96 0 -1.14685 -1.44762 -0.54529
36.98 0 -1.93615 -1.57634 -1.83871
37 0 -0.040923 -1.64211 -2.2891
37.02 0 2.96317 0.739183 -1.01056
37.04 0 2.13276 2.77282 -0.741239
37.06 0 -0.0850358 2.07361 -0.494417
37.08 0 -0.373736 -0.0633498 1.21944
37.1 0 -0.349493 -1.47793 2.49949
37.12 0 -1.72374 -1.38014 1.75265
37.14 0 -2.64643 -0.616326 0.557443
37.16 0 -0.477382 0.900815 1.24909
37.18 0 3.23705 2.85687 3.0934
37.2 0 4.57814 4.25908 3.48279
37.22 0 2.86355 4.21681 2.02
37.24 0 1.97713 3.93145 1.89685
37.26 0 2.70123 3.56882 3.58625
37.28 0 1.07882 1.10379 3.24616
37.3 0 -1.37203 -0.850669 2.11296
37.32 0 -1.95674 -0.573882 2.19076
37.34 0 -1.10837 0.282232 2.61695
37.36 0 0.489624 1.21153 2.95301
37.38 0 1.85376 2.24147 2.86003
37.4 0 3.1071 3.89999 3.03362
37.42 0 3.45713 4.77249 2.95102
37.44 0 2.46927 3.58359 2.10386
37.46 0 2.19199 2.63957 2.40618
37.48 0 2.14517 2.44847 3.44307
37.5 0 0.899746 2.25935 3.67841
37.52 0 -0.843236 1.22368 2.96924
37.54 0 -2.74336 0.0909712 2.70723
37.56 0 -1.66591 -0.937306 2.61442
37.58 0 0.12719 -2.08317 0.666093
37.6 0 -0.332684 -2.18674 -3.23388
37.62 0 -0.620412 -1.18273 -5.36862
37.64 0 -0.0730159 -1.15589 -5.73486
37.66 0 -1.27861 -4.12575 -7.34332
37.68 0 -1.65202 -5.31791 -7.28846
37.7 0 -1.47982 -3.99348 -5.85023
37.72 0 -2.65631 -3.38317 -5.42025
37.74 0 -3.78014 -4.24195 -5.33079
37.76 0 -3.03529 -4.72256 -4.05431
37.78 0 -1.75637 -3.92214 -2.54965
37.8 0 -2.19026 -3.12391 -2.81492
37.82 0 -2.85896 -2.66499 -3.70614
37.84 0 -2.30034 -2.81659 -4.06092
37.86 0 0.209983 -1.88485 -2.60408
37.88 0 2.22152 0.232128 -0.776439
37.9 0 1.75544 1.99411 -0.188817
37.92 0 -0.688873 0.973977 -0.816519
37.94 0 -0.387764 -1.05581 0.183383
37.96 0 0.0157157 -1.8929 0.95315
37.98 0 -2.85508 -2.22499 -1.00648
38 0 -3.5873 -1.06432 -1.50241
38.02 0 -0.207551 0.0329385 0.487625
38.04 0 2.45607 0.637923 1.70762
38.06 0 2.66485 1.9895 1.40197
38.08 0 3.16539 5.1778 2.2589
38.1 0 2.60355 5.19836 2.42807
38.12 0 1.96357 2.48452 2.50869
38.14 0 2.36996 1.52574 4.08673
38.16 0 -0.249588 0.307119 3.02023
38.18 0 -1.70459 0.807704 2.70546
38.2 0 0.375345 2.86023 4.87045
38.22 0 2.09341 3.33385 5.99237
38.24 0 1.32532 2.05896 4.52694
38.26 0 0.316327 1.4537 2.78765
38.28 0 1.58729 2.97448 3.13894
38.3 0 3.37119 4.60956 4.00636
38.32 0 2.94037 3.87776 3.10484
38.34 0 0.33324 0.799412 0.455315
38.36 0 0.355424 0.214009 0.588399
38.38 0 1.39449 1.2599 1.94805
38.4 0 1.13797 1.92926 2.31257
38.42 0 0.35085 1.84504 2.14506
38.44 0 -0.80759 0.262931 1.03772
38.46 0 0.513424 0.644023 1.84244
38.48 0 1.99294 2.03147 2.78377
38.5 0 0.762722 2.42878 1.80929
38.52 0 -1.62213 0.864739 0.3239
38.54 0 -0.166503 -1.55313 0.24007
38.56 0 1.43758 -1.8263 0.0302326
38.58 0 -0.80149 -1.4872 -2.82104
38.6 0 -2.15102 -0.992912 -4.07207
38.62 0 -0.758809 -1.03899 -2.95595
38.64 0 0.859527 -1.55389 -1.5094
38.66 0 0.480051 -1.42223 -1.18321
38.68 0 -1.39928 -0.807539 -1.76134
38.7 0 -1.86333 -0.403042 -1.37697
38.72 0 -0.80004 -0.930656 -0.201554
38.74 0 -0.640028 -2.21627 -0.170406
38.76 0 -2.22147 -3.32723 -1.79422
38.78 0 -3.43527 -3.45408 -3.39771
38.8 0 -3.99041 -4.48034 -5.23937
38.82 0 -2.59843 -4.97156 -5.83801
38.84 0 0.306063 -2.95764 -4.71514
38.86 0 2.00887 0.15344 -3.77472
38.88 0 1.16615 1.24446 -4.28624
38.9 0 -0.664628 -0.816065 -5.28344
38.92 0 -1.24249 -3.50468 -4.81086
38.94 0 -2.76683 -6.05981 -4.92654
38.96 0 -5.00704 -7.05199 -5.67211
38.98 0 -4.83332 -5.32167 -4.65348
39 0 -2.46384 -2.65702 -2.52532
39.02 0 -0.212378 -1.00192 -1.15804
39.04 0 0.017051 -0.8642 -1.78395
39.06 0 -0.0135557 -0.857767 -2.29419
39.08 0 1.35228 0.656386 -0.491756
39.1 0 2.65401 1.16434 0.704363
39.12 0 1.18446 1.41072 0.734508
39.14 0 0.185809 3.76333 3.09922
39.16 0 0.735396 4.09862 5.7184
39.18 0 0.757951 1.79301 5.74573
39.2 0 -0.183529 -0.181155 4.48454
39.22 0 -0.875632 0.0684688 3.04856
39.24 0 0.215354 2.24162 2.7826
39.26 0 1.58946 3.03827 2.22874
39.28 0 2.08814 1.83881 0.870531
39.3 0 3.25937 2.24766 0.978211
39.32 0 5.21194 5.43316 3.21406
39.34 0 4.00352 6.15614 3.52761
39.36 0 1.55186 3.99427 3.06924
39.38 0 1.03478 2.10441 4.30439
39.4 0 -0.22295 -0.0431568 4.62261
39.42 0 -1.27798 -0.144483 4.80511
39.44 0 -0.427255 2.27065 6.00906
39.46 0 0.551939 3.58655 6.17291
39.48 0 0.601117 2.36121 4.41185
39.5 0 0.726091 0.897486 2.10876
39.52 0 1.01873 0.398113 0.118247
39.54 0 1.12197 0.773939 -1.70548
39.56 0 1.73373 1.54485 -2.81225
39.58 0 3.13048 2.13093 -1.99981
39.6 0 3.28241 1.74991 -0.614821
39.62 0 0.791218 0.356922 -0.191137
39.64 0 -2.04367 -0.609047 0.657824
39.66 0 -4.31312 -0.968644 2.58558
39.68 0 -3.18077 -2.79162 3.49514
39.7 0 -1.46299 -3.20315 2.04992
39.72 0 0.426464 0.402623 0.0550552
39.74 0 2.08652 3.34168 -1.36276
39.76 0 2.8308 2.64385 -2.05781
39.78 0 2.88711 0.676562 -2.13674
39.8 0 2.13423 0.0702778 -1.4262
39.82 0 0.0596692 0.210811 -0.873283
39.84 0 -1.45207 0.229941 0.236857
39.86 0 -2.31808 -1.19613 1.10756
39.88 0 -3.16181 -3.54673 0.924776
39.9 0 -3.2454 -4.00151 0.524075
39.92 0 -2.88555 -2.67506 -0.310923
39.94 0 -2.54155 -2.05533 -1.95377
39.96 0 -2.82966 -3.74218 -4.98753
39.98 0 -1.56831 -4.56987 -6.63369
40 0 0.138941 -3.64501 -7.24094
40.02 0 0.246584 -2.51252 -8.32189
40.04 0 -0.365295 -2.17941 -9.13673
40.06 0 -1.13892 -3.49789 -9.28385
40.08 0 -0.404941 -3.80784 -7.092
40.1 0 -0.23585 -3.02455 -4.41491
40.12 0 -1.82961 -2.38062 -2.86946
40.14 0 -2.71899 -1.76421 -0.895861
40.16 0 -3.29418 -2.72453 0.404088
40.18 0 -3.08272 -3.47308 1.2708
40.2 0 -1.76189 -2.02555 2.49014
40.22 0 -1.32455 0.223312 1.83156
40.24 0 -0.708143 1.18322 0.387372
40.26 0 0.499395 0.146447 -1.16006
40.28 0 3.42928 -1.11559 -2.46926
40.3 0 3.29625 1.03618 -3.30941
40.32 0 1.29128 3.8909 -2.06708
40.34 0 1.4489 3.82515 1.87332
40.36 0 2.0797 2.10533 5.50005
40.38 0 0.734765 1.09024 6.15436
40.4 0 -1.63424 1.09116 5.39045
40.42 0 -2.42652 1.15287 4.51536
40.44 0 -1.08207 0.616391 4.01793
40.46 0 0.475658 -0.0690316 2.82201
40.48 0 1.85879 1.10396 1.58985
40.5 0 3.85825 4.69432 1.75021
40.52 0 4.0104 5.78192 1.01611
40.54 0 3.07663 3.66127 0.0611119
40.56 0 2.98339 1.84982 0.974174
40.58 0 2.81312 2.08184 2.95632
40.6 0 1.10159 2.8957 4.03357
40.62 0 -1.02079 2.39711 4.24555
40.64 0 -1.59248 0.710818 4.73649
40.66 0 -0.675219 -0.35502 5.44867
40.68 0 0.791419 1.21566 6.15116
40.7 0 1.00432 3.47544 5.18909
40.72 0 0.0225557 3.13639 2.23805
40.74 0 0.198656 0.652052 -0.336339
40.76 0 2.92907 0.727601 -0.59904
40.78 0 4.26802 2.37208 -0.824723
40.8 0 3.52732 3.9436 -1.12327
40.82 0 1.98892 3.10362 -0.599466
40.84 0 -0.102991 0.323238 1.0363
40.86 0 -2.07497 -0.5758 4.18264
40.88 0 -2.60709 -2.76485 4.15608
40.9 0 -4.44041 -3.73439 0.722609
40.92 0 -3.4624 -2.17047 -1.87678
40.94 0 0.107832 -0.61113 -2.01547
40.96 0 2.57641 -0.303504 -2.24822
40.98 0 2.10966 0.0314488 -3.61873
41 0 -0.00981358 -0.382474 -5.26845
41.02 0 -0.537796 -0.918462 -4.82985
41.04 0 -0.869105 -2.74114 -4.04738
41.06 0 -2.69187 -5.32875 -4.50768
41.08 0 -2.55507 -4.12477 -2.93025
41.1 0 -2.55267 -2.33058 -1.82843
41.12 0 -3.40064 -2.77366 -2.47751
41.14 0 -2.15929 -2.898 -2.0254
41.16 0 -0.750834 -2.60649 -1.76666
41.18 0 -1.30292 -2.66567 -3.26599
41.2 0 -1.59362 -2.07906 -4.40507
41.22 0 -0.736335 -1.53277 -4.45463
41.24 0 0.356832 -1.49905 -3.99803
41.26 0 0.766845 -1.28504 -3.42211
41.28 0 1.42805 0.541886 -1.52809
41.3 0 0.0401422 0.533116 -0.989872
41.32 0 -2.36444 -1.85417 -1.65171
41.34 0 -2.2115 -2.89573 -0.346429
41.36 0 -1.45782 -2.50809 1.41008
41.38 0 -1.33859 -0.539795 1.85391
41.4 0 -0.824488 1.39415 1.72606
41.42 0 -0.198404 0.940673 0.679873
41.44 0 0.756733 -0.379644 -0.295239
41.46 0 2.05708 -1.2846 -1.95464
41.48 0 1.76146 0.499312 -2.97943
41.5 0 0.893832 2.79977 -2.11653
41.52 0 0.0796322 1.4194 -0.289722
41.54 0 1.64637 0.822633 3.63195
41.56 0 2.726 2.90337 6.9656
41.58 0 0.213227 3.80418 6.19885
41.6 0 -2.95952 1.39425 3.3955
41.62 0 -2.42679 -1.4938 2.25459
41.64 0 0.381238 -1.84781 2.40968
41.66 0 1.41233 0.169815 1.17903
41.68 0 1.072 2.91919 -1.04584
41.7 0 2.4202 4.26519 -1.37373
41.72 0 5.10614 3.79844 0.701011
41.74 0 5.65195 3.31121 2.76917
41.76 0 1.19196 1.97614 1.54441
41.78 0 -1.89335 1.49595 1.7259
41.8 0 -1.32922 0.967638 4.14185
41.82 0 -0.978702 -1.03614 5.00697
41.84 0 -1.16471 -1.19587 4.54685
41.86 0 -1.56784 0.363719 3.0379
41.88 0 -0.329303 2.27577 1.91739
41.9 0 1.25097 2.07278 -0.175123
41.92 0 3.31366 1.30772 -1.60671
41.94 0 5.52876 2.9358 -0.757154
41.96 0 4.25017 3.86374 -0.457801
41.98 0 -0.0689732 1.36801 -1.1901
42 0 -4.28447 -1.6119 0.141372
42.02 0 -3.25172 -3.69366 3.38577
42.04 0 -1.41939 -3.23946 4.29026
42.06 0 -2.3822 -0.927646 0.965334
42.08 0 -2.5875 0.300161 -2.9152
42.1 0 0.982709 0.0489047 -3.30586
42.12 0 3.41561 -1.55454 -3.34902
42.14 0 1.49741 -2.22576 -5.22687
42.16 0 -1.01651 -0.849324 -5.99442
42.18 0 -1.33096 -0.263506 -4.46592
42.2 0 -1.09676 -2.50422 -2.71771
42.22 0 -1.79905 -4.95921 -1.58628
42.24 0 -3.02118 -4.16264 -0.850885
42.26 0 -3.78509 -1.70174 -0.66039
42.28 0 -3.94414 -1.9955 -1.72403
42.3 0 -1.17274 -2.46558 -1.3422
42.32 0 2.21522 -0.757128 -0.318484
42.34 0 1.46241 0.423876 -2.20071
42.36 0 0.0220568 1.04048 -3.75501
42.38 0 0.764595 0.700921 -2.64756
42.4 0 1.45576 -0.737651 -0.779629
42.42 0 -0.852774 -2.55473 -0.616083
42.44 0 -2.39368 -1.64333 -0.0506668
42.46 0 -1.27791 0.577755 1.65774
42.48 0 0.0644682 0.492528 1.81198
42.5 0 1.55075 1.39025 2.21515
42.52 0 1.58344 2.78245 2.17864
42.54 0 1.28392 3.06968 2.13249
42.56 0 1.79073 2.60802 2.85493
42.58 0 0.524537 0.422959 1.85291
42.6 0 -1.19433 -1.25418 0.313393
42.62 0 -2.01483 -1.72408 -0.85479
42.64 0 -1.61336 -1.67357 -1.5304
42.66 0 0.0786779 -0.763019 -1.25662
42.68 0 1.79257 0.916459 -0.487835
42.7 0 2.5993 2.58309 0.329565
42.72 0 2.14912 2.87753 0.828675
42.74 0 0.446723 1.00531 0.616442
42.76 0 -0.433312 -0.377709 1.15247
42.78 0 0.338233 0.703999 2.95598
42.8 0 0.64816 2.05709 4.04752
42.82 0 0.00681747 2.09779 3.67704
42.84 0 -0.00101054 1.48797 3.19096
42.86 0 0.924179 1.29693 3.11942
42.88 0 1.10612 1.31607 2.07676
42.9 0 1.70918 2.54744 1.54989
42.92 0 2.4365 3.3516 1.51976
42.94 0 1.79837 2.01847 0.610909
42.96 0 1.07161 0.480926 0.293045
42.98 0 0.423395 -0.0671856 0.567257
43 0 -0.782476 1.07048 1.62765
43.02 0 -1.04209 1.49036 2.95565
43.04 0 -1.19735 -1.09393 2.1646
43.06 0 -0.279446 -2.08068 0.854554
43.08 0 0.0450608 -0.433972 -0.967664
43.1 0 -1.09875 -0.371818 -3.6168
43.12 0 -0.312056 -1.14498 -4.09782
43.14 0 0.685846 -2.2645 -3.68183
43.16 0 -0.33748 -3.04492 -4.24057
43.18 0 -2.22016 -2.96872 -4.93767
43.2 0 -3.25961 -3.26836 -5.02385
43.22 0 -2.22033 -3.48178 -3.64481
43.24 0 0.520641 -1.50045 -0.614789
43.26 0 0.251118 -0.237243 -0.0884908
43.28 0 -2.75493 -1.5643 -2.31525
43.3 0 -3.49822 -3.26116 -3.1633
43.32 0 -2.71747 -4.9109 -3.40918
43.34 0 -2.99332 -6.00645 -5.06765
43.36 0 -2.03979 -3.80936 -5.51548
43.38 0 1.94713 1.63549 -2.47401
43.4 0 4.53539 3.95471 -0.554225
43.42 0 3.41214 2.37643 -0.272414
43.44 0 0.731775 0.918623 0.924938
43.46 0 -0.934811 1.00965 3.47586
43.48 0 -0.500863 2.27777 6.3497
43.5 0 -0.929507 1.82493 6.5569
43.52 0 -1.26306 0.706753 5.30981
43.54 0 -0.0946166 0.793334 4.32451
43.56 0 2.31086 3.21841 3.80647
43.58 0 3.38293 4.62479 2.13995
43.6 0 2.45096 2.98009 -0.843622
43.62 0 3.36869 2.12943 -0.582955
43.64 0 4.13044 2.66384 1.40967
43.66 0 1.75479 2.44223 1.89389
43.68 0 -0.896996 1.66618 2.27909
43.7 0 -1.01876 0.888711 4.12504
43.72 0 -1.68651 -0.503585 4.61161
43.74 0 -3.24286 -2.2634 2.55394
43.76 0 -1.97425 -1.36463 0.862574
43.78 0 0.823864 0.593209 -0.765922
43.8 0 1.93517 0.718364 -3.39917
43.82 0 1.98136 -0.0334939 -4.7944
43.84 0 1.66847 -0.247408 -4.32772
43.86 0 0.589924 -0.925945 -3.26014
43.88 0 -1.5252 -2.53998 -2.79437
43.9 0 -1.34174 -1.47978 0.124754
43.92 0 -0.847373 0.217193 2.74767
43.94 0 -2.78353 -1.04841 1.65008
43.96 0 -3.7853 -2.96422 -0.373851
43.98 0 -1.42215 -2.30058 -0.543058
44 0 1.0646 -0.382416 -0.679787
44.02 0 0.607324 -0.0332502 -3.09726
44.04 0 -0.0563278 -0.67683 -4.83367
44.06 0 0.0839246 -1.72786 -5.08619
44.08 0 -0.139721 -2.88765 -4.66
44.1 0 -1.41497 -3.47767 -4.24137
44.12 0 -2.52018 -2.93512 -3.23004
44.14 0 -1.59245 -1.04023 -0.347668
44.16 0 -0.416299 -0.187379 1.61965
44.18 0 -0.561072 -1.02277 0.946535
44.2 0 -0.216428 -0.311696 0.225522
44.22 0 0.735178 1.90526 0.605852
44.24 0 0.84822 2.37989 0.881648
44.26 0 1.53712 1.58101 1.75629
44.28 0 2.26324 1.73164 2.97351
44.3 0 0.594785 1.32655 2.17662
44.32 0 -1.76641 -0.0277775 0.376779
44.34 0 -0.936173 -0.178512 0.859002
44.36 0 2.17119 1.7391 3.23633
44.38 0 3.0535 3.39178 3.83582
44.4 0 1.14982 3.09694 2.12129
44.42 0 0.937912 2.72717 2.03059
44.44 0 2.24307 2.47192 3.37846
44.46 0 1.18372 0.92182 2.65245
44.48 0 -1.0987 -0.384077 0.793008
44.5 0 -1.5994 -0.41302 0.112216
44.52 0 -0.26483 -0.0318443 0.489631
44.54 0 0.37347 -0.442264 -0.073226
44.56 0 0.724564 0.0303457 -0.720716
44.58 0 2.30709 2.54195 0.469145
44.6 0 2.97046 3.72455 1.6549
44.62 0 2.17663 2.78824 2.28193
44.64 0 -0.199662 1.15234 2.58286
44.66 0 -3.32149 -1.27986 1.96838
44.68 0 -2.95992 -2.73877 1.88298
44.7 0 -1.57365 -2.69235 0.630387
44.72 0 -0.0275314 -0.619109 -1.33983
44.74 0 1.0745 0.936611 -3.0512
44.76 0 1.44276 0.412223 -4.28242
44.78 0 1.9638 -0.462612 -3.86433
44.8 0 0.371029 -1.85154 -4.08456
44.82 0 -1.79377 -2.7314 -3.80279
44.84 0 -2.45947 -2.48756 -2.03954
44.86 0 -2.11107 -2.0689 -0.0243641
44.88 0 -2.0529 -1.93775 0.776587
44.9 0 -2.15734 -1.70392 0.381041
44.92 0 -1.44056 -0.988467 -0.162975
44.94 0 -0.649669 -0.918138 -1.28985
44.96 0 -0.488174 -1.75436 -3.1239
44.98 0 0.546162 -1.24368 -3.51107
45 0 2.29444 1.01438 -2.06795
45.02 0 1.07256 0.737596 -2.3191
45.04 0 -1.03859 -1.26014 -2.67355
45.06 0 -1.36356 -2.19953 -0.901234
45.08 0 -1.74243 -2.25953 0.536593
45.1 0 -2.09629 -1.37567 0.912648
45.12 0 -1.67891 -1.1069 0.0138595
45.14 0 -0.190387 -1.01645 -1.15281
45.16 0 0.62523 -0.0908919 -1.97063
45.18 0 0.666625 0.818288 -2.04356
45.2 0 0.341487 -0.0872952 -1.83515
45.22 0 0.731296 -0.508896 -0.410376
45.24 0 2.23186 2.04788 2.53968
45.26 0 1.72698 3.76515 3.88797
45.28 0 -0.889175 2.01126 2.43461
45.3 0 -1.13646 -0.113243 2.28379
45.32 0 0.563153 -0.314465 3.43163
45.34 0 0.29687 0.148078 2.63447
45.36 0 0.37838 2.2611 2.11928
45.38 0 2.60533 4.93761 3.43893
45.4 0 3.46651 4.41239 3.46541
45.42 0 2.65475 2.36519 2.4816
45.44 0 2.5537 2.69636 3.07862
45.46 0 1.58086 3.18071 3.34748
45.48 0 -0.399638 1.66513 2.41193
45.5 0 -0.42226 0.468379 2.73088
45.52 0 0.518209 0.449524 3.54502
45.54 0 -0.129389 0.53157 2.42924
45.56 0 -1.1592 0.447629 0.202413
45.58 0 -0.527895 -0.0453684 -1.32998
45.6 0 1.20602 -0.756842 -1.91717
45.62 0 2.45378 0.541363 -1.28862
45.64 0 1.18981 2.22885 -0.622886
45.66 0 -1.78203 -0.237203 -1.43054
45.68 0 -2.23785 -4.14766 -1.60932
45.7 0 -1.92537 -4.91034 -1.60308
45.72 0 -1.77501 -2.03599 -1.8982
45.74 0 -0.461083 1.29365 -1.27053
45.76 0 -0.127142 0.343008 -1.91322
45.78 0 -0.450467 -2.82172 -3.07105
45.8 0 0.106701 -2.84492 -2.60633
45.82 0 -1.3704 -2.15877 -3.42796
45.84 0 -2.83978 -2.14287 -4.29493
45.86 0 -0.697753 -1.14666 -2.04438
45.88 0 0.607985 -1.2556 -0.563193
45.9 0 -1.42049 -2.59039 -1.99664
45.92 0 -2.03996 -1.69025 -2.09612
45.94 0 -1.03881 -0.542353 -1.10436
45.96 0 -0.0900898 -0.626637 -0.490972
45.98 0 0.271983 -0.735389 -0.298816
46 0 0.304536 0.220425 -0.0836392
46.02 0 0.0462574 0.648179 -0.216806
46.04 0 -0.398434 -0.673656 -1.02941
46.06 0 1.17015 -0.035561 0.132602
46.08 0 1.61323 1.48024 1.04652
46.1 0 -0.195087 1.34416 0.403122
46.12 0 -0.523898 0.685374 0.943413
46.14 0 1.12093 1.03051 3.02207
46.16 0 1.01506 1.52273 3.48911
46.18 0 -0.824116 0.880716 1.8702
46.2 0 -0.817908 0.61305 1.25757
46.22 0 1.05691 1.00266 1.88431
46.24 0 2.35848 1.86135 2.11183
46.26 0 2.35292 2.96606 1.74595
46.28 0 1.84334 3.26589 1.53071
46.3 0 1.24029 1.9607 1.59973
46.32 0 0.139773 -0.174465 1.31632
46.34 0 -0.670415 -0.463585 1.52364
46.36 0 -0.211134 1.38444 2.68586
46.38 0 -0.788717 1.06982 1.98137
46.4 0 -1.71354 -1.69009 -0.384003
46.42 0 -0.340222 -2.12649 -1.19167
46.44 0 1.41517 0.0982641 -1.17623
46.46 0 1.22295 1.48818 -2.01023
46.48 0 0.0735874 0.264848 -2.85661
46.5 0 0.325866 -1.28941 -2.02003
46.52 0 0.580566 -1.47904 -0.54043
46.54 0 -0.613485 -0.507782 0.0289618
46.56 0 -1.43634 0.620093 0.626663
46.58 0 -1.06923 0.303574 1.3636
46.6 0 -0.759188 -1.28066 1.11577
46.62 0 -1.2546 -2.28325 -0.455719
46.64 0 -1.5494 -1.83726 -2.03661
46.66 0 -0.62478 -0.625584 -2.56498
46.68 0 0.600439 -0.319727 -2.62919
46.7 0 0.698039 -1.13266 -3.08014
46.72 0 0.549045 -1.00227 -2.74411
46.74 0 0.750208 0.406231 -1.14265
46.76 0 -0.279221 0.320211 -0.317041
46.78 0 -1.16369 -0.697074 0.5596
46.8 0 -1.17167 -1.11656 1.7386
46.82 0 -1.66907 -1.20211 1.48977
46.84 0 -2.06921 -1.12156 0.176582
46.86 0 -1.4081 -1.09136 -1.15158
46.88 0 -0.0600649 -1.23402 -2.18204
46.9 0 1.77663 -0.723205 -2.64015
46.92 0 2.57336 0.972211 -2.56384
46.94 0 1.46396 1.81921 -2.32532
46.96 0 -0.262673 0.28469 -1.43366
46.98 0 -1.30179 -2.03721 0.136713
47 0 -1.19625 -1.86975 2.213
47.02 0 -1.55871 -0.15837 2.67548
47.04 0 -1.59512 0.897731 1.91619
47.06 0 0.420736 1.96969 2.39328
47.08 0 2.42361 2.13617 2.59407
47.1 0 2.69183 2.07312 1.70451
47.12 0 2.11437 2.70424 0.965385
47.14 0 2.37778 3.70192 1.85872
47.16 0 2.33572 3.23743 2.99996
47.18 0 0.262968 0.688524 2.30236
47.2 0 -1.27048 -0.833089 1.83855
47.22 0 -2.18266 -1.41671 1.08463
47.24 0 -2.38184 -1.79032 -0.167041
47.26 0 -0.362417 -0.513326 -0.394727
47.28 0 1.6603 0.903149 -0.60491
47.3 0 2.86921 2.20301 -0.616185
47.32 0 2.8921 3.01045 0.00861761
47.34 0 0.73923 1.58846 0.151241
47.36 0 -1.05894 -0.273824 1.22099
47.38 0 -2.03254 -2.16355 1.82271
47.4 0 -3.21216 -3.4342 0.488189
47.42 0 -2.62136 -2.39412 -0.899673
47.44 0 -0.620996 -0.727923 -2.06677
47.46 0 0.832168 -0.749143 -3.6857
47.48 0 1.00503 -1.49702 -5.15095
47.5 0 1.24042 -0.753545 -4.67196
47.52 0 1.66071 1.07262 -2.17126
47.54 0 -0.23527 0.0993369 -0.685767
47.56 0 -2.02327 -1.84099 0.722107
47.58 0 -2.44211 -2.22486 2.21341
47.6 0 -2.94985 -1.87549 1.87511
47.62 0 -2.87799 -2.05288 -0.301289
47.64 0 -0.9219 -2.16332 -2.57479
47.66 0 2.6014 0.369677 -2.6918
47.68 0 3.44545 2.74432 -2.67573
47.7 0 2.31933 2.69283 -2.1875
47.72 0 2.12147 1.8799 0.738507
47.74 0 1.57179 1.46738 4.08888
47.76 0 -0.978659 1.24351 5.13389
47.78 0 -3.66614 -0.0394432 4.31553
47.8 0 -3.04429 -1.34329 3.7415
47.82 0 0.00134996 -0.391572 3.69628
47.84 0 2.15176 2.29776 2.3518
47.86 0 2.47438 3.8443 -0.632066
47.88 0 3.36804 3.42549 -1.82356
47.9 0 4.76237 2.52624 -0.455913
47.92 0 3.62009 1.92542 0.992008
47.94 0 -1.84135 0.957527 1.03155
47.96 0 -4.79955 -1.40537 1.8486
47.98 0 -2.89124 -3.21899 3.74436
48 0 -0.844668 -2.51118 3.39615
48.02 0 -0.515255 0.524675 0.437563
48.04 0 -0.309364 1.69617 -2.92816
48.06 0 1.46202 0.146926 -4.25123
48.08 0 2.9109 -1.58003 -4.21332
48.1 0 1.98372 -1.27838 -4.08775
48.12 0 0.312156 0.781264 -2.85743
48.14 0 -1.43258 0.427798 -1.33865
48.16 0 -2.53568 -2.57275 0.190823
48.18 0 -2.49864 -4.00821 1.87392
48.2 0 -2.74143 -2.36478 1.9216
48.22 0 -2.83021 -0.200575 0.431421
48.24 0 -1.84918 -0.671329 -1.53156
48.26 0 0.284531 -2.13278 -2.87397
48.28 0 2.20442 -1.49167 -3.35395
48.3 0 2.12788 0.584458 -3.79749
48.32 0 0.905306 1.70034 -3.98271
48.34 0 -0.232323 -0.346153 -3.24357
48.36 0 -0.991428 -3.23865 -1.44991
48.38 0 -1.97024 -3.659 0.496955
48.4 0 -3.39602 -1.7338 1.05975
48.42 0 -3.25217 -0.678311 0.656795
48.44 0 0.404819 -0.274729 0.885106
48.46 0 3.32456 1.44001 0.992903
48.48 0 2.5311 3.45019 -0.0111229
48.5 0 0.736641 2.64561 -0.952093
48.52 0 1.0162 0.758942 0.567803
48.54 0 1.59886 0.104145 2.64245
48.56 0 -0.305285 0.139849 2.43806
48.58 0 -1.58922 1.20342 2.24554
48.6 0 -1.4603 0.768657 2.04671
48.62 0 -0.573388 -0.952128 1.40745
48.64 0 1.03528 -0.4384 1.24078
48.66 0 2.25371 2.43874 1.24648
48.68 0 1.67478 3.4164 0.0723987
48.7 0 1.18749 1.84544 -0.611719
48.72 0 1.55418 0.054013 0.120215
48.74 0 0.911001 -0.522521 0.676339
48.76 0 -0.18117 0.744095 1.25373
48.78 0 -0.723467 1.74406 1.96391
48.8 0 -0.8996 0.470691 2.01766
48.82 0 -0.624671 -1.19267 1.6791
48.84 0 -0.0522277 -0.75598 1.29013
48.86 0 -0.251989 0.433782 -0.0178188
48.88 0 -0.410538 0.558131 -1.59667
48.9 0 1.28538 0.584044 -1.33102
48.92 0 3.10611 1.21782 0.0746253
48.94 0 2.76899 2.24456 0.933622
48.96 0 0.832466 2.46886 1.25278
48.98 0 -0.884211 0.898522 1.65575
49 0 -1.84754 -0.739675 2.56082
49.02 0 -2.2762 -2.07729 2.55823
49.04 0 -1.79001 -1.57573 1.6253
49.06 0 -0.205345 0.377488 0.35738
49.08 0 1.38991 1.57568 -1.12199
49.1 0 1.97681 0.917436 -2.53287
49.12 0 1.36153 -0.605806 -3.37141
49.14 0 0.563388 -1.03011 -2.92498
49.16 0 -0.760897 -1.65186 -2.59328
49.18 0 -1.71032 -1.84135 -1.6698
49.2 0 -1.57109 -1.4018 -0.057699
49.22 0 -2.80481 -2.71597 -0.704081
49.24 0 -3.20067 -3.47724 -1.69212
49.26 0 -1.3566 -2.02541 -1.41865
49.28 0 0.489776 -0.268298 -1.30031
49.3 0 1.7123 1.30161 -1.24174
49.32 0 1.21042 0.878778 -1.99616
49.34 0 0.369513 -0.427779 -2.2254
49.36 0 0.00066113 -1.11044 -1.23466
49.38 0 -1.14601 -1.62766 -0.610846
49.4 0 -1.69866 -1.08255 0.207786
49.42 0 -1.35734 -0.696443 0.679644
49.44 0 -0.568406 -0.663967 0.498541
49.46 0 0.893617 0.246468 0.404738
49.48 0 1.58496 1.69006 0.191463
49.5 0 1.6093 2.59524 0.367087
49.52 0 1.52469 2.1539 1.15901
49.54 0 0.588306 0.539857 1.59992
49.56 0 -1.03548 -0.882309 1.31285
49.58 0 -1.13544 -0.247345 1.76381
49.6 0 -0.0743374 1.11058 2.3492
49.62 0 0.705219 1.57227 2.02539
49.64 0 1.43554 1.85065 1.65585
49.66 0 1.66486 1.73066 1.09915
49.68 0 1.39204 1.43298 0.608651
49.7 0 0.646131 1.0917 0.453746
49.72 0 0.351451 0.90498 1.06402
49.74 0 0.109169 0.703704 1.8146
49.76 0 -0.174631 0.524763 2.17175
49.78 0 -0.975596 -0.310597 1.25567
49.8 0 -1.18127 -1.14491 -0.127542
49.82 0 -0.596004 -1.2553 -1.30026
49.84 0 -0.138443 -1.19829 -2.58936
49.86 0 0.699281 -0.441408 -2.75498
49.88 0 0.955665 0.0176061 -2.50499
49.9 0 0.345723 -0.504508 -2.36897
49.92 0 -0.354526 -1.0219 -1.68556
49.94 0 -0.902699 -1.2542 -0.55674
49.96 0 -1.93461 -1.7467 -0.244754
49.98 0 -2.50968 -2.0865 -0.390245
50 0 -1.63196 -1.51735 -0.180485
50.02 0 -0.520014 -0.842232 -0.456451
50.04 0 -0.666872 -1.26155 -2.17385
50.06 0 0.0352244 -1.37957 -3.1958
50.08 0 1.27063 -0.507529 -2.96204
50.1 0 2.01358 1.02726 -1.74921
50.12 0 1.10118 1.55638 -0.519809
50.14 0 -0.766807 0.0584669 0.29392
50.16 0 -0.378385 -0.0135597 2.87858
50.18 0 -0.307084 0.449081 4.20651
50.2 0 -1.54517 0.250299 2.925
50.22 0 -1.45319 0.117253 1.39103
50.24 0 0.235357 0.193344 0.393345
50.26 0 2.07417 1.36353 0.199763
50.28 0 2.36067 1.88567 -0.551158
50.3 0 1.4265 1.3115 -1.2967
50.32 0 1.954 1.80498 0.465709
50.34 0 1.62578 1.74922 2.17397
50.36 0 -0.626198 0.37345 2.07476
50.38 0 -2.00664 -0.0694163 2.37209
50.4 0 -1.19526 0.0080006 3.19599
50.42 0 0.0289041 0.266819 3.07499
50.44 0 0.626135 1.07687 1.6007
50.46 0 0.827695 1.56293 -0.264365
50.48 0 1.283 1.11934 -1.38965
50.5 0 1.45473 0.250953 -1.55901
50.52 0 1.0424 0.0633411 -0.897616
50.54 0 0.0562887 0.209321 -0.0409306
50.56 0 -0.994245 -0.394613 0.382295
50.58 0 -1.2459 -1.30977 0.510315
50.6 0 -1.33766 -1.56216 0.120981
50.62 0 -1.24082 -1.15133 -0.699144
50.64 0 -0.903439 -0.94022 -1.67521
50.66 0 -0.120365 -1.01099 -2.16958
50.68 0 0.440239 -0.992455 -2.43967
50.7 0 0.217127 -0.919551 -2.72002
50.72 0 0.126209 -0.377337 -2.16466
50.74 0 0.0146347 -0.194489 -1.1753
50.76 0 -0.702509 -0.956907 -0.620099
50.78 0 -1.59315 -1.87868 -0.374056
50.8 0 -2.44639 -2.44483 -0.745801
50.82 0 -2.12942 -1.97845 -0.911549
50.84 0 -0.411751 -0.523594 -0.430547
50.86 0 0.505792 -0.0604175 -0.983568
50.88 0 0.761046 -0.592591 -2.25917
50.9 0 1.44563 0.175863 -2.11681
50.92 0 1.32426 1.05263 -1.32527
50.94 0 0.519395 1.03891 -0.137066
50.96 0 0.116839 0.668922 1.72068
50.98 0 -0.940962 -0.35854 2.48598
51 0 -1.94192 -0.958727 2.10522
51.02 0 -1.26449 -0.30862 1.90884
51.04 0 0.391595 1.39777 2.15409
51.06 0 0.919627 1.51325 0.913769
51.08 0 0.977986 0.622557 -0.632582
51.1 0 2.2925 1.35573 -0.148532
51.12 0 2.5011 2.12422 0.441517
51.14 0 1.14375 1.76116 0.476001
51.16 0 0.174676 1.09454 1.18301
51.18 0 -0.00366436 0.568491 2.36315
51.2 0 -0.573334 -0.0447161 2.66357
51.22 0 -1.13969 -0.1334 2.22633
51.24 0 -0.694255 0.487337 1.87557
51.26 0 0.273044 0.839223 1.2537
51.28 0 1.15614 0.982284 0.262136
51.3 0 1.93346 1.36863 -0.284926
51.32 0 1.91911 1.48071 -0.592488
51.34 0 0.897291 0.871906 -0.730968
51.36 0 -0.510416 0.0313777 -0.199653
51.38 0 -1.34757 -0.825106 0.846488
51.4 0 -1.4434 -1.36897 1.53509
51.42 0 -1.40961 -1.41124 0.989653
51.44 0 -1.12587 -0.842312 -0.343573
51.46 0 -0.0849268 -0.160849 -1.48396
51.48 0 0.859433 -0.21143 -2.42763
51.5 0 1.08622 -0.566021 -2.90667
51.52 0 0.618001 -0.489438 -2.7153
51.54 0 -0.163686 -0.608362 -2.08324
51.56 0 -0.827859 -1.2095 -1.10479
51.58 0 -1.30604 -1.53249 -0.0850991
51.6 0 -1.75573 -1.46354 0.353373
51.62 0 -1.73835 -1.07988 0.314796
51.64 0 -1.12202 -0.788724 -0.0668449
51.66 0 -0.306622 -0.800565 -0.850731
51.68 0 0.745829 -0.610307 -1.65482
51.7 0 0.856803 -0.210469 -2.5091
51.72 0 0.767372 0.2289 -2.52442
51.74 0 0.745855 0.427637 -1.36202
51.76 0 0.242247 -0.0263911 0.0264454
51.78 0 -0.506463 -0.257216 1.32907
51.8 0 -1.04476 -0.0825764 2.1699
51.82 0 -1.1332 0.0328649 2.21283
51.84 0 -0.547226 0.141373 1.69913
51.86 0 0.396732 0.577473 0.967534
51.88 0 1.15366 1.27822 0.296455
51.9 0 1.35705 1.51139 -0.222989
51.92 0 1.47145 1.22977 -0.149442
51.94 0 1.48651 1.08986 0.597159
51.96 0 0.862556 1.06897 1.30295
51.98 0 -0.0980958 0.951558 1.76749
52 0 -0.740221 0.709993 2.22292
52.02 0 -0.739738 0.0729193 2.30805
52.04 0 -0.305714 -0.160725 1.88399
52.06 0 0.218879 0.444899 1.0056
52.08 0 0.513859 0.935275 -0.190132
52.1 0 0.924873 0.830378 -0.960522
52.12 0 1.22721 0.442448 -1.00672
52.14 0 0.653952 0.0468223 -0.806178
52.16 0 -0.383531 -0.281684 -0.455546
52.18 0 -0.943009 -0.666876 0.0864156
52.2 0 -1.11589 -1.17284 0.298636
52.22 0 -1.07942 -1.27912 0.00740121
52.24 0 -0.711059 -0.802206 -0.542498
52.26 0 -0.228029 -0.388069 -1.24405
52.28 0 0.226057 -0.405497 -1.82441
52.3 0 0.474671 -0.57608 -2.02884
52.32 0 0.251031 -0.638612 -1.91565
52.34 0 -0.325403 -0.722017 -1.56164
52.36 0 -0.7706 -0.886911 -0.919352
52.38 0 -1.00422 -1.14074 -0.323039
52.4 0 -1.03738 -1.16077 -0.0183868
52.42 0 -0.828147 -0.832493 -0.0746236
52.44 0 -0.416155 -0.406054 -0.4066
52.46 0 0.316138 -0.0121533 -0.67333
52.48 0 0.82091 0.29492 -0.826157
52.5 0 0.771999 0.486135 -0.785619
52.52 0 0.465036 0.527095 -0.322562
52.54 0 0.166481 0.37741 0.489342
52.56 0 -0.161418 0.166599 1.24584
52.58 0 -0.405506 0.188997 1.70897
52.6 0 -0.441409 0.349287 1.71962
52.62 0 -0.133554 0.506399 1.38502
52.64 0 0.438509 0.720155 0.946458
52.66 0 0.845067 0.953686 0.491809
52.68 0 1.05327 1.10489 0.229366
52.7 0 1.09534 1.05607 0.255794
52.72 0 0.911808 0.894944 0.526158
52.74 0 0.404934 0.771508 0.923122
52.76 0 -0.20775 0.541701 1.28116
52.78 0 -0.475659 0.187407 1.51859
52.8 0 -0.387361 -0.035584 1.4564
52.82 0 -0.246564 0.0391227 0.946169
52.84 0 0.0275397 0.262726 0.210175
52.86 0 0.425285 0.374769 -0.426005
52.88 0 0.700207 0.284515 -0.80486
52.9 0 0.566251 0.0884473 -0.927317
52.92 0 0.0869065 -0.156538 -0.805034
52.94 0 -0.365297 -0.491048 -0.500479
52.96 0 -0.663375 -0.825698 -0.228338
52.98 0 -0.857281 -0.958745 -0.185797
53 0 -0.845988 -0.904254 -0.417201
53.02 0 -0.617276 -0.780767 -0.811116
53.04 0 -0.235276 -0.672804 -1.20187
53.06 0 0.0987524 -0.56417 -1.47417
53.08 0 0.192364 -0.451756 -1.56082
53.1 0 0.0310412 -0.418538 -1.40871
53.12 0 -0.221037 -0.519701 -1.00996
53.14 0 -0.460339 -0.6773 -0.506646
53.16 0 -0.644211 -0.732592 -0.106919
53.18 0 -0.699947 -0.620451 0.0650288
53.2 0 -0.526017 -0.406317 0.0333293
53.22 0 -0.0294568 -0.179787 -0.113628
53.24 0 0.389144 0.136373 -0.306752
53.26 0 0.565709 0.461821 -0.397566
53.28 0 0.548912 0.604071 -0.223477
53.3 0 0.431638 0.510103 0.230481
53.32 0 0.181594 0.353561 0.77595
53.34 0 -0.119177 0.297877 1.19921
53.36 0 -0.278743 0.347984 1.39614
53.38 0 -0.155583 0.428289 1.35931
53.4 0 0.18261 0.539301 1.12092
53.42 0 0.536824 0.714945 0.75763
53.44 0 0.752855 0.894189 0.415226
53.46 0 0.802964 0.937405 0.256848
53.48 0 0.691737 0.790406 0.342567
53.5 0 0.408743 0.533514 0.573875
53.52 0 0.0356528 0.308143 0.814015
53.54 0 -0.331068 0.144715 0.930863
53.56 0 -0.451449 -0.0117209 0.874102
53.58 0 -0.273661 -0.125089 0.605815
53.6 0 -0.0072064 -0.0852222 0.127203
53.62 0 0.189348 0.0623852 -0.426101
53.64 0 0.302769 0.116082 -0.829739
