0.01 0 -0.00196871 -0.00211867 -0.00206341
0.02 0 -0.00156297 -0.0021588 -0.00197069
0.03 0 -0.00106341 -0.00220551 -0.00195802
0.04 0 -0.000665898 -0.00212664 -0.00208547
0.05 0 -3.35587e-05 -0.00140093 -0.00189563
0.06 0 0.000761635 -9.92721e-05 -0.00134827
0.07 0 0.00138957 0.00127725 -0.000686518
0.08 0 0.00161833 0.00221172 -0.000115323
0.09 0 0.000821568 0.00175696 -0.000333419
0.1 0 -0.000860643 -0.000213642 -0.00138663
0.11 0 -0.00261821 -0.00295389 -0.00270855
0.12 0 -0.00352593 -0.0052461 -0.00355456
0.13 0 -0.00222999 -0.0050405 -0.00253569
0.14 0 -0.000305364 -0.00311643 -0.000965313
0.15 0 0.000671612 -0.000806403 -0.000168797
0.16 0 0.000968305 0.00154047 0.000171675
0.17 0 0.00193056 0.00425561 0.00134161
0.18 0 0.00157335 0.00454696 0.00128944
0.19 0 0.000111096 0.00228755 0.000110833
0.2 0 -0.000361671 -7.41789e-05 -0.000190844
0.21 0 -0.00137169 -0.0031165 -0.00113047
0.22 0 0.000744827 -0.00201211 0.00111124
0.23 0 0.00350946 0.001711 0.00438708
0.24 0 0.00667608 0.00794497 0.00877948
0.25 0 0.0119787 0.0177646 0.0163155
0.26 0 0.0156954 0.0263972 0.0235347
0.27 0 0.0133198 0.0278255 0.0257684
0.28 0 0.00357825 0.0187773 0.0207337
0.29 0 -0.00812716 0.00311827 0.0121762
0.3 0 -0.0105891 -0.00704147 0.0101174
0.31 0 -0.00684388 -0.0107956 0.0117216
0.32 0 -0.00378268 -0.0107366 0.011139
0.33 0 0.00137789 -0.00245938 0.0121192
0.34 0 0.0109221 0.0149081 0.0178099
0.35 0 0.0193182 0.0325512 0.0235587
0.36 0 0.0145012 0.0338617 0.0174742
0.37 0 -0.00106036 0.0165092 0.000787117
0.38 0 -0.0215824 -0.0161969 -0.0228661
0.39 0 -0.0393952 -0.0544978 -0.0476934
0.4 0 -0.0445846 -0.0816273 -0.0642239
0.41 0 -0.0432837 -0.0950985 -0.0773779
0.42 0 -0.0348856 -0.0888058 -0.0845436
0.43 0 -0.0197316 -0.063442 -0.0839024
0.44 0 -0.00735006 -0.0344876 -0.0831481
0.45 0 0.0042577 -0.00854066 -0.0790443
0.46 0 0.0198869 0.0132952 -0.0654378
0.47 0 0.0364352 0.0285598 -0.0432838
0.48 0 0.0502814 0.0400108 -0.0137669
0.49 0 0.0488904 0.0421906 0.0116413
0.5 0 0.0167454 0.0205878 0.0146572
0.51 0 -0.0318651 -0.0178466 0.00213006
0.52 0 -0.0629469 -0.0480389 -0.000775885
0.53 0 -0.0613294 -0.0557662 0.0159204
0.54 0 -0.042172 -0.0475976 0.0373194
0.55 0 -0.018387 -0.025722 0.0540793
0.56 0 0.00334467 0.00775985 0.0635384
0.57 0 0.00631123 0.0304329 0.0512254
0.58 0 0.00348385 0.0420456 0.0300529
0.59 0 0.0260655 0.0640518 0.0319628
0.6 0 0.0661104 0.0916167 0.0538022
0.61 0 0.0894977 0.102956 0.0684251
0.62 0 0.105946 0.119229 0.0907798
0.63 0 0.113315 0.142858 0.120731
0.64 0 0.0811578 0.137205 0.12497
0.65 0 -0.00211213 0.0723833 0.0817916
0.66 0 -0.100082 -0.0369141 0.0119973
0.67 0 -0.169888 -0.156386 -0.0556254
0.68 0 -0.17476 -0.233327 -0.0892819
0.69 0 -0.102883 -0.219039 -0.0693629
0.7 0 -0.0213169 -0.144688 -0.0467953
0.71 0 0.00899879 -0.0656008 -0.0694747
0.72 0 -0.00664999 -0.0105739 -0.12971
0.73 0 -0.0379121 -0.00124713 -0.202558
0.74 0 -0.0330465 -0.0187477 -0.240016
0.75 0 0.0402808 -0.0175522 -0.202663
0.76 0 0.159916 0.0356322 -0.0933165
0.77 0 0.246545 0.122202 0.0302372
0.78 0 0.231386 0.192875 0.106898
0.79 0 0.113253 0.204965 0.119784
0.8 0 -0.0434992 0.145338 0.0995043
0.81 0 -0.190983 -0.00105438 0.0574033
0.82 0 -0.271166 -0.18375 0.0270872
0.83 0 -0.278045 -0.342555 0.00976913
0.84 0 -0.230959 -0.413424 -0.00218402
0.85 0 -0.170349 -0.375292 -0.0314667
0.86 0 -0.099609 -0.227606 -0.066909
0.87 0 -0.00614355 -0.00858655 -0.0858054
0.88 0 0.113203 0.214794 -0.0742873
0.89 0 0.250267 0.38772 -0.0239668
0.9 0 0.371861 0.478128 0.0546554
0.91 0 0.429306 0.478564 0.134766
0.92 0 0.400826 0.417589 0.205069
0.93 0 0.268983 0.3038 0.238781
0.94 0 0.0429836 0.130453 0.213101
0.95 0 -0.196482 -0.0681577 0.161265
0.96 0 -0.329411 -0.210484 0.158961
0.97 0 -0.320894 -0.257618 0.218739
0.98 0 -0.228462 -0.223414 0.286752
0.99 0 -0.135496 -0.145561 0.297773
1 0 -0.0798059 -0.0523703 0.231804
1.01 0 -0.0180802 0.0675711 0.14482
1.02 0 0.0681974 0.187343 0.068371
1.03 0 0.157967 0.258525 -0.000315005
1.04 0 0.228714 0.263466 -0.0614068
1.05 0 0.251643 0.203851 -0.122916
1.06 0 0.230051 0.119782 -0.168699
1.07 0 0.163389 0.0341397 -0.198409
1.08 0 0.0739461 -0.0311752 -0.201229
1.09 0 0.0201524 -0.0353399 -0.137114
1.1 0 0.0265394 0.0290898 0.00220696
1.11 0 0.0585033 0.120784 0.172203
1.12 0 0.0808351 0.203606 0.331122
1.13 0 0.0701122 0.249959 0.447511
1.14 0 -0.0106876 0.208834 0.470683
1.15 0 -0.16237 0.0553998 0.378476
1.16 0 -0.340135 -0.188324 0.190367
1.17 0 -0.444797 -0.423754 -0.0125373
1.18 0 -0.434093 -0.573386 -0.186669
1.19 0 -0.347572 -0.619698 -0.349251
1.2 0 -0.179079 -0.508674 -0.457925
1.21 0 0.0445564 -0.2506 -0.496608
1.22 0 0.22896 0.0362427 -0.51934
1.23 0 0.340955 0.26203 -0.531248
1.24 0 0.399762 0.38792 -0.498795
1.25 0 0.432933 0.41977 -0.388237
1.26 0 0.397345 0.34101 -0.242838
1.27 0 0.242913 0.150291 -0.126653
1.28 0 -0.00368485 -0.0928552 -0.0482297
1.29 0 -0.265589 -0.312232 0.0164342
1.3 0 -0.47249 -0.463065 0.0805052
1.31 0 -0.582298 -0.532769 0.139602
1.32 0 -0.559192 -0.499324 0.205389
1.33 0 -0.422656 -0.372621 0.261679
1.34 0 -0.22342 -0.180652 0.284367
1.35 0 -0.0318751 0.021283 0.241712
1.36 0 0.0852974 0.157076 0.104327
1.37 0 0.12143 0.187531 -0.107238
1.38 0 0.115641 0.119559 -0.336007
1.39 0 0.113523 -0.00388565 -0.521049
1.4 0 0.117997 -0.142582 -0.642251
1.41 0 0.107298 -0.260174 -0.705614
1.42 0 0.0747919 -0.318274 -0.710669
1.43 0 0.0458781 -0.282602 -0.637063
1.44 0 0.0227611 -0.178904 -0.497786
1.45 0 -0.0408763 -0.105356 -0.362512
1.46 0 -0.123348 -0.0943269 -0.238577
1.47 0 -0.163608 -0.111307 -0.0911143
1.48 0 -0.176713 -0.154601 0.0492533
1.49 0 -0.214177 -0.233412 0.123234
1.5 0 -0.26919 -0.306439 0.130122
1.51 0 -0.2943 -0.317773 0.109118
1.52 0 -0.227909 -0.216887 0.119925
1.53 0 -0.0731229 -0.0202835 0.171428
1.54 0 0.131474 0.227659 0.251255
1.55 0 0.311868 0.452022 0.318138
1.56 0 0.40674 0.586001 0.338338
1.57 0 0.400881 0.600153 0.31018
1.58 0 0.348984 0.536143 0.287875
1.59 0 0.287723 0.434639 0.300397
1.6 0 0.207926 0.30922 0.327898
1.61 0 0.116311 0.193278 0.362788
1.62 0 0.0327769 0.121305 0.406842
1.63 0 -0.0152543 0.117339 0.468569
1.64 0 -0.0404643 0.150313 0.51914
1.65 0 -0.0563452 0.180297 0.533112
1.66 0 -0.0333963 0.215253 0.534666
1.67 0 0.0236418 0.247338 0.523858
1.68 0 0.0756161 0.252249 0.474913
1.69 0 0.0801239 0.205195 0.360052
1.7 0 0.0258227 0.0998027 0.176532
1.71 0 -0.0569961 -0.0429898 -0.0442081
1.72 0 -0.112734 -0.177507 -0.247247
1.73 0 -0.101299 -0.257104 -0.38674
1.74 0 -0.0317278 -0.264106 -0.455834
1.75 0 0.0585653 -0.204038 -0.470091
1.76 0 0.124125 -0.107798 -0.456103
1.77 0 0.162966 0.00861005 -0.406701
1.78 0 0.184554 0.121489 -0.313156
1.79 0 0.215671 0.227865 -0.154544
1.8 0 0.251806 0.315543 0.058381
1.81 0 0.288105 0.396084 0.31501
1.82 0 0.299321 0.47016 0.58182
1.83 0 0.244216 0.508678 0.800923
1.84 0 0.117822 0.488941 0.937893
1.85 0 -0.0613659 0.38655 0.971094
1.86 0 -0.257299 0.192049 0.894114
1.87 0 -0.382541 -0.0256776 0.762602
1.88 0 -0.399998 -0.202639 0.605055
1.89 0 -0.346513 -0.316192 0.401077
1.9 0 -0.248728 -0.337423 0.156807
1.91 0 -0.139195 -0.279094 -0.121742
1.92 0 -0.0500348 -0.198423 -0.430182
1.93 0 0.0378008 -0.126772 -0.716991
1.94 0 0.131287 -0.0956828 -0.943269
1.95 0 0.237368 -0.0957299 -1.06781
1.96 0 0.333969 -0.103488 -1.07847
1.97 0 0.356476 -0.124108 -1.01577
1.98 0 0.269452 -0.161305 -0.914357
1.99 0 0.0696546 -0.238499 -0.807178
2 0 -0.176726 -0.350325 -0.682921
2.01 0 -0.354385 -0.440295 -0.488008
2.02 0 -0.407216 -0.466091 -0.213556
2.03 0 -0.368527 -0.423394 0.0836514
2.04 0 -0.290875 -0.309501 0.345417
2.05 0 -0.263726 -0.188809 0.480624
2.06 0 -0.35314 -0.163751 0.411862
2.07 0 -0.5354 -0.297542 0.13853
2.08 0 -0.700299 -0.562476 -0.253228
2.09 0 -0.741353 -0.865713 -0.658711
2.1 0 -0.636952 -1.10654 -1.02225
2.11 0 -0.388858 -1.14991 -1.27912
2.12 0 -0.080465 -0.956933 -1.43114
2.13 0 0.243227 -0.530285 -1.44815
2.14 0 0.614143 0.112686 -1.23991
2.15 0 0.935108 0.772636 -0.863298
2.16 0 1.14417 1.28474 -0.361394
2.17 0 1.19509 1.5434 0.21351
2.18 0 1.00239 1.46038 0.739406
2.19 0 0.58093 1.08249 1.1576
2.2 0 -0.0231029 0.488938 1.40504
2.21 0 -0.659603 -0.158055 1.50079
2.22 0 -1.14479 -0.678791 1.50356
2.23 0 -1.36224 -0.957714 1.44201
2.24 0 -1.25496 -0.922748 1.34467
2.25 0 -0.824423 -0.545114 1.24877
2.26 0 -0.174387 0.102566 1.14879
2.27 0 0.492462 0.823378 0.97464
2.28 0 1.00326 1.4051 0.686012
2.29 0 1.30879 1.72825 0.340797
2.3 0 1.41507 1.7443 0.0183591
2.31 0 1.30504 1.43699 -0.259797
2.32 0 0.941468 0.823026 -0.53228
2.33 0 0.523716 0.183802 -0.63936
2.34 0 0.187511 -0.256842 -0.506088
2.35 0 -0.142243 -0.519732 -0.279285
2.36 0 -0.435578 -0.596894 -0.0124498
2.37 0 -0.607433 -0.493818 0.294501
2.38 0 -0.647427 -0.307312 0.585088
2.39 0 -0.613175 -0.169183 0.764742
2.4 0 -0.54933 -0.142768 0.781803
2.41 0 -0.428122 -0.163902 0.683674
2.42 0 -0.219741 -0.127342 0.544367
2.43 0 0.0365605 0.00864698 0.386789
2.44 0 0.295173 0.244722 0.23215
2.45 0 0.543759 0.5607 0.128017
2.46 0 0.763823 0.890074 0.104144
2.47 0 0.894182 1.11419 0.133078
2.48 0 0.850396 1.1053 0.142926
2.49 0 0.604842 0.815842 0.0898225
2.5 0 0.187681 0.279873 -0.0425979
2.51 0 -0.256262 -0.329787 -0.176167
2.52 0 -0.61104 -0.846589 -0.262678
2.53 0 -0.846996 -1.18599 -0.326708
2.54 0 -1.02479 -1.38544 -0.468209
2.55 0 -1.1353 -1.46787 -0.70573
2.56 0 -1.11402 -1.43652 -0.984834
2.57 0 -0.929883 -1.31425 -1.25408
2.58 0 -0.551574 -1.06658 -1.42237
2.59 0 -0.0244772 -0.669975 -1.43818
2.6 0 0.452572 -0.231438 -1.38881
2.61 0 0.707312 0.119627 -1.35836
2.62 0 0.687154 0.28429 -1.36407
2.63 0 0.443907 0.204827 -1.37582
2.64 0 0.141282 -0.051448 -1.28817
2.65 0 -0.0600309 -0.330436 -1.00272
2.66 0 -0.146298 -0.519675 -0.550665
2.67 0 -0.247374 -0.615242 -0.095948
2.68 0 -0.475809 -0.668393 0.201107
2.69 0 -0.825243 -0.743029 0.270645
2.7 0 -1.13744 -0.842744 0.180819
2.71 0 -1.21435 -0.908541 0.0654374
2.72 0 -0.933132 -0.827121 0.0489001
2.73 0 -0.39218 -0.560447 0.110818
2.74 0 0.22307 -0.101302 0.191704
2.75 0 0.738606 0.497283 0.244015
2.76 0 1.08452 1.13939 0.287527
2.77 0 1.27878 1.69425 0.382468
2.78 0 1.31289 1.97812 0.524831
2.79 0 1.22659 1.93122 0.736173
2.8 0 1.03762 1.60008 1.00472
2.81 0 0.682467 1.04725 1.22352
2.82 0 0.0278219 0.260285 1.18245
2.83 0 -0.74403 -0.551471 0.943914
2.84 0 -1.35229 -1.16861 0.654246
2.85 0 -1.59149 -1.46075 0.420192
2.86 0 -1.46662 -1.45726 0.209253
2.87 0 -1.06892 -1.21383 -0.0220598
2.88 0 -0.506149 -0.776056 -0.277196
2.89 0 0.144616 -0.171704 -0.497571
2.9 0 0.783648 0.51298 -0.640067
2.91 0 1.29854 1.14032 -0.689962
2.92 0 1.5834 1.55569 -0.660739
2.93 0 1.59961 1.66324 -0.553923
2.94 0 1.38593 1.47818 -0.342325
2.95 0 0.960535 1.03877 -0.0646211
2.96 0 0.403827 0.467513 0.26007
2.97 0 -0.154101 -0.0610838 0.63725
2.98 0 -0.638793 -0.448616 1.01084
2.99 0 -0.989192 -0.647144 1.32259
3 0 -1.18296 -0.684211 1.50161
3.01 0 -1.20407 -0.610174 1.50949
3.02 0 -1.01696 -0.43809 1.377
3.03 0 -0.632365 -0.178926 1.14465
3.04 0 -0.121491 0.147013 0.842229
3.05 0 0.388139 0.483487 0.47172
3.06 0 0.810778 0.794209 0.077197
3.07 0 1.11812 1.05768 -0.261079
3.08 0 1.32414 1.26445 -0.450866
3.09 0 1.4323 1.39426 -0.44148
3.1 0 1.40666 1.40714 -0.253766
3.11 0 1.20068 1.26745 0.0432523
3.12 0 0.812749 0.979373 0.383042
3.13 0 0.298237 0.584632 0.717284
3.14 0 -0.311686 0.0789728 0.946608
3.15 0 -0.937533 -0.506731 1.00995
3.16 0 -1.43391 -1.06514 0.926519
3.17 0 -1.66284 -1.45598 0.751686
3.18 0 -1.59588 -1.59993 0.49498
3.19 0 -1.28373 -1.47539 0.151039
3.2 0 -0.814701 -1.12052 -0.274297
3.21 0 -0.295329 -0.643278 -0.766397
3.22 0 0.229932 -0.134656 -1.23997
3.23 0 0.72487 0.31747 -1.6035
3.24 0 1.08482 0.590251 -1.84691
3.25 0 1.20856 0.604384 -1.98828
3.26 0 1.04464 0.348721 -2.0471
3.27 0 0.633588 -0.104694 -2.01199
3.28 0 0.112438 -0.606835 -1.82857
3.29 0 -0.377419 -1.01581 -1.46905
3.3 0 -0.778814 -1.27996 -0.998373
3.31 0 -1.07528 -1.41293 -0.525707
3.32 0 -1.31921 -1.46243 -0.174997
3.33 0 -1.50429 -1.4811 -0.0162977
3.34 0 -1.58509 -1.48944 -0.051766
3.35 0 -1.50295 -1.48717 -0.24623
3.36 0 -1.19965 -1.41773 -0.521864
3.37 0 -0.729905 -1.20887 -0.818895
3.38 0 -0.167107 -0.823855 -1.08519
3.39 0 0.430191 -0.241169 -1.23716
3.4 0 0.960209 0.434474 -1.25554
3.41 0 1.28486 0.998261 -1.18769
3.42 0 1.36205 1.29702 -1.0393
3.43 0 1.21585 1.26971 -0.796119
3.44 0 0.834038 0.879838 -0.525619
3.45 0 0.290565 0.247671 -0.242696
3.46 0 -0.20915 -0.333223 0.147163
3.47 0 -0.611558 -0.714638 0.587283
3.48 0 -0.897798 -0.835479 0.994215
3.49 0 -1.00722 -0.672316 1.34418
3.5 0 -0.944564 -0.330104 1.57687
3.51 0 -0.750229 0.0386356 1.63648
3.52 0 -0.425497 0.362847 1.55086
3.53 0 -0.0469789 0.612883 1.34561
3.54 0 0.358832 0.796839 1.07273
3.55 0 0.753456 0.961248 0.794383
3.56 0 1.07588 1.1331 0.55082
3.57 0 1.28315 1.31812 0.381596
3.58 0 1.39565 1.51996 0.352397
3.59 0 1.44206 1.71698 0.507542
3.6 0 1.43658 1.87124 0.849633
3.61 0 1.35679 1.93882 1.32629
3.62 0 1.16329 1.88463 1.8466
3.63 0 0.871939 1.73858 2.35424
3.64 0 0.533578 1.55425 2.80999
3.65 0 0.185611 1.36804 3.16578
3.66 0 -0.114605 1.23208 3.41177
3.67 0 -0.251542 1.1478 3.54248
3.68 0 -0.244774 1.10164 3.51585
3.69 0 -0.148373 1.05286 3.27796
3.7 0 0.000300295 1.01478 2.84167
3.71 0 0.188502 0.995467 2.25403
3.72 0 0.397013 0.994512 1.58077
3.73 0 0.628527 1.01024 0.909625
3.74 0 0.873402 1.04391 0.326507
3.75 0 1.1025 1.08485 -0.110419
3.76 0 1.28774 1.13149 -0.358933
3.77 0 1.39732 1.12265 -0.44861
3.78 0 1.26947 1.01658 -0.459424
3.79 0 0.89889 0.744568 -0.455746
3.8 0 0.354012 0.205753 -0.542118
3.81 0 -0.0411471 -0.705827 -0.824334
3.82 0 -0.517753 -1.71314 -1.30709
3.83 0 -1.03622 -2.34781 -1.76868
3.84 0 -1.4724 -2.52128 -2.14312
3.85 0 -1.80926 -2.42243 -2.46306
3.86 0 -1.94908 -2.23302 -2.67881
3.87 0 -1.83315 -2.08876 -2.74569
3.88 0 -1.49979 -2.03883 -2.68315
3.89 0 -1.11055 -2.07884 -2.60246
3.9 0 -0.891842 -2.21606 -2.66847
3.91 0 -0.93947 -2.39447 -2.9348
3.92 0 -1.15713 -2.51188 -3.29621
3.93 0 -1.36113 -2.51972 -3.59864
3.94 0 -1.43362 -2.51184 -3.79212
3.95 0 -1.38843 -2.56892 -3.89456
3.96 0 -1.24464 -2.66438 -3.90649
3.97 0 -1.08509 -2.74028 -3.86656
3.98 0 -1.03807 -2.79408 -3.86651
3.99 0 -1.19355 -2.87184 -3.98522
4 0 -1.54113 -3.04605 -4.24138
4.01 0 -1.93742 -3.32882 -4.53773
4.02 0 -2.08866 -3.50999 -4.62928
4.03 0 -1.82864 -3.34339 -4.27521
4.04 0 -0.932019 -2.33864 -3.21576
4.05 0 0.531557 -0.441864 -1.40075
4.06 0 1.31129 1.1149 0.00502409
4.07 0 1.35435 1.98018 0.868038
4.08 0 1.34843 2.40676 1.66656
4.09 0 1.3247 2.55431 2.51781
4.1 0 1.1853 2.4239 3.28466
4.11 0 0.89172 1.99982 3.77606
4.12 0 0.441751 1.55826 4.01554
4.13 0 0.0902729 1.38332 4.17391
4.14 0 0.000521361 1.57058 4.34726
4.15 0 0.219317 2.03122 4.53588
4.16 0 0.633963 2.60775 4.67946
4.17 0 1.10488 3.15949 4.74426
4.18 0 1.59889 3.51924 4.68553
4.19 0 1.97997 3.64251 4.46564
4.2 0 2.07467 3.43937 3.98557
4.21 0 1.21917 2.30017 2.62775
4.22 0 -0.120147 0.555392 0.775923
4.23 0 -0.773466 -0.692747 -0.470226
4.24 0 -0.831851 -1.43267 -1.20552
4.25 0 -0.712739 -1.83459 -1.76823
4.26 0 -0.488688 -1.77377 -2.13136
4.27 0 -0.0808147 -1.22642 -2.20134
4.28 0 0.582029 -0.228029 -1.85465
4.29 0 1.48787 1.07177 -1.04887
4.3 0 2.35981 2.30502 -0.00400662
4.31 0 2.479 2.84193 0.694553
4.32 0 1.91895 2.6573 1.07499
4.33 0 1.10913 2.05721 1.43598
4.34 0 0.332755 1.28894 1.89929
4.35 0 -0.216223 0.698553 2.55857
4.36 0 -0.173225 0.706801 3.59492
4.37 0 0.244754 1.35797 4.78696
4.38 0 0.484411 2.11248 5.53964
4.39 0 0.42733 2.70516 5.71237
4.4 0 0.521607 3.24922 5.69333
4.41 0 0.837056 3.66371 5.61186
4.42 0 1.25122 3.71528 5.35405
4.43 0 1.62257 3.45996 4.90326
4.44 0 1.82525 3.03292 4.2515
4.45 0 1.82086 2.62947 3.47351
4.46 0 1.67278 2.27137 2.61463
4.47 0 1.42963 1.86966 1.68838
4.48 0 1.02925 1.30764 0.67354
4.49 0 0.902771 0.548209 -0.336785
4.5 0 0.784017 -0.0486682 -1.17353
4.51 0 0.825851 -0.345436 -1.6509
4.52 0 0.909586 -0.373797 -1.86895
4.53 0 0.822063 -0.329878 -2.03577
4.54 0 0.505774 -0.369518 -2.21446
4.55 0 -0.00135663 -0.642436 -2.42942
4.56 0 -0.755753 -1.3901 -2.83594
4.57 0 -1.86138 -2.68863 -3.56079
4.58 0 -2.91377 -4.10152 -4.28196
4.59 0 -3.69135 -5.29363 -4.84728
4.6 0 -4.29594 -6.22654 -5.40525
4.61 0 -4.77919 -6.86368 -6.03394
4.62 0 -5.10338 -7.21004 -6.71774
4.63 0 -5.22524 -7.33756 -7.42331
4.64 0 -4.91432 -7.46555 -8.15047
4.65 0 -4.28132 -7.56244 -8.87455
4.66 0 -3.51664 -7.53641 -9.60822
4.67 0 -2.98691 -7.40891 -10.4764
4.68 0 -2.85873 -7.23458 -11.4651
4.69 0 -2.84788 -6.8735 -12.1728
4.7 0 -2.60421 -6.23911 -12.1872
4.71 0 -2.06489 -5.43113 -11.4099
4.72 0 -1.55486 -4.7792 -10.1421
4.73 0 -1.36056 -4.56342 -8.77074
4.74 0 -1.45068 -4.45845 -7.28027
4.75 0 -1.51788 -3.89828 -5.32308
4.76 0 -1.64819 -2.83578 -3.1018
4.77 0 -1.49296 -1.83479 -0.929418
4.78 0 -0.473292 -1.06216 1.06033
4.79 0 0.171029 -0.214765 2.50602
4.8 0 -0.334185 0.833466 3.31187
4.81 0 -1.42588 1.87676 3.68814
4.82 0 -2.01077 2.36191 4.05254
4.83 0 -1.86495 2.12632 4.495
4.84 0 -1.15657 1.47852 4.95878
4.85 0 -0.205143 0.825246 5.18937
4.86 0 0.678346 0.517963 5.00995
4.87 0 1.29253 0.834599 4.4425
4.88 0 1.58762 1.62837 3.58116
4.89 0 1.66794 2.67947 2.56135
4.9 0 1.79851 3.60563 1.64432
4.91 0 2.19742 4.08098 1.057
4.92 0 2.88255 4.03852 0.859586
4.93 0 3.62882 3.7992 0.819365
4.94 0 4.27197 3.5335 0.986334
4.95 0 4.73045 3.59138 1.38269
4.96 0 5.15068 4.33724 2.22394
4.97 0 6.11162 6.26869 4.01727
4.98 0 6.94092 8.55291 6.13576
4.99 0 6.13803 9.3706 7.05523
5 0 4.17515 8.90241 7.2056
5.01 0 2.92514 8.25324 8.06664
5.02 0 2.6423 7.44167 9.73681
5.03 0 2.54547 6.18124 11.404
5.04 0 1.96074 4.5939 12.4608
5.05 0 0.932928 3.26517 12.9356
5.06 0 -0.325296 2.51495 12.9373
5.07 0 -1.47789 2.40922 12.4335
5.08 0 -2.16853 2.90808 11.4416
5.09 0 -2.11923 3.52963 10.1837
5.1 0 -1.13221 4.03944 8.93883
5.11 0 0.777105 4.48992 7.96035
5.12 0 3.0137 4.85241 7.05339
5.13 0 4.62602 4.88045 5.71668
5.14 0 4.94392 4.34046 3.6086
5.15 0 4.63685 3.89911 1.53838
5.16 0 4.1447 3.68699 -0.0790487
5.17 0 3.61776 3.44627 -1.23275
5.18 0 3.07899 2.95275 -2.06943
5.19 0 2.55502 2.16798 -2.58124
5.2 0 2.37068 1.47579 -2.43673
5.21 0 2.07508 0.712284 -2.08423
5.22 0 1.31519 -0.256907 -1.88014
5.23 0 0.295632 -1.15662 -1.69754
5.24 0 -1.03762 -1.94678 -1.67112
5.25 0 -2.55589 -2.72608 -1.86569
5.26 0 -3.96412 -3.66323 -2.22088
5.27 0 -5.15937 -4.62486 -2.56092
5.28 0 -6.71777 -5.61792 -2.81515
5.29 0 -7.48567 -6.87564 -3.04821
5.3 0 -6.9748 -8.20077 -3.54113
5.31 0 -5.78849 -8.84742 -4.48533
5.32 0 -4.4463 -8.50113 -5.76548
5.33 0 -3.24407 -6.96535 -7.56294
5.34 0 -1.97276 -4.9797 -9.26851
5.35 0 -0.654095 -3.16894 -10.6026
5.36 0 0.608946 -2.13557 -11.2439
5.37 0 1.78102 -1.72753 -11.2673
5.38 0 2.61938 -1.67978 -10.7156
5.39 0 2.83429 -1.75316 -9.64015
5.4 0 2.37151 -1.762 -8.09751
5.41 0 1.53212 -1.72581 -6.23545
5.42 0 0.56521 -1.70412 -4.14524
5.43 0 -0.73125 -1.65281 -1.97294
5.44 0 -2.179 -1.66852 0.0569046
5.45 0 -3.39778 -1.66413 1.98489
5.46 0 -4.1854 -1.66587 3.6908
5.47 0 -4.70797 -1.88731 4.80556
5.48 0 -4.74243 -2.26335 5.24357
5.49 0 -4.25982 -2.57739 4.96854
5.5 0 -3.45961 -2.58928 3.96463
5.51 0 -2.46916 -2.09087 2.41119
5.52 0 -1.31938 -1.06449 0.617809
5.53 0 0.038576 0.318474 -1.03701
5.54 0 1.83198 1.51508 -2.37714
5.55 0 3.66854 2.42572 -3.26756
5.56 0 5.31751 3.08817 -3.61981
5.57 0 6.11035 3.70204 -3.47235
5.58 0 6.02732 4.24796 -2.79967
5.59 0 5.0294 4.62492 -1.60407
5.6 0 3.54973 4.60723 0.14564
5.61 0 1.94111 4.06211 2.35781
5.62 0 0.592063 3.00095 4.80392
5.63 0 -0.515514 1.74014 7.11359
5.64 0 -1.4895 0.732011 8.83571
5.65 0 -2.35554 0.029071 9.68803
5.66 0 -3.14528 -0.271531 9.54429
5.67 0 -3.71721 -0.187069 8.52532
5.68 0 -3.78914 0.0557181 6.86437
5.69 0 -3.02359 0.223906 4.80501
5.7 0 -1.5084 0.270474 2.56969
5.71 0 0.420375 0.304371 0.340276
5.72 0 2.38386 0.480833 -1.8064
5.73 0 3.74717 0.901844 -3.84013
5.74 0 4.18165 1.32336 -5.69601
5.75 0 3.64572 1.37957 -7.27496
5.76 0 2.57658 0.827772 -8.23631
5.77 0 1.42997 -0.33393 -8.38667
5.78 0 0.560023 -2.00279 -7.71514
5.79 0 -0.333919 -3.78129 -6.54635
5.8 0 -1.35856 -5.14575 -5.19515
5.81 0 -2.56879 -5.73703 -3.90553
5.82 0 -3.86732 -5.52777 -2.81933
5.83 0 -4.89943 -4.72592 -1.8648
5.84 0 -5.20769 -3.60137 -0.822942
5.85 0 -4.44967 -2.53073 0.349334
5.86 0 -2.87691 -1.70673 1.42625
5.87 0 -1.12277 -1.04223 2.08756
5.88 0 0.282723 -0.27344 2.1806
5.89 0 1.19849 0.818009 1.84449
5.9 0 1.64727 2.03953 1.23897
5.91 0 1.71894 2.89108 0.480083
5.92 0 1.58603 2.86994 -0.3522
5.93 0 1.52739 2.1037 -0.950701
5.94 0 1.51564 0.930659 -1.24321
5.95 0 1.25183 -0.31002 -1.41668
5.96 0 0.72831 -1.15486 -1.47025
5.97 0 -0.0590014 -1.49531 -1.4884
5.98 0 -0.99543 -1.5266 -1.53279
5.99 0 -1.72936 -1.42485 -1.4635
6 0 -1.94918 -1.30882 -1.13755
6.01 0 -1.45664 -1.11748 -0.458299
6.02 0 -0.286646 -0.530717 0.633804
6.03 0 0.972891 0.463274 1.78028
6.04 0 1.67456 1.55956 2.50466
6.05 0 1.75465 2.54763 2.80164
6.06 0 1.65163 3.44288 3.0495
6.07 0 1.63321 4.03752 3.42114
6.08 0 1.76644 4.165 3.9249
6.09 0 1.94043 3.86681 4.45881
6.1 0 1.91715 3.32478 4.85335
6.11 0 1.61029 2.78911 5.0407
6.12 0 1.0597 2.41989 5.00698
6.13 0 0.442556 2.22138 4.80448
6.14 0 -0.0362746 2.03864 4.48114
6.15 0 -0.30011 1.74482 4.00602
6.16 0 -0.339702 1.29206 3.36735
6.17 0 -0.202567 0.753854 2.58474
6.18 0 -0.0107109 0.245497 1.64638
6.19 0 0.150144 -0.129983 0.576467
6.2 0 0.284192 -0.267131 -0.496786
6.21 0 0.475603 -0.130747 -1.38866
6.22 0 0.745077 0.15857 -2.00247
6.23 0 1.04396 0.429611 -2.31629
6.24 0 1.27548 0.549731 -2.36507
6.25 0 1.36407 0.446908 -2.22422
6.26 0 1.40626 0.177263 -1.91976
6.27 0 1.28305 -0.0244463 -1.46911
6.28 0 1.00021 -0.0582435 -0.921713
6.29 0 0.529116 0.00063075 -0.394158
6.3 0 0.0026654 0.112349 0.125364
6.31 0 -0.425556 0.220475 0.677124
6.32 0 -0.715367 0.219448 1.20652
6.33 0 -0.899957 0.104551 1.6203
6.34 0 -0.951509 -0.0547475 1.91082
6.35 0 -0.934163 -0.224072 2.00105
6.36 0 -0.957474 -0.430459 1.77
6.37 0 -1.12566 -0.695259 1.16168
6.38 0 -1.4903 -1.12588 0.163951
6.39 0 -1.91823 -1.73043 -1.07387
6.4 0 -2.1812 -2.40289 -2.33444
6.41 0 -2.22089 -3.07995 -3.50617
6.42 0 -2.09955 -3.71649 -4.57471
6.43 0 -1.87033 -4.30877 -5.57559
6.44 0 -1.75157 -4.79047 -6.60698
6.45 0 -1.68243 -4.99433 -7.52379
6.46 0 -1.61817 -4.89465 -8.2228
6.47 0 -1.59612 -4.68619 -8.71947
6.48 0 -1.6154 -4.53431 -8.97994
6.49 0 -1.71176 -4.61706 -9.03233
6.5 0 -1.91235 -4.94645 -8.90679
6.51 0 -2.21685 -5.40417 -8.61852
6.52 0 -2.4991 -5.72977 -8.07464
6.53 0 -2.79283 -5.82156 -7.33973
6.54 0 -3.20529 -5.66639 -6.5588
6.55 0 -3.6692 -5.19233 -5.70955
6.56 0 -3.95852 -4.60354 -4.7597
6.57 0 -3.89647 -3.99085 -3.67155
6.58 0 -3.51675 -3.56823 -2.6111
6.59 0 -1.90461 -3.58188 -1.70517
6.6 0 -0.263011 -3.28672 -1.18776
6.61 0 -0.0232199 -2.17078 -1.1229
6.62 0 -0.752545 -0.324169 -1.31972
6.63 0 -1.11053 1.31638 -1.22691
6.64 0 -0.796726 2.12796 -0.690514
6.65 0 0.0701811 2.0496 0.277821
6.66 0 1.23836 1.46337 1.42617
6.67 0 2.24831 0.940902 2.29142
6.68 0 2.66796 0.838971 2.78987
6.69 0 2.3942 1.35749 2.85071
6.7 0 1.69958 2.30126 2.66817
6.71 0 1.04573 3.29197 2.53626
6.72 0 0.817979 3.9411 2.6935
6.73 0 1.32222 4.23355 3.36844
6.74 0 2.3216 4.21703 4.3715
6.75 0 3.423 4.17579 5.44714
6.76 0 4.2699 4.45227 6.44035
6.77 0 4.59579 5.18571 7.14562
6.78 0 4.26409 6.0217 7.44622
6.79 0 3.6248 6.79222 7.56993
6.8 0 3.18424 7.39094 7.8771
6.81 0 3.06353 7.55044 8.38396
6.82 0 3.15939 7.16005 8.95647
6.83 0 3.284 6.48706 9.5416
6.84 0 3.19173 5.80001 10.0216
6.85 0 2.70815 5.2521 10.2501
6.86 0 1.90392 4.87216 10.1829
6.87 0 1.00095 4.66354 9.74627
6.88 0 0.366832 4.52211 9.10985
6.89 0 0.247741 4.3303 8.42014
6.9 0 0.608826 3.99836 7.67841
6.91 0 1.23034 3.5665 6.80609
6.92 0 1.80423 3.1192 5.69804
6.93 0 1.98244 2.59245 4.1864
6.94 0 1.58889 1.83238 2.20839
6.95 0 1.07533 1.09512 0.263561
6.96 0 0.807221 0.522673 -1.26105
6.97 0 0.689953 -0.0732541 -2.43356
6.98 0 0.693216 -0.653368 -3.24967
6.99 0 0.858843 -1.04213 -3.67986
7 0 1.06223 -1.08367 -3.79777
7.01 0 1.31788 -0.696705 -3.53836
7.02 0 1.75589 0.223893 -2.76586
7.03 0 2.16996 1.34357 -1.70391
7.04 0 2.13658 2.05169 -0.821804
7.05 0 1.67907 2.17912 -0.160092
7.06 0 1.00531 1.71615 0.385107
7.07 0 0.111158 0.643242 0.746958
7.08 0 -1.17601 -0.937665 0.671442
7.09 0 -2.57563 -2.47528 0.378
7.1 0 -3.70678 -3.62639 0.0361268
7.11 0 -4.51942 -4.3692 -0.406979
7.12 0 -4.82584 -4.69592 -0.889224
7.13 0 -4.7787 -4.6706 -1.28213
7.14 0 -4.46631 -4.58484 -1.61592
7.15 0 -3.69636 -4.54253 -1.97781
7.16 0 -2.60488 -4.13136 -2.35055
7.17 0 -1.37861 -3.08167 -3.33538
7.18 0 -0.335282 -1.89486 -4.5093
7.19 0 0.499942 -0.715564 -5.86895
7.2 0 1.26118 -0.0564023 -6.85282
7.21 0 1.94878 0.0217098 -7.32644
7.22 0 2.45339 -0.329997 -7.18122
7.23 0 2.57817 -0.766973 -6.50395
7.24 0 2.14706 -1.08185 -5.42152
7.25 0 1.23752 -1.09434 -4.02891
7.26 0 0.355999 -0.893126 -2.3334
7.27 0 -0.540138 -0.608393 -0.537207
7.28 0 -0.986861 -0.505513 1.21081
7.29 0 -1.51143 -0.462451 2.65075
7.3 0 -2.04268 -0.445682 3.68815
7.31 0 -2.41723 -0.342346 4.34295
7.32 0 -2.55009 -0.211162 4.6207
7.33 0 -2.47171 -0.153851 4.45556
7.34 0 -2.1509 -0.143297 3.89802
7.35 0 -1.43565 -0.0651995 3.10807
7.36 0 -0.364937 0.209893 2.22037
7.37 0 0.751881 0.662203 1.21445
7.38 0 1.65331 1.2067 0.115511
7.39 0 2.27272 1.76533 -0.91399
7.4 0 2.63571 2.21851 -1.68899
7.41 0 2.80034 2.44637 -2.07684
7.42 0 2.8592 2.36278 -2.0745
7.43 0 2.71776 1.75521 -1.90285
7.44 0 2.31795 0.861274 -1.59941
7.45 0 1.58607 6.91605e-05 -1.23252
7.46 0 0.0656892 -1.15072 -1.36351
7.47 0 -1.85962 -2.44457 -1.8571
7.48 0 -3.37929 -3.34723 -2.09231
7.49 0 -4.22726 -3.87438 -1.99599
7.5 0 -4.60603 -4.3317 -1.88975
7.51 0 -4.52665 -4.63337 -1.82349
7.52 0 -4.04986 -4.71736 -1.89672
7.53 0 -3.22879 -4.55434 -2.20706
7.54 0 -2.37617 -4.10762 -2.83603
7.55 0 -1.64797 -3.4138 -3.70425
7.56 0 -1.05309 -2.62082 -4.64848
7.57 0 -0.562603 -1.99477 -5.52873
7.58 0 -0.182663 -1.72867 -6.25405
7.59 0 0.071003 -1.86158 -6.72832
7.6 0 0.122259 -2.36933 -6.94881
7.61 0 -0.1479 -3.11556 -6.99081
7.62 0 -0.769902 -3.87223 -6.86451
7.63 0 -1.763 -4.61396 -6.72664
7.64 0 -3.02904 -5.27986 -6.63085
7.65 0 -4.09238 -5.65082 -6.31991
7.66 0 -4.5624 -5.61315 -5.58125
7.67 0 -4.17427 -4.98868 -4.24574
7.68 0 -3.0276 -3.7869 -2.45381
7.69 0 -0.88554 -2.61807 -0.800822
7.7 0 1.30314 -1.07547 0.462085
7.71 0 2.20789 0.892036 1.0367
7.72 0 1.57677 2.81022 1.0885
7.73 0 0.783616 4.22017 1.23768
7.74 0 0.64725 4.64794 1.89918
7.75 0 1.22724 4.11162 3.07151
7.76 0 2.14648 3.18199 4.39094
7.77 0 2.87874 2.45967 5.51763
7.78 0 3.00936 2.34953 6.19526
7.79 0 2.45722 2.86231 6.32919
7.8 0 1.46144 3.661 6.03393
7.81 0 0.513557 4.28655 5.60617
7.82 0 0.0442817 4.38653 5.31597
7.83 0 0.204939 3.90344 5.26411
7.84 0 0.842765 3.05752 5.37555
7.85 0 1.64097 2.29665 5.50156
7.86 0 2.25442 2.0098 5.46368
7.87 0 2.45703 2.37453 5.1067
7.88 0 2.29984 3.22538 4.4787
7.89 0 2.04525 4.17206 3.79184
7.9 0 2.00106 4.80847 3.29649
7.91 0 2.34776 4.93469 3.16458
7.92 0 3.01449 4.60162 3.39191
7.93 0 3.59517 4.10982 3.80201
7.94 0 3.75971 3.81816 4.23811
7.95 0 3.38329 3.87051 4.59203
7.96 0 2.61683 4.14933 4.86453
7.97 0 1.8304 4.42085 5.1745
7.98 0 1.27238 4.37451 5.53035
7.99 0 1.04861 3.9215 5.90085
8 0 1.06653 3.19219 6.17522
8.01 0 1.08755 2.37545 6.15879
8.02 0 0.857246 1.67995 5.65262
8.03 0 0.40366 1.25185 4.70952
8.04 0 -0.0179531 1.17701 3.58357
8.05 0 -0.194982 1.30138 2.49011
8.06 0 -0.0551188 1.35015 1.49462
8.07 0 0.357373 1.22095 0.679893
8.08 0 0.973465 0.964267 0.0949156
8.09 0 1.5627 0.785758 -0.41961
8.1 0 1.95196 0.710163 -0.861928
8.11 0 2.1405 0.649086 -1.30695
8.12 0 1.71756 0.653781 -1.74292
8.13 0 0.195724 0.832046 -2.20762
8.14 0 -1.26371 0.458377 -2.38303
8.15 0 -1.6363 -0.8216 -2.15815
8.16 0 -0.923434 -2.69039 -1.75166
8.17 0 -0.510106 -4.05726 -1.60268
8.18 0 -0.79058 -4.32959 -1.95848
8.19 0 -1.635 -3.67667 -2.70363
8.2 0 -2.57572 -2.63347 -3.54908
8.21 0 -3.12179 -1.86746 -4.13389
8.22 0 -3.02246 -1.8084 -4.30435
8.23 0 -2.34395 -2.42648 -4.11921
8.24 0 -1.4436 -3.35659 -3.79678
8.25 0 -0.752616 -4.06613 -3.58838
8.26 0 -0.562026 -4.19227 -3.62401
8.27 0 -0.898821 -3.681 -3.93542
8.28 0 -1.50262 -2.80439 -4.35605
8.29 0 -1.9901 -2.00116 -4.62613
8.3 0 -2.0562 -1.58393 -4.56447
8.31 0 -1.67883 -1.68785 -4.17319
8.32 0 -0.969108 -2.1039 -3.46998
8.33 0 -0.300095 -2.50874 -2.72212
8.34 0 -0.0938439 -2.69518 -2.26247
8.35 0 -0.448472 -2.53297 -2.16837
8.36 0 -1.19423 -2.13546 -2.34905
8.37 0 -2.03087 -1.81414 -2.64378
8.38 0 -2.66147 -1.87324 -2.89133
8.39 0 -2.60456 -2.30541 -2.85031
8.4 0 -1.97079 -2.8631 -2.55702
8.41 0 -1.15586 -3.21104 -2.23212
8.42 0 -0.57306 -3.0553 -2.07777
8.43 0 -0.395643 -2.35905 -2.16583
8.44 0 -0.562693 -1.402 -2.44364
8.45 0 -0.803699 -0.593131 -2.73209
8.46 0 -0.916643 -0.311658 -2.90558
8.47 0 -0.847936 -0.678746 -2.92447
8.48 0 -0.705235 -1.50999 -2.83341
8.49 0 -0.647414 -2.40128 -2.71062
8.5 0 -0.811901 -3.00008 -2.63294
8.51 0 -1.27082 -3.171 -2.69766
8.52 0 -1.87948 -2.96292 -2.85094
8.53 0 -2.42611 -2.62533 -2.99866
8.54 0 -2.68778 -2.3937 -3.01528
8.55 0 -2.60964 -2.40748 -2.85648
8.56 0 -2.22118 -2.65028 -2.56677
8.57 0 -1.73447 -2.88408 -2.29534
8.58 0 -1.3552 -2.77233 -2.13421
8.59 0 -1.09636 -2.32264 -2.07931
8.6 0 -0.583655 -1.65509 -2.01207
8.61 0 0.906136 -0.882966 -1.72186
8.62 0 2.57801 0.505142 -1.09883
8.63 0 3.41137 2.54632 -0.277767
8.64 0 3.23185 4.49264 0.603943
8.65 0 2.81168 5.45785 1.70397
8.66 0 2.68914 5.47676 3.0271
8.67 0 2.77179 4.82624 4.52544
8.68 0 2.80996 3.91456 6.00543
8.69 0 2.49113 3.18107 7.15109
8.7 0 1.68252 2.94714 7.69246
8.71 0 0.523924 2.99702 7.67949
8.72 0 -0.72092 2.93371 7.17766
8.73 0 -1.70997 2.50001 6.42498
8.74 0 -2.03538 1.77841 5.74009
8.75 0 -1.64004 0.993842 5.20408
8.76 0 -0.884637 0.343667 4.55862
8.77 0 -0.0934762 0.0316322 3.6413
8.78 0 0.551734 0.209674 2.4437
8.79 0 1.08262 0.865399 1.13843
8.8 0 1.63625 1.77799 -0.0550489
8.81 0 2.40926 2.74085 -0.828533
8.82 0 3.57578 3.71656 -0.899673
8.83 0 4.88893 4.50799 -0.341977
8.84 0 5.89405 4.99422 0.53565
8.85 0 5.87816 5.22833 1.42048
8.86 0 4.91243 5.24617 2.29045
8.87 0 3.40982 5.01455 3.24248
8.88 0 1.84514 4.34946 4.28658
8.89 0 0.427139 3.10881 5.24507
8.9 0 -0.806038 1.42694 5.89744
8.91 0 -1.72897 -0.139781 6.26183
8.92 0 -2.26065 -1.05235 6.38573
8.93 0 -2.56178 -1.17179 6.10644
8.94 0 -2.60041 -0.628581 5.42907
8.95 0 -2.22667 0.284745 4.49435
8.96 0 -1.38603 1.19535 3.4349
8.97 0 -0.178671 1.83024 2.28423
8.98 0 1.21704 2.06678 1.13697
8.99 0 2.50494 1.97572 -0.0019816
9 0 3.46315 1.71154 -1.20885
9.01 0 3.77922 1.34393 -2.54497
9.02 0 3.49355 1.03298 -3.76295
9.03 0 2.82353 0.770216 -4.62735
9.04 0 1.88128 0.404493 -5.02599
9.05 0 0.22493 -0.037278 -4.92023
9.06 0 -1.49246 -0.890985 -4.24971
9.07 0 -2.4683 -2.37152 -3.12456
9.08 0 -2.8056 -4.1355 -1.89728
9.09 0 -2.67664 -5.6503 -1.02062
9.1 0 -3.13008 -6.17576 -0.892925
9.11 0 -4.11137 -5.70006 -1.54312
9.12 0 -5.16726 -4.72068 -2.68275
9.13 0 -5.69806 -3.9105 -3.88135
9.14 0 -5.23405 -3.71177 -4.77801
9.15 0 -3.54674 -4.16332 -5.25222
9.16 0 -1.3687 -4.68966 -5.48188
9.17 0 0.508993 -4.61616 -5.71027
9.18 0 1.5393 -3.58005 -6.05662
9.19 0 1.65804 -1.85325 -6.46816
9.2 0 1.22294 -0.0521203 -6.67643
9.21 0 0.712245 0.982305 -6.41244
9.22 0 0.487868 0.902019 -5.48141
9.23 0 0.544332 -0.0955683 -3.94811
9.24 0 0.486176 -1.49964 -2.22093
9.25 0 -0.0925148 -2.6746 -0.731
9.26 0 -1.32261 -3.21942 0.242165
9.27 0 -2.81867 -3.01843 0.790138
9.28 0 -4.04908 -2.38068 1.06517
9.29 0 -4.55801 -1.79383 1.24965
9.3 0 -4.17245 -1.53522 1.44711
9.31 0 -2.7985 -1.63484 1.60363
9.32 0 -0.967814 -1.71965 1.52162
9.33 0 0.83734 -1.37316 1.03567
9.34 0 1.77211 -0.275115 0.0843119
9.35 0 1.84471 1.31777 -1.08216
9.36 0 1.52497 2.71636 -2.01949
9.37 0 1.34116 3.42092 -2.37853
9.38 0 1.75809 3.16176 -1.97184
9.39 0 2.53117 2.22519 -0.942846
9.4 0 3.19125 1.22412 0.369753
9.41 0 3.26165 0.732513 1.57957
9.42 0 2.57774 1.00529 2.48034
9.43 0 1.29675 1.84877 3.07571
9.44 0 -0.0808541 2.8004 3.58999
9.45 0 -0.899025 3.34694 4.26257
9.46 0 -0.861463 3.24599 5.15707
9.47 0 -0.123781 2.6617 6.15856
9.48 0 0.791403 2.06467 6.97855
9.49 0 1.36099 1.85391 7.31272
9.5 0 1.37317 2.19466 7.00667
9.51 0 0.993467 2.94089 6.17754
9.52 0 0.49595 3.61443 5.0255
9.53 0 0.279562 3.7665 3.83055
9.54 0 0.612773 3.31297 2.86297
9.55 0 1.381 2.48644 2.16151
9.56 0 2.28098 1.75147 1.71393
9.57 0 2.84276 1.45084 1.31699
9.58 0 2.77341 1.62328 0.827504
9.59 0 2.16718 2.0575 0.298696
9.6 0 1.35344 2.34292 -0.1222
9.61 0 0.711798 2.15946 -0.268989
9.62 0 0.441852 1.4564 -0.0736213
9.63 0 0.465101 0.465661 0.365422
9.64 0 0.531578 -0.483327 0.847099
9.65 0 0.395455 -1.03818 1.16244
9.66 0 -0.432236 -0.950871 1.14231
9.67 0 -1.35109 -0.571604 0.874853
9.68 0 -2.17182 -0.243204 0.52642
9.69 0 -2.3424 -0.369642 0.25785
9.7 0 -1.88733 -0.914297 0.0915826
9.71 0 -1.00798 -1.55914 -0.0556317
9.72 0 -0.145925 -1.86784 -0.37439
9.73 0 0.423472 -1.6375 -0.920754
9.74 0 0.559839 -0.902806 -1.65268
9.75 0 0.408059 -0.0579929 -2.42842
9.76 0 0.264057 0.460325 -3.0412
9.77 0 0.457897 0.377074 -3.32253
9.78 0 0.74237 -0.199111 -3.31659
9.79 0 0.871319 -1.02438 -3.16735
9.8 0 0.62917 -1.75558 -3.03353
9.81 0 0.00447711 -2.19057 -2.95953
9.82 0 -0.826208 -2.26884 -2.87096
9.83 0 -1.67883 -2.18244 -2.73634
9.84 0 -2.36197 -2.17366 -2.5223
9.85 0 -2.73979 -2.37917 -2.21546
9.86 0 -2.81765 -2.79103 -1.88475
9.87 0 -2.69939 -3.2501 -1.63687
9.88 0 -2.46773 -3.54958 -1.56487
9.89 0 -2.19584 -3.5779 -1.7548
9.9 0 -1.93102 -3.25508 -2.16822
9.91 0 -1.59487 -2.62457 -2.66357
9.92 0 -1.13511 -1.87062 -3.1108
9.93 0 -0.533274 -1.18952 -3.39844
9.94 0 0.110065 -0.733606 -3.50155
9.95 0 0.654596 -0.522277 -3.43313
9.96 0 0.963304 -0.457313 -3.23205
9.97 0 0.975145 -0.488316 -2.91849
9.98 0 0.638627 -0.603623 -2.57298
9.99 0 0.0810226 -0.750828 -2.16404
10 0 -0.491794 -0.879011 -1.61815
10.01 0 -0.934298 -0.969787 -0.926757
10.02 0 -1.16483 -0.980932 -0.120293
10.03 0 -1.22251 -0.901371 0.685811
10.04 0 -1.20888 -0.732257 1.33282
10.05 0 -1.20952 -0.526039 1.70832
10.06 0 -1.05111 -0.339455 1.84011
10.07 0 -0.667265 -0.153688 1.77164
10.08 0 -0.266314 0.0891081 1.50329
10.09 0 0.253808 0.28651 1.04058
10.1 0 0.611552 0.548308 0.454168
10.11 0 0.947503 0.901631 -0.0640789
10.12 0 1.12098 1.35183 -0.3948
10.13 0 1.49491 1.72382 -0.364158
10.14 0 1.92546 2.06569 0.0433836
10.15 0 2.17538 2.3693 0.695762
10.16 0 2.30896 2.57085 1.49418
10.17 0 2.3014 2.71898 2.36303
10.18 0 2.09797 2.82936 3.19639
10.19 0 1.59319 2.89159 3.89138
10.2 0 0.95691 2.8746 4.46588
10.21 0 0.372783 2.72921 4.94174
10.22 0 -0.0460594 2.41034 5.28273
10.23 0 -0.301867 1.93134 5.40991
10.24 0 -0.405319 1.42284 5.2838
10.25 0 -0.371833 1.0719 4.9071
10.26 0 -0.221278 0.988014 4.30698
10.27 0 0.0599674 1.19735 3.56279
10.28 0 0.449275 1.56771 2.73673
10.29 0 0.917089 1.93457 1.90068
10.3 0 1.41972 2.16984 1.1318
10.31 0 1.87408 2.22976 0.491753
10.32 0 2.16262 2.11756 0.0138792
10.33 0 2.25043 1.84765 -0.320119
10.34 0 2.02957 1.5353 -0.505449
10.35 0 1.5341 1.17707 -0.566309
10.36 0 0.820478 0.736123 -0.527707
10.37 0 -0.0914776 0.148754 -0.453275
10.38 0 -0.933119 -0.654961 -0.378716
10.39 0 -1.58778 -1.54517 -0.319572
10.4 0 -1.93036 -2.38139 -0.343461
10.41 0 -2.14405 -2.98249 -0.582104
10.42 0 -2.33219 -3.26244 -1.10215
10.43 0 -2.46513 -3.24678 -1.8625
10.44 0 -2.41402 -3.05829 -2.73641
10.45 0 -2.11741 -2.84434 -3.59772
10.46 0 -1.49849 -2.69458 -4.32347
10.47 0 -0.711199 -2.57933 -4.87209
10.48 0 0.0120401 -2.42667 -5.26066
10.49 0 0.463157 -2.17262 -5.50404
10.5 0 0.574253 -1.83415 -5.57768
10.51 0 0.441388 -1.46518 -5.37819
10.52 0 0.286882 -1.09406 -4.75522
10.53 0 0.155846 -0.841375 -3.75647
10.54 0 -0.00598223 -0.780377 -2.5375
10.55 0 -0.236191 -0.83477 -1.23738
10.56 0 -0.629776 -0.96648 -0.0728727
10.57 0 -1.16689 -1.10669 0.827144
10.58 0 -1.65285 -1.13996 1.48903
10.59 0 -1.93269 -1.0438 1.90993
10.6 0 -1.90419 -0.859783 2.1131
10.61 0 -1.54836 -0.603966 2.12894
10.62 0 -0.907287 -0.282926 1.96273
10.63 0 -0.155311 0.127161 1.60793
10.64 0 0.493541 0.609681 1.06977
10.65 0 0.960653 1.09063 0.420436
10.66 0 1.26781 1.47095 -0.208766
10.67 0 1.44684 1.69066 -0.662662
10.68 0 1.57658 1.69853 -0.843461
10.69 0 1.70588 1.54378 -0.704654
10.7 0 1.7546 1.34087 -0.303216
10.71 0 1.64531 1.20428 0.263621
10.72 0 1.35898 1.22101 0.922539
10.73 0 0.891364 1.36036 1.615
10.74 0 0.373891 1.51217 2.30726
10.75 0 -0.0403005 1.57603 2.98696
10.76 0 -0.287697 1.47461 3.5842
10.77 0 -0.41642 1.19788 3.97869
10.78 0 -0.522693 0.804649 4.04895
10.79 0 -0.69616 0.36665 3.70309
10.8 0 -0.855452 0.0311264 3.02404
10.81 0 -0.869596 -0.113657 2.15795
10.82 0 -0.686544 -0.1088 1.20255
10.83 0 -0.22546 0.0645257 0.333315
10.84 0 0.446405 0.365131 -0.370624
10.85 0 1.16113 0.709934 -0.924938
10.86 0 1.78077 1.08148 -1.30711
10.87 0 2.14024 1.42294 -1.50369
10.88 0 2.12985 1.5985 -1.54547
10.89 0 1.78243 1.51107 -1.4161
10.9 0 1.20784 1.13495 -1.10521
10.91 0 0.500791 0.49827 -0.669839
10.92 0 -0.313205 -0.266568 -0.184867
10.93 0 -1.02557 -1.01354 0.310592
10.94 0 -1.60874 -1.62354 0.707011
10.95 0 -2.04613 -2.04298 0.883718
10.96 0 -2.29338 -2.21128 0.812944
10.97 0 -2.31444 -2.17673 0.47878
10.98 0 -2.06112 -1.98803 -0.0597503
10.99 0 -1.54667 -1.71119 -0.742286
11 0 -0.888194 -1.40079 -1.53766
11.01 0 -0.192862 -1.09076 -2.35371
11.02 0 0.455001 -0.76958 -3.06016
11.03 0 0.970696 -0.447848 -3.56454
11.04 0 1.33102 -0.111582 -3.75497
11.05 0 1.55423 0.246102 -3.5405
11.06 0 1.62972 0.577975 -2.92214
11.07 0 1.46332 0.766799 -2.03173
11.08 0 0.990378 0.719351 -1.03036
11.09 0 0.301344 0.459499 -0.0151187
11.1 0 -0.438881 0.0905056 0.94795
11.11 0 -1.09578 -0.345926 1.79839
11.12 0 -1.58258 -0.782526 2.40121
11.13 0 -1.88025 -1.09707 2.7254
11.14 0 -1.92865 -1.17582 2.76855
11.15 0 -1.68948 -0.957155 2.57288
11.16 0 -1.16791 -0.457238 2.19432
11.17 0 -0.434039 0.227816 1.69304
11.18 0 0.32519 0.94203 1.09595
11.19 0 1.06638 1.54903 0.498592
11.2 0 1.74474 1.96699 -0.0166038
11.21 0 2.26154 2.18057 -0.371255
11.22 0 2.515 2.19886 -0.548397
11.23 0 2.43634 2.05514 -0.546454
11.24 0 2.03359 1.81218 -0.35489
11.25 0 1.42025 1.50113 0.0293272
11.26 0 0.719461 1.11861 0.569466
11.27 0 0.060885 0.679252 1.2051
11.28 0 -0.527125 0.244897 1.83873
11.29 0 -0.976773 -0.149894 2.37087
11.3 0 -1.29175 -0.460489 2.69027
11.31 0 -1.43475 -0.614523 2.76252
11.32 0 -1.38085 -0.57151 2.58586
11.33 0 -1.13981 -0.391689 2.14514
11.34 0 -0.727149 -0.110469 1.52221
11.35 0 -0.164721 0.222914 0.808808
11.36 0 0.467571 0.586609 0.075941
11.37 0 1.08738 0.93241 -0.577917
11.38 0 1.59078 1.20722 -1.0723
11.39 0 1.88589 1.37454 -1.36794
11.4 0 1.89517 1.38227 -1.46891
11.41 0 1.59331 1.17384 -1.40875
11.42 0 0.98352 0.680154 -1.27006
11.43 0 0.129683 -0.120359 -1.14179
11.44 0 -0.692861 -1.08606 -1
11.45 0 -1.39727 -1.96306 -0.845523
11.46 0 -1.90498 -2.55124 -0.706976
11.47 0 -2.18623 -2.74225 -0.622279
11.48 0 -2.23772 -2.57869 -0.639717
11.49 0 -2.0351 -2.15459 -0.744157
11.5 0 -1.56979 -1.629 -0.919278
11.51 0 -0.96651 -1.18488 -1.2063
11.52 0 -0.384264 -0.914547 -1.62231
11.53 0 0.0604625 -0.808771 -2.12971
11.54 0 0.322556 -0.803239 -2.64435
11.55 0 0.425925 -0.82036 -3.05322
11.56 0 0.410802 -0.831831 -3.27423
11.57 0 0.341827 -0.81822 -3.23836
11.58 0 0.250621 -0.789229 -2.93778
11.59 0 0.140836 -0.752035 -2.41048
11.6 0 -0.0106118 -0.715642 -1.73778
11.61 0 -0.196188 -0.655216 -0.985904
11.62 0 -0.441317 -0.602698 -0.269563
11.63 0 -0.69288 -0.545483 0.365623
11.64 0 -0.86648 -0.457214 0.91013
11.65 0 -0.91138 -0.329621 1.33809
11.66 0 -0.781569 -0.158968 1.63546
11.67 0 -0.53247 0.0668194 1.78961
11.68 0 -0.222985 0.337252 1.78829
11.69 0 0.0604426 0.604824 1.61442
11.7 0 0.294358 0.827804 1.30374
11.71 0 0.510272 1.00208 0.951098
11.72 0 0.702205 1.0867 0.60706
11.73 0 0.85123 1.0719 0.311957
11.74 0 0.967749 1.01163 0.126521
11.75 0 1.02562 0.952868 0.0678254
11.76 0 1.01664 0.947914 0.151972
11.77 0 0.941049 0.981756 0.351677
11.78 0 0.811613 1.0417 0.650328
11.79 0 0.637754 1.08685 1.0104
11.8 0 0.409868 1.05591 1.36423
11.81 0 0.184471 0.941846 1.68353
11.82 0 -0.00523764 0.771454 1.93975
11.83 0 -0.161248 0.576202 2.09246
11.84 0 -0.265403 0.420511 2.13083
11.85 0 -0.306195 0.343186 2.0494
11.86 0 -0.275621 0.349797 1.85152
11.87 0 -0.1648 0.413661 1.54766
11.88 0 -0.00432841 0.485925 1.15723
11.89 0 0.181058 0.527874 0.712908
11.9 0 0.3516 0.510325 0.241791
11.91 0 0.466909 0.422348 -0.233594
11.92 0 0.523487 0.293169 -0.659172
11.93 0 0.523839 0.14793 -0.988787
11.94 0 0.469482 0.000704386 -1.19365
11.95 0 0.354899 -0.146433 -1.27837
11.96 0 0.203757 -0.275849 -1.23825
11.97 0 0.0519585 -0.364731 -1.07305
11.98 0 -0.0961715 -0.422446 -0.822607
11.99 0 -0.249545 -0.470784 -0.545277
12 0 -0.395418 -0.511479 -0.278947
12.01 0 -0.530089 -0.556693 -0.0680594
12.02 0 -0.662138 -0.632257 0.0370365
12.03 0 -0.775863 -0.739143 0.0193252
12.04 0 -0.841639 -0.857368 -0.110364
12.05 0 -0.828153 -0.950917 -0.320957
12.06 0 -0.724407 -0.990007 -0.582063
12.07 0 -0.550271 -0.956711 -0.86797
12.08 0 -0.336504 -0.849868 -1.15108
12.09 0 -0.116446 -0.68731 -1.40118
12.1 0 0.101618 -0.482542 -1.5675
12.11 0 0.29932 -0.266767 -1.6171
12.12 0 0.437006 -0.0901249 -1.55201
12.13 0 0.49121 0.0219572 -1.37649
12.14 0 0.439508 0.049982 -1.11772
12.15 0 0.274164 -0.0128616 -0.814264
12.16 0 0.0501534 -0.117966 -0.465753
12.17 0 -0.175645 -0.218704 -0.0842378
12.18 0 -0.393484 -0.313007 0.265948
12.19 0 -0.574033 -0.382565 0.544323
12.2 0 -0.676805 -0.409292 0.740859
12.21 0 -0.688625 -0.393049 0.839556
12.22 0 -0.620342 -0.34223 0.824299
12.23 0 -0.499635 -0.273871 0.68558
12.24 0 -0.318512 -0.167132 0.468767
12.25 0 -0.0967236 -0.0292175 0.207086
12.26 0 0.131731 0.116376 -0.0716304
12.27 0 0.377102 0.28827 -0.292132
12.28 0 0.62536 0.486467 -0.405748
12.29 0 0.808173 0.663716 -0.423043
12.3 0 0.907214 0.818763 -0.321063
12.31 0 0.968391 0.961235 -0.0686689
12.32 0 0.979102 1.09101 0.31855
12.33 0 0.894263 1.17032 0.770655
12.34 0 0.700872 1.17573 1.22747
12.35 0 0.43686 1.12788 1.66688
12.36 0 0.168404 1.02005 2.04917
12.37 0 -0.0662572 0.868177 2.34262
12.38 0 -0.236157 0.705733 2.52388
12.39 0 -0.322701 0.578208 2.57647
12.4 0 -0.31031 0.527948 2.50087
12.41 0 -0.215762 0.545306 2.27297
12.42 0 -0.0734934 0.600667 1.89848
12.43 0 0.0835781 0.648191 1.40135
12.44 0 0.223342 0.630592 0.809238
12.45 0 0.327848 0.521909 0.163685
12.46 0 0.401285 0.33738 -0.471319
12.47 0 0.457641 0.111321 -1.01152
12.48 0 0.461043 -0.13641 -1.43829
12.49 0 0.377133 -0.385244 -1.75208
12.5 0 0.205262 -0.613369 -1.94965
12.51 0 -0.0138548 -0.799873 -2.01466
12.52 0 -0.261902 -0.972204 -1.97523
12.53 0 -0.524726 -1.1648 -1.875
12.54 0 -0.751819 -1.35572 -1.72333
12.55 0 -0.920527 -1.51961 -1.54909
12.56 0 -1.03127 -1.63151 -1.39185
12.57 0 -1.05866 -1.63828 -1.2516
12.58 0 -0.988713 -1.51599 -1.12783
12.59 0 -0.847487 -1.30107 -1.04496
12.6 0 -0.658588 -1.03638 -1.00569
12.61 0 -0.43841 -0.763274 -0.99451
12.62 0 -0.210466 -0.518599 -0.993511
12.63 0 -0.00170259 -0.323784 -0.984627
12.64 0 0.140418 -0.204896 -0.973885
12.65 0 0.204731 -0.150106 -0.944088
12.66 0 0.195141 -0.141375 -0.880571
12.67 0 0.123076 -0.16705 -0.779766
12.68 0 0.00513251 -0.221844 -0.648675
12.69 0 -0.133547 -0.296102 -0.497186
12.7 0 -0.25125 -0.353035 -0.32665
12.71 0 -0.315825 -0.369833 -0.135076
12.72 0 -0.32987 -0.342268 0.0525984
12.73 0 -0.276334 -0.241856 0.243932
12.74 0 -0.142227 -0.0408863 0.453749
12.75 0 0.0353803 0.233601 0.66028
12.76 0 0.208996 0.553813 0.854058
12.77 0 0.401808 0.866166 1.03613
12.78 0 0.580412 1.12254 1.20726
12.79 0 0.737087 1.3092 1.37764
12.8 0 0.84736 1.42687 1.54305
12.81 0 0.897081 1.48836 1.69774
12.82 0 0.8614 1.49196 1.81761
12.83 0 0.727486 1.4261 1.87809
12.84 0 0.548184 1.31793 1.90474
12.85 0 0.388646 1.19116 1.92388
12.86 0 0.291893 1.07243 1.94828
12.87 0 0.24656 0.964346 1.94944
12.88 0 0.243427 0.892112 1.91543
12.89 0 0.25511 0.856969 1.82405
12.9 0 0.248339 0.829859 1.65002
12.91 0 0.240545 0.803514 1.41774
12.92 0 0.289105 0.79056 1.17593
12.93 0 0.384958 0.798647 0.956874
12.94 0 0.510531 0.81399 0.778921
12.95 0 0.608814 0.817416 0.625807
12.96 0 0.642609 0.792749 0.483942
12.97 0 0.608007 0.744293 0.365301
12.98 0 0.504951 0.649165 0.261021
12.99 0 0.332173 0.467597 0.156922
13 0 0.103337 0.187311 0.0334292
13.01 0 -0.146483 -0.159214 -0.10866
13.02 0 -0.407689 -0.546101 -0.296422
13.03 0 -0.643428 -0.941928 -0.547184
13.04 0 -0.78196 -1.24599 -0.814054
13.05 0 -0.836871 -1.38468 -1.0712
13.06 0 -0.817064 -1.38023 -1.32271
13.07 0 -0.765241 -1.31326 -1.5909
13.08 0 -0.685164 -1.2487 -1.86013
13.09 0 -0.579313 -1.22322 -2.10202
13.1 0 -0.481744 -1.26807 -2.31704
13.11 0 -0.4181 -1.36451 -2.49426
13.12 0 -0.419814 -1.48942 -2.63815
13.13 0 -0.485775 -1.6027 -2.73472
13.14 0 -0.581185 -1.66875 -2.75635
13.15 0 -0.678279 -1.69098 -2.6989
13.16 0 -0.745531 -1.67226 -2.55715
13.17 0 -0.773338 -1.62551 -2.34681
13.18 0 -0.78806 -1.57908 -2.11458
13.19 0 -0.774114 -1.50504 -1.86098
13.2 0 -0.730657 -1.38525 -1.5965
13.21 0 -0.656042 -1.20718 -1.32649
13.22 0 -0.559627 -0.982677 -1.06345
13.23 0 -0.452834 -0.73957 -0.819155
13.24 0 -0.316693 -0.518848 -0.601193
13.25 0 -0.167117 -0.320857 -0.404485
13.26 0 -0.0151857 -0.112433 -0.203216
13.27 0 0.151327 0.134802 0.0330997
13.28 0 0.31916 0.418757 0.304448
13.29 0 0.441209 0.685667 0.571111
13.3 0 0.521025 0.910828 0.838056
13.31 0 0.579615 1.08661 1.12139
13.32 0 0.627673 1.21444 1.42195
13.33 0 0.647194 1.28665 1.69341
13.34 0 0.598988 1.31241 1.9138
13.35 0 0.537871 1.31427 2.09946
13.36 0 0.464471 1.29743 2.23368
13.37 0 0.377075 1.24551 2.28909
13.38 0 0.281367 1.15411 2.2551
13.39 0 0.21503 1.05047 2.15394
13.4 0 0.200881 0.962381 2.00667
13.41 0 0.236892 0.900095 1.8191
13.42 0 0.314233 0.875243 1.60392
13.43 0 0.394949 0.863461 1.35033
13.44 0 0.487061 0.876949 1.0969
13.45 0 0.583836 0.904824 0.867056
13.46 0 0.680545 0.943748 0.68969
13.47 0 0.761754 0.989294 0.584326
13.48 0 0.787425 1.00083 0.529513
13.49 0 0.748973 0.965973 0.523557
13.5 0 0.638135 0.870858 0.547629
13.51 0 0.454835 0.704768 0.576285
13.52 0 0.228028 0.482618 0.598744
13.53 0 -0.00187553 0.230867 0.602163
13.54 0 -0.202631 -0.010886 0.583072
13.55 0 -0.368931 -0.187662 0.544603
13.56 0 -0.451938 -0.299406 0.479166
13.57 0 -0.476653 -0.368498 0.354187
13.58 0 -0.456241 -0.417121 0.155551
13.59 0 -0.393336 -0.437101 -0.0954653
13.6 0 -0.289251 -0.429718 -0.37528
13.61 0 -0.19057 -0.429934 -0.690548
13.62 0 -0.0791296 -0.420317 -0.984955
13.63 0 0.0240276 -0.420357 -1.23025
13.64 0 0.102561 -0.43133 -1.4076
13.65 0 0.186442 -0.399502 -1.45521
13.66 0 0.276899 -0.300078 -1.35199
13.67 0 0.304636 -0.188563 -1.15828
13.68 0 0.218502 -0.132722 -0.940431
13.69 0 0.0157861 -0.181346 -0.740851
13.7 0 -0.272221 -0.361289 -0.589668
13.71 0 -0.563981 -0.628778 -0.472958
13.72 0 -0.795788 -0.916358 -0.386922
13.73 0 -0.951073 -1.16476 -0.356258
13.74 0 -1.02486 -1.31702 -0.398315
13.75 0 -1.02195 -1.35692 -0.529531
13.76 0 -0.914949 -1.26317 -0.712783
13.77 0 -0.706935 -1.06217 -0.918172
13.78 0 -0.421618 -0.801116 -1.11571
13.79 0 -0.116705 -0.545961 -1.29472
13.8 0 0.180759 -0.310377 -1.40855
13.81 0 0.4412 -0.0929284 -1.4182
13.82 0 0.609383 0.0852518 -1.32668
13.83 0 0.637886 0.192483 -1.15777
13.84 0 0.522503 0.209912 -0.927801
13.85 0 0.303565 0.140345 -0.641977
13.86 0 0.0381469 0.00267339 -0.311141
13.87 0 -0.218476 -0.157385 0.0376472
13.88 0 -0.41141 -0.282307 0.388785
13.89 0 -0.518332 -0.334552 0.712817
13.9 0 -0.54933 -0.303444 0.96501
13.91 0 -0.499223 -0.173566 1.13193
13.92 0 -0.366903 0.0446606 1.21458
13.93 0 -0.171176 0.306648 1.21246
13.94 0 0.0819052 0.581736 1.15574
13.95 0 0.359509 0.829729 1.06307
13.96 0 0.59709 1.00177 0.930816
13.97 0 0.750006 1.09168 0.780809
13.98 0 0.81913 1.09588 0.638748
13.99 0 0.82899 1.04325 0.544584
14 0 0.79863 0.96978 0.525518
14.01 0 0.752448 0.92903 0.610463
14.02 0 0.691375 0.93142 0.786407
14.03 0 0.580881 0.9335 0.992742
14.04 0 0.41125 0.908031 1.19122
14.05 0 0.231481 0.847421 1.37507
14.06 0 0.0741046 0.738127 1.52038
14.07 0 -0.0352494 0.599735 1.61234
14.08 0 -0.1193 0.438678 1.60608
14.09 0 -0.202638 0.265466 1.4665
14.1 0 -0.30867 0.0719171 1.16622
14.11 0 -0.399861 -0.119499 0.742654
14.12 0 -0.403722 -0.260639 0.27944
14.13 0 -0.281947 -0.315405 -0.154846
14.14 0 -0.0671773 -0.286252 -0.539199
14.15 0 0.1685 -0.208713 -0.871442
14.16 0 0.371321 -0.108068 -1.12999
14.17 0 0.514961 0.00472009 -1.28488
14.18 0 0.56985 0.0903131 -1.33194
14.19 0 0.502993 0.0873467 -1.2989
14.2 0 0.311769 -0.0426244 -1.21228
14.21 0 0.0358723 -0.285889 -1.08095
14.22 0 -0.276103 -0.597123 -0.919414
14.23 0 -0.578831 -0.911643 -0.74992
14.24 0 -0.832973 -1.16271 -0.596802
14.25 0 -1.00154 -1.29619 -0.47644
14.26 0 -1.07358 -1.30797 -0.41669
14.27 0 -1.02811 -1.20016 -0.412011
14.28 0 -0.844205 -0.993451 -0.442049
14.29 0 -0.567226 -0.74221 -0.514533
14.3 0 -0.246045 -0.478074 -0.61583
14.31 0 0.0830823 -0.204415 -0.706986
14.32 0 0.356712 0.0442675 -0.779149
14.33 0 0.529706 0.235187 -0.819788
14.34 0 0.578292 0.332333 -0.821229
14.35 0 0.507948 0.315494 -0.774414
14.36 0 0.343026 0.185186 -0.677359
14.37 0 0.12681 -0.0207389 -0.526882
14.38 0 -0.119466 -0.267965 -0.353717
14.39 0 -0.370745 -0.510355 -0.190158
14.4 0 -0.591548 -0.700493 -0.0587299
14.41 0 -0.759164 -0.821755 0.0116763
14.42 0 -0.849053 -0.872289 0.00666645
14.43 0 -0.849201 -0.867611 -0.0802822
14.44 0 -0.743511 -0.810208 -0.224034
14.45 0 -0.538482 -0.696264 -0.396083
14.46 0 -0.261191 -0.519163 -0.565321
14.47 0 0.0374839 -0.289641 -0.711699
14.48 0 0.309613 -0.032067 -0.812348
14.49 0 0.500076 0.196268 -0.86608
14.5 0 0.589113 0.350699 -0.859662
14.51 0 0.592836 0.418773 -0.769301
14.52 0 0.537525 0.412003 -0.577556
14.53 0 0.449889 0.37345 -0.28045
14.54 0 0.339824 0.338505 0.100514
14.55 0 0.218859 0.327927 0.522919
14.56 0 0.0935127 0.348003 0.925792
14.57 0 -0.0485118 0.375108 1.24963
14.58 0 -0.19452 0.396361 1.47799
14.59 0 -0.307666 0.393765 1.60157
14.6 0 -0.357554 0.361499 1.62254
14.61 0 -0.319587 0.322375 1.55825
14.62 0 -0.187937 0.320464 1.43393
14.63 0 0.0012274 0.374785 1.25233
14.64 0 0.219851 0.50003 1.03642
14.65 0 0.427911 0.668157 0.797907
14.66 0 0.607634 0.841286 0.565477
14.67 0 0.7469 0.969146 0.365597
14.68 0 0.838429 1.01774 0.221886
14.69 0 0.883712 0.990461 0.158868
14.7 0 0.864576 0.916699 0.184721
14.71 0 0.778577 0.826624 0.293694
14.72 0 0.607903 0.718586 0.446121
14.73 0 0.372382 0.591745 0.616176
14.74 0 0.110391 0.445971 0.783154
14.75 0 -0.131966 0.283258 0.928806
14.76 0 -0.308976 0.126563 1.04498
14.77 0 -0.406755 -0.004257 1.10875
14.78 0 -0.43815 -0.0939972 1.09144
14.79 0 -0.411151 -0.123516 0.985946
14.8 0 -0.322731 -0.0813455 0.805861
14.81 0 -0.164929 0.0212446 0.567124
14.82 0 0.0113378 0.140744 0.284955
14.83 0 0.202597 0.260132 0.00656753
14.84 0 0.397902 0.366885 -0.225755
14.85 0 0.585517 0.46814 -0.371158
14.86 0 0.704839 0.53593 -0.441752
14.87 0 0.709812 0.536183 -0.458849
14.88 0 0.588704 0.451643 -0.435018
14.89 0 0.340576 0.251408 -0.402601
14.9 0 0.0328873 -0.0282312 -0.349266
14.91 0 -0.257746 -0.327243 -0.26238
14.92 0 -0.482937 -0.58444 -0.151447
14.93 0 -0.643061 -0.770335 -0.0618228
14.94 0 -0.757186 -0.881393 -0.0446053
14.95 0 -0.80668 -0.903744 -0.10159
14.96 0 -0.796572 -0.872542 -0.24473
14.97 0 -0.724851 -0.824212 -0.462773
14.98 0 -0.581319 -0.770573 -0.717412
14.99 0 -0.349006 -0.68842 -0.948684
15 0 -0.0871222 -0.580561 -1.14613
15.01 0 0.146279 -0.444994 -1.29731
15.02 0 0.308153 -0.289363 -1.38621
15.03 0 0.358928 -0.16556 -1.42027
15.04 0 0.297209 -0.123029 -1.39743
15.05 0 0.176917 -0.163495 -1.28606
15.06 0 0.0230389 -0.287459 -1.09664
15.07 0 -0.135626 -0.449976 -0.841926
15.08 0 -0.316181 -0.625053 -0.583101
15.09 0 -0.5154 -0.775196 -0.366172
15.1 0 -0.674995 -0.839808 -0.184403
15.11 0 -0.774699 -0.829249 -0.0639363
15.12 0 -0.782965 -0.756311 -0.00417257
15.13 0 -0.663146 -0.6147 0.025616
15.14 0 -0.435395 -0.420573 0.0298875
15.15 0 -0.15885 -0.199452 -0.000814481
15.16 0 0.11551 0.037664 -0.0558297
15.17 0 0.33965 0.264891 -0.124096
15.18 0 0.476007 0.437553 -0.197942
15.19 0 0.520382 0.52198 -0.255935
15.2 0 0.490332 0.505486 -0.273529
15.21 0 0.426806 0.421125 -0.216025
15.22 0 0.340589 0.302489 -0.0869999
15.23 0 0.228934 0.188527 0.0870762
15.24 0 0.0770244 0.0903401 0.258928
15.25 0 -0.094625 0.0185955 0.407276
15.26 0 -0.238998 -0.0197766 0.533774
15.27 0 -0.300846 -0.00994451 0.654725
15.28 0 -0.273538 0.035964 0.757271
15.29 0 -0.200316 0.0860072 0.798609
15.3 0 -0.0922943 0.155135 0.783873
15.31 0 0.0463379 0.264664 0.735076
15.32 0 0.187018 0.398218 0.654972
15.33 0 0.302828 0.522417 0.547087
15.34 0 0.373206 0.595542 0.416035
15.35 0 0.418302 0.617266 0.300931
15.36 0 0.471589 0.619052 0.251965
15.37 0 0.501172 0.592093 0.252329
15.38 0 0.479246 0.543928 0.28486
15.39 0 0.431627 0.519288 0.370809
15.4 0 0.360184 0.518571 0.496069
15.41 0 0.256538 0.509561 0.624991
15.42 0 0.160157 0.497818 0.76464
15.43 0 0.0785906 0.464951 0.891024
15.44 0 -0.0117253 0.379126 0.954882
15.45 0 -0.10261 0.254091 0.944072
15.46 0 -0.187343 0.109161 0.851308
15.47 0 -0.268369 -0.0470317 0.665748
15.48 0 -0.309689 -0.174982 0.423205
15.49 0 -0.274434 -0.232743 0.170053
15.5 0 -0.18278 -0.235097 -0.0882895
15.51 0 -0.0564165 -0.192175 -0.339628
15.52 0 0.0874565 -0.122497 -0.554112
15.53 0 0.23736 -0.0278709 -0.700376
15.54 0 0.356589 0.0634365 -0.775896
15.55 0 0.412736 0.124853 -0.78697
15.56 0 0.392015 0.137774 -0.738608
15.57 0 0.291858 0.0873467 -0.645223
15.58 0 0.125784 -0.029221 -0.523086
15.59 0 -0.101032 -0.220419 -0.411283
15.6 0 -0.361968 -0.469058 -0.336091
15.61 0 -0.606746 -0.727281 -0.301379
15.62 0 -0.805118 -0.960505 -0.323474
15.63 0 -0.918594 -1.12182 -0.39609
15.64 0 -0.931955 -1.18925 -0.517939
15.65 0 -0.842261 -1.15942 -0.681483
15.66 0 -0.65268 -1.02656 -0.856734
15.67 0 -0.403906 -0.82469 -1.03386
15.68 0 -0.145786 -0.598681 -1.20092
15.69 0 0.0889295 -0.382413 -1.32979
15.7 0 0.265471 -0.212671 -1.40233
15.71 0 0.380455 -0.0926067 -1.38434
15.72 0 0.427436 -0.0208634 -1.26224
15.73 0 0.414862 0.0238453 -1.02735
15.74 0 0.340467 0.0507943 -0.701365
15.75 0 0.199537 0.0543465 -0.328486
15.76 0 0.014024 0.0378563 0.056661
15.77 0 -0.192853 -0.000630074 0.404923
15.78 0 -0.37606 -0.0555503 0.695115
15.79 0 -0.495985 -0.114158 0.913954
15.8 0 -0.520869 -0.141862 1.06151
15.81 0 -0.454161 -0.111675 1.1273
15.82 0 -0.309766 -0.000290833 1.11367
15.83 0 -0.137623 0.162837 1.00274
15.84 0 0.0222711 0.326915 0.793508
15.85 0 0.191634 0.481212 0.549126
15.86 0 0.355518 0.583203 0.299289
15.87 0 0.506217 0.624454 0.0833876
15.88 0 0.633766 0.626399 -0.06283
15.89 0 0.714162 0.615704 -0.123171
15.9 0 0.743118 0.626432 -0.0819075
15.91 0 0.697307 0.651019 0.0396597
15.92 0 0.567763 0.66194 0.214288
15.93 0 0.379471 0.628124 0.420871
15.94 0 0.186661 0.550668 0.658136
15.95 0 0.00721763 0.417017 0.885229
15.96 0 -0.146783 0.250743 1.06748
15.97 0 -0.270118 0.0903661 1.17356
15.98 0 -0.33791 -0.00425723 1.205
15.99 0 -0.346637 -0.0152803 1.1537
16 0 -0.286488 0.0565231 1.03217
16.01 0 -0.166703 0.173814 0.84837
16.02 0 -0.00184741 0.295948 0.62073
16.03 0 0.179748 0.3864 0.367127
16.04 0 0.344492 0.427884 0.10706
16.05 0 0.462725 0.421061 -0.137214
16.06 0 0.514784 0.37744 -0.344482
16.07 0 0.507277 0.317127 -0.481154
16.08 0 0.435703 0.237931 -0.546955
16.09 0 0.31557 0.138385 -0.537014
16.1 0 0.147424 0.00137332 -0.479681
16.11 0 -0.0513446 -0.172287 -0.397449
16.12 0 -0.238314 -0.346677 -0.293331
16.13 0 -0.413501 -0.519372 -0.210656
16.14 0 -0.559478 -0.667402 -0.169913
16.15 0 -0.643293 -0.756111 -0.165853
16.16 0 -0.648812 -0.768651 -0.197006
16.17 0 -0.592487 -0.72433 -0.278108
16.18 0 -0.474498 -0.63031 -0.392643
16.19 0 -0.321219 -0.51624 -0.535843
16.2 0 -0.158323 -0.404843 -0.692961
16.21 0 0.0053679 -0.295869 -0.828608
16.22 0 0.116631 -0.230946 -0.95508
16.23 0 0.15376 -0.225315 -1.06457
16.24 0 0.139845 -0.256211 -1.12007
16.25 0 0.0859542 -0.313848 -1.11072
16.26 0 -0.00857644 -0.398279 -1.04983
16.27 0 -0.116284 -0.47999 -0.93268
16.28 0 -0.229373 -0.549528 -0.781013
16.29 0 -0.338031 -0.599257 -0.618015
16.3 0 -0.393261 -0.58369 -0.427783
16.31 0 -0.387413 -0.500664 -0.226526
16.32 0 -0.350208 -0.388496 -0.0555081
16.33 0 -0.30339 -0.277041 0.057962
16.34 0 -0.238487 -0.17042 0.124771
16.35 0 -0.167576 -0.086565 0.140466
16.36 0 -0.114103 -0.0492538 0.0943165
16.37 0 -0.0677119 -0.0428516 0.0117913
16.38 0 -0.00347898 -0.0299993 -0.0647025
16.39 0 0.0859066 0.0168796 -0.106732
16.4 0 0.201202 0.127006 -0.085054
16.41 0 0.332594 0.316981 0.0232044
16.42 0 0.488646 0.559418 0.220341
16.43 0 0.599032 0.780848 0.451121
16.44 0 0.631281 0.926269 0.677887
16.45 0 0.597782 0.990054 0.89808
16.46 0 0.530538 0.987956 1.11504
16.47 0 0.43336 0.942523 1.32405
16.48 0 0.309932 0.861231 1.49637
16.49 0 0.167386 0.756682 1.60819
16.5 0 0.0221887 0.636237 1.64122
16.51 0 -0.0932811 0.520165 1.60018
16.52 0 -0.135456 0.441174 1.5105
16.53 0 -0.113425 0.393112 1.36339
16.54 0 -0.0230342 0.393017 1.17955
16.55 0 0.136215 0.459975 0.988675
16.56 0 0.331623 0.569338 0.783214
16.57 0 0.510504 0.695754 0.578876
16.58 0 0.649008 0.812447 0.398512
16.59 0 0.708167 0.880535 0.250702
16.6 0 0.703032 0.871843 0.154597
16.61 0 0.629242 0.772536 0.112308
16.62 0 0.496482 0.588641 0.11537
16.63 0 0.304195 0.344698 0.141003
16.64 0 0.0684545 0.0746606 0.165682
16.65 0 -0.18336 -0.183012 0.172434
16.66 0 -0.410024 -0.398893 0.152055
16.67 0 -0.593132 -0.575243 0.080604
16.68 0 -0.709848 -0.712016 -0.0529917
16.69 0 -0.73408 -0.800776 -0.231685
16.7 0 -0.677011 -0.849719 -0.456257
16.71 0 -0.546844 -0.845159 -0.702802
16.72 0 -0.383091 -0.798298 -0.965379
16.73 0 -0.23478 -0.738577 -1.24185
16.74 0 -0.121388 -0.684724 -1.50568
16.75 0 -0.0349119 -0.640887 -1.71125
16.76 0 0.0163387 -0.626889 -1.83946
16.77 0 0.0146245 -0.661579 -1.89165
16.78 0 -0.0301157 -0.725171 -1.85479
16.79 0 -0.108599 -0.792057 -1.72962
16.8 0 -0.213804 -0.841869 -1.53219
16.81 0 -0.354898 -0.884494 -1.30666
16.82 0 -0.516855 -0.925085 -1.08326
16.83 0 -0.653173 -0.949189 -0.864793
16.84 0 -0.711717 -0.934763 -0.645709
16.85 0 -0.692997 -0.880811 -0.450519
16.86 0 -0.618644 -0.790232 -0.307454
16.87 0 -0.504523 -0.65568 -0.222755
16.88 0 -0.368908 -0.486214 -0.196193
16.89 0 -0.233084 -0.310901 -0.224424
16.9 0 -0.092466 -0.144923 -0.276021
16.91 0 0.053655 -0.00148306 -0.320122
16.92 0 0.194804 0.11222 -0.335378
16.93 0 0.303857 0.19015 -0.318754
16.94 0 0.370356 0.248516 -0.25909
16.95 0 0.399877 0.315547 -0.143887
16.96 0 0.398767 0.395356 0.0314366
16.97 0 0.375838 0.485912 0.258687
16.98 0 0.337471 0.568615 0.522192
16.99 0 0.295041 0.635612 0.805681
17 0 0.229117 0.656174 1.06089
17.01 0 0.140191 0.627894 1.25808
17.02 0 0.0473576 0.568401 1.38591
17.03 0 -0.0531405 0.473166 1.41358
17.04 0 -0.146256 0.353156 1.33452
17.05 0 -0.190818 0.2558 1.19081
17.06 0 -0.150378 0.225682 1.02752
17.07 0 -0.0295174 0.278268 0.867717
17.08 0 0.132562 0.369275 0.693043
17.09 0 0.313947 0.488268 0.520906
17.1 0 0.498086 0.624933 0.378512
17.11 0 0.656489 0.757198 0.280729
17.12 0 0.748043 0.841871 0.218097
17.13 0 0.753191 0.860934 0.194549
17.14 0 0.689467 0.823576 0.229732
17.15 0 0.573239 0.73638 0.323387
17.16 0 0.42964 0.621307 0.471198
17.17 0 0.266103 0.491023 0.643768
17.18 0 0.0679947 0.352835 0.79776
17.19 0 -0.132445 0.215366 0.910222
17.2 0 -0.283329 0.0979174 0.97901
17.21 0 -0.345603 0.0265078 1.00935
17.22 0 -0.314352 0.0167342 0.996638
17.23 0 -0.223796 0.0556951 0.917436
17.24 0 -0.100994 0.134136 0.771011
17.25 0 0.0454365 0.24587 0.583147
17.26 0 0.202888 0.371414 0.37977
17.27 0 0.352408 0.481356 0.181609
17.28 0 0.466047 0.540972 -0.000407157
17.29 0 0.511874 0.515259 -0.163646
17.3 0 0.484012 0.406983 -0.292444
17.31 0 0.395785 0.248848 -0.369618
17.32 0 0.249322 0.0611016 -0.404741
17.33 0 0.0573691 -0.136889 -0.4119
17.34 0 -0.144365 -0.317859 -0.393119
17.35 0 -0.34478 -0.489787 -0.379691
17.36 0 -0.525443 -0.656394 -0.393895
17.37 0 -0.666185 -0.825189 -0.45739
17.38 0 -0.74642 -0.986096 -0.577912
17.39 0 -0.804492 -1.12263 -0.769566
17.4 0 -0.812406 -1.20615 -1.00247
17.41 0 -0.77945 -1.24522 -1.26755
17.42 0 -0.678642 -1.23586 -1.52415
17.43 0 -0.519281 -1.17694 -1.74143
17.44 0 -0.327125 -1.07499 -1.8996
17.45 0 -0.141214 -0.938355 -1.98597
17.46 0 0.0095986 -0.781086 -1.9896
17.47 0 0.104211 -0.636156 -1.91392
17.48 0 0.115897 -0.524593 -1.76351
17.49 0 0.0553314 -0.46926 -1.54577
17.5 0 -0.0773977 -0.491589 -1.28905
17.51 0 -0.26859 -0.600275 -1.02957
17.52 0 -0.482249 -0.760774 -0.785068
17.53 0 -0.676435 -0.924738 -0.57135
17.54 0 -0.822121 -1.04605 -0.406836
17.55 0 -0.892731 -1.08823 -0.301351
17.56 0 -0.875519 -1.03486 -0.259984
17.57 0 -0.774437 -0.900207 -0.285766
17.58 0 -0.595321 -0.709793 -0.357877
17.59 0 -0.357925 -0.489419 -0.456049
17.6 0 -0.0802911 -0.250273 -0.542224
17.61 0 0.213323 0.00558336 -0.579051
17.62 0 0.455378 0.259845 -0.557499
17.63 0 0.591302 0.494453 -0.468112
17.64 0 0.682921 0.669502 -0.287635
17.65 0 0.728871 0.781802 -0.0169583
17.66 0 0.729396 0.815816 0.292833
17.67 0 0.648855 0.801207 0.631945
17.68 0 0.493232 0.760939 0.965548
17.69 0 0.289761 0.710896 1.27766
17.7 0 0.0682193 0.652536 1.53647
17.71 0 -0.121613 0.604174 1.73912
17.72 0 -0.215267 0.593649 1.90673
17.73 0 -0.185093 0.632302 2.03931
17.74 0 -0.0870722 0.685887 2.0818
17.75 0 0.00370283 0.758454 2.01253
17.76 0 0.121881 0.858242 1.86671
17.77 0 0.28693 0.969877 1.67628
17.78 0 0.484655 1.07056 1.4612
17.79 0 0.6865 1.14169 1.23498
17.8 0 0.871665 1.18632 1.02006
17.81 0 1.04147 1.2373 0.859008
17.82 0 1.17334 1.30027 0.763935
17.83 0 1.18887 1.36636 0.722796
17.84 0 1.10475 1.40406 0.744095
17.85 0 0.959244 1.39092 0.844425
17.86 0 0.784439 1.29744 1.01219
17.87 0 0.602494 1.13255 1.22722
17.88 0 0.422252 0.929089 1.45351
17.89 0 0.153264 0.729841 1.62918
17.9 0 -0.0824201 0.509806 1.74292
17.91 0 -0.288875 0.350303 1.78508
17.92 0 -0.393461 0.243513 1.74618
17.93 0 -0.425651 0.181785 1.59983
17.94 0 -0.367685 0.152584 1.35662
17.95 0 -0.211608 0.162891 1.02784
17.96 0 -0.000900395 0.18938 0.625501
17.97 0 0.181342 0.22449 0.179227
17.98 0 0.34142 0.275244 -0.250862
17.99 0 0.482533 0.331848 -0.622305
18 0 0.599448 0.347375 -0.88851
18.01 0 0.643962 0.283212 -1.05592
18.02 0 0.613099 0.163463 -1.10849
18.03 0 0.474844 -0.00720399 -1.0804
18.04 0 0.233236 -0.213369 -0.997866
18.05 0 -0.0447038 -0.42473 -0.864595
18.06 0 -0.274698 -0.660676 -0.722067
18.07 0 -0.543888 -0.867031 -0.616308
18.08 0 -0.79034 -1.02112 -0.552042
18.09 0 -0.975228 -1.13551 -0.546753
18.1 0 -1.07185 -1.22604 -0.609661
18.11 0 -1.01065 -1.30249 -0.734108
18.12 0 -0.937821 -1.32169 -0.936781
18.13 0 -0.859849 -1.29069 -1.20254
18.14 0 -0.762957 -1.21896 -1.48728
18.15 0 -0.657322 -1.16256 -1.77435
18.16 0 -0.534154 -1.13791 -2.02243
18.17 0 -0.392796 -1.15984 -2.21403
18.18 0 -0.278261 -1.21205 -2.35
18.19 0 -0.21627 -1.25508 -2.42276
18.2 0 -0.239919 -1.27862 -2.44478
18.21 0 -0.346782 -1.29361 -2.42076
18.22 0 -0.484959 -1.29752 -2.32502
18.23 0 -0.621133 -1.31717 -2.16343
18.24 0 -0.715869 -1.34457 -1.93409
18.25 0 -0.755605 -1.35721 -1.65383
18.26 0 -0.756456 -1.32999 -1.35849
18.27 0 -0.748428 -1.25249 -1.09243
18.28 0 -0.688816 -1.13322 -0.874803
18.29 0 -0.638343 -0.961942 -0.720865
18.3 0 -0.563499 -0.767468 -0.619399
18.31 0 -0.453168 -0.570364 -0.54793
18.32 0 -0.311825 -0.394695 -0.491195
18.33 0 -0.156489 -0.249854 -0.438089
18.34 0 0.00116849 -0.125637 -0.373959
18.35 0 0.208532 -0.0237516 -0.289949
18.36 0 0.346696 0.112635 -0.192317
18.37 0 0.429459 0.300622 -0.061084
18.38 0 0.444086 0.515344 0.0979867
18.39 0 0.428608 0.693121 0.294044
18.4 0 0.407287 0.79901 0.535482
18.41 0 0.401885 0.82381 0.816664
18.42 0 0.420559 0.807839 1.10998
18.43 0 0.388971 0.799447 1.37246
18.44 0 0.31111 0.802126 1.57904
18.45 0 0.2136 0.823746 1.72476
18.46 0 0.158018 0.878454 1.84118
18.47 0 0.163237 0.950832 1.92956
18.48 0 0.24403 1.02716 1.9997
18.49 0 0.37013 1.11815 2.03262
18.5 0 0.499333 1.20426 2.00639
18.51 0 0.599064 1.28847 1.92395
18.52 0 0.675297 1.35751 1.80261
18.53 0 0.723257 1.38042 1.64852
18.54 0 0.749924 1.34909 1.48317
18.55 0 0.767501 1.27911 1.3337
18.56 0 0.770115 1.19839 1.21818
18.57 0 0.732532 1.11491 1.12896
18.58 0 0.654824 1.03186 1.0638
18.59 0 0.563973 0.962911 1.03823
18.6 0 0.458728 0.88326 1.03189
18.61 0 0.337097 0.778593 1.02733
18.62 0 0.236634 0.655852 1.04014
18.63 0 0.162766 0.533642 1.05409
18.64 0 0.0950979 0.416799 1.03648
18.65 0 0.0286281 0.322677 0.973406
18.66 0 -0.00887342 0.279857 0.884587
18.67 0 -0.0310223 0.25668 0.753025
18.68 0 -0.0271879 0.21921 0.563514
18.69 0 0.00877631 0.172057 0.347523
18.7 0 0.0332306 0.111478 0.114697
18.71 0 0.0480912 0.0311265 -0.121975
18.72 0 0.0600752 -0.0592751 -0.343244
18.73 0 0.0697634 -0.14553 -0.534775
18.74 0 0.0476255 -0.23814 -0.711277
18.75 0 -0.0053366 -0.336946 -0.863976
18.76 0 -0.06534 -0.427517 -0.965584
18.77 0 -0.137553 -0.521272 -1.02818
18.78 0 -0.223941 -0.623235 -1.06354
18.79 0 -0.304841 -0.71452 -1.06605
18.8 0 -0.373059 -0.785006 -1.04249
18.81 0 -0.43606 -0.839728 -1.0145
18.82 0 -0.49266 -0.879411 -0.994116
18.83 0 -0.534378 -0.914929 -0.993986
18.84 0 -0.553898 -0.948851 -1.01863
18.85 0 -0.564364 -0.96417 -1.06138
18.86 0 -0.56214 -0.966923 -1.12024
18.87 0 -0.533983 -0.948383 -1.17548
18.88 0 -0.481202 -0.916805 -1.22199
18.89 0 -0.40396 -0.874394 -1.25225
18.9 0 -0.330593 -0.832306 -1.27606
18.91 0 -0.27305 -0.786966 -1.28842
18.92 0 -0.235751 -0.736694 -1.2815
18.93 0 -0.235836 -0.70514 -1.26791
18.94 0 -0.263778 -0.698102 -1.24139
18.95 0 -0.270514 -0.694479 -1.17253
18.96 0 -0.269752 -0.684433 -1.06884
18.97 0 -0.27022 -0.666537 -0.947918
18.98 0 -0.274319 -0.625121 -0.814888
18.99 0 -0.266815 -0.548872 -0.666556
19 0 -0.251929 -0.450006 -0.515142
19.01 0 -0.240207 -0.359599 -0.38274
19.02 0 -0.218542 -0.279315 -0.26304
19.03 0 -0.180288 -0.209755 -0.154693
19.04 0 -0.134103 -0.147213 -0.0673994
19.05 0 -0.073602 -0.0780262 0.012746
19.06 0 -0.000313409 0.0120254 0.0930968
19.07 0 0.0743631 0.118219 0.172919
19.08 0 0.144787 0.236304 0.255281
19.09 0 0.207 0.352808 0.342891
19.1 0 0.259125 0.455627 0.437738
19.11 0 0.307727 0.546822 0.550783
19.12 0 0.328366 0.624816 0.675339
19.13 0 0.345784 0.677872 0.804307
19.14 0 0.365489 0.710233 0.929351
19.15 0 0.380934 0.740799 1.05542
19.16 0 0.383058 0.776602 1.17044
19.17 0 0.364168 0.80996 1.259
19.18 0 0.335209 0.838621 1.32182
19.19 0 0.31355 0.858999 1.36499
19.2 0 0.304676 0.86235 1.38641
19.21 0 0.314655 0.85332 1.38958
19.22 0 0.343347 0.844846 1.37806
19.23 0 0.373866 0.840719 1.34415
19.24 0 0.391939 0.842307 1.28507
19.25 0 0.400035 0.848865 1.20957
19.26 0 0.402633 0.85126 1.12682
19.27 0 0.403249 0.837302 1.04377
19.28 0 0.399343 0.797674 0.962262
19.29 0 0.385798 0.731906 0.881734
19.3 0 0.359066 0.649286 0.801876
19.31 0 0.322716 0.558224 0.714001
19.32 0 0.276007 0.472303 0.622336
19.33 0 0.201256 0.393713 0.524836
19.34 0 0.108342 0.311636 0.422279
19.35 0 0.0340576 0.219013 0.32622
19.36 0 -0.0158218 0.110662 0.232961
19.37 0 -0.0485854 -0.00780066 0.133315
19.38 0 -0.0728129 -0.115351 0.0227486
19.39 0 -0.0990048 -0.200663 -0.103709
19.4 0 -0.129369 -0.257657 -0.245598
19.41 0 -0.158134 -0.294609 -0.397001
19.42 0 -0.1751 -0.331437 -0.54235
19.43 0 -0.176474 -0.381088 -0.672374
19.44 0 -0.168968 -0.44633 -0.784188
19.45 0 -0.165229 -0.518898 -0.879128
19.46 0 -0.177675 -0.586988 -0.959685
19.47 0 -0.210054 -0.640653 -1.02536
19.48 0 -0.260776 -0.682358 -1.07709
19.49 0 -0.319781 -0.72012 -1.11331
19.5 0 -0.370517 -0.760828 -1.13048
19.51 0 -0.39923 -0.806775 -1.12927
19.52 0 -0.415665 -0.849215 -1.1171
19.53 0 -0.431522 -0.877147 -1.1025
19.54 0 -0.449107 -0.884713 -1.09048
19.55 0 -0.464226 -0.872645 -1.08124
19.56 0 -0.463839 -0.849226 -1.07194
19.57 0 -0.443731 -0.819846 -1.05931
19.58 0 -0.404203 -0.786297 -1.04098
19.59 0 -0.352266 -0.747044 -1.01713
19.6 0 -0.287849 -0.701208 -0.988048
19.61 0 -0.235146 -0.639998 -0.954532
19.62 0 -0.19564 -0.565969 -0.91298
19.63 0 -0.170586 -0.485937 -0.85786
19.64 0 -0.149804 -0.411747 -0.782676
19.65 0 -0.128947 -0.349585 -0.683959
19.66 0 -0.105327 -0.300096 -0.563313
19.67 0 -0.0848133 -0.256273 -0.427739
19.68 0 -0.0719755 -0.209685 -0.286389
19.69 0 -0.0695087 -0.152874 -0.148176
19.7 0 -0.0723739 -0.0822601 -0.0213839
19.71 0 -0.0696265 -0.00678977 0.0967044
19.72 0 -0.050818 0.0657296 0.207817
19.73 0 -0.0124934 0.132601 0.312109
19.74 0 0.0411807 0.196177 0.407505
19.75 0 0.100442 0.262691 0.490743
19.76 0 0.156048 0.336931 0.559856
19.77 0 0.20299 0.418238 0.616192
19.78 0 0.24106 0.500523 0.664423
19.79 0 0.263591 0.576872 0.710012
19.8 0 0.283924 0.63437 0.759094
19.81 0 0.321253 0.66425 0.81123
19.82 0 0.359937 0.675768 0.8672
19.83 0 0.386393 0.682019 0.92048
19.84 0 0.390285 0.693891 0.964604
19.85 0 0.372329 0.712992 0.997239
19.86 0 0.341735 0.732657 1.02057
19.87 0 0.312421 0.74219 1.03863
19.88 0 0.294207 0.734614 1.05372
19.89 0 0.286888 0.711105 1.06409
19.9 0 0.286231 0.678835 1.06481
19.91 0 0.284005 0.647623 1.05004
19.92 0 0.274871 0.623937 1.01626
19.93 0 0.258828 0.607741 0.964016
19.94 0 0.241465 0.592841 0.897682
19.95 0 0.229347 0.571112 0.823194
19.96 0 0.226764 0.536954 0.74459
19.97 0 0.236729 0.489537 0.658547
19.98 0 0.251661 0.443052 0.574497
19.99 0 0.2399 0.392285 0.479304
20 0 0.200224 0.345393 0.382503
20.01 0 0.151423 0.291674 0.290042
20.02 0 0.104072 0.223816 0.206347
20.03 0 0.0642865 0.140313 0.131982
20.04 0 0.0286681 0.0481203 0.0629609
20.05 0 -0.00815927 -0.0417888 -0.00773056
