0.01 0 3.43783e-07 3.69969e-07 3.6032e-07
0.02 0 1.65252e-06 1.86165e-06 1.79008e-06
0.03 0 4.05039e-06 4.8783e-06 4.62554e-06
0.04 0 7.22112e-06 9.43164e-06 8.86962e-06
0.05 0 1.08732e-05 1.54281e-05 1.45827e-05
0.06 0 1.47967e-05 2.26233e-05 2.18677e-05
0.07 0 1.88714e-05 3.06718e-05 3.08361e-05
0.08 0 2.30429e-05 3.92539e-05 4.15727e-05
0.09 0 2.72696e-05 4.81812e-05 5.40866e-05
0.1 0 3.14741e-05 5.74171e-05 6.82637e-05
0.11 0 3.55654e-05 6.70355e-05 8.38743e-05
0.12 0 3.95054e-05 7.71395e-05 0.00010062
0.13 0 4.33422e-05 8.77609e-05 0.000118165
0.14 0 4.71701e-05 9.87761e-05 0.000136122
0.15 0 5.10381e-05 0.000109875 0.000154014
0.16 0 5.49433e-05 0.000120671 0.000171327
0.17 0 5.89106e-05 0.000130903 0.000187637
0.18 0 6.30192e-05 0.000140538 0.000202688
0.19 0 6.73626e-05 0.000149743 0.000216379
0.2 0 7.19473e-05 0.000158711 0.000228679
0.21 0 7.66172e-05 0.00016747 0.00023953
0.22 0 8.10305e-05 0.000175723 0.000248778
0.23 0 8.46272e-05 0.00018275 0.000256065
0.24 0 8.66864e-05 0.000187456 0.000260804
0.25 0 8.65772e-05 0.000188709 0.000262346
0.26 0 8.42579e-05 0.000185998 0.000260443
0.27 0 8.03427e-05 0.000179728 0.000255368
0.28 0 7.53079e-05 0.000170568 0.000247216
0.29 0 6.90836e-05 0.000158918 0.000235549
0.3 0 6.15835e-05 0.000145101 0.000219911
0.31 0 5.31413e-05 0.000129515 0.000200257
0.32 0 4.42808e-05 0.000112399 0.000176792
0.33 0 3.53016e-05 9.36457e-05 0.000149659
0.34 0 2.62734e-05 7.30706e-05 0.000119017
0.35 0 1.73456e-05 5.0913e-05 8.53844e-05
0.36 0 8.9153e-06 2.80585e-05 4.98125e-05
0.37 0 1.18649e-06 5.50477e-06 1.34223e-05
0.38 0 -6.43286e-06 -1.6523e-05 -2.33006e-05
0.39 0 -1.48808e-05 -3.85076e-05 -6.02512e-05
0.4 0 -2.43665e-05 -6.07627e-05 -9.68123e-05
0.41 0 -3.41737e-05 -8.30057e-05 -0.00013169
0.42 0 -4.34691e-05 -0.000104655 -0.000163619
0.43 0 -5.20063e-05 -0.000125165 -0.000191964
0.44 0 -6.00433e-05 -0.000144022 -0.000216647
0.45 0 -6.78741e-05 -0.000160716 -0.000237784
0.46 0 -7.5579e-05 -0.000174966 -0.000255537
0.47 0 -8.35345e-05 -0.000187477 -0.000270676
0.48 0 -9.31358e-05 -0.000200674 -0.00028535
0.49 0 -0.000106296 -0.000218072 -0.000302685
0.5 0 -0.00012436 -0.00024292 -0.000325789
0.51 0 -0.000147951 -0.000277622 -0.00035757
0.52 0 -0.000177074 -0.000323455 -0.00040071
0.53 0 -0.000210503 -0.000379731 -0.000456801
0.54 0 -0.00024599 -0.00044397 -0.000526195
0.55 0 -0.000281028 -0.000512793 -0.000608336
0.56 0 -0.000312801 -0.000582116 -0.000701288
0.57 0 -0.00033905 -0.00064823 -0.000802246
0.58 0 -0.000359244 -0.0007092 -0.000908546
0.59 0 -0.000374043 -0.00076453 -0.00101725
0.6 0 -0.000383923 -0.000813799 -0.00112407
0.61 0 -0.000388804 -0.00085593 -0.00122334
0.62 0 -0.000388897 -0.000889548 -0.0013092
0.63 0 -0.000385493 -0.000913646 -0.00137683
0.64 0 -0.000380849 -0.000927983 -0.00142303
0.65 0 -0.000377019 -0.000932808 -0.00144579
0.66 0 -0.00037502 -0.000928682 -0.00144403
0.67 0 -0.000376034 -0.00091782 -0.0014191
0.68 0 -0.000382674 -0.000905155 -0.00137621
0.69 0 -0.00039691 -0.000895977 -0.00132238
0.7 0 -0.000416905 -0.000892102 -0.00126295
0.71 0 -0.00043714 -0.000890795 -0.00120075
0.72 0 -0.000450837 -0.000885999 -0.0011371
0.73 0 -0.000451553 -0.000869573 -0.00107205
0.74 0 -0.000434075 -0.000832936 -0.00100407
0.75 0 -0.000395337 -0.000769396 -0.000930365
0.76 0 -0.00033505 -0.000676126 -0.000847344
0.77 0 -0.000256827 -0.000556013 -0.000752112
0.78 0 -0.000168967 -0.000418503 -0.000644287
0.79 0 -8.17263e-05 -0.000276429 -0.000524839
0.8 0 -2.83427e-06 -0.000140532 -0.000393286
0.81 0 6.30516e-05 -1.75148e-05 -0.000248461
0.82 0 0.000112017 8.84822e-05 -9.17574e-05
0.83 0 0.000140517 0.000174928 7.17613e-05
0.84 0 0.000147333 0.000241097 0.000234838
0.85 0 0.000135284 0.000288183 0.000389911
0.86 0 0.000110718 0.00031855 0.000529716
0.87 0 8.19481e-05 0.000335478 0.000647666
0.88 0 5.79767e-05 0.000343949 0.000738926
0.89 0 4.75753e-05 0.000351529 0.000801808
0.9 0 5.8941e-05 0.000368774 0.000839318
0.91 0 9.80099e-05 0.00040705 0.000858695
0.92 0 0.000165318 0.000473754 0.00086852
0.93 0 0.000255511 0.000569536 0.000877298
0.94 0 0.000360823 0.00068999 0.000895069
0.95 0 0.000474282 0.000828852 0.000934462
0.96 0 0.000588881 0.000978904 0.00100782
0.97 0 0.000695381 0.00113169 0.00112297
0.98 0 0.00078379 0.00127939 0.0012824
0.99 0 0.000846947 0.00141714 0.00148473
1 0 0.000881425 0.00154189 0.00172416
1.01 0 0.000885962 0.00164929 0.00198841
1.02 0 0.000860984 0.00173254 0.00225891
1.03 0 0.000810441 0.00178509 0.00251422
1.04 0 0.000742598 0.00180365 0.00273354
1.05 0 0.000666473 0.0017875 0.00289649
1.06 0 0.000587906 0.00173622 0.00298248
1.07 0 0.000511602 0.00165164 0.00297529
1.08 0 0.000445355 0.00154101 0.00286929
1.09 0 0.000399318 0.00141605 0.00267053
1.1 0 0.000382232 0.0012899 0.00239448
1.11 0 0.000397617 0.00117408 0.00206272
1.12 0 0.000439792 0.00107393 0.00169777
1.13 0 0.000492668 0.00098489 0.00131866
1.14 0 0.000534061 0.000893101 0.000940217
1.15 0 0.000542343 0.000779488 0.000574192
1.16 0 0.000500631 0.000624008 0.000228556
1.17 0 0.00039875 0.000410308 -9.38156e-05
1.18 0 0.00023556 0.000131703 -0.000394275
1.19 0 1.96783e-05 -0.000205359 -0.000677191
1.2 0 -0.000233609 -0.000583935 -0.000950889
1.21 0 -0.000506345 -0.000982716 -0.00122833
1.22 0 -0.000779571 -0.00138122 -0.0015248
1.23 0 -0.001033 -0.00176193 -0.00185305
1.24 0 -0.00124546 -0.00210999 -0.00221879
1.25 0 -0.00139796 -0.00241242 -0.0026188
1.26 0 -0.00147803 -0.00265741 -0.00304139
1.27 0 -0.00148357 -0.00283532 -0.00346847
1.28 0 -0.00142413 -0.00294116 -0.00387831
1.29 0 -0.00131894 -0.00297752 -0.00424766
1.3 0 -0.00119338 -0.00295691 -0.00455455
1.31 0 -0.00107331 -0.00290017 -0.00477952
1.32 0 -0.000978815 -0.00282993 -0.00490556
1.33 0 -0.000923426 -0.00276594 -0.0049217
1.34 0 -0.000916931 -0.00272322 -0.00482854
1.35 0 -0.000964432 -0.00270918 -0.00463877
1.36 0 -0.00106187 -0.00272061 -0.00437263
1.37 0 -0.00119322 -0.00274406 -0.00405302
1.38 0 -0.00133264 -0.00275986 -0.00370295
1.39 0 -0.00145082 -0.00274802 -0.0033452
1.4 0 -0.00152144 -0.00269219 -0.00300127
1.41 0 -0.00152551 -0.00258121 -0.00268892
1.42 0 -0.00145513 -0.00241102 -0.00242104
1.43 0 -0.00131536 -0.00218676 -0.00220544
1.44 0 -0.00112129 -0.00192155 -0.00204283
1.45 0 -0.000892068 -0.00163234 -0.00192407
1.46 0 -0.000647286 -0.00133653 -0.001831
1.47 0 -0.000406171 -0.00104992 -0.00174065
1.48 0 -0.00018618 -0.000783932 -0.00162898
1.49 0 -1.38885e-06 -0.000543921 -0.00147429
1.5 0 0.000138081 -0.00033037 -0.00126103
1.51 0 0.000226456 -0.000141689 -0.000982776
1.52 0 0.00026351 2.38237e-05 -0.000642771
1.53 0 0.000255868 0.000167866 -0.000252418
1.54 0 0.000216589 0.000293006 0.000170794
1.55 0 0.000163444 0.000404447 0.000605928
1.56 0 0.00011632 0.000511469 0.00103152
1.57 0 9.25599e-05 0.000625368 0.00142651
1.58 0 0.000101806 0.000754059 0.0017697
1.59 0 0.000146507 0.000899828 0.00204306
1.6 0 0.000229098 0.00106379 0.00224036
1.61 0 0.000354718 0.00124885 0.00237086
1.62 0 0.000523861 0.00145549 0.00245242
1.63 0 0.000726173 0.00167859 0.00250411
1.64 0 0.000943767 0.00191059 0.00254609
1.65 0 0.00115804 0.00214549 0.00260119
1.66 0 0.00135274 0.00237816 0.00269233
1.67 0 0.00151204 0.00259955 0.00283544
1.68 0 0.00161769 0.00279196 0.00303205
1.69 0 0.0016518 0.00293107 0.00326852
1.7 0 0.00160446 0.00299405 0.00352153
1.71 0 0.00147684 0.00296536 0.0037616
1.72 0 0.00127935 0.00283874 0.00395417
1.73 0 0.00103045 0.00261918 0.00406348
1.74 0 0.000755682 0.00232365 0.00405807
1.75 0 0.000483691 0.00197695 0.00391385
1.76 0 0.000240268 0.00160456 0.00361512
1.77 0 4.39695e-05 0.00122666 0.00315579
1.78 0 -9.65778e-05 0.000854384 0.00254034
1.79 0 -0.000185129 0.000487244 0.00178231
1.8 0 -0.000238316 0.000113217 0.000901891
1.81 0 -0.000280877 -0.000285935 -7.40214e-05
1.82 0 -0.000337375 -0.000725858 -0.00111014
1.83 0 -0.000425548 -0.00121224 -0.00216312
1.84 0 -0.00055436 -0.00173832 -0.00318585
1.85 0 -0.000726691 -0.00228822 -0.00413524
1.86 0 -0.000943629 -0.0028443 -0.00498038
1.87 0 -0.00120465 -0.00339217 -0.00570563
1.88 0 -0.00150084 -0.00391813 -0.00630494
1.89 0 -0.00180946 -0.00440378 -0.00677455
1.9 0 -0.00209847 -0.00482574 -0.00711255
1.91 0 -0.00233539 -0.00515762 -0.0073207
1.92 0 -0.00249199 -0.00537026 -0.00740221
1.93 0 -0.0025472 -0.00543464 -0.00735897
1.94 0 -0.00249187 -0.00533104 -0.00719305
1.95 0 -0.00233323 -0.00505969 -0.00691041
1.96 0 -0.00209495 -0.00464635 -0.006523
1.97 0 -0.00181149 -0.00413837 -0.00604724
1.98 0 -0.0015173 -0.00359069 -0.00549825
1.99 0 -0.0012372 -0.00304856 -0.00488454
2 0 -0.000984072 -0.00253671 -0.00420871
2.01 0 -0.000762222 -0.00205802 -0.00347248
2.02 0 -0.00057119 -0.00159982 -0.00268155
2.03 0 -0.00040719 -0.00114411 -0.00184774
2.04 0 -0.000262358 -0.000676853 -0.000987796
2.05 0 -0.000125117 -0.000194091 -0.000121777
2.06 0 1.77369e-05 0.000297858 0.000728888
2.07 0 0.000178081 0.000787614 0.00154354
2.08 0 0.000363419 0.00126549 0.00230419
2.09 0 0.000575704 0.00172848 0.00299768
2.1 0 0.000811667 0.00218026 0.00361712
2.11 0 0.00106483 0.00262727 0.00416279
2.12 0 0.00132991 0.00307566 0.0046443
2.13 0 0.00160582 0.00352991 0.00508139
2.14 0 0.00189428 0.00399258 0.00550103
2.15 0 0.002196 0.00446539 0.00593267
2.16 0 0.00250808 0.00495162 0.00640425
2.17 0 0.0028246 0.00545795 0.00694043
2.18 0 0.00313854 0.00599329 0.00756118
2.19 0 0.00344404 0.00656458 0.00828011
2.2 0 0.00373658 0.00717188 0.00910169
2.21 0 0.00401067 0.00780513 0.0100183
2.22 0 0.00425933 0.00844528 0.0110098
2.23 0 0.00447678 0.0090699 0.0120467
2.24 0 0.00466016 0.00965843 0.0130936
2.25 0 0.00480751 0.010193 0.0141096
2.26 0 0.00491557 0.0106565 0.0150478
2.27 0 0.00498295 0.0110348 0.0158619
2.28 0 0.00501551 0.0113202 0.016514
2.29 0 0.00502747 0.0115137 0.0169798
2.3 0 0.00503716 0.0116243 0.0172489
2.31 0 0.00505953 0.011665 0.0173218
2.32 0 0.00509837 0.011646 0.0172047
2.33 0 0.00514186 0.0115678 0.0169045
2.34 0 0.0051637 0.0114153 0.0164258
2.35 0 0.00512858 0.0111571 0.0157705
2.36 0 0.00499907 0.0107498 0.0149374
2.37 0 0.00474515 0.0101496 0.0139256
2.38 0 0.00435279 0.00932823 0.0127383
2.39 0 0.00382575 0.00828251 0.0113835
2.4 0 0.00318202 0.00703544 0.00987086
2.41 0 0.00244877 0.00562826 0.00820784
2.42 0 0.00165752 0.00410944 0.00639882
2.43 0 0.000841264 0.00252593 0.00444796
2.44 0 3.2278e-05 0.000916801 0.00236306
2.45 0 -0.000744182 -0.000693246 0.000154893
2.46 0 -0.00147435 -0.00229423 -0.00216286
2.47 0 -0.00214945 -0.00387811 -0.00456445
2.48 0 -0.0027587 -0.00542539 -0.00700424
2.49 0 -0.00329493 -0.00690675 -0.00942306
2.5 0 -0.00376326 -0.0082929 -0.0117597
2.51 0 -0.00418194 -0.00956376 -0.0139583
2.52 0 -0.00457859 -0.0107176 -0.0159742
2.53 0 -0.00498241 -0.0117722 -0.0177758
2.54 0 -0.00541303 -0.012754 -0.019341
2.55 0 -0.00587234 -0.0136812 -0.020652
2.56 0 -0.00634708 -0.0145537 -0.021698
2.57 0 -0.00682388 -0.0153595 -0.0224872
2.58 0 -0.00729667 -0.0160836 -0.0230514
2.59 0 -0.00775364 -0.0167058 -0.0234301
2.6 0 -0.00816509 -0.0171974 -0.023653
2.61 0 -0.00848826 -0.017528 -0.0237369
2.62 0 -0.00868279 -0.0176758 -0.0236922
2.63 0 -0.00872567 -0.0176362 -0.0235309
2.64 0 -0.00861526 -0.0174203 -0.023268
2.65 0 -0.00836361 -0.0170431 -0.0229118
2.66 0 -0.00798756 -0.0165121 -0.0224543
2.67 0 -0.00750572 -0.0158272 -0.0218717
2.68 0 -0.00693754 -0.0149871 -0.0211297
2.69 0 -0.00629961 -0.013991 -0.0201857
2.7 0 -0.00560624 -0.0128412 -0.0189965
2.71 0 -0.00487853 -0.0115522 -0.0175328
2.72 0 -0.00415028 -0.0101561 -0.0157923
2.73 0 -0.00346239 -0.00869915 -0.0138
2.74 0 -0.00284975 -0.00723072 -0.0116006
2.75 0 -0.00232772 -0.00579032 -0.00924751
2.76 0 -0.00188777 -0.00440148 -0.0067978
2.77 0 -0.0015039 -0.00307161 -0.00431262
2.78 0 -0.00113938 -0.00179061 -0.00185341
2.79 0 -0.000747229 -0.000526394 0.000529885
2.8 0 -0.000273043 0.000773402 0.00280876
2.81 0 0.00032972 0.00216372 0.00497266
2.82 0 0.00107869 0.00367529 0.00701587
2.83 0 0.00195155 0.00529508 0.00892815
2.84 0 0.00289511 0.00696735 0.0106986
2.85 0 0.0038467 0.0086126 0.0123266
2.86 0 0.00474836 0.0101467 0.0138235
2.87 0 0.00555126 0.0114987 0.0152054
2.88 0 0.0062188 0.0126287 0.01649
2.89 0 0.00672673 0.0135318 0.01769
2.9 0 0.00705733 0.014222 0.0188011
2.91 0 0.00719696 0.0147101 0.019795
2.92 0 0.00714448 0.014994 0.0206257
2.93 0 0.00692237 0.0150629 0.0212433
2.94 0 0.00657758 0.0149095 0.0216035
2.95 0 0.00617039 0.0145434 0.0216719
2.96 0 0.00575882 0.0139993 0.021425
2.97 0 0.00538327 0.0133303 0.0208474
2.98 0 0.00506044 0.0125913 0.019933
2.99 0 0.00479036 0.0118237 0.0186918
3 0 0.00456433 0.0110426 0.0171548
3.01 0 0.00436634 0.0102326 0.0153704
3.02 0 0.00416964 0.0093537 0.0133958
3.03 0 0.00393289 0.00835496 0.0112857
3.04 0 0.0036046 0.00719251 0.00908663
3.05 0 0.00313678 0.00584448 0.00683848
3.06 0 0.00249966 0.00431489 0.00457534
3.07 0 0.0016897 0.00262657 0.00232361
3.08 0 0.000729626 0.000812191 9.90986e-05
3.09 0 -0.000334215 -0.00108809 -0.00209119
3.1 0 -0.00143813 -0.00302463 -0.00424525
3.11 0 -0.00251341 -0.00493872 -0.00636433
3.12 0 -0.0034998 -0.00676656 -0.00845119
3.13 0 -0.00435438 -0.00844662 -0.010506
3.14 0 -0.00505191 -0.00992957 -0.0125205
3.15 0 -0.00558145 -0.0111878 -0.0144739
3.16 0 -0.00594822 -0.0122227 -0.0163358
3.17 0 -0.00617817 -0.0130653 -0.0180741
3.18 0 -0.00631687 -0.0137674 -0.0196607
3.19 0 -0.0064201 -0.0143846 -0.0210713
3.2 0 -0.00654304 -0.0149642 -0.0222864
3.21 0 -0.00673297 -0.0155411 -0.0232966
3.22 0 -0.00702123 -0.0161373 -0.0241041
3.23 0 -0.00741382 -0.0167588 -0.0247188
3.24 0 -0.00788683 -0.0173921 -0.0251537
3.25 0 -0.0083913 -0.0180018 -0.0254212
3.26 0 -0.00886662 -0.0185324 -0.0255322
3.27 0 -0.009253 -0.0189171 -0.025495
3.28 0 -0.00949605 -0.0190907 -0.0253128
3.29 0 -0.00954682 -0.0190018 -0.0249807
3.3 0 -0.00937 -0.0186233 -0.0244892
3.31 0 -0.00896117 -0.0179598 -0.0238329
3.32 0 -0.00834945 -0.0170419 -0.023011
3.33 0 -0.00757829 -0.0159038 -0.0220096
3.34 0 -0.00668762 -0.0145661 -0.0207917
3.35 0 -0.00571281 -0.013039 -0.0193052
3.36 0 -0.00469094 -0.0113367 -0.0175024
3.37 0 -0.00366074 -0.00948323 -0.0153512
3.38 0 -0.00265877 -0.00751254 -0.0128416
3.39 0 -0.00171708 -0.00546485 -0.00998889
3.4 0 -0.000858842 -0.00338282 -0.00683473
3.41 0 -9.3031e-05 -0.00130622 -0.0034442
3.42 0 0.000586944 0.000733227 9.8809e-05
3.43 0 0.00120155 0.00271599 0.00369806
3.44 0 0.0017835 0.00463815 0.007255
3.45 0 0.00237631 0.00651337 0.0106812
3.46 0 0.00302941 0.00836981 0.0139081
3.47 0 0.00378796 0.0102407 0.0168908
3.48 0 0.00468127 0.0121516 0.0196068
3.49 0 0.0057146 0.0141072 0.0220517
3.5 0 0.00686756 0.0160861 0.0242347
3.51 0 0.00809923 0.0180465 0.0261783
3.52 0 0.00936153 0.0199373 0.0279166
3.53 0 0.0106127 0.0217084 0.0294899
3.54 0 0.0118142 0.0233195 0.0309353
3.55 0 0.0129182 0.0247464 0.0322767
3.56 0 0.0138683 0.0259808 0.0335222
3.57 0 0.0146108 0.0270204 0.0346668
3.58 0 0.0151058 0.0278555 0.0356962
3.59 0 0.0153335 0.0284601 0.0365877
3.6 0 0.0152991 0.028796 0.037313
3.61 0 0.0150345 0.028828 0.03784
3.62 0 0.0145902 0.02854 0.0381309
3.63 0 0.0140191 0.0279467 0.0381393
3.64 0 0.0133636 0.0270913 0.0378106
3.65 0 0.012652 0.0260295 0.0370877
3.66 0 0.0119039 0.0248102 0.0359211
3.67 0 0.0111349 0.0234565 0.0342769
3.68 0 0.0103573 0.021959 0.0321414
3.69 0 0.00957551 0.0202822 0.0295205
3.7 0 0.00877734 0.0183806 0.0264359
3.71 0 0.00792811 0.0162161 0.0229194
3.72 0 0.00697484 0.0137693 0.0190113
3.73 0 0.005859 0.0110385 0.0147589
3.74 0 0.0045309 0.00803102 0.010215
3.75 0 0.00296903 0.00475632 0.00543965
3.76 0 0.00120062 0.00123707 0.000508721
3.77 0 -0.000690131 -0.00246215 -0.00447501
3.78 0 -0.00258112 -0.00622169 -0.00938923
3.79 0 -0.00435961 -0.00988843 -0.0141231
3.8 0 -0.00596117 -0.0133074 -0.0185976
3.81 0 -0.00736668 -0.0163484 -0.0227554
3.82 0 -0.00857148 -0.0189305 -0.0265407
3.83 0 -0.00956706 -0.0210331 -0.029888
3.84 0 -0.0103447 -0.0226866 -0.032727
3.85 0 -0.0109045 -0.0239488 -0.0349965
3.86 0 -0.011271 -0.0248859 -0.0366648
3.87 0 -0.0115111 -0.0255672 -0.0377509
3.88 0 -0.0117213 -0.0260564 -0.0383197
3.89 0 -0.0119821 -0.0263935 -0.038447
3.9 0 -0.0123221 -0.0265895 -0.0381909
3.91 0 -0.0127099 -0.0266356 -0.0375854
3.92 0 -0.0130624 -0.026504 -0.0366408
3.93 0 -0.0132652 -0.0261427 -0.0353506
3.94 0 -0.0132055 -0.0254775 -0.0337076
3.95 0 -0.0128005 -0.0244223 -0.0317145
3.96 0 -0.0120144 -0.0228929 -0.0293837
3.97 0 -0.0108555 -0.0208305 -0.0267275
3.98 0 -0.00936012 -0.0182241 -0.0237472
3.99 0 -0.00758189 -0.0151296 -0.0204327
4 0 -0.00561022 -0.01169 -0.0167928
4.01 0 -0.003601 -0.00813406 -0.012896
4.02 0 -0.00175968 -0.00472769 -0.00886856
4.03 0 -0.000273469 -0.00170202 -0.00485361
4.04 0 0.000752443 0.000802299 -0.000971128
4.05 0 0.00131575 0.00274708 0.00269104
4.06 0 0.0014992 0.00417741 0.00606295
4.07 0 0.00145275 0.00521259 0.00909555
4.08 0 0.00137333 0.0060385 0.0117733
4.09 0 0.00146235 0.00687599 0.0141114
4.1 0 0.00187274 0.00792709 0.0161393
4.11 0 0.00266506 0.00931369 0.0178797
4.12 0 0.00380213 0.0110435 0.0193465
4.13 0 0.00517915 0.0130139 0.0205597
4.14 0 0.00665789 0.0150353 0.0215483
4.15 0 0.00808969 0.0168772 0.0223436
4.16 0 0.00932525 0.0183275 0.0229659
4.17 0 0.0102302 0.0192435 0.0234182
4.18 0 0.0107203 0.0196014 0.0237123
4.19 0 0.0107947 0.0195142 0.0238994
4.2 0 0.0105343 0.0191783 0.0240621
4.21 0 0.0100724 0.0187879 0.0242808
4.22 0 0.00956647 0.0184869 0.0246147
4.23 0 0.0091745 0.0183702 0.0251047
4.24 0 0.0090305 0.0185079 0.025779
4.25 0 0.0092152 0.0189588 0.0266505
4.26 0 0.00972975 0.0197565 0.0277033
4.27 0 0.0104795 0.0208663 0.0288716
4.28 0 0.0112861 0.0221429 0.0300293
4.29 0 0.0119597 0.0233539 0.0310314
4.3 0 0.0123801 0.0242659 0.031778
4.31 0 0.0125078 0.0247105 0.0322266
4.32 0 0.012348 0.0246118 0.0323609
4.33 0 0.011921 0.0239873 0.032163
4.34 0 0.0112466 0.0229213 0.0315981
4.35 0 0.010338 0.0215128 0.0306085
4.36 0 0.00921144 0.0198273 0.0291225
4.37 0 0.00790962 0.0178862 0.0270823
4.38 0 0.00650793 0.0156822 0.0244624
4.39 0 0.00509256 0.0131997 0.0212658
4.4 0 0.00372592 0.0104365 0.0175104
4.41 0 0.00242333 0.007421 0.0132226
4.42 0 0.00115861 0.00421282 0.0084434
4.43 0 -0.000108565 0.000883921 0.00323964
4.44 0 -0.00140442 -0.00250215 -0.00228459
4.45 0 -0.00272651 -0.00590048 -0.00798624
4.46 0 -0.00405612 -0.00928943 -0.0137035
4.47 0 -0.00539365 -0.0126719 -0.0192929
4.48 0 -0.00678032 -0.0160662 -0.0246558
4.49 0 -0.0082846 -0.0194937 -0.0297432
4.5 0 -0.00998179 -0.0229742 -0.0345483
4.51 0 -0.0119443 -0.0265302 -0.0390969
4.52 0 -0.0142225 -0.0301949 -0.0434366
4.53 0 -0.0168144 -0.0340012 -0.0476155
4.54 0 -0.0196543 -0.0379596 -0.051667
4.55 0 -0.0226339 -0.0420472 -0.0556171
4.56 0 -0.0256444 -0.046213 -0.0595064
4.57 0 -0.0286086 -0.0503931 -0.0634045
4.58 0 -0.0314835 -0.0545287 -0.0674022
4.59 0 -0.0342411 -0.0585774 -0.0715874
4.6 0 -0.0368513 -0.0625201 -0.0760213
4.61 0 -0.0392764 -0.06636 -0.0807256
4.62 0 -0.0414747 -0.0701091 -0.085679
4.63 0 -0.0434097 -0.0737687 -0.0908208
4.64 0 -0.0450609 -0.0773143 -0.0960605
4.65 0 -0.0464298 -0.0806916 -0.101289
4.66 0 -0.0475353 -0.0838221 -0.106391
4.67 0 -0.0484049 -0.0866206 -0.111249
4.68 0 -0.0490715 -0.0890169 -0.115757
4.69 0 -0.049566 -0.0909667 -0.119819
4.7 0 -0.0499036 -0.092457 -0.123345
4.71 0 -0.0500855 -0.093514 -0.126247
4.72 0 -0.0501155 -0.0941935 -0.128454
4.73 0 -0.050001 -0.0945427 -0.129905
4.74 0 -0.0497456 -0.0945612 -0.130537
4.75 0 -0.0493486 -0.0941961 -0.130287
4.76 0 -0.0488015 -0.0933552 -0.129097
4.77 0 -0.0480795 -0.0919295 -0.126918
4.78 0 -0.0471366 -0.0898212 -0.123712
4.79 0 -0.0459078 -0.086964 -0.119455
4.8 0 -0.0443125 -0.0833193 -0.114129
4.81 0 -0.0422648 -0.0788612 -0.10772
4.82 0 -0.0396885 -0.0735618 -0.100223
4.83 0 -0.0365209 -0.0673795 -0.0916365
4.84 0 -0.0327168 -0.0602657 -0.0819652
4.85 0 -0.0282505 -0.0521823 -0.0712238
4.86 0 -0.0231058 -0.0431059 -0.0594234
4.87 0 -0.0172689 -0.0330217 -0.0465587
4.88 0 -0.0107393 -0.0219247 -0.0326124
4.89 0 -0.0035466 -0.00982549 -0.0175657
4.9 0 0.00418237 0.0032549 -0.00140017
4.91 0 0.0122645 0.0172656 0.0159147
4.92 0 0.0206553 0.0320946 0.0344271
4.93 0 0.0294379 0.0476119 0.0541627
4.94 0 0.0386607 0.0637309 0.0750684
4.95 0 0.0482343 0.0803803 0.0969619
4.96 0 0.0578349 0.0973538 0.119459
4.97 0 0.0669388 0.114194 0.141989
4.98 0 0.0750815 0.130319 0.164019
4.99 0 0.0820597 0.145223 0.18522
5 0 0.0878715 0.158526 0.205407
5.01 0 0.0925831 0.16998 0.224435
5.02 0 0.0963644 0.179479 0.242148
5.03 0 0.0994169 0.18708 0.258341
5.04 0 0.101713 0.193041 0.272722
5.05 0 0.103081 0.197709 0.284972
5.06 0 0.103466 0.201365 0.294849
5.07 0 0.103022 0.20412 0.302274
5.08 0 0.102105 0.205954 0.307361
5.09 0 0.101175 0.20687 0.310348
5.1 0 0.100706 0.206903 0.311624
5.11 0 0.101032 0.206182 0.311653
5.12 0 0.102154 0.205145 0.310671
5.13 0 0.103779 0.204371 0.308686
5.14 0 0.105548 0.204279 0.305691
5.15 0 0.10721 0.204967 0.301752
5.16 0 0.108676 0.206141 0.297014
5.17 0 0.109926 0.207173 0.291631
5.18 0 0.110923 0.20733 0.285714
5.19 0 0.111561 0.206054 0.279345
5.2 0 0.111627 0.203117 0.272555
5.21 0 0.110787 0.198592 0.265287
5.22 0 0.108683 0.192741 0.257432
5.23 0 0.10508 0.185858 0.248901
5.24 0 0.0999727 0.178141 0.239677
5.25 0 0.0936133 0.169643 0.229837
5.26 0 0.0864336 0.160323 0.219513
5.27 0 0.0789159 0.150151 0.208837
5.28 0 0.071466 0.13923 0.19789
5.29 0 0.0643383 0.127844 0.186675
5.3 0 0.0576364 0.116426 0.175134
5.31 0 0.0513763 0.105445 0.163184
5.32 0 0.0455737 0.0952773 0.150773
5.33 0 0.0403135 0.0861194 0.13792
5.34 0 0.0357582 0.0779647 0.124732
5.35 0 0.0320939 0.070657 0.111372
5.36 0 0.0294476 0.0639922 0.0980209
5.37 0 0.0278108 0.0578121 0.0848364
5.38 0 0.027011 0.052047 0.0719416
5.39 0 0.026745 0.046702 0.0594448
5.4 0 0.0266606 0.0417851 0.0474937
5.41 0 0.0264355 0.0372305 0.0363296
5.42 0 0.0258081 0.0329128 0.0262518
5.43 0 0.0245829 0.0287114 0.0175207
5.44 0 0.0226521 0.0245464 0.010313
5.45 0 0.0200087 0.0203629 0.00472538
5.46 0 0.0167168 0.0161093 0.000766963
5.47 0 0.0128645 0.0117378 -0.00166586
5.48 0 0.00852904 0.00720814 -0.00280822
5.49 0 0.0037815 0.00252388 -0.00302156
5.5 0 -0.00121582 -0.00222465 -0.00276347
5.51 0 -0.00617383 -0.00687642 -0.00253103
5.52 0 -0.0108045 -0.0112481 -0.0027725
5.53 0 -0.0148766 -0.0151982 -0.00380626
5.54 0 -0.0181764 -0.0186695 -0.00580852
5.55 0 -0.020528 -0.0216664 -0.00885186
5.56 0 -0.0218355 -0.0242081 -0.0129353
5.57 0 -0.0220992 -0.0262984 -0.0179889
5.58 0 -0.0214119 -0.0279316 -0.0238561
5.59 0 -0.0199422 -0.029128 -0.0302707
5.6 0 -0.0179172 -0.0299458 -0.0368705
5.61 0 -0.0156027 -0.0304386 -0.043264
5.62 0 -0.0132692 -0.0306098 -0.0491042
5.63 0 -0.0111459 -0.0304448 -0.0541092
5.64 0 -0.00939191 -0.0299817 -0.058043
5.65 0 -0.00810144 -0.0293307 -0.060717
5.66 0 -0.00733039 -0.0286537 -0.0620101
5.67 0 -0.00711977 -0.0281338 -0.0618869
5.68 0 -0.00749782 -0.0279245 -0.0604024
5.69 0 -0.00847591 -0.0281054 -0.0576974
5.7 0 -0.0100576 -0.0286686 -0.05399
5.71 0 -0.0122312 -0.0295301 -0.0495594
5.72 0 -0.014927 -0.0305626 -0.0447162
5.73 0 -0.0179855 -0.0316281 -0.039784
5.74 0 -0.021164 -0.0325893 -0.0351091
5.75 0 -0.0241502 -0.0333343 -0.0310353
5.76 0 -0.0265938 -0.0338238 -0.0278363
5.77 0 -0.0281827 -0.0340898 -0.0256919
5.78 0 -0.0287231 -0.0341719 -0.0247095
5.79 0 -0.0281736 -0.0340508 -0.0249348
5.8 0 -0.026637 -0.0336396 -0.0263477
5.81 0 -0.0243166 -0.0328398 -0.0288435
5.82 0 -0.0214509 -0.0316257 -0.0321991
5.83 0 -0.0182631 -0.0300893 -0.0360624
5.84 0 -0.0149522 -0.0283993 -0.0400109
5.85 0 -0.0117207 -0.02671 -0.0436636
5.86 0 -0.00878906 -0.0251241 -0.0467408
5.87 0 -0.00638711 -0.0237181 -0.0490448
5.88 0 -0.00472576 -0.0225535 -0.0504295
5.89 0 -0.00393313 -0.0216828 -0.0507833
5.9 0 -0.00400379 -0.0211674 -0.0500253
5.91 0 -0.00481361 -0.0210676 -0.0481266
5.92 0 -0.0061857 -0.0214006 -0.0451378
5.93 0 -0.00796572 -0.0220977 -0.0412126
5.94 0 -0.0100554 -0.0229924 -0.0366028
5.95 0 -0.0123797 -0.0238443 -0.0316286
5.96 0 -0.0148168 -0.0243887 -0.0266547
5.97 0 -0.0171453 -0.0244317 -0.022039
5.98 0 -0.0190452 -0.0239409 -0.0180487
5.99 0 -0.0201704 -0.023034 -0.0148324
6 0 -0.0202545 -0.021868 -0.01246
6.01 0 -0.0191874 -0.0205204 -0.0109574
6.02 0 -0.0170431 -0.0189421 -0.0103185
6.03 0 -0.0140555 -0.0170051 -0.0105006
6.04 0 -0.0105461 -0.0146079 -0.0113982
6.05 0 -0.00682283 -0.0117721 -0.0127972
6.06 0 -0.00313295 -0.00866358 -0.0143589
6.07 0 0.00029719 -0.00551442 -0.0156824
6.08 0 0.00326281 -0.00253414 -0.0164012
6.09 0 0.00565565 0.000122251 -0.0162249
6.1 0 0.00746547 0.00236545 -0.0149409
6.11 0 0.00870229 0.00419506 -0.0124314
6.12 0 0.00935721 0.00570544 -0.00868824
6.13 0 0.00942139 0.00705096 -0.00380296
6.14 0 0.00892478 0.0084016 0.00204209
6.15 0 0.00796932 0.00991129 0.00857354
6.16 0 0.00674213 0.0116722 0.0154545
6.17 0 0.00551156 0.0136663 0.0223463
6.18 0 0.00459906 0.0157786 0.0289687
6.19 0 0.00430276 0.0178879 0.0351205
6.2 0 0.00479355 0.0199768 0.040649
6.21 0 0.0060622 0.0221748 0.0454206
6.22 0 0.00796616 0.0246991 0.049335
6.23 0 0.0103459 0.0277356 0.0523649
6.24 0 0.0131164 0.0313416 0.0545803
6.25 0 0.0162706 0.0354218 0.0561454
6.26 0 0.0198316 0.0397774 0.0572955
6.27 0 0.0237922 0.0441887 0.0582901
6.28 0 0.0280565 0.0484775 0.0593697
6.29 0 0.0324161 0.0525389 0.0607333
6.3 0 0.0365691 0.0563467 0.0625204
6.31 0 0.0401804 0.0599169 0.0648039
6.32 0 0.0429572 0.063241 0.0675986
6.33 0 0.0447118 0.0662314 0.0708749
6.34 0 0.0453954 0.0687159 0.0745717
6.35 0 0.0450878 0.0704931 0.0785926
6.36 0 0.0439478 0.0714058 0.0827916
6.37 0 0.0421497 0.071388 0.0869633
6.38 0 0.039837 0.0704667 0.0908556
6.39 0 0.0371043 0.0687386 0.09419
6.4 0 0.0340082 0.0663405 0.096674
6.41 0 0.0306036 0.0634055 0.0980309
6.42 0 0.0269814 0.0600259 0.0980327
6.43 0 0.0232817 0.0562442 0.0965159
6.44 0 0.0196806 0.0520643 0.0933838
6.45 0 0.0163546 0.0474825 0.0885965
6.46 0 0.0134264 0.0425143 0.0821509
6.47 0 0.0109215 0.0372 0.0740611
6.48 0 0.00877075 0.0315878 0.0643543
6.49 0 0.00685109 0.0257077 0.0530872
6.5 0 0.00502652 0.0195482 0.0403675
6.51 0 0.00317238 0.0130409 0.0263686
6.52 0 0.00118529 0.00604677 0.0113505
6.53 0 -0.00103889 -0.00163101 -0.00431929
6.54 0 -0.00365443 -0.010142 -0.020233
6.55 0 -0.00687867 -0.0194545 -0.0360786
6.56 0 -0.0109345 -0.0293634 -0.0516802
6.57 0 -0.0159578 -0.0396311 -0.0669213
6.58 0 -0.02191 -0.0500919 -0.0816709
6.59 0 -0.0285672 -0.0606632 -0.0957684
6.6 0 -0.0356036 -0.0713121 -0.109056
6.61 0 -0.0426909 -0.0819987 -0.12142
6.62 0 -0.0495681 -0.0926144 -0.13282
6.63 0 -0.0560778 -0.102954 -0.14329
6.64 0 -0.0621531 -0.112741 -0.152929
6.65 0 -0.0677632 -0.121686 -0.16185
6.66 0 -0.0728538 -0.12956 -0.170145
6.67 0 -0.07731 -0.136236 -0.177845
6.68 0 -0.0809614 -0.141697 -0.184923
6.69 0 -0.0836294 -0.146 -0.191311
6.7 0 -0.0851886 -0.149221 -0.196931
6.71 0 -0.0856151 -0.151403 -0.201723
6.72 0 -0.0850057 -0.152553 -0.205655
6.73 0 -0.0835567 -0.152657 -0.208727
6.74 0 -0.0815081 -0.151732 -0.210943
6.75 0 -0.0790776 -0.149851 -0.212277
6.76 0 -0.0764212 -0.147164 -0.212667
6.77 0 -0.0736361 -0.143879 -0.212021
6.78 0 -0.0707864 -0.140222 -0.210243
6.79 0 -0.0679285 -0.136367 -0.207249
6.8 0 -0.0651252 -0.132396 -0.202981
6.81 0 -0.0624533 -0.128293 -0.197422
6.82 0 -0.0599939 -0.123986 -0.190603
6.83 0 -0.0577992 -0.119389 -0.182588
6.84 0 -0.0558567 -0.114435 -0.173456
6.85 0 -0.054073 -0.10909 -0.163278
6.86 0 -0.052287 -0.103339 -0.152116
6.87 0 -0.0503113 -0.0971673 -0.140034
6.88 0 -0.0479763 -0.0905301 -0.127111
6.89 0 -0.0451551 -0.0833386 -0.113445
6.9 0 -0.0417741 -0.0754666 -0.0991533
6.91 0 -0.0378106 -0.0667933 -0.0843829
6.92 0 -0.033273 -0.057251 -0.0693041
6.93 0 -0.0281683 -0.0468373 -0.0540911
6.94 0 -0.0224674 -0.0356163 -0.0388879
6.95 0 -0.0161027 -0.0237298 -0.023781
6.96 0 -0.00901978 -0.011371 -0.00881005
6.97 0 -0.00126468 0.00127117 0.00599944
6.98 0 0.00692133 0.0140474 0.0206139
6.99 0 0.0151916 0.0268182 0.0350063
7 0 0.0233084 0.0394281 0.0491868
7.01 0 0.0311553 0.0517483 0.0632024
7.02 0 0.0386561 0.0636964 0.077117
7.03 0 0.0457534 0.0752236 0.090997
7.04 0 0.052408 0.0863169 0.104906
7.05 0 0.0586013 0.0969947 0.118898
7.06 0 0.0643203 0.107287 0.133001
7.07 0 0.0695508 0.117209 0.147203
7.08 0 0.0742883 0.126748 0.16146
7.09 0 0.0785417 0.13586 0.175703
7.1 0 0.0823226 0.144482 0.189839
7.11 0 0.0856444 0.152549 0.20375
7.12 0 0.0885253 0.160017 0.2173
7.13 0 0.0909849 0.166863 0.230339
7.14 0 0.0930415 0.173076 0.242704
7.15 0 0.0947203 0.178657 0.254229
7.16 0 0.0960655 0.183614 0.264765
7.17 0 0.0971388 0.187957 0.274181
7.18 0 0.0980029 0.191686 0.282357
7.19 0 0.0987047 0.194784 0.289177
7.2 0 0.0992705 0.197221 0.294531
7.21 0 0.0997069 0.198967 0.298324
7.22 0 0.1 0.19999 0.300479
7.23 0 0.100118 0.200254 0.300934
7.24 0 0.100017 0.199721 0.299654
7.25 0 0.0996455 0.198354 0.296637
7.26 0 0.098953 0.196119 0.291912
7.27 0 0.0978837 0.192979 0.285537
7.28 0 0.0963751 0.188892 0.277585
7.29 0 0.0943587 0.183812 0.268136
7.3 0 0.0917656 0.177693 0.257272
7.31 0 0.0885343 0.1705 0.245077
7.32 0 0.0846182 0.16221 0.231634
7.33 0 0.0799906 0.152824 0.217021
7.34 0 0.0746539 0.142364 0.201318
7.35 0 0.0686446 0.130889 0.184611
7.36 0 0.0620238 0.118482 0.166982
7.37 0 0.0548635 0.105239 0.148502
7.38 0 0.0472416 0.0912623 0.129229
7.39 0 0.0392429 0.0766617 0.109217
7.4 0 0.0309538 0.0615448 0.0885177
7.41 0 0.0224575 0.0460102 0.0671833
7.42 0 0.0138395 0.0301547 0.0452851
7.43 0 0.00520118 0.0140734 0.0229229
7.44 0 -0.00327824 -0.00216507 0.00025991
7.45 0 -0.0114157 -0.0184532 -0.0224657
7.46 0 -0.0192283 -0.0345499 -0.0450064
7.47 0 -0.0268763 -0.0501536 -0.067167
7.48 0 -0.0344769 -0.0650343 -0.0888025
7.49 0 -0.04203 -0.0791023 -0.109779
7.5 0 -0.049419 -0.0924173 -0.129951
7.51 0 -0.0564744 -0.105127 -0.14918
7.52 0 -0.0630545 -0.117375 -0.167362
7.53 0 -0.0691057 -0.129226 -0.184454
7.54 0 -0.0746788 -0.140632 -0.200472
7.55 0 -0.0798913 -0.15145 -0.21547
7.56 0 -0.0848626 -0.161511 -0.229498
7.57 0 -0.0896569 -0.170692 -0.242582
7.58 0 -0.0942534 -0.178967 -0.254706
7.59 0 -0.0985558 -0.186405 -0.26582
7.6 0 -0.102437 -0.193124 -0.27586
7.61 0 -0.105799 -0.199232 -0.284785
7.62 0 -0.108626 -0.204788 -0.292601
7.63 0 -0.111019 -0.209812 -0.299394
7.64 0 -0.11317 -0.214335 -0.305328
7.65 0 -0.115296 -0.218425 -0.310592
7.66 0 -0.117548 -0.222167 -0.315348
7.67 0 -0.119966 -0.225656 -0.319689
7.68 0 -0.122467 -0.229044 -0.323633
7.69 0 -0.124922 -0.232502 -0.327165
7.7 0 -0.127257 -0.236069 -0.330311
7.71 0 -0.129482 -0.239648 -0.333149
7.72 0 -0.131643 -0.243086 -0.335779
7.73 0 -0.133772 -0.246241 -0.338295
7.74 0 -0.135854 -0.249021 -0.340758
7.75 0 -0.137811 -0.251414 -0.343189
7.76 0 -0.139514 -0.253464 -0.345569
7.77 0 -0.140828 -0.255227 -0.347851
7.78 0 -0.141646 -0.256718 -0.349982
7.79 0 -0.141921 -0.257888 -0.351911
7.8 0 -0.141672 -0.258625 -0.353597
7.81 0 -0.140957 -0.258794 -0.354994
7.82 0 -0.139843 -0.25828 -0.356042
7.83 0 -0.138375 -0.257031 -0.356654
7.84 0 -0.136564 -0.255069 -0.356716
7.85 0 -0.134398 -0.252472 -0.356093
7.86 0 -0.13182 -0.249349 -0.354689
7.87 0 -0.128763 -0.245792 -0.352467
7.88 0 -0.125287 -0.241808 -0.349387
7.89 0 -0.121563 -0.237335 -0.345406
7.9 0 -0.117762 -0.232303 -0.340487
7.91 0 -0.114007 -0.226676 -0.334582
7.92 0 -0.110339 -0.220481 -0.327615
7.93 0 -0.106726 -0.213801 -0.319498
7.94 0 -0.103093 -0.206734 -0.310144
7.95 0 -0.099371 -0.19935 -0.299493
7.96 0 -0.0955193 -0.191653 -0.28753
7.97 0 -0.0915397 -0.183572 -0.274286
7.98 0 -0.0874607 -0.174997 -0.259829
7.99 0 -0.0833227 -0.165834 -0.244267
8 0 -0.0791656 -0.15607 -0.227747
8.01 0 -0.0750016 -0.145786 -0.210432
8.02 0 -0.0707926 -0.135118 -0.192474
8.03 0 -0.0664698 -0.12422 -0.174017
8.04 0 -0.0619742 -0.113221 -0.155213
8.05 0 -0.0572759 -0.102193 -0.136227
8.06 0 -0.0523711 -0.091123 -0.11723
8.07 0 -0.0472696 -0.0799386 -0.0984017
8.08 0 -0.0419803 -0.0685432 -0.0799346
8.09 0 -0.0364859 -0.0568537 -0.0620418
8.1 0 -0.0307061 -0.0448467 -0.0449308
8.11 0 -0.0244893 -0.0326053 -0.0287429
8.12 0 -0.0176651 -0.0202932 -0.0135232
8.13 0 -0.0101329 -0.00807333 0.000759643
8.14 0 -0.00195016 0.00395786 0.0141711
8.15 0 0.00656497 0.0158045 0.0267739
8.16 0 0.0149366 0.0275076 0.0386319
8.17 0 0.0228356 0.0390161 0.0498564
8.18 0 0.030152 0.0501635 0.060637
8.19 0 0.0368995 0.0607468 0.0712189
8.2 0 0.0431455 0.0706245 0.0818488
8.21 0 0.0489423 0.0797895 0.0927239
8.22 0 0.0542895 0.0883748 0.103961
8.23 0 0.0591474 0.0965938 0.115601
8.24 0 0.0634844 0.104651 0.12765
8.25 0 0.0673193 0.112684 0.140094
8.26 0 0.0707435 0.120749 0.152928
8.27 0 0.0739107 0.12883 0.166156
8.28 0 0.0769902 0.13687 0.179771
8.29 0 0.080109 0.144816 0.193721
8.3 0 0.0833182 0.152653 0.207897
8.31 0 0.0865962 0.160414 0.222141
8.32 0 0.0898852 0.168161 0.236278
8.33 0 0.0931401 0.175954 0.250146
8.34 0 0.0963701 0.183826 0.263631
8.35 0 0.099655 0.191778 0.276683
8.36 0 0.103126 0.199793 0.289307
8.37 0 0.106919 0.20786 0.301542
8.38 0 0.111124 0.215991 0.313428
8.39 0 0.115748 0.224217 0.324978
8.4 0 0.120716 0.232578 0.33618
8.41 0 0.125904 0.241092 0.34701
8.42 0 0.131166 0.249724 0.357441
8.43 0 0.136362 0.258355 0.36745
8.44 0 0.141383 0.266808 0.377036
8.45 0 0.146161 0.274893 0.386225
8.46 0 0.150652 0.282449 0.395062
8.47 0 0.154813 0.289379 0.403589
8.48 0 0.158581 0.295654 0.411828
8.49 0 0.161877 0.301305 0.419774
8.5 0 0.164629 0.306382 0.427404
8.51 0 0.166792 0.310928 0.434683
8.52 0 0.16837 0.314953 0.441578
8.53 0 0.169413 0.318432 0.448055
8.54 0 0.170003 0.321319 0.454073
8.55 0 0.170222 0.32357 0.459573
8.56 0 0.170125 0.325164 0.464468
8.57 0 0.169735 0.326108 0.468637
8.58 0 0.169048 0.326431 0.471946
8.59 0 0.168066 0.326183 0.474265
8.6 0 0.166822 0.325415 0.4755
8.61 0 0.165388 0.324173 0.4756
8.62 0 0.16386 0.322486 0.474545
8.63 0 0.162325 0.320362 0.472331
8.64 0 0.160837 0.317798 0.468957
8.65 0 0.159402 0.31479 0.464415
8.66 0 0.157986 0.311338 0.458701
8.67 0 0.156534 0.30745 0.451826
8.68 0 0.155006 0.303152 0.443845
8.69 0 0.153399 0.298492 0.434871
8.7 0 0.151742 0.293525 0.425065
8.71 0 0.150068 0.288306 0.414607
8.72 0 0.148398 0.282888 0.403686
8.73 0 0.146733 0.277321 0.392481
8.74 0 0.145044 0.271656 0.381156
8.75 0 0.143284 0.265935 0.369856
8.76 0 0.141395 0.260184 0.358707
8.77 0 0.139317 0.254402 0.347815
8.78 0 0.136996 0.248563 0.337262
8.79 0 0.134372 0.242602 0.327088
8.8 0 0.131364 0.236409 0.317278
8.81 0 0.127882 0.229854 0.307763
8.82 0 0.123861 0.222829 0.298457
8.83 0 0.119286 0.21528 0.289278
8.84 0 0.114175 0.207194 0.280137
8.85 0 0.108564 0.198588 0.270924
8.86 0 0.10251 0.189494 0.261514
8.87 0 0.0960893 0.179959 0.25178
8.88 0 0.0894033 0.170041 0.241595
8.89 0 0.082567 0.159797 0.230841
8.9 0 0.0756993 0.149286 0.21941
8.91 0 0.0689163 0.138569 0.207209
8.92 0 0.0623265 0.127716 0.19417
8.93 0 0.056021 0.116802 0.180251
8.94 0 0.0500582 0.105892 0.165424
8.95 0 0.0444539 0.0950199 0.149675
8.96 0 0.039184 0.0841839 0.132998
8.97 0 0.0341957 0.0733483 0.115413
8.98 0 0.0294217 0.0624544 0.0969684
8.99 0 0.0247912 0.0514416 0.077758
9 0 0.0202327 0.0402601 0.0579316
9.01 0 0.015671 0.0288634 0.0377128
9.02 0 0.0110122 0.0171827 0.0174344
9.03 0 0.0061107 0.00516338 -0.00249275
9.04 0 0.000788672 -0.00713575 -0.0217317
9.05 0 -0.00504491 -0.0195595 -0.0401064
9.06 0 -0.0113586 -0.0319619 -0.0575522
9.07 0 -0.0181017 -0.0442401 -0.0740617
9.08 0 -0.0252277 -0.0563251 -0.0896604
9.09 0 -0.0326391 -0.0681967 -0.104386
9.1 0 -0.0401847 -0.0798802 -0.118284
9.11 0 -0.0477007 -0.0914042 -0.131416
9.12 0 -0.0550548 -0.102767 -0.143884
9.13 0 -0.0621734 -0.113925 -0.155832
9.14 0 -0.0690363 -0.124805 -0.167439
9.15 0 -0.0756457 -0.135323 -0.178891
9.16 0 -0.0819925 -0.14542 -0.190351
9.17 0 -0.0880327 -0.155078 -0.20194
9.18 0 -0.0936865 -0.164321 -0.213727
9.19 0 -0.0988596 -0.173197 -0.225739
9.2 0 -0.103477 -0.181748 -0.237972
9.21 0 -0.107508 -0.189991 -0.250411
9.22 0 -0.110975 -0.1979 -0.263024
9.23 0 -0.113936 -0.205416 -0.275762
9.24 0 -0.116457 -0.212463 -0.288537
9.25 0 -0.11859 -0.218978 -0.301222
9.26 0 -0.120372 -0.224935 -0.313657
9.27 0 -0.121825 -0.23035 -0.325662
9.28 0 -0.122971 -0.235269 -0.33705
9.29 0 -0.123861 -0.239754 -0.347655
9.3 0 -0.12459 -0.243875 -0.357353
9.31 0 -0.12529 -0.247695 -0.366067
9.32 0 -0.126113 -0.251278 -0.37376
9.33 0 -0.127205 -0.254691 -0.380431
9.34 0 -0.128667 -0.258005 -0.386091
9.35 0 -0.130547 -0.261293 -0.390763
9.36 0 -0.132833 -0.264615 -0.394473
9.37 0 -0.135465 -0.267997 -0.397261
9.38 0 -0.138363 -0.271431 -0.399188
9.39 0 -0.14144 -0.274867 -0.400349
9.4 0 -0.144612 -0.278217 -0.400861
9.41 0 -0.147785 -0.281376 -0.400857
9.42 0 -0.15086 -0.284239 -0.400472
9.43 0 -0.15372 -0.286722 -0.399836
9.44 0 -0.156246 -0.288772 -0.399068
9.45 0 -0.158322 -0.290363 -0.39827
9.46 0 -0.159853 -0.291489 -0.397532
9.47 0 -0.160779 -0.292149 -0.396929
9.48 0 -0.161083 -0.292348 -0.396525
9.49 0 -0.160789 -0.292089 -0.396361
9.5 0 -0.159945 -0.29138 -0.396456
9.51 0 -0.15862 -0.290247 -0.396794
9.52 0 -0.156885 -0.288733 -0.397329
9.53 0 -0.154815 -0.286902 -0.397984
9.54 0 -0.152485 -0.28483 -0.398659
9.55 0 -0.149975 -0.282587 -0.399238
9.56 0 -0.147369 -0.280233 -0.399598
9.57 0 -0.144748 -0.277795 -0.39961
9.58 0 -0.142189 -0.275277 -0.399145
9.59 0 -0.139756 -0.272665 -0.398082
9.6 0 -0.137501 -0.269942 -0.396314
9.61 0 -0.135464 -0.267103 -0.39376
9.62 0 -0.133667 -0.264162 -0.390369
9.63 0 -0.132122 -0.261141 -0.386118
9.64 0 -0.130822 -0.258069 -0.381017
9.65 0 -0.129756 -0.254967 -0.375108
9.66 0 -0.128903 -0.251846 -0.368464
9.67 0 -0.128234 -0.2487 -0.361182
9.68 0 -0.127707 -0.245507 -0.353374
9.69 0 -0.12726 -0.242232 -0.345159
9.7 0 -0.126809 -0.238827 -0.336646
9.71 0 -0.126249 -0.235237 -0.327936
9.72 0 -0.12546 -0.231392 -0.319106
9.73 0 -0.124319 -0.227211 -0.310213
9.74 0 -0.12271 -0.222607 -0.301293
9.75 0 -0.120547 -0.217495 -0.292372
9.76 0 -0.117768 -0.211802 -0.283455
9.77 0 -0.114347 -0.205474 -0.274534
9.78 0 -0.110287 -0.19849 -0.265584
9.79 0 -0.105623 -0.190865 -0.256566
9.8 0 -0.100409 -0.182646 -0.247422
9.81 0 -0.0947223 -0.173901 -0.238078
9.82 0 -0.0886559 -0.164713 -0.22845
9.83 0 -0.0823185 -0.155165 -0.218447
9.84 0 -0.0758288 -0.145336 -0.207978
9.85 0 -0.069305 -0.135294 -0.196953
9.86 0 -0.0628514 -0.125092 -0.185283
9.87 0 -0.0565493 -0.114765 -0.17288
9.88 0 -0.0504536 -0.104339 -0.159664
9.89 0 -0.0445934 -0.0938268 -0.145572
9.9 0 -0.0389754 -0.0832329 -0.130562
9.91 0 -0.0335904 -0.0725534 -0.114621
9.92 0 -0.0284156 -0.0617772 -0.0977679
9.93 0 -0.0234128 -0.0508843 -0.0800541
9.94 0 -0.0185249 -0.0398457 -0.0615623
9.95 0 -0.0136802 -0.0286196 -0.0424163
9.96 0 -0.00879102 -0.0171317 -0.0228074
9.97 0 -0.00374634 -0.00527453 -0.00303237
9.98 0 0.00156156 0.0070287 0.0165622
9.99 0 0.00720317 0.0197344 0.0357232
10 0 0.013254 0.0326624 0.0543413
10.01 0 0.0198012 0.0455861 0.0723754
10.02 0 0.0268592 0.0583314 0.0897896
10.03 0 0.0343224 0.0708266 0.106537
10.04 0 0.0419916 0.0831032 0.122567
10.05 0 0.0496409 0.0952404 0.137849
10.06 0 0.0570866 0.107287 0.152398
10.07 0 0.0642291 0.119212 0.166291
10.08 0 0.0710539 0.130893 0.179653
10.09 0 0.0775941 0.14216 0.192629
10.1 0 0.0838757 0.15285 0.20535
10.11 0 0.0898728 0.162864 0.217898
10.12 0 0.0954937 0.17219 0.230302
10.13 0 0.100602 0.180882 0.242538
10.14 0 0.105061 0.189012 0.25455
10.15 0 0.108787 0.196623 0.266278
10.16 0 0.111786 0.203708 0.277681
10.17 0 0.114156 0.210222 0.288744
10.18 0 0.116058 0.216119 0.299467
10.19 0 0.117666 0.221396 0.309848
10.2 0 0.119121 0.226119 0.319858
10.21 0 0.120498 0.230413 0.329422
10.22 0 0.121819 0.234433 0.338436
10.23 0 0.123091 0.238324 0.346791
10.24 0 0.124349 0.242187 0.354409
10.25 0 0.125676 0.246067 0.361264
10.26 0 0.12719 0.249957 0.367374
10.27 0 0.129013 0.253829 0.372795
10.28 0 0.131226 0.257667 0.377589
10.29 0 0.133842 0.261482 0.381816
10.3 0 0.1368 0.265315 0.385523
10.31 0 0.139992 0.269219 0.388759
10.32 0 0.143299 0.273225 0.391586
10.33 0 0.146615 0.277318 0.394086
10.34 0 0.149863 0.281427 0.396366
10.35 0 0.152991 0.285438 0.398543
10.36 0 0.155949 0.289219 0.400724
10.37 0 0.158669 0.292656 0.402993
10.38 0 0.161062 0.295676 0.405398
10.39 0 0.163026 0.298254 0.407959
10.4 0 0.16447 0.3004 0.410671
10.41 0 0.165333 0.302134 0.413515
10.42 0 0.165605 0.303471 0.416462
10.43 0 0.165327 0.304408 0.419481
10.44 0 0.16458 0.304931 0.422528
10.45 0 0.163461 0.305026 0.425537
10.46 0 0.162059 0.3047 0.428417
10.47 0 0.160445 0.303984 0.431048
10.48 0 0.15867 0.302932 0.433291
10.49 0 0.15678 0.30161 0.435005
10.5 0 0.15482 0.30007 0.436053
10.51 0 0.152843 0.298337 0.436313
10.52 0 0.150904 0.296398 0.435682
10.53 0 0.149058 0.29422 0.434079
10.54 0 0.147351 0.291767 0.43145
10.55 0 0.145798 0.289006 0.427754
10.56 0 0.14438 0.285917 0.422965
10.57 0 0.143051 0.282494 0.417076
10.58 0 0.141749 0.278735 0.410102
10.59 0 0.140407 0.274635 0.402084
10.6 0 0.138973 0.270174 0.393096
10.61 0 0.13741 0.265328 0.383243
10.62 0 0.135697 0.260073 0.372654
10.63 0 0.133818 0.254403 0.361475
10.64 0 0.131749 0.248326 0.349848
10.65 0 0.129453 0.241866 0.337903
10.66 0 0.126883 0.235064 0.325757
10.67 0 0.124001 0.22796 0.313516
10.68 0 0.120774 0.220586 0.301268
10.69 0 0.117186 0.212952 0.289084
10.7 0 0.11324 0.205053 0.277018
10.71 0 0.108949 0.196876 0.265103
10.72 0 0.104334 0.188407 0.253348
10.73 0 0.0994082 0.179642 0.24173
10.74 0 0.094177 0.170579 0.230193
10.75 0 0.0886401 0.161221 0.218654
10.76 0 0.0828076 0.151577 0.207016
10.77 0 0.0767158 0.141662 0.195186
10.78 0 0.0704313 0.131501 0.183088
10.79 0 0.0640417 0.121125 0.170658
10.8 0 0.0576396 0.110576 0.15784
10.81 0 0.0513088 0.0999008 0.144585
10.82 0 0.0451151 0.0891538 0.130845
10.83 0 0.0391052 0.0783918 0.116586
10.84 0 0.0333086 0.0676666 0.101788
10.85 0 0.0277399 0.057014 0.0864497
10.86 0 0.022395 0.0464475 0.0705907
10.87 0 0.0172525 0.035953 0.0542574
10.88 0 0.0122744 0.0254844 0.0375247
10.89 0 0.00740099 0.0149611 0.020522
10.9 0 0.00256139 0.00427947 0.00346594
10.91 0 -0.00229844 -0.00663273 -0.0133826
10.92 0 -0.00723827 -0.017748 -0.0298256
10.93 0 -0.0123888 -0.0289243 -0.045785
10.94 0 -0.0179108 -0.0399822 -0.061261
10.95 0 -0.0238732 -0.0508056 -0.0762554
10.96 0 -0.0302064 -0.0613817 -0.0907325
10.97 0 -0.0367343 -0.071781 -0.104629
10.98 0 -0.0432373 -0.0820964 -0.117885
10.99 0 -0.0495291 -0.092373 -0.130483
11 0 -0.055513 -0.102565 -0.142459
11.01 0 -0.061191 -0.112538 -0.153915
11.02 0 -0.0666303 -0.122124 -0.164988
11.03 0 -0.0719085 -0.131191 -0.175827
11.04 0 -0.0770608 -0.139705 -0.186555
11.05 0 -0.0820473 -0.147734 -0.197244
11.06 0 -0.0867612 -0.155405 -0.207908
11.07 0 -0.0910797 -0.16285 -0.218527
11.08 0 -0.0949258 -0.170155 -0.229083
11.09 0 -0.0983022 -0.17732 -0.239574
11.1 0 -0.101285 -0.184271 -0.250015
11.11 0 -0.103986 -0.190892 -0.260415
11.12 0 -0.106501 -0.197082 -0.270756
11.13 0 -0.108875 -0.202797 -0.280976
11.14 0 -0.111104 -0.208077 -0.290982
11.15 0 -0.113155 -0.213025 -0.300661
11.16 0 -0.115002 -0.217758 -0.309907
11.17 0 -0.116654 -0.222363 -0.318633
11.18 0 -0.118174 -0.226872 -0.326789
11.19 0 -0.119669 -0.231264 -0.334358
11.2 0 -0.121256 -0.235489 -0.341342
11.21 0 -0.123023 -0.239504 -0.347744
11.22 0 -0.124997 -0.243299 -0.35355
11.23 0 -0.127143 -0.2469 -0.358735
11.24 0 -0.129385 -0.250354 -0.36327
11.25 0 -0.131635 -0.253704 -0.367142
11.26 0 -0.133828 -0.256955 -0.370365
11.27 0 -0.13593 -0.260066 -0.372984
11.28 0 -0.137941 -0.262966 -0.375076
11.29 0 -0.139868 -0.265571 -0.376728
11.3 0 -0.141698 -0.267813 -0.378018
11.31 0 -0.143383 -0.269655 -0.379002
11.32 0 -0.144838 -0.271091 -0.379707
11.33 0 -0.145966 -0.272133 -0.380142
11.34 0 -0.146684 -0.272795 -0.38031
11.35 0 -0.146949 -0.273072 -0.38022
11.36 0 -0.146761 -0.272936 -0.379883
11.37 0 -0.146153 -0.272343 -0.379313
11.38 0 -0.145177 -0.271254 -0.378509
11.39 0 -0.143876 -0.269652 -0.377452
11.4 0 -0.142281 -0.267553 -0.376099
11.41 0 -0.140407 -0.265008 -0.374388
11.42 0 -0.138269 -0.262083 -0.372248
11.43 0 -0.135893 -0.258839 -0.369611
11.44 0 -0.133325 -0.255321 -0.366415
11.45 0 -0.130633 -0.251546 -0.362619
11.46 0 -0.127896 -0.247518 -0.358192
11.47 0 -0.125185 -0.243236 -0.353113
11.48 0 -0.122548 -0.238703 -0.347362
11.49 0 -0.119999 -0.233937 -0.340916
11.5 0 -0.117517 -0.228956 -0.333752
11.51 0 -0.115065 -0.223777 -0.325854
11.52 0 -0.112597 -0.218397 -0.317217
11.53 0 -0.110079 -0.212796 -0.307863
11.54 0 -0.10749 -0.206936 -0.297834
11.55 0 -0.104817 -0.200773 -0.287191
11.56 0 -0.102044 -0.194271 -0.276003
11.57 0 -0.0991412 -0.187406 -0.264336
11.58 0 -0.0960637 -0.180172 -0.252248
11.59 0 -0.092756 -0.172576 -0.239791
11.6 0 -0.0891635 -0.164626 -0.227006
11.61 0 -0.0852457 -0.156326 -0.213934
11.62 0 -0.0809865 -0.147672 -0.20062
11.63 0 -0.0763956 -0.138657 -0.187108
11.64 0 -0.0715032 -0.129284 -0.173445
11.65 0 -0.0663492 -0.11957 -0.159671
11.66 0 -0.0609732 -0.109555 -0.145812
11.67 0 -0.0554092 -0.0992962 -0.131885
11.68 0 -0.0496863 -0.088862 -0.117891
11.69 0 -0.0438325 -0.0783154 -0.103827
11.7 0 -0.0378774 -0.0677018 -0.0896897
11.71 0 -0.0318548 -0.0570463 -0.0754829
11.72 0 -0.0258006 -0.0463617 -0.0612053
11.73 0 -0.0197436 -0.0356563 -0.0468602
11.74 0 -0.0137051 -0.0249278 -0.0324744
11.75 0 -0.00769813 -0.0141632 -0.0181042
11.76 0 -0.00174002 -0.00336202 -0.00382202
11.77 0 0.00410402 0.00744769 0.0103027
11.78 0 0.00977876 0.0181862 0.0242202
11.79 0 0.0153299 0.0287168 0.0379075
11.8 0 0.0208324 0.0389036 0.0513484
11.81 0 0.0263033 0.0486614 0.0645112
11.82 0 0.0316921 0.0579681 0.0773496
11.83 0 0.0368958 0.0668669 0.0898057
11.84 0 0.0418005 0.0754333 0.101817
11.85 0 0.0463308 0.0837214 0.113341
11.86 0 0.0504768 0.0917288 0.124374
11.87 0 0.0542883 0.0993991 0.134949
11.88 0 0.0578474 0.106652 0.145113
11.89 0 0.0612295 0.113425 0.154903
11.9 0 0.0644709 0.119704 0.164332
11.91 0 0.0675591 0.125532 0.173383
11.92 0 0.0704488 0.130988 0.182018
11.93 0 0.0730947 0.136161 0.190196
11.94 0 0.0754821 0.141113 0.197892
11.95 0 0.0776415 0.145861 0.205106
11.96 0 0.0796384 0.150378 0.211853
11.97 0 0.0815475 0.154614 0.218158
11.98 0 0.083425 0.158529 0.224033
11.99 0 0.0852907 0.162115 0.229481
12 0 0.0871253 0.165402 0.234484
12.01 0 0.0888852 0.168445 0.239021
12.02 0 0.0905259 0.171297 0.243077
12.03 0 0.0920231 0.173988 0.246652
12.04 0 0.0933834 0.176513 0.249767
12.05 0 0.0946392 0.178842 0.252464
12.06 0 0.0958327 0.180938 0.254794
12.07 0 0.0969937 0.182777 0.256807
12.08 0 0.0981233 0.184363 0.258538
12.09 0 0.099192 0.185725 0.260006
12.1 0 0.100152 0.186903 0.261221
12.11 0 0.100954 0.187926 0.262185
12.12 0 0.101567 0.188799 0.262906
12.13 0 0.101978 0.189493 0.263395
12.14 0 0.102197 0.189958 0.263667
12.15 0 0.102239 0.190139 0.263733
12.16 0 0.102115 0.189999 0.263595
12.17 0 0.101823 0.189527 0.263245
12.18 0 0.101348 0.188743 0.262661
12.19 0 0.100672 0.187681 0.261811
12.2 0 0.0997849 0.186379 0.260667
12.21 0 0.0986989 0.18486 0.259207
12.22 0 0.0974443 0.183131 0.257416
12.23 0 0.0960655 0.181181 0.255283
12.24 0 0.0946081 0.178999 0.252799
12.25 0 0.0931077 0.17658 0.249955
12.26 0 0.0915836 0.173941 0.246734
12.27 0 0.0900382 0.171108 0.24312
12.28 0 0.088463 0.168116 0.239095
12.29 0 0.0868481 0.164989 0.234649
12.3 0 0.0851895 0.161738 0.229782
12.31 0 0.083492 0.158354 0.224504
12.32 0 0.0817645 0.154814 0.218838
12.33 0 0.0800121 0.151094 0.212809
12.34 0 0.0782283 0.147174 0.206442
12.35 0 0.0763928 0.143045 0.199759
12.36 0 0.0744744 0.13871 0.19278
12.37 0 0.0724371 0.134177 0.18552
12.38 0 0.0702475 0.129447 0.177997
12.39 0 0.0678832 0.124512 0.170233
12.4 0 0.0653344 0.119357 0.162248
12.41 0 0.062601 0.113958 0.154066
12.42 0 0.0596864 0.108298 0.145705
12.43 0 0.0565901 0.102364 0.137173
12.44 0 0.0533058 0.0961549 0.128467
12.45 0 0.0498249 0.0896823 0.119576
12.46 0 0.0461429 0.0829623 0.110484
12.47 0 0.0422642 0.0760103 0.101179
12.48 0 0.0382044 0.0688389 0.0916564
12.49 0 0.0339904 0.0614587 0.0819164
12.5 0 0.029656 0.0538825 0.0719601
12.51 0 0.0252369 0.0461335 0.061788
12.52 0 0.0207651 0.0382523 0.0514028
12.53 0 0.0162687 0.0302825 0.040822
12.54 0 0.0117772 0.0222514 0.0300864
12.55 0 0.00731104 0.0141755 0.0192517
12.56 0 0.00288576 0.00607364 0.00838242
12.57 0 -0.00144741 -0.00203718 -0.00245386
12.58 0 -0.00562509 -0.0101283 -0.0132049
12.59 0 -0.00967084 -0.0181285 -0.0238442
12.6 0 -0.0136911 -0.0259447 -0.0343602
12.61 0 -0.017768 -0.0335208 -0.0447333
12.62 0 -0.0219107 -0.0408562 -0.0549204
12.63 0 -0.0260697 -0.0479872 -0.0648652
12.64 0 -0.0301628 -0.0549617 -0.0745165
12.65 0 -0.0341064 -0.0618184 -0.0838335
12.66 0 -0.0378471 -0.0685648 -0.0927935
12.67 0 -0.0413793 -0.0751622 -0.101401
12.68 0 -0.0447375 -0.0815359 -0.109683
12.69 0 -0.0479662 -0.0876044 -0.117676
12.7 0 -0.0510891 -0.0933104 -0.125406
12.71 0 -0.0540919 -0.0986391 -0.132879
12.72 0 -0.0569264 -0.103616 -0.140077
12.73 0 -0.0595304 -0.108291 -0.146972
12.74 0 -0.0618545 -0.112706 -0.153532
12.75 0 -0.0638819 -0.116873 -0.159738
12.76 0 -0.065634 -0.120771 -0.165583
12.77 0 -0.067161 -0.124354 -0.171072
12.78 0 -0.0685229 -0.12758 -0.176215
12.79 0 -0.0697685 -0.130436 -0.18101
12.8 0 -0.0709223 -0.13295 -0.185448
12.81 0 -0.0719856 -0.135182 -0.189506
12.82 0 -0.0729478 -0.137205 -0.193161
12.83 0 -0.0738036 -0.139081 -0.196393
12.84 0 -0.0745672 -0.140843 -0.199198
12.85 0 -0.0752738 -0.142492 -0.20159
12.86 0 -0.0759683 -0.144006 -0.203593
12.87 0 -0.0766856 -0.145353 -0.20523
12.88 0 -0.0774372 -0.146511 -0.206521
12.89 0 -0.0782049 -0.147477 -0.207472
12.9 0 -0.0789453 -0.148264 -0.208086
12.91 0 -0.0796052 -0.148887 -0.20836
12.92 0 -0.080139 -0.149352 -0.2083
12.93 0 -0.0805218 -0.14965 -0.207927
12.94 0 -0.0807533 -0.149757 -0.207274
12.95 0 -0.0808498 -0.149645 -0.206385
12.96 0 -0.0808311 -0.149298 -0.205306
12.97 0 -0.0807088 -0.148716 -0.204072
12.98 0 -0.0804799 -0.147923 -0.20271
12.99 0 -0.0801263 -0.146953 -0.20123
13 0 -0.0796233 -0.145836 -0.199629
13.01 0 -0.0789515 -0.144585 -0.197898
13.02 0 -0.0781045 -0.143192 -0.196024
13.03 0 -0.0770888 -0.141624 -0.193995
13.04 0 -0.0759171 -0.139841 -0.191791
13.05 0 -0.0746003 -0.1378 -0.189386
13.06 0 -0.0731404 -0.135475 -0.186742
13.07 0 -0.0715264 -0.132855 -0.183811
13.08 0 -0.0697376 -0.129936 -0.180533
13.09 0 -0.0677568 -0.126721 -0.176849
13.1 0 -0.0655818 -0.123214 -0.172712
13.11 0 -0.0632285 -0.119413 -0.168082
13.12 0 -0.0607291 -0.11531 -0.162937
13.13 0 -0.0581234 -0.110904 -0.157265
13.14 0 -0.0554489 -0.1062 -0.151057
13.15 0 -0.0527322 -0.101219 -0.144313
13.16 0 -0.0499852 -0.0959898 -0.137029
13.17 0 -0.0472085 -0.0905486 -0.12921
13.18 0 -0.0443997 -0.0849268 -0.120871
13.19 0 -0.0415572 -0.0791434 -0.112035
13.2 0 -0.0386793 -0.0732024 -0.102738
13.21 0 -0.0357627 -0.0670946 -0.0930259
13.22 0 -0.0327982 -0.0608003 -0.0829575
13.23 0 -0.029769 -0.0542982 -0.0726016
13.24 0 -0.026647 -0.04758 -0.062025
13.25 0 -0.0233899 -0.0406503 -0.0512984
13.26 0 -0.0199452 -0.0335079 -0.0405128
13.27 0 -0.0162636 -0.0261413 -0.0297793
13.28 0 -0.0123015 -0.0185421 -0.0192156
13.29 0 -0.00801909 -0.0107309 -0.00891991
13.3 0 -0.00340005 -0.0027664 0.00104648
13.31 0 0.00147972 0.00528653 0.0106536
13.32 0 0.00644387 0.0133661 0.0199022
13.33 0 0.0113495 0.0213758 0.0288332
13.34 0 0.0161546 0.02919 0.0375207
13.35 0 0.0208475 0.0367065 0.0460461
13.36 0 0.025399 0.0438777 0.0544741
13.37 0 0.0297588 0.0507156 0.0628418
13.38 0 0.033861 0.0572761 0.0711592
13.39 0 0.0376431 0.0636216 0.0794257
13.4 0 0.0410684 0.0697814 0.0876456
13.41 0 0.0441388 0.0757378 0.0958264
13.42 0 0.0468881 0.0814357 0.103968
13.43 0 0.0493619 0.0868071 0.112053
13.44 0 0.0515967 0.0918 0.12004
13.45 0 0.0536102 0.0963975 0.127866
13.46 0 0.0554044 0.10062 0.135461
13.47 0 0.0569792 0.104516 0.142755
13.48 0 0.0583479 0.108145 0.149682
13.49 0 0.0595487 0.111565 0.156195
13.5 0 0.0606437 0.114811 0.162264
13.51 0 0.0617089 0.117899 0.167875
13.52 0 0.062817 0.120837 0.173019
13.53 0 0.0640215 0.12363 0.177688
13.54 0 0.0653454 0.126291 0.181874
13.55 0 0.066782 0.128842 0.185566
13.56 0 0.068304 0.131309 0.188756
13.57 0 0.0698765 0.133704 0.191451
13.58 0 0.0714681 0.136024 0.193673
13.59 0 0.0730554 0.138244 0.195461
13.6 0 0.0746193 0.140322 0.196864
13.61 0 0.0761366 0.142211 0.197936
13.62 0 0.0775706 0.143865 0.198724
13.63 0 0.0788676 0.145248 0.199264
13.64 0 0.0799611 0.146333 0.199578
13.65 0 0.0807843 0.147099 0.199678
13.66 0 0.081283 0.147527 0.199572
13.67 0 0.0814258 0.147594 0.199267
13.68 0 0.0812065 0.14728 0.198771
13.69 0 0.0806397 0.146566 0.198085
13.7 0 0.0797518 0.145444 0.197204
13.71 0 0.0785707 0.14392 0.196107
13.72 0 0.077122 0.142016 0.194757
13.73 0 0.0754303 0.139765 0.193107
13.74 0 0.0735235 0.137203 0.191104
13.75 0 0.0714385 0.134368 0.188697
13.76 0 0.0692239 0.131288 0.185842
13.77 0 0.0669375 0.127989 0.182503
13.78 0 0.0646366 0.124492 0.178655
13.79 0 0.0623698 0.120814 0.174277
13.8 0 0.0601703 0.116977 0.169354
13.81 0 0.0580527 0.113003 0.163876
13.82 0 0.0560145 0.10891 0.157838
13.83 0 0.0540422 0.104707 0.151248
13.84 0 0.0521185 0.100397 0.144127
13.85 0 0.0502242 0.0959691 0.136512
13.86 0 0.048338 0.091404 0.128454
13.87 0 0.0464327 0.0866752 0.12001
13.88 0 0.0444726 0.0817547 0.111241
13.89 0 0.0424141 0.0766194 0.102211
13.9 0 0.0402072 0.0712517 0.0929917
13.91 0 0.0378004 0.0656397 0.0836576
13.92 0 0.0351469 0.0597785 0.0742767
13.93 0 0.0322094 0.0536606 0.0649172
13.94 0 0.0289597 0.0472716 0.0556569
13.95 0 0.0253756 0.0406048 0.046568
13.96 0 0.0214418 0.03367 0.0377006
13.97 0 0.0171515 0.0264963 0.0290758
13.98 0 0.012515 0.0191273 0.0206843
13.99 0 0.00757388 0.0116176 0.0124895
14 0 0.00242671 0.00402941 0.00443558
14.01 0 -0.00272273 -0.00358633 -0.00354019
14.02 0 -0.0076343 -0.0111658 -0.0115098
14.03 0 -0.0121901 -0.0185854 -0.0195605
14.04 0 -0.0163898 -0.0256956 -0.0277695
14.05 0 -0.0202523 -0.0323924 -0.0361666
14.06 0 -0.0237758 -0.0386476 -0.0447196
14.07 0 -0.0269375 -0.0445024 -0.0533465
14.08 0 -0.029717 -0.050034 -0.0619421
14.09 0 -0.0321268 -0.0553102 -0.0704098
14.1 0 -0.0342231 -0.0603614 -0.0786853
14.11 0 -0.0360954 -0.0651823 -0.0867327
14.12 0 -0.0378441 -0.0697534 -0.0945212
14.13 0 -0.0395545 -0.0740647 -0.102009
14.14 0 -0.0412782 -0.0781277 -0.109143
14.15 0 -0.0430282 -0.0819759 -0.115864
14.16 0 -0.0447883 -0.0856563 -0.122115
14.17 0 -0.0465345 -0.0892142 -0.127845
14.18 0 -0.0482557 -0.0926747 -0.133023
14.19 0 -0.0499618 -0.0960322 -0.137648
14.2 0 -0.0516788 -0.0992556 -0.14174
14.21 0 -0.0534332 -0.102304 -0.145336
14.22 0 -0.0552349 -0.105144 -0.148474
14.23 0 -0.057067 -0.107763 -0.151193
14.24 0 -0.0588882 -0.110176 -0.153527
14.25 0 -0.0606444 -0.112408 -0.155511
14.26 0 -0.0622835 -0.114484 -0.157187
14.27 0 -0.0637671 -0.116412 -0.1586
14.28 0 -0.0650766 -0.118174 -0.159806
14.29 0 -0.0662084 -0.119737 -0.16086
14.3 0 -0.0671609 -0.12106 -0.161809
14.31 0 -0.0679221 -0.122106 -0.162681
14.32 0 -0.0684637 -0.122848 -0.163479
14.33 0 -0.0687466 -0.123278 -0.164186
14.34 0 -0.0687353 -0.123399 -0.16477
14.35 0 -0.0684127 -0.12322 -0.1652
14.36 0 -0.0677878 -0.122747 -0.165444
14.37 0 -0.0668933 -0.121981 -0.165474
14.38 0 -0.0657765 -0.120919 -0.165258
14.39 0 -0.0644865 -0.119557 -0.164759
14.4 0 -0.0630663 -0.117905 -0.163929
14.41 0 -0.0615491 -0.115983 -0.162717
14.42 0 -0.0599621 -0.113828 -0.161072
14.43 0 -0.0583309 -0.111479 -0.158951
14.44 0 -0.0566862 -0.108977 -0.156325
14.45 0 -0.0550646 -0.106356 -0.153181
14.46 0 -0.0535025 -0.103633 -0.149522
14.47 0 -0.0520286 -0.100817 -0.145358
14.48 0 -0.0506565 -0.0979072 -0.14071
14.49 0 -0.0493792 -0.0948971 -0.135599
14.5 0 -0.0481702 -0.091779 -0.130051
14.51 0 -0.0469902 -0.088544 -0.124099
14.52 0 -0.0457955 -0.0851815 -0.117786
14.53 0 -0.044543 -0.0816768 -0.111161
14.54 0 -0.0431926 -0.0780093 -0.104286
14.55 0 -0.0417063 -0.074151 -0.0972281
14.56 0 -0.0400462 -0.0700704 -0.09006
14.57 0 -0.0381719 -0.0657392 -0.0828415
14.58 0 -0.0360398 -0.061137 -0.0756138
14.59 0 -0.0336085 -0.0562457 -0.0684063
14.6 0 -0.0308437 -0.0510478 -0.0612462
14.61 0 -0.0277207 -0.0455378 -0.0541505
14.62 0 -0.0242304 -0.0397295 -0.047116
14.63 0 -0.0203879 -0.0336473 -0.0401216
14.64 0 -0.0162362 -0.0273184 -0.0331322
14.65 0 -0.0118454 -0.020772 -0.0261025
14.66 0 -0.00729958 -0.014047 -0.0189794
14.67 0 -0.00271192 -0.00719635 -0.011705
14.68 0 0.00173831 -0.000280129 -0.00422373
14.69 0 0.00586987 0.00661854 0.00351844
14.7 0 0.00962445 0.0133681 0.011574
14.71 0 0.0130544 0.0198293 0.0199695
14.72 0 0.016223 0.025932 0.0286703
14.73 0 0.0191587 0.0317049 0.0375716
14.74 0 0.021864 0.0372432 0.0465283
14.75 0 0.0243474 0.04265 0.0553991
14.76 0 0.026654 0.0479857 0.0640809
14.77 0 0.028868 0.053253 0.0725232
14.78 0 0.0310876 0.0584251 0.0807076
14.79 0 0.0333964 0.0634822 0.088618
14.8 0 0.0358431 0.0684277 0.0962305
14.81 0 0.0384348 0.0732878 0.103515
14.82 0 0.0411423 0.0780992 0.110444
14.83 0 0.0439138 0.0828915 0.116992
14.84 0 0.0466935 0.0876678 0.123145
14.85 0 0.0494362 0.0923917 0.128901
14.86 0 0.0521112 0.0969904 0.134271
14.87 0 0.0546992 0.101373 0.139279
14.88 0 0.0571808 0.105459 0.143951
14.89 0 0.0595264 0.109195 0.148314
14.9 0 0.0616917 0.112565 0.152384
14.91 0 0.0636235 0.115581 0.15617
14.92 0 0.0652738 0.118271 0.159674
14.93 0 0.0666157 0.120657 0.162906
14.94 0 0.0676523 0.122749 0.165879
14.95 0 0.0684148 0.124544 0.168614
14.96 0 0.06895 0.126033 0.171128
14.97 0 0.0693043 0.127212 0.173431
14.98 0 0.0695097 0.128093 0.175514
14.99 0 0.0695792 0.128703 0.177351
15 0 0.0695139 0.129078 0.178904
15.01 0 0.0693142 0.129254 0.180133
15.02 0 0.0689888 0.129253 0.181002
15.03 0 0.0685589 0.12908 0.18148
15.04 0 0.068055 0.128721 0.181549
15.05 0 0.0675089 0.128156 0.181193
15.06 0 0.0669418 0.127365 0.180397
15.07 0 0.0663574 0.12634 0.179145
15.08 0 0.0657424 0.125083 0.17742
15.09 0 0.065074 0.123604 0.175208
15.1 0 0.0643302 0.121915 0.172506
15.11 0 0.0634969 0.120022 0.169322
15.12 0 0.0625685 0.117917 0.165679
15.13 0 0.0615449 0.115584 0.161603
15.14 0 0.0604243 0.113001 0.157126
15.15 0 0.0591995 0.11015 0.152279
15.16 0 0.0578555 0.107027 0.14709
15.17 0 0.0563718 0.103636 0.141585
15.18 0 0.0547267 0.0999918 0.135791
15.19 0 0.0529017 0.0961092 0.129733
15.2 0 0.0508857 0.0919959 0.123433
15.21 0 0.0486756 0.0876501 0.116912
15.22 0 0.0462745 0.0830606 0.110187
15.23 0 0.0436871 0.0782119 0.103273
15.24 0 0.0409157 0.073093 0.096181
15.25 0 0.0379581 0.067703 0.0889109
15.26 0 0.0348105 0.0620531 0.0814546
15.27 0 0.0314729 0.0561618 0.0737983
15.28 0 0.0279532 0.0500513 0.0659253
15.29 0 0.0242694 0.0437466 0.0578201
15.3 0 0.0204492 0.0372698 0.0494764
15.31 0 0.0165307 0.0306308 0.0409047
15.32 0 0.0125573 0.0238282 0.0321282
15.33 0 0.00856204 0.0168651 0.0231686
15.34 0 0.0045587 0.00976362 0.0140431
15.35 0 0.000577836 0.00256 0.00477315
15.36 0 -0.00331204 -0.00470358 -0.00461701
15.37 0 -0.00707392 -0.01196 -0.0141077
15.38 0 -0.0107544 -0.0191174 -0.0236785
15.39 0 -0.014429 -0.026107 -0.0332901
15.4 0 -0.0181304 -0.032918 -0.0428791
15.41 0 -0.0218384 -0.0395852 -0.0523666
15.42 0 -0.0255099 -0.0461529 -0.0616753
15.43 0 -0.0291012 -0.052643 -0.0707509
15.44 0 -0.0325788 -0.0590466 -0.0795613
15.45 0 -0.0359271 -0.0653295 -0.0880875
15.46 0 -0.039149 -0.0714359 -0.0963206
15.47 0 -0.0422567 -0.0773029 -0.104257
15.48 0 -0.0452585 -0.0828801 -0.111895
15.49 0 -0.0481492 -0.0881457 -0.119232
15.5 0 -0.0509096 -0.09311 -0.126266
15.51 0 -0.0535141 -0.0978068 -0.132994
15.52 0 -0.0559419 -0.102276 -0.139414
15.53 0 -0.0581867 -0.106546 -0.145532
15.54 0 -0.0602598 -0.110627 -0.151357
15.55 0 -0.0621868 -0.114505 -0.156903
15.56 0 -0.0639964 -0.118162 -0.162183
15.57 0 -0.0657091 -0.121576 -0.167203
15.58 0 -0.0673285 -0.124741 -0.171956
15.59 0 -0.0688403 -0.127659 -0.176424
15.6 0 -0.0702199 -0.130342 -0.18058
15.61 0 -0.0714439 -0.1328 -0.184398
15.62 0 -0.0725 -0.135032 -0.187856
15.63 0 -0.0733912 -0.137027 -0.190938
15.64 0 -0.0741337 -0.138763 -0.193639
15.65 0 -0.0747491 -0.14022 -0.195955
15.66 0 -0.0752545 -0.141386 -0.197885
15.67 0 -0.0756555 -0.142263 -0.19942
15.68 0 -0.0759463 -0.142862 -0.200547
15.69 0 -0.0761151 -0.143205 -0.201253
15.7 0 -0.0761508 -0.143305 -0.201526
15.71 0 -0.0760501 -0.14317 -0.201362
15.72 0 -0.0758188 -0.142796 -0.200761
15.73 0 -0.0754682 -0.142166 -0.199733
15.74 0 -0.0750099 -0.141267 -0.198286
15.75 0 -0.0744497 -0.140088 -0.19643
15.76 0 -0.0737843 -0.13863 -0.194172
15.77 0 -0.0730016 -0.136903 -0.191517
15.78 0 -0.0720868 -0.134919 -0.188469
15.79 0 -0.0710273 -0.132692 -0.185034
15.8 0 -0.0698161 -0.130224 -0.181222
15.81 0 -0.0684544 -0.127511 -0.177047
15.82 0 -0.0669494 -0.124544 -0.172526
15.83 0 -0.0653086 -0.121314 -0.167674
15.84 0 -0.0635335 -0.117815 -0.162501
15.85 0 -0.0616172 -0.114044 -0.157009
15.86 0 -0.0595464 -0.110005 -0.151194
15.87 0 -0.0573058 -0.105699 -0.145047
15.88 0 -0.0548837 -0.101125 -0.13856
15.89 0 -0.0522769 -0.0962802 -0.131727
15.9 0 -0.049493 -0.0911596 -0.124547
15.91 0 -0.0465497 -0.0857626 -0.117026
15.92 0 -0.0434714 -0.0800989 -0.109171
15.93 0 -0.0402831 -0.074191 -0.100999
15.94 0 -0.0370044 -0.0680706 -0.0925284
15.95 0 -0.0336479 -0.0617715 -0.0837831
15.96 0 -0.030222 -0.0553255 -0.0747855
15.97 0 -0.0267347 -0.0487631 -0.0655598
15.98 0 -0.023195 -0.0421155 -0.0561339
15.99 0 -0.0196124 -0.0354047 -0.0465499
16 0 -0.0160003 -0.0286308 -0.0368749
16.01 0 -0.012371 -0.0217768 -0.0271935
16.02 0 -0.00871582 -0.014832 -0.0175914
16.03 0 -0.00499322 -0.00781474 -0.00814256
16.04 0 -0.00117614 -0.000765361 0.00110249
16.05 0 0.00269199 0.00627959 0.010114
16.06 0 0.00654079 0.0132747 0.0188813
16.07 0 0.010355 0.0201438 0.0274157
16.08 0 0.0141633 0.0268069 0.0357399
16.09 0 0.017971 0.0332215 0.0438658
16.1 0 0.0217371 0.0393913 0.0517822
16.11 0 0.025396 0.0453454 0.0594656
16.12 0 0.0288822 0.0511106 0.0668992
16.13 0 0.0321468 0.0566942 0.0740826
16.14 0 0.0351696 0.0620821 0.0810304
16.15 0 0.0379606 0.0672433 0.0877676
16.16 0 0.0405499 0.0721394 0.0943217
16.17 0 0.0429703 0.0767415 0.100713
16.18 0 0.0452422 0.0810462 0.106948
16.19 0 0.0473687 0.0850784 0.113015
16.2 0 0.0493392 0.0888811 0.118892
16.21 0 0.0511402 0.0924946 0.124552
16.22 0 0.0527686 0.095942 0.129973
16.23 0 0.0542379 0.0992236 0.135137
16.24 0 0.0555745 0.102319 0.14003
16.25 0 0.056808 0.105198 0.144634
16.26 0 0.0579604 0.107832 0.14893
16.27 0 0.0590375 0.110208 0.152888
16.28 0 0.0600272 0.112325 0.156471
16.29 0 0.0609067 0.114189 0.159639
16.3 0 0.0616534 0.115809 0.162356
16.31 0 0.0622555 0.117183 0.164595
16.32 0 0.0627173 0.1183 0.166344
16.33 0 0.0630574 0.119146 0.167604
16.34 0 0.0632998 0.119706 0.168386
16.35 0 0.0634652 0.119979 0.168706
16.36 0 0.0635631 0.119978 0.168581
16.37 0 0.0635873 0.119726 0.168021
16.38 0 0.0635212 0.119248 0.167038
16.39 0 0.0633449 0.11856 0.165641
16.4 0 0.0630408 0.117664 0.163841
16.41 0 0.0625942 0.116537 0.16165
16.42 0 0.0619927 0.115144 0.159079
16.43 0 0.0612238 0.113444 0.156134
16.44 0 0.0602733 0.111401 0.152822
16.45 0 0.0591259 0.108999 0.149146
16.46 0 0.0577662 0.106241 0.145109
16.47 0 0.0561823 0.103141 0.140714
16.48 0 0.054372 0.099724 0.135964
16.49 0 0.0523451 0.0960136 0.130867
16.5 0 0.0501229 0.0920283 0.125434
16.51 0 0.047734 0.0877804 0.119672
16.52 0 0.0452076 0.0832786 0.113589
16.53 0 0.0425679 0.0785329 0.107185
16.54 0 0.0398286 0.073556 0.100457
16.55 0 0.0369924 0.0683603 0.0933998
16.56 0 0.0340548 0.0629551 0.0860074
16.57 0 0.0310107 0.057346 0.0782773
16.58 0 0.0278579 0.0515352 0.0702104
16.59 0 0.0245969 0.0455253 0.061811
16.6 0 0.0212295 0.0393199 0.0530885
16.61 0 0.0177595 0.0329185 0.0440669
16.62 0 0.0141969 0.0263126 0.0347965
16.63 0 0.0105543 0.0194962 0.0253464
16.64 0 0.00682965 0.0124875 0.0157955
16.65 0 0.00301915 0.00533919 0.00622876
16.66 0 -0.000831719 -0.00187842 -0.00327208
16.67 0 -0.00463604 -0.00908572 -0.0126394
16.68 0 -0.00835129 -0.01618 -0.0218278
16.69 0 -0.0120065 -0.0230493 -0.0308108
16.7 0 -0.0156362 -0.0296195 -0.0395648
16.71 0 -0.0192326 -0.035879 -0.0480548
16.72 0 -0.0227527 -0.0418618 -0.0562368
16.73 0 -0.0261415 -0.0476144 -0.0640758
16.74 0 -0.0293514 -0.0531713 -0.0715553
16.75 0 -0.0323566 -0.0585436 -0.078677
16.76 0 -0.0351608 -0.0637158 -0.0854575
16.77 0 -0.0377912 -0.0686512 -0.0919235
16.78 0 -0.0402825 -0.0733076 -0.0981033
16.79 0 -0.0426558 -0.0776548 -0.104013
16.8 0 -0.0449045 -0.0816834 -0.10965
16.81 0 -0.046994 -0.0854022 -0.114989
16.82 0 -0.0488769 -0.0888273 -0.119998
16.83 0 -0.0505124 -0.0919673 -0.124645
16.84 0 -0.0518824 -0.094815 -0.128908
16.85 0 -0.0529975 -0.0973473 -0.132774
16.86 0 -0.0538896 -0.0995342 -0.136241
16.87 0 -0.054597 -0.101352 -0.139308
16.88 0 -0.0551506 -0.102796 -0.141966
16.89 0 -0.0555683 -0.103887 -0.144204
16.9 0 -0.0558558 -0.104669 -0.146004
16.91 0 -0.056013 -0.105189 -0.147347
16.92 0 -0.0560416 -0.105487 -0.148217
16.93 0 -0.0559515 -0.105578 -0.148606
16.94 0 -0.0557606 -0.105455 -0.14851
16.95 0 -0.0554916 -0.105095 -0.147937
16.96 0 -0.0551632 -0.104475 -0.146895
16.97 0 -0.0547815 -0.103582 -0.145394
16.98 0 -0.054338 -0.102416 -0.143441
16.99 0 -0.0538136 -0.100995 -0.141047
17 0 -0.0531848 -0.0993426 -0.138225
17.01 0 -0.0524331 -0.0974763 -0.134996
17.02 0 -0.051551 -0.0954052 -0.131391
17.03 0 -0.0505419 -0.0931265 -0.127446
17.04 0 -0.0494141 -0.0906294 -0.123202
17.05 0 -0.0481736 -0.0879027 -0.118696
17.06 0 -0.0468174 -0.0849414 -0.113959
17.07 0 -0.0453308 -0.0817466 -0.109009
17.08 0 -0.0436883 -0.0783222 -0.103859
17.09 0 -0.0418617 -0.0746716 -0.0985192
17.1 0 -0.0398301 -0.0707957 -0.0929938
17.11 0 -0.0375861 -0.0666906 -0.0872888
17.12 0 -0.0351361 -0.062349 -0.081409
17.13 0 -0.0324983 -0.057765 -0.0753578
17.14 0 -0.0296955 -0.0529401 -0.0691337
17.15 0 -0.0267479 -0.0478876 -0.0627257
17.16 0 -0.0236701 -0.0426333 -0.0561161
17.17 0 -0.020476 -0.0372098 -0.0492913
17.18 0 -0.0171888 -0.0316451 -0.042253
17.19 0 -0.0138449 -0.02596 -0.035017
17.2 0 -0.0104839 -0.0201723 -0.027606
17.21 0 -0.00713341 -0.0143059 -0.0200432
17.22 0 -0.00381563 -0.00839392 -0.0123578
17.23 0 -0.000580853 -0.00246915 -0.00458963
17.24 0 0.00249791 0.00343323 0.00321825
17.25 0 0.00538261 0.00925525 0.0110295
17.26 0 0.00811062 0.0149125 0.0188127
17.27 0 0.0107673 0.0203292 0.026526
17.28 0 0.0134148 0.0254821 0.0341061
17.29 0 0.0160573 0.0304062 0.0414738
17.3 0 0.0186615 0.0351633 0.0485449
17.31 0 0.0211888 0.0398019 0.0552505
17.32 0 0.0236176 0.0443311 0.0615522
17.33 0 0.0259482 0.0487222 0.067439
17.34 0 0.0281966 0.0529227 0.0729192
17.35 0 0.0303801 0.0568761 0.0780083
17.36 0 0.0325018 0.0605443 0.0827198
17.37 0 0.034544 0.063918 0.0870611
17.38 0 0.0364722 0.0670127 0.0910339
17.39 0 0.0382477 0.0698554 0.0946402
17.4 0 0.0398431 0.0724711 0.0978901
17.41 0 0.0412523 0.0748718 0.100806
17.42 0 0.042489 0.0770532 0.103421
17.43 0 0.0435784 0.0790008 0.10577
17.44 0 0.0445435 0.0807009 0.107884
17.45 0 0.0453957 0.0821516 0.109785
17.46 0 0.0461305 0.0833658 0.11148
17.47 0 0.046732 0.0843671 0.112963
17.48 0 0.047182 0.0851787 0.114227
17.49 0 0.0474696 0.0858128 0.11526
17.5 0 0.047597 0.0862665 0.116057
17.51 0 0.0475803 0.0865264 0.116615
17.52 0 0.0474437 0.0865762 0.116935
17.53 0 0.0472094 0.0864049 0.117014
17.54 0 0.0468917 0.0860148 0.116844
17.55 0 0.0464963 0.0854232 0.116415
17.56 0 0.0460212 0.0846554 0.115711
17.57 0 0.0454626 0.0837353 0.114719
17.58 0 0.04482 0.082676 0.113426
17.59 0 0.0440983 0.0814758 0.111823
17.6 0 0.0433062 0.0801191 0.109908
17.61 0 0.0424508 0.0785826 0.107676
17.62 0 0.0415307 0.076842 0.105122
17.63 0 0.0405344 0.0748783 0.102239
17.64 0 0.0394429 0.0726807 0.099021
17.65 0 0.0382351 0.0702473 0.0954653
17.66 0 0.0368938 0.0675826 0.0915756
17.67 0 0.0354092 0.0646914 0.0873623
17.68 0 0.033779 0.0615748 0.0828401
17.69 0 0.0320059 0.058229 0.0780249
17.7 0 0.0300949 0.0546488 0.0729321
17.71 0 0.0280505 0.0508336 0.0675743
17.72 0 0.0258735 0.0467913 0.0619591
17.73 0 0.0235621 0.0425361 0.0560922
17.74 0 0.0211143 0.0380823 0.0499857
17.75 0 0.0185345 0.0334364 0.0436649
17.76 0 0.0158347 0.0285998 0.037164
17.77 0 0.0130273 0.0235752 0.0305138
17.78 0 0.010116 0.0183719 0.0237382
17.79 0 0.00709219 0.013011 0.0168597
17.8 0 0.00395299 0.00752707 0.00990034
17.81 0 0.000744919 0.00195301 0.00288384
17.82 0 -0.00243219 -0.00368228 -0.00416642
17.83 0 -0.0054904 -0.00932812 -0.0112358
17.84 0 -0.00841807 -0.0148954 -0.0183205
17.85 0 -0.011266 -0.0202854 -0.0254113
17.86 0 -0.0140742 -0.0254425 -0.0324726
17.87 0 -0.0168333 -0.0303708 -0.0394432
17.88 0 -0.0195 -0.0351117 -0.0462496
17.89 0 -0.0220284 -0.0397112 -0.0528195
17.9 0 -0.0243982 -0.0441863 -0.0591019
17.91 0 -0.0266205 -0.048513 -0.0650782
17.92 0 -0.0287264 -0.0526462 -0.0707532
17.93 0 -0.0307508 -0.0565445 -0.0761397
17.94 0 -0.0327139 -0.0601873 -0.0812441
17.95 0 -0.0346129 -0.0635815 -0.0860614
17.96 0 -0.0364264 -0.0667559 -0.0905782
17.97 0 -0.0381268 -0.0697445 -0.0947791
17.98 0 -0.0396936 -0.0725699 -0.0986534
17.99 0 -0.0411228 -0.0752335 -0.102201
18 0 -0.042427 -0.0777154 -0.105433
18.01 0 -0.0436249 -0.0799832 -0.108362
18.02 0 -0.0447288 -0.082004 -0.111
18.03 0 -0.0457355 -0.0837572 -0.11335
18.04 0 -0.0466253 -0.08524 -0.115404
18.05 0 -0.0473678 -0.0864633 -0.117151
18.06 0 -0.0479338 -0.0874408 -0.118575
18.07 0 -0.0483061 -0.0881797 -0.119667
18.08 0 -0.0484861 -0.0886759 -0.120425
18.09 0 -0.048491 -0.0889155 -0.120853
18.1 0 -0.0483435 -0.0888802 -0.120955
18.11 0 -0.0480607 -0.0885547 -0.12073
18.12 0 -0.047648 -0.0879342 -0.120165
18.13 0 -0.0471001 -0.0870265 -0.119243
18.14 0 -0.0464071 -0.0858483 -0.117943
18.15 0 -0.0455619 -0.0844176 -0.116246
18.16 0 -0.044567 -0.0827467 -0.114142
18.17 0 -0.0434365 -0.0808393 -0.111626
18.18 0 -0.0421935 -0.078694 -0.108703
18.19 0 -0.0408631 -0.0763097 -0.105382
18.2 0 -0.039464 -0.0736901 -0.101676
18.21 0 -0.0380037 -0.0708461 -0.0975963
18.22 0 -0.0364777 -0.0677919 -0.0931539
18.23 0 -0.0348736 -0.0645422 -0.088362
18.24 0 -0.033177 -0.0611081 -0.0832366
18.25 0 -0.0313759 -0.0574929 -0.0777981
18.26 0 -0.0294636 -0.0536927 -0.0720708
18.27 0 -0.0274383 -0.0497026 -0.0660826
18.28 0 -0.0253011 -0.0455221 -0.0598641
18.29 0 -0.0230532 -0.041156 -0.0534513
18.3 0 -0.0206938 -0.0366099 -0.0468928
18.31 0 -0.0182216 -0.0318908 -0.0402455
18.32 0 -0.0156344 -0.0270137 -0.0335626
18.33 0 -0.0129276 -0.0220031 -0.0268902
18.34 0 -0.0100922 -0.0168896 -0.0202709
18.35 0 -0.00711743 -0.011713 -0.0137386
18.36 0 -0.00401277 -0.00651622 -0.00731649
18.37 0 -0.000845931 -0.00132547 -0.0010218
18.38 0 0.00225521 0.00384694 0.00513611
18.39 0 0.00517628 0.00896594 0.0111675
18.4 0 0.00789279 0.0139489 0.0171069
18.41 0 0.0104595 0.0186928 0.0229942
18.42 0 0.0129341 0.0231338 0.028843
18.43 0 0.0153265 0.0272801 0.0346272
18.44 0 0.0176009 0.0311939 0.0402929
18.45 0 0.0197065 0.0349499 0.0457755
18.46 0 0.0216135 0.0385979 0.0510176
18.47 0 0.0233346 0.0421375 0.0559868
18.48 0 0.0249201 0.0455208 0.0606792
18.49 0 0.0264309 0.0486828 0.0651065
18.5 0 0.0279098 0.0515785 0.0692774
18.51 0 0.0293645 0.0542029 0.0731856
18.52 0 0.030768 0.0565896 0.076808
18.53 0 0.0320743 0.0587929 0.080113
18.54 0 0.0332432 0.0608592 0.0830741
18.55 0 0.0342598 0.0628046 0.0856816
18.56 0 0.0351407 0.064608 0.0879449
18.57 0 0.0359236 0.0662237 0.0898882
18.58 0 0.0366467 0.0676046 0.0915385
18.59 0 0.0373286 0.0687236 0.0929146
18.6 0 0.0379594 0.0695854 0.0940215
18.61 0 0.0385047 0.0702217 0.0948527
18.62 0 0.0389223 0.0706736 0.0953974
18.63 0 0.0391795 0.0709695 0.0956497
18.64 0 0.0392643 0.0711107 0.0956126
18.65 0 0.0391878 0.07107 0.0952994
18.66 0 0.0389746 0.0708056 0.0947285
18.67 0 0.0386485 0.0702798 0.0939153
18.68 0 0.0382183 0.0694748 0.0928646
18.69 0 0.0376743 0.0683991 0.0915688
18.7 0 0.0369951 0.0670825 0.0900123
18.71 0 0.0361599 0.0655607 0.0881778
18.72 0 0.035161 0.0638611 0.0860542
18.73 0 0.0340117 0.0619934 0.0836411
18.74 0 0.0327431 0.0599508 0.0809477
18.75 0 0.0313937 0.0577199 0.0779884
18.76 0 0.0299975 0.0552943 0.0747772
18.77 0 0.0285731 0.0526845 0.071322
18.78 0 0.0271197 0.0499188 0.0676228
18.79 0 0.0256242 0.0470335 0.0636757
18.8 0 0.0240741 0.0440608 0.0594809
18.81 0 0.0224649 0.0410187 0.0550491
18.82 0 0.020802 0.0379059 0.0504055
18.83 0 0.0190983 0.0347007 0.045591
18.84 0 0.0173667 0.0313706 0.0406567
18.85 0 0.0156064 0.0278929 0.0356491
18.86 0 0.0137963 0.0242686 0.0305999
18.87 0 0.0118972 0.0205197 0.0255303
18.88 0 0.00986373 0.0166776 0.0204594
18.89 0 0.00766151 0.0127724 0.0154068
18.9 0 0.00528318 0.00882354 0.0103929
18.91 0 0.00277319 0.00482707 0.00544063
18.92 0 0.000240228 0.000763564 0.00057122
18.93 0 -0.00218912 -0.00336335 -0.0042099
18.94 0 -0.00444053 -0.00749142 -0.00892494
18.95 0 -0.00651955 -0.0115024 -0.0136168
18.96 0 -0.00848072 -0.0152661 -0.0183215
18.97 0 -0.0103676 -0.0187023 -0.0230366
18.98 0 -0.0121722 -0.021819 -0.0277067
18.99 0 -0.0138405 -0.0246958 -0.032241
19 0 -0.0153116 -0.0274271 -0.0365483
19.01 0 -0.0165606 -0.0300711 -0.0405627
19.02 0 -0.0176195 -0.0326272 -0.0442545
19.03 0 -0.0185682 -0.0350434 -0.0476275
19.04 0 -0.0194998 -0.0372505 -0.0507019
19.05 0 -0.020481 -0.0392011 -0.0534952
19.06 0 -0.0215274 -0.0408968 -0.0560079
19.07 0 -0.0226017 -0.0423883 -0.0582209
19.08 0 -0.0236351 -0.0437496 -0.060106
19.09 0 -0.024562 -0.0450404 -0.0616431
19.1 0 -0.0253485 -0.0462765 -0.0628343
19.11 0 -0.026002 -0.0474227 -0.0637081
19.12 0 -0.0265588 -0.0484096 -0.0643117
19.13 0 -0.0270576 -0.0491655 -0.0646948
19.14 0 -0.0275125 -0.0496473 -0.0648934
19.15 0 -0.0278993 -0.0498537 -0.0649197
19.16 0 -0.028163 -0.0498193 -0.0647647
19.17 0 -0.0282406 -0.0495925 -0.0644096
19.18 0 -0.0280888 -0.0492089 -0.0638403
19.19 0 -0.027701 -0.0486737 -0.0630571
19.2 0 -0.0271078 -0.0479614 -0.0620744
19.21 0 -0.0263618 -0.0470314 -0.0609126
19.22 0 -0.0255141 -0.0458515 -0.0595856
19.23 0 -0.0245943 -0.0444167 -0.0580913
19.24 0 -0.0236041 -0.0427542 -0.0564091
19.25 0 -0.0225254 -0.0409132 -0.0545058
19.26 0 -0.0213376 -0.0389445 -0.0523466
19.27 0 -0.0200359 -0.0368809 -0.0499074
19.28 0 -0.0186408 -0.0347269 -0.0471816
19.29 0 -0.0171946 -0.0324608 -0.0441818
19.3 0 -0.0157442 -0.0300509 -0.0409322
19.31 0 -0.0143202 -0.0274773 -0.0374571
19.32 0 -0.0129246 -0.0247461 -0.0337731
19.33 0 -0.0115317 -0.0218888 -0.0298888
19.34 0 -0.0101021 -0.0189474 -0.025811
19.35 0 -0.00859823 -0.0159563 -0.0215567
19.36 0 -0.00699727 -0.0129285 -0.0171648
19.37 0 -0.00530001 -0.00985045 -0.0126946
19.38 0 -0.00353871 -0.00669058 -0.0082137
19.39 0 -0.00176721 -0.00342232 -0.00378117
19.4 0 -3.0393e-05 -5.22751e-05 0.000568135
19.41 0 0.0016573 0.00336685 0.00482929
19.42 0 0.00331314 0.00674776 0.00901881
19.43 0 0.00496609 0.00999995 0.0131553
19.44 0 0.00662975 0.0130641 0.0172391
19.45 0 0.00829362 0.0159289 0.0212418
19.46 0 0.00992451 0.0186274 0.0251105
19.47 0 0.0114742 0.0212141 0.0287854
19.48 0 0.0129015 0.0237319 0.0322216
19.49 0 0.0141955 0.0261869 0.0353991
19.5 0 0.01538 0.0285447 0.0383229
19.51 0 0.0164981 0.0307474 0.0410133
19.52 0 0.0175867 0.0327424 0.0434906
19.53 0 0.018656 0.0345054 0.0457618
19.54 0 0.0196827 0.0360483 0.0478165
19.55 0 0.0206222 0.0374067 0.0496337
19.56 0 0.0214296 0.038618 0.0511925
19.57 0 0.022079 0.0396995 0.0524838
19.58 0 0.0225721 0.0406396 0.0535147
19.59 0 0.0229327 0.0414039 0.0543054
19.6 0 0.0231916 0.0419523 0.0548789
19.61 0 0.0233683 0.0422594 0.0552506
19.62 0 0.0234621 0.0423255 0.0554214
19.63 0 0.0234527 0.042175 0.0553793
19.64 0 0.0233131 0.0418427 0.0551064
19.65 0 0.0230246 0.0413568 0.0545883
19.66 0 0.022587 0.0407275 0.0538199
19.67 0 0.0220202 0.039945 0.0528063
19.68 0 0.021356 0.0389871 0.0515603
19.69 0 0.0206241 0.0378334 0.0500949
19.7 0 0.0198407 0.0364784 0.0484165
19.71 0 0.0190039 0.0349365 0.0465224
19.72 0 0.0180992 0.0332359 0.0444038
19.73 0 0.0171101 0.0314063 0.0420532
19.74 0 0.0160283 0.0294666 0.0394711
19.75 0 0.014859 0.0274187 0.0366692
19.76 0 0.0136186 0.0252508 0.0336688
19.77 0 0.0123259 0.022947 0.0304946
19.78 0 0.0109926 0.020499 0.0271691
19.79 0 0.00961662 0.0179114 0.0237099
19.8 0 0.00818149 0.0152033 0.0201328
19.81 0 0.00666351 0.0124038 0.0164532
19.82 0 0.00504955 0.00953846 0.0126891
19.83 0 0.00335865 0.0066169 0.00886483
19.84 0 0.00164432 0.00363554 0.00500843
19.85 0 -2.98665e-05 0.000596859 0.00114248
19.86 0 -0.0016184 -0.00247221 -0.00272336
19.87 0 -0.00311179 -0.00551533 -0.00659225
19.88 0 -0.00453163 -0.00846175 -0.0104702
19.89 0 -0.0059044 -0.0112541 -0.0143504
19.9 0 -0.00724583 -0.0138687 -0.0182027
19.91 0 -0.0085581 -0.0163199 -0.021972
19.92 0 -0.009827 -0.0186499 -0.0255896
19.93 0 -0.0110307 -0.0209055 -0.0289927
19.94 0 -0.0121586 -0.0231135 -0.0321393
19.95 0 -0.0132231 -0.025268 -0.0350118
19.96 0 -0.0142564 -0.027334 -0.0376135
19.97 0 -0.0152934 -0.0292657 -0.0399591
19.98 0 -0.0163512 -0.0310275 -0.0420623
19.99 0 -0.0174185 -0.0326082 -0.0439281
20 0 -0.0184574 -0.0340211 -0.0455532
20.01 0 -0.0194181 -0.035291 -0.046933
20.02 0 -0.0202567 -0.0364351 -0.0480688
20.03 0 -0.0209491 -0.0374496 -0.048974
20.04 0 -0.0214938 -0.038309 -0.0496737
20.05 0 -0.0219033 -0.038976 -0.0501982
