0.02 0 1.30758e-06 1.58134e-06 1.51593e-06
0.04 0 5.39036e-06 7.22243e-06 6.94526e-06
0.06 0 1.06092e-05 1.63166e-05 1.62397e-05
0.08 0 1.2513e-05 2.33723e-05 2.56865e-05
0.1 0 8.51599e-06 2.23363e-05 3.07587e-05
0.12 0 1.95668e-06 1.41826e-05 3.04919e-05
0.14 0 -9.12866e-07 7.38629e-06 2.74213e-05
0.16 0 5.25373e-06 1.24253e-05 2.70915e-05
0.18 0 2.00454e-05 3.18942e-05 3.43966e-05
0.2 0 3.25081e-05 5.25108e-05 4.59792e-05
0.22 0 2.92173e-05 5.41446e-05 5.19281e-05
0.24 0 8.06219e-06 2.86871e-05 4.45979e-05
0.26 0 -2.10389e-05 -1.40053e-05 2.08749e-05
0.28 0 -4.9207e-05 -6.11255e-05 -2.42848e-05
0.3 0 -7.58567e-05 -0.000112508 -9.92075e-05
0.32 0 -0.000100916 -0.000174394 -0.000204521
0.34 0 -0.000123894 -0.000248024 -0.00033067
0.36 0 -0.000155237 -0.000335881 -0.000472433
0.38 0 -0.000208293 -0.000445559 -0.000630873
0.4 0 -0.000280005 -0.000579341 -0.000802281
0.42 0 -0.000356935 -0.000729171 -0.000981699
0.44 0 -0.000430644 -0.000880751 -0.00116978
0.46 0 -0.000494727 -0.00101849 -0.0013641
0.48 0 -0.000539421 -0.00113069 -0.00155036
0.5 0 -0.000558073 -0.00120965 -0.00170534
0.52 0 -0.000547928 -0.00124051 -0.00179763
0.54 0 -0.000512522 -0.00120734 -0.00179721
0.56 0 -0.000469847 -0.00111994 -0.00169777
0.58 0 -0.00043643 -0.00100847 -0.00151519
0.6 0 -0.000406308 -0.000887614 -0.00126953
0.62 0 -0.000353459 -0.000735168 -0.000974248
0.64 0 -0.000252029 -0.000511817 -0.00063551
0.66 0 -9.98555e-05 -0.000208395 -0.000261052
0.68 0 8.50797e-05 0.000144433 0.000144946
0.7 0 0.00028337 0.000513501 0.000592286
0.72 0 0.000474907 0.000885853 0.001091
0.74 0 0.000640141 0.0012571 0.00163342
0.76 0 0.000773004 0.00161335 0.00219253
0.78 0 0.000883203 0.0019328 0.00272795
0.8 0 0.000985138 0.00220551 0.00319584
0.82 0 0.00108542 0.00243711 0.00355921
0.84 0 0.00117184 0.002618 0.00378693
0.86 0 0.00121946 0.00270743 0.00385603
0.88 0 0.00121956 0.00267693 0.00377313
0.9 0 0.00118132 0.0025455 0.00357234
0.92 0 0.00110144 0.00234542 0.00327863
0.94 0 0.000970978 0.00208403 0.00290047
0.96 0 0.000804356 0.00175673 0.00245194
0.98 0 0.000628277 0.00137767 0.00195348
1 0 0.000449984 0.000977781 0.00141469
1.02 0 0.000260226 0.000574297 0.000835662
1.04 0 6.31635e-05 0.000162641 0.000228685
1.06 0 -0.000122231 -0.000257256 -0.000376668
1.08 0 -0.000285674 -0.000658382 -0.000947545
1.1 0 -0.00042774 -0.000999448 -0.00145299
1.12 0 -0.000547424 -0.00126208 -0.00186503
1.14 0 -0.000639252 -0.00145779 -0.00216296
1.16 0 -0.000694642 -0.00158833 -0.00233055
1.18 0 -0.000709983 -0.00162967 -0.00235984
1.2 0 -0.000695656 -0.00157292 -0.00226494
1.22 0 -0.000665113 -0.00145153 -0.00207866
1.24 0 -0.00062119 -0.00131049 -0.0018361
1.26 0 -0.000563041 -0.00116539 -0.00156891
1.28 0 -0.00048989 -0.000999353 -0.00129991
1.3 0 -0.000394503 -0.000794277 -0.00103419
1.32 0 -0.000268339 -0.000553642 -0.000760451
1.34 0 -0.000113718 -0.000288049 -0.000458073
1.36 0 5.15023e-05 1.57216e-06 -0.000107441
1.38 0 0.000204112 0.000312686 0.000299785
1.4 0 0.000333059 0.000627681 0.000757071
1.42 0 0.000450216 0.000933246 0.00125054
1.44 0 0.00058007 0.00124496 0.00176521
1.46 0 0.000736832 0.00159081 0.00228252
1.48 0 0.000914794 0.00197008 0.00278045
1.5 0 0.00109449 0.00234093 0.00323894
1.52 0 0.00125998 0.00266347 0.00365297
1.54 0 0.00140408 0.00293733 0.00403178
1.56 0 0.00152161 0.00318334 0.00438197
1.58 0 0.00161006 0.00340403 0.0046977
1.6 0 0.00165653 0.00355806 0.00494435
1.62 0 0.00163174 0.00357867 0.00505435
1.64 0 0.00151594 0.00342158 0.00495485
1.66 0 0.00132285 0.00308912 0.00459947
1.68 0 0.00109607 0.00262367 0.00398692
1.7 0 0.000874933 0.00207944 0.0031564
1.72 0 0.00067105 0.00150032 0.00217951
1.74 0 0.00047587 0.000916767 0.00115595
1.76 0 0.000266681 0.000340248 0.000185288
1.78 0 1.78334e-05 -0.000231764 -0.000664428
1.8 0 -0.000272407 -0.000791477 -0.001363
1.82 0 -0.000570345 -0.00130639 -0.00191222
1.84 0 -0.000819386 -0.0017243 -0.00233157
1.86 0 -0.000967154 -0.00199445 -0.0026396
1.88 0 -0.000995865 -0.00209797 -0.00284462
1.9 0 -0.000928882 -0.00205748 -0.0029385
1.92 0 -0.000813144 -0.00191895 -0.00289815
1.94 0 -0.000695736 -0.00172515 -0.00270081
1.96 0 -0.000597892 -0.00149186 -0.00233599
1.98 0 -0.000505309 -0.00120495 -0.00181277
2 0 -0.000393897 -0.000851698 -0.00117495
2.02 0 -0.000248275 -0.000441165 -0.000491807
2.04 0 -5.13631e-05 1.59181e-05 0.000184468
2.06 0 0.000196996 0.000506792 0.000826131
2.08 0 0.000453888 0.000990299 0.00140644
2.1 0 0.000666669 0.00140814 0.00190778
2.12 0 0.00081023 0.00171719 0.00232801
2.14 0 0.000891727 0.00191764 0.00267137
2.16 0 0.000941599 0.00205648 0.00294524
2.18 0 0.000985371 0.00217735 0.00314698
2.2 0 0.00103375 0.00228512 0.0032693
2.22 0 0.00108701 0.00236124 0.00331609
2.24 0 0.00112659 0.00238631 0.00329541
2.26 0 0.00111741 0.00234169 0.00320528
2.28 0 0.00101374 0.00217897 0.00300943
2.3 0 0.000796247 0.00183963 0.00265254
2.32 0 0.000523427 0.00134864 0.00212526
2.34 0 0.00028319 0.000819995 0.00146441
2.36 0 0.000112984 0.000356709 0.00071632
2.38 0 -5.34604e-06 -2.85292e-05 -6.45842e-05
2.4 0 -0.000121868 -0.000407199 -0.000820981
2.42 0 -0.00028845 -0.00084463 -0.00150434
2.44 0 -0.000534473 -0.00133953 -0.00209423
2.46 0 -0.000844427 -0.00184644 -0.00260471
2.48 0 -0.00115063 -0.002317 -0.00306466
2.5 0 -0.00138463 -0.00272439 -0.00351202
2.52 0 -0.00152498 -0.00305608 -0.00397979
2.54 0 -0.00158756 -0.0033028 -0.00446226
2.56 0 -0.00159748 -0.00346751 -0.00490341
2.58 0 -0.0015684 -0.00355151 -0.00520876
2.6 0 -0.00150336 -0.00352857 -0.00527793
2.62 0 -0.00141389 -0.00336502 -0.00505441
2.64 0 -0.00131845 -0.00306553 -0.00455278
2.66 0 -0.00121985 -0.00267841 -0.00384564
2.68 0 -0.00109532 -0.00224595 -0.00302877
2.7 0 -0.000902547 -0.00175141 -0.00217733
2.72 0 -0.000590525 -0.00112216 -0.00130571
2.74 0 -0.000145028 -0.000315186 -0.000383086
2.76 0 0.000366299 0.000602923 0.000611637
2.78 0 0.000835503 0.00149915 0.00167817
2.8 0 0.00118693 0.00227443 0.00279885
2.82 0 0.00140107 0.00290036 0.0039168
2.84 0 0.0015119 0.00339451 0.00493306
2.86 0 0.00158013 0.0037726 0.00572749
2.88 0 0.00164638 0.00401944 0.00618604
2.9 0 0.00172843 0.00412627 0.00626182
2.92 0 0.00183411 0.00412749 0.00601611
2.94 0 0.00192962 0.00405172 0.00556786
2.96 0 0.00193414 0.00386708 0.00502258
2.98 0 0.00178002 0.00351064 0.00444737
3 0 0.0014782 0.00297975 0.0038815
3.02 0 0.00111871 0.00237837 0.00334432
3.04 0 0.000808023 0.00185027 0.00282923
3.06 0 0.000627031 0.00149149 0.00233266
3.08 0 0.000603542 0.00131425 0.00188231
3.1 0 0.000664284 0.00123732 0.00149876
3.12 0 0.000665051 0.00112431 0.00116675
3.14 0 0.000518396 0.000877977 0.000869554
3.16 0 0.000261145 0.000508553 0.000606811
3.18 0 -7.2367e-06 0.000113369 0.000362102
3.2 0 -0.000215344 -0.000214219 8.13047e-05
3.22 0 -0.000351121 -0.000469373 -0.000302644
3.24 0 -0.000440181 -0.000727384 -0.000822368
3.26 0 -0.000501329 -0.00103115 -0.00142962
3.28 0 -0.000532718 -0.00131757 -0.00199986
3.3 0 -0.000550712 -0.00150226 -0.00241377
3.32 0 -0.000588201 -0.00158244 -0.00261248
3.34 0 -0.0006442 -0.00160609 -0.00258216
3.36 0 -0.000682371 -0.00157969 -0.00234143
3.38 0 -0.000666305 -0.00144532 -0.00194023
3.4 0 -0.000578955 -0.00116029 -0.00144893
3.42 0 -0.000423986 -0.000770902 -0.000938357
3.44 0 -0.000226123 -0.000377077 -0.000460545
3.46 0 -3.44526e-05 -4.8582e-05 -4.75039e-05
3.48 0 0.000100271 0.000201087 0.000285026
3.5 0 0.000173845 0.000389135 0.000548527
3.52 0 0.000239993 0.000551378 0.000786956
3.54 0 0.000343996 0.000730995 0.00103908
3.56 0 0.000472649 0.00095071 0.00130805
3.58 0 0.000594341 0.00119835 0.00158743
3.6 0 0.000694719 0.0014294 0.00187503
3.62 0 0.000753554 0.00158615 0.00214262
3.64 0 0.000739579 0.00163024 0.00232726
3.66 0 0.000650936 0.00155905 0.00236705
3.68 0 0.000530337 0.00139333 0.00223064
3.7 0 0.000425689 0.00116227 0.00191709
3.72 0 0.000342877 0.00088791 0.00144205
3.74 0 0.00024265 0.000562356 0.000830154
3.76 0 0.00010012 0.00017153 0.000140186
3.78 0 -4.90183e-05 -0.000239514 -0.000513892
3.8 0 -0.000158482 -0.000572712 -0.00101557
3.82 0 -0.00022641 -0.000757279 -0.00130673
3.84 0 -0.000271902 -0.000802579 -0.00138522
3.86 0 -0.000315597 -0.000789869 -0.00129867
3.88 0 -0.000389594 -0.000814088 -0.00114928
3.9 0 -0.000508034 -0.000911585 -0.00105212
3.92 0 -0.000632031 -0.00104863 -0.0010783
3.94 0 -0.000697274 -0.00117236 -0.00124041
3.96 0 -0.000666782 -0.00124416 -0.0014984
3.98 0 -0.000568661 -0.00125831 -0.00178469
4 0 -0.000492148 -0.00126605 -0.0020448
4.02 0 -0.000524665 -0.00135552 -0.00225449
4.04 0 -0.000700897 -0.00159646 -0.0024324
4.06 0 -0.00100518 -0.00200417 -0.0026562
4.08 0 -0.00137812 -0.00253577 -0.00303408
4.1 0 -0.00171648 -0.0031053 -0.00363188
4.12 0 -0.00189691 -0.00359044 -0.00440256
4.14 0 -0.00180552 -0.00380961 -0.00513423
4.16 0 -0.00138047 -0.00354489 -0.00546909
4.18 0 -0.000665741 -0.00265881 -0.00502366
4.2 0 0.000174588 -0.00121506 -0.00355535
4.22 0 0.000846138 0.000435317 -0.00117119
4.24 0 0.000984562 0.00168922 0.00154633
4.26 0 0.000429595 0.0020109 0.00373998
4.28 0 -0.000598377 0.0012647 0.00461302
4.3 0 -0.00172636 -0.000346926 0.00357685
4.32 0 -0.00274196 -0.002605 0.000330449
4.34 0 -0.00366612 -0.0054757 -0.00500936
4.36 0 -0.00472519 -0.00910455 -0.011941
4.38 0 -0.0062139 -0.0135777 -0.0197248
4.4 0 -0.00810002 -0.0184766 -0.0273483
4.42 0 -0.0100201 -0.0229303 -0.033735
4.44 0 -0.0116116 -0.0261052 -0.0380797
4.46 0 -0.0124909 -0.0274356 -0.039803
4.48 0 -0.0123307 -0.0267471 -0.0386259
4.5 0 -0.0110587 -0.0240975 -0.0346394
4.52 0 -0.00878232 -0.0194685 -0.0280776
4.54 0 -0.00562755 -0.0128937 -0.0191641
4.56 0 -0.00172222 -0.00470945 -0.00814371
4.58 0 0.002499 0.00430371 0.00439064
4.6 0 0.00627232 0.0130013 0.0172903
4.62 0 0.00905153 0.0203018 0.0291449
4.64 0 0.0107051 0.0254739 0.0385468
4.66 0 0.0113994 0.0282745 0.0443562
4.68 0 0.0115216 0.0289685 0.0460399
4.7 0 0.0114706 0.0280374 0.0437707
4.72 0 0.0114733 0.0259377 0.0383751
4.74 0 0.0113536 0.0228978 0.0309915
4.76 0 0.0104492 0.0187798 0.0226317
4.78 0 0.00805958 0.013264 0.0140184
4.8 0 0.0040257 0.00617182 0.00548638
4.82 0 -0.00108563 -0.00220426 -0.00305768
4.84 0 -0.00629906 -0.0109621 -0.0119644
4.86 0 -0.0107967 -0.0189497 -0.0214836
4.88 0 -0.014045 -0.0253564 -0.0312553
4.9 0 -0.0155823 -0.029885 -0.0401087
4.92 0 -0.0152985 -0.0323442 -0.0465396
4.94 0 -0.013783 -0.0323544 -0.0493062
4.96 0 -0.0118368 -0.0296835 -0.0475622
4.98 0 -0.00968465 -0.024582 -0.0407956
5 0 -0.00697275 -0.0174532 -0.0290325
5.02 0 -0.00335629 -0.00833596 -0.0131283
5.04 0 0.00119133 0.00289788 0.00531376
5.06 0 0.00652984 0.015753 0.0244385
5.08 0 0.0126112 0.028929 0.0426922
5.1 0 0.0193163 0.0410977 0.0589245
5.12 0 0.0259718 0.0515343 0.0721267
5.14 0 0.0314485 0.0598269 0.0814584
5.16 0 0.0348082 0.0651967 0.0864892
5.18 0 0.0356698 0.0665968 0.0872288
5.2 0 0.034049 0.0635357 0.0838294
5.22 0 0.0300862 0.056408 0.0762082
5.24 0 0.0240789 0.0460225 0.0641079
5.26 0 0.0167899 0.0332686 0.0477559
5.28 0 0.00936719 0.0191883 0.0282911
5.3 0 0.00247891 0.00473734 0.00720837
5.32 0 -0.00385691 -0.00939557 -0.014056
5.34 0 -0.00963539 -0.0225796 -0.0339863
5.36 0 -0.0149187 -0.034161 -0.0511718
5.38 0 -0.019862 -0.0436183 -0.0645463
5.4 0 -0.024325 -0.0507377 -0.0734524
5.42 0 -0.0278952 -0.0554808 -0.0777392
5.44 0 -0.0302772 -0.0577887 -0.0779078
5.46 0 -0.0315809 -0.0578654 -0.0751944
5.48 0 -0.0320147 -0.0563468 -0.0710914
5.5 0 -0.0314193 -0.0538542 -0.0666085
5.52 0 -0.0296344 -0.0506501 -0.0622262
5.54 0 -0.0269867 -0.0467347 -0.0581246
5.56 0 -0.0240438 -0.0422474 -0.0541679
5.58 0 -0.0212744 -0.0377755 -0.0500408
5.6 0 -0.0190238 -0.0339984 -0.0455438
5.62 0 -0.0176107 -0.0311745 -0.0408403
5.64 0 -0.0172021 -0.0291748 -0.0364352
5.66 0 -0.0174405 -0.0277827 -0.0328174
5.68 0 -0.0173994 -0.0266365 -0.0300921
5.7 0 -0.0162449 -0.0250343 -0.0279821
5.72 0 -0.0138405 -0.0222469 -0.0260269
5.74 0 -0.0104357 -0.0180049 -0.0234889
5.76 0 -0.00624943 -0.0125612 -0.019382
5.78 0 -0.00182851 -0.00642764 -0.0130936
5.8 0 0.00167462 -0.000226039 -0.00491411
5.82 0 0.00339146 0.00531345 0.0042704
5.84 0 0.00373805 0.00958515 0.0135203
5.86 0 0.00393592 0.0126614 0.0218685
5.88 0 0.00486264 0.0154471 0.0283306
5.9 0 0.00672891 0.0188081 0.0323235
5.92 0 0.00943327 0.0225965 0.0340328
5.94 0 0.0127073 0.0258799 0.0342901
5.96 0 0.015884 0.0280354 0.0340477
5.98 0 0.0179022 0.0292017 0.0339247
6 0 0.0180325 0.0296554 0.034231
6.02 0 0.0166297 0.0292724 0.035145
6.04 0 0.0148574 0.0280384 0.0365922
6.06 0 0.013621 0.0267059 0.0380193
6.08 0 0.0130908 0.0262207 0.0385876
6.1 0 0.0132875 0.0267234 0.0379026
6.12 0 0.0143169 0.027516 0.0363272
6.14 0 0.0157178 0.0278145 0.0344101
6.16 0 0.0163843 0.0272964 0.0324139
6.18 0 0.0154682 0.0258299 0.0303718
6.2 0 0.0130681 0.023106 0.0281896
6.22 0 0.01001 0.0191028 0.0256278
6.24 0 0.00718623 0.0147005 0.0223773
6.26 0 0.00517715 0.0111592 0.0182806
6.28 0 0.00436412 0.00906615 0.0136691
6.3 0 0.00493239 0.00822661 0.00946096
6.32 0 0.00644463 0.00831591 0.00669843
6.34 0 0.00785951 0.00917667 0.00604698
6.36 0 0.00815423 0.0103062 0.00748966
6.38 0 0.00696544 0.0106805 0.0102935
6.4 0 0.00469733 0.00958734 0.0132141
6.42 0 0.00191731 0.00710116 0.0145743
6.44 0 -0.000910192 0.003645 0.0127202
6.46 0 -0.00323719 -0.000549803 0.00685285
6.48 0 -0.00466243 -0.00544893 -0.00260411
6.5 0 -0.00536761 -0.0108377 -0.0142444
6.52 0 -0.00617432 -0.0163926 -0.0262996
6.54 0 -0.00792253 -0.0220443 -0.0371507
6.56 0 -0.0108414 -0.0278804 -0.0455968
6.58 0 -0.0147552 -0.0337571 -0.0511986
6.6 0 -0.0193682 -0.0392017 -0.0543804
6.62 0 -0.0240351 -0.0437222 -0.056026
6.64 0 -0.0277071 -0.0470188 -0.0569666
6.66 0 -0.029426 -0.0488502 -0.0577535
6.68 0 -0.0288874 -0.0489184 -0.0586053
6.7 0 -0.0265587 -0.0470545 -0.0592715
6.72 0 -0.0233027 -0.0435664 -0.0589673
6.74 0 -0.0199485 -0.0392762 -0.0567039
6.76 0 -0.0171768 -0.0349874 -0.0518764
6.78 0 -0.0154299 -0.0309043 -0.0445906
6.8 0 -0.0146341 -0.0267196 -0.0355481
6.82 0 -0.0140459 -0.0221241 -0.0257367
6.84 0 -0.0125971 -0.016964 -0.0161432
6.86 0 -0.00959662 -0.0110699 -0.00753129
6.88 0 -0.00505442 -0.00433677 -0.00025384
6.9 0 0.000467196 0.00299854 0.00587539
6.92 0 0.00597006 0.0103643 0.0115369
6.94 0 0.0104683 0.0170541 0.0176197
6.96 0 0.0135515 0.0225117 0.0247022
6.98 0 0.0152075 0.0266875 0.0325786
7 0 0.0156439 0.0299806 0.040354
7.02 0 0.0155675 0.0327752 0.0470568
7.04 0 0.0160233 0.0352746 0.052091
7.06 0 0.0176227 0.0377084 0.0552204
7.08 0 0.0201122 0.0402214 0.0564245
7.1 0 0.0227143 0.0424819 0.0559384
7.12 0 0.0246276 0.0437309 0.0543007
7.14 0 0.0251865 0.0432772 0.0520816
7.16 0 0.0239108 0.0408719 0.0494845
7.18 0 0.0207955 0.0366565 0.0462362
7.2 0 0.0164764 0.0309497 0.0417727
7.22 0 0.0118966 0.0242484 0.0355374
7.24 0 0.00782959 0.0172459 0.02727
7.26 0 0.00465885 0.0105647 0.017224
7.28 0 0.0024148 0.00444839 0.00623288
7.3 0 0.000782229 -0.00121707 -0.00454693
7.32 0 -0.000939525 -0.00665585 -0.0141201
7.34 0 -0.00345153 -0.012041 -0.0219358
7.36 0 -0.0068657 -0.0174367 -0.0278781
7.38 0 -0.0107465 -0.0227174 -0.0322324
7.4 0 -0.0145758 -0.0275392 -0.0356139
7.42 0 -0.017874 -0.0315344 -0.0386891
7.44 0 -0.0201274 -0.0345429 -0.0418468
7.46 0 -0.0209617 -0.0365321 -0.0450641
7.48 0 -0.0204579 -0.037402 -0.0479986
7.5 0 -0.0191816 -0.0370664 -0.0501085
7.52 0 -0.0177671 -0.0357109 -0.0507137
7.54 0 -0.0165545 -0.0337694 -0.0491872
7.56 0 -0.0156316 -0.0315225 -0.0452961
7.58 0 -0.0149866 -0.0288717 -0.0394123
7.6 0 -0.0144233 -0.0255827 -0.0323512
7.62 0 -0.0134327 -0.0215806 -0.0249769
7.64 0 -0.0114651 -0.0169436 -0.0179351
7.66 0 -0.00839961 -0.0117654 -0.0115859
7.68 0 -0.00459798 -0.00620167 -0.0059837
7.7 0 -0.000686812 -0.000647457 -0.000941836
7.72 0 0.00255363 0.00428031 0.00378769
7.74 0 0.00449419 0.00800903 0.00837468
7.76 0 0.00508235 0.0103121 0.0128241
7.78 0 0.00484992 0.0114943 0.0169072
7.8 0 0.00454575 0.012262 0.0202065
7.82 0 0.00479551 0.0132991 0.0223675
7.84 0 0.00592428 0.0149158 0.0234135
7.86 0 0.00785089 0.0169851 0.0237963
7.88 0 0.0101073 0.0191312 0.0241386
7.9 0 0.0120396 0.0210049 0.0249356
7.92 0 0.0131103 0.0224429 0.0264275
7.94 0 0.0131506 0.023388 0.0285721
7.96 0 0.0123907 0.0237258 0.0309761
7.98 0 0.0112489 0.0233387 0.0328929
8 0 0.010098 0.0223114 0.0334727
8.02 0 0.00919871 0.0208979 0.0321452
8.04 0 0.00870468 0.0192639 0.0288688
8.06 0 0.00855539 0.0173576 0.0241088
8.08 0 0.00835383 0.0149986 0.0185836
8.1 0 0.00754256 0.0120406 0.0130012
8.12 0 0.00579216 0.0084442 0.00788348
8.14 0 0.00320378 0.00428534 0.00342279
8.16 0 0.000203347 -0.000202605 -0.000583783
8.18 0 -0.00268151 -0.00463937 -0.00461401
8.2 0 -0.00500336 -0.00863368 -0.00911756
8.22 0 -0.00651797 -0.011957 -0.0142078
8.24 0 -0.00724203 -0.0146162 -0.0195586
8.26 0 -0.0074705 -0.0167643 -0.0245581
8.28 0 -0.00766777 -0.0185412 -0.0285668
8.3 0 -0.00818624 -0.0200072 -0.0311111
8.32 0 -0.00906958 -0.0211701 -0.0320083
8.34 0 -0.0101353 -0.021973 -0.031439
8.36 0 -0.0111258 -0.022273 -0.0298766
8.38 0 -0.0117192 -0.0219315 -0.0278719
8.4 0 -0.0115584 -0.0209056 -0.0258392
8.42 0 -0.0104675 -0.0191957 -0.0239472
8.44 0 -0.00862471 -0.0167922 -0.0220849
8.46 0 -0.0064155 -0.0137664 -0.0198621
8.48 0 -0.00420899 -0.0103481 -0.0167518
8.5 0 -0.00229147 -0.00681227 -0.0123798
8.52 0 -0.000819771 -0.00329611 -0.00674682
8.54 0 0.000260585 0.000222103 -0.000248687
8.56 0 0.00122864 0.00378342 0.00646351
8.58 0 0.00243906 0.00736927 0.0126932
8.6 0 0.00408823 0.0109293 0.0178986
8.62 0 0.00611066 0.0143682 0.0218337
8.64 0 0.00825928 0.0174896 0.0245855
8.66 0 0.010224 0.020024 0.0264587
8.68 0 0.0116767 0.0217487 0.027756
8.7 0 0.0123083 0.0225671 0.0286166
8.72 0 0.0119829 0.0224514 0.0289951
8.74 0 0.0108638 0.0213602 0.0286886
8.76 0 0.00929681 0.0193067 0.0273576
8.78 0 0.00758129 0.0164862 0.024628
8.8 0 0.00588817 0.0131992 0.0203008
8.82 0 0.00430946 0.00960111 0.0145146
8.84 0 0.002841 0.00564693 0.00771788
8.86 0 0.00130446 0.00130993 0.00049821
8.88 0 -0.000541604 -0.00325708 -0.00655843
8.9 0 -0.00273222 -0.00778832 -0.0129318
8.92 0 -0.00501127 -0.0119936 -0.0182335
8.94 0 -0.00701142 -0.0155212 -0.0222618
8.96 0 -0.0084594 -0.0179933 -0.0249878
8.98 0 -0.00920553 -0.0191799 -0.0264438
9 0 -0.00916852 -0.019099 -0.026616
9.02 0 -0.00840047 -0.017935 -0.0254825
9.04 0 -0.00716901 -0.0158957 -0.023096
9.06 0 -0.00583751 -0.0132206 -0.019607
9.08 0 -0.00464251 -0.0102575 -0.015263
9.1 0 -0.00359583 -0.00733546 -0.0104025
9.12 0 -0.00258736 -0.00455823 -0.00545061
9.14 0 -0.00151832 -0.00183207 -0.000859978
9.16 0 -0.000306075 0.00091674 0.00305019
9.18 0 0.00109545 0.00359262 0.00619493
9.2 0 0.00257768 0.00598487 0.00865475
9.22 0 0.00386866 0.00792008 0.0105691
9.24 0 0.00473747 0.00934072 0.0121069
9.26 0 0.00517515 0.0102972 0.0134504
9.28 0 0.00534176 0.0109176 0.0147107
9.3 0 0.00541713 0.0113781 0.0158693
9.32 0 0.00554397 0.0118531 0.0168425
9.34 0 0.00583934 0.012453 0.0176005
9.36 0 0.00635873 0.0131982 0.0182118
9.38 0 0.00701022 0.0140151 0.0187698
9.4 0 0.00753809 0.0147121 0.0192791
9.42 0 0.0076424 0.0149868 0.0196066
9.44 0 0.00717375 0.0145583 0.019533
9.46 0 0.00621724 0.0133288 0.018805
9.48 0 0.00499821 0.011429 0.0171643
9.5 0 0.00375772 0.00912416 0.0144421
9.52 0 0.00266741 0.00664017 0.0106726
9.54 0 0.00175626 0.00404414 0.00611028
9.56 0 0.000876596 0.00127772 0.00114063
9.58 0 -0.000216356 -0.00172317 -0.00383698
9.6 0 -0.00168902 -0.00495342 -0.00850237
9.62 0 -0.00351413 -0.00833695 -0.0126927
9.64 0 -0.00550636 -0.0117205 -0.0164281
9.66 0 -0.00741162 -0.0148672 -0.0198293
9.68 0 -0.00896749 -0.017505 -0.0229609
9.7 0 -0.00995501 -0.0194134 -0.0257128
9.72 0 -0.0102736 -0.0205007 -0.0278356
9.74 0 -0.0100323 -0.0207964 -0.0290755
9.76 0 -0.00952819 -0.0204067 -0.0292665
9.78 0 -0.00905149 -0.0195196 -0.0283504
9.8 0 -0.00869346 -0.0183418 -0.0263711
9.82 0 -0.00834659 -0.0169478 -0.0235016
9.84 0 -0.00780408 -0.0151906 -0.020021
9.86 0 -0.00682622 -0.0128096 -0.0161827
9.88 0 -0.00524323 -0.00967168 -0.0121098
9.9 0 -0.00307097 -0.00586087 -0.00776428
9.92 0 -0.000542979 -0.0015813 -0.00299109
9.94 0 0.00197503 0.00292638 0.00236559
9.96 0 0.0041789 0.0074055 0.00834607
9.98 0 0.00597253 0.0116194 0.0147825
10 0 0.00742289 0.0154261 0.0212507
10.02 0 0.00865104 0.0187882 0.027139
10.04 0 0.00978862 0.021675 0.0318409
10.06 0 0.0109342 0.0239795 0.0349517
10.08 0 0.0120787 0.0255517 0.036348
10.1 0 0.013059 0.026288 0.0361545
10.12 0 0.0135991 0.0261404 0.0346622
10.14 0 0.0134209 0.0250511 0.0322267
10.16 0 0.0123848 0.0229398 0.0291548
10.18 0 0.0105749 0.0198128 0.025599
10.2 0 0.00824023 0.015897 0.0215198
10.22 0 0.00568113 0.0115922 0.0167683
10.24 0 0.0032181 0.0072301 0.0112594
10.26 0 0.00113252 0.00294326 0.00509438
10.28 0 -0.000524871 -0.00123824 -0.00147166
10.3 0 -0.00198458 -0.0052738 -0.00809779
10.32 0 -0.00351709 -0.00911455 -0.0143547
10.34 0 -0.00520381 -0.0127351 -0.0197809
10.36 0 -0.00697131 -0.0160779 -0.0240613
10.38 0 -0.00872478 -0.0189881 -0.027157
10.4 0 -0.0103726 -0.0212888 -0.0292507
10.42 0 -0.0117609 -0.0229179 -0.030583
10.44 0 -0.0126705 -0.023933 -0.0313457
10.46 0 -0.0129553 -0.0243727 -0.0316763
10.48 0 -0.0126522 -0.0241756 -0.0316458
10.5 0 -0.0119011 -0.0232583 -0.0311693
10.52 0 -0.010797 -0.0216273 -0.0299575
10.54 0 -0.00940913 -0.019382 -0.0276657
10.56 0 -0.00787327 -0.0166185 -0.0241108
10.58 0 -0.00633927 -0.0133873 -0.0193591
10.6 0 -0.00487408 -0.00978977 -0.0137183
10.62 0 -0.00344396 -0.00603422 -0.00767023
10.64 0 -0.00195144 -0.00232329 -0.00173632
10.66 0 -0.000321148 0.00125217 0.00364218
10.68 0 0.00143079 0.00467239 0.00819591
10.7 0 0.00322894 0.00789168 0.0119063
10.72 0 0.00497915 0.0107965 0.0149682
10.74 0 0.00653548 0.0132562 0.0176196
10.76 0 0.00770426 0.015198 0.0199918
10.78 0 0.00836298 0.0166049 0.02208
10.8 0 0.00855652 0.0174729 0.0237806
10.82 0 0.0084536 0.0178243 0.0249333
10.84 0 0.00822989 0.0177332 0.0253556
10.86 0 0.00796733 0.0172761 0.0248874
10.88 0 0.00763365 0.0164368 0.0234488
10.9 0 0.00713141 0.0150901 0.0210772
10.92 0 0.00634565 0.0131093 0.0179064
10.94 0 0.00518939 0.0104847 0.0141085
10.96 0 0.00366882 0.00734269 0.00985507
10.98 0 0.00192578 0.00389799 0.0053205
11 0 0.000197209 0.000409493 0.000692083
11.02 0 -0.00130303 -0.00284897 -0.00383112
11.04 0 -0.00247808 -0.00564041 -0.00802966
11.06 0 -0.00333703 -0.0078404 -0.0116502
11.08 0 -0.00393981 -0.00945316 -0.0144296
11.1 0 -0.00437055 -0.010538 -0.0161705
11.12 0 -0.0047216 -0.0111483 -0.0168301
11.14 0 -0.00505386 -0.0113495 -0.0165589
11.16 0 -0.00534298 -0.0112369 -0.0156485
11.18 0 -0.00547506 -0.010883 -0.0144257
11.2 0 -0.00532423 -0.0102847 -0.0131611
11.22 0 -0.00483381 -0.00938498 -0.0119946
11.24 0 -0.00403581 -0.00815525 -0.0108876
11.26 0 -0.00303637 -0.00665801 -0.00965217
11.28 0 -0.00200658 -0.00502209 -0.00806514
11.3 0 -0.00114042 -0.00337808 -0.00599794
11.32 0 -0.000540561 -0.00181155 -0.00347585
11.34 0 -0.000142125 -0.000339322 -0.000665486
11.36 0 0.000229076 0.00108707 0.00216682
11.38 0 0.00074034 0.00254707 0.00473688
11.4 0 0.00147205 0.00408299 0.00684926
11.42 0 0.00238905 0.00564031 0.00846436
11.44 0 0.00335392 0.00708345 0.00968869
11.46 0 0.0041849 0.00827549 0.0107013
11.48 0 0.00473534 0.0091493 0.0116602
11.5 0 0.00494542 0.00970966 0.012625
11.52 0 0.00485312 0.00997511 0.0135174
11.54 0 0.00456012 0.00993435 0.0141294
11.56 0 0.00415739 0.00954853 0.0141756
11.58 0 0.00368266 0.00877557 0.0133921
11.6 0 0.00313881 0.00758664 0.0116495
11.62 0 0.00250682 0.00596197 0.00899505
11.64 0 0.00174203 0.00390592 0.00561837
11.66 0 0.00081195 0.00150329 0.00181392
11.68 0 -0.00024733 -0.00105425 -0.00205807
11.7 0 -0.00134227 -0.00353236 -0.00565461
11.72 0 -0.00237084 -0.00573352 -0.00872549
11.74 0 -0.00325725 -0.00753479 -0.0111405
11.76 0 -0.00398969 -0.00891761 -0.0129048
11.78 0 -0.00460906 -0.00996039 -0.0141327
11.8 0 -0.00513954 -0.0107693 -0.0149746
11.82 0 -0.00556484 -0.0114091 -0.0155689
11.84 0 -0.00585493 -0.0118796 -0.0160203
11.86 0 -0.00597912 -0.012138 -0.0163704
11.88 0 -0.00589906 -0.0121269 -0.0165629
11.9 0 -0.0055795 -0.0117743 -0.01644
11.92 0 -0.00503527 -0.0110143 -0.0158062
11.94 0 -0.00432778 -0.00981547 -0.0144905
11.96 0 -0.00349695 -0.00817347 -0.0123683
11.98 0 -0.00254094 -0.00609647 -0.00939671
12 0 -0.00144721 -0.00359574 -0.00564678
12.02 0 -0.000214218 -0.00070889 -0.00129799
12.04 0 0.00114405 0.00245644 0.00339499
12.06 0 0.00259135 0.00572577 0.00814815
12.08 0 0.0040545 0.00889793 0.0126786
12.1 0 0.00542892 0.0117761 0.0167215
12.12 0 0.00660676 0.0141872 0.0200541
12.14 0 0.0075048 0.0159959 0.022517
12.16 0 0.00808724 0.0171234 0.0240266
12.18 0 0.00837452 0.0175813 0.0245889
12.2 0 0.00842003 0.0174776 0.0243022
12.22 0 0.00826612 0.0169448 0.0233228
12.24 0 0.00792003 0.0160523 0.0218143
12.26 0 0.00736243 0.0147985 0.0199103
12.28 0 0.00657359 0.013173 0.0176922
12.3 0 0.00556318 0.0112065 0.0151841
12.32 0 0.00439202 0.00897691 0.0123798
12.34 0 0.0031631 0.006587 0.00928224
12.36 0 0.00197747 0.00414051 0.00593336
12.38 0 0.000894937 0.00172792 0.00242845
12.4 0 -7.91936e-05 -0.000583345 -0.0010872
12.42 0 -0.000979073 -0.0027478 -0.00443397
12.44 0 -0.00183624 -0.00472754 -0.00742261
12.46 0 -0.00264772 -0.00647231 -0.0098916
12.48 0 -0.00338353 -0.00791837 -0.0117524
12.5 0 -0.00401021 -0.00901597 -0.0130138
12.52 0 -0.00449491 -0.00975295 -0.0137568
12.54 0 -0.00480306 -0.0101561 -0.0140904
12.56 0 -0.00491304 -0.0102694 -0.0141183
12.58 0 -0.00483691 -0.0101294 -0.0139199
12.6 0 -0.00461702 -0.00976513 -0.0135327
12.62 0 -0.00428168 -0.00919099 -0.012926
12.64 0 -0.00382672 -0.00839309 -0.0120077
12.66 0 -0.0032573 -0.00734439 -0.0106887
12.68 0 -0.00261048 -0.00603614 -0.00893266
12.7 0 -0.00192753 -0.00450679 -0.00676749
12.72 0 -0.00123039 -0.00284349 -0.00428638
12.74 0 -0.000529339 -0.00114072 -0.00164309
12.76 0 0.000151353 0.00051967 0.000958335
12.78 0 0.000767536 0.00203817 0.00328891
12.8 0 0.00128203 0.00328913 0.00514739
12.82 0 0.00166959 0.0041581 0.00639481
12.84 0 0.00189826 0.00458431 0.00695838
12.86 0 0.00193755 0.00456768 0.00683475
12.88 0 0.00177572 0.0041298 0.00607979
12.9 0 0.00141765 0.00328509 0.00477837
12.92 0 0.000884081 0.00207122 0.00302857
12.94 0 0.000226936 0.000595782 0.000953275
12.96 0 -0.00046903 -0.000975245 -0.00129174
12.98 0 -0.00112106 -0.00248658 -0.00353771
13 0 -0.00168456 -0.00384291 -0.00562774
13.02 0 -0.00216329 -0.00500883 -0.00743591
13.04 0 -0.0025906 -0.00598519 -0.00888241
13.06 0 -0.00297088 -0.00675819 -0.00991415
13.08 0 -0.00323535 -0.00724798 -0.0104695
13.1 0 -0.0032677 -0.00730812 -0.0104673
13.12 0 -0.00296384 -0.00677591 -0.00980696
13.14 0 -0.00228691 -0.00555375 -0.00838226
13.16 0 -0.00129622 -0.00367584 -0.00612104
13.18 0 -0.000147023 -0.00132582 -0.00305415
13.2 0 0.000964843 0.00121862 0.000636249
13.22 0 0.00192449 0.00371869 0.00465797
13.24 0 0.00274835 0.00605504 0.00866577
13.26 0 0.00351504 0.00818564 0.0122933
13.28 0 0.00429214 0.0100726 0.0152212
13.3 0 0.0050888 0.0116403 0.0172525
13.32 0 0.00583479 0.0127883 0.0183491
13.34 0 0.00640902 0.013441 0.0186232
13.36 0 0.00668416 0.013564 0.0182695
13.38 0 0.00656232 0.013141 0.0174626
13.4 0 0.00601825 0.0121676 0.016286
13.42 0 0.00512505 0.0106809 0.0147198
13.44 0 0.00401762 0.00877694 0.0126653
13.46 0 0.00283524 0.00658372 0.0100128
13.48 0 0.00170194 0.004223 0.00674266
13.5 0 0.000704341 0.00179912 0.00298778
13.52 0 -0.000154387 -0.000589051 -0.000981169
13.54 0 -0.000944749 -0.00284607 -0.00481429
13.56 0 -0.00173705 -0.00489377 -0.00815604
13.58 0 -0.00255237 -0.00667777 -0.0107396
13.6 0 -0.00336688 -0.00815456 -0.0124697
13.62 0 -0.00412376 -0.0092763 -0.013431
13.64 0 -0.00473107 -0.00999967 -0.0138148
13.66 0 -0.00507246 -0.0103065 -0.01382
13.68 0 -0.00505302 -0.0101945 -0.0135758
13.7 0 -0.00467163 -0.00966748 -0.0131167
13.72 0 -0.0040479 -0.00877372 -0.012402
13.74 0 -0.00334516 -0.00763083 -0.0113399
13.76 0 -0.0026855 -0.00637853 -0.00983768
13.78 0 -0.00213626 -0.0051063 -0.00788759
13.8 0 -0.00169845 -0.00382226 -0.00560201
13.82 0 -0.00128071 -0.00247565 -0.00316082
13.84 0 -0.000739771 -0.00100869 -0.000739845
13.86 0 1.31481e-05 0.000599058 0.00152981
13.88 0 0.000943314 0.00230701 0.00358504
13.9 0 0.00191565 0.00400314 0.00543596
13.92 0 0.00276755 0.00552585 0.00713419
13.94 0 0.00336505 0.00671872 0.00870063
13.96 0 0.00362796 0.00747805 0.0100563
13.98 0 0.00356073 0.00777465 0.0110283
14 0 0.00326287 0.00763505 0.0114132
14.02 0 0.00286865 0.00709976 0.0110355
14.04 0 0.00246782 0.00621454 0.00980663
14.06 0 0.00207269 0.00503591 0.00778105
14.08 0 0.00163665 0.00361228 0.00516318
14.1 0 0.00109029 0.00196979 0.00224971
14.12 0 0.000363553 0.000124816 -0.000677305
14.14 0 -0.000586388 -0.00189092 -0.00344359
14.16 0 -0.00171626 -0.00399739 -0.00599166
14.18 0 -0.00286534 -0.00604179 -0.00832159
14.2 0 -0.00382606 -0.00782166 -0.0104355
14.22 0 -0.00445192 -0.00915575 -0.0122981
14.24 0 -0.00470455 -0.00996025 -0.0138099
14.26 0 -0.00465475 -0.010275 -0.0148248
14.28 0 -0.00445805 -0.0102208 -0.0152121
14.3 0 -0.00427823 -0.00992638 -0.0149153
14.32 0 -0.00418169 -0.00946466 -0.0139692
14.34 0 -0.00409767 -0.00882503 -0.0124903
14.36 0 -0.00388131 -0.00793441 -0.0106549
14.38 0 -0.0034085 -0.00671599 -0.00864737
14.4 0 -0.00264099 -0.00515991 -0.00659656
14.42 0 -0.00165402 -0.0033637 -0.00454645
14.44 0 -0.000612694 -0.00150642 -0.0024769
14.46 0 0.000310871 0.000237108 -0.000345593
14.48 0 0.00102641 0.00178274 0.00187044
14.5 0 0.00155265 0.00315061 0.00413561
14.52 0 0.00197575 0.00440128 0.00633549
14.54 0 0.0023851 0.00556319 0.00830082
14.56 0 0.00282364 0.00660528 0.00986468
14.58 0 0.003266 0.0074519 0.0109149
14.6 0 0.00363826 0.00801793 0.0114228
14.62 0 0.00385888 0.00824036 0.0114374
14.64 0 0.00386744 0.00809543 0.0110476
14.66 0 0.00364629 0.00760343 0.0103416
14.68 0 0.00322328 0.00681197 0.0093721
14.7 0 0.00265232 0.00577014 0.00813818
14.72 0 0.00199194 0.00451849 0.00659974
14.74 0 0.00128266 0.00308587 0.00471048
14.76 0 0.000547185 0.00149705 0.00246318
14.78 0 -0.000187949 -0.000201853 -6.72495e-05
14.8 0 -0.000876496 -0.00190962 -0.00270452
14.82 0 -0.00146815 -0.00347463 -0.00519997
14.84 0 -0.00195904 -0.00477849 -0.00732272
14.86 0 -0.00238322 -0.005789 -0.00891629
14.88 0 -0.00274894 -0.00651388 -0.00989465
14.9 0 -0.00303344 -0.00694965 -0.0102567
14.92 0 -0.00321965 -0.00709016 -0.0101052
14.94 0 -0.00329369 -0.00695767 -0.00960764
14.96 0 -0.00321627 -0.00659392 -0.00891237
14.98 0 -0.00294888 -0.00602756 -0.00810407
15 0 -0.00251264 -0.00527111 -0.00721134
15.02 0 -0.00197958 -0.00434724 -0.00621106
15.04 0 -0.00140111 -0.00328915 -0.00501934
15.06 0 -0.0007805 -0.00210274 -0.00352006
15.08 0 -0.000121852 -0.000761186 -0.00164514
15.1 0 0.000550088 0.000751511 0.00057969
15.12 0 0.00122982 0.00240235 0.00305915
15.14 0 0.00193166 0.00410799 0.00565149
15.16 0 0.00263799 0.00576139 0.00816861
15.18 0 0.00328198 0.00724823 0.0103957
15.2 0 0.00379983 0.00845082 0.0121464
15.22 0 0.00417272 0.0092735 0.0133085
15.24 0 0.00440206 0.00968216 0.0138445
15.26 0 0.00447953 0.0097082 0.0137764
15.28 0 0.0043975 0.00940426 0.0131781
15.3 0 0.00416543 0.00880461 0.0121607
15.32 0 0.00379627 0.00793073 0.0108364
15.34 0 0.00329359 0.00682253 0.00928909
15.36 0 0.00266751 0.00553882 0.00756958
15.38 0 0.00195205 0.00412429 0.00570069
15.4 0 0.00120106 0.00261032 0.00369354
15.42 0 0.000471997 0.00105618 0.00157748
15.44 0 -0.000187012 -0.000440015 -0.00057514
15.46 0 -0.000747529 -0.00178683 -0.00264966
15.48 0 -0.0012052 -0.00293884 -0.004509
15.5 0 -0.00157378 -0.00388138 -0.00601971
15.52 0 -0.00187974 -0.0046038 -0.00708877
15.54 0 -0.00215342 -0.00510814 -0.00769933
15.56 0 -0.00239917 -0.00541703 -0.00790701
15.58 0 -0.0025756 -0.00554807 -0.00780352
15.6 0 -0.00262644 -0.00549306 -0.00748898
15.62 0 -0.00252055 -0.00522984 -0.00704599
15.64 0 -0.0022604 -0.00475494 -0.0065084
15.66 0 -0.00187971 -0.00410685 -0.00585597
15.68 0 -0.00143897 -0.00334921 -0.00504003
15.7 0 -0.00100396 -0.00253076 -0.00401624
15.72 0 -0.000612824 -0.00166866 -0.00277028
15.74 0 -0.000259732 -0.000764741 -0.00133411
15.76 0 8.6034e-05 0.000170809 0.000207192
15.78 0 0.000439503 0.00110089 0.00171909
15.8 0 0.000775118 0.00194805 0.0030372
15.82 0 0.00104413 0.00260575 0.00400882
15.84 0 0.00120853 0.00298087 0.00453493
15.86 0 0.00125145 0.00303412 0.00458276
15.88 0 0.00117877 0.00279526 0.00418505
15.9 0 0.00102205 0.00234494 0.00343602
15.92 0 0.000818343 0.00176878 0.00246401
15.94 0 0.000583556 0.00112462 0.00139454
15.96 0 0.000318066 0.000451652 0.000335659
15.98 0 2.85188e-05 -0.00020942 -0.000625601
16 0 -0.000276974 -0.000829678 -0.00144673
16.02 0 -0.000596004 -0.00140939 -0.00214321
16.04 0 -0.0009207 -0.0019669 -0.00276917
16.06 0 -0.00124331 -0.00252852 -0.00340079
16.08 0 -0.00156657 -0.00312431 -0.00412029
16.1 0 -0.00189151 -0.00377377 -0.00498279
16.12 0 -0.00220803 -0.00447391 -0.00599229
16.14 0 -0.00248961 -0.00518091 -0.00708603
16.16 0 -0.00269656 -0.00580333 -0.00813429
16.18 0 -0.00281727 -0.00625868 -0.00899414
16.2 0 -0.00288026 -0.00652516 -0.00955792
16.22 0 -0.00290827 -0.0066167 -0.00975371
16.24 0 -0.0028936 -0.00653328 -0.0095488
16.26 0 -0.00281125 -0.00624556 -0.00896187
16.28 0 -0.00262288 -0.00571159 -0.00804398
16.3 0 -0.00228529 -0.00490919 -0.0068482
16.32 0 -0.00179131 -0.00386611 -0.00542823
16.34 0 -0.00118436 -0.00264786 -0.0038337
16.36 0 -0.000527222 -0.00132379 -0.0020964
16.38 0 0.000134469 5.36233e-05 -0.000231009
16.4 0 0.000776737 0.00144623 0.00173908
16.42 0 0.00135685 0.00278632 0.00372475
16.44 0 0.00180173 0.00394536 0.00554773
16.46 0 0.00206916 0.00478713 0.00700195
16.48 0 0.00220864 0.00527692 0.00795294
16.5 0 0.00234164 0.00553497 0.00839815
16.52 0 0.00254981 0.00572822 0.00843132
16.54 0 0.00279119 0.00589766 0.00816901
16.56 0 0.00293343 0.00591766 0.00771302
16.58 0 0.0028357 0.00560983 0.00712074
16.6 0 0.00243301 0.00489998 0.00639087
16.62 0 0.00178165 0.00386529 0.00546944
16.64 0 0.00103457 0.00265589 0.0042761
16.66 0 0.000381295 0.00142856 0.00277524
16.68 0 -4.43601e-05 0.000320763 0.00103117
16.7 0 -0.000244919 -0.000588427 -0.000799535
16.72 0 -0.000330548 -0.00129932 -0.00249177
16.74 0 -0.000422498 -0.0018622 -0.00379666
16.76 0 -0.000601528 -0.00232651 -0.00453873
16.78 0 -0.000888681 -0.00269638 -0.00469396
16.8 0 -0.00121459 -0.00291508 -0.00437403
16.82 0 -0.00142268 -0.0028874 -0.00374563
16.84 0 -0.00136057 -0.00253464 -0.00296482
16.86 0 -0.000996924 -0.00185963 -0.00214891
16.88 0 -0.00042995 -0.000958985 -0.00133814
16.9 0 0.00020129 3.3234e-05 -0.000468709
16.92 0 0.000772354 0.0010029 0.000566196
16.94 0 0.00118078 0.00187156 0.00180495
16.96 0 0.00137701 0.00258759 0.00316359
16.98 0 0.00140347 0.00312223 0.00446415
17 0 0.00138041 0.00348911 0.00550587
17.02 0 0.00144831 0.00377337 0.00615594
17.04 0 0.0017037 0.00410643 0.00642054
17.06 0 0.00214205 0.00456523 0.0064408
17.08 0 0.00264388 0.00509631 0.0064228
17.1 0 0.0030235 0.00554565 0.00654111
17.12 0 0.00310926 0.00574873 0.00684524
17.14 0 0.00281854 0.0055942 0.00720782
17.16 0 0.00220238 0.0050374 0.00734944
17.18 0 0.00142595 0.00409834 0.00693456
17.2 0 0.000667977 0.00284416 0.00568442
17.22 0 2.07216e-05 0.00134698 0.00347734
17.24 0 -0.000521994 -0.000343113 0.0004269
17.26 0 -0.00103129 -0.00219221 -0.00312621
17.28 0 -0.00162645 -0.00417108 -0.00674344
17.3 0 -0.00242314 -0.00623318 -0.0100384
17.32 0 -0.00343454 -0.00828143 -0.0127561
17.34 0 -0.00453529 -0.0101553 -0.0147942
17.36 0 -0.00550768 -0.0116446 -0.0161691
17.38 0 -0.00611717 -0.0125394 -0.0169417
17.4 0 -0.006215 -0.0127165 -0.0171622
17.42 0 -0.00582836 -0.012207 -0.0168582
17.44 0 -0.00514568 -0.0111863 -0.0160297
17.46 0 -0.00439271 -0.0098824 -0.0146505
17.48 0 -0.00372252 -0.00847546 -0.0127165
17.5 0 -0.00318976 -0.00705444 -0.0103228
17.52 0 -0.00276338 -0.00563965 -0.00768857
17.54 0 -0.00234788 -0.00423103 -0.00509854
17.56 0 -0.00183158 -0.00283529 -0.00280693
17.58 0 -0.00114416 -0.00145132 -0.000947022
17.6 0 -0.000291454 -5.892e-05 0.000515945
17.62 0 0.000641593 0.00134588 0.00175637
17.64 0 0.00153406 0.00272758 0.00301442
17.66 0 0.00228163 0.00403627 0.00449918
17.68 0 0.00281403 0.00522957 0.00628162
17.7 0 0.00310244 0.00625981 0.0082369
17.72 0 0.003181 0.00706029 0.0100814
17.74 0 0.00314989 0.0075729 0.0114813
17.76 0 0.00313032 0.00779838 0.0121759
17.78 0 0.00321772 0.00782432 0.0120902
17.8 0 0.00344768 0.00777701 0.0113812
17.82 0 0.00374656 0.00770167 0.0103497
17.84 0 0.00393113 0.00750789 0.00929181
17.86 0 0.00379349 0.00703861 0.00838145
17.88 0 0.00322879 0.00618878 0.00762124
17.9 0 0.00233819 0.00500137 0.00688257
17.92 0 0.0013899 0.00366648 0.00597778
17.94 0 0.000652343 0.00241866 0.00473659
17.96 0 0.000266862 0.00141778 0.00310956
17.98 0 0.000217279 0.000689754 0.00123999
18 0 0.000354336 0.000159568 -0.000565931
18.02 0 0.000467205 -0.00026086 -0.00195418
18.04 0 0.000386486 -0.000618184 -0.00266462
18.06 0 5.91023e-05 -0.000932462 -0.0026485
18.08 0 -0.000438763 -0.0012178 -0.00210198
18.1 0 -0.000926419 -0.0014443 -0.00136873
18.12 0 -0.00119103 -0.0015147 -0.000778866
18.14 0 -0.00110067 -0.00133628 -0.000526838
18.16 0 -0.000671462 -0.000910165 -0.000607194
18.18 0 -5.31174e-05 -0.000339798 -0.000823521
18.2 0 0.000528749 0.000227751 -0.000894416
18.22 0 0.000859921 0.000667453 -0.000603439
18.24 0 0.000844424 0.0009195 0.000100021
18.26 0 0.000559394 0.00100286 0.00108083
18.28 0 0.000216324 0.00101591 0.00208149
18.3 0 5.54412e-05 0.00111224 0.00284469
18.32 0 0.000221527 0.00141502 0.00322467
18.34 0 0.000690755 0.00192144 0.00324178
18.36 0 0.0012857 0.00249054 0.00306343
18.38 0 0.00176166 0.00292991 0.00291716
18.4 0 0.00192599 0.00311032 0.00297992
18.42 0 0.00173026 0.0030177 0.00329124
18.44 0 0.00128242 0.00272282 0.00372323
18.46 0 0.000783036 0.00232888 0.00403234
18.48 0 0.000424973 0.00193391 0.00397233
18.5 0 0.000306907 0.00159843 0.00341067
18.52 0 0.000397917 0.00131673 0.00239139
18.54 0 0.000557286 0.00101325 0.00111203
18.56 0 0.000599258 0.000582277 -0.000169313
18.58 0 0.000369928 -6.14635e-05 -0.00125873
18.6 0 -0.000183619 -0.000947968 -0.00211554
18.62 0 -0.000973162 -0.00203042 -0.00285241
18.64 0 -0.00180594 -0.0031945 -0.00366916
18.66 0 -0.00247855 -0.00429797 -0.00475012
18.68 0 -0.00286781 -0.00522848 -0.00616404
18.7 0 -0.00298395 -0.00595943 -0.007822
18.72 0 -0.00295416 -0.00654818 -0.00950021
18.74 0 -0.00295167 -0.0070779 -0.0109198
18.76 0 -0.00311427 -0.00760277 -0.0118616
18.78 0 -0.00347184 -0.00811519 -0.0122457
18.8 0 -0.00391903 -0.00853275 -0.0121362
18.82 0 -0.00426435 -0.00872168 -0.0116883
18.84 0 -0.00432346 -0.00855451 -0.0110671
18.86 0 -0.00399772 -0.00796172 -0.0103598
18.88 0 -0.00330701 -0.0069493 -0.00952136
18.9 0 -0.0023744 -0.00557873 -0.0083844
18.92 0 -0.00136913 -0.00393355 -0.00673113
18.94 0 -0.00044084 -0.00211049 -0.00441354
18.96 0 0.000323657 -0.000216021 -0.00146089
18.98 0 0.000927847 0.00166443 0.00190103
19 0 0.00145729 0.00348543 0.00531309
19.02 0 0.00203247 0.00522972 0.00839567
19.04 0 0.00275256 0.0068919 0.0108781
19.06 0 0.00363928 0.0084552 0.0126757
19.08 0 0.00460163 0.00985713 0.0138718
19.1 0 0.00542991 0.0109526 0.0146096
19.12 0 0.0058483 0.0115164 0.0149649
19.14 0 0.00566056 0.0113341 0.0148985
19.16 0 0.00488781 0.0103372 0.0142853
19.18 0 0.00375226 0.00865961 0.0129537
19.2 0 0.00254504 0.00657403 0.0107531
19.22 0 0.0015237 0.00437588 0.00768351
19.24 0 0.000829737 0.00228128 0.00398226
19.26 0 0.000396759 0.000362024 6.26877e-05
19.28 0 -2.48692e-05 -0.00144699 -0.00362403
19.3 0 -0.000691628 -0.00325961 -0.00670836
19.32 0 -0.00168943 -0.00511773 -0.00899018
19.34 0 -0.00288606 -0.0069119 -0.0104835
19.36 0 -0.00399372 -0.00838614 -0.0113613
19.38 0 -0.00467164 -0.00922901 -0.0118025
19.4 0 -0.00467643 -0.00924095 -0.0118842
19.42 0 -0.00405076 -0.00849278 -0.0116142
19.44 0 -0.00312437 -0.00728902 -0.0109603
19.46 0 -0.00224826 -0.00593722 -0.00980132
19.48 0 -0.00160546 -0.00460478 -0.00800633
19.5 0 -0.00123334 -0.00335022 -0.00562858
19.52 0 -0.00106883 -0.00218491 -0.00296721
19.54 0 -0.000961781 -0.00110849 -0.000452402
19.56 0 -0.000730713 -0.000117859 0.00152631
19.58 0 -0.000272151 0.000792258 0.00274696
19.6 0 0.000369696 0.00160849 0.00321112
19.62 0 0.00105121 0.00229023 0.00314762
19.64 0 0.00161386 0.00278737 0.00292476
19.66 0 0.00192826 0.00307345 0.0028823
19.68 0 0.0019475 0.00319031 0.00320927
19.7 0 0.00173876 0.0032307 0.00389595
19.72 0 0.00144868 0.00326953 0.00474996
19.74 0 0.00125044 0.0033564 0.00550733
19.76 0 0.00128265 0.00354854 0.00597535
19.78 0 0.00156509 0.00387158 0.00609375
19.8 0 0.00196 0.00423228 0.00590807
19.82 0 0.00224143 0.00441802 0.00551665
19.84 0 0.00221064 0.00421067 0.00500279
19.86 0 0.00177403 0.00350536 0.00435967
19.88 0 0.000982069 0.00234584 0.00347127
19.9 0 2.63643e-05 0.00088486 0.00218006
19.92 0 -0.000855049 -0.000695406 0.000372891
19.94 0 -0.0015191 -0.00226034 -0.00196287
19.96 0 -0.00197089 -0.00374854 -0.0046929
19.98 0 -0.00230075 -0.00513911 -0.00751661
20 0 -0.00260086 -0.00639618 -0.0100278
20.02 0 -0.00292943 -0.0074412 -0.0118501
20.04 0 -0.0033039 -0.00818249 -0.0127722
20.06 0 -0.0036843 -0.00856024 -0.0127969
20.08 0 -0.00394961 -0.00853458 -0.0120775
20.1 0 -0.00392659 -0.00804289 -0.0108122
20.12 0 -0.00349626 -0.00702135 -0.0091795
20.14 0 -0.00268055 -0.00548876 -0.00730338
20.16 0 -0.0016287 -0.00359859 -0.00522908
20.18 0 -0.000536365 -0.00158796 -0.00293599
20.2 0 0.000444204 0.000356461 -0.000387761
20.22 0 0.00127013 0.00220864 0.0024239
20.24 0 0.00200686 0.00406619 0.00544492
20.26 0 0.00274259 0.00598518 0.00852046
20.28 0 0.00350557 0.00787629 0.011406
20.3 0 0.0042523 0.00955496 0.0138399
20.32 0 0.00491259 0.0108697 0.0156353
20.34 0 0.00544069 0.0117829 0.0167416
20.36 0 0.00580699 0.0123161 0.0172142
20.38 0 0.00596006 0.0124503 0.0171313
20.4 0 0.00583557 0.0121199 0.0165459
20.42 0 0.00539494 0.0112736 0.0154709
20.44 0 0.0046453 0.00991075 0.0138693
20.46 0 0.00363637 0.00806986 0.0116661
20.48 0 0.00246496 0.00582248 0.00880747
20.5 0 0.00126825 0.00329508 0.00533771
20.52 0 0.000157864 0.00066181 0.00141974
20.54 0 -0.000831687 -0.00190253 -0.00268001
20.56 0 -0.00171766 -0.00426952 -0.00661795
20.58 0 -0.00254718 -0.00638793 -0.0100606
20.6 0 -0.00340803 -0.00828853 -0.0128176
20.62 0 -0.00437697 -0.0100256 -0.0148865
20.64 0 -0.00542077 -0.0115979 -0.0163871
20.66 0 -0.00638655 -0.0129419 -0.0174922
20.68 0 -0.00709234 -0.0139636 -0.0183733
20.7 0 -0.00741501 -0.0145693 -0.0191288
20.72 0 -0.00732538 -0.014705 -0.0197263
20.74 0 -0.00688246 -0.0143661 -0.0199898
20.76 0 -0.00620579 -0.0135725 -0.019651
20.78 0 -0.00544732 -0.0123732 -0.0184731
20.8 0 -0.00474646 -0.0108663 -0.0163791
20.82 0 -0.00415837 -0.00916888 -0.0134934
20.84 0 -0.00361558 -0.00734591 -0.0100971
20.86 0 -0.00296089 -0.00536763 -0.00652675
20.88 0 -0.00203648 -0.00315651 -0.00306695
20.9 0 -0.000790855 -0.000697433 0.000119024
20.92 0 0.000680521 0.00190216 0.00301828
20.94 0 0.00219076 0.00446133 0.00574966
20.96 0 0.00354605 0.00682615 0.00848107
20.98 0 0.00461679 0.00892405 0.0113162
21 0 0.00536298 0.0107322 0.0142037
21.02 0 0.00581934 0.0122226 0.0169244
21.04 0 0.00607753 0.0133497 0.0191686
21.06 0 0.0062427 0.0140731 0.0206386
21.08 0 0.00637153 0.0143743 0.0211352
21.1 0 0.00643339 0.0142298 0.0205994
21.12 0 0.0063215 0.0135753 0.0191098
21.14 0 0.00592002 0.0123389 0.0168533
21.16 0 0.00517485 0.0105266 0.0140712
21.18 0 0.00411124 0.00825883 0.0109799
21.2 0 0.00280722 0.00570423 0.00770331
21.22 0 0.00138125 0.0029957 0.00427214
21.24 0 -2.46839e-05 0.000227807 0.00068242
21.26 0 -0.00130728 -0.00249842 -0.00304744
21.28 0 -0.00243102 -0.00506973 -0.00683027
21.3 0 -0.00339334 -0.00739466 -0.0104809
21.32 0 -0.00420884 -0.00942311 -0.013748
21.34 0 -0.00491861 -0.0111285 -0.0163968
21.36 0 -0.00555303 -0.0124675 -0.0182635
21.38 0 -0.00607532 -0.0133588 -0.0192635
21.4 0 -0.00638914 -0.0137118 -0.0193957
21.42 0 -0.00640942 -0.0134849 -0.0187536
21.44 0 -0.00613263 -0.0127326 -0.017517
21.46 0 -0.00561729 -0.0115779 -0.0158771
21.48 0 -0.00490037 -0.0101168 -0.0139319
21.5 0 -0.00399327 -0.00837667 -0.0116788
21.52 0 -0.00294712 -0.00637373 -0.00909806
21.54 0 -0.00186248 -0.00418057 -0.00621142
21.56 0 -0.000812386 -0.00190511 -0.00306536
21.58 0 0.000221457 0.000400972 0.000301445
21.6 0 0.00130103 0.00277562 0.00383539
21.62 0 0.00245713 0.00527485 0.00744302
21.64 0 0.00367982 0.00787236 0.0110119
21.66 0 0.00491302 0.01041 0.0144101
21.68 0 0.00603366 0.0126543 0.0174609
21.7 0 0.00688967 0.0144119 0.0199631
21.72 0 0.00738483 0.0155708 0.0217363
21.74 0 0.00751582 0.0160674 0.0226418
21.76 0 0.00733847 0.0158773 0.0225866
21.78 0 0.00691778 0.0150376 0.0215331
21.8 0 0.00629999 0.0136391 0.0195183
21.82 0 0.00550719 0.0117731 0.0166606
21.84 0 0.00453989 0.00949155 0.0131415
21.86 0 0.00338411 0.00683295 0.00916933
21.88 0 0.00203305 0.00386989 0.00494297
21.9 0 0.000525229 0.000720324 0.000629399
21.92 0 -0.00103908 -0.00246669 -0.00363705
21.94 0 -0.00253577 -0.0055288 -0.0077458
21.96 0 -0.00386014 -0.00830721 -0.0115849
21.98 0 -0.00494183 -0.010663 -0.0150063
22 0 -0.00574456 -0.0124987 -0.0178216
22.02 0 -0.00625989 -0.0137604 -0.0198353
22.04 0 -0.00651441 -0.0144265 -0.0209057
22.06 0 -0.00657061 -0.014519 -0.0210022
22.08 0 -0.00647787 -0.0141033 -0.0202038
22.1 0 -0.00621558 -0.0132382 -0.0186446
22.12 0 -0.00571459 -0.0119341 -0.0164756
22.14 0 -0.00492953 -0.0101764 -0.0138489
22.16 0 -0.00387665 -0.00799487 -0.0108932
22.18 0 -0.00262528 -0.00550342 -0.00769225
22.2 0 -0.00127789 -0.00285428 -0.00428448
22.22 0 5.7879e-05 -0.000163513 -0.000688316
22.24 0 0.00131208 0.0025068 0.00306151
22.26 0 0.00247101 0.00511666 0.00688286
22.28 0 0.00354333 0.0076051 0.0106203
22.3 0 0.0045138 0.00986188 0.0140385
22.32 0 0.00534464 0.0117533 0.016876
22.34 0 0.00600324 0.0131752 0.018929
22.36 0 0.00646699 0.0140678 0.020093
22.38 0 0.00670929 0.0144018 0.0203589
22.4 0 0.006692 0.014166 0.0197885
22.42 0 0.00639062 0.0133767 0.0184948
22.44 0 0.00583371 0.0121072 0.0166331
22.46 0 0.00509004 0.0104851 0.0143666
22.48 0 0.00421651 0.00863552 0.0118163
22.5 0 0.00322937 0.00661376 0.00903431
22.52 0 0.00211241 0.00438343 0.00600713
22.54 0 0.000866042 0.00189281 0.00270021
22.56 0 -0.00046135 -0.000822409 -0.000888265
22.58 0 -0.00180295 -0.00363802 -0.00471314
22.6 0 -0.00309732 -0.0064206 -0.00867518
22.62 0 -0.00429189 -0.00907125 -0.0126057
22.64 0 -0.00535476 -0.0115034 -0.0162769
22.66 0 -0.0062754 -0.0136168 -0.0194452
22.68 0 -0.00704312 -0.015302 -0.0218979
22.7 0 -0.00762242 -0.0164575 -0.0234778
22.72 0 -0.00794772 -0.0169988 -0.0240931
22.74 0 -0.0079421 -0.0168567 -0.023718
22.76 0 -0.00755608 -0.0159867 -0.0223875
22.78 0 -0.00679909 -0.0143986 -0.0201816
22.8 0 -0.00573153 -0.0121824 -0.0172001
22.82 0 -0.00443526 -0.00948772 -0.0135487
22.84 0 -0.00299856 -0.00647152 -0.00935195
22.86 0 -0.00151814 -0.00327454 -0.00478207
22.88 0 -8.12055e-05 -3.51511e-05 -6.09902e-05
22.9 0 0.00127341 0.00310246 0.00457133
22.92 0 0.00255953 0.00602328 0.00889453
22.94 0 0.00380558 0.00868578 0.0127397
22.96 0 0.00502364 0.0110985 0.0160094
22.98 0 0.00619606 0.0132511 0.0186815
23 0 0.00725888 0.0150795 0.0207876
23.02 0 0.00811334 0.0164869 0.0223722
23.04 0 0.00866797 0.0173938 0.0234583
23.06 0 0.0088607 0.0177673 0.024028
23.08 0 0.00866531 0.0175873 0.0240103
23.1 0 0.0081083 0.0168103 0.0232908
23.12 0 0.00726664 0.0154091 0.0217495
23.14 0 0.00623203 0.0134336 0.0193047
23.16 0 0.0050842 0.0110055 0.0159616
23.18 0 0.00388113 0.00825999 0.0118523
23.2 0 0.0026361 0.00528666 0.00721833
23.22 0 0.00130599 0.00212407 0.00234188
23.24 0 -0.000168047 -0.00119355 -0.00252094
23.26 0 -0.00179917 -0.00459286 -0.00718173
23.28 0 -0.00352217 -0.00795368 -0.0115325
23.3 0 -0.0052169 -0.011129 -0.0155298
23.32 0 -0.00675223 -0.0139747 -0.0191524
23.34 0 -0.00801305 -0.0163753 -0.0223519
23.36 0 -0.00894129 -0.0182533 -0.0250337
23.38 0 -0.00954743 -0.0195757 -0.0270716
23.4 0 -0.00987069 -0.0203511 -0.0283406
23.42 0 -0.00995004 -0.020595 -0.0287544
23.44 0 -0.00980976 -0.0202974 -0.0282835
23.46 0 -0.00944252 -0.0194289 -0.026946
23.48 0 -0.00880307 -0.0179686 -0.0247892
23.5 0 -0.00783445 -0.0159147 -0.0218744
23.52 0 -0.00651863 -0.0132823 -0.0182721
23.54 0 -0.00491298 -0.0101197 -0.014063
23.56 0 -0.00312545 -0.00653706 -0.00932944
23.58 0 -0.00125347 -0.00269763 -0.00415495
23.6 0 0.000620633 0.0012353 0.00134152
23.62 0 0.00240906 0.00512618 0.00696438
23.64 0 0.00404628 0.0088373 0.0124426
23.66 0 0.00552881 0.0122178 0.0174772
23.68 0 0.00688875 0.0151509 0.0217942
23.7 0 0.0081241 0.01758 0.0251782
23.72 0 0.00920625 0.019476 0.0275163
23.74 0 0.0101164 0.0208116 0.0288332
23.76 0 0.0108073 0.0215731 0.0292616
23.78 0 0.0111676 0.0217526 0.0289645
23.8 0 0.0110677 0.0213226 0.0280776
23.82 0 0.0104565 0.0202402 0.0266846
23.84 0 0.00940636 0.0184987 0.0247933
23.86 0 0.00805234 0.0161897 0.0223205
23.88 0 0.0065199 0.0134745 0.0191373
23.9 0 0.00492743 0.0104725 0.0151704
23.92 0 0.00337526 0.00721034 0.0104689
23.94 0 0.00186785 0.00369737 0.00519248
23.96 0 0.00030938 -3.22988e-06 -0.000421739
23.98 0 -0.00137865 -0.0037983 -0.00608248
24 0 -0.00317646 -0.00759668 -0.0114934
24.02 0 -0.0049974 -0.0112704 -0.01642
24.04 0 -0.00673367 -0.0146132 -0.0207077
24.06 0 -0.00824866 -0.0173879 -0.0242389
24.08 0 -0.009393 -0.0194191 -0.0268927
24.1 0 -0.0100639 -0.0206347 -0.0285567
24.12 0 -0.0102362 -0.0210353 -0.0291654
24.14 0 -0.00997241 -0.0206477 -0.0287232
24.16 0 -0.00940032 -0.0195381 -0.0272979
24.18 0 -0.00863308 -0.0178511 -0.0249977
24.2 0 -0.00771581 -0.0157682 -0.0219606
24.22 0 -0.0066561 -0.0134079 -0.018368
24.24 0 -0.00546423 -0.0107899 -0.0144316
24.26 0 -0.00413652 -0.0079064 -0.0103298
24.28 0 -0.00264231 -0.0048073 -0.00616048
24.3 0 -0.00099236 -0.0015976 -0.00196842
24.32 0 0.000690903 0.0016107 0.00219864
24.34 0 0.00222853 0.00469152 0.00626806
24.36 0 0.00350037 0.00747203 0.0101358
24.38 0 0.00448039 0.0097778 0.0136434
24.4 0 0.00518374 0.0115192 0.0165598
24.42 0 0.00562379 0.0126965 0.0186224
24.44 0 0.00583571 0.0133225 0.0196382
24.46 0 0.0058774 0.013371 0.0195533
24.48 0 0.0057605 0.0128144 0.018438
24.5 0 0.00541671 0.0116754 0.0164418
24.52 0 0.00476688 0.0100158 0.0137665
24.54 0 0.00380817 0.00790293 0.0106388
24.56 0 0.00261753 0.00542427 0.00725583
24.58 0 0.00130458 0.00272986 0.00374625
24.6 0 -1.42702e-05 2.37077e-05 0.000191183
24.62 0 -0.00122057 -0.00250614 -0.00331689
24.64 0 -0.00221436 -0.00473931 -0.00663478
24.66 0 -0.00295758 -0.00660767 -0.00957713
24.68 0 -0.00348867 -0.0080585 -0.0119504
24.7 0 -0.00387414 -0.0090543 -0.0135844
24.72 0 -0.00414457 -0.00959098 -0.0143652
24.74 0 -0.00428265 -0.00968579 -0.0142738
24.76 0 -0.00425508 -0.00934744 -0.0134061
24.78 0 -0.00402824 -0.00857348 -0.0119373
24.8 0 -0.00356385 -0.00737857 -0.0100488
24.82 0 -0.00283813 -0.00581407 -0.00787294
24.84 0 -0.00188673 -0.0039577 -0.0054825
24.86 0 -0.000816752 -0.00190472 -0.00290777
24.88 0 0.000246764 0.000226942 -0.000162507
24.9 0 0.00121801 0.00231225 0.00272151
24.92 0 0.00205636 0.00425451 0.00565176
24.94 0 0.00275497 0.00600415 0.00846366
24.96 0 0.00334466 0.00754384 0.0109638
24.98 0 0.0038812 0.00885557 0.0129855
25 0 0.00439806 0.00990656 0.0144212
25.02 0 0.00486723 0.0106603 0.0152349
25.04 0 0.00520822 0.0110776 0.015462
25.06 0 0.00533268 0.0111092 0.0151869
25.08 0 0.00518518 0.0107126 0.0145034
25.1 0 0.00475853 0.00988656 0.0134692
25.12 0 0.00408986 0.00867995 0.0120823
25.14 0 0.00325139 0.00716648 0.0102966
25.16 0 0.00233735 0.00541553 0.00806825
25.18 0 0.00143572 0.0034936 0.00540408
25.2 0 0.000591072 0.00148244 0.00239112
25.22 0 -0.000202763 -0.000531151 -0.000800341
25.24 0 -0.000980333 -0.00249125 -0.00395027
25.26 0 -0.00177939 -0.00437932 -0.00684868
25.28 0 -0.00261642 -0.00617211 -0.00934733
25.3 0 -0.00346789 -0.0078077 -0.0113836
25.32 0 -0.00426753 -0.0091983 -0.0129687
25.34 0 -0.00491792 -0.0102652 -0.014148
25.36 0 -0.0053222 -0.0109587 -0.0149608
25.38 0 -0.00543522 -0.0112555 -0.0154229
25.4 0 -0.0052851 -0.0111526 -0.015514
25.42 0 -0.00494043 -0.0106702 -0.0151695
25.44 0 -0.00446772 -0.00985433 -0.0143021
25.46 0 -0.00392167 -0.00876371 -0.0128609
25.48 0 -0.00334882 -0.00745345 -0.0108847
25.5 0 -0.00276784 -0.00596955 -0.00850307
25.52 0 -0.00215269 -0.00435297 -0.00589492
25.54 0 -0.0014575 -0.00264463 -0.00324446
25.56 0 -0.000660976 -0.000887225 -0.000706385
25.58 0 0.000210107 0.000868114 0.00162128
25.6 0 0.00108968 0.00255033 0.00370621
25.62 0 0.00189887 0.0040749 0.00556598
25.64 0 0.00256782 0.00537076 0.00723005
25.66 0 0.00304682 0.00639565 0.00869552
25.68 0 0.00331838 0.00712643 0.00990532
25.7 0 0.00340456 0.00754548 0.0107592
25.72 0 0.00335284 0.00764224 0.0111439
25.74 0 0.00320617 0.00742102 0.0109679
25.76 0 0.00298296 0.00689855 0.0101944
25.78 0 0.00267915 0.00609273 0.00886319
25.8 0 0.00227459 0.00501498 0.00708075
25.82 0 0.00173802 0.00367648 0.00498172
25.84 0 0.00104415 0.0021025 0.00268887
25.86 0 0.000199209 0.000339663 0.000289896
25.88 0 -0.000744604 -0.00154222 -0.00216322
25.9 0 -0.00169975 -0.00344805 -0.00463584
25.92 0 -0.00257448 -0.00526591 -0.00708483
25.94 0 -0.00330558 -0.00689273 -0.00943665
25.96 0 -0.00387579 -0.00826342 -0.0115804
25.98 0 -0.00430803 -0.00936161 -0.0133843
26 0 -0.00464395 -0.0101996 -0.0147293
26.02 0 -0.00492075 -0.0107873 -0.0155456
26.04 0 -0.00515062 -0.0111228 -0.0158333
26.06 0 -0.00530421 -0.0111974 -0.0156531
26.08 0 -0.00531459 -0.0109925 -0.0150922
26.1 0 -0.00511276 -0.010476 -0.0142281
26.12 0 -0.00466787 -0.00961634 -0.0131
26.14 0 -0.00399872 -0.008411 -0.0116918
26.16 0 -0.00316158 -0.00690191 -0.00994249
26.18 0 -0.00223617 -0.00515798 -0.00778556
26.2 0 -0.00130374 -0.00324458 -0.00519522
26.22 0 -0.000412604 -0.00121676 -0.00221809
26.24 0 0.000439417 0.000871964 0.00101771
26.26 0 0.00128811 0.00297291 0.00432281
26.28 0 0.00216997 0.00504833 0.00749192
26.3 0 0.00309112 0.00705254 0.0103498
26.32 0 0.00401232 0.00890001 0.0127759
26.34 0 0.00485915 0.0104719 0.0147085
26.36 0 0.00554293 0.0116674 0.0161357
26.38 0 0.00598915 0.0124431 0.0170766
26.4 0 0.00617134 0.0128055 0.0175643
26.42 0 0.00611841 0.0127835 0.017626
26.44 0 0.00588864 0.0124158 0.0172675
26.46 0 0.00554218 0.0117587 0.0164835
26.48 0 0.00512694 0.010882 0.0152856
26.5 0 0.00467152 0.00984123 0.0137233
26.52 0 0.00417587 0.00865642 0.0118781
26.54 0 0.0036083 0.00732011 0.00983976
26.56 0 0.00292493 0.0058211 0.00768109
26.58 0 0.0021061 0.00415987 0.00544359
26.6 0 0.00118336 0.00236161 0.00313839
26.62 0 0.000229654 0.000491615 0.000762661
26.64 0 -0.000673981 -0.00135139 -0.00167433
26.66 0 -0.0014606 -0.00306591 -0.00411915
26.68 0 -0.00209289 -0.00457902 -0.00646067
26.7 0 -0.00257915 -0.00585654 -0.00855215
26.72 0 -0.00296998 -0.00689423 -0.0102539
26.74 0 -0.00332583 -0.00770702 -0.011474
26.76 0 -0.00367281 -0.00831198 -0.0121868
26.78 0 -0.00398 -0.00870287 -0.0124276
26.8 0 -0.00417432 -0.00884103 -0.0122738
26.82 0 -0.00417738 -0.00867606 -0.0118149
26.84 0 -0.00394467 -0.00818088 -0.011119
26.86 0 -0.00349173 -0.00737777 -0.0102107
26.88 0 -0.00289349 -0.00633882 -0.00907543
26.9 0 -0.00225708 -0.00516305 -0.00768593
26.92 0 -0.00167466 -0.00394378 -0.0060377
26.94 0 -0.00118244 -0.0027413 -0.00417564
26.96 0 -0.000758312 -0.00157466 -0.00220442
26.98 0 -0.000349813 -0.000437763 -0.000271657
27 0 9.37918e-05 0.000672523 0.00147549
27.02 0 0.00059598 0.00173786 0.00293776
27.04 0 0.00113928 0.00272271 0.00409152
27.06 0 0.00166874 0.00358934 0.00498407
27.08 0 0.00211001 0.00430157 0.00569685
27.1 0 0.00239942 0.00482438 0.00629911
27.12 0 0.00250894 0.00513097 0.00681072
27.14 0 0.00245283 0.005214 0.00718698
27.16 0 0.00227885 0.00508912 0.00733407
27.18 0 0.00204756 0.00478337 0.00714764
27.2 0 0.00180663 0.00431891 0.00655772
27.22 0 0.0015703 0.00370488 0.00555967
27.24 0 0.00131662 0.00294278 0.00422157
27.26 0 0.00100322 0.00203662 0.00266458
27.28 0 0.000594879 0.00100344 0.00102731
27.3 0 9.14375e-05 -0.000113214 -0.000566538
27.32 0 -0.000462873 -0.00123658 -0.00202825
27.34 0 -0.000995371 -0.00226969 -0.00330927
27.36 0 -0.00143377 -0.00312513 -0.00439065
27.38 0 -0.00172917 -0.00374908 -0.00526019
27.4 0 -0.0018679 -0.00412516 -0.00589308
27.42 0 -0.00187346 -0.00426547 -0.00625094
27.44 0 -0.00179518 -0.00420178 -0.00629815
27.46 0 -0.00168356 -0.00397787 -0.00602255
27.48 0 -0.0015659 -0.00363675 -0.00544961
27.5 0 -0.0014378 -0.00320434 -0.00464396
27.52 0 -0.00126915 -0.00268031 -0.00369235
27.54 0 -0.00101636 -0.00204287 -0.0026702
27.56 0 -0.000644169 -0.00126834 -0.00161362
27.58 0 -0.000154863 -0.000357809 -0.000517557
27.6 0 0.000405385 0.000654396 0.000651243
27.62 0 0.000972228 0.00171718 0.00193662
27.64 0 0.00149195 0.00278234 0.00336404
27.66 0 0.00193697 0.00381452 0.00491176
27.68 0 0.00230883 0.0047898 0.00650097
27.7 0 0.0026273 0.00568368 0.00800731
27.72 0 0.0029103 0.00645884 0.00928772
27.74 0 0.00315566 0.00706174 0.0102122
27.76 0 0.00333467 0.0074281 0.0106887
27.78 0 0.00340432 0.00749877 0.0106786
27.8 0 0.00332504 0.00723717 0.0101944
27.82 0 0.00307585 0.00664023 0.00928392
27.84 0 0.00266636 0.00574173 0.00801356
27.86 0 0.00213049 0.00460131 0.00644968
27.88 0 0.00151004 0.00328722 0.00464923
27.9 0 0.000847526 0.00186658 0.00266901
27.92 0 0.000183502 0.000403939 0.000580161
27.94 0 -0.000453481 -0.00104136 -0.00153059
27.96 0 -0.00105625 -0.00242382 -0.00357337
27.98 0 -0.00163031 -0.0037147 -0.00546569
28 0 -0.00217563 -0.00489308 -0.00713877
28.02 0 -0.00267895 -0.00593353 -0.0085457
28.04 0 -0.00311569 -0.00680029 -0.0096642
28.06 0 -0.00345185 -0.00744896 -0.0104846
28.08 0 -0.00364817 -0.00783443 -0.0109918
28.1 0 -0.00367156 -0.00792036 -0.011156
28.12 0 -0.00351453 -0.0076879 -0.0109403
28.14 0 -0.00320583 -0.00714469 -0.0103162
28.16 0 -0.00279102 -0.00632383 -0.00927003
28.18 0 -0.00230642 -0.00527331 -0.00781114
28.2 0 -0.00177141 -0.00404194 -0.00598692
28.22 0 -0.00119252 -0.00266823 -0.00388791
28.24 0 -0.000573962 -0.00119184 -0.00164031
28.26 0 7.42201e-05 0.000326161 0.000613321
28.28 0 0.000733885 0.00180623 0.00274153
28.3 0 0.00137398 0.00317009 0.0046415
28.32 0 0.00195395 0.00435801 0.00624717
28.34 0 0.00244086 0.00533463 0.00753353
28.36 0 0.00281718 0.0060818 0.00850582
28.38 0 0.00307542 0.00659296 0.00917975
28.4 0 0.00321385 0.00687343 0.00956831
28.42 0 0.00323691 0.00693629 0.00967785
28.44 0 0.0031576 0.00679588 0.00951171
28.46 0 0.00299649 0.00646902 0.00907764
28.48 0 0.00277343 0.00597965 0.00839284
28.5 0 0.00249864 0.00535455 0.00748429
28.52 0 0.00217425 0.00461472 0.00638934
28.54 0 0.00179797 0.00376993 0.00515026
28.56 0 0.00136563 0.00282461 0.00380475
28.58 0 0.000878578 0.0017917 0.00238241
28.6 0 0.000353245 0.000701214 0.000909262
28.62 0 -0.000175273 -0.000399123 -0.000582239
28.64 0 -0.000667894 -0.00145545 -0.002051
28.66 0 -0.00110046 -0.00242309 -0.00344994
28.68 0 -0.00146567 -0.00327188 -0.00472373
28.7 0 -0.00176649 -0.00398456 -0.00581195
28.72 0 -0.00201325 -0.004555 -0.00666445
28.74 0 -0.00221966 -0.00498639 -0.00725792
28.76 0 -0.00239173 -0.00528609 -0.00760001
28.78 0 -0.00252049 -0.00545977 -0.00772291
28.8 0 -0.00258799 -0.00550941 -0.00767334
28.82 0 -0.00257929 -0.00543602 -0.00749923
28.84 0 -0.00249016 -0.00524487 -0.00723463
28.86 0 -0.00233056 -0.0049507 -0.00689201
28.88 0 -0.00212542 -0.00457968 -0.00646812
28.9 0 -0.00190673 -0.00416277 -0.00595549
28.92 0 -0.00170067 -0.00372639 -0.00535453
28.94 0 -0.0015188 -0.00328833 -0.00468325
28.96 0 -0.00135891 -0.00286084 -0.00398158
28.98 0 -0.00121324 -0.00245728 -0.00330756
29 0 -0.00107077 -0.00208905 -0.00271783
29.02 0 -0.000915776 -0.0017545 -0.00224178
29.04 0 -0.000732848 -0.00143391 -0.00186692
29.06 0 -0.000516088 -0.00109771 -0.0015417
29.08 0 -0.000276665 -0.000725935 -0.0011957
29.1 0 -3.87132e-05 -0.000319482 -0.000764509
29.12 0 0.000173969 0.000106577 -0.000210548
29.14 0 0.000350145 0.000537824 0.000464195
29.16 0 0.000500946 0.000973739 0.00122309
29.18 0 0.000655811 0.00142541 0.00200974
29.2 0 0.000843226 0.0019 0.00276413
29.22 0 0.00107406 0.00239077 0.00344132
29.24 0 0.00133201 0.00287265 0.00401988
29.26 0 0.0015757 0.00330307 0.00449618
29.28 0 0.00175634 0.00363261 0.0048725
29.3 0 0.00183718 0.00381893 0.00514156
29.32 0 0.00180489 0.00383692 0.00527465
29.34 0 0.00167189 0.00368197 0.00522292
29.36 0 0.00147092 0.00336818 0.00493451
29.38 0 0.00124308 0.00292529 0.00438081
29.4 0 0.00102006 0.00239109 0.00357563
29.42 0 0.000810943 0.00180044 0.00257957
29.44 0 0.000603844 0.00117915 0.00149021
29.46 0 0.000378539 0.000546348 0.000419498
29.48 0 0.000122458 -7.60331e-05 -0.000533659
29.5 0 -0.000158383 -0.000656871 -0.00130608
29.52 0 -0.000437617 -0.00115921 -0.00187947
29.54 0 -0.000674387 -0.00154751 -0.00227073
29.56 0 -0.000830273 -0.00179734 -0.00251424
29.58 0 -0.000886739 -0.00190224 -0.00264268
29.6 0 -0.000848041 -0.00187067 -0.0026682
29.62 0 -0.000733331 -0.00171745 -0.0025745
29.64 0 -0.000566448 -0.00145484 -0.0023249
29.66 0 -0.000367889 -0.00108861 -0.00188157
29.68 0 -0.000147856 -0.00061898 -0.00122376
29.7 0 9.49308e-05 -4.68233e-05 -0.000359667
29.72 0 0.000363981 0.000615164 0.000666815
29.74 0 0.000658661 0.00133908 0.00178397
29.76 0 0.000973744 0.00208757 0.00291096
29.78 0 0.00129774 0.00281983 0.00397388
29.8 0 0.00161032 0.00349375 0.00491368
29.82 0 0.00187995 0.00406164 0.00568276
29.84 0 0.00206841 0.00446868 0.0062377
29.86 0 0.00214205 0.00466124 0.00653439
29.88 0 0.00207952 0.00459705 0.00652374
29.9 0 0.001875 0.00425139 0.00615294
29.92 0 0.00154449 0.00362557 0.00538257
29.94 0 0.00112752 0.00275638 0.00421237
29.96 0 0.000679074 0.00172082 0.0027035
29.98 0 0.000251331 0.000624401 0.000983595
30 0 -0.000131503 -0.000435899 -0.00077879
30.02 0 -0.000475598 -0.00139773 -0.00240736
30.04 0 -0.000796389 -0.00222706 -0.0037477
30.06 0 -0.00109826 -0.00289561 -0.00469546
30.08 0 -0.0013651 -0.00336844 -0.00521431
30.1 0 -0.00156641 -0.00361861 -0.00533949
30.12 0 -0.0016732 -0.00365083 -0.00516328
30.14 0 -0.00167452 -0.00350732 -0.00480619
30.16 0 -0.00158517 -0.00325166 -0.00438353
30.18 0 -0.00144466 -0.0029537 -0.00398441
30.2 0 -0.0013066 -0.00268548 -0.0036681
30.22 0 -0.0012157 -0.00250868 -0.00346495
30.24 0 -0.00118855 -0.00245097 -0.00337977
30.26 0 -0.0012089 -0.00248924 -0.00339544
30.28 0 -0.00123619 -0.00255846 -0.00347407
30.3 0 -0.00122762 -0.00258779 -0.00356284
30.32 0 -0.00115547 -0.00252744 -0.00359656
30.34 0 -0.00101246 -0.00234891 -0.0035002
30.36 0 -0.000810104 -0.00203624 -0.00320104
30.38 0 -0.000565643 -0.00158022 -0.00264302
30.4 0 -0.000290813 -0.000982597 -0.00180341
30.42 0 5.11165e-06 -0.00026623 -0.000711005
30.44 0 0.00030654 0.000519376 0.000545872
30.46 0 0.000598381 0.00131079 0.00183989
30.48 0 0.000881697 0.00205711 0.00304631
30.5 0 0.00116753 0.00273135 0.00407189
30.52 0 0.00145555 0.00331923 0.0048642
30.54 0 0.00172116 0.0037975 0.00540801
30.56 0 0.00192156 0.00412466 0.0057144
30.58 0 0.00201237 0.00425461 0.00580354
30.6 0 0.00196158 0.00415597 0.00568296
30.62 0 0.00176384 0.00382345 0.00533808
30.64 0 0.00145128 0.00328153 0.0047444
30.66 0 0.00108302 0.00258026 0.0038883
30.68 0 0.000711111 0.00177737 0.00277916
30.7 0 0.000357252 0.000918523 0.00145921
30.72 0 1.50693e-05 2.84362e-05 8.23638e-06
30.74 0 -0.000338415 -0.000885037 -0.00147156
30.76 0 -0.000724148 -0.00181021 -0.00287876
30.78 0 -0.00114344 -0.00271529 -0.00413474
30.8 0 -0.00157021 -0.00355143 -0.00519628
30.82 0 -0.00195364 -0.00426256 -0.00604953
30.84 0 -0.00223654 -0.00479519 -0.00669432
30.86 0 -0.00238125 -0.00510964 -0.00712913
30.88 0 -0.00238365 -0.00519124 -0.00734033
30.9 0 -0.00226889 -0.00505435 -0.00730018
30.92 0 -0.00207402 -0.00472978 -0.00697449
30.94 0 -0.00183079 -0.00424508 -0.00633953
30.96 0 -0.00155746 -0.00361748 -0.00540254
30.98 0 -0.00125499 -0.0028596 -0.00420934
31 0 -0.000906292 -0.00198341 -0.00283155
31.02 0 -0.000489354 -0.0010016 -0.00134761
31.04 0 -3.11903e-06 6.14799e-05 0.000166812
31.06 0 0.000526815 0.00116326 0.00165154
31.08 0 0.00106575 0.00225276 0.00307577
31.1 0 0.00157547 0.00327881 0.0044259
31.12 0 0.00201165 0.00419086 0.00567778
31.14 0 0.00233683 0.00494064 0.00678371
31.16 0 0.00253552 0.00548451 0.00767372
31.18 0 0.00260903 0.00578375 0.00825884
31.2 0 0.00256362 0.0058087 0.00844465
31.22 0 0.00240687 0.00554305 0.00815694
31.24 0 0.00214512 0.00498133 0.007363
31.26 0 0.00178321 0.0041321 0.00608422
31.28 0 0.00133093 0.00303201 0.0044014
31.3 0 0.000807073 0.00175178 0.00244525
31.32 0 0.000236162 0.000381449 0.000370922
31.34 0 -0.000354025 -0.000990448 -0.00166907
31.36 0 -0.000933566 -0.00228817 -0.00354584
31.38 0 -0.00147166 -0.00344817 -0.00516583
31.4 0 -0.00193755 -0.00441605 -0.00647211
31.42 0 -0.00230273 -0.00515013 -0.00743859
31.44 0 -0.002544 -0.00562586 -0.00805932
31.46 0 -0.00264783 -0.00583466 -0.00833744
31.48 0 -0.00261575 -0.00578111 -0.00827989
31.5 0 -0.00246287 -0.00548033 -0.00789518
31.52 0 -0.00221073 -0.004957 -0.00719483
31.54 0 -0.00188526 -0.00424892 -0.00620489
31.56 0 -0.00151169 -0.00340178 -0.00497263
31.58 0 -0.00110467 -0.00245555 -0.00356123
31.6 0 -0.000665152 -0.00143681 -0.00203952
31.62 0 -0.000189195 -0.000364559 -0.000474026
31.64 0 0.000320846 0.000739104 0.00107867
31.66 0 0.000851572 0.00184449 0.00257885
31.68 0 0.00137142 0.00290745 0.00399508
31.7 0 0.00183425 0.00386919 0.00529165
31.72 0 0.00219848 0.00466967 0.00642434
31.74 0 0.00244354 0.00526458 0.00734057
31.76 0 0.00257637 0.0056396 0.00798753
31.78 0 0.0026222 0.00580785 0.0083227
31.8 0 0.00260627 0.0057909 0.00832312
31.82 0 0.00254002 0.00560185 0.00799337
31.84 0 0.00241849 0.00524451 0.00736891
31.86 0 0.00222649 0.00472368 0.00650942
31.88 0 0.00194968 0.00405311 0.0054833
31.9 0 0.00158951 0.00326016 0.00435471
31.92 0 0.00117048 0.0023873 0.00317623
31.94 0 0.000730675 0.00148631 0.00198451
31.96 0 0.000306868 0.000607398 0.000803671
31.98 0 -7.2008e-05 -0.000208346 -0.000340766
32 0 -0.000388435 -0.000932001 -0.00141134
32.02 0 -0.000643257 -0.00154956 -0.00236337
32.04 0 -0.00085803 -0.00206605 -0.00316105
32.06 0 -0.00106074 -0.00250208 -0.0037886
32.08 0 -0.00126325 -0.00287681 -0.00425019
32.1 0 -0.00145194 -0.00318941 -0.00456492
32.12 0 -0.0015963 -0.00341539 -0.00475882
32.14 0 -0.00166271 -0.00352028 -0.00485043
32.16 0 -0.0016295 -0.00348062 -0.00483902
32.18 0 -0.00150431 -0.00330143 -0.00470894
32.2 0 -0.00132604 -0.00301626 -0.00444233
32.22 0 -0.00114121 -0.00266837 -0.00402784
32.24 0 -0.000976463 -0.00228878 -0.00346805
32.26 0 -0.000831974 -0.00188908 -0.00279014
32.28 0 -0.000689755 -0.00146711 -0.00204665
32.3 0 -0.000524405 -0.00101725 -0.00129936
32.32 0 -0.000315139 -0.000538617 -0.00059699
32.34 0 -5.82742e-05 -3.81703e-05 3.95888e-05
32.36 0 0.000224929 0.000466392 0.000616019
32.38 0 0.000494495 0.000945071 0.00115172
32.4 0 0.000710998 0.00136253 0.00166438
32.42 0 0.000853193 0.00169259 0.00215566
32.44 0 0.000922314 0.00192735 0.0026016
32.46 0 0.000935932 0.00207227 0.00295427
32.48 0 0.000921252 0.00213695 0.00316032
32.5 0 0.000904853 0.00213054 0.00318469
32.52 0 0.000895194 0.0020573 0.00302097
32.54 0 0.000876043 0.00191343 0.00269122
32.56 0 0.000820399 0.00169047 0.00224104
32.58 0 0.00070901 0.00138477 0.00172659
32.6 0 0.000538238 0.00100679 0.00119484
32.62 0 0.000319051 0.000580697 0.000668361
32.64 0 7.6617e-05 0.000137175 0.000147295
32.66 0 -0.00015402 -0.000293572 -0.000376102
32.68 0 -0.000342291 -0.000685688 -0.000903661
32.7 0 -0.000475946 -0.00102011 -0.00142252
32.72 0 -0.00056445 -0.00129062 -0.00190454
32.74 0 -0.000632215 -0.001509 -0.00231561
32.76 0 -0.000704882 -0.00169689 -0.00262857
32.78 0 -0.000793535 -0.00186515 -0.0028308
32.8 0 -0.000888595 -0.00200316 -0.00292743
32.82 0 -0.000963968 -0.0020859 -0.00293688
32.84 0 -0.000989611 -0.00209011 -0.00288048
32.86 0 -0.000949298 -0.00200785 -0.00277385
32.88 0 -0.00084772 -0.00184576 -0.00261845
32.9 0 -0.000706668 -0.00161973 -0.00240116
32.92 0 -0.000554613 -0.00135097 -0.00210387
32.94 0 -0.000413575 -0.00105971 -0.00171585
32.96 0 -0.000293067 -0.000760504 -0.00124588
32.98 0 -0.000188096 -0.000458554 -0.000723797
33 0 -7.93379e-05 -0.000147734 -0.000188024
33.02 0 5.39514e-05 0.000180156 0.000325386
33.04 0 0.000217041 0.000521623 0.00078885
33.06 0 0.000395028 0.000856558 0.00118824
33.08 0 0.000561073 0.00115514 0.00152358
33.1 0 0.000689228 0.00139119 0.00180286
33.12 0 0.000762545 0.0015498 0.00202973
33.14 0 0.000776452 0.00162557 0.00219349
33.16 0 0.000739884 0.00161878 0.00226982
33.18 0 0.000673144 0.0015367 0.00223254
33.2 0 0.000597069 0.00139327 0.00206502
33.22 0 0.000522734 0.00120403 0.00176895
33.24 0 0.000450945 0.000981561 0.00137035
33.26 0 0.000375425 0.000734208 0.00091569
33.28 0 0.000287406 0.000470848 0.000459703
33.3 0 0.000181725 0.000206053 5.11957e-05
33.32 0 6.25714e-05 -4.07204e-05 -0.00027758
33.34 0 -5.64835e-05 -0.000251454 -0.000516285
33.36 0 -0.000158782 -0.000414888 -0.000675277
33.38 0 -0.000233767 -0.000529796 -0.000779655
33.4 0 -0.000281181 -0.000605605 -0.000859151
33.42 0 -0.000306376 -0.000656791 -0.000935119
33.44 0 -0.000315615 -0.000695025 -0.00101363
33.46 0 -0.00031258 -0.000721134 -0.00108434
33.48 0 -0.0002969 -0.000723775 -0.00112448
33.5 0 -0.000268205 -0.000690208 -0.00110998
33.52 0 -0.000229195 -0.000617136 -0.00102593
33.54 0 -0.000185524 -0.000512777 -0.000872561
33.56 0 -0.000144072 -0.000392001 -0.000666897
33.58 0 -0.000108894 -0.000269296 -0.000438256
33.6 0 -7.94646e-05 -0.000156289 -0.000221288
33.62 0 -5.37221e-05 -6.37582e-05 -4.9627e-05
33.64 0 -3.05721e-05 -9.81326e-07 5.19878e-05
33.66 0 -1.28146e-05 2.46885e-05 7.18691e-05
33.68 0 -8.56599e-06 6.35104e-06 1.03226e-05
33.7 0 -2.4885e-05 -5.88265e-05 -0.000120045
33.72 0 -6.46024e-05 -0.000167746 -0.000299619
33.74 0 -0.000127505 -0.000312801 -0.000510314
33.76 0 -0.000208594 -0.000482254 -0.000738271
33.78 0 -0.000299348 -0.000663984 -0.000975206
33.8 0 -0.000390252 -0.000847604 -0.00121676
33.82 0 -0.000472772 -0.00102341 -0.00145827
33.84 0 -0.000542142 -0.00118308 -0.00169253
33.86 0 -0.000596252 -0.00131919 -0.00190712
33.88 0 -0.000632594 -0.00142308 -0.0020829
33.9 0 -0.000649162 -0.00148511 -0.00219816
33.92 0 -0.00064568 -0.00149666 -0.0022343
33.94 0 -0.000623304 -0.00145348 -0.00218059
33.96 0 -0.000584915 -0.00135931 -0.00203847
33.98 0 -0.000532344 -0.00122241 -0.00182
34 0 -0.000465136 -0.00105038 -0.00154388
34.02 0 -0.000383964 -0.000851039 -0.0012337
34.04 0 -0.000290366 -0.000633273 -0.000912038
34.06 0 -0.000185627 -0.000405992 -0.000594615
34.08 0 -7.35761e-05 -0.000177672 -0.000289988
34.1 0 3.98368e-05 4.59789e-05 2.83101e-07
34.12 0 0.000148983 0.00026199 0.00027983
34.14 0 0.000249004 0.000466844 0.000552288
34.16 0 0.00033678 0.000656285 0.000817716
34.18 0 0.000411741 0.000827455 0.00107146
34.2 0 0.00047517 0.000979145 0.00130448
34.22 0 0.000527834 0.0011085 0.00150394
34.24 0 0.00056832 0.00120838 0.00165524
34.26 0 0.000593131 0.00126881 0.0017449
34.28 0 0.000597595 0.00128053 0.00176279
34.3 0 0.000577694 0.00123799 0.00170334
34.32 0 0.000532813 0.00114101 0.0015669
34.34 0 0.000467188 0.000995924 0.00136079
34.36 0 0.000387375 0.000814098 0.00109796
34.38 0 0.000298708 0.0006083 0.000794415
34.4 0 0.000204455 0.000389366 0.000467731
34.42 0 0.000107344 0.00016596 0.000136309
34.44 0 1.09857e-05 -5.28055e-05 -0.000181619
34.46 0 -8.03626e-05 -0.000256062 -0.000470059
34.48 0 -0.000163352 -0.000434365 -0.000718139
34.5 0 -0.000235918 -0.000583402 -0.000921223
34.52 0 -0.000296492 -0.000703506 -0.00107965
34.54 0 -0.000343904 -0.000796104 -0.00119685
34.56 0 -0.000377496 -0.000861274 -0.00127737
34.58 0 -0.000397055 -0.000898847 -0.00132526
34.6 0 -0.000402916 -0.000910516 -0.0013433
34.62 0 -0.000396132 -0.000899247 -0.00133259
34.64 0 -0.000378542 -0.000867139 -0.001293
34.66 0 -0.00035213 -0.00081475 -0.0012238
34.68 0 -0.000318015 -0.000742396 -0.00112457
34.7 0 -0.000276897 -0.000651947 -0.000996758
34.72 0 -0.000229558 -0.000546381 -0.000844206
34.74 0 -0.000177355 -0.000429072 -0.000673124
34.76 0 -0.000122801 -0.000304918 -0.000492201
34.78 0 -6.92221e-05 -0.000181279 -0.000311998
34.8 0 -1.9964e-05 -6.6823e-05 -0.000143744
34.82 0 2.25409e-05 3.14771e-05 2.4093e-06
34.84 0 5.68386e-05 0.000109718 0.000118459
34.86 0 8.23396e-05 0.000166217 0.000199318
34.88 0 9.89802e-05 0.000200051 0.000243147
34.9 0 0.00010646 0.000210605 0.000250934
34.92 0 0.00010433 0.000198613 0.000226173
34.94 0 9.21478e-05 0.000166073 0.000173712
34.96 0 7.0011e-05 0.000115344 9.85633e-05
34.98 0 3.98265e-05 4.97363e-05 6.04464e-06
35 0 4.98205e-06 -2.5792e-05 -9.83518e-05
35.02 0 -3.18024e-05 -0.000106037 -0.000210139
35.04 0 -6.8862e-05 -0.000187043 -0.000325561
35.06 0 -0.000104209 -0.000265701 -0.000439905
35.08 0 -0.00013584 -0.00033884 -0.000547443
35.1 0 -0.000162428 -0.000402463 -0.00064203
35.12 0 -0.000182912 -0.000452105 -0.000717385
35.14 0 -0.000196125 -0.000484313 -0.000767748
35.16 0 -0.000200893 -0.000497037 -0.000788645
35.18 0 -0.000196631 -0.000489057 -0.000777665
35.2 0 -0.000183205 -0.000459487 -0.000734438
35.22 0 -0.000160287 -0.000408011 -0.000660003
35.24 0 -0.000127792 -0.000335799 -0.000556802
35.26 0 -8.6813e-05 -0.000245819 -0.000428955
35.28 0 -3.95941e-05 -0.000142242 -0.000281919
35.3 0 1.13871e-05 -2.97063e-05 -0.000121753
35.32 0 6.39212e-05 8.6972e-05 4.51464e-05
35.34 0 0.000116052 0.00020308 0.000212088
35.36 0 0.000166178 0.000314563 0.000372552
35.38 0 0.000213003 0.000418066 0.000520648
35.4 0 0.000255244 0.000510471 0.000651327
35.42 0 0.00029166 0.000588919 0.000760746
35.44 0 0.000321189 0.000651253 0.00084652
35.46 0 0.000342815 0.000696082 0.000907398
35.48 0 0.000355463 0.000722315 0.000942651
35.5 0 0.000358297 0.000728881 0.000951705
35.52 0 0.00035118 0.000715178 0.000934198
35.54 0 0.000334746 0.000681698 0.000890142
35.56 0 0.000310171 0.00063013 0.000820202
35.58 0 0.000278854 0.000562774 0.000726008
35.6 0 0.000242076 0.000481899 0.00061035
35.62 0 0.00020076 0.000389673 0.000477139
35.64 0 0.000155518 0.000288487 0.000331131
35.66 0 0.000107096 0.00018125 0.000177612
35.68 0 5.68021e-05 7.13735e-05 2.20054e-05
35.7 0 6.54346e-06 -3.73744e-05 -0.000130518
35.72 0 -4.14902e-05 -0.000141031 -0.000275268
35.74 0 -8.51647e-05 -0.000235686 -0.000407973
35.76 0 -0.000122657 -0.00031787 -0.000524588
35.78 0 -0.000152689 -0.000384891 -0.000621276
35.8 0 -0.000174626 -0.000434888 -0.000694567
35.82 0 -0.000188393 -0.000466727 -0.000741707
35.84 0 -0.000194194 -0.000479916 -0.000761036
35.86 0 -0.000192201 -0.000474528 -0.000752238
35.88 0 -0.000182454 -0.000451097 -0.00071641
35.9 0 -0.000165003 -0.000410566 -0.000655917
35.92 0 -0.000140138 -0.000354375 -0.000574033
35.94 0 -0.000108578 -0.000284629 -0.000474514
35.96 0 -7.15888e-05 -0.000204152 -0.000361293
35.98 0 -3.14552e-05 -0.000116939 -0.000238955
36 0 8.97968e-06 -2.78434e-05 -0.000112778
36.02 0 4.78742e-05 5.90496e-05 1.2275e-05
36.04 0 8.42592e-05 0.000140831 0.000131427
36.06 0 0.000117262 0.00021518 0.000239774
36.08 0 0.000146174 0.000279962 0.000332931
36.1 0 0.000170387 0.000332988 0.000407538
36.12 0 0.000189053 0.000372267 0.000461364
