0.02 0 0.0391969 0.0474035 0.0454427
0.04 0 -0.00473982 0.0153592 0.015372
0.06 0 -0.00953492 0.00347922 0.0185162
0.08 0 0.0478296 0.0540604 0.0800121
0.1 0 -0.00830655 0.0132451 0.0318559
0.12 0 -0.0674201 -0.0541796 -0.0385693
0.14 0 -0.0179716 -0.0495459 -0.0320538
0.16 0 0.0268 -0.0172705 -0.0299567
0.18 0 0.0546234 0.0567846 -0.0100158
0.2 0 0.0502468 0.0940128 0.0167871
0.22 0 0.0267246 0.0580372 0.0474856
0.24 0 0.0185317 0.0244014 0.10031
0.26 0 0.0219257 0.0546444 0.159494
0.28 0 0.045996 0.144004 0.221024
0.3 0 0.0259273 0.146476 0.203916
0.32 0 -0.00884112 0.0501555 0.125305
0.34 0 -0.0319444 -0.0597842 0.0178643
0.36 0 -0.0145908 -0.0720507 -0.0639397
0.38 0 0.027161 -0.000565231 -0.102978
0.4 0 0.00974929 -0.00528788 -0.161668
0.42 0 -0.0142046 -0.0766743 -0.186051
0.44 0 -0.0477152 -0.15659 -0.183944
0.46 0 -0.122403 -0.217417 -0.20969
0.48 0 -0.189792 -0.261299 -0.265517
0.5 0 -0.193365 -0.303917 -0.331765
0.52 0 -0.140264 -0.320886 -0.395113
0.54 0 -0.0054517 -0.187144 -0.355869
0.56 0 0.120976 0.041302 -0.220372
0.58 0 0.0517961 0.0727699 -0.156956
0.6 0 -0.0738979 -0.0708446 -0.0968703
0.62 0 -0.0923017 -0.155437 0.0429048
0.64 0 -0.0431964 -0.05252 0.191386
0.66 0 -0.0497296 0.0826349 0.205178
0.68 0 -0.0587899 0.0864149 0.108315
0.7 0 0.0707921 0.0673888 0.0773615
0.72 0 0.143909 0.0570891 0.0296227
0.74 0 0.106051 0.106856 -0.018603
0.76 0 0.0888845 0.188227 0.0410061
0.78 0 0.112184 0.199648 0.186398
0.8 0 0.0287245 0.0739049 0.241198
0.82 0 -0.055791 0.00974381 0.257559
0.84 0 0.0585992 0.196968 0.393547
0.86 0 0.149066 0.351576 0.444943
0.88 0 0.159601 0.353249 0.394938
0.9 0 0.231814 0.367436 0.426582
0.92 0 0.251487 0.388406 0.471197
0.94 0 -0.00120581 0.170118 0.277131
0.96 0 -0.135149 -0.0434541 0.123682
0.98 0 0.00223396 -0.0424183 0.134978
1 0 0.0179824 -0.0357775 -0.00326216
1.02 0 -0.0090592 0.00305449 -0.163462
1.04 0 0.001882 -0.0264599 -0.25704
1.06 0 0.00471055 -0.149285 -0.300197
1.08 0 -0.0752209 -0.27202 -0.34393
1.1 0 -0.139897 -0.260713 -0.324612
1.12 0 -0.127175 -0.174415 -0.241313
1.14 0 -0.145957 -0.21125 -0.238762
1.16 0 -0.149175 -0.283831 -0.272821
1.18 0 -0.0750887 -0.223528 -0.252289
1.2 0 0.0392143 -0.0271329 -0.162219
1.22 0 0.107232 0.141087 -0.0482993
1.24 0 0.000713717 0.0433209 -0.0505051
1.26 0 -0.179361 -0.237101 -0.14013
1.28 0 -0.228526 -0.381209 -0.183514
1.3 0 -0.188616 -0.323964 -0.235914
1.32 0 -0.0920487 -0.157266 -0.294989
1.34 0 0.0267722 -0.0412487 -0.32585
1.36 0 0.0333381 -0.111511 -0.383449
1.38 0 -0.0072914 -0.192355 -0.363915
1.4 0 -0.052639 -0.172274 -0.249126
1.42 0 -0.0805719 -0.0874219 -0.0871979
1.44 0 -0.0328591 0.0285741 0.113107
1.46 0 0.0136704 0.0957404 0.250504
1.48 0 0.0559026 0.162016 0.328122
1.5 0 0.0954462 0.239864 0.361334
1.52 0 0.194547 0.369262 0.439368
1.54 0 0.25338 0.44971 0.50447
1.56 0 0.236746 0.452838 0.543396
1.58 0 0.183844 0.409193 0.574459
1.6 0 0.184071 0.414886 0.65095
1.62 0 0.132091 0.374821 0.636427
1.64 0 -9.64616e-05 0.212277 0.4574
1.66 0 -0.0495036 0.0460405 0.240389
1.68 0 0.0146064 -0.0188728 0.0530974
1.7 0 0.11808 0.0540778 -0.0741198
1.72 0 0.121323 0.0990165 -0.19218
1.74 0 0.0608937 0.0289612 -0.246359
1.76 0 -0.00934246 -0.113039 -0.211327
1.78 0 -0.151561 -0.282778 -0.207342
1.8 0 -0.257231 -0.346442 -0.218118
1.82 0 -0.202728 -0.258837 -0.188299
1.84 0 -0.0723394 -0.140552 -0.179372
1.86 0 -0.0385 -0.138799 -0.284918
1.88 0 -0.142382 -0.300325 -0.50136
1.9 0 -0.142848 -0.381764 -0.580087
1.92 0 -0.0768396 -0.334402 -0.530256
1.94 0 -0.0941954 -0.269882 -0.480205
1.96 0 -0.126081 -0.221961 -0.39442
1.98 0 -0.044329 -0.123845 -0.182611
2 0 0.0453153 0.00942624 0.0555232
2.02 0 -0.109039 -0.0534344 0.0421263
2.04 0 -0.110102 -0.0349093 0.0948156
2.06 0 0.147636 0.19866 0.327315
2.08 0 0.254234 0.384406 0.43319
2.1 0 0.155998 0.400039 0.390984
2.12 0 -0.0285558 0.155506 0.240714
2.14 0 -0.0726564 -0.0924689 0.143269
2.16 0 0.0152448 -0.0807201 0.120598
2.18 0 -0.0460463 -0.0278581 -0.0631276
2.2 0 -0.0843495 -0.0353915 -0.249215
2.22 0 0.126138 0.0262249 -0.172911
2.24 0 0.23759 0.0872345 -0.0497402
2.26 0 0.23909 0.294506 0.174043
2.28 0 0.212879 0.517954 0.501059
2.3 0 0.0259159 0.364524 0.640607
2.32 0 -0.0533803 0.141995 0.72347
2.34 0 0.0345197 0.182839 0.776264
2.36 0 0.103062 0.376131 0.65558
2.38 0 0.104369 0.405747 0.35744
2.4 0 0.103699 0.160035 0.0127235
2.42 0 0.224358 0.0197351 -0.115732
2.44 0 0.254982 0.110426 -0.100358
2.46 0 0.0127054 0.106131 -0.15452
2.48 0 -0.253225 -0.173203 -0.226817
2.5 0 -0.326186 -0.526824 -0.253367
2.52 0 -0.378613 -0.730157 -0.419623
2.54 0 -0.481861 -0.747347 -0.786592
2.56 0 -0.387598 -0.651357 -1.09485
2.58 0 -0.105214 -0.575543 -1.213
2.6 0 -0.00286349 -0.603985 -1.27562
2.62 0 -0.00573329 -0.455656 -1.08748
2.64 0 0.0257044 -0.123779 -0.56744
2.66 0 -0.111509 -0.0558243 -0.0922241
2.68 0 -0.191295 -0.087959 0.355166
2.7 0 -0.170539 -0.0227805 0.670385
2.72 0 -0.146277 0.115278 0.692219
2.74 0 0.134646 0.458123 0.70927
2.76 0 0.372202 0.634951 0.588533
2.78 0 0.226692 0.336712 0.159049
2.8 0 -0.00612242 -0.0993231 -0.245532
2.82 0 -0.0751954 -0.312461 -0.399594
2.84 0 -0.112946 -0.330639 -0.449686
2.86 0 -0.0535624 -0.15162 -0.345604
2.88 0 0.106344 0.106202 -0.0805607
2.9 0 0.130739 0.187085 0.127684
2.92 0 0.043653 0.14398 0.270024
2.94 0 0.00938414 0.154509 0.42901
2.96 0 0.14398 0.361586 0.674326
2.98 0 0.164544 0.470859 0.72646
3 0 0.0995956 0.401454 0.603936
3.02 0 0.321287 0.534462 0.712378
3.04 0 0.682332 0.957714 1.05882
3.06 0 0.701793 1.25665 1.28961
3.08 0 0.288239 0.978448 1.19744
3.1 0 -0.204132 0.187874 0.851367
3.12 0 -0.375192 -0.43562 0.464095
3.14 0 -0.367354 -0.581596 -0.0824415
3.16 0 -0.250715 -0.3988 -0.721847
3.18 0 0.144185 -0.0987814 -1.05169
3.2 0 0.392831 -0.0856856 -1.16314
3.22 0 0.224113 -0.295761 -1.11489
3.24 0 -0.245596 -0.561776 -0.92697
3.26 0 -0.666758 -0.826258 -0.654697
3.28 0 -0.789109 -0.994166 -0.418959
3.3 0 -0.564325 -0.827278 -0.280891
3.32 0 -0.151771 -0.298439 -0.250635
3.34 0 0.21652 0.235085 -0.29792
3.36 0 0.509637 0.542076 -0.195932
3.38 0 0.516644 0.489601 0.014259
3.4 0 0.226617 0.270896 0.284061
3.42 0 -0.332035 -0.143194 0.338629
3.44 0 -0.784631 -0.656199 0.128515
3.46 0 -0.61985 -0.76447 -0.0425467
3.48 0 -0.247106 -0.553835 -0.406274
3.5 0 0.173318 -0.0663943 -0.745706
3.52 0 0.557908 0.409303 -0.778236
3.54 0 0.568065 0.409873 -0.613431
3.56 0 0.33231 0.201374 -0.140758
3.58 0 0.0141515 0.118701 0.532955
3.6 0 -0.288412 0.156759 1.08566
3.62 0 -0.35207 0.243467 1.36568
3.64 0 -0.207918 0.245061 1.21896
3.66 0 0.0480933 0.248593 0.721686
3.68 0 0.34258 0.375483 0.146027
3.7 0 0.418452 0.351717 -0.429358
3.72 0 0.448296 0.261754 -0.622506
3.74 0 0.261887 0.00822421 -0.552444
3.76 0 -0.131493 -0.306053 -0.367242
3.78 0 -0.503746 -0.548871 -0.17315
3.8 0 -0.479487 -0.469574 0.111219
3.82 0 -0.125908 -0.0714954 0.376123
3.84 0 0.0214306 0.156998 0.229282
3.86 0 0.031203 0.119424 -0.125387
3.88 0 0.14083 0.00505263 -0.326907
3.9 0 0.322823 0.0775928 -0.233481
3.92 0 0.245938 0.19878 -0.086861
3.94 0 -0.0926811 0.0808315 -0.0336656
3.96 0 -0.327335 -0.245283 0.0228617
3.98 0 -0.400537 -0.569095 -0.0178006
4 0 -0.510978 -0.765981 -0.376004
4.02 0 -0.474604 -0.711814 -0.837378
4.04 0 -0.280952 -0.655386 -1.26869
4.06 0 -0.0210231 -0.64368 -1.50447
4.08 0 -0.0733585 -0.783871 -1.6841
4.1 0 -0.379323 -0.973744 -1.72951
4.12 0 -0.550417 -1.02111 -1.43687
4.14 0 -0.0258795 -0.358525 -0.399143
4.16 0 0.720048 0.900696 1.02147
4.18 0 1.08853 2.09961 2.31494
4.2 0 1.28831 2.89451 3.56806
4.22 0 0.953028 2.62618 4.14074
4.24 0 0.472213 1.90733 4.1184
4.26 0 0.513757 1.78951 3.96901
4.28 0 1.01984 2.37051 3.7145
4.3 0 1.61703 3.05639 3.36343
4.32 0 2.07291 3.51741 3.2744
4.34 0 1.81223 3.03639 3.0561
4.36 0 0.996059 1.89012 2.66832
4.38 0 -1.30469 -1.17081 0.298759
4.4 0 -1.29267 -3.06264 -1.7824
4.42 0 -0.654846 -2.37206 -3.09275
4.44 0 -0.997019 -1.88629 -4.92541
4.46 0 -1.65705 -2.98366 -6.5607
4.48 0 -1.9195 -4.90802 -7.19734
4.5 0 -2.34335 -6.02397 -7.20505
4.52 0 -3.32578 -5.86727 -7.18256
4.54 0 -3.4954 -5.19264 -6.7835
4.56 0 -2.33152 -4.42814 -5.70896
4.58 0 0.0117647 -2.12174 -3.26774
4.6 0 0.341376 -0.132807 -1.64043
4.62 0 0.269501 1.77415 0.522226
4.64 0 0.539406 2.08247 2.95148
4.66 0 0.475745 0.679703 3.96021
4.68 0 0.000944232 0.340264 3.70153
4.7 0 -0.253103 1.81895 3.10131
4.72 0 0.311116 2.93945 2.80559
4.74 0 0.923099 2.05189 2.29092
4.76 0 1.58397 0.813875 1.76971
4.78 0 1.56276 0.932548 1.10879
4.8 0 1.89501 2.83427 1.4694
4.82 0 2.88189 4.64257 3.05454
4.84 0 3.20775 4.80344 4.76245
4.86 0 2.68335 4.55349 6.51248
4.88 0 1.00554 3.74135 7.11235
4.9 0 -0.782237 2.1021 6.22988
4.92 0 -1.30241 0.390994 4.4592
4.94 0 -0.585838 -0.535604 1.9115
4.96 0 0.235948 -0.52333 -1.3387
4.98 0 0.885235 -0.234765 -4.1776
5 0 0.72819 -0.921023 -6.00091
5.02 0 -0.305582 -2.85735 -6.66645
5.04 0 -1.82845 -4.65998 -6.22835
5.06 0 -2.91905 -5.28159 -5.1513
5.08 0 -3.94056 -5.14586 -4.52687
5.1 0 -3.73658 -4.72859 -4.19429
5.12 0 -2.20709 -4.10437 -4.10283
5.14 0 0.0344361 -2.27398 -3.72686
5.16 0 1.40346 0.333484 -3.0348
5.18 0 1.6961 2.1775 -1.5518
5.2 0 1.24596 1.96437 0.605083
5.22 0 0.313714 0.653971 2.82192
5.24 0 -1.08354 -0.129932 4.01114
5.26 0 -2.90994 -0.859336 3.1939
5.28 0 -2.41495 -0.447382 2.53719
5.3 0 -0.397498 0.240816 1.7615
5.32 0 1.47775 0.952486 0.433169
5.34 0 3.00276 2.41427 -0.396158
5.36 0 4.24299 4.11139 0.157607
5.38 0 5.19052 5.51389 2.43569
5.4 0 3.83039 5.79441 4.99874
5.42 0 0.589924 3.76681 6.46429
5.44 0 -1.52216 1.25076 7.49716
5.46 0 -1.02266 1.02968 8.44021
5.48 0 0.443543 2.98001 7.93687
5.5 0 1.98807 5.1035 5.84372
5.52 0 4.22829 5.84882 3.62465
5.54 0 5.80288 5.28911 2.16549
5.56 0 3.77953 4.76961 1.60481
5.58 0 3.09014 3.26926 2.3441
5.6 0 1.67648 1.08054 2.58654
5.62 0 -1.2063 -0.91326 1.35766
5.64 0 -4.16567 -2.59721 -0.887583
5.66 0 -5.75473 -4.86549 -3.19207
5.68 0 -4.40918 -6.41291 -3.75243
5.7 0 -2.54756 -6.5004 -4.01486
5.72 0 -2.57283 -4.92126 -5.78334
5.74 0 -2.69891 -3.24747 -7.49175
5.76 0 -2.44061 -3.9523 -9.14914
5.78 0 -1.06203 -5.45413 -9.63712
5.8 0 0.264594 -5.14345 -9.04093
5.82 0 0.566995 -2.29447 -7.42413
5.84 0 0.0768424 -0.261184 -5.00559
5.86 0 -1.20406 -1.25468 -2.64173
5.88 0 -2.77799 -3.68993 -0.821906
5.9 0 -4.7781 -5.95614 -1.00968
5.92 0 -5.35755 -6.05887 -2.20808
5.94 0 -4.4026 -4.78588 -3.98431
5.96 0 -2.62004 -3.37566 -5.62871
5.98 0 -0.816414 -2.9237 -6.77667
6 0 0.377009 -3.11424 -7.28921
6.02 0 0.481005 -3.0179 -7.20781
6.04 0 0.758522 -1.27759 -5.47106
6.06 0 1.75528 1.91102 -2.23474
6.08 0 1.82594 2.84497 0.449699
6.1 0 1.49797 2.27476 3.56056
6.12 0 0.0197589 -0.681901 6.15122
6.14 0 -3.89941 -1.84694 5.49298
6.16 0 -5.82056 -0.386969 4.32646
6.18 0 -3.54967 -0.108374 3.62794
6.2 0 0.88824 -0.158571 3.05511
6.22 0 4.36646 1.9048 1.65098
6.24 0 5.58908 5.57955 -0.108116
6.26 0 5.92493 7.59645 -0.442776
6.28 0 6.9908 7.48416 2.19419
6.3 0 6.87167 7.09056 5.1096
6.32 0 4.32654 7.05695 7.95684
6.34 0 0.464353 5.90362 9.81894
6.36 0 -2.84596 1.69715 10.1797
6.38 0 -3.21029 -1.36465 10.7358
6.4 0 -3.18452 -1.71943 8.59086
6.42 0 -2.24382 0.559993 3.92516
6.44 0 0.978686 2.52163 -0.348824
6.46 0 5.09508 3.1805 -2.66975
6.48 0 7.57006 4.63603 -2.57447
6.5 0 6.21278 6.04404 -1.56331
6.52 0 4.04317 5.36315 1.0198
6.54 0 2.44572 2.84228 4.77957
6.56 0 -0.425801 0.40497 7.01708
6.58 0 -4.54294 -1.20089 6.25753
6.6 0 -6.03344 -1.74667 4.69232
6.62 0 -4.27281 -2.26643 3.0502
6.64 0 -0.929855 -2.24067 1.49017
6.66 0 1.69075 -0.814306 -0.774677
6.68 0 2.54487 1.99685 -5.06604
6.7 0 3.01042 2.67198 -8.42929
6.72 0 2.16147 -0.355045 -8.55086
6.74 0 1.24013 -4.32344 -6.11651
6.76 0 -0.234451 -4.65976 -3.14022
6.78 0 -3.37345 -2.04604 -1.08126
6.8 0 -5.1403 -0.799246 0.548248
6.82 0 -3.68006 -1.96957 2.42122
6.84 0 -1.33218 -2.91594 2.90279
6.86 0 -0.700606 -1.50544 0.974022
6.88 0 -1.04752 0.23839 -2.16179
6.9 0 -0.180068 0.129826 -3.921
6.92 0 1.60817 -1.19605 -4.03316
6.94 0 2.01803 -1.86243 -4.02516
6.96 0 -0.145379 -1.84812 -4.9903
6.98 0 -2.65224 -2.42931 -5.44903
7 0 -3.52379 -4.25812 -4.55267
7.02 0 -3.22316 -5.91602 -3.32925
7.04 0 -2.45465 -4.99042 -2.58972
7.06 0 -1.83546 -2.02782 -2.57816
7.08 0 -1.35579 -0.449396 -3.19982
7.1 0 -0.521262 -1.19109 -3.45314
7.12 0 0.0735944 -2.43442 -3.1395
7.14 0 -0.686946 -2.68408 -3.11728
7.16 0 -2.05749 -2.15688 -3.18992
7.18 0 -1.97498 -1.56163 -2.18255
7.2 0 -0.461929 -0.91 -0.0281489
7.22 0 0.499715 -0.0562978 1.23757
7.24 0 2.08487 1.05335 1.55373
7.26 0 1.41784 3.15982 1.48403
7.28 0 0.399359 3.49609 2.04066
7.3 0 0.949765 1.80045 3.31095
7.32 0 1.55267 0.847549 4.3602
7.34 0 0.852774 1.77067 4.20863
7.36 0 -0.291849 2.72757 3.10559
7.38 0 0.0918426 2.3622 2.52508
7.4 0 1.55707 1.26428 2.49807
7.42 0 2.5021 1.36297 2.35739
7.44 0 2.97036 3.67589 2.60234
7.46 0 2.99503 5.47739 3.15178
7.48 0 3.0317 5.44976 4.56306
7.5 0 3.01585 4.5758 6.62183
7.52 0 1.96729 3.89537 7.89964
7.54 0 0.631759 3.70484 8.0324
7.56 0 -0.427788 2.83254 6.56938
7.58 0 -0.751969 0.95885 3.7942
7.6 0 -0.102012 -0.485661 0.707106
7.62 0 0.227338 -1.24625 -2.7992
7.64 0 0.4805 -1.47626 -5.92032
7.66 0 0.835135 -1.93696 -7.26781
7.68 0 0.64482 -2.60573 -7.00001
7.7 0 -0.801376 -2.48147 -5.17277
7.72 0 -3.06847 -2.42213 -2.56482
7.74 0 -3.22296 -3.27701 0.13521
7.76 0 -2.46524 -3.44642 1.43478
7.78 0 -2.43 -2.1301 0.48006
7.8 0 -1.81487 -0.569959 -1.37191
7.82 0 0.303761 -0.286594 -2.70614
7.84 0 2.07384 -0.63478 -3.41935
7.86 0 1.65845 -0.642664 -3.96171
7.88 0 -0.150889 -0.519522 -3.7837
7.9 0 -1.03188 -0.917968 -1.98964
7.92 0 -0.99307 -1.55501 0.463386
7.94 0 -1.31012 -1.50546 1.85451
7.96 0 -1.94247 -0.807323 1.61264
7.98 0 -1.48909 -0.196383 0.709365
8 0 0.0295628 -0.32144 -0.44463
8.02 0 1.19588 -0.444691 -1.76298
8.04 0 1.47673 0.296353 -2.54944
8.06 0 1.12372 1.03395 -2.27237
8.08 0 0.78281 0.921552 -0.722384
8.1 0 0.491296 0.472686 1.54046
8.12 0 -0.197771 0.548513 3.3874
8.14 0 -0.918482 1.04824 4.16788
8.16 0 -0.590257 1.5172 4.1901
8.18 0 0.604839 1.71712 3.54665
8.2 0 1.58256 1.96059 2.28531
8.22 0 1.70735 2.16859 0.79758
8.24 0 1.49184 2.03989 0.0222924
8.26 0 1.3348 1.48185 0.35736
8.28 0 0.682797 0.632249 1.02796
8.3 0 -0.423824 -0.175568 1.29032
8.32 0 -1.50024 -0.908476 0.827042
8.34 0 -1.6851 -1.53063 -0.111259
8.36 0 -1.18625 -1.891 -1.42932
8.38 0 -0.708146 -1.95852 -3.04565
8.4 0 -0.270613 -1.79121 -4.32853
8.42 0 -0.0458492 -1.77062 -4.88382
8.44 0 -0.0837306 -1.86106 -4.49388
8.46 0 -0.363036 -1.76697 -3.24126
8.48 0 -0.681027 -1.25617 -1.42804
8.5 0 -0.922669 -0.632455 0.332413
8.52 0 -0.753168 -0.0234681 1.7214
8.54 0 -0.160788 0.657065 2.53694
8.56 0 0.572572 1.49475 2.7479
8.58 0 1.1119 2.20266 2.49036
8.6 0 1.53227 2.54897 2.24192
8.62 0 1.38953 2.07925 1.84485
8.64 0 -0.147891 0.120458 0.392153
8.66 0 -1.1452 -1.45873 -0.712325
8.68 0 -1.51243 -2.39604 -1.76549
8.7 0 -1.83344 -3.11312 -3.37501
8.72 0 -1.33849 -3.05227 -4.5598
8.74 0 -0.424899 -2.36284 -4.95762
8.76 0 0.779594 -0.824976 -3.89216
8.78 0 1.3298 0.770283 -1.77976
8.8 0 0.699584 1.13229 0.368497
8.82 0 -0.156798 0.704501 2.38068
8.84 0 -0.88555 0.305479 3.67239
8.86 0 -1.33336 0.318 3.9393
8.88 0 -1.22196 0.680442 3.39706
8.9 0 -0.185115 1.03322 2.44157
8.92 0 1.26257 1.37025 1.3286
8.94 0 2.36691 1.87995 0.279161
8.96 0 2.84608 2.49591 -0.237554
8.98 0 2.90429 3.01407 0.39121
9 0 2.18125 3.12761 2.00211
9.02 0 0.955207 2.46925 3.80266
9.04 0 -0.025777 1.69617 5.33886
9.06 0 -0.931914 0.906972 5.47451
9.08 0 -1.63107 0.14637 3.88717
9.1 0 -1.2474 -0.280894 1.53476
9.12 0 0.0445569 -0.528976 -1.17407
9.14 0 1.3171 -0.478406 -3.47191
9.16 0 1.85716 -0.0543096 -4.64075
9.18 0 1.55159 0.274731 -4.18854
9.2 0 0.329077 -0.161977 -2.45207
9.22 0 -0.953366 -1.33462 -0.245515
9.24 0 -1.98581 -2.30368 1.21808
9.26 0 -2.87826 -2.49316 1.05104
9.28 0 -3.40431 -2.30017 -0.511279
9.3 0 -2.33567 -2.60342 -2.50819
9.32 0 -0.349274 -2.92386 -4.4067
9.34 0 0.658678 -2.48732 -6.11845
9.36 0 0.511391 -1.63745 -6.97579
9.38 0 0.00517699 -1.46157 -6.19862
9.4 0 -0.120346 -1.74066 -3.50852
9.42 0 -0.529746 -1.55593 -0.278527
9.44 0 -1.54494 -0.734013 2.03722
9.46 0 -1.90448 0.172035 3.2866
9.48 0 -0.859539 0.746203 3.6498
9.5 0 0.481287 1.31523 3.19921
9.52 0 1.11865 2.17332 2.24868
9.54 0 1.62747 2.6335 1.40431
9.56 0 2.22994 2.42142 1.15767
9.58 0 2.51099 2.17641 1.48365
9.6 0 1.97383 2.29561 2.00158
9.62 0 0.849917 2.55323 2.72541
9.64 0 0.214596 2.18649 3.68685
9.66 0 0.192222 1.42368 4.42523
9.68 0 0.144838 1.05995 4.22348
9.7 0 -0.0545651 1.26674 3.00678
9.72 0 0.19168 1.43798 1.42642
9.74 0 1.27034 1.23067 0.273817
9.76 0 2.16583 1.07073 -0.367508
9.78 0 1.71398 1.24952 -0.714651
9.8 0 0.265211 1.08421 -0.5574
9.82 0 -0.879185 -0.210351 0.136721
9.84 0 -1.16593 -2.00966 0.600538
9.86 0 -1.18307 -2.5299 0.0551357
9.88 0 -1.65926 -1.49947 -1.48851
9.9 0 -1.46639 -0.797173 -2.86393
9.92 0 -0.387443 -1.49956 -3.35949
9.94 0 0.431065 -2.37548 -3.5157
9.96 0 0.0667666 -2.11238 -3.71589
9.98 0 -0.850198 -1.21055 -3.57871
10 0 -1.37233 -1.25215 -2.78215
10.02 0 -1.50576 -2.39695 -1.78029
10.04 0 -1.74647 -3.2585 -1.33015
10.06 0 -2.15656 -2.93626 -1.73114
10.08 0 -2.16528 -2.21233 -2.62764
10.1 0 -1.19084 -1.83027 -3.18515
10.12 0 -0.187829 -1.75771 -3.43666
10.14 0 0.0614562 -1.47765 -3.38543
10.16 0 -0.0512319 -1.20826 -2.98077
10.18 0 0.172837 -0.788567 -1.90736
10.2 0 1.17321 0.916975 0.522802
10.22 0 0.653078 1.97454 2.24757
10.24 0 0.184777 2.20765 3.7585
10.26 0 -0.00289187 2.07386 4.89949
10.28 0 0.106585 1.70066 5.20235
10.3 0 0.457693 1.92086 4.7467
10.32 0 0.938481 2.50176 3.64446
10.34 0 1.81059 3.00699 2.59222
10.36 0 2.5273 2.83265 1.6686
10.38 0 2.6863 2.39925 1.06735
10.4 0 1.77303 2.03422 0.80711
10.42 0 0.533031 1.51595 1.11249
10.44 0 -0.282212 0.530256 1.76415
10.46 0 -0.559541 -0.254094 2.28206
10.48 0 -0.693286 -0.264548 2.09022
10.5 0 -0.405034 0.496947 1.4588
10.52 0 0.464145 1.22454 0.788152
10.54 0 1.4972 1.3761 0.25547
10.56 0 2.02668 1.29832 -0.0552832
10.58 0 1.62047 1.1489 -0.176669
10.6 0 0.587912 0.744148 -0.12885
10.62 0 -1.12334 -0.00422705 0.177024
10.64 0 -2.14972 -1.39185 0.585519
10.66 0 -2.06272 -2.68933 0.446275
10.68 0 -1.5731 -2.65056 -0.715354
10.7 0 -1.11787 -1.51087 -2.54272
10.72 0 -0.078823 -0.607914 -3.82995
10.74 0 1.23414 -0.510243 -3.90971
10.76 0 1.53231 -0.678718 -3.32453
10.78 0 0.593906 -0.711259 -2.46287
10.8 0 -0.874213 -0.811488 -1.3489
10.82 0 -1.93978 -1.28988 -0.034235
10.84 0 -2.31798 -1.93375 0.902587
10.86 0 -2.18142 -2.20739 0.786021
10.88 0 -1.52881 -1.7652 -0.398668
10.9 0 -0.588012 -0.988656 -2.08773
10.92 0 0.516799 -0.420059 -3.33221
10.94 0 1.362 -0.290462 -3.63462
10.96 0 1.35011 -0.358924 -3.08033
10.98 0 0.330576 -0.319436 -1.84025
11 0 -0.767441 -0.323978 -0.0610398
11.02 0 -1.28954 -0.515937 1.71625
11.04 0 -1.05468 -0.414784 2.86086
11.06 0 -0.37656 0.498051 3.0637
11.08 0 0.505157 1.80031 2.52081
11.1 0 1.46997 2.76541 1.96109
11.12 0 2.43353 2.92651 1.82842
11.14 0 2.58211 2.67707 1.97821
11.16 0 1.62774 2.41967 2.24793
11.18 0 0.096983 1.69424 2.44578
11.2 0 -0.997685 0.166869 2.35714
11.22 0 -1.0612 -0.925396 2.0004
11.24 0 -0.726045 -0.893803 0.907779
11.26 0 -0.225752 -0.0853276 -0.634445
11.28 0 0.672863 0.541507 -1.75904
11.3 0 1.50348 0.568282 -2.02626
11.32 0 1.6182 0.618277 -1.33097
11.34 0 0.572413 0.580745 -0.276554
11.36 0 -0.692949 0.118077 0.881892
11.38 0 -1.33799 -0.722869 1.74132
11.4 0 -1.40416 -1.27605 1.71238
11.42 0 -1.62379 -1.5193 0.190045
11.44 0 -1.14216 -1.35275 -1.75132
11.46 0 0.201646 -0.972337 -3.11466
11.48 0 1.28206 -0.551557 -3.71362
11.5 0 1.50432 0.156019 -3.20845
11.52 0 0.6192 0.306147 -1.98019
11.54 0 -0.576338 -0.396341 -0.292251
11.56 0 -1.52528 -1.39178 1.17477
11.58 0 -2.14591 -1.85366 1.62197
11.6 0 -2.00235 -1.5233 0.936076
11.62 0 -0.888538 -0.756607 -0.375655
11.64 0 0.680199 -0.0861419 -1.76855
11.66 0 1.77014 0.528453 -2.61128
11.68 0 1.81804 0.950818 -2.49903
11.7 0 1.02875 0.838249 -1.32954
11.72 0 -0.105547 0.152209 0.475974
11.74 0 -1.15512 -0.622107 2.07801
11.76 0 -1.72895 -0.897164 2.75055
11.78 0 -1.48243 -0.543859 2.29762
11.8 0 -0.433353 0.178626 1.09052
11.82 0 0.864945 0.898148 -0.25419
11.84 0 1.82822 1.33979 -1.14058
11.86 0 2.02057 1.48305 -1.1653
11.88 0 1.54446 1.23496 -0.375817
11.9 0 0.300616 0.664906 0.753318
11.92 0 -0.92508 -0.0273426 1.84371
11.94 0 -1.45419 -0.560614 2.45115
11.96 0 -1.24768 -0.646914 2.1976
11.98 0 -0.515372 -0.12626 1.15361
12 0 0.572121 0.748686 -0.0785361
12.02 0 1.70069 1.55012 -0.737654
12.04 0 2.30803 1.79339 -0.684059
12.06 0 1.79646 1.59924 -0.0275555
12.08 0 0.355038 0.980823 0.934783
12.1 0 -1.02451 -0.0236493 1.87853
12.12 0 -1.56869 -0.903385 2.36806
12.14 0 -1.5103 -1.11109 1.85277
12.16 0 -0.883303 -0.662033 0.420848
12.18 0 0.230346 0.0167484 -1.20034
12.2 0 1.32245 0.454532 -2.32579
12.22 0 1.56786 0.434378 -2.70507
12.24 0 0.789477 -0.0159484 -2.29178
12.26 0 -0.473388 -0.802441 -1.27972
12.28 0 -1.35179 -1.44588 0.0206921
12.3 0 -1.58964 -1.48009 0.988077
12.32 0 -1.32045 -0.929564 1.10708
12.34 0 -0.538774 -0.164154 0.504987
12.36 0 0.556041 0.509262 -0.285826
12.38 0 1.3065 0.870801 -0.914155
12.4 0 1.31557 0.91142 -1.0795
12.42 0 0.589683 0.478414 -0.778313
12.44 0 -0.257364 -0.20826 -0.0311515
12.46 0 -0.862685 -0.776731 0.73599
12.48 0 -1.18285 -0.967807 0.97141
12.5 0 -1.04567 -0.7458 0.580533
12.52 0 -0.42474 -0.39939 -0.229782
12.54 0 0.397391 -0.0581292 -1.05408
12.56 0 0.857321 0.157849 -1.64083
12.58 0 0.732136 0.158491 -1.75103
12.6 0 0.205955 -0.146873 -1.30777
12.62 0 -0.351694 -0.561285 -0.444251
12.64 0 -0.65327 -0.651168 0.533587
12.66 0 -0.702254 -0.333105 1.16289
12.68 0 -0.46699 0.14171 1.25781
12.7 0 0.0883032 0.556297 1.00086
12.72 0 0.72774 0.887125 0.653005
12.74 0 1.04427 1.12126 0.373178
12.76 0 0.867127 1.0917 0.258627
12.78 0 0.433742 0.736896 0.421047
12.8 0 -0.073921 0.132491 0.670365
12.82 0 -0.462204 -0.322917 0.804342
12.84 0 -0.638708 -0.447153 0.622062
12.86 0 -0.498674 -0.343507 0.148432
12.88 0 -0.0654235 -0.188264 -0.421954
12.9 0 0.370058 -0.051989 -0.904051
12.92 0 0.629068 0.1864 -1.01466
12.94 0 0.5355 0.340201 -0.745338
12.96 0 0.230208 0.284174 -0.132852
12.98 0 -0.135833 0.0469823 0.575331
13 0 -0.578121 -0.314365 0.910177
13.02 0 -0.943097 -0.680033 0.636035
13.04 0 -0.892899 -0.879088 -0.0731791
13.06 0 -0.340599 -0.752994 -0.869345
13.08 0 0.204226 -0.492455 -1.64742
13.1 0 0.442858 -0.28163 -2.12386
13.12 0 0.340358 -0.320403 -2.07676
13.14 0 -0.00865346 -0.595572 -1.52047
13.16 0 -0.461932 -0.847631 -0.701051
13.18 0 -0.781712 -0.808073 0.0968182
13.2 0 -0.779937 -0.497437 0.6229
13.22 0 -0.449451 -0.11331 0.748028
13.24 0 0.0970858 0.313959 0.609286
13.26 0 0.506597 0.682011 0.340868
13.28 0 0.774976 0.89089 0.206106
13.3 0 0.789985 0.879767 0.294121
13.32 0 0.594109 0.765288 0.6191
13.34 0 0.24271 0.617426 1.01974
13.36 0 -0.0721796 0.485568 1.34857
13.38 0 -0.122168 0.461169 1.54139
13.4 0 0.0693809 0.571239 1.50115
13.42 0 0.27123 0.697651 1.1454
13.44 0 0.43717 0.755358 0.657877
13.46 0 0.535339 0.667971 0.246438
13.48 0 0.483347 0.444151 0.000663835
13.5 0 0.347962 0.296653 0.0310069
13.52 0 0.0749915 0.149384 0.154751
13.54 0 -0.240418 -0.0892616 0.219355
13.56 0 -0.408619 -0.343964 0.181429
13.58 0 -0.405499 -0.456061 0.0111514
13.6 0 -0.184217 -0.30794 -0.201143
13.62 0 0.184201 0.0704555 -0.305836
13.64 0 0.422916 0.353465 -0.327576
13.66 0 0.386396 0.342536 -0.261905
13.68 0 0.201924 0.167816 -0.0269838
13.7 0 -0.0707147 -0.0318543 0.252823
13.72 0 -0.314013 -0.156567 0.432556
13.74 0 -0.365614 -0.156528 0.468826
13.76 0 -0.232262 -0.107796 0.309637
13.78 0 -0.0479968 -0.100071 -0.0575163
13.8 0 0.0311321 -0.178272 -0.554144
13.82 0 0.021517 -0.31464 -0.97465
13.84 0 -0.031407 -0.475752 -1.17418
13.86 0 -0.11098 -0.580913 -1.11707
13.88 0 -0.339712 -0.718533 -1.00757
13.9 0 -0.540384 -0.80495 -0.842615
13.92 0 -0.549637 -0.766185 -0.62301
13.94 0 -0.535249 -0.795955 -0.626177
13.96 0 -0.542722 -0.876846 -0.880428
13.98 0 -0.50326 -0.947667 -1.24646
14 0 -0.393343 -0.976379 -1.56423
14.02 0 -0.249436 -0.945011 -1.72238
14.04 0 -0.0850806 -0.76422 -1.59909
14.06 0 0.0206733 -0.406641 -1.14604
14.08 0 0.146981 0.0662513 -0.344023
14.1 0 0.286274 0.544052 0.666606
14.12 0 0.232585 0.795127 1.48272
14.14 0 0.100305 0.894553 1.98775
14.16 0 0.0548341 0.948478 2.17393
14.18 0 0.234024 1.00066 2.06998
14.2 0 0.484058 1.05951 1.6861
14.22 0 0.582157 0.990777 1.04868
14.24 0 0.667476 0.902963 0.538976
14.26 0 0.755679 0.823834 0.345129
14.28 0 0.64623 0.742794 0.406483
14.3 0 0.416738 0.717983 0.713396
14.32 0 0.230596 0.715459 1.16744
14.34 0 0.0677594 0.612711 1.4755
14.36 0 -0.104062 0.406502 1.41301
14.38 0 -0.111627 0.286235 1.07468
14.4 0 0.0529841 0.309084 0.602775
14.42 0 0.315096 0.372393 0.133597
14.44 0 0.519474 0.421584 -0.185341
14.46 0 0.46594 0.328969 -0.35535
14.48 0 0.066947 -0.0585871 -0.49221
14.5 0 -0.337646 -0.525229 -0.501544
14.52 0 -0.535887 -0.906425 -0.522001
14.54 0 -0.82973 -1.16742 -0.85928
14.56 0 -0.959127 -1.29477 -1.36069
14.58 0 -0.836887 -1.43777 -1.88897
14.6 0 -0.577291 -1.59296 -2.36913
14.62 0 -0.380046 -1.53645 -2.66922
14.64 0 -0.197082 -1.13212 -2.51939
14.66 0 -0.147134 -0.75909 -1.99081
14.68 0 -0.231564 -0.651299 -1.23148
14.7 0 -0.384322 -0.6366 -0.411593
14.72 0 -0.585525 -0.571121 0.179244
14.74 0 -0.531834 -0.309003 0.534201
14.76 0 -0.147377 0.135189 0.70867
14.78 0 0.254789 0.508721 0.629348
14.8 0 0.397983 0.576633 0.306524
14.82 0 0.286125 0.324151 -0.0773615
14.84 0 0.0805132 0.0305804 -0.249674
14.86 0 0.0542799 -0.0781212 -0.10268
14.88 0 0.127785 0.119542 0.251464
14.9 0 0.343117 0.65579 0.82091
14.92 0 0.550727 1.18072 1.42202
14.94 0 0.593759 1.36273 1.85938
14.96 0 0.672881 1.38555 2.17461
14.98 0 0.753109 1.48541 2.35753
15 0 0.806101 1.77142 2.46046
15.02 0 0.870458 1.95647 2.48033
15.04 0 0.806183 1.74939 2.33505
15.06 0 0.440985 1.06568 1.80222
15.08 0 -0.0447009 0.277452 0.981398
15.1 0 -0.115959 -0.06144 0.316482
15.12 0 0.0324604 -0.0240508 -0.191282
15.14 0 0.254977 0.0998742 -0.524809
15.16 0 0.340136 0.0771992 -0.693657
15.18 0 0.0940776 -0.238709 -0.828632
15.2 0 -0.191809 -0.674415 -0.895361
15.22 0 -0.545582 -0.95214 -0.946783
15.24 0 -0.735204 -1.16447 -1.10577
15.26 0 -0.812519 -1.33512 -1.43005
15.28 0 -0.843746 -1.39915 -1.79805
15.3 0 -0.834578 -1.49186 -2.13797
15.32 0 -0.812675 -1.65554 -2.38956
15.34 0 -0.633202 -1.65887 -2.39706
15.36 0 -0.492444 -1.42987 -2.22961
15.38 0 -0.467641 -1.10143 -1.92498
15.4 0 -0.474055 -0.88542 -1.48593
15.42 0 -0.504916 -0.875268 -1.03009
15.44 0 -0.520351 -0.878282 -0.654095
15.46 0 -0.360294 -0.600443 -0.319686
15.48 0 -0.144703 -0.105771 -0.0653988
15.5 0 0.0739334 0.260647 0.0991353
15.52 0 0.422959 0.464338 0.335956
15.54 0 0.690756 0.808168 0.747379
15.56 0 0.685717 1.16873 1.18622
15.58 0 0.502065 1.29808 1.59914
15.6 0 0.293723 1.11819 1.9292
15.62 0 0.182396 0.807064 2.03454
15.64 0 0.186018 0.745695 1.88633
15.66 0 0.270728 0.895784 1.48978
15.68 0 0.550651 1.08981 1.10168
15.7 0 0.918181 1.18603 0.881331
15.72 0 1.02002 1.18899 0.809626
15.74 0 0.685668 1.04727 0.815689
15.76 0 0.179738 0.677275 0.889527
15.78 0 -0.0877074 0.284316 1.07188
15.8 0 -0.178948 0.0498191 1.09
15.82 0 -0.311968 -0.018656 0.71197
15.84 0 -0.259094 -0.0564671 0.109434
15.86 0 0.0608909 -0.0994547 -0.429523
15.88 0 0.430908 -0.0220263 -0.732124
15.9 0 0.614912 0.282984 -0.675019
15.92 0 0.380828 0.374555 -0.453345
15.94 0 -0.141032 -0.0673973 -0.230598
15.96 0 -0.643142 -0.874343 -0.193283
15.98 0 -1.186 -1.55161 -0.584645
16 0 -1.40545 -1.77289 -1.26333
16.02 0 -1.13586 -1.74324 -2.0553
16.04 0 -0.398254 -1.5056 -2.62536
16.06 0 0.270402 -0.995273 -2.79424
16.08 0 0.449131 -0.447162 -2.51082
16.1 0 0.102844 -0.323651 -1.82991
16.12 0 -0.325805 -0.570456 -0.760486
16.14 0 -0.630859 -0.727744 0.377919
16.16 0 -0.682905 -0.400065 1.22042
16.18 0 -0.48693 0.230801 1.51993
16.2 0 0.00213087 0.731296 1.35864
16.22 0 0.433107 0.741812 0.771078
16.24 0 0.600486 0.483242 0.0376679
16.26 0 0.667768 0.498077 -0.28967
16.28 0 0.468715 0.469717 -0.313782
16.3 0 0.216031 0.278602 -0.0197774
16.32 0 -0.0439131 0.00741727 0.394127
16.34 0 -0.279109 -0.109853 0.706221
16.36 0 -0.321134 0.0515051 0.864761
16.38 0 0.138357 0.60968 1.1343
16.4 0 0.769092 1.24066 1.39981
16.42 0 0.994605 1.49686 1.38802
16.44 0 0.832178 1.40597 1.29125
16.46 0 0.465944 1.0053 1.21577
16.48 0 0.0893961 0.467146 1.12171
16.5 0 -0.137213 0.111332 0.95967
16.52 0 -0.266899 -0.0602238 0.56157
16.54 0 -0.321979 -0.249021 -0.100532
16.56 0 -0.0566485 -0.286973 -0.613356
16.58 0 0.564778 0.172585 -0.556576
16.6 0 1.02888 0.927068 -0.0418778
16.62 0 0.774222 1.17498 0.448573
16.64 0 0.242125 0.811845 0.993857
16.66 0 -0.60415 -0.28769 1.00368
16.68 0 -1.49137 -1.63859 0.139005
16.7 0 -1.73129 -2.17482 -1.05724
16.72 0 -1.31762 -2.10451 -2.43954
16.74 0 -0.356862 -1.67809 -3.50774
16.76 0 0.709928 -0.895968 -3.72679
16.78 0 1.1967 -0.0215039 -3.01144
16.8 0 0.627289 0.2442 -1.75959
16.82 0 -0.371283 -0.225063 -0.18143
16.84 0 -1.27367 -0.996271 1.16878
16.86 0 -1.81394 -1.44249 1.64615
16.88 0 -1.5956 -1.1584 1.19302
16.9 0 -0.589178 -0.44693 0.0832195
16.92 0 0.785707 0.450408 -0.988169
16.94 0 1.90728 1.32237 -1.38333
16.96 0 2.08923 1.80787 -0.921397
16.98 0 1.42154 1.60485 0.27411
17 0 0.234856 0.95646 1.82055
17.02 0 -0.905984 0.223784 3.05383
17.04 0 -1.36352 -0.140125 3.49801
17.06 0 -0.894512 0.116851 2.999
17.08 0 0.196689 0.859081 1.77784
17.1 0 1.28042 1.56647 0.331417
17.12 0 1.94879 1.78767 -0.689532
17.14 0 1.83079 1.41982 -0.947741
17.16 0 0.87006 0.707078 -0.462122
17.18 0 -0.400635 -0.190717 0.38731
17.2 0 -1.44948 -1.10988 0.970917
17.22 0 -1.91518 -1.73979 0.795833
17.24 0 -1.56923 -1.69191 -0.0867152
17.26 0 -0.501016 -0.975648 -1.24548
17.28 0 0.680172 -0.143052 -2.27794
17.3 0 1.42521 0.48944 -2.6116
17.32 0 1.33857 0.63091 -2.07082
17.34 0 0.490887 0.21405 -0.866267
17.36 0 -0.678944 -0.588466 0.425113
17.38 0 -1.72973 -1.34766 1.16655
17.4 0 -2.07243 -1.61403 1.11863
17.42 0 -1.40165 -1.27899 0.369927
17.44 0 -0.145027 -0.527211 -0.798784
17.46 0 1.08259 0.322451 -1.85715
17.48 0 1.60899 0.846774 -2.32504
17.5 0 1.20026 0.631413 -2.01777
17.52 0 0.200845 -0.137671 -0.976901
17.54 0 -0.922982 -0.981887 0.271303
17.56 0 -1.68509 -1.39647 1.11661
17.58 0 -1.66573 -1.20721 1.22953
17.6 0 -0.810876 -0.523376 0.695261
17.62 0 0.454377 0.406339 -0.10545
17.64 0 1.43783 1.27886 -0.672339
17.66 0 1.74804 1.6056 -0.701184
17.68 0 1.31223 1.21584 -0.174732
17.7 0 0.390284 0.581461 0.784468
17.72 0 -0.380381 0.304418 1.96674
17.74 0 -0.682382 0.411281 2.8339
17.76 0 -0.56256 0.5882 2.88536
17.78 0 -0.187698 0.61239 2.02655
17.8 0 0.351502 0.590521 0.701967
17.82 0 0.95092 0.726052 -0.424559
17.84 0 1.39269 1.03002 -0.856333
17.86 0 1.41609 1.27975 -0.464701
17.88 0 0.772651 1.00584 0.324122
17.9 0 -0.183508 0.396674 1.26171
17.92 0 -0.868629 -0.254489 1.92055
17.94 0 -1.13508 -0.592929 1.86368
17.96 0 -0.873074 -0.469186 1.0697
17.98 0 -0.185391 -0.114318 -0.144751
18 0 0.623516 0.158851 -1.30112
18.02 0 1.04152 0.178175 -2.05575
18.04 0 0.826925 -0.103615 -2.25004
18.06 0 -0.0336522 -0.735811 -2.01878
18.08 0 -1.0388 -1.56602 -1.54757
18.1 0 -1.59768 -2.13018 -1.04121
18.12 0 -1.73627 -2.04081 -0.791872
18.14 0 -1.39574 -1.53697 -0.935918
18.16 0 -0.596302 -1.01113 -1.32853
18.18 0 0.331808 -0.520919 -1.68948
18.2 0 0.756998 -0.0587876 -1.84903
18.22 0 0.583327 0.174356 -1.60293
18.24 0 0.111897 -0.0304751 -0.890621
18.26 0 -0.409233 -0.510735 0.0161308
18.28 0 -0.920505 -0.867293 0.630787
18.3 0 -1.11323 -0.849147 0.727121
18.32 0 -0.787759 -0.500008 0.399263
18.34 0 -0.0463183 -0.0449421 -0.124011
18.36 0 0.74615 0.539211 -0.447805
18.38 0 1.29346 1.18434 -0.260728
18.4 0 1.46628 1.6125 0.46701
18.42 0 1.02746 1.52755 1.36756
18.44 0 0.350537 1.2145 2.29344
18.46 0 -0.200933 0.90861 2.9257
18.48 0 -0.423131 0.721306 3.00478
18.5 0 -0.242552 0.694271 2.4714
18.52 0 0.279787 0.842019 1.52
18.54 0 0.969069 1.13837 0.564629
18.56 0 1.45251 1.42492 -0.0205251
18.58 0 1.49315 1.52624 -0.00220341
18.6 0 0.945103 1.20055 0.459085
18.62 0 0.197991 0.620894 1.18739
18.64 0 -0.568238 0.0835137 1.76307
18.66 0 -0.948799 -0.282806 1.82051
18.68 0 -0.853856 -0.414033 1.21012
18.7 0 -0.422243 -0.409106 0.0333885
18.72 0 0.20205 -0.275211 -1.22152
18.74 0 0.748532 -0.113448 -2.09452
18.76 0 0.796174 -0.14957 -2.42907
18.78 0 0.282147 -0.551848 -2.25544
18.8 0 -0.36776 -1.23828 -1.75486
18.82 0 -1.14716 -1.76736 -1.2824
18.84 0 -1.84695 -1.96723 -1.0692
18.86 0 -1.98787 -1.92866 -1.04953
18.88 0 -1.31061 -1.80357 -1.21257
18.9 0 -0.437653 -1.45143 -1.68991
18.92 0 -0.00772118 -0.924134 -2.39537
18.94 0 -0.0862887 -0.76571 -2.98656
18.96 0 -0.154101 -1.06138 -2.874
18.98 0 -0.102619 -1.38203 -2.11064
19 0 -0.431136 -1.22478 -1.22385
19.02 0 -0.882376 -0.683878 -0.409578
19.04 0 -0.634907 -0.118807 0.51909
19.06 0 0.153392 0.401001 1.37454
19.08 0 0.741627 1.12524 1.86352
19.1 0 0.869257 1.98531 2.11201
19.12 0 1.08519 2.34847 2.43554
19.14 0 1.30455 2.22412 2.87032
19.16 0 1.28026 2.05077 3.139
19.18 0 1.03352 2.10972 3.16484
19.2 0 0.631175 2.10067 2.9339
19.22 0 0.508872 1.73687 2.63203
19.24 0 0.526541 1.11676 2.14379
19.26 0 0.337587 0.530045 1.27145
19.28 0 0.0807808 0.293507 0.306511
19.3 0 0.100634 0.174209 -0.40054
19.32 0 0.313775 -0.0241955 -0.743858
19.34 0 0.189908 -0.311992 -0.9506
19.36 0 -0.176184 -0.563576 -1.03287
19.38 0 -0.480226 -0.732426 -0.929109
19.4 0 -0.619463 -0.927154 -0.80475
19.42 0 -0.699813 -1.1924 -0.940436
19.44 0 -0.761407 -1.24572 -1.25939
19.46 0 -0.599123 -1.05141 -1.51102
19.48 0 -0.37897 -0.944365 -1.71345
19.5 0 -0.191838 -0.921742 -1.7655
19.52 0 -0.131378 -0.833198 -1.61062
19.54 0 -0.290007 -0.76098 -1.35948
19.56 0 -0.651487 -0.965612 -1.21377
19.58 0 -0.851383 -1.26195 -1.09174
19.6 0 -0.714097 -1.24171 -0.930457
19.62 0 -0.55249 -0.975057 -0.978646
19.64 0 -0.481057 -0.844892 -1.32005
19.66 0 -0.200478 -0.677228 -1.43938
19.68 0 0.0610412 -0.528197 -1.32142
19.7 0 0.382091 0.00339874 -0.67836
19.72 0 0.883322 1.20079 0.770126
19.74 0 1.02232 2.00874 2.21478
19.76 0 0.904918 2.26088 3.44549
19.78 0 0.65378 2.12228 4.17555
19.8 0 0.0961325 1.58156 3.90856
19.82 0 -0.256758 0.99982 2.95305
19.84 0 0.288128 0.992523 2.03309
19.86 0 1.21729 1.44016 1.23773
19.88 0 1.76293 1.98691 0.664368
19.9 0 1.43118 1.84512 0.252171
19.92 0 0.507034 0.738257 0.0667423
19.94 0 -0.416205 -0.520001 0.227077
19.96 0 -1.22872 -1.45278 0.132291
19.98 0 -1.59817 -1.73499 -0.403229
20 0 -1.28316 -1.57093 -1.25123
20.02 0 -0.32714 -1.09988 -1.98262
20.04 0 0.736367 -0.346391 -2.25248
20.06 0 1.00319 0.223027 -2.1655
20.08 0 0.527875 0.216892 -1.61063
20.1 0 -0.00604277 -0.166614 -0.441687
20.12 0 -0.880313 -0.963693 0.371776
20.14 0 -2.11681 -2.04684 0.0270716
20.16 0 -2.45441 -2.59093 -0.875095
20.18 0 -1.57377 -2.45733 -2.01376
20.2 0 -0.274247 -1.76994 -3.22705
20.22 0 1.20317 -0.269998 -3.51292
20.24 0 2.09166 1.36594 -2.4965
20.26 0 1.85877 1.96095 -0.56252
20.28 0 0.797009 1.55402 1.89395
20.3 0 -0.560451 0.751318 4.00949
20.32 0 -1.81341 -0.0914793 4.68483
20.34 0 -2.29842 -0.83522 3.51618
20.36 0 -1.16912 -0.70673 1.47511
20.38 0 0.722874 0.309289 -0.710954
20.4 0 2.33964 1.60574 -2.22385
20.42 0 3.20631 2.4682 -2.25837
20.44 0 2.64278 2.21353 -1.04025
20.46 0 0.742676 1.08885 0.866835
20.48 0 -1.35423 -0.284494 2.72033
20.5 0 -2.44442 -0.989926 3.9437
20.52 0 -1.93574 -0.644128 4.03476
20.54 0 -0.517392 0.389493 2.67957
20.56 0 1.05764 1.42333 0.473618
20.58 0 2.19554 1.88875 -1.46624
20.6 0 2.47606 1.6275 -2.27417
20.62 0 1.69632 0.918691 -1.75258
20.64 0 0.0881972 -0.135333 -0.504893
20.66 0 -1.36383 -1.24052 0.754199
20.68 0 -2.40433 -2.07275 1.13215
20.7 0 -2.63891 -2.38491 0.350486
20.72 0 -1.93335 -2.02918 -1.11077
20.74 0 -0.294922 -1.39186 -2.65195
20.76 0 1.04248 -0.765982 -3.93946
20.78 0 1.21594 -0.486256 -4.63201
20.8 0 0.491445 -0.730699 -4.22689
20.82 0 -0.517645 -1.49465 -2.75494
20.84 0 -1.37611 -2.0455 -0.822713
20.86 0 -1.81897 -1.77938 0.771022
20.88 0 -1.64267 -0.859102 1.52157
20.9 0 -0.645362 0.172176 1.51728
20.92 0 0.774092 1.03936 1.07135
20.94 0 1.64788 1.67382 0.447977
20.96 0 1.72175 2.01577 0.181686
20.98 0 1.32171 1.72514 0.523945
21 0 0.591148 0.887824 1.20238
21.02 0 -0.167717 0.31037 1.95933
21.04 0 -0.544586 0.396168 2.51344
21.06 0 -0.331187 0.84355 2.6388
21.08 0 0.322376 1.24041 2.28681
21.1 0 0.964356 1.44731 1.57581
21.12 0 1.27762 1.54338 0.844552
21.14 0 1.17756 1.44601 0.404243
21.16 0 0.758594 0.996552 0.344552
21.18 0 0.0843567 0.27157 0.486776
21.2 0 -0.563108 -0.44851 0.563001
21.22 0 -0.908282 -0.847296 0.38688
21.24 0 -0.805204 -0.835869 -0.0706763
21.26 0 -0.378488 -0.610653 -0.730323
21.28 0 0.088887 -0.428976 -1.41471
21.3 0 0.35146 -0.37409 -1.86495
21.32 0 0.305709 -0.475421 -1.94079
21.34 0 -0.0589441 -0.679377 -1.64957
21.36 0 -0.493678 -0.876642 -1.07623
21.38 0 -0.746924 -0.904133 -0.388174
21.4 0 -0.78121 -0.75079 0.114262
21.42 0 -0.810423 -0.712692 0.0408276
21.44 0 -0.960178 -1.14462 -0.810877
21.46 0 -0.724471 -1.44036 -1.7269
21.48 0 -0.0336148 -1.07445 -2.14848
21.5 0 0.731073 -0.0531854 -1.83852
21.52 0 0.96101 0.717526 -1.11421
21.54 0 0.320808 0.464055 -0.399344
21.56 0 -0.564121 -0.462575 0.281063
21.58 0 -1.05775 -1.04337 0.875816
21.6 0 -0.97434 -0.736486 1.13679
21.62 0 -0.490777 0.0457977 0.876766
21.64 0 0.28175 0.672195 0.349078
21.66 0 0.885637 0.884401 -0.130946
21.68 0 1.29242 1.00367 -0.129783
21.7 0 1.31082 1.26733 0.409732
21.72 0 0.89086 1.4805 1.2692
21.74 0 0.128445 1.17918 2.01424
21.76 0 -0.521272 0.388068 2.33643
21.78 0 -0.717369 -0.184072 2.14048
21.8 0 -0.356116 0.0236896 1.52068
21.82 0 0.319997 0.715424 0.656096
21.84 0 1.1576 1.36726 0.0462076
21.86 0 1.68554 1.617 -0.0553945
21.88 0 1.43755 1.41183 0.256494
21.9 0 0.563983 0.941199 0.860012
21.92 0 -0.449593 0.324021 1.50778
21.94 0 -1.08053 -0.453891 1.71737
21.96 0 -1.30597 -1.09512 1.08892
21.98 0 -0.992397 -1.14915 -0.153416
22 0 -0.249238 -0.729365 -1.54037
22.02 0 0.64496 -0.22166 -2.49858
22.04 0 1.11019 0.0132524 -2.76628
22.06 0 0.694987 -0.34503 -2.54363
22.08 0 -0.289094 -0.964287 -1.83338
22.1 0 -1.1525 -1.42951 -0.787736
22.12 0 -1.6164 -1.61097 0.0508355
22.14 0 -1.67136 -1.48942 0.254587
22.16 0 -1.16509 -1.21908 -0.227738
22.18 0 -0.402865 -0.911584 -1.1982
22.2 0 0.219887 -0.643538 -2.24193
22.22 0 0.575165 -0.398772 -2.75635
22.24 0 0.678484 -0.280895 -2.44927
22.26 0 0.312927 -0.300207 -1.49958
22.28 0 -0.386939 -0.47273 -0.32788
22.3 0 -0.910538 -0.56194 0.798171
22.32 0 -0.898425 -0.358744 1.59948
22.34 0 -0.306348 0.346766 1.99781
22.36 0 0.474708 1.34543 2.00912
22.38 0 1.17609 2.06697 1.80823
22.4 0 1.58608 2.17896 1.6173
22.42 0 1.43179 1.77819 1.45346
22.44 0 0.921648 1.39183 1.51491
22.46 0 0.442177 1.26146 1.88446
22.48 0 0.203622 1.18111 2.31964
22.5 0 0.0738165 0.916466 2.37039
22.52 0 -0.0583448 0.557834 1.83773
22.54 0 0.0225299 0.410822 1.02787
22.56 0 0.280636 0.396547 0.180314
22.58 0 0.454738 0.30126 -0.547592
22.6 0 0.437261 0.0371942 -1.00637
22.62 0 0.127383 -0.369623 -1.20373
22.64 0 -0.317887 -0.77086 -1.16185
22.66 0 -0.653673 -1.05603 -0.986
22.68 0 -0.750177 -1.1432 -0.831521
22.7 0 -0.79555 -1.09844 -0.906643
22.72 0 -0.737308 -1.05528 -1.17924
22.74 0 -0.530311 -1.04832 -1.48408
22.76 0 -0.238983 -0.991619 -1.68587
22.78 0 -0.156138 -0.896113 -1.81209
22.8 0 -0.302461 -0.884706 -1.82287
22.82 0 -0.402471 -0.912079 -1.54197
22.84 0 -0.417474 -0.916059 -1.07542
22.86 0 -0.422119 -0.750424 -0.603958
22.88 0 -0.390289 -0.427106 -0.228961
22.9 0 -0.24597 -0.175469 -0.0144301
22.92 0 -0.0305174 -0.0113837 0.0890592
22.94 0 0.200963 0.20314 0.186534
22.96 0 0.351511 0.479304 0.32728
22.98 0 0.41343 0.696743 0.550513
23 0 0.388553 0.741911 0.826768
23.02 0 0.274848 0.685039 1.101
23.04 0 0.191923 0.63977 1.30842
23.06 0 0.1764 0.681916 1.38749
23.08 0 0.291903 0.824613 1.37264
23.1 0 0.475786 0.966608 1.27819
23.12 0 0.622952 1.02784 1.13635
23.14 0 0.627948 1.00012 0.999317
23.16 0 0.47827 0.850798 0.888785
23.18 0 0.264339 0.596881 0.813209
23.2 0 0.0484912 0.286958 0.698502
23.22 0 -0.112179 0.0450442 0.500796
23.24 0 -0.186678 -0.079896 0.214824
23.26 0 -0.101276 -0.123237 -0.0945036
23.28 0 0.0879732 -0.0767539 -0.33087
23.3 0 0.16464 -0.0528109 -0.526069
23.32 0 0.0587157 -0.141011 -0.659367
23.34 0 -0.135383 -0.357663 -0.691855
23.36 0 -0.315518 -0.597351 -0.643011
23.38 0 -0.441882 -0.72978 -0.59995
23.4 0 -0.472187 -0.700613 -0.609882
23.42 0 -0.364713 -0.569435 -0.652711
23.44 0 -0.158092 -0.410862 -0.680344
23.46 0 -0.00835889 -0.303257 -0.703734
23.48 0 -0.0252698 -0.288783 -0.723656
23.5 0 -0.133696 -0.35047 -0.677501
23.52 0 -0.243706 -0.455878 -0.567006
23.54 0 -0.314589 -0.531161 -0.454695
23.56 0 -0.320826 -0.497392 -0.384552
23.58 0 -0.241654 -0.362905 -0.356894
23.6 0 -0.0952623 -0.201052 -0.341787
23.62 0 0.0489353 -0.0705828 -0.30805
23.64 0 0.129389 0.0330825 -0.218005
23.66 0 0.111099 0.093162 -0.0770546
23.68 0 0.0438236 0.109436 0.109882
23.7 0 -0.00169641 0.114503 0.316731
23.72 0 -0.0120808 0.143451 0.475327
23.74 0 0.00780682 0.206709 0.535539
23.76 0 0.0379552 0.245877 0.4723
23.78 0 0.142371 0.299537 0.395922
23.8 0 0.293537 0.417978 0.394145
23.82 0 0.423273 0.592487 0.498635
23.84 0 0.421483 0.677653 0.628245
23.86 0 0.279352 0.598975 0.73317
23.88 0 0.12341 0.435434 0.81929
23.9 0 0.0813267 0.369268 0.904672
23.92 0 0.142629 0.471556 0.947032
23.94 0 0.219051 0.59227 0.869488
23.96 0 0.313711 0.642672 0.743205
23.98 0 0.377468 0.596761 0.618403
24 0 0.310162 0.461738 0.472928
24.02 0 0.0745274 0.197433 0.243736
24.04 0 -0.188863 -0.164178 -0.0446014
24.06 0 -0.264848 -0.415332 -0.268679
24.08 0 -0.198803 -0.455592 -0.450653
24.1 0 -0.163781 -0.406792 -0.678846
24.12 0 -0.206899 -0.471011 -0.945696
24.14 0 -0.305637 -0.750795 -1.22135
24.16 0 -0.42054 -1.02347 -1.40768
24.18 0 -0.525405 -1.13163 -1.4953
24.2 0 -0.627395 -1.15424 -1.55327
24.22 0 -0.626596 -1.17227 -1.56522
24.24 0 -0.475374 -1.08755 -1.45941
24.26 0 -0.159456 -0.729873 -1.1513
24.28 0 0.0459727 -0.224776 -0.745054
24.3 0 0.0593943 0.0910312 -0.328576
24.32 0 -0.000623407 0.112231 0.106868
24.34 0 -0.0800418 -0.00591506 0.469252
24.36 0 -0.155007 0.00695263 0.671846
24.38 0 -0.0999112 0.229054 0.742179
24.4 0 0.0792731 0.444531 0.685421
24.42 0 0.292037 0.579912 0.608561
24.44 0 0.532789 0.678158 0.616024
24.46 0 0.653013 0.832835 0.729516
24.48 0 0.651781 1.03745 0.981326
24.5 0 0.535102 1.10518 1.29042
24.52 0 0.36513 0.983985 1.56587
24.54 0 0.209213 0.792932 1.69728
24.56 0 0.154618 0.72323 1.6493
24.58 0 0.196318 0.751935 1.39439
24.6 0 0.302841 0.734599 0.983899
24.62 0 0.443072 0.648565 0.571288
24.64 0 0.498241 0.564061 0.278296
24.66 0 0.411813 0.484422 0.155033
24.68 0 0.166669 0.255675 0.101568
24.7 0 -0.190362 -0.180352 -0.0177379
24.72 0 -0.510389 -0.65657 -0.262575
24.74 0 -0.612709 -0.924956 -0.601143
24.76 0 -0.503634 -0.929314 -1.01047
24.78 0 -0.367173 -0.839045 -1.45415
24.8 0 -0.225846 -0.818148 -1.76823
24.82 0 -0.162949 -0.900589 -1.86377
24.84 0 -0.221449 -0.948329 -1.71025
24.86 0 -0.381961 -0.892149 -1.36347
24.88 0 -0.600186 -0.875746 -0.997749
24.9 0 -0.74608 -0.983794 -0.755853
24.92 0 -0.740514 -1.08792 -0.715052
24.94 0 -0.572944 -0.969317 -0.831463
24.96 0 -0.278618 -0.617267 -0.974738
24.98 0 0.114967 -0.195022 -0.958116
25 0 0.412671 0.104141 -0.735087
25.02 0 0.417891 0.280515 -0.310975
25.04 0 0.174719 0.311117 0.225468
25.06 0 -0.129196 0.205179 0.739203
25.08 0 -0.251976 0.137999 1.13788
25.1 0 -0.135644 0.284699 1.32474
25.12 0 0.134001 0.648262 1.2896
25.14 0 0.432914 0.98246 1.10279
25.16 0 0.724162 1.08726 0.91038
25.18 0 0.871045 1.05203 0.827569
25.2 0 0.808563 1.04955 0.911976
25.22 0 0.509157 1.02662 1.10157
25.24 0 0.218965 0.852492 1.34622
25.26 0 0.0841483 0.605264 1.53548
25.28 0 0.0728927 0.497635 1.51732
25.3 0 0.067035 0.526031 1.1817
25.32 0 0.102966 0.498701 0.636044
25.34 0 0.215787 0.309327 0.0877861
25.36 0 0.300501 0.0444969 -0.352682
25.38 0 0.200963 -0.13399 -0.647872
25.4 0 -0.0265116 -0.241339 -0.758053
25.42 0 -0.210915 -0.377077 -0.666524
25.44 0 -0.355793 -0.606298 -0.544871
25.46 0 -0.448188 -0.740043 -0.49118
25.48 0 -0.413797 -0.66016 -0.522563
25.5 0 -0.33415 -0.481149 -0.640414
25.52 0 -0.174701 -0.374243 -0.748139
25.54 0 -0.0552669 -0.405398 -0.828536
25.56 0 -0.138037 -0.554621 -0.947669
25.58 0 -0.376879 -0.742055 -1.07737
25.6 0 -0.52124 -0.874758 -1.0964
25.62 0 -0.519581 -0.954749 -1.0601
25.64 0 -0.472504 -0.948322 -1.07036
25.66 0 -0.397187 -0.807732 -1.09625
25.68 0 -0.264239 -0.612572 -1.06194
25.7 0 -0.0508939 -0.419321 -0.892389
25.72 0 0.0645314 -0.214713 -0.613317
25.74 0 0.0494639 -0.0212588 -0.257295
25.76 0 0.0139235 0.14073 0.178099
25.78 0 0.0518774 0.286253 0.64456
25.8 0 0.0795567 0.405804 0.970028
25.82 0 0.118164 0.547797 1.11839
25.84 0 0.221551 0.758154 1.19282
25.86 0 0.439177 0.917039 1.23061
25.88 0 0.618713 1.00493 1.22011
25.9 0 0.639437 1.02936 1.15285
25.92 0 0.537331 0.990301 1.0943
25.94 0 0.407869 0.877796 1.10112
25.96 0 0.31235 0.722272 1.14349
25.98 0 0.229975 0.595982 1.12725
26 0 0.159987 0.537503 1.00297
26.02 0 0.14574 0.491066 0.78798
26.04 0 0.177798 0.410161 0.535165
26.06 0 0.18557 0.271922 0.262139
26.08 0 0.118776 0.0864585 -0.0224933
26.1 0 -0.00578396 -0.107849 -0.27765
26.12 0 -0.146882 -0.315691 -0.490825
26.14 0 -0.254046 -0.511469 -0.656595
26.16 0 -0.307923 -0.635633 -0.780171
26.18 0 -0.323806 -0.670045 -0.879073
26.2 0 -0.319732 -0.690808 -0.986645
26.22 0 -0.290944 -0.675206 -1.03932
26.24 0 -0.275393 -0.657555 -1.0369
26.26 0 -0.289758 -0.653353 -0.986543
26.28 0 -0.359883 -0.700392 -0.943337
26.3 0 -0.427414 -0.770805 -0.917984
26.32 0 -0.418242 -0.775019 -0.882641
26.34 0 -0.356148 -0.697488 -0.857969
26.36 0 -0.248889 -0.559129 -0.822957
26.38 0 -0.100206 -0.389262 -0.728999
26.4 0 0.00771221 -0.203521 -0.551182
26.42 0 -0.0130116 -0.118032 -0.363181
26.44 0 -0.0902487 -0.121137 -0.15722
26.46 0 -0.132055 -0.13116 0.0554235
26.48 0 -0.092209 -0.0359453 0.254102
26.5 0 0.0506563 0.21102 0.446364
26.52 0 0.278739 0.570809 0.681577
26.54 0 0.47929 0.899998 0.957
26.56 0 0.613802 1.06716 1.23434
26.58 0 0.607772 1.10344 1.4606
26.6 0 0.474939 1.06128 1.58351
26.62 0 0.309561 0.968347 1.59509
26.64 0 0.27679 0.874991 1.54324
26.66 0 0.339638 0.814601 1.39484
26.68 0 0.407193 0.806264 1.14522
26.7 0 0.433161 0.796377 0.8576
26.72 0 0.363084 0.666335 0.582948
26.74 0 0.220097 0.36083 0.335658
26.76 0 0.0180589 -0.0159582 0.0864736
26.78 0 -0.208955 -0.328805 -0.202536
26.8 0 -0.408182 -0.586437 -0.568905
26.82 0 -0.510228 -0.844961 -0.994227
26.84 0 -0.507035 -1.07545 -1.42185
26.86 0 -0.404673 -1.148 -1.74002
26.88 0 -0.328097 -1.05215 -1.89366
26.9 0 -0.24872 -0.854619 -1.76982
26.92 0 -0.189712 -0.687066 -1.3858
26.94 0 -0.238395 -0.611343 -0.900234
26.96 0 -0.406818 -0.603895 -0.490978
26.98 0 -0.580564 -0.643499 -0.274352
27 0 -0.597468 -0.673778 -0.258356
27.02 0 -0.371896 -0.604091 -0.389694
27.04 0 -0.0712593 -0.349705 -0.579525
27.06 0 0.175301 -0.0299681 -0.699846
27.08 0 0.319981 0.182243 -0.604262
27.1 0 0.356033 0.251059 -0.238189
27.12 0 0.222697 0.257256 0.272221
27.14 0 0.0237397 0.319001 0.801149
27.16 0 -0.0680282 0.453741 1.24387
27.18 0 0.0232231 0.610736 1.50005
27.2 0 0.220695 0.790892 1.53011
27.22 0 0.449656 0.943568 1.35599
27.24 0 0.641227 1.06053 1.11567
27.26 0 0.748934 1.10043 0.941479
27.28 0 0.695233 1.04781 0.900242
27.3 0 0.502189 0.883462 0.970221
27.32 0 0.215959 0.615964 1.0391
27.34 0 -0.0689385 0.342699 1.01957
27.36 0 -0.170444 0.135755 0.861876
27.38 0 -0.12129 0.0276573 0.515183
27.4 0 -0.0218512 -0.022565 0.00636945
27.42 0 0.0497345 -0.109296 -0.542267
27.44 0 0.050993 -0.301837 -0.991246
27.46 0 -0.0470116 -0.552983 -1.25
27.48 0 -0.212046 -0.742056 -1.28533
27.5 0 -0.402295 -0.872285 -1.19571
27.52 0 -0.549594 -0.933828 -1.05699
27.54 0 -0.629278 -0.954391 -0.957867
27.56 0 -0.617973 -0.955423 -0.950996
27.58 0 -0.48168 -0.901054 -1.01401
27.6 0 -0.30014 -0.75163 -1.09848
27.62 0 -0.125505 -0.52817 -1.10571
27.64 0 0.0241151 -0.328519 -0.963766
27.66 0 0.0494519 -0.209642 -0.686541
27.68 0 -0.0646932 -0.189893 -0.350689
27.7 0 -0.244136 -0.246728 -0.0538295
27.72 0 -0.327936 -0.273264 0.166925
27.74 0 -0.237696 -0.161652 0.295038
27.76 0 -0.000142946 0.112701 0.349091
27.78 0 0.285077 0.457339 0.386397
27.8 0 0.531607 0.767634 0.514149
27.82 0 0.670457 1 0.813268
27.84 0 0.689097 1.10585 1.22537
27.86 0 0.544394 1.11851 1.61683
27.88 0 0.291956 1.04099 1.85209
27.9 0 0.138117 0.907886 1.90066
27.92 0 0.108094 0.714484 1.66771
27.94 0 0.136959 0.52714 1.14776
27.96 0 0.223785 0.435779 0.52384
27.98 0 0.340828 0.373075 -0.0203208
28 0 0.371762 0.23227 -0.390151
28.02 0 0.230118 -0.00355506 -0.56535
28.04 0 -0.041537 -0.267618 -0.567447
28.06 0 -0.326494 -0.506401 -0.481858
28.08 0 -0.511543 -0.678064 -0.420108
28.1 0 -0.561767 -0.764432 -0.487069
28.12 0 -0.494351 -0.767591 -0.708004
28.14 0 -0.326542 -0.692535 -0.986431
28.16 0 -0.150033 -0.609669 -1.2279
28.18 0 -0.0876225 -0.601866 -1.37648
28.2 0 -0.131269 -0.635702 -1.34048
28.22 0 -0.228495 -0.658526 -1.10938
28.24 0 -0.358923 -0.671201 -0.800847
28.26 0 -0.467101 -0.669902 -0.538561
28.28 0 -0.449349 -0.594048 -0.356733
28.3 0 -0.265091 -0.381989 -0.232138
28.32 0 0.00669229 -0.0562187 -0.131967
28.34 0 0.241261 0.266635 -0.0156284
28.36 0 0.370948 0.479129 0.175499
28.38 0 0.387585 0.567815 0.469225
28.4 0 0.321777 0.608625 0.83331
28.42 0 0.22078 0.659568 1.17667
28.44 0 0.135716 0.70002 1.39235
28.46 0 0.160736 0.720614 1.44665
28.48 0 0.260482 0.728353 1.31653
28.5 0 0.362813 0.733066 1.03676
28.52 0 0.408418 0.698151 0.695637
28.54 0 0.410739 0.60199 0.426192
28.56 0 0.34848 0.448376 0.282918
28.58 0 0.165285 0.245621 0.212374
28.6 0 -0.0251064 0.0530161 0.196035
28.62 0 -0.155325 -0.101254 0.166374
28.64 0 -0.176997 -0.16829 0.0904813
28.66 0 -0.14326 -0.180093 -0.0780371
28.68 0 -0.104571 -0.205903 -0.326848
28.7 0 -0.0326354 -0.225549 -0.5289
28.72 0 -0.0101836 -0.278189 -0.667612
28.74 0 -0.0845623 -0.368062 -0.741065
28.76 0 -0.197118 -0.460514 -0.726905
28.78 0 -0.28453 -0.528907 -0.64531
28.8 0 -0.30864 -0.533209 -0.537267
28.82 0 -0.290607 -0.477655 -0.466711
28.84 0 -0.254206 -0.416332 -0.470931
28.86 0 -0.187861 -0.370489 -0.513083
28.88 0 -0.0812034 -0.296795 -0.515099
28.9 0 0.004611 -0.188221 -0.456029
28.92 0 0.0361933 -0.0730109 -0.326574
28.94 0 -0.000731962 -0.0293025 -0.164112
28.96 0 -0.080151 -0.0786441 -0.0182309
28.98 0 -0.118203 -0.108912 0.111727
29 0 -0.114328 -0.0734644 0.17212
29.02 0 -0.0676515 0.0083009 0.151899
29.04 0 0.0536324 0.120061 0.124176
29.06 0 0.186127 0.221266 0.120499
29.08 0 0.270924 0.322012 0.181126
29.1 0 0.254889 0.380511 0.290453
29.12 0 0.163823 0.357185 0.423925
29.14 0 0.0924715 0.306612 0.578823
29.16 0 0.0509689 0.27513 0.679486
29.18 0 0.0517886 0.302514 0.688656
29.2 0 0.0543708 0.299729 0.555448
29.22 0 0.0597704 0.209125 0.31274
29.24 0 0.108489 0.113681 0.0810431
29.26 0 0.134455 0.0589378 -0.102223
29.28 0 0.1065 0.0422231 -0.203805
29.3 0 0.0486937 0.0097078 -0.204603
29.32 0 -0.0138007 -0.0618765 -0.128145
29.34 0 -0.0786927 -0.127927 -0.0343891
29.36 0 -0.116362 -0.120358 0.0419016
29.38 0 -0.13524 -0.0950304 0.0387035
29.4 0 -0.114843 -0.103869 -0.0408307
29.42 0 -0.0895822 -0.172506 -0.195557
29.44 0 -0.092048 -0.261855 -0.392847
29.46 0 -0.099353 -0.311559 -0.553425
29.48 0 -0.106314 -0.335272 -0.638491
29.5 0 -0.0700021 -0.299986 -0.585067
29.52 0 -0.0607465 -0.250091 -0.456897
29.54 0 -0.081426 -0.187544 -0.2859
29.56 0 -0.119129 -0.148505 -0.125424
29.58 0 -0.0988064 -0.0902309 0.0353099
29.6 0 -0.016474 0.0237123 0.180893
29.62 0 0.0753045 0.175981 0.282633
29.64 0 0.172431 0.338243 0.375789
29.66 0 0.241711 0.439608 0.466312
29.68 0 0.252278 0.458179 0.547259
29.7 0 0.181317 0.398928 0.581367
29.72 0 0.107571 0.335902 0.59348
29.74 0 0.0518142 0.264137 0.54581
29.76 0 0.0685728 0.237253 0.472462
29.78 0 0.127047 0.255924 0.377298
29.8 0 0.14102 0.244292 0.234179
29.82 0 0.117583 0.178783 0.0936442
29.84 0 0.0569612 0.049111 -0.0281034
29.86 0 -0.00642039 -0.0702813 -0.102645
29.88 0 -0.0768094 -0.151136 -0.159686
29.9 0 -0.138765 -0.208555 -0.223694
29.92 0 -0.177555 -0.280308 -0.313035
29.94 0 -0.22522 -0.40454 -0.468199
29.96 0 -0.228726 -0.485322 -0.617509
29.98 0 -0.197953 -0.489528 -0.728922
30 0 -0.162113 -0.451039 -0.785486
30.02 0 -0.112354 -0.384428 -0.739383
30.04 0 -0.0690949 -0.303208 -0.58892
30.06 0 -0.0672706 -0.220813 -0.379553
30.08 0 -0.114165 -0.168476 -0.178333
30.1 0 -0.17801 -0.175062 -0.0457281
30.12 0 -0.173164 -0.173528 0.0316973
30.14 0 -0.0950783 -0.107225 0.0535555
30.16 0 0.0106319 0.0186384 0.0300083
30.18 0 0.104551 0.136433 -0.000340516
30.2 0 0.187629 0.217256 0.0367809
30.22 0 0.226726 0.267083 0.158565
30.24 0 0.187244 0.297864 0.325021
30.26 0 0.104302 0.311246 0.49508
30.28 0 0.0390563 0.293868 0.621566
30.3 0 0.0396681 0.280906 0.678183
30.32 0 0.0672373 0.279682 0.616313
30.34 0 0.126732 0.31486 0.483116
30.36 0 0.190596 0.335994 0.325014
30.38 0 0.264525 0.355194 0.239415
30.4 0 0.286748 0.362731 0.240251
30.42 0 0.207562 0.325318 0.28599
30.44 0 0.0553779 0.209241 0.324675
30.46 0 -0.110821 0.00930668 0.288399
30.48 0 -0.195541 -0.162756 0.173793
30.5 0 -0.179649 -0.222683 -0.0176412
30.52 0 -0.0872768 -0.175606 -0.24395
30.54 0 0.0385428 -0.096527 -0.426946
30.56 0 0.118046 -0.0682473 -0.515931
30.58 0 0.111859 -0.0816263 -0.470941
30.6 0 0.00596428 -0.123346 -0.326738
30.62 0 -0.140962 -0.18115 -0.144294
30.64 0 -0.252276 -0.246351 -0.00303844
30.66 0 -0.277141 -0.280905 0.037228
30.68 0 -0.194245 -0.225945 -0.0180326
30.7 0 -0.0730747 -0.132379 -0.166439
30.72 0 0.044996 -0.0525707 -0.323779
30.74 0 0.0654135 -0.0899926 -0.469394
30.76 0 0.0091438 -0.196091 -0.526583
30.78 0 -0.0950532 -0.301376 -0.48952
30.8 0 -0.222058 -0.384023 -0.420989
30.82 0 -0.276901 -0.400006 -0.334188
30.84 0 -0.223106 -0.333572 -0.250975
30.86 0 -0.104788 -0.198016 -0.19422
30.88 0 0.015789 -0.0362712 -0.154948
30.9 0 0.11352 0.104999 -0.0842938
30.92 0 0.130677 0.148696 0.00282285
30.94 0 0.0748604 0.111319 0.102481
30.96 0 0.00954823 0.0771917 0.218758
30.98 0 0.00626334 0.125623 0.354272
31 0 0.0725543 0.252207 0.48059
31.02 0 0.185796 0.415133 0.588431
31.04 0 0.292915 0.555291 0.674137
31.06 0 0.344756 0.631028 0.739168
31.08 0 0.326619 0.635984 0.790341
31.1 0 0.265727 0.588385 0.829042
31.12 0 0.159937 0.468855 0.793674
31.14 0 0.075822 0.333729 0.687589
31.16 0 0.0356384 0.215976 0.504017
31.18 0 -0.000992029 0.0852869 0.218895
31.2 0 0.0141535 -0.00783669 -0.0643611
31.22 0 0.0775995 -0.0365197 -0.259468
31.24 0 0.103895 -0.0422731 -0.360095
31.26 0 0.0414458 -0.0862906 -0.384367
31.28 0 -0.0594276 -0.16838 -0.326863
31.3 0 -0.193552 -0.305064 -0.276266
31.32 0 -0.321787 -0.448762 -0.29864
31.34 0 -0.3891 -0.549131 -0.41719
31.36 0 -0.332647 -0.553073 -0.575265
31.38 0 -0.211911 -0.503561 -0.751724
31.4 0 -0.107203 -0.449316 -0.899412
31.42 0 -0.071471 -0.424274 -0.960276
31.44 0 -0.100925 -0.431264 -0.892573
31.46 0 -0.154597 -0.429215 -0.69393
31.48 0 -0.241363 -0.429218 -0.469626
31.5 0 -0.273455 -0.371356 -0.248173
31.52 0 -0.217326 -0.250793 -0.0739887
31.54 0 -0.0899843 -0.0827389 0.0359334
31.56 0 0.0259746 0.0595713 0.0602708
31.58 0 0.080418 0.115517 0.0223735
31.6 0 0.10299 0.11254 0.00418805
31.62 0 0.156407 0.164295 0.102326
31.64 0 0.222091 0.313098 0.315283
31.66 0 0.222874 0.453912 0.542751
31.68 0 0.172036 0.493507 0.724668
31.7 0 0.125132 0.440481 0.832563
31.72 0 0.0809561 0.352904 0.811862
31.74 0 0.0579584 0.299572 0.664986
31.76 0 0.0957965 0.292712 0.457906
31.78 0 0.1881 0.297085 0.262937
31.8 0 0.27902 0.309131 0.142463
31.82 0 0.366798 0.418081 0.20766
31.84 0 0.365682 0.539626 0.407739
31.86 0 0.245842 0.539679 0.636445
31.88 0 0.0845936 0.407363 0.81489
31.9 0 -0.0871386 0.189876 0.812622
31.92 0 -0.190729 0.0107431 0.59973
31.94 0 -0.184412 -0.0960493 0.207948
31.96 0 -0.0616259 -0.141735 -0.243298
31.98 0 0.0855256 -0.167388 -0.638083
32 0 0.144784 -0.20135 -0.882661
32.02 0 0.0508725 -0.29163 -0.94873
32.04 0 -0.144636 -0.444416 -0.847035
32.06 0 -0.348486 -0.608488 -0.653043
32.08 0 -0.507779 -0.727106 -0.505742
32.1 0 -0.584267 -0.77833 -0.513667
32.12 0 -0.502621 -0.745409 -0.655801
32.14 0 -0.267637 -0.605869 -0.829304
32.16 0 -0.00337537 -0.383078 -0.934815
32.18 0 0.131111 -0.191983 -0.921406
32.2 0 0.109077 -0.1205 -0.738243
32.22 0 0.0330697 -0.104138 -0.346769
32.24 0 -0.087354 -0.0925606 0.104811
32.26 0 -0.196852 -0.0284906 0.470666
32.28 0 -0.19582 0.0903266 0.677696
32.3 0 -0.0344011 0.24989 0.730332
32.32 0 0.222527 0.450136 0.678431
32.34 0 0.423606 0.634539 0.56964
32.36 0 0.49515 0.723818 0.49142
32.38 0 0.45282 0.680447 0.519984
32.4 0 0.312986 0.537758 0.63498
32.42 0 0.158745 0.429619 0.801754
32.44 0 0.0474611 0.394379 0.922385
32.46 0 0.0496757 0.427812 0.955191
32.48 0 0.13795 0.468116 0.863661
32.5 0 0.247212 0.49258 0.674616
32.52 0 0.306156 0.479586 0.44591
32.54 0 0.265688 0.37712 0.222382
32.56 0 0.135291 0.165968 0.0332767
32.58 0 -0.0413153 -0.103504 -0.12422
32.6 0 -0.22088 -0.356514 -0.289613
32.62 0 -0.344245 -0.53442 -0.483994
32.64 0 -0.360615 -0.617336 -0.68897
32.66 0 -0.311345 -0.655175 -0.905733
32.68 0 -0.24438 -0.665716 -1.08999
32.7 0 -0.203867 -0.660962 -1.19294
32.72 0 -0.22818 -0.665111 -1.19401
32.74 0 -0.29803 -0.698906 -1.10028
32.76 0 -0.351255 -0.714127 -0.923564
32.78 0 -0.385177 -0.7035 -0.757974
32.8 0 -0.400325 -0.655194 -0.664009
32.82 0 -0.324093 -0.539302 -0.597915
32.84 0 -0.165207 -0.367699 -0.522257
32.86 0 0.000340782 -0.169606 -0.41502
32.88 0 0.119345 0.0375197 -0.235004
32.9 0 0.156547 0.187999 0.0104384
32.92 0 0.143982 0.275633 0.312244
32.94 0 0.139712 0.363134 0.64439
32.96 0 0.164932 0.507118 0.950521
32.98 0 0.200691 0.687467 1.1737
33 0 0.309164 0.825425 1.30114
33.02 0 0.443842 0.914879 1.33403
33.04 0 0.5257 0.968452 1.27518
33.06 0 0.52766 0.986223 1.17432
33.08 0 0.48108 0.939522 1.09612
33.1 0 0.392938 0.789895 1.02818
33.12 0 0.232098 0.543168 0.889547
33.14 0 0.0601352 0.323566 0.693788
33.16 0 -0.0591244 0.135928 0.4297
33.18 0 -0.052708 -0.00822343 0.138878
33.2 0 0.00133064 -0.105798 -0.171236
33.22 0 0.00933653 -0.177087 -0.475153
33.24 0 -0.05016 -0.283721 -0.720356
33.26 0 -0.144638 -0.452648 -0.861104
33.28 0 -0.242813 -0.617973 -0.892807
33.3 0 -0.349502 -0.715455 -0.875841
33.32 0 -0.426688 -0.733229 -0.852092
33.34 0 -0.439857 -0.730627 -0.854643
33.36 0 -0.37811 -0.713698 -0.874798
33.38 0 -0.279246 -0.656377 -0.900205
33.4 0 -0.207498 -0.566743 -0.920568
33.42 0 -0.168058 -0.476779 -0.887704
33.44 0 -0.137294 -0.409528 -0.760141
33.46 0 -0.125162 -0.357789 -0.558824
33.48 0 -0.113394 -0.254319 -0.301438
33.5 0 -0.114009 -0.126477 -0.0622898
33.52 0 -0.0864268 -0.0076137 0.133404
33.54 0 0.0160583 0.125705 0.308016
33.56 0 0.11961 0.256136 0.419575
33.58 0 0.212514 0.407212 0.507282
33.6 0 0.278932 0.530935 0.593611
33.62 0 0.288174 0.55859 0.66319
33.64 0 0.270679 0.536411 0.73819
33.66 0 0.23765 0.51979 0.80279
33.68 0 0.197708 0.515722 0.824995
33.7 0 0.193292 0.521148 0.814639
33.72 0 0.226959 0.520906 0.774799
33.74 0 0.250193 0.501435 0.692574
33.76 0 0.229024 0.451869 0.571148
33.78 0 0.177625 0.363633 0.437989
33.8 0 0.118008 0.239715 0.310237
33.82 0 0.0347262 0.0838116 0.160601
33.84 0 -0.0494553 -0.0608163 -0.00684683
33.86 0 -0.112962 -0.181174 -0.187691
33.88 0 -0.143024 -0.280336 -0.368327
33.9 0 -0.150167 -0.359626 -0.532989
33.92 0 -0.147433 -0.405681 -0.654637
33.94 0 -0.140352 -0.410212 -0.704259
33.96 0 -0.143287 -0.396738 -0.681977
33.98 0 -0.161705 -0.386994 -0.605116
34 0 -0.207088 -0.403457 -0.522394
34.02 0 -0.247205 -0.420867 -0.453492
34.04 0 -0.254364 -0.418955 -0.417414
34.06 0 -0.214263 -0.379025 -0.411545
34.08 0 -0.150649 -0.315663 -0.430828
34.1 0 -0.0839055 -0.246538 -0.443848
34.12 0 -0.0288078 -0.182538 -0.413425
34.14 0 0.0031761 -0.121274 -0.318516
34.16 0 -0.00299931 -0.0709711 -0.178092
34.18 0 -0.0348659 -0.0368263 -0.0234705
34.2 0 -0.0462951 0.00344165 0.129653
34.22 0 -0.0228909 0.0630319 0.25042
34.24 0 0.0369175 0.15543 0.330262
34.26 0 0.109934 0.256629 0.368505
34.28 0 0.186479 0.347154 0.397761
34.3 0 0.250914 0.419883 0.449824
34.32 0 0.259652 0.451004 0.510117
34.34 0 0.217105 0.4412 0.571198
34.36 0 0.157842 0.401773 0.62135
34.38 0 0.116196 0.356221 0.642055
34.4 0 0.107567 0.330551 0.616699
34.42 0 0.118205 0.320064 0.533034
34.44 0 0.142745 0.310612 0.415128
34.46 0 0.161724 0.278732 0.290409
34.48 0 0.154995 0.222111 0.184476
34.5 0 0.0904669 0.124054 0.083645
34.52 0 0.00674775 0.0134668 0.00556963
34.54 0 -0.0659586 -0.0923611 -0.0606167
34.56 0 -0.110079 -0.171115 -0.130956
34.58 0 -0.127338 -0.216529 -0.219304
34.6 0 -0.134498 -0.253945 -0.333774
34.62 0 -0.12139 -0.283237 -0.438444
34.64 0 -0.114753 -0.318254 -0.524197
34.66 0 -0.128483 -0.351915 -0.577366
34.68 0 -0.157355 -0.378077 -0.589414
34.7 0 -0.194872 -0.406851 -0.574146
34.72 0 -0.216711 -0.424177 -0.537942
34.74 0 -0.211 -0.411642 -0.494108
34.76 0 -0.18687 -0.366707 -0.457458
34.78 0 -0.149947 -0.30527 -0.42644
34.8 0 -0.102625 -0.243125 -0.384934
34.82 0 -0.0534067 -0.17914 -0.316379
34.84 0 -0.0185622 -0.107631 -0.21749
34.86 0 0.000267929 -0.0302879 -0.0909014
34.88 0 0.00982897 0.0373485 0.0484758
34.9 0 0.0265978 0.0977169 0.187926
34.92 0 0.0548041 0.164086 0.310077
34.94 0 0.0947856 0.245954 0.406238
34.96 0 0.137934 0.324881 0.470727
34.98 0 0.179331 0.381432 0.511473
35 0 0.209302 0.411525 0.538064
35.02 0 0.214662 0.419847 0.552275
35.04 0 0.202054 0.417044 0.561371
35.06 0 0.176974 0.397704 0.560009
35.08 0 0.148542 0.357213 0.538449
35.1 0 0.126888 0.309627 0.493364
35.12 0 0.108594 0.263355 0.418354
35.14 0 0.0894449 0.21375 0.31497
35.16 0 0.0765063 0.158848 0.202762
35.18 0 0.0591313 0.0919635 0.089911
35.2 0 0.0264269 0.0158852 -0.0183493
35.22 0 -0.020965 -0.0647536 -0.117906
35.24 0 -0.0696854 -0.145197 -0.205001
35.26 0 -0.108993 -0.218717 -0.281612
35.28 0 -0.138383 -0.278838 -0.355195
35.3 0 -0.155125 -0.318294 -0.423976
35.32 0 -0.160283 -0.34176 -0.48339
35.34 0 -0.159281 -0.358041 -0.527766
35.36 0 -0.156258 -0.366771 -0.548835
35.38 0 -0.15699 -0.366502 -0.544957
35.4 0 -0.157214 -0.354386 -0.51512
35.42 0 -0.153084 -0.330095 -0.463578
35.44 0 -0.141321 -0.294254 -0.397723
35.46 0 -0.119829 -0.245167 -0.32324
35.48 0 -0.0898636 -0.184185 -0.244559
35.5 0 -0.0535992 -0.114567 -0.161736
35.52 0 -0.0156496 -0.0426967 -0.0743509
35.54 0 0.0201605 0.0280927 0.0191822
35.56 0 0.0498692 0.0947505 0.116672
35.58 0 0.0727277 0.155313 0.213604
35.6 0 0.0914387 0.208461 0.303878
35.62 0 0.108545 0.253661 0.380227
35.64 0 0.125938 0.291947 0.437416
35.66 0 0.143324 0.323371 0.473277
35.68 0 0.159022 0.346023 0.48947
35.7 0 0.169211 0.356316 0.48917
35.72 0 0.169678 0.351874 0.475827
35.74 0 0.157387 0.331794 0.451284
35.76 0 0.136097 0.296823 0.416144
35.78 0 0.11006 0.250478 0.368253
35.8 0 0.0826829 0.197609 0.30445
35.82 0 0.0568096 0.142168 0.224385
35.84 0 0.0342359 0.0850347 0.131529
35.86 0 0.0139374 0.0263043 0.0324085
35.88 0 -0.00754032 -0.0335105 -0.0657844
35.9 0 -0.0331999 -0.0932781 -0.156512
35.92 0 -0.0626465 -0.151908 -0.235126
35.94 0 -0.0929335 -0.207355 -0.300073
35.96 0 -0.120109 -0.255737 -0.352591
35.98 0 -0.123111 -0.271412 -0.374574
36 0 -0.141874 -0.294043 -0.40704
36.02 0 -0.149604 -0.30716 -0.426613
36.04 0 -0.144815 -0.31157 -0.43219
36.06 0 -0.134044 -0.302566 -0.42525
36.08 0 -0.12282 -0.278798 -0.405475
36.1 0 -0.109871 -0.246355 -0.369318
36.12 0 -0.0926879 -0.211142 -0.31488
