0.02 0 0.0340843 0.0412205 0.0395154
0.04 0 -0.00412158 0.0133558 0.0133669
0.06 0 -0.00829124 0.00302541 0.016101
0.08 0 0.041591 0.047009 0.0695758
0.1 0 -0.00722308 0.0115175 0.0277008
0.12 0 -0.0586262 -0.0471127 -0.0335385
0.14 0 -0.0156275 -0.0430834 -0.0278729
0.16 0 0.0233043 -0.0150178 -0.0260493
0.18 0 0.0474986 0.0493779 -0.00870939
0.2 0 0.0436929 0.0817502 0.0145975
0.22 0 0.0232388 0.0504672 0.0412918
0.24 0 0.0161145 0.0212186 0.0872265
0.26 0 0.0190659 0.0475169 0.13869
0.28 0 0.0399966 0.125221 0.192195
0.3 0 0.0225455 0.12737 0.177318
0.32 0 -0.00768793 0.0436135 0.108961
0.34 0 -0.0277777 -0.0519863 0.0155342
0.36 0 -0.0126876 -0.0626528 -0.0555998
0.38 0 0.0236182 -0.000491506 -0.0895457
0.4 0 0.00847764 -0.00459815 -0.140581
0.42 0 -0.0123519 -0.0666733 -0.161783
0.44 0 -0.0414915 -0.136165 -0.159951
0.46 0 -0.106438 -0.189059 -0.182339
0.48 0 -0.165036 -0.227216 -0.230884
0.5 0 -0.168144 -0.264276 -0.288492
0.52 0 -0.121969 -0.279031 -0.343577
0.54 0 -0.00474061 -0.162734 -0.309452
0.56 0 0.105196 0.0359148 -0.191628
0.58 0 0.0450401 0.0632782 -0.136484
0.6 0 -0.064259 -0.061604 -0.084235
0.62 0 -0.0802623 -0.135163 0.0373085
0.64 0 -0.0375621 -0.0456696 0.166423
0.66 0 -0.0432431 0.0718564 0.178416
0.68 0 -0.0511216 0.0751434 0.0941869
0.7 0 0.0615583 0.058599 0.0672709
0.72 0 0.125138 0.0496427 0.0257589
0.74 0 0.0922185 0.0929184 -0.0161765
0.76 0 0.0772908 0.163675 0.0356575
0.78 0 0.0975513 0.173607 0.162085
0.8 0 0.0249779 0.0642651 0.209737
0.82 0 -0.0485139 0.00847288 0.223964
0.84 0 0.0509559 0.171276 0.342215
0.86 0 0.129623 0.305718 0.386907
0.88 0 0.138784 0.307173 0.343425
0.9 0 0.201578 0.31951 0.370941
0.92 0 0.218684 0.337744 0.409736
0.94 0 -0.00104853 0.147929 0.240984
0.96 0 -0.117521 -0.0377862 0.10755
0.98 0 0.00194257 -0.0368855 0.117372
1 0 0.0156368 -0.0311109 -0.00283666
1.02 0 -0.00787757 0.00265608 -0.142141
1.04 0 0.00163652 -0.0230086 -0.223513
1.06 0 0.00409613 -0.129813 -0.261041
1.08 0 -0.0654095 -0.236539 -0.29907
1.1 0 -0.121649 -0.226707 -0.282271
1.12 0 -0.110587 -0.151665 -0.209837
1.14 0 -0.126919 -0.183696 -0.207619
1.16 0 -0.129717 -0.246809 -0.237236
1.18 0 -0.0652945 -0.194372 -0.219382
1.2 0 0.0340994 -0.0235938 -0.14106
1.22 0 0.0932451 0.122684 -0.0419994
1.24 0 0.000620624 0.0376704 -0.0439174
1.26 0 -0.155966 -0.206175 -0.121852
1.28 0 -0.198718 -0.331486 -0.159577
1.3 0 -0.164014 -0.281708 -0.205143
1.32 0 -0.0800424 -0.136753 -0.256512
1.34 0 0.0232802 -0.0358684 -0.283348
1.36 0 0.0289897 -0.0969661 -0.333434
1.38 0 -0.00634035 -0.167265 -0.316448
1.4 0 -0.045773 -0.149804 -0.216631
1.42 0 -0.0700625 -0.076019 -0.0758243
1.44 0 -0.0285731 0.0248471 0.0983542
1.46 0 0.0118873 0.0832525 0.217829
1.48 0 0.048611 0.140883 0.285323
1.5 0 0.0829967 0.208577 0.314204
1.52 0 0.169171 0.321098 0.38206
1.54 0 0.22033 0.391052 0.438669
1.56 0 0.205866 0.393773 0.472518
1.58 0 0.159864 0.35582 0.49953
1.6 0 0.160062 0.36077 0.566043
1.62 0 0.114862 0.325931 0.553415
1.64 0 -8.38797e-05 0.184588 0.397739
1.66 0 -0.0430466 0.0400352 0.209034
1.68 0 0.0127012 -0.0164112 0.0461716
1.7 0 0.102678 0.0470242 -0.064452
1.72 0 0.105498 0.0861013 -0.167113
1.74 0 0.052951 0.0251837 -0.214225
1.76 0 -0.00812388 -0.0982945 -0.183763
1.78 0 -0.131792 -0.245894 -0.180298
1.8 0 -0.223679 -0.301254 -0.189668
1.82 0 -0.176285 -0.225076 -0.163738
1.84 0 -0.0629038 -0.122219 -0.155976
1.86 0 -0.0334783 -0.120694 -0.247755
1.88 0 -0.123811 -0.261152 -0.435965
1.9 0 -0.124215 -0.331969 -0.504423
1.92 0 -0.0668171 -0.290785 -0.461092
1.94 0 -0.0819091 -0.23468 -0.417569
1.96 0 -0.109636 -0.19301 -0.342974
1.98 0 -0.038547 -0.107691 -0.158792
2 0 0.0394046 0.00819673 0.048281
2.02 0 -0.0948161 -0.0464647 0.0366315
2.04 0 -0.0957412 -0.0303559 0.0824484
2.06 0 0.128379 0.172748 0.284622
2.08 0 0.221073 0.334266 0.376687
2.1 0 0.13565 0.34786 0.339986
2.12 0 -0.0248311 0.135223 0.209316
2.14 0 -0.0631795 -0.0804078 0.124582
2.16 0 0.0132563 -0.0701914 0.104868
2.18 0 -0.0400403 -0.0242245 -0.0548935
2.2 0 -0.0733474 -0.0307752 -0.216709
2.22 0 0.109685 0.0228042 -0.150358
2.24 0 0.2066 0.0758561 -0.0432524
2.26 0 0.207905 0.256092 0.151342
2.28 0 0.185112 0.450395 0.435704
2.3 0 0.0225356 0.316977 0.55705
2.32 0 -0.0464177 0.123474 0.629104
2.34 0 0.0300171 0.158991 0.675013
2.36 0 0.0896195 0.32707 0.570069
2.38 0 0.0907558 0.352824 0.310818
2.4 0 0.0901728 0.139161 0.0110639
2.42 0 0.195094 0.0171609 -0.100636
2.44 0 0.221724 0.0960224 -0.0872675
2.46 0 0.0110482 0.0922879 -0.134365
2.48 0 -0.220196 -0.150612 -0.197232
2.5 0 -0.28364 -0.458108 -0.220319
2.52 0 -0.329229 -0.634919 -0.364889
2.54 0 -0.41901 -0.649867 -0.683993
2.56 0 -0.337042 -0.566397 -0.952045
2.58 0 -0.0914908 -0.500472 -1.05478
2.6 0 -0.00248999 -0.525204 -1.10923
2.62 0 -0.00498547 -0.396222 -0.945639
2.64 0 0.0223516 -0.107634 -0.493426
2.66 0 -0.0969643 -0.0485428 -0.0801949
2.68 0 -0.166344 -0.0764861 0.30884
2.7 0 -0.148295 -0.0198091 0.582943
2.72 0 -0.127197 0.100242 0.60193
2.74 0 0.117084 0.398368 0.616757
2.76 0 0.323654 0.552131 0.511768
2.78 0 0.197123 0.292793 0.138304
2.8 0 -0.00532385 -0.0863679 -0.213506
2.82 0 -0.0653873 -0.271705 -0.347473
2.84 0 -0.0982136 -0.287512 -0.391032
2.86 0 -0.046576 -0.131843 -0.300525
2.88 0 0.0924729 0.0923496 -0.0700528
2.9 0 0.113686 0.162682 0.11103
2.92 0 0.0379591 0.1252 0.234803
2.94 0 0.00816013 0.134356 0.373052
2.96 0 0.1252 0.314422 0.58637
2.98 0 0.143532 0.409401 0.631696
3 0 0.0869683 0.349334 0.525039
3.02 0 0.279188 0.465264 0.619341
3.04 0 0.592156 0.833061 0.920971
3.06 0 0.610213 1.09182 1.12228
3.08 0 0.251021 0.849872 1.04193
3.1 0 -0.177644 0.163628 0.740008
3.12 0 -0.326608 -0.37782 0.402584
3.14 0 -0.318794 -0.505467 -0.0724001
3.16 0 -0.216933 -0.347218 -0.627909
3.18 0 0.125605 -0.0860491 -0.914609
3.2 0 0.340649 -0.0741816 -1.01148
3.22 0 0.194056 -0.257308 -0.969093
3.24 0 -0.21365 -0.489305 -0.805327
3.26 0 -0.579656 -0.719043 -0.568889
3.28 0 -0.686395 -0.864124 -0.364659
3.3 0 -0.490703 -0.71871 -0.244973
3.32 0 -0.131287 -0.259353 -0.218443
3.34 0 0.189085 0.204239 -0.259236
3.36 0 0.443149 0.471456 -0.17042
3.38 0 0.44857 0.425956 0.0125583
3.4 0 0.196517 0.235347 0.247558
3.42 0 -0.288792 -0.12509 0.295177
3.44 0 -0.682308 -0.570817 0.112095
3.46 0 -0.539098 -0.664347 -0.0372325
3.48 0 -0.214655 -0.481088 -0.353759
3.5 0 0.151397 -0.0575789 -0.648772
3.52 0 0.485692 0.35593 -0.67686
3.54 0 0.493877 0.35657 -0.533406
3.56 0 0.288446 0.175201 -0.122139
3.58 0 0.0119286 0.102939 0.463996
3.6 0 -0.250921 0.135884 0.944624
3.62 0 -0.306245 0.211626 1.18774
3.64 0 -0.180835 0.213409 1.0597
3.66 0 0.0421229 0.216478 0.627106
3.68 0 0.298459 0.326597 0.126611
3.7 0 0.364216 0.305871 -0.373586
3.72 0 0.389658 0.227684 -0.541372
3.74 0 0.227301 0.00706624 -0.48019
3.76 0 -0.114677 -0.266492 -0.318927
3.78 0 -0.438235 -0.477655 -0.150211
3.8 0 -0.417089 -0.408399 0.0967287
3.82 0 -0.109471 -0.0619827 0.326738
3.84 0 0.0189499 0.136695 0.198925
3.86 0 0.0275811 0.103907 -0.109423
3.88 0 0.122668 0.00443568 -0.28452
3.9 0 0.280546 0.0674931 -0.203073
3.92 0 0.213519 0.172707 -0.0753135
3.94 0 -0.080878 0.0699721 -0.0288886
3.96 0 -0.284837 -0.213542 0.0201831
3.98 0 -0.3484 -0.494863 -0.0154526
4 0 -0.444233 -0.665884 -0.327188
4.02 0 -0.412359 -0.618782 -0.728474
4.04 0 -0.243919 -0.569764 -1.10348
4.06 0 -0.0181211 -0.559601 -1.30836
4.08 0 -0.0639157 -0.681573 -1.46435
4.1 0 -0.319635 -0.847735 -1.50383
4.12 0 -0.469085 -0.88244 -1.25189
4.14 0 -0.0298323 -0.298876 -0.349641
4.16 0 0.61902 0.786561 0.8947
4.18 0 0.947667 1.81625 2.0287
4.2 0 1.11885 2.51519 3.11763
4.22 0 0.820172 2.2893 3.61281
4.24 0 0.409418 1.65983 3.58831
4.26 0 0.457636 1.55689 3.44471
4.28 0 0.896907 2.06769 3.21541
4.3 0 1.38817 2.66696 2.90991
4.32 0 1.80691 3.04383 2.84551
4.34 0 1.58379 2.61831 2.65956
4.36 0 0.838974 1.63972 2.31316
4.38 0 -1.26746 -1.02056 0.25277
4.4 0 -1.48574 -2.76659 -1.5274
4.42 0 -0.585928 -2.36257 -2.67754
4.44 0 -0.752776 -1.88736 -4.40377
4.46 0 -1.40775 -2.57234 -6.05711
4.48 0 -1.6702 -4.11849 -6.70915
4.5 0 -1.91633 -5.2464 -6.58932
4.52 0 -2.68275 -5.29248 -6.3729
4.54 0 -3.0397 -4.63816 -5.93364
4.56 0 -2.28701 -3.83181 -4.95256
4.58 0 -0.205552 -1.89239 -2.67902
4.6 0 0.265161 -0.128073 -1.16457
4.62 0 0.431956 1.54808 0.688593
4.64 0 1.0278 2.01819 2.65226
4.66 0 0.679505 1.20857 3.36699
4.68 0 -0.0554666 0.943019 3.29563
4.7 0 -0.225716 1.70711 3.23921
4.72 0 0.399374 2.28498 3.29956
4.74 0 0.704895 1.74734 2.70877
4.76 0 1.02585 1.11088 1.88737
4.78 0 1.23181 1.20846 1.12438
4.8 0 2.03821 2.52695 1.42438
4.82 0 3.10252 4.02544 2.68751
4.84 0 2.98532 4.47432 3.94348
4.86 0 2.19746 4.35087 5.41859
4.88 0 0.833925 3.24286 6.20009
4.9 0 -0.592104 1.43026 5.67244
4.92 0 -1.22967 -0.0563587 4.03256
4.94 0 -0.917391 -0.473107 1.45286
4.96 0 -0.389374 -0.400903 -1.52034
4.98 0 0.554805 -0.617381 -3.87621
5 0 0.847661 -1.53604 -5.45661
5.02 0 -0.233499 -2.86512 -6.37192
5.04 0 -1.71572 -3.99839 -6.32334
5.06 0 -2.60705 -4.55781 -5.35343
5.08 0 -3.23285 -4.8546 -4.44916
5.1 0 -3.22339 -4.62121 -3.87045
5.12 0 -2.34519 -3.85509 -3.69691
5.14 0 -0.638087 -2.12049 -3.2947
5.16 0 1.01592 -0.0464097 -2.55051
5.18 0 1.71655 1.57481 -1.29919
5.2 0 1.21753 1.85182 0.313314
5.22 0 0.303115 1.03369 2.11749
5.24 0 -0.694243 0.168678 3.4349
5.26 0 -2.17868 -0.715844 3.04192
5.28 0 -1.97935 -0.321331 2.64199
5.3 0 -0.548801 0.476441 2.00384
5.32 0 1.02597 1.1041 0.918754
5.34 0 2.61401 2.19542 0.279112
5.36 0 3.85753 3.66116 0.676877
5.38 0 4.69452 5.0975 2.40292
5.4 0 3.5854 5.49613 4.42212
5.42 0 0.834705 3.70008 5.64899
5.44 0 -1.02488 1.35062 6.64575
5.46 0 -0.705225 1.01651 7.59144
5.48 0 0.379904 2.67224 7.21969
5.5 0 1.58864 4.51244 5.38829
5.52 0 3.53638 5.0987 3.4221
5.54 0 4.99078 4.56176 2.0542
5.56 0 3.32769 4.11931 1.40193
5.58 0 2.42079 2.85062 1.83797
5.6 0 1.45536 0.780023 1.99471
5.62 0 -0.862321 -1.08579 0.878439
5.64 0 -3.46715 -2.56135 -1.20374
5.66 0 -4.98614 -4.35057 -3.52349
5.68 0 -4.0325 -5.47711 -4.19051
5.7 0 -2.29028 -5.81064 -4.27542
5.72 0 -2.06396 -4.90385 -5.50673
5.74 0 -2.43785 -3.35683 -6.97266
5.76 0 -2.62537 -3.78767 -8.37302
5.78 0 -1.6119 -5.10355 -8.68177
5.8 0 -0.19356 -5.08612 -7.97734
5.82 0 0.262994 -2.7267 -6.39708
5.84 0 -0.486952 -0.57787 -4.45734
5.86 0 -1.56346 -1.19528 -2.57301
5.88 0 -2.23414 -3.43516 -1.00817
5.9 0 -3.55227 -5.31855 -1.24657
5.92 0 -4.34144 -4.93938 -2.4583
5.94 0 -3.93831 -3.62203 -3.90925
5.96 0 -2.34353 -2.8285 -4.82128
5.98 0 -0.584077 -2.91593 -5.29974
6 0 0.262037 -2.93362 -5.67428
6.02 0 -0.020306 -2.21764 -5.87685
6.04 0 0.495797 -0.499847 -4.45082
6.06 0 1.99074 1.70625 -1.18407
6.08 0 3.38507 2.47849 1.6814
6.1 0 2.4318 2.97738 5.10062
6.12 0 -1.77215 2.41495 6.31821
6.14 0 -4.5452 0.0438563 5.7036
6.16 0 -3.29016 -1.45897 5.68856
6.18 0 -0.940101 -1.23822 4.68425
6.2 0 0.935244 1.37147 2.28903
6.22 0 2.9834 4.42542 0.160551
6.24 0 5.52113 5.75243 -0.306614
6.26 0 7.22475 5.40405 0.780537
6.28 0 7.08961 5.83026 3.07272
6.3 0 4.09499 7.34967 4.98873
6.32 0 1.34382 7.30029 7.55681
6.34 0 0.293961 4.04593 10.1895
6.36 0 -1.29634 -0.414746 10.5747
6.38 0 -2.64086 -1.17828 9.45977
6.4 0 -3.65986 0.757725 5.48413
6.42 0 -1.55864 1.76214 1.44786
6.44 0 3.11623 1.18759 -1.17619
6.46 0 5.8581 1.57002 -2.93848
6.48 0 5.42751 4.22257 -3.31498
6.5 0 4.11876 5.36578 -2.1944
6.52 0 3.55328 3.5099 0.917864
6.54 0 2.18974 1.11148 4.43
6.56 0 -1.39566 -0.042633 5.84633
6.58 0 -5.66045 -0.930227 4.78047
6.6 0 -6.45395 -2.14776 3.62527
6.62 0 -4.29636 -3.77785 2.46204
6.64 0 -0.759512 -4.08121 0.517846
6.66 0 1.2315 -0.823757 -4.39975
6.68 0 1.90856 1.96624 -8.97208
6.7 0 2.96562 0.488858 -9.77141
6.72 0 3.47213 -2.93659 -8.5281
6.74 0 1.10684 -4.40823 -6.53083
6.76 0 -2.77301 -2.94612 -3.91194
6.78 0 -5.16526 -1.96311 -0.540801
6.8 0 -5.09439 -3.08335 2.61932
6.82 0 -3.63809 -3.82802 4.12852
6.84 0 -2.23526 -2.28722 2.76399
6.86 0 -0.850107 0.333459 -0.445469
6.88 0 1.08208 1.29257 -3.36507
6.9 0 3.0982 0.646637 -4.67645
6.92 0 3.56912 0.119675 -4.66048
6.94 0 1.45562 0.068114 -3.80224
6.96 0 -1.74254 -1.14725 -2.54654
6.98 0 -3.69154 -3.57567 -0.880539
7 0 -4.22254 -5.32288 0.208546
7.02 0 -3.91447 -4.85146 -0.398016
7.04 0 -2.52586 -2.20738 -1.84341
7.06 0 -0.179401 0.383044 -2.82581
7.08 0 1.80401 0.77024 -3.33856
7.1 0 2.49548 -0.166484 -3.36281
7.12 0 1.41235 -0.559296 -2.8203
7.14 0 -0.73358 -0.623203 -1.88706
7.16 0 -2.27393 -1.22781 -0.369581
7.18 0 -1.46704 -1.70088 1.63568
7.2 0 0.389353 -0.385751 3.0375
7.22 0 0.514969 2.07562 2.64057
7.24 0 0.0806918 3.55919 2.0749
7.26 0 1.37021 2.86931 2.62126
7.28 0 2.64563 1.45073 3.19083
7.3 0 2.18779 1.55556 2.80347
7.32 0 0.893749 2.89189 2.14018
7.34 0 0.507856 3.15004 2.18066
7.36 0 1.00268 1.58657 2.65749
7.38 0 1.28761 0.406348 2.87769
7.4 0 0.532259 0.876014 2.26889
7.42 0 -0.147422 2.01938 1.6041
7.44 0 1.1394 2.79749 2.34663
7.46 0 2.59862 2.71758 3.36862
7.48 0 2.58929 2.98643 3.86314
7.5 0 1.66014 3.76956 4.12615
7.52 0 1.02385 3.58478 4.36783
7.54 0 1.19944 2.43013 4.60249
7.56 0 0.802884 0.942227 3.62431
7.58 0 -0.533931 -0.295471 1.03006
7.6 0 -2.3243 -0.949327 -1.6769
7.62 0 -2.49037 -2.86309 -3.78568
7.64 0 -1.26184 -4.9318 -5.32108
7.66 0 -0.878863 -4.97998 -6.8141
7.68 0 -1.38741 -3.66097 -8.02199
7.7 0 -1.26757 -2.51934 -7.65498
7.72 0 -0.501957 -2.6643 -5.701
7.74 0 -0.276691 -2.94859 -3.25527
7.76 0 -1.34056 -2.28498 -1.33741
7.78 0 -2.87415 -1.46321 -0.208417
7.8 0 -2.65217 -1.45227 0.679047
7.82 0 -1.07066 -1.60238 0.990526
7.84 0 0.0591634 -0.750685 0.213096
7.86 0 0.588324 0.549089 -1.25062
7.88 0 1.16941 1.24515 -2.04359
7.9 0 2.17024 1.36034 -1.21946
7.92 0 2.2533 1.56767 0.567955
7.94 0 0.936395 1.88481 2.3337
7.96 0 -0.723427 1.63188 3.70542
7.98 0 -1.0777 0.821108 4.68571
8 0 -0.628297 0.204417 4.48429
8.02 0 -0.254723 0.546501 2.8659
8.04 0 0.553469 1.6057 0.943333
8.06 0 1.88564 2.21946 -0.272739
8.08 0 2.9547 2.20165 -0.434947
8.1 0 2.67336 2.20747 0.289589
8.12 0 1.14002 2.14691 1.56681
8.14 0 -0.51832 1.37213 3.0225
8.16 0 -1.17629 0.192015 4.17275
8.18 0 -1.14602 -0.451882 4.04939
8.2 0 -0.879768 -0.133288 2.34472
8.22 0 -0.313193 0.37824 -0.192641
8.24 0 0.917088 0.386214 -2.21723
8.26 0 2.03632 0.13006 -3.11274
8.28 0 2.00628 -0.113884 -3.27499
8.3 0 0.644606 -0.347705 -3.03474
8.32 0 -1.05851 -1.25842 -2.33334
8.34 0 -2.27083 -2.61289 -1.31801
8.36 0 -3.0432 -3.59327 -0.742488
8.38 0 -3.56089 -3.75087 -1.23975
8.4 0 -2.97401 -3.35209 -2.42208
8.42 0 -1.34389 -2.85349 -3.80664
8.44 0 0.247856 -2.02108 -4.94875
8.46 0 1.08464 -0.877164 -5.27751
8.48 0 1.32454 0.0468205 -4.24117
8.5 0 0.964723 0.291849 -1.97843
8.52 0 0.135172 0.119918 0.887198
8.54 0 -0.915809 0.194187 3.35622
8.56 0 -1.58721 0.665769 4.82574
8.58 0 -1.35964 1.15519 5.10188
8.6 0 0.0524503 1.59368 4.4141
8.62 0 1.80448 1.92379 2.66441
8.64 0 1.92458 1.58107 -0.387849
8.66 0 1.57173 1.29506 -2.44676
8.68 0 1.15373 0.319479 -2.94256
8.7 0 0.0537087 -1.41878 -2.66694
8.72 0 -1.24166 -2.37566 -1.79986
8.74 0 -2.08691 -2.27196 -0.874794
8.76 0 -1.47639 -1.0887 0.33103
8.78 0 -0.167546 0.45984 1.38095
8.8 0 0.697643 1.312 1.60886
8.82 0 0.907571 1.78199 1.53641
8.84 0 1.13346 1.71022 1.54226
8.86 0 1.20232 1.38175 1.58557
8.88 0 0.987332 1.25065 1.59118
8.9 0 0.587311 1.34293 1.59551
8.92 0 0.332397 1.30731 1.70525
8.94 0 0.37537 1.05553 1.88959
8.96 0 0.551021 0.969447 2.00412
8.98 0 0.778064 1.44774 2.11524
9 0 1.01639 2.0787 2.23506
9.02 0 1.15469 2.13812 2.2168
9.04 0 1.23503 1.83176 2.29705
9.06 0 0.490964 1.16787 1.87849
9.08 0 -0.68503 -0.00657909 0.838966
9.1 0 -1.28978 -1.18296 -0.260217
9.12 0 -1.19066 -2.09186 -1.48807
9.14 0 -0.8081 -2.29333 -2.85075
9.16 0 -0.403993 -1.76664 -3.89309
9.18 0 0.0786756 -1.10015 -4.07555
9.2 0 0.386068 -0.935726 -3.45595
9.22 0 0.270087 -1.16609 -2.409
9.24 0 -0.612542 -1.33452 -1.43394
9.26 0 -1.85812 -1.60866 -0.863282
9.28 0 -2.69021 -2.27284 -0.733897
9.3 0 -2.44359 -3.04312 -1.12342
9.32 0 -1.61452 -3.03872 -2.14688
9.34 0 -0.955411 -2.17009 -3.61351
9.36 0 -0.00991938 -1.29913 -4.61438
9.38 0 0.914128 -0.866058 -4.52645
9.4 0 1.4848 -0.279707 -3.03314
9.42 0 1.02648 0.639834 -0.697505
9.44 0 -0.147692 1.18093 1.78289
9.46 0 -0.80365 1.03662 3.98365
9.48 0 -0.747241 0.820316 5.23264
9.5 0 -0.762132 1.25375 5.21398
9.52 0 -0.2133 1.97019 4.26654
9.54 0 0.992381 2.36962 2.93396
9.56 0 2.40314 2.49818 1.66949
9.58 0 3.31289 2.80348 0.793789
9.6 0 3.27827 3.15362 0.532926
9.62 0 2.12864 3.18994 1.18231
9.64 0 0.950806 2.31605 2.66189
9.66 0 0.0614835 1.06157 4.14064
9.68 0 -0.727182 0.339042 4.60416
9.7 0 -1.287 0.354916 3.73113
9.72 0 -0.919769 0.520677 1.95224
9.74 0 0.441954 0.600283 0.183418
9.76 0 1.72254 0.723705 -1.2121
9.78 0 1.97647 0.887205 -2.10321
9.8 0 0.932071 0.693378 -2.2398
9.82 0 -0.0855483 -0.499973 -1.57424
9.84 0 -0.616917 -2.04909 -0.838132
9.86 0 -1.47823 -2.38877 -0.754584
9.88 0 -2.39941 -1.86879 -1.27238
9.9 0 -2.37674 -1.73868 -1.76884
9.92 0 -1.44379 -2.34303 -2.16252
9.94 0 -0.612323 -2.67526 -2.79272
9.96 0 -0.408288 -2.05848 -3.63133
9.98 0 -0.413195 -1.14284 -4.03893
10 0 -0.22868 -1.0946 -3.69133
10.02 0 -0.272127 -1.86693 -2.93608
10.04 0 -0.971575 -2.43639 -2.30005
10.06 0 -1.90864 -2.39748 -1.91015
10.08 0 -2.31358 -2.29464 -1.73428
10.1 0 -1.79107 -2.23021 -1.55802
10.12 0 -1.13623 -1.89313 -1.72757
10.14 0 -0.735506 -1.23715 -2.06277
10.16 0 0.30501 -0.834021 -2.21979
10.18 0 1.40539 -0.117816 -1.87109
10.2 0 1.95388 1.97387 -0.187005
10.22 0 1.09827 2.78373 1.57237
10.24 0 0.58438 2.25184 3.67298
10.26 0 0.393393 1.56468 5.32576
10.28 0 -0.137858 1.48955 5.70337
10.3 0 -0.390317 2.14745 5.1236
10.32 0 0.248244 2.58225 4.07373
10.34 0 1.75799 2.61613 3.08614
10.36 0 2.8324 2.50172 1.89072
10.38 0 2.89729 2.66014 0.737262
10.4 0 1.9016 2.65546 0.151443
10.42 0 0.942233 1.8048 0.628875
10.44 0 0.2571 0.356599 1.65546
10.46 0 -0.446253 -0.457726 2.35425
10.48 0 -1.17717 -0.266893 2.18619
10.5 0 -1.06278 0.370829 1.62702
10.52 0 0.093251 0.715751 0.992469
10.54 0 1.40191 0.72716 0.217383
10.56 0 1.88262 0.991318 -0.58615
10.58 0 1.47309 1.21551 -1.12681
10.6 0 0.244097 0.757589 -1.06238
10.62 0 -1.01051 -0.604708 -0.351007
10.64 0 -1.73813 -2.198 0.284882
10.66 0 -2.0549 -2.88802 -0.0342269
10.68 0 -2.14366 -2.29784 -1.31622
10.7 0 -1.42525 -1.50924 -2.77983
10.72 0 0.0635425 -1.20599 -3.59982
10.74 0 1.24532 -1.0047 -3.67719
10.76 0 1.02348 -0.59975 -3.39323
10.78 0 -0.0173586 -0.487065 -2.62556
10.8 0 -0.904171 -1.0559 -1.29429
10.82 0 -1.51255 -1.75792 0.0682819
10.84 0 -2.06634 -1.92505 0.703403
10.86 0 -2.04668 -1.65767 0.340655
10.88 0 -1.2459 -1.20658 -0.65499
10.9 0 0.0113583 -0.788728 -1.83649
10.92 0 1.12494 -0.29511 -2.70278
10.94 0 1.37328 0.246111 -2.90536
10.96 0 0.916721 0.380161 -2.20828
10.98 0 0.161066 0.0390768 -0.66997
11 0 -0.501912 -0.314353 1.18767
11.02 0 -0.996338 -0.232456 2.55785
11.04 0 -0.968119 0.370449 3.1111
11.06 0 -0.252011 1.24099 3.04971
11.08 0 0.95712 1.96718 2.62057
11.1 0 1.86695 2.57019 2.13066
11.12 0 2.364 2.8541 1.8361
11.14 0 2.2622 2.75259 1.82133
11.16 0 1.43295 2.33043 2.09931
11.18 0 0.269769 1.36908 2.37369
11.2 0 -0.906092 0.0279668 2.21809
11.22 0 -1.22744 -0.813311 1.72703
11.24 0 -0.916968 -0.872564 0.657944
11.26 0 -0.234911 -0.396204 -0.75455
11.28 0 0.626524 0.11053 -1.89968
11.3 0 1.22887 0.283078 -2.36379
11.32 0 1.26923 0.370362 -1.87249
11.34 0 0.492698 0.168526 -0.885153
11.36 0 -0.608592 -0.344711 0.232223
11.38 0 -1.29421 -1.01437 1.03582
11.4 0 -1.65502 -1.36144 1.05894
11.42 0 -1.84431 -1.66431 -0.115672
11.44 0 -1.23085 -1.68008 -1.6633
11.46 0 0.08009 -1.27787 -2.88642
11.48 0 0.988581 -0.604036 -3.58878
11.5 0 1.27139 0.192932 -3.23775
11.52 0 0.705316 0.270305 -2.06292
11.54 0 -0.273343 -0.403962 -0.407341
11.56 0 -1.30017 -1.19002 1.0313
11.58 0 -2.00555 -1.52101 1.58493
11.6 0 -1.87108 -1.26572 1.1654
11.62 0 -0.778853 -0.628759 0.131191
11.64 0 0.69449 0.065362 -1.11803
11.66 0 1.64749 0.808121 -1.97467
11.68 0 1.77731 1.25644 -1.93397
11.7 0 1.22577 1.0898 -0.867638
11.72 0 0.231992 0.441195 0.77623
11.74 0 -0.870087 -0.207445 2.21918
11.76 0 -1.52591 -0.470236 2.85833
11.78 0 -1.30596 -0.293588 2.52635
11.8 0 -0.340961 0.240277 1.45416
11.82 0 0.819278 0.910434 0.120601
11.84 0 1.68753 1.39101 -0.872054
11.86 0 1.97749 1.52026 -1.05289
11.88 0 1.49721 1.24861 -0.428079
11.9 0 0.292294 0.6092 0.590832
11.92 0 -0.881845 -0.162542 1.61248
11.94 0 -1.44618 -0.719351 2.1573
11.96 0 -1.32408 -0.801467 1.83769
11.98 0 -0.608918 -0.337306 0.764079
12 0 0.498726 0.439285 -0.4661
12.02 0 1.59045 1.18232 -1.16681
12.04 0 1.95629 1.45795 -1.16768
12.06 0 1.3448 1.1959 -0.486863
12.08 0 0.113612 0.43005 0.551859
12.1 0 -1.15452 -0.513811 1.47109
12.12 0 -1.70414 -1.16249 1.84122
12.14 0 -1.52189 -1.21774 1.28191
12.16 0 -0.734087 -0.745698 -0.0511517
12.18 0 0.380293 -0.0592232 -1.49986
12.2 0 1.30236 0.425635 -2.43161
12.22 0 1.40859 0.430096 -2.58587
12.24 0 0.643731 -0.040166 -1.95383
12.26 0 -0.531538 -0.786777 -0.827034
12.28 0 -1.35356 -1.30231 0.4236
12.3 0 -1.51481 -1.21806 1.25473
12.32 0 -1.08282 -0.628878 1.27488
12.34 0 -0.208198 0.151254 0.644701
12.36 0 0.826445 0.841778 -0.11199
12.38 0 1.44536 1.18908 -0.627196
12.4 0 1.36425 1.1493 -0.629859
12.42 0 0.604256 0.653225 -0.191565
12.44 0 -0.264856 -0.0248224 0.570111
12.46 0 -0.860382 -0.539136 1.23133
12.48 0 -1.08202 -0.695795 1.31959
12.5 0 -0.822395 -0.477037 0.788523
12.52 0 -0.163619 -0.136508 -0.127704
12.54 0 0.581713 0.176671 -1.0047
12.56 0 0.929152 0.305072 -1.56721
12.58 0 0.704695 0.171806 -1.61419
12.6 0 0.0973118 -0.242696 -1.14646
12.62 0 -0.520307 -0.707511 -0.35818
12.64 0 -0.83464 -0.830341 0.44399
12.66 0 -0.825419 -0.552091 0.862613
12.68 0 -0.498468 -0.107065 0.772645
12.7 0 0.0929808 0.303322 0.387051
12.72 0 0.688924 0.625033 -0.00561239
12.74 0 0.928548 0.811198 -0.227374
12.76 0 0.686134 0.71876 -0.20641
12.78 0 0.20247 0.339955 0.0922591
12.8 0 -0.319447 -0.211075 0.432234
12.82 0 -0.663344 -0.574051 0.598734
12.84 0 -0.730416 -0.605329 0.420318
12.86 0 -0.464667 -0.412488 -0.0491965
12.88 0 0.034298 -0.165096 -0.593164
12.9 0 0.468092 0.0399698 -0.998278
12.92 0 0.680831 0.275819 -0.989706
12.94 0 0.53853 0.388294 -0.58124
12.96 0 0.187825 0.312973 0.133728
12.98 0 -0.194012 0.108944 0.879724
13 0 -0.571904 -0.170165 1.2188
13.02 0 -0.800848 -0.428883 0.948342
13.04 0 -0.63512 -0.524458 0.246412
13.06 0 -0.0695837 -0.338393 -0.536008
13.08 0 0.428115 -0.0803221 -1.25255
13.1 0 0.601403 0.065166 -1.63267
13.12 0 0.428363 -0.0508841 -1.51093
13.14 0 0.0131583 -0.370576 -0.955987
13.16 0 -0.465231 -0.646679 -0.226638
13.18 0 -0.751501 -0.645969 0.411195
13.2 0 -0.687037 -0.38367 0.744201
13.22 0 -0.317301 -0.0311285 0.688087
13.24 0 0.222209 0.359477 0.413656
13.26 0 0.614673 0.665782 0.0877114
13.28 0 0.752496 0.809008 -0.0429542
13.3 0 0.645638 0.6998 0.0998471
13.32 0 0.35705 0.477402 0.473807
13.34 0 -0.033535 0.264616 0.864561
13.36 0 -0.319386 0.134364 1.10243
13.38 0 -0.28985 0.151606 1.14432
13.4 0 -0.00349189 0.30755 0.957272
13.42 0 0.2797 0.468207 0.531704
13.44 0 0.457265 0.543509 0.0727065
13.46 0 0.494298 0.453968 -0.22174
13.48 0 0.349906 0.212554 -0.2957
13.5 0 0.118651 0.0341609 -0.108302
13.52 0 -0.188464 -0.117913 0.121207
13.54 0 -0.432485 -0.305012 0.219537
13.56 0 -0.470457 -0.445305 0.141275
13.58 0 -0.307512 -0.421549 -0.0999808
13.6 0 -0.000802075 -0.164953 -0.358589
13.62 0 0.362489 0.235632 -0.43381
13.64 0 0.532192 0.473241 -0.325606
13.66 0 0.399435 0.407045 -0.0740308
13.68 0 0.113747 0.205977 0.313273
13.7 0 -0.192842 0.0175309 0.663602
13.72 0 -0.370046 -0.0648583 0.821128
13.74 0 -0.290823 0.00107337 0.756887
13.76 0 -0.0350416 0.136499 0.47188
13.78 0 0.203807 0.219842 0.0296517
13.8 0 0.281705 0.152394 -0.434858
13.82 0 0.211388 -0.0453599 -0.736214
13.84 0 0.0389334 -0.291343 -0.803005
13.86 0 -0.138591 -0.470915 -0.673657
13.88 0 -0.414317 -0.624669 -0.577255
13.9 0 -0.577138 -0.701756 -0.512756
13.92 0 -0.492718 -0.656782 -0.455637
13.94 0 -0.384248 -0.657105 -0.611704
13.96 0 -0.347799 -0.705534 -0.956938
13.98 0 -0.331538 -0.786197 -1.32471
14 0 -0.300966 -0.882876 -1.56759
14.02 0 -0.25781 -0.947784 -1.62811
14.04 0 -0.238568 -0.845777 -1.45948
14.06 0 -0.196769 -0.567983 -1.04561
14.08 0 -0.0507923 -0.162349 -0.383682
14.1 0 0.159366 0.28886 0.408008
14.12 0 0.190397 0.578131 1.01255
14.14 0 0.139421 0.718819 1.38746
14.16 0 0.155198 0.774613 1.56183
14.18 0 0.231321 0.824039 1.54969
14.2 0 0.348563 0.843407 1.3494
14.22 0 0.36432 0.731506 0.938898
14.24 0 0.419746 0.636137 0.585398
14.26 0 0.508467 0.616785 0.417533
14.28 0 0.506126 0.625637 0.408027
14.3 0 0.43224 0.68371 0.595306
14.32 0 0.364468 0.744935 0.939223
14.34 0 0.233151 0.691053 1.21732
14.36 0 0.0300651 0.498997 1.24605
14.38 0 -0.0626176 0.34276 1.08065
14.4 0 0.000500242 0.309034 0.788374
14.42 0 0.191128 0.345411 0.434409
14.44 0 0.385418 0.415219 0.127755
14.46 0 0.408752 0.38334 -0.109319
14.48 0 0.156196 0.0872162 -0.333435
14.5 0 -0.131353 -0.297801 -0.422966
14.52 0 -0.377851 -0.629198 -0.470987
14.54 0 -0.599955 -0.949421 -0.723461
14.56 0 -0.759066 -1.11803 -1.11863
14.58 0 -0.752359 -1.23858 -1.57056
14.6 0 -0.624336 -1.36947 -1.99301
14.62 0 -0.413656 -1.385 -2.2502
14.64 0 -0.187022 -1.07747 -2.15234
14.66 0 -0.118252 -0.714154 -1.78429
14.68 0 -0.208134 -0.551969 -1.22423
14.7 0 -0.311381 -0.548015 -0.546803
14.72 0 -0.443211 -0.557455 -0.00556507
14.74 0 -0.438086 -0.358469 0.339688
14.76 0 -0.217789 0.0446076 0.519005
14.78 0 0.0889175 0.351607 0.489983
14.8 0 0.251216 0.366504 0.244989
14.82 0 0.204903 0.151278 -0.100233
14.84 0 0.0799181 -0.0331408 -0.31026
14.86 0 0.0291233 -0.0339561 -0.239814
14.88 0 0.128557 0.132273 0.0863873
14.9 0 0.371976 0.5401 0.654078
14.92 0 0.541045 0.994902 1.23727
14.94 0 0.510877 1.22943 1.64974
14.96 0 0.509258 1.28224 1.97736
14.98 0 0.591117 1.3135 2.20863
15 0 0.692301 1.49872 2.33132
15.02 0 0.73803 1.68453 2.29454
15.04 0 0.676236 1.59182 2.06621
15.06 0 0.422451 1.02761 1.53533
15.08 0 0.0963289 0.303666 0.810551
15.1 0 0.025556 -0.00767845 0.242033
15.12 0 0.0451549 0.0375374 -0.178197
15.14 0 0.175095 0.110673 -0.415522
15.16 0 0.240168 0.0238468 -0.504327
15.18 0 0.0293737 -0.277316 -0.612045
15.2 0 -0.255749 -0.614613 -0.723514
15.22 0 -0.510252 -0.832631 -0.836602
15.24 0 -0.694014 -1.00763 -1.03108
15.26 0 -0.728862 -1.21446 -1.33056
15.28 0 -0.634769 -1.32885 -1.66607
15.3 0 -0.638308 -1.34968 -2.02045
15.32 0 -0.698888 -1.39891 -2.28479
15.34 0 -0.570145 -1.41778 -2.24239
15.36 0 -0.42197 -1.32175 -1.97804
15.38 0 -0.429018 -1.07616 -1.62788
15.4 0 -0.484494 -0.826852 -1.23774
15.42 0 -0.493705 -0.746439 -0.865848
15.44 0 -0.412526 -0.71682 -0.554557
15.46 0 -0.250044 -0.446525 -0.265867
15.48 0 -0.057658 -0.00706847 -0.0230076
15.5 0 0.183573 0.299351 0.160071
15.52 0 0.375341 0.513492 0.396944
15.54 0 0.557227 0.795049 0.806666
15.56 0 0.570093 1.04644 1.24156
15.58 0 0.430679 1.13569 1.60064
15.6 0 0.263348 1.02249 1.82019
15.62 0 0.187744 0.806535 1.8225
15.64 0 0.241302 0.756022 1.63702
15.66 0 0.357562 0.850791 1.27746
15.68 0 0.573584 0.995425 0.945228
15.7 0 0.80872 1.06672 0.770677
15.72 0 0.800514 1.03419 0.741426
15.74 0 0.500959 0.837055 0.781834
15.76 0 0.0861675 0.474153 0.833397
15.78 0 -0.130326 0.166289 0.911616
15.8 0 -0.228229 0.0231938 0.825412
15.82 0 -0.247313 -0.0555118 0.441994
15.84 0 -0.140288 -0.119663 -0.101362
15.86 0 0.100525 -0.146184 -0.57537
15.88 0 0.322955 -0.0629363 -0.81374
15.9 0 0.440954 0.15516 -0.691708
15.92 0 0.238061 0.17074 -0.423046
15.94 0 -0.212989 -0.213934 -0.20965
15.96 0 -0.668393 -0.845228 -0.218028
15.98 0 -1.09753 -1.38353 -0.60321
16 0 -1.19432 -1.57282 -1.20979
16.02 0 -0.879265 -1.5406 -1.89904
16.04 0 -0.273239 -1.27785 -2.39026
16.06 0 0.242183 -0.801513 -2.49202
16.08 0 0.37207 -0.364952 -2.14737
16.1 0 0.0838875 -0.313885 -1.45677
16.12 0 -0.309848 -0.508845 -0.493156
16.14 0 -0.585884 -0.574424 0.471607
16.16 0 -0.599604 -0.241091 1.17004
16.18 0 -0.341834 0.301782 1.41664
16.2 0 0.132418 0.73572 1.26658
16.22 0 0.480753 0.772753 0.744312
16.24 0 0.569163 0.558575 0.118302
16.26 0 0.596267 0.525988 -0.120245
16.28 0 0.429617 0.437131 -0.0969098
16.3 0 0.187193 0.263452 0.151611
16.32 0 -0.068073 0.0618226 0.458477
16.34 0 -0.251847 -0.031885 0.67372
16.36 0 -0.226489 0.0794933 0.770656
16.38 0 0.203179 0.548852 0.96543
16.4 0 0.718537 1.1109 1.15841
16.42 0 0.861782 1.32778 1.13932
16.44 0 0.678898 1.19303 1.08469
16.46 0 0.351226 0.775305 1.05261
16.48 0 0.00446242 0.288554 0.962547
16.5 0 -0.208872 0.00758462 0.770366
16.52 0 -0.313163 -0.118882 0.367309
16.54 0 -0.305721 -0.299463 -0.242057
16.56 0 -0.0209037 -0.350161 -0.707605
16.58 0 0.515235 0.070891 -0.676363
16.6 0 0.867261 0.75802 -0.225676
16.62 0 0.618183 0.956887 0.249576
16.64 0 0.155986 0.595074 0.795737
16.66 0 -0.588892 -0.370223 0.849684
16.68 0 -1.38436 -1.50128 0.0997676
16.7 0 -1.57486 -1.92501 -0.953677
16.72 0 -1.12846 -1.85113 -2.16175
16.74 0 -0.237324 -1.45152 -3.09767
16.76 0 0.715161 -0.723768 -3.28851
16.78 0 1.07746 0.082418 -2.6377
16.8 0 0.558086 0.287651 -1.46749
16.82 0 -0.338165 -0.173489 0.000328775
16.84 0 -1.12649 -0.867225 1.22754
16.86 0 -1.58924 -1.21348 1.62489
16.88 0 -1.35384 -0.900673 1.1707
16.9 0 -0.452758 -0.235153 0.152053
16.92 0 0.80518 0.527378 -0.790344
16.94 0 1.78142 1.2598 -1.1209
16.96 0 1.89465 1.66985 -0.70077
16.98 0 1.22449 1.48547 0.359707
17 0 0.157167 0.873291 1.73342
17.02 0 -0.819354 0.180341 2.8128
17.04 0 -1.1949 -0.139993 3.14787
17.06 0 -0.785617 0.126496 2.62095
17.08 0 0.194955 0.790737 1.47766
17.1 0 1.20293 1.37621 0.18127
17.12 0 1.7575 1.54903 -0.718057
17.14 0 1.54707 1.21264 -0.926901
17.16 0 0.67038 0.526351 -0.457265
17.18 0 -0.433701 -0.318238 0.315373
17.2 0 -1.35268 -1.11261 0.798795
17.22 0 -1.75203 -1.60844 0.579357
17.24 0 -1.40983 -1.53252 -0.247909
17.26 0 -0.408711 -0.915662 -1.27868
17.28 0 0.645109 -0.193244 -2.17339
17.3 0 1.2468 0.376844 -2.44039
17.32 0 1.11175 0.501816 -1.91503
17.34 0 0.350767 0.106262 -0.788769
17.36 0 -0.666664 -0.615628 0.395656
17.38 0 -1.57979 -1.24938 1.05171
17.4 0 -1.84543 -1.42577 0.98242
17.42 0 -1.19767 -1.08634 0.298161
17.44 0 -0.0297375 -0.403094 -0.733153
17.46 0 1.0652 0.36501 -1.64447
17.48 0 1.46115 0.84735 -2.01026
17.5 0 1.05473 0.634428 -1.65943
17.52 0 0.163498 -0.0881646 -0.662889
17.54 0 -0.828369 -0.839375 0.466153
17.56 0 -1.50097 -1.1617 1.17786
17.58 0 -1.4483 -0.952921 1.21709
17.6 0 -0.628965 -0.342279 0.694517
17.62 0 0.530343 0.468659 -0.045213
17.64 0 1.37286 1.23569 -0.56203
17.66 0 1.59848 1.50705 -0.576524
17.68 0 1.15951 1.12404 -0.0764806
17.7 0 0.301105 0.51335 0.804435
17.72 0 -0.398312 0.228868 1.84723
17.74 0 -0.662716 0.316749 2.56186
17.76 0 -0.530533 0.491024 2.52637
17.78 0 -0.15085 0.529014 1.6919
17.8 0 0.365841 0.511727 0.474017
17.82 0 0.89174 0.621272 -0.536236
17.84 0 1.22821 0.86603 -0.901961
17.86 0 1.18856 1.04187 -0.516763
17.88 0 0.528686 0.759664 0.223275
17.9 0 -0.267781 0.166925 1.07687
17.92 0 -0.844154 -0.383363 1.62038
17.94 0 -1.05397 -0.602634 1.49176
17.96 0 -0.781938 -0.438655 0.736534
17.98 0 -0.103713 -0.13465 -0.328407
18 0 0.617008 0.0941011 -1.30364
18.02 0 0.912617 0.124332 -1.90825
18.04 0 0.644657 -0.122326 -2.00135
18.06 0 -0.125479 -0.710311 -1.71251
18.08 0 -1.00624 -1.45054 -1.25053
18.1 0 -1.53222 -1.90873 -0.817397
18.12 0 -1.55549 -1.81488 -0.64045
18.14 0 -1.05276 -1.34474 -0.836491
18.16 0 -0.279663 -0.757949 -1.27489
18.18 0 0.41762 -0.200472 -1.62032
18.2 0 0.720305 0.141182 -1.62745
18.22 0 0.561181 0.160403 -1.19122
18.24 0 0.0820881 -0.0924181 -0.432998
18.26 0 -0.510076 -0.414785 0.343544
18.28 0 -0.936211 -0.642206 0.800971
18.3 0 -0.939729 -0.630892 0.807805
18.32 0 -0.484897 -0.335686 0.435898
18.34 0 0.177118 0.129113 -0.121512
18.36 0 0.761162 0.692522 -0.449239
18.38 0 1.21791 1.16232 -0.215198
18.4 0 1.33475 1.40187 0.532793
18.42 0 0.849352 1.28966 1.37107
18.44 0 0.102872 1.05137 2.16168
18.46 0 -0.362685 0.754723 2.69189
18.48 0 -0.390691 0.523533 2.69654
18.5 0 -0.10314 0.533513 2.06997
18.52 0 0.344361 0.78803 1.04786
18.54 0 0.901581 1.08238 0.148719
18.56 0 1.3086 1.20179 -0.270929
18.58 0 1.28422 1.13931 -0.11184
18.6 0 0.673037 0.821648 0.36856
18.62 0 -0.153402 0.367384 1.00478
18.64 0 -0.725244 -0.129633 1.48923
18.66 0 -0.857256 -0.463875 1.47405
18.68 0 -0.670637 -0.46804 0.807524
18.7 0 -0.302709 -0.312114 -0.332336
18.72 0 0.241208 -0.178427 -1.40093
18.74 0 0.734742 -0.150621 -2.00379
18.76 0 0.699485 -0.257404 -2.12472
18.78 0 0.0758206 -0.573134 -1.86946
18.8 0 -0.709802 -1.12683 -1.3736
18.82 0 -1.20823 -1.70078 -0.908538
18.84 0 -1.60807 -1.89223 -0.790817
18.86 0 -1.59958 -1.67866 -0.983727
18.88 0 -0.930606 -1.34644 -1.32975
18.9 0 -0.1116 -0.974391 -1.77164
18.92 0 0.35823 -0.635951 -2.21066
18.94 0 0.190211 -0.579124 -2.49387
18.96 0 -0.149726 -0.788063 -2.20974
18.98 0 -0.401581 -1.03743 -1.38353
19 0 -0.647154 -1.04172 -0.461894
19.02 0 -0.730859 -0.678262 0.244637
19.04 0 -0.43341 0.0295795 0.793213
19.06 0 0.22905 0.772334 1.22049
19.08 0 0.798183 1.40086 1.53688
19.1 0 1.18983 1.85696 1.86074
19.12 0 1.29184 2.08771 2.21773
19.14 0 1.17521 2.11766 2.6002
19.16 0 0.926878 1.98463 2.89912
19.18 0 0.641098 1.83077 3.06453
19.2 0 0.407287 1.56908 2.93376
19.22 0 0.329298 1.2547 2.48647
19.24 0 0.319675 0.924439 1.70733
19.26 0 0.262454 0.530491 0.667347
19.28 0 0.290769 0.20585 -0.256043
19.3 0 0.347984 -0.0125431 -0.84634
19.32 0 0.226341 -0.172857 -1.08498
19.34 0 -0.0998094 -0.485519 -1.12515
19.36 0 -0.46654 -0.860271 -1.02074
19.38 0 -0.677195 -1.08623 -0.853955
19.4 0 -0.71938 -1.13841 -0.842651
19.42 0 -0.808376 -1.13824 -1.14091
19.44 0 -0.706966 -1.1223 -1.49557
19.46 0 -0.355527 -1.02627 -1.66683
19.48 0 -0.123187 -0.930172 -1.76887
19.5 0 -0.145114 -0.789723 -1.74063
19.52 0 -0.247035 -0.673897 -1.45642
19.54 0 -0.368563 -0.718332 -1.02044
19.56 0 -0.611082 -0.96135 -0.746809
19.58 0 -0.79476 -1.09311 -0.658455
19.6 0 -0.662882 -0.889971 -0.619093
19.62 0 -0.315769 -0.600997 -0.716177
19.64 0 -0.130462 -0.477238 -1.01549
19.66 0 0.0822009 -0.305257 -1.08679
19.68 0 0.179665 -0.168224 -0.907655
19.7 0 0.323146 0.225441 -0.22618
19.72 0 0.773398 1.13652 1.14453
19.74 0 0.901813 1.81349 2.39205
19.76 0 0.780841 2.12846 3.32586
19.78 0 0.602264 2.08299 3.80779
19.8 0 0.248843 1.56506 3.49106
19.82 0 0.0359472 0.990955 2.58912
19.84 0 0.431035 0.982997 1.72996
19.86 0 1.04377 1.36928 1.02803
19.88 0 1.41341 1.71744 0.601109
19.9 0 1.13145 1.41506 0.31836
19.92 0 0.285766 0.407031 0.117511
19.94 0 -0.559568 -0.613367 0.104464
19.96 0 -1.17178 -1.38231 -0.140727
19.98 0 -1.34634 -1.64324 -0.721379
20 0 -1.01068 -1.50795 -1.52381
20.02 0 -0.254417 -1.07901 -2.16843
20.04 0 0.54962 -0.4469 -2.32827
20.06 0 0.766674 -0.0478371 -2.11394
20.08 0 0.358302 -0.0946292 -1.52489
20.1 0 -0.176348 -0.338046 -0.490245
20.12 0 -0.972559 -0.928783 0.20625
20.14 0 -1.96637 -1.86403 -0.0701972
20.16 0 -2.10215 -2.36853 -0.821531
20.18 0 -1.28664 -2.18314 -1.8263
20.2 0 -0.238085 -1.45462 -2.90677
20.22 0 1.06337 -0.136122 -3.09943
20.24 0 1.9037 1.21503 -2.09793
20.26 0 1.69408 1.72343 -0.329604
20.28 0 0.683058 1.45048 1.83308
20.3 0 -0.529008 0.804538 3.69233
20.32 0 -1.54018 0.0456671 4.31408
20.34 0 -1.87611 -0.617235 3.30581
20.36 0 -0.90531 -0.444104 1.48824
20.38 0 0.718383 0.497433 -0.456812
20.4 0 2.11084 1.60612 -1.76722
20.42 0 2.9172 2.26848 -1.75523
20.44 0 2.36118 2.02237 -0.687626
20.46 0 0.636353 1.05208 0.944301
20.48 0 -1.26798 -0.157052 2.52471
20.5 0 -2.11378 -0.865311 3.56548
20.52 0 -1.61582 -0.590336 3.56724
20.54 0 -0.40878 0.369802 2.26387
20.56 0 0.913734 1.3019 0.256097
20.58 0 1.93698 1.6222 -1.43087
20.6 0 2.17687 1.29558 -2.09797
20.62 0 1.41823 0.653271 -1.63626
20.64 0 -0.0662358 -0.246365 -0.569717
20.66 0 -1.32793 -1.22344 0.512387
20.68 0 -2.1928 -1.9789 0.828508
20.7 0 -2.33662 -2.25368 0.115594
20.72 0 -1.71347 -1.89102 -1.20905
20.74 0 -0.294384 -1.28924 -2.57793
20.76 0 0.886608 -0.753077 -3.66664
20.78 0 1.05946 -0.54274 -4.20327
20.8 0 0.391749 -0.755078 -3.77939
20.82 0 -0.544255 -1.37653 -2.45342
20.84 0 -1.29619 -1.8311 -0.728354
20.86 0 -1.61731 -1.59826 0.696769
20.88 0 -1.40802 -0.764162 1.35897
20.9 0 -0.518182 0.206536 1.33865
20.92 0 0.727108 1.01794 0.951558
20.94 0 1.514 1.57121 0.453025
20.96 0 1.6045 1.84727 0.28719
20.98 0 1.19779 1.61217 0.633793
21 0 0.51064 0.899946 1.26156
21.02 0 -0.142456 0.381757 1.95062
21.04 0 -0.42844 0.440092 2.43494
21.06 0 -0.221928 0.853001 2.50212
21.08 0 0.351899 1.2367 2.13448
21.1 0 0.925381 1.41875 1.47545
21.12 0 1.21316 1.46316 0.830627
21.14 0 1.10146 1.33916 0.449032
21.16 0 0.667938 0.925548 0.393017
21.18 0 0.0148535 0.262485 0.510383
21.2 0 -0.529917 -0.42506 0.564522
21.22 0 -0.809044 -0.798441 0.361577
21.24 0 -0.717372 -0.766738 -0.122701
21.26 0 -0.343944 -0.550956 -0.777041
21.28 0 0.0905431 -0.418954 -1.41025
21.3 0 0.342974 -0.415132 -1.80522
21.32 0 0.244245 -0.512219 -1.86599
21.34 0 -0.145242 -0.695835 -1.59344
21.36 0 -0.549379 -0.902765 -1.0584
21.38 0 -0.753583 -0.961906 -0.43389
21.4 0 -0.768023 -0.814418 -0.0111555
21.42 0 -0.771114 -0.729161 -0.118387
21.44 0 -0.862846 -1.0606 -0.892488
21.46 0 -0.608935 -1.30532 -1.68613
21.48 0 0.0068929 -0.982903 -2.01842
21.5 0 0.640725 -0.0814673 -1.69589
21.52 0 0.786679 0.599501 -0.999326
21.54 0 0.229395 0.366685 -0.30529
21.56 0 -0.523861 -0.434546 0.332871
21.58 0 -0.934493 -0.896775 0.855021
21.6 0 -0.838079 -0.572341 1.06388
21.62 0 -0.370127 0.139889 0.828601
21.64 0 0.342726 0.692809 0.379823
21.66 0 0.879274 0.883683 -0.0160209
21.68 0 1.18779 1.0023 0.0123956
21.7 0 1.16811 1.22144 0.521675
21.72 0 0.789517 1.37533 1.30872
21.74 0 0.128631 1.09316 1.96782
21.76 0 -0.43918 0.418286 2.21698
21.78 0 -0.596983 -0.0593034 1.9924
21.8 0 -0.252145 0.120498 1.40319
21.82 0 0.362196 0.703159 0.61532
21.84 0 1.07686 1.25322 0.0603008
21.86 0 1.49097 1.45083 -0.0388148
21.88 0 1.23368 1.23423 0.237288
21.9 0 0.411438 0.780464 0.768771
21.92 0 -0.443141 0.18676 1.32503
21.94 0 -0.983292 -0.491309 1.45467
21.96 0 -1.17483 -1.01326 0.827841
21.98 0 -0.883098 -1.04335 -0.31426
22 0 -0.196365 -0.703694 -1.53867
22.02 0 0.578 -0.286065 -2.36292
22.04 0 0.948024 -0.0870724 -2.57413
22.06 0 0.511073 -0.392643 -2.34839
22.08 0 -0.367663 -0.957046 -1.68277
22.1 0 -1.10599 -1.38975 -0.736537
22.12 0 -1.48343 -1.53471 -0.0110925
22.14 0 -1.48556 -1.37502 0.125923
22.16 0 -0.998754 -1.07666 -0.335047
22.18 0 -0.294026 -0.774843 -1.18327
22.2 0 0.253418 -0.537498 -2.04763
22.22 0 0.550509 -0.336231 -2.41947
22.24 0 0.579727 -0.229127 -2.0745
22.26 0 0.212161 -0.241038 -1.18063
22.28 0 -0.390724 -0.395964 -0.115044
22.3 0 -0.799318 -0.462641 0.86989
22.32 0 -0.744275 -0.237291 1.52732
22.34 0 -0.191524 0.433216 1.8209
22.36 0 0.515783 1.32475 1.80537
22.38 0 1.15039 1.9305 1.64706
22.4 0 1.49481 2.00737 1.51519
22.42 0 1.29157 1.65414 1.40632
22.44 0 0.762359 1.30055 1.49312
22.46 0 0.323735 1.13096 1.84202
22.48 0 0.159628 1.01522 2.20519
22.5 0 0.0730741 0.811337 2.16563
22.52 0 -0.0280141 0.554605 1.59132
22.54 0 0.0790735 0.432201 0.81346
22.56 0 0.312596 0.373396 0.0596539
22.58 0 0.454164 0.228659 -0.556164
22.6 0 0.358743 -0.0248379 -0.940236
22.62 0 0.0111163 -0.393796 -1.10038
22.64 0 -0.394133 -0.779703 -1.0532
22.66 0 -0.638765 -1.06189 -0.911122
22.68 0 -0.706521 -1.1117 -0.831262
22.7 0 -0.733019 -1.02406 -0.963406
22.72 0 -0.650984 -0.971347 -1.2335
22.74 0 -0.433597 -0.986771 -1.48632
22.76 0 -0.192298 -0.947579 -1.62798
22.78 0 -0.177361 -0.852602 -1.69628
22.8 0 -0.349534 -0.840657 -1.65321
22.82 0 -0.428938 -0.881853 -1.35518
22.84 0 -0.413148 -0.880967 -0.923894
22.86 0 -0.393767 -0.688984 -0.527249
22.88 0 -0.326843 -0.349836 -0.226739
22.9 0 -0.158451 -0.0948935 -0.0460338
22.92 0 0.047826 0.0587885 0.0698675
22.94 0 0.237463 0.243204 0.204526
22.96 0 0.331038 0.480535 0.384412
22.98 0 0.351421 0.665271 0.629479
23 0 0.322931 0.700123 0.900721
23.02 0 0.244143 0.657061 1.13879
23.04 0 0.195214 0.642292 1.28792
23.06 0 0.212252 0.70272 1.31441
23.08 0 0.340843 0.834095 1.2693
23.1 0 0.509768 0.94867 1.17409
23.12 0 0.61408 0.985526 1.05466
23.14 0 0.565 0.938387 0.950938
23.16 0 0.397667 0.769461 0.874035
23.18 0 0.198286 0.511254 0.810736
23.2 0 0.0107356 0.229693 0.679129
23.22 0 -0.146656 0.0322241 0.447467
23.24 0 -0.159482 -0.0880046 0.141484
23.26 0 -0.0485524 -0.134524 -0.179028
23.28 0 0.112074 -0.0906566 -0.423911
23.3 0 0.138991 -0.073978 -0.604415
23.32 0 0.0185842 -0.18845 -0.694391
23.34 0 -0.174724 -0.421713 -0.684744
23.36 0 -0.35505 -0.646991 -0.62442
23.38 0 -0.481839 -0.746235 -0.598468
23.4 0 -0.485493 -0.702122 -0.63159
23.42 0 -0.342715 -0.575169 -0.692513
23.44 0 -0.120156 -0.41868 -0.734153
23.46 0 0.0138473 -0.295971 -0.758019
23.48 0 -0.0171774 -0.268544 -0.74886
23.5 0 -0.128801 -0.333284 -0.651505
23.52 0 -0.237697 -0.441741 -0.490798
23.54 0 -0.316449 -0.500182 -0.349594
23.56 0 -0.323696 -0.442707 -0.273203
23.58 0 -0.226417 -0.295934 -0.251394
23.6 0 -0.050303 -0.131065 -0.247075
23.62 0 0.108838 0.00882075 -0.226659
23.64 0 0.184041 0.122618 -0.14662
23.66 0 0.154675 0.179665 -0.0010088
23.68 0 0.0789983 0.176321 0.202218
23.7 0 0.0182205 0.160658 0.419825
23.72 0 -0.0110177 0.17991 0.573255
23.74 0 0.00122417 0.240242 0.615047
23.76 0 0.047405 0.279106 0.531269
23.78 0 0.16882 0.328664 0.42661
23.8 0 0.324734 0.435013 0.386237
23.82 0 0.428036 0.589651 0.448556
23.84 0 0.40327 0.646449 0.555957
23.86 0 0.247871 0.540434 0.661528
23.88 0 0.0762654 0.357878 0.751102
23.9 0 0.0156012 0.273128 0.820859
23.92 0 0.0750272 0.352383 0.82637
23.94 0 0.160544 0.466157 0.706173
23.96 0 0.268951 0.521924 0.541933
23.98 0 0.343162 0.484231 0.397305
24 0 0.284949 0.356469 0.262486
24.02 0 0.0551781 0.110106 0.079413
24.04 0 -0.209159 -0.223234 -0.140523
24.06 0 -0.302575 -0.457803 -0.304103
24.08 0 -0.251169 -0.498542 -0.444661
24.1 0 -0.207281 -0.443969 -0.646518
24.12 0 -0.219578 -0.473275 -0.897344
24.14 0 -0.277337 -0.689029 -1.15506
24.16 0 -0.347318 -0.910018 -1.3193
24.18 0 -0.426718 -0.994117 -1.37889
24.2 0 -0.522226 -1.00571 -1.39693
24.22 0 -0.547259 -1.01385 -1.36491
24.24 0 -0.409236 -0.942629 -1.22692
24.26 0 -0.15727 -0.616074 -0.927192
24.28 0 0.0223858 -0.163012 -0.554394
24.3 0 0.0565166 0.121589 -0.184637
24.32 0 0.037922 0.154021 0.188085
24.34 0 -0.0176445 0.0770832 0.487329
24.36 0 -0.0766332 0.105041 0.654456
24.38 0 -0.0294351 0.293864 0.723653
24.4 0 0.120733 0.462215 0.693704
24.42 0 0.288385 0.566033 0.641739
24.44 0 0.472828 0.648073 0.649992
24.46 0 0.564557 0.777329 0.740163
24.48 0 0.571931 0.941855 0.942903
24.5 0 0.47838 0.991179 1.18473
24.52 0 0.33713 0.881866 1.38945
24.54 0 0.200454 0.712273 1.46984
24.56 0 0.149884 0.63825 1.40514
24.58 0 0.176813 0.641496 1.17262
24.6 0 0.252694 0.604831 0.81069
24.62 0 0.32592 0.516567 0.446978
24.64 0 0.374016 0.412499 0.190523
24.66 0 0.326294 0.32284 0.0686901
24.68 0 0.118635 0.142712 -0.015299
24.7 0 -0.198848 -0.20639 -0.156289
24.72 0 -0.462366 -0.622685 -0.376602
24.74 0 -0.535419 -0.878964 -0.651527
24.76 0 -0.452409 -0.889933 -0.983497
24.78 0 -0.368312 -0.797184 -1.34987
24.8 0 -0.261573 -0.771219 -1.60014
24.82 0 -0.191174 -0.848406 -1.658
24.84 0 -0.216834 -0.884226 -1.5117
24.86 0 -0.343564 -0.80345 -1.21567
24.88 0 -0.516831 -0.754034 -0.904495
24.9 0 -0.614628 -0.830967 -0.684931
24.92 0 -0.597058 -0.913296 -0.624491
24.94 0 -0.464788 -0.80068 -0.691934
24.96 0 -0.220807 -0.489536 -0.778219
24.98 0 0.134828 -0.120424 -0.729752
25 0 0.353202 0.163405 -0.517905
25.02 0 0.360636 0.317471 -0.133304
25.04 0 0.177248 0.332477 0.340595
25.06 0 -0.0617996 0.245826 0.772406
25.08 0 -0.1715 0.215195 1.08608
25.1 0 -0.0677711 0.353456 1.22432
25.12 0 0.173928 0.649619 1.19082
25.14 0 0.439698 0.909789 1.03476
25.16 0 0.661292 0.992435 0.864285
25.18 0 0.749032 0.958952 0.783157
25.2 0 0.66961 0.935276 0.850939
25.22 0 0.423332 0.875563 1.00808
25.24 0 0.183201 0.707089 1.18982
25.26 0 0.0632276 0.505926 1.30072
25.28 0 0.0518495 0.423043 1.23583
25.3 0 0.0413224 0.429826 0.922149
25.32 0 0.0810667 0.363243 0.450522
25.34 0 0.180139 0.17297 -0.0247982
25.36 0 0.215464 -0.043466 -0.420711
25.38 0 0.102862 -0.188347 -0.684585
25.4 0 -0.0790471 -0.300807 -0.769763
25.42 0 -0.212904 -0.435201 -0.679523
25.44 0 -0.340195 -0.614499 -0.579849
25.46 0 -0.433196 -0.696792 -0.541943
25.48 0 -0.394071 -0.618867 -0.557487
25.5 0 -0.297815 -0.475353 -0.630372
25.52 0 -0.152379 -0.376421 -0.698734
25.54 0 -0.0659944 -0.372987 -0.753524
25.56 0 -0.145519 -0.479981 -0.837377
25.58 0 -0.332714 -0.643465 -0.919759
25.6 0 -0.424208 -0.757495 -0.91105
25.62 0 -0.423424 -0.793918 -0.873048
25.64 0 -0.392894 -0.751987 -0.877884
25.66 0 -0.299319 -0.626576 -0.879665
25.68 0 -0.149651 -0.461672 -0.824437
25.7 0 -0.01106 -0.268074 -0.663436
25.72 0 0.0614913 -0.0865277 -0.40093
25.74 0 0.0587431 0.0531965 -0.0659078
25.76 0 0.0488932 0.174274 0.317277
25.78 0 0.0748159 0.320641 0.69181
25.8 0 0.0948991 0.448231 0.931975
25.82 0 0.146481 0.562585 1.03401
25.84 0 0.264031 0.714179 1.08723
25.86 0 0.438983 0.83957 1.10608
25.88 0 0.550451 0.915866 1.08217
25.9 0 0.534421 0.916305 1.02186
25.92 0 0.429848 0.838994 0.977493
25.94 0 0.320938 0.704163 0.975459
25.96 0 0.234565 0.568047 0.973182
25.98 0 0.162763 0.475607 0.903826
26 0 0.120312 0.425584 0.752885
26.02 0 0.106144 0.368544 0.546781
26.04 0 0.146717 0.266966 0.328169
26.06 0 0.147069 0.136511 0.0926564
26.08 0 0.0538307 -0.00985433 -0.156058
26.1 0 -0.0753984 -0.174687 -0.366884
26.12 0 -0.182532 -0.373297 -0.527554
26.14 0 -0.258189 -0.54763 -0.654866
26.16 0 -0.30471 -0.626978 -0.763829
26.18 0 -0.317853 -0.621606 -0.853135
26.2 0 -0.303286 -0.626828 -0.932214
26.22 0 -0.243303 -0.621378 -0.947531
26.24 0 -0.222027 -0.593653 -0.92061
26.26 0 -0.252202 -0.556172 -0.860145
26.28 0 -0.314451 -0.576588 -0.798418
26.3 0 -0.353119 -0.637903 -0.742791
26.32 0 -0.327388 -0.636217 -0.685072
26.34 0 -0.261004 -0.54366 -0.652799
26.36 0 -0.179397 -0.387203 -0.61934
26.38 0 -0.0647349 -0.228433 -0.521775
26.4 0 0.046518 -0.0931953 -0.336764
26.42 0 0.0379473 -0.0363424 -0.156816
26.44 0 -0.0479063 -0.0228958 0.0092051
26.46 0 -0.098382 -0.0142544 0.169336
26.48 0 -0.0452 0.0553562 0.325654
26.5 0 0.102987 0.245472 0.478921
26.52 0 0.296868 0.552546 0.659391
26.54 0 0.445558 0.843143 0.871651
26.56 0 0.543428 0.973211 1.09912
26.58 0 0.532997 0.967541 1.29509
26.6 0 0.399272 0.901291 1.39536
26.62 0 0.233187 0.807721 1.38352
26.64 0 0.197589 0.718376 1.30683
26.66 0 0.26647 0.65332 1.14458
26.68 0 0.33379 0.63794 0.894851
26.7 0 0.336466 0.626597 0.618461
26.72 0 0.292629 0.492256 0.370145
26.74 0 0.17555 0.215197 0.15075
26.76 0 -0.0191505 -0.102438 -0.0704852
26.78 0 -0.238651 -0.36588 -0.315624
26.8 0 -0.40754 -0.601297 -0.611353
26.82 0 -0.484819 -0.834771 -0.957144
26.84 0 -0.480036 -1.01885 -1.31844
26.86 0 -0.400048 -1.04989 -1.59236
26.88 0 -0.313753 -0.951904 -1.71335
26.9 0 -0.214299 -0.77595 -1.58426
26.92 0 -0.14585 -0.613508 -1.23141
26.94 0 -0.192936 -0.515701 -0.793264
26.96 0 -0.343483 -0.487042 -0.411919
26.98 0 -0.474099 -0.520683 -0.185736
27 0 -0.470053 -0.540306 -0.138804
27.02 0 -0.310964 -0.4468 -0.234837
27.04 0 -0.0592105 -0.215278 -0.378175
27.06 0 0.17951 0.0466122 -0.458726
27.08 0 0.329298 0.226964 -0.37108
27.1 0 0.353708 0.313826 -0.0748913
27.12 0 0.23307 0.339548 0.344429
27.14 0 0.07383 0.379563 0.796954
27.16 0 0.00657238 0.468244 1.18309
27.18 0 0.065536 0.594052 1.39771
27.2 0 0.208782 0.748293 1.40802
27.22 0 0.392072 0.865953 1.24298
27.24 0 0.562215 0.938615 1.02197
27.26 0 0.648749 0.954273 0.84821
27.28 0 0.591063 0.900943 0.779299
27.3 0 0.419361 0.748921 0.806157
27.32 0 0.14329 0.501608 0.839292
27.34 0 -0.0677314 0.2238 0.807717
27.36 0 -0.154293 0.0352098 0.64505
27.38 0 -0.136407 -0.0410348 0.312289
27.4 0 -0.0693644 -0.0824475 -0.141901
27.42 0 0.00787026 -0.188687 -0.603559
27.44 0 0.0119605 -0.375874 -0.976766
27.46 0 -0.0920644 -0.580718 -1.19892
27.48 0 -0.253493 -0.721689 -1.23033
27.5 0 -0.400689 -0.832989 -1.14089
27.52 0 -0.501927 -0.889114 -1.00379
27.54 0 -0.557381 -0.890187 -0.90839
27.56 0 -0.543559 -0.858766 -0.896858
27.58 0 -0.421907 -0.786424 -0.935044
27.6 0 -0.253439 -0.650605 -0.974543
27.62 0 -0.0693544 -0.456644 -0.941428
27.64 0 0.0301514 -0.250532 -0.79196
27.66 0 0.0315915 -0.123967 -0.523539
27.68 0 -0.0529719 -0.113073 -0.196834
27.7 0 -0.177218 -0.170018 0.0843242
27.72 0 -0.247605 -0.166803 0.270467
27.74 0 -0.172257 -0.0357661 0.363888
27.76 0 0.0474284 0.208323 0.405384
27.78 0 0.319127 0.488109 0.445935
27.8 0 0.521229 0.749023 0.560744
27.82 0 0.619652 0.950688 0.816993
27.84 0 0.613363 1.03669 1.16976
27.86 0 0.480618 1.02554 1.50561
27.88 0 0.265499 0.933534 1.69731
27.9 0 0.13171 0.809064 1.70908
27.92 0 0.0943879 0.643634 1.46545
27.94 0 0.11145 0.470326 0.979785
27.96 0 0.205614 0.358539 0.417754
27.98 0 0.306568 0.283558 -0.0751706
28 0 0.305482 0.160445 -0.41985
28.02 0 0.158284 -0.0520957 -0.585284
28.04 0 -0.0769826 -0.308632 -0.585705
28.06 0 -0.320219 -0.537243 -0.510906
28.08 0 -0.489608 -0.681768 -0.469449
28.1 0 -0.541228 -0.741639 -0.543421
28.12 0 -0.46993 -0.742215 -0.739917
28.14 0 -0.303397 -0.681815 -0.975503
28.16 0 -0.143478 -0.602284 -1.17693
28.18 0 -0.10114 -0.575713 -1.29525
28.2 0 -0.144421 -0.594021 -1.24164
28.22 0 -0.219928 -0.614794 -1.00854
28.24 0 -0.324119 -0.619921 -0.711896
28.26 0 -0.418343 -0.595509 -0.46725
28.28 0 -0.398514 -0.503615 -0.297207
28.3 0 -0.220161 -0.304891 -0.172993
28.32 0 0.0361542 -0.0128591 -0.0678643
28.34 0 0.244968 0.282889 0.0480945
28.36 0 0.351789 0.483861 0.228085
28.38 0 0.363987 0.565961 0.501174
28.4 0 0.310938 0.596759 0.835903
28.42 0 0.223688 0.640292 1.14341
28.44 0 0.145972 0.682244 1.32743
28.46 0 0.167124 0.704825 1.36444
28.48 0 0.26228 0.706269 1.24044
28.5 0 0.357636 0.701487 0.98489
28.52 0 0.388868 0.665742 0.67307
28.54 0 0.377634 0.57319 0.424819
28.56 0 0.302716 0.422463 0.290248
28.58 0 0.14657 0.21712 0.220555
28.6 0 -0.0226627 0.0337652 0.186592
28.62 0 -0.146454 -0.100842 0.129468
28.64 0 -0.171022 -0.16215 0.0335724
28.66 0 -0.132524 -0.189689 -0.132015
28.68 0 -0.096135 -0.228932 -0.361323
28.7 0 -0.0459369 -0.251992 -0.548659
28.72 0 -0.0448695 -0.300454 -0.676077
28.74 0 -0.114741 -0.390003 -0.737653
28.76 0 -0.209609 -0.482231 -0.720171
28.78 0 -0.284333 -0.540477 -0.649724
28.8 0 -0.306823 -0.530959 -0.560929
28.82 0 -0.283483 -0.471923 -0.500159
28.84 0 -0.23535 -0.414237 -0.495804
28.86 0 -0.168897 -0.366223 -0.519663
28.88 0 -0.0803266 -0.287287 -0.505492
28.9 0 -0.0102374 -0.18116 -0.431879
28.92 0 0.0207464 -0.076534 -0.291669
28.94 0 -0.00444786 -0.0323361 -0.125475
28.96 0 -0.0697865 -0.0592712 0.0171455
28.98 0 -0.0974319 -0.0658396 0.139415
29 0 -0.0815893 -0.021232 0.200926
29.02 0 -0.0269527 0.0577223 0.193642
29.04 0 0.0833809 0.163027 0.178987
29.06 0 0.194208 0.258706 0.184608
29.08 0 0.262781 0.34742 0.247354
29.1 0 0.247438 0.392638 0.351569
29.12 0 0.166829 0.367441 0.469974
29.14 0 0.101464 0.323122 0.59731
29.16 0 0.0640068 0.29521 0.671034
29.18 0 0.0683448 0.312938 0.663483
29.2 0 0.0731905 0.300986 0.531795
29.22 0 0.0730799 0.213093 0.304515
29.24 0 0.104792 0.119901 0.088231
29.26 0 0.117488 0.0574564 -0.0828256
29.28 0 0.0860058 0.0257184 -0.181809
29.3 0 0.0290999 -0.0159913 -0.196159
29.32 0 -0.0312244 -0.0860294 -0.147257
29.34 0 -0.0894252 -0.149467 -0.083999
29.36 0 -0.119734 -0.149698 -0.0331646
29.38 0 -0.1345 -0.133506 -0.0474868
29.4 0 -0.119758 -0.144359 -0.123648
29.42 0 -0.103195 -0.206491 -0.259357
29.44 0 -0.109099 -0.28763 -0.426226
29.46 0 -0.116462 -0.332914 -0.558185
29.48 0 -0.12212 -0.35034 -0.625044
29.5 0 -0.0879125 -0.311294 -0.572754
29.52 0 -0.0732179 -0.257741 -0.454776
29.54 0 -0.0818987 -0.193275 -0.297065
29.56 0 -0.107169 -0.148558 -0.145642
29.58 0 -0.0860224 -0.086484 0.00899457
29.6 0 -0.0131403 0.0225915 0.153629
29.62 0 0.0684469 0.162649 0.262008
29.64 0 0.155502 0.311121 0.361544
29.66 0 0.218833 0.408505 0.454463
29.68 0 0.232567 0.434971 0.534233
29.7 0 0.177914 0.392381 0.569859
29.72 0 0.120438 0.344383 0.584265
29.74 0 0.0752399 0.286575 0.545592
29.76 0 0.0889712 0.264806 0.484336
29.78 0 0.136557 0.278727 0.403954
29.8 0 0.144482 0.263246 0.280243
29.82 0 0.11974 0.200028 0.154873
29.84 0 0.0633803 0.0814407 0.0406468
29.86 0 0.00651398 -0.0283019 -0.0371125
29.88 0 -0.0548756 -0.105453 -0.102497
29.9 0 -0.109333 -0.16323 -0.174888
29.92 0 -0.14607 -0.234338 -0.268504
29.94 0 -0.193091 -0.35235 -0.4171
29.96 0 -0.203125 -0.433913 -0.557888
29.98 0 -0.183495 -0.449044 -0.663921
30 0 -0.159678 -0.425274 -0.721976
30.02 0 -0.120241 -0.375169 -0.691131
30.04 0 -0.0831471 -0.309657 -0.570087
30.06 0 -0.0800266 -0.240097 -0.397543
30.08 0 -0.119047 -0.194437 -0.229873
30.1 0 -0.173066 -0.199522 -0.117419
30.12 0 -0.168432 -0.197619 -0.0475516
30.14 0 -0.101327 -0.138741 -0.0213723
30.16 0 -0.0108369 -0.0263322 -0.0317809
30.18 0 0.0707977 0.0810079 -0.0468581
30.2 0 0.145649 0.158129 -0.00331324
30.22 0 0.184804 0.210222 0.113055
30.24 0 0.156827 0.247371 0.267538
30.26 0 0.0912677 0.26978 0.425344
30.28 0 0.0403197 0.26454 0.546421
30.3 0 0.0450042 0.261661 0.608108
30.32 0 0.070991 0.267649 0.567425
30.34 0 0.123383 0.304041 0.464205
30.36 0 0.179513 0.327126 0.33739
30.38 0 0.246078 0.347682 0.270378
30.4 0 0.267594 0.358243 0.274388
30.42 0 0.200881 0.328986 0.313955
30.44 0 0.0702799 0.229159 0.34533
30.46 0 -0.0735718 0.0536314 0.310487
30.48 0 -0.148936 -0.0997382 0.206603
30.5 0 -0.138891 -0.157164 0.0347822
30.52 0 -0.0632305 -0.122962 -0.168724
30.54 0 0.0420185 -0.0620653 -0.336261
30.56 0 0.107605 -0.0455055 -0.424157
30.58 0 0.0991802 -0.0646852 -0.397531
30.6 0 0.00445259 -0.108164 -0.285665
30.62 0 -0.125488 -0.165847 -0.140197
30.64 0 -0.224655 -0.230092 -0.029169
30.66 0 -0.249498 -0.267274 -0.0040601
30.68 0 -0.18157 -0.225847 -0.0598664
30.7 0 -0.0809154 -0.150124 -0.194411
30.72 0 0.0192569 -0.0859377 -0.334701
30.74 0 0.0361876 -0.121656 -0.46388
30.76 0 -0.0126253 -0.213912 -0.515862
30.78 0 -0.102068 -0.303123 -0.484772
30.8 0 -0.209767 -0.371997 -0.42381
30.82 0 -0.254351 -0.382472 -0.343924
30.84 0 -0.205561 -0.320158 -0.264478
30.86 0 -0.101802 -0.196637 -0.205809
30.88 0 0.00435036 -0.0500807 -0.160543
30.9 0 0.0918449 0.0788835 -0.0871914
30.92 0 0.110115 0.124016 -9.71801e-05
30.94 0 0.0652895 0.0998718 0.0965809
30.96 0 0.0128424 0.0786837 0.206667
30.98 0 0.0147517 0.12831 0.332983
31 0 0.0764187 0.244749 0.450904
31.02 0 0.177049 0.391789 0.552155
31.04 0 0.270729 0.517594 0.6334
31.06 0 0.315706 0.585449 0.695559
31.08 0 0.300286 0.590137 0.743675
31.1 0 0.247125 0.548788 0.777876
31.12 0 0.15463 0.444528 0.744534
31.14 0 0.0812167 0.325346 0.647433
31.16 0 0.0461035 0.219434 0.481529
31.18 0 0.0128776 0.101061 0.226234
31.2 0 0.0229895 0.0145554 -0.0282119
31.22 0 0.0741028 -0.0169704 -0.20629
31.24 0 0.0929573 -0.0296819 -0.302293
31.26 0 0.0348699 -0.0758934 -0.332346
31.28 0 -0.0563441 -0.154428 -0.292091
31.3 0 -0.175745 -0.27945 -0.258357
31.32 0 -0.288774 -0.40992 -0.287774
31.34 0 -0.348017 -0.502016 -0.399721
31.36 0 -0.299891 -0.509198 -0.544298
31.38 0 -0.19761 -0.468825 -0.702438
31.4 0 -0.108711 -0.424532 -0.832432
31.42 0 -0.0788855 -0.405259 -0.884411
31.44 0 -0.105148 -0.411781 -0.823561
31.46 0 -0.151842 -0.40777 -0.648578
31.48 0 -0.225392 -0.404034 -0.450573
31.5 0 -0.249576 -0.349318 -0.253759
31.52 0 -0.196689 -0.239198 -0.0966438
31.54 0 -0.0830514 -0.0867338 0.0060431
31.56 0 0.0198043 0.0434342 0.0360824
31.58 0 0.0690151 0.0977279 0.0136829
31.6 0 0.0905641 0.100341 0.00903985
31.62 0 0.138672 0.151034 0.104688
31.64 0 0.197652 0.286584 0.298482
31.66 0 0.201124 0.41478 0.503149
31.68 0 0.160572 0.454015 0.666589
31.7 0 0.123039 0.411983 0.764051
31.72 0 0.086478 0.339131 0.748337
31.74 0 0.0669801 0.294483 0.622165
31.76 0 0.100255 0.288016 0.443208
31.78 0 0.178814 0.290328 0.273626
31.8 0 0.25384 0.298541 0.16727
31.82 0 0.327195 0.388966 0.220949
31.84 0 0.326254 0.488923 0.389781
31.86 0 0.221538 0.48488 0.580157
31.88 0 0.0791881 0.367257 0.72448
31.9 0 -0.0719426 0.173875 0.712165
31.92 0 -0.16292 0.0109497 0.51879
31.94 0 -0.159946 -0.0893844 0.17111
31.96 0 -0.0583343 -0.134828 -0.228068
31.98 0 0.0643176 -0.162129 -0.577592
32 0 0.113204 -0.197312 -0.795432
32.02 0 0.0309696 -0.280792 -0.857699
32.04 0 -0.1395 -0.415904 -0.774559
32.06 0 -0.317075 -0.558575 -0.610863
32.08 0 -0.454329 -0.661579 -0.485682
32.1 0 -0.518475 -0.70617 -0.492632
32.12 0 -0.44684 -0.676192 -0.613938
32.14 0 -0.243843 -0.552074 -0.760362
32.16 0 -0.0146573 -0.355757 -0.845341
32.18 0 0.103689 -0.187202 -0.825515
32.2 0 0.0867496 -0.120941 -0.65853
32.22 0 0.0229863 -0.10023 -0.311709
32.24 0 -0.0783374 -0.0830589 0.0869154
32.26 0 -0.168784 -0.0212651 0.411569
32.28 0 -0.163501 0.0874813 0.598652
32.3 0 -0.0208761 0.231785 0.651563
32.32 0 0.203017 0.410896 0.613698
32.34 0 0.377931 0.57444 0.526534
32.36 0 0.440228 0.653661 0.465209
32.38 0 0.403279 0.617156 0.494494
32.4 0 0.282396 0.494324 0.595861
32.42 0 0.149685 0.401432 0.739306
32.44 0 0.0545358 0.371148 0.84063
32.46 0 0.0572473 0.399265 0.864695
32.48 0 0.133213 0.431741 0.780623
32.5 0 0.225583 0.448894 0.612054
32.52 0 0.272977 0.432228 0.409043
32.54 0 0.23362 0.33712 0.209901
32.56 0 0.116693 0.147557 0.0393491
32.58 0 -0.0392547 -0.0921225 -0.105383
32.6 0 -0.196401 -0.316755 -0.258304
32.62 0 -0.303672 -0.475448 -0.436846
32.64 0 -0.31776 -0.551058 -0.623837
32.66 0 -0.276472 -0.587086 -0.819156
32.68 0 -0.221851 -0.5998 -0.983267
32.7 0 -0.191934 -0.600221 -1.07356
32.72 0 -0.210704 -0.609712 -1.07347
32.74 0 -0.269184 -0.639132 -0.993167
32.76 0 -0.313532 -0.646099 -0.84276
32.78 0 -0.348318 -0.628948 -0.699715
32.8 0 -0.358758 -0.588149 -0.611332
32.82 0 -0.287119 -0.491703 -0.543419
32.84 0 -0.148572 -0.339354 -0.470347
32.86 0 -0.00928723 -0.156683 -0.37358
32.88 0 0.0967137 0.030228 -0.211988
32.9 0 0.137792 0.16266 0.00920347
32.92 0 0.133435 0.2424 0.278491
32.94 0 0.128238 0.327466 0.571659
32.96 0 0.152313 0.459373 0.843226
32.98 0 0.198985 0.618039 1.04452
33 0 0.276284 0.748768 1.16044
33.02 0 0.387042 0.825605 1.1991
33.04 0 0.460964 0.861636 1.15977
33.06 0 0.466812 0.871726 1.07544
33.08 0 0.422643 0.839004 0.997999
33.1 0 0.347785 0.716451 0.925226
33.12 0 0.210778 0.50017 0.795109
33.14 0 0.0617071 0.298428 0.620996
33.16 0 -0.0295392 0.121965 0.388044
33.18 0 -0.0351711 -9.908e-05 0.124594
33.2 0 -0.00445141 -0.0803681 -0.154835
33.22 0 -0.000360841 -0.153631 -0.419421
33.24 0 -0.0454611 -0.264881 -0.629385
33.26 0 -0.131731 -0.416321 -0.757043
33.28 0 -0.227465 -0.552716 -0.797573
33.3 0 -0.320593 -0.635975 -0.792931
33.32 0 -0.375504 -0.660219 -0.775618
33.34 0 -0.381995 -0.662336 -0.780468
33.36 0 -0.333491 -0.642766 -0.802055
33.38 0 -0.252886 -0.588246 -0.824496
33.4 0 -0.191827 -0.512654 -0.835366
33.42 0 -0.156588 -0.439582 -0.796435
33.44 0 -0.130877 -0.380447 -0.678166
33.46 0 -0.12266 -0.327948 -0.500502
33.48 0 -0.108932 -0.230755 -0.275153
33.5 0 -0.0998606 -0.115679 -0.0642148
33.52 0 -0.0679605 -0.00761465 0.109484
33.54 0 0.0220864 0.115966 0.265222
33.56 0 0.109899 0.23529 0.369069
33.58 0 0.190133 0.367112 0.45615
33.6 0 0.248005 0.473245 0.542439
33.62 0 0.254109 0.499325 0.609948
33.64 0 0.237351 0.484895 0.67716
33.66 0 0.211772 0.473718 0.732565
33.68 0 0.183677 0.47104 0.74967
33.7 0 0.184507 0.476926 0.736957
33.72 0 0.212867 0.478664 0.698232
33.74 0 0.229591 0.460612 0.624909
33.76 0 0.208075 0.411587 0.520329
33.78 0 0.159801 0.327741 0.405365
33.8 0 0.102898 0.215664 0.29161
33.82 0 0.0268563 0.0778142 0.155078
33.84 0 -0.045593 -0.0509164 0.00107672
33.86 0 -0.0973881 -0.15918 -0.165392
33.88 0 -0.12198 -0.247775 -0.331863
33.9 0 -0.130036 -0.318457 -0.482873
33.92 0 -0.130936 -0.36222 -0.592791
33.94 0 -0.127982 -0.372181 -0.636406
33.96 0 -0.134265 -0.365805 -0.61631
33.98 0 -0.154131 -0.35968 -0.549885
34 0 -0.195027 -0.374084 -0.479796
34.02 0 -0.227279 -0.388572 -0.422274
34.04 0 -0.228925 -0.385201 -0.393185
34.06 0 -0.191009 -0.347099 -0.389416
34.08 0 -0.134827 -0.288453 -0.404891
34.1 0 -0.0768229 -0.226586 -0.411092
34.12 0 -0.0293845 -0.170483 -0.376637
34.14 0 -0.00276338 -0.115784 -0.28571
34.16 0 -0.00896459 -0.0686216 -0.156687
34.18 0 -0.0350323 -0.0344828 -0.0171611
34.2 0 -0.0404724 0.00517399 0.119524
34.22 0 -0.0149428 0.0620894 0.226916
34.24 0 0.040617 0.147808 0.29847
34.26 0 0.105628 0.239908 0.335029
34.28 0 0.172252 0.320222 0.365632
34.3 0 0.227017 0.383238 0.416906
34.32 0 0.23225 0.40987 0.474207
34.34 0 0.19327 0.40131 0.529646
34.36 0 0.141977 0.366973 0.572629
34.38 0 0.108074 0.32728 0.587222
34.4 0 0.102917 0.305131 0.559734
34.42 0 0.113011 0.295746 0.481085
34.44 0 0.133482 0.285429 0.373933
34.46 0 0.14757 0.253376 0.262721
34.48 0 0.137819 0.198763 0.168778
34.5 0 0.0771466 0.108463 0.0787314
34.52 0 0.000885868 0.00806103 0.00699651
34.54 0 -0.0634031 -0.087446 -0.0560922
34.56 0 -0.100891 -0.158406 -0.124178
34.58 0 -0.114603 -0.199278 -0.20836
34.6 0 -0.120252 -0.232847 -0.314108
34.62 0 -0.109337 -0.260041 -0.40872
34.64 0 -0.105221 -0.293023 -0.483902
34.66 0 -0.119813 -0.324745 -0.528627
34.68 0 -0.147582 -0.348948 -0.5368
34.7 0 -0.181338 -0.374081 -0.521469
34.72 0 -0.198999 -0.387812 -0.488736
34.74 0 -0.191274 -0.373947 -0.450115
34.76 0 -0.167074 -0.33089 -0.417594
34.78 0 -0.132162 -0.273563 -0.388557
34.8 0 -0.0892148 -0.216437 -0.348212
34.82 0 -0.046041 -0.158405 -0.282393
34.84 0 -0.0163745 -0.0940335 -0.189231
34.86 0 -0.000528766 -0.0244338 -0.0722226
34.88 0 0.00848532 0.0370914 0.0546216
34.9 0 0.0251963 0.0928786 0.179619
34.92 0 0.0526819 0.154388 0.287744
34.94 0 0.0903449 0.22923 0.372248
34.96 0 0.129936 0.300459 0.429264
34.98 0 0.166549 0.350676 0.466311
35 0 0.191549 0.37648 0.49157
35.02 0 0.193986 0.382384 0.505838
35.04 0 0.180767 0.37807 0.514491
35.06 0 0.15769 0.359259 0.512085
35.08 0 0.133059 0.322344 0.489802
35.1 0 0.114904 0.279739 0.445099
35.12 0 0.0995194 0.238181 0.373575
35.14 0 0.0826672 0.192781 0.27796
35.16 0 0.070018 0.141567 0.176037
35.18 0 0.0521055 0.079215 0.0748181
35.2 0 0.0201025 0.00878308 -0.0217792
35.22 0 -0.0241917 -0.0652583 -0.11091
35.24 0 -0.0681853 -0.13836 -0.189895
35.26 0 -0.102482 -0.204244 -0.260658
35.28 0 -0.127197 -0.257253 -0.329229
35.3 0 -0.140625 -0.291629 -0.393005
35.32 0 -0.144302 -0.312123 -0.446909
35.34 0 -0.14348 -0.326607 -0.485469
35.36 0 -0.141874 -0.334497 -0.501708
35.38 0 -0.143848 -0.334182 -0.494909
35.4 0 -0.144917 -0.32283 -0.465098
35.42 0 -0.140822 -0.300005 -0.416708
35.44 0 -0.128681 -0.266067 -0.356584
35.46 0 -0.10724 -0.21965 -0.289529
35.48 0 -0.0783474 -0.162518 -0.218722
35.5 0 -0.0444546 -0.0983055 -0.143416
35.52 0 -0.0100668 -0.0329423 -0.0629181
35.54 0 0.021357 0.0307992 0.0238094
35.56 0 0.0467808 0.0905824 0.114079
35.58 0 0.0664179 0.144907 0.203106
35.6 0 0.0832383 0.19281 0.284883
35.62 0 0.0994796 0.23395 0.35277
35.64 0 0.116301 0.269088 0.402433
35.66 0 0.132871 0.297756 0.432685
35.68 0 0.147189 0.31776 0.445721
35.7 0 0.155571 0.325791 0.444682
35.72 0 0.154241 0.320005 0.43243
35.74 0 0.141495 0.299881 0.410099
35.76 0 0.121092 0.26667 0.377545
35.78 0 0.0971763 0.223848 0.332486
35.8 0 0.0727924 0.175696 0.272298
35.82 0 0.0502399 0.125389 0.197285
35.84 0 0.0304492 0.0734711 0.111239
35.86 0 0.0119958 0.019874 0.0205083
35.88 0 -0.00832141 -0.0349782 -0.068283
35.9 0 -0.032748 -0.0899882 -0.149482
35.92 0 -0.0604178 -0.143815 -0.21947
35.94 0 -0.0882251 -0.194192 -0.277442
35.96 0 -0.112414 -0.237416 -0.32481
35.98 0 -0.114581 -0.25122 -0.345724
36 0 -0.129781 -0.270338 -0.375396
36.02 0 -0.13526 -0.280754 -0.392919
36.04 0 -0.130269 -0.283401 -0.396889
36.06 0 -0.120628 -0.27435 -0.388451
36.08 0 -0.111132 -0.252377 -0.367594
36.1 0 -0.10001 -0.222715 -0.331778
36.12 0 -0.0846277 -0.1902 -0.280081
