0.02 0 0.0338431 0.0409288 0.0392358
0.04 0 0.00414258 0.0232184 0.0228164
0.06 0 -0.0127243 0.00200717 0.0151685
0.08 0 -0.0644953 -0.0799918 -0.0492069
0.1 0 -0.0110114 -0.0514563 -0.0299835
0.12 0 0.0201997 -0.00131661 -0.0290095
0.14 0 0.0661115 0.0892203 0.0154332
0.16 0 0.081454 0.129202 0.0690818
0.18 0 -0.00578287 0.0258538 0.044012
0.2 0 -0.130166 -0.151203 -0.0463925
0.22 0 -0.141625 -0.214767 -0.0970422
0.24 0 -0.0489551 -0.12045 -0.103217
0.26 0 0.0338741 0.00958765 -0.120811
0.28 0 0.00535573 -0.0133273 -0.209991
0.3 0 -0.00528629 -0.0932497 -0.229546
0.32 0 0.046383 -0.0720357 -0.117504
0.34 0 -0.0336123 -0.0666327 -0.0747141
0.36 0 -0.19567 -0.16293 -0.137198
0.38 0 -0.137021 -0.172296 -0.0825046
0.4 0 -0.0131642 -0.116338 -0.0334602
0.42 0 0.0283095 -0.0103775 -0.0579083
0.44 0 0.039886 0.0918001 -0.0750308
0.46 0 0.141091 0.185028 0.0465967
0.48 0 0.179757 0.198977 0.190606
0.5 0 0.17341 0.277641 0.381652
0.52 0 0.218771 0.490635 0.668698
0.54 0 0.0428695 0.398097 0.680385
0.56 0 -0.116391 0.117062 0.53335
0.58 0 -0.0496851 -0.00946599 0.40505
0.6 0 0.130465 0.144867 0.28905
0.62 0 0.376977 0.537387 0.301068
0.64 0 0.373004 0.615531 0.233659
0.66 0 0.190345 0.303973 0.156151
0.68 0 0.0942657 0.0552921 0.270343
0.7 0 -0.0332022 0.00573541 0.373225
0.72 0 -0.202677 0.0182564 0.312983
0.74 0 -0.242211 -0.0708376 0.13176
0.76 0 -0.150752 -0.264645 -0.144292
0.78 0 -0.0428758 -0.352573 -0.45656
0.8 0 0.0226186 -0.239911 -0.690103
0.82 0 -0.0452379 -0.231445 -0.868813
0.84 0 -0.290757 -0.609724 -1.08306
0.86 0 -0.377659 -0.916522 -1.07027
0.88 0 -0.183578 -0.661171 -0.710969
0.9 0 -0.247742 -0.373317 -0.558843
0.92 0 -0.398601 -0.369146 -0.576175
0.94 0 -0.264331 -0.475233 -0.474653
0.96 0 -0.00860164 -0.386343 -0.296054
0.98 0 0.0367835 -0.091731 -0.225446
1 0 -0.122263 0.0308647 -0.296872
1.02 0 -0.0889932 -0.0631706 -0.222168
1.04 0 0.111184 -0.11603 0.01774
1.06 0 0.168627 0.0819379 0.228713
1.08 0 0.119699 0.438 0.417178
1.1 0 0.145275 0.596547 0.630484
1.12 0 0.169066 0.399084 0.739256
1.14 0 0.237538 0.337087 0.844603
1.16 0 0.298982 0.61378 0.945099
1.18 0 0.201047 0.743957 0.844502
1.2 0 0.0668089 0.437061 0.580395
1.22 0 0.0850407 0.0550203 0.359614
1.24 0 0.109421 -0.0385627 0.157338
1.26 0 0.0643111 0.127184 -0.0368872
1.28 0 0.150264 0.326118 -0.0367919
1.3 0 0.21066 0.231013 0.0254421
1.32 0 0.225003 0.132184 0.193732
1.34 0 0.0758662 0.150589 0.328233
1.36 0 -0.102394 0.18856 0.3987
1.38 0 -0.197474 0.0285528 0.339178
1.4 0 -0.115114 -0.145192 0.218603
1.42 0 0.12256 0.0177673 0.160076
1.44 0 0.198628 0.268669 0.0101471
1.46 0 0.176617 0.328639 -0.112124
1.48 0 -0.00315754 -0.0611357 -0.287761
1.5 0 -0.125355 -0.424248 -0.332816
1.52 0 -0.112623 -0.340752 -0.197432
1.54 0 -0.182657 -0.155189 -0.18483
1.56 0 -0.160793 -0.0605131 -0.179862
1.58 0 -0.208603 -0.339439 -0.361014
1.6 0 -0.508977 -0.929727 -0.888145
1.62 0 -0.647829 -1.22754 -1.35878
1.64 0 -0.607424 -1.23964 -1.72839
1.66 0 -0.230055 -0.885378 -1.70551
1.68 0 0.116491 -0.489356 -1.44717
1.7 0 0.152392 -0.216841 -1.04419
1.72 0 0.107046 0.0322015 -0.348812
1.74 0 -0.0498396 0.107695 0.370548
1.76 0 -0.294851 -0.00060227 0.824635
1.78 0 -0.343865 0.0082708 1.04032
1.8 0 -0.114175 0.240295 1.03079
1.82 0 0.264627 0.594547 0.84374
1.84 0 0.714511 1.01466 0.73201
1.86 0 0.849404 1.14485 0.630675
1.88 0 0.681884 0.98327 0.665447
1.9 0 0.33728 0.647671 0.83064
1.92 0 -0.00530442 0.334936 1.02071
1.94 0 -0.204471 0.177757 1.08993
1.96 0 -0.0499594 0.344883 1.11082
1.98 0 0.142536 0.491931 0.847586
2 0 0.161165 0.34733 0.270485
2.02 0 0.319224 0.259343 -0.0977884
2.04 0 0.48086 0.315811 -0.167564
2.06 0 0.0777204 -0.00475336 -0.442592
2.08 0 -0.339114 -0.436801 -0.58401
2.1 0 -0.449429 -0.734425 -0.515054
2.12 0 -0.474303 -0.842153 -0.543179
2.14 0 -0.171865 -0.369884 -0.382378
2.16 0 -0.0298228 -0.0279783 -0.420609
2.18 0 -0.00841649 -0.0719652 -0.536464
2.2 0 0.0818758 -0.203097 -0.45794
2.22 0 -0.0661001 -0.3646 -0.439866
2.24 0 -0.281412 -0.381624 -0.412759
2.26 0 -0.56989 -0.631328 -0.601224
2.28 0 -0.948366 -1.35543 -1.21805
2.3 0 -0.419472 -1.19448 -1.20549
2.32 0 0.36992 -0.18629 -0.803262
2.34 0 0.477896 0.554053 -0.613084
2.36 0 0.401417 0.714269 -0.166625
2.38 0 -0.0189336 -0.0200335 0.153675
2.4 0 -0.355042 -0.545576 0.511076
2.42 0 -0.553256 -0.418219 0.67325
2.44 0 -0.544336 -0.0814936 0.470177
2.46 0 0.0495195 0.303753 0.335685
2.48 0 0.588014 0.430994 0.0887909
2.5 0 0.624888 0.457624 -0.211005
2.52 0 0.483485 0.566584 -0.159333
2.54 0 0.309143 0.514816 0.225185
2.56 0 0.216827 0.420927 0.837953
2.58 0 0.288845 0.695898 1.58934
2.6 0 0.20392 1.01732 1.97586
2.62 0 0.0515677 1.01167 1.88244
2.64 0 -0.0267076 0.552788 1.35802
2.66 0 0.131852 0.182397 0.723004
2.68 0 0.361505 0.251168 0.144098
2.7 0 0.772251 0.878798 0.0699197
2.72 0 1.06538 1.4137 0.440308
2.74 0 0.508663 0.865443 0.505627
2.76 0 -0.343487 -0.216584 0.432567
2.78 0 -0.804916 -0.884311 0.405804
2.8 0 -0.943273 -1.02824 0.0455659
2.82 0 -0.716036 -0.848259 -0.638681
2.84 0 -0.227394 -0.648479 -1.39534
2.86 0 0.00908702 -0.843343 -2.22798
2.88 0 0.0175935 -1.08918 -2.68907
2.9 0 0.259497 -0.680748 -2.12196
2.92 0 0.063652 -0.347294 -1.26836
2.94 0 -0.590218 -0.579995 -0.594439
2.96 0 -1.15022 -1.17321 -0.178908
2.98 0 -1.14082 -1.38771 0.0415145
3 0 -0.394067 -0.542483 0.294252
3.02 0 0.318149 0.535281 0.186102
3.04 0 0.85676 1.16804 0.0293223
3.06 0 1.21442 1.3284 0.289031
3.08 0 0.75546 0.807747 0.481965
3.1 0 -0.496698 -0.309302 0.221935
3.12 0 -1.17527 -1.07674 0.108599
3.14 0 -0.816803 -0.991248 0.217721
3.16 0 -0.0151698 -0.167136 0.210629
3.18 0 0.442686 0.588906 -0.185588
3.2 0 0.500295 0.61925 -0.675241
3.22 0 0.271139 -0.103019 -0.987639
3.24 0 0.0844655 -0.586101 -0.770445
3.26 0 0.283445 0.106433 0.237208
3.28 0 0.214787 0.926006 1.13011
3.3 0 -0.194036 0.793313 1.40784
3.32 0 -0.167953 0.285487 1.54433
3.34 0 0.108688 0.163819 1.45668
3.36 0 0.347616 0.709686 1.13091
3.38 0 0.481254 1.18955 0.670319
3.4 0 0.438596 0.771481 0.116003
3.42 0 0.356037 -0.0224032 -0.218593
3.44 0 0.00143742 -0.519538 -0.462134
3.46 0 -0.393525 -0.484394 -0.567492
3.48 0 -0.513435 -0.40971 -0.553183
3.5 0 -0.0198247 -0.183669 -0.147377
3.52 0 0.399534 0.169791 0.236507
3.54 0 0.133161 0.294922 0.148489
3.56 0 -0.144815 0.221116 0.0741723
3.58 0 -0.129451 -0.0914149 0.127769
3.6 0 -0.204543 -0.509465 -0.0518784
3.62 0 -0.522478 -0.798991 -0.598023
3.64 0 -0.549722 -0.763136 -1.04955
3.66 0 -0.195438 -0.621614 -1.23587
3.68 0 0.187516 -0.435828 -1.19546
3.7 0 0.21543 -0.239191 -1.04582
3.72 0 -0.156374 -0.301208 -0.900805
3.74 0 -0.493747 -0.619213 -0.654026
3.76 0 -0.0765268 -0.284716 0.21857
3.78 0 0.403066 0.576042 1.10842
3.8 0 0.29873 1.11759 1.38585
3.82 0 0.144087 1.04485 1.38785
3.84 0 0.0878541 0.415706 1.16031
3.86 0 -0.215549 -0.369329 0.43256
3.88 0 -0.45653 -0.655629 -0.44128
3.9 0 -0.101062 -0.272413 -0.852088
3.92 0 0.411719 0.103221 -0.939539
3.94 0 0.716128 0.355908 -0.678808
3.96 0 0.607226 0.526607 -0.125373
3.98 0 -0.134645 0.137612 0.192466
4 0 -0.792528 -0.544238 0.372509
4.02 0 -0.982861 -1.06353 0.326758
4.04 0 -0.879935 -1.16305 -0.195772
4.06 0 -0.556109 -0.873065 -1.04083
4.08 0 0.141922 -0.27838 -1.55742
4.1 0 0.9949 0.433402 -1.34151
4.12 0 1.79336 1.52467 -0.0400645
4.14 0 2.48159 3.29765 2.54787
4.16 0 2.14784 4.40434 5.15112
4.18 0 1.0188 4.21659 7.07804
4.2 0 -0.816117 1.96123 6.86913
4.22 0 -3.72563 -2.64186 2.83337
4.24 0 -5.52691 -7.11689 -3.63845
4.26 0 -3.34764 -7.49253 -8.72012
4.28 0 -0.403368 -5.62352 -12.793
4.3 0 1.09665 -3.69336 -14.8887
4.32 0 0.265847 -3.81202 -14.5156
4.34 0 -1.01141 -4.89858 -10.2722
4.36 0 -4.15491 -7.4831 -6.09231
4.38 0 -4.49832 -5.09057 -0.0637121
4.4 0 -0.945235 2.6699 7.77498
4.42 0 0.893827 7.03335 10.6194
4.44 0 5.85581 11.0875 14.5588
4.46 0 8.59501 12.0762 16.1614
4.48 0 7.45018 11.4848 14.7674
4.5 0 5.83331 12.5666 14.173
4.52 0 5.00192 11.9428 14.297
4.54 0 5.74144 9.5932 14.8251
4.56 0 5.07438 6.67789 12.8623
4.58 0 -1.74876 0.422899 3.88595
4.6 0 -7.04412 -4.77775 -4.2171
4.62 0 -8.64086 -10.8327 -11.5855
4.64 0 -6.5188 -16.1116 -17.7577
4.66 0 -2.82432 -13.9793 -19.5145
4.68 0 -2.02044 -8.64971 -20.319
4.7 0 -0.00424978 -2.3954 -17.6463
4.72 0 2.64822 -0.751929 -11.2255
4.74 0 1.04717 -4.25142 -5.86894
4.76 0 -4.22327 -6.54059 -2.49006
4.78 0 -9.85921 -7.21738 -0.755795
4.8 0 -10.0238 -7.74803 0.603875
4.82 0 -4.47233 -5.70273 1.60834
4.84 0 1.47234 -0.506272 0.583337
4.86 0 3.48867 6.32079 -0.740061
4.88 0 7.96094 11.1835 2.49065
4.9 0 13.0425 12.8652 9.22605
4.92 0 13.6601 14.5564 15.829
4.94 0 7.37941 17.1175 19.7305
4.96 0 3.47455 16.3887 23.2725
4.98 0 3.922 11.9726 27.0181
5 0 2.14588 8.94716 27.2858
5.02 0 1.28966 8.00701 22.0888
5.04 0 0.0516396 6.26652 10.9454
5.06 0 -0.872044 1.90754 -2.24711
5.08 0 0.256228 -4.93253 -8.60713
5.1 0 -0.73947 -10.2959 -13.6305
5.12 0 -4.96186 -12.3061 -19.1893
5.14 0 -9.99973 -14.2805 -24.7957
5.16 0 -12.3736 -19.0132 -28.7945
5.18 0 -9.50889 -21.7084 -28.3814
5.2 0 -6.65217 -21.505 -28.1222
5.22 0 -7.13663 -17.3026 -28.303
5.24 0 -8.96608 -13.9192 -27.0855
5.26 0 -2.3949 -6.7599 -16.0705
5.28 0 2.58382 -2.04548 -6.35234
5.3 0 1.15186 -0.258559 -2.67149
5.32 0 1.10883 3.99553 2.98515
5.34 0 1.12869 5.88193 9.71279
5.36 0 1.33208 5.02069 20.0298
5.38 0 0.515029 8.51878 23.3445
5.4 0 2.85978 11.3434 22.6113
5.42 0 3.43008 13.4616 20.3518
5.44 0 3.41544 10.3253 14.7818
5.46 0 1.14399 2.19015 5.08306
5.48 0 2.51845 -0.719925 -0.829004
5.5 0 3.98088 0.812617 -4.70196
5.52 0 3.57426 2.15798 -7.57815
5.54 0 4.08163 2.62596 -6.5296
5.56 0 2.17417 -0.615654 -4.65362
5.58 0 -1.78028 -3.76391 -2.49365
5.6 0 -5.3933 -5.26712 -0.752218
5.62 0 -7.11502 -6.20017 -0.855927
5.64 0 -5.83401 -5.88361 -1.17517
5.66 0 -2.94088 -2.98185 -0.861185
5.68 0 3.66329 3.85919 2.44906
5.7 0 7.56712 8.5168 4.14423
5.72 0 9.6088 11.3935 6.31556
5.74 0 9.92868 13.1194 9.76608
5.76 0 6.83043 12.891 12.4895
5.78 0 0.764155 6.24817 11.704
5.8 0 -4.54424 -2.79333 9.13833
5.82 0 -5.97304 -6.05703 7.17993
5.84 0 -5.17483 -2.94745 3.72817
5.86 0 -0.925455 2.33179 1.29071
5.88 0 4.82943 4.87644 0.0431997
5.9 0 7.75352 4.84529 -1.21174
5.92 0 6.83796 3.68167 -3.1485
5.94 0 4.73918 3.99235 -3.29403
5.96 0 2.55434 3.20395 -0.956754
5.98 0 0.189763 0.946405 2.58789
6 0 -4.74755 -0.992528 5.91538
6.02 0 -4.4022 -2.71778 8.18058
6.04 0 -1.42116 0.221614 8.75412
6.06 0 -0.343977 3.02671 4.77196
6.08 0 -0.162946 2.70652 -0.51965
6.1 0 2.84493 1.08791 -1.46264
6.12 0 2.83991 -1.995 -3.41003
6.14 0 -0.162813 -3.05911 -5.96884
6.16 0 -3.48857 -3.56932 -7.93382
6.18 0 -5.06131 -5.80697 -8.80377
6.2 0 -4.39166 -8.42415 -8.32131
6.22 0 -1.40899 -6.47112 -5.39992
6.24 0 2.07266 -0.692951 -2.06975
6.26 0 3.15327 3.11915 -1.66296
6.28 0 2.17137 6.92092 0.312
6.3 0 2.3233 5.06888 3.45407
6.32 0 2.98848 1.81374 7.26692
6.34 0 -0.891427 -0.563412 6.61955
6.36 0 -9.88294 -4.49535 -0.933125
6.38 0 -11.2815 -9.92844 -4.71531
6.4 0 -9.09325 -15.3761 -7.78616
6.42 0 -9.06164 -18.0004 -13.87
6.44 0 -9.12973 -14.5586 -19.4656
6.46 0 -6.61934 -11.204 -23.0226
6.48 0 0.615223 -9.28506 -18.5901
6.5 0 4.21078 -2.26843 -17.9114
6.52 0 3.77484 1.16534 -17.6749
6.54 0 4.59444 1.8544 -13.5844
6.56 0 4.6505 -0.563508 -8.27455
6.58 0 1.78156 -2.77011 -3.70884
6.6 0 -3.76508 -3.82012 -0.216198
6.62 0 -8.32245 -5.73693 6.21669
6.64 0 -11.7233 -5.19536 12.4182
6.66 0 -11.4097 -2.39924 13.6388
6.68 0 -2.31182 -0.933548 12.3178
6.7 0 2.40263 2.69917 8.40154
6.72 0 4.88458 6.94829 2.72803
6.74 0 6.48026 8.23738 -2.79219
6.76 0 9.16031 7.05607 -5.10453
6.78 0 11.0784 5.95083 -4.3149
6.8 0 9.35333 6.19171 -2.80354
6.82 0 5.36969 6.97495 -0.569459
6.84 0 2.39155 6.26651 3.6478
6.86 0 0.798251 3.52443 8.83157
6.88 0 -1.41625 0.507303 12.5933
6.9 0 -2.73556 -0.70604 12.5333
6.92 0 -5.57887 1.16301 12.4974
6.94 0 -5.22865 2.54833 12.1557
6.96 0 -2.09388 1.87527 11.1563
6.98 0 1.28818 1.31335 8.69527
7 0 3.60519 3.60415 5.39341
7.02 0 5.5738 7.8108 2.69527
7.04 0 8.42999 11.0847 2.0572
7.06 0 10.4549 10.9266 2.40293
7.08 0 8.86066 7.53288 1.84092
7.1 0 4.86059 4.28833 1.52938
7.12 0 0.452379 2.01211 2.18103
7.14 0 -3.03273 -0.521624 3.37824
7.16 0 -4.81626 -3.12184 4.72503
7.18 0 -5.57277 -4.76073 5.18272
7.2 0 -5.29257 -4.09682 4.77094
7.22 0 -3.11493 -0.973589 4.4271
7.24 0 0.405117 2.59529 4.02159
7.26 0 4.14879 5.26349 3.41602
7.28 0 6.96218 7.06719 2.73234
7.3 0 7.17564 7.17989 1.18459
7.32 0 5.25583 5.63783 -0.850364
7.34 0 3.60048 3.2974 -1.19279
7.36 0 2.12336 1.02286 -0.0318399
7.38 0 -0.188749 -1.06972 0.929234
7.4 0 -2.9691 -1.76109 1.22612
7.42 0 -7.43389 -2.8507 0.922371
7.44 0 -4.22108 -5.02173 0.40325
7.46 0 -0.905359 -4.34471 -0.973306
7.48 0 -0.052044 -2.2978 -2.72733
7.5 0 -0.426822 0.158162 -4.32732
7.52 0 -0.133981 0.278357 -4.78734
7.54 0 1.08274 -1.03093 -4.08766
7.56 0 1.3233 -2.13701 -3.37082
7.58 0 -0.833276 -2.62821 -3.90577
7.6 0 -3.10964 -2.75356 -4.36009
7.62 0 -3.61632 -3.49775 -3.86032
7.64 0 -2.87946 -4.69846 -3.0037
7.66 0 -2.56578 -5.12632 -2.90409
7.68 0 -3.31819 -4.61106 -4.01314
7.7 0 -4.90346 -5.26769 -6.60024
7.72 0 -4.83084 -6.6731 -8.59449
7.74 0 -2.74497 -7.09785 -9.12448
7.76 0 -0.088445 -4.90725 -8.48177
7.78 0 1.90375 -0.69813 -7.15314
7.8 0 2.66283 2.35439 -5.77562
7.82 0 3.71225 3.54251 -3.08762
7.84 0 3.98263 2.88522 -0.00571104
7.86 0 2.36113 1.78166 2.47126
7.88 0 -1.13623 0.449108 3.64412
7.9 0 -3.84051 -0.720712 4.74865
7.92 0 -4.53857 -1.89686 5.93031
7.94 0 -4.54501 -3.22542 5.66999
7.96 0 -5.24759 -4.60555 2.80767
7.98 0 -5.24861 -4.94267 -1.11172
8 0 -3.04827 -3.84955 -4.18744
8.02 0 0.270149 -2.29835 -6.52501
8.04 0 3.52773 -0.122828 -7.91315
8.06 0 4.70816 1.26518 -9.29362
8.08 0 4.51826 1.71211 -9.62878
8.1 0 3.80018 1.17797 -8.23499
8.12 0 2.29789 -0.213551 -5.60682
8.14 0 -0.483641 -2.05949 -2.22634
8.16 0 -4.26397 -4.38093 2.03365
8.18 0 -8.34846 -6.15854 6.7938
8.2 0 -10.6778 -4.94699 7.7162
8.22 0 -8.46856 -3.15741 6.44295
8.24 0 0.187989 -1.93199 3.29929
8.26 0 4.07273 2.08213 -2.00876
8.28 0 6.09656 6.12773 -6.21803
8.3 0 8.14561 6.39014 -6.28458
8.32 0 8.59519 3.68221 -3.50594
8.34 0 5.40836 2.49005 -1.16296
8.36 0 0.368595 3.03175 0.344799
8.38 0 -2.67523 2.03938 2.49051
8.4 0 -2.61911 -0.76298 5.69951
8.42 0 -1.92409 -2.55592 8.17419
8.44 0 -2.27305 -0.931287 8.85759
8.46 0 -2.69398 2.45024 8.169
8.48 0 -1.36014 4.12301 7.0887
8.5 0 1.89686 3.7004 6.24486
8.52 0 4.72742 3.4646 5.05137
8.54 0 5.09547 4.64048 2.87189
8.56 0 3.9667 5.94645 0.613331
8.58 0 3.69679 5.66847 -0.0651265
8.6 0 4.32468 3.82515 0.869543
8.62 0 4.14323 2.4344 2.34752
8.64 0 2.17493 2.52496 3.44004
8.66 0 -0.403381 2.83377 4.23811
8.68 0 -1.85149 1.71726 5.14367
8.7 0 -1.78367 -0.235661 6.10924
8.72 0 -1.75163 -1.47464 5.98542
8.74 0 -2.44376 -1.24601 4.32516
8.76 0 -2.6169 -0.332362 2.05155
8.78 0 -0.84107 0.433519 0.401127
8.8 0 1.87587 0.842844 -0.98071
8.82 0 3.73405 1.45356 -2.7072
8.84 0 4.23107 2.86117 -4.44361
8.86 0 4.50848 3.60709 -4.71075
8.88 0 4.96394 3.25871 -2.09565
8.9 0 3.94101 2.44846 1.53317
8.92 0 1.28223 2.83596 5.09304
8.94 0 -2.94488 3.10916 7.97402
8.96 0 -5.04433 0.699617 10.1655
8.98 0 -2.63593 -2.22434 10.3253
9 0 -1.5233 -1.07664 5.50914
9.02 0 -1.39027 1.20167 -0.64018
9.04 0 0.087183 0.222026 -3.48448
9.06 0 1.46849 -2.36301 -5.59315
9.08 0 1.21883 -3.68884 -7.45088
9.1 0 -0.118281 -2.85167 -8.63743
9.12 0 -1.35084 -2.23165 -8.88881
9.14 0 -1.28947 -3.0126 -7.72401
9.16 0 -0.822641 -4.30702 -5.86366
9.18 0 -1.74448 -4.89618 -4.74213
9.2 0 -3.62335 -4.48793 -4.33881
9.22 0 -4.53759 -3.99249 -3.72767
9.24 0 -3.29433 -3.59412 -2.19605
9.26 0 -1.43625 -2.99858 -0.809969
9.28 0 -0.611923 -1.72991 -0.521384
9.3 0 -0.502078 -0.0580594 -0.897859
9.32 0 0.0291354 0.957221 -1.06017
9.34 0 1.36448 1.1525 -0.520836
9.36 0 2.02585 0.79046 -0.191048
9.38 0 1.04536 0.267723 -0.710672
9.4 0 -1.39545 -1.21784 -2.31985
9.42 0 -3.09745 -3.26695 -3.5799
9.44 0 -3.19325 -4.89358 -3.90569
9.46 0 -2.85083 -5.40136 -4.1685
9.48 0 -2.56114 -4.38321 -4.59326
9.5 0 -2.06917 -2.83413 -4.99787
9.52 0 -1.15848 -2.09697 -5.22971
9.54 0 -0.254243 -2.39592 -5.40378
9.56 0 0.0312833 -2.77346 -5.60732
9.58 0 -0.342598 -2.53327 -5.61569
9.6 0 -1.02888 -2.20465 -5.36619
9.62 0 -1.72808 -2.67532 -4.58487
9.64 0 -1.92222 -3.28262 -3.22172
9.66 0 -2.19244 -3.6294 -0.642733
9.68 0 -2.63038 -2.30627 2.56135
9.7 0 -0.963144 0.57396 4.18683
9.72 0 0.0520048 2.92698 3.78263
9.74 0 0.765943 3.50452 3.15274
9.76 0 1.94512 2.46128 2.12541
9.78 0 2.95081 1.3558 1.35728
9.8 0 2.86359 1.93809 0.702808
9.82 0 2.21726 3.28562 0.412703
9.84 0 2.8632 4.73712 1.63453
9.86 0 3.79256 4.73234 3.52755
9.88 0 3.8569 4.2434 5.22438
9.9 0 2.84344 4.45133 6.63741
9.92 0 1.286 4.76111 7.64162
9.94 0 0.33045 4.33603 8.56602
9.96 0 0.161506 3.18522 9.20963
9.98 0 0.0676435 2.20135 9.01721
10 0 -0.425006 1.91062 7.668
10.02 0 -0.746654 1.97017 5.606
10.04 0 -0.222213 1.7118 3.44315
10.06 0 1.19632 1.4018 1.65858
10.08 0 2.64842 1.70995 0.226282
10.1 0 3.50495 2.81821 -0.814321
10.12 0 3.63147 3.66765 -1.42122
10.14 0 3.42972 3.46823 -1.24429
10.16 0 2.98822 2.4754 -0.257914
10.18 0 2.13137 1.69801 1.30182
10.2 0 0.843494 1.6404 3.05513
10.22 0 -0.721491 1.45391 4.41384
10.24 0 -1.65413 0.852358 5.47073
10.26 0 -1.92166 -0.136265 5.83916
10.28 0 -2.11068 -0.849952 4.89182
10.3 0 -1.69177 -0.429675 3.17131
10.32 0 -0.000601801 1.40556 0.181173
10.34 0 2.7759 2.22091 -3.42032
10.36 0 3.4517 1.27781 -5.07353
10.38 0 2.36204 -0.713875 -5.0352
10.4 0 1.10199 -2.26114 -4.69268
10.42 0 -1.52296 -2.77717 -4.3263
10.44 0 -3.77028 -3.32893 -3.71905
10.46 0 -4.43024 -4.32739 -2.62924
10.48 0 -3.87839 -5.24621 -1.58746
10.5 0 -2.79877 -4.2905 -0.847941
10.52 0 -2.11016 -2.12352 -1.06801
10.54 0 -1.55549 -0.727298 -1.97498
10.56 0 -0.266435 -0.618042 -2.43522
10.58 0 0.697088 -1.3705 -3.1012
10.6 0 0.0392508 -2.40147 -4.65928
10.62 0 -1.17646 -2.85131 -6.08018
10.64 0 -1.63167 -2.98317 -6.46848
10.66 0 -1.3993 -3.41507 -6.08288
10.68 0 -0.793412 -3.34189 -5.02781
10.7 0 -0.521862 -2.38144 -3.79789
10.72 0 -0.883309 -1.34995 -2.86222
10.74 0 -1.33319 -1.1155 -1.94233
10.76 0 -1.39976 -1.69124 -0.859299
10.78 0 -1.43533 -2.15456 -0.0932104
10.8 0 -1.69537 -1.89717 0.11112
10.82 0 -1.8392 -1.18034 0.190683
10.84 0 -1.57837 -0.799067 0.0468563
10.86 0 -0.974267 -1.11947 -0.5273
10.88 0 -0.420079 -1.57942 -1.54607
10.9 0 -0.138627 -1.23928 -2.57113
10.92 0 2.00795 -0.540847 -2.93276
10.94 0 1.79928 1.26129 -2.59504
10.96 0 0.824711 2.39626 -0.709121
10.98 0 1.283 1.96477 2.31942
11 0 1.67812 1.97719 4.69382
11.02 0 1.26127 3.06201 5.72298
11.04 0 0.747139 3.95126 6.19276
11.06 0 0.879751 3.82373 6.50798
11.08 0 1.49608 3.13122 6.61894
11.1 0 1.67438 2.79879 6.0401
11.12 0 1.01371 2.72168 4.52845
11.14 0 0.251005 2.15349 2.58451
11.16 0 0.46535 1.20244 1.21559
11.18 0 1.25403 0.515413 0.424331
11.2 0 1.75414 0.808021 -0.0828955
11.22 0 1.84448 1.89539 -0.228137
11.24 0 1.85033 2.68501 0.0824782
11.26 0 2.04197 2.39244 1.06234
11.28 0 1.71452 1.57929 2.04858
11.3 0 0.597361 1.04679 2.61378
11.32 0 -0.55861 1.02535 3.0605
11.34 0 -1.12158 0.787467 3.35043
11.36 0 -0.843594 0.427038 3.27315
11.38 0 -0.149232 0.341141 2.60957
11.4 0 0.277697 0.685243 0.956437
11.42 0 0.289172 1.04967 -0.818618
11.44 0 0.699053 0.500245 -1.73019
11.46 0 1.50829 -0.517843 -1.73214
11.48 0 1.70803 -0.632242 -1.49538
11.5 0 0.223072 0.0867339 -1.77309
11.52 0 -1.40275 -0.243005 -1.92866
11.54 0 -2.08268 -2.26648 -1.7539
11.56 0 -2.61298 -4.49851 -1.97976
11.58 0 -3.33074 -4.99755 -2.77926
11.6 0 -3.88536 -4.35191 -3.8159
11.62 0 -3.41004 -3.75078 -4.7275
11.64 0 -1.73295 -3.49386 -5.08983
11.66 0 0.48318 -2.36978 -4.69575
11.68 0 1.71434 -0.448049 -4.23847
11.7 0 1.68326 1.06843 -3.83766
11.72 0 1.37991 1.28587 -2.82939
11.74 0 0.638886 -0.140247 -1.66328
11.76 0 -1.17477 -2.41221 -0.576611
11.78 0 -3.41848 -3.90864 0.213646
11.8 0 -5.22524 -4.07617 0.294733
11.82 0 -5.36326 -3.73625 -0.363051
11.84 0 -3.28889 -3.36063 -1.38742
11.86 0 0.268569 -2.22233 -2.87402
11.88 0 4.60631 0.334975 -4.04274
11.9 0 3.9356 4.23573 -4.44108
11.92 0 3.25695 4.74168 -2.17564
11.94 0 3.43104 2.66295 2.54934
11.96 0 2.3499 1.92835 5.83517
11.98 0 -0.167483 3.1968 7.06174
12 0 -1.65944 3.70952 7.82248
12.02 0 -1.27627 2.34212 8.33285
12.04 0 -0.102601 0.776644 8.00808
12.06 0 0.206854 0.874855 6.15364
12.08 0 -0.081401 2.11543 3.23514
12.1 0 0.640698 2.76689 0.424917
12.12 0 2.7189 2.39498 -1.79979
12.14 0 4.58654 1.60311 -2.90264
12.16 0 4.83671 1.71803 -2.92728
12.18 0 3.46585 2.85058 -1.5314
12.2 0 1.64058 3.28282 1.15907
12.22 0 0.0573351 2.25915 4.12345
12.24 0 -1.63812 0.443355 6.35825
12.26 0 -4.19299 -0.81923 7.18659
12.28 0 -4.25614 -1.95003 6.53874
12.3 0 -2.37019 -1.6425 3.35079
12.32 0 0.172386 0.100487 -1.47361
12.34 0 2.53096 0.893392 -4.69086
12.36 0 4.0946 0.714146 -5.81627
12.38 0 3.69817 0.80608 -6.08706
12.4 0 2.03525 0.69926 -5.46145
12.42 0 0.276911 -0.277059 -3.73658
12.44 0 -1.06146 -1.83709 -1.30444
12.46 0 -2.56994 -3.13416 1.09385
12.48 0 -4.47224 -3.5525 2.18445
12.5 0 -5.71325 -3.45327 1.68119
12.52 0 -5.1365 -3.62048 0.292091
12.54 0 -3.21609 -4.26236 -1.35086
12.56 0 -1.21724 -3.94788 -3.43947
12.58 0 -0.183159 -2.4955 -6.07222
12.6 0 0.736991 -0.983923 -7.8195
12.62 0 2.16005 -0.01454 -8.02263
12.64 0 3.19954 0.105587 -7.07158
12.66 0 2.81137 -0.111657 -5.55777
12.68 0 1.0186 -0.520538 -3.52981
12.7 0 -1.61646 -1.40358 -1.0901
12.72 0 -3.94475 -3.49612 2.55163
12.74 0 -6.11077 -4.30124 4.90506
12.76 0 -7.10266 -3.96476 4.31855
12.78 0 -5.66689 -2.94706 1.63609
12.8 0 0.254378 -2.30909 -1.82851
12.82 0 3.71852 0.140153 -5.69103
12.84 0 4.452 2.65524 -7.82991
12.86 0 4.54154 2.94749 -6.67405
12.88 0 3.88245 1.08664 -2.95747
12.9 0 1.69638 0.166363 0.357501
12.92 0 -1.06867 1.12352 2.09915
12.94 0 -2.24014 1.59789 4.31479
12.96 0 -1.45796 0.892778 6.35762
12.98 0 -0.462387 0.225531 7.4352
13 0 -0.384102 0.96377 6.9958
13.02 0 -0.777493 2.32262 5.38929
13.04 0 -0.0110537 2.99598 3.88912
13.06 0 2.36611 3.15341 3.32975
13.08 0 4.64467 3.83554 3.17509
13.1 0 5.57462 5.67473 3.12375
13.12 0 5.38532 7.49325 3.42506
13.14 0 4.87692 7.56908 4.37208
13.16 0 4.17873 5.81856 5.79226
13.18 0 2.1577 3.10467 6.45348
13.2 0 -0.428907 1.40797 6.66067
13.22 0 -2.26326 0.880189 6.81748
13.24 0 -2.92707 0.280954 6.52896
13.26 0 -2.25736 -0.388977 5.70207
13.28 0 -0.978791 -0.485067 3.80647
13.3 0 0.314536 0.581606 0.619955
13.32 0 2.30638 3.05208 -4.18919
13.34 0 5.52086 2.98366 -6.48709
13.36 0 6.83234 1.16196 -6.1546
13.38 0 1.24026 0.540352 -4.96516
13.4 0 -1.32733 -1.40428 -2.63434
13.42 0 -3.14458 -3.86263 -0.0181262
13.44 0 -4.9599 -5.178 1.23074
13.46 0 -6.27373 -4.73789 0.798654
13.48 0 -5.74916 -3.87899 -0.294173
13.5 0 -3.23308 -3.84436 -0.896379
13.52 0 -0.591682 -3.03611 -2.12948
13.54 0 0.906378 -1.12045 -3.58107
13.56 0 1.50836 0.85642 -5.00482
13.58 0 1.99632 1.25677 -5.72445
13.6 0 2.30564 0.0113173 -5.64519
13.62 0 1.72898 -1.44806 -5.08951
13.64 0 -0.11393 -2.20348 -4.50204
13.66 0 -2.22015 -2.52281 -3.652
13.68 0 -3.33312 -3.09182 -2.27882
13.7 0 -3.65212 -4.14814 -1.07845
13.72 0 -3.7881 -4.77794 -0.643855
13.74 0 -3.82372 -4.27953 -0.993894
13.76 0 -3.48578 -3.29872 -1.97925
13.78 0 -2.3574 -2.67956 -3.12245
13.8 0 -0.536833 -2.23208 -4.00329
13.82 0 1.06328 -1.38524 -4.68058
13.84 0 1.70365 -0.310615 -5.27643
13.86 0 1.58908 0.346868 -5.38997
13.88 0 1.21851 0.0859555 -4.6169
13.9 0 0.637415 -0.961586 -3.10812
13.92 0 -0.732645 -2.1719 -0.608023
13.94 0 -3.18709 -3.14052 2.12597
13.96 0 -5.5897 -2.48058 3.27512
13.98 0 -3.99413 -1.78307 3.23165
14 0 -0.55518 -1.04292 1.95785
14.02 0 0.675178 0.550745 -0.149701
14.04 0 1.83217 2.31461 -1.76905
14.06 0 3.46209 2.87246 -1.88675
14.08 0 4.69017 2.67095 -0.819148
14.1 0 4.1855 3.21911 -0.0437479
14.12 0 2.36031 3.52845 0.815332
14.14 0 0.829763 2.80239 2.03258
14.16 0 0.408828 1.62946 3.89027
14.18 0 0.303109 1.00814 5.70471
14.2 0 -0.304299 1.43346 6.68451
14.22 0 -0.94898 2.32908 6.87646
14.24 0 -0.849261 2.54386 6.57762
14.26 0 0.0618066 1.98964 5.9214
14.28 0 0.936773 1.51981 4.6718
14.3 0 1.43833 1.98321 3.06668
14.32 0 1.94537 3.0473 1.70014
14.34 0 2.76896 3.70162 0.961333
14.36 0 3.64497 3.65772 0.879528
14.38 0 3.85912 3.37142 1.16988
14.4 0 2.97633 3.12317 1.52293
14.42 0 1.46342 2.63373 1.97206
14.44 0 0.239532 1.71224 2.78008
14.46 0 -0.215393 0.895349 4.0076
14.48 0 -0.330438 0.785014 5.12507
14.5 0 -0.588422 1.25213 5.53639
14.52 0 -0.821251 1.60898 5.15005
14.54 0 -0.442844 1.52034 4.13524
14.56 0 0.39859 1.1497 2.67111
14.58 0 1.43621 1.12586 0.645983
14.6 0 2.34638 2.22529 -2.24779
14.62 0 3.52464 2.27449 -4.12352
14.64 0 3.74602 0.933412 -3.94925
14.66 0 -0.215898 -0.0442646 -2.67332
14.68 0 -1.23155 -2.23481 -0.868724
14.7 0 -2.65665 -3.57299 0.188315
14.72 0 -4.27914 -3.78685 -0.138588
14.74 0 -5.01938 -3.68539 -1.3348
14.76 0 -3.9647 -4.04649 -1.93237
14.78 0 -1.95613 -4.07514 -2.48084
14.8 0 -0.0683845 -2.32492 -3.08027
14.82 0 0.616789 -0.346316 -3.92933
14.84 0 0.685214 0.42407 -4.85181
14.86 0 1.25448 -0.065382 -4.78756
14.88 0 1.54042 -1.07179 -4.14501
14.9 0 0.546406 -1.69315 -3.65243
14.92 0 -1.54497 -2.17684 -3.57322
14.94 0 -3.03002 -2.86224 -3.11426
14.96 0 -3.25632 -3.8159 -2.19689
14.98 0 -2.99298 -4.39734 -1.5345
15 0 -2.97818 -4.02131 -1.65839
15.02 0 -2.79431 -2.87769 -2.20943
15.04 0 -1.58475 -1.57122 -2.40701
15.06 0 0.170261 -0.751735 -2.38244
15.08 0 1.2865 -0.346818 -2.63969
15.1 0 1.48154 0.161486 -2.95235
15.12 0 0.971154 0.370115 -3.06994
15.14 0 0.2731 -0.298257 -2.70662
15.16 0 -0.596411 -1.54235 -2.16185
15.18 0 -1.70476 -2.58898 -1.62191
15.2 0 -2.70334 -3.2327 -0.455874
15.22 0 -3.31132 -2.96236 0.337574
15.24 0 -3.11219 -1.97367 0.764198
15.26 0 -1.64785 -0.593991 0.514373
15.28 0 2.93001 0.300702 0.124127
15.3 0 3.085 2.87098 -0.8467
15.32 0 2.35854 4.07779 -0.627052
15.34 0 2.59895 3.15306 1.1614
15.36 0 2.39614 1.8029 2.97599
15.38 0 1.05581 1.76368 3.5366
15.4 0 -0.253479 2.14414 3.8261
15.42 0 -0.351416 2.14502 4.52614
15.44 0 0.445982 1.76667 5.25527
15.46 0 1.00929 1.80187 5.30912
15.48 0 1.04389 2.57688 4.67465
15.5 0 1.18447 3.39845 3.88486
15.52 0 1.70943 3.32562 3.18915
15.54 0 2.24058 2.544 2.55697
15.56 0 2.3589 2.13704 2.04042
15.58 0 1.87662 2.30594 1.59138
15.6 0 1.27148 2.40438 1.424
15.62 0 1.08563 2.02997 1.78535
15.64 0 1.05875 1.29175 2.36986
15.66 0 0.647072 0.907477 2.70072
15.68 0 0.0425438 1.06645 2.66695
15.7 0 -0.290728 1.42998 2.38078
15.72 0 0.11676 1.37588 2.036
15.74 0 0.933012 0.827539 1.45979
15.76 0 0.742035 0.422063 0.171246
15.78 0 -1.01099 -0.0545457 -1.34018
15.8 0 -1.48254 -1.8276 -2.40139
15.82 0 -0.597765 -3.61057 -3.07315
15.84 0 -0.879783 -3.4187 -3.91806
15.86 0 -1.67468 -2.16252 -4.75259
15.88 0 -1.44288 -1.56643 -4.42365
15.9 0 -0.4333 -1.95375 -3.34762
15.92 0 -0.0125227 -2.269 -2.45636
15.94 0 -0.760907 -1.82094 -2.15958
15.96 0 -1.60325 -1.08887 -1.86752
15.98 0 -1.73588 -1.27096 -1.32222
16 0 -1.52637 -2.27681 -1.01443
16.02 0 -1.49336 -2.75505 -1.23067
16.04 0 -1.91686 -2.47434 -2.16265
16.06 0 -2.15377 -2.26148 -3.30612
16.08 0 -1.56889 -2.58116 -4.03442
16.1 0 -0.554512 -2.85252 -4.27895
16.12 0 -0.12653 -2.4468 -4.41793
16.14 0 0.120673 -1.05241 -3.82102
16.16 0 0.511393 0.0569157 -2.66869
16.18 0 0.90311 -0.169774 -0.862535
16.2 0 0.47536 -0.0266459 0.867188
16.22 0 -0.719369 0.80071 2.24066
16.24 0 -1.36228 1.45021 3.08205
16.26 0 -0.683601 0.902826 3.88233
16.28 0 0.606645 0.894953 4.19767
16.3 0 1.05632 1.5306 3.46719
16.32 0 1.0075 2.5481 2.28846
16.34 0 1.51036 3.00753 1.50191
16.36 0 2.59905 2.68913 1.51454
16.38 0 3.29257 2.57658 1.97127
16.4 0 2.58788 2.85894 2.01134
16.42 0 0.846428 2.39068 1.55409
16.44 0 -0.369797 0.981929 1.46043
16.46 0 -0.486615 -0.366083 2.02684
16.48 0 0.161445 0.00260799 3.11205
16.5 0 0.617063 1.80333 3.89467
16.52 0 0.368212 2.83195 3.61669
16.54 0 0.505759 2.39305 3.05272
16.56 0 0.844893 0.987151 2.06274
16.58 0 1.04863 0.476777 0.88458
16.6 0 1.10845 1.07663 -0.031508
16.62 0 1.16111 1.61158 -0.82711
16.64 0 1.58996 1.27053 -0.673687
16.66 0 1.83666 0.791206 0.319099
16.68 0 -0.392389 0.84189 1.09353
16.7 0 -2.01543 0.0566993 1.78507
16.72 0 -1.11454 -1.35724 2.33933
16.74 0 -0.428901 -1.45381 1.4741
16.76 0 -0.789155 -0.240021 -0.62286
16.78 0 -0.716016 0.19689 -2.05923
16.8 0 0.471319 -0.553999 -2.32921
16.82 0 1.37797 -1.2062 -2.01671
16.84 0 0.478883 -1.04393 -2.34735
16.86 0 -1.2385 -0.86789 -2.96993
16.88 0 -1.79727 -1.353 -2.72215
16.9 0 -1.19699 -2.31431 -1.76775
16.92 0 -1.01522 -2.87273 -1.29124
16.94 0 -1.86218 -2.58908 -1.77631
16.96 0 -2.67012 -2.19643 -2.60877
16.98 0 -2.35915 -2.48564 -3.08762
17 0 -1.0682 -2.84116 -3.05127
17.02 0 0.230946 -2.00671 -2.73921
17.04 0 0.651252 -0.310422 -2.62424
17.06 0 0.441308 0.704262 -2.61719
17.08 0 0.340963 0.224399 -2.26169
17.1 0 0.0887358 -1.18785 -1.79211
17.12 0 -0.863123 -2.33202 -1.66092
17.14 0 -2.55214 -3.01359 -2.0025
17.16 0 -3.74163 -3.57091 -2.20011
17.18 0 -3.78619 -4.07845 -2.4458
17.2 0 -2.91186 -4.30792 -2.99606
17.22 0 -1.81847 -3.48937 -3.76827
17.24 0 1.18258 -1.51371 -4.16157
17.26 0 2.61909 1.09691 -4.00283
17.28 0 1.65371 2.60981 -2.66554
17.3 0 1.61521 1.74598 0.490918
17.32 0 1.43855 1.09753 3.07522
17.34 0 0.568489 1.96073 4.2232
17.36 0 0.0559711 2.91591 5.18408
17.38 0 0.341637 3.02352 6.02236
17.4 0 0.741871 2.41059 6.08024
17.42 0 0.598625 1.64826 5.11788
17.44 0 0.288261 1.55625 3.7447
17.46 0 0.45019 1.8633 2.54455
17.48 0 1.17167 1.99245 1.68568
17.5 0 1.86956 1.79137 0.947123
17.52 0 2.09688 1.69114 0.266313
17.54 0 1.8412 1.73415 -0.184701
17.56 0 1.56398 1.78581 -0.0515873
17.58 0 1.74552 2.04336 0.980843
17.6 0 1.87333 2.3336 2.36078
17.62 0 1.64068 2.68344 3.71653
17.64 0 1.24803 3.0935 4.99858
17.66 0 0.75877 3.09596 5.92105
17.68 0 0.174505 2.42262 6.19781
17.7 0 -0.533861 1.31583 5.64194
17.72 0 -0.95691 0.471113 4.51178
17.74 0 -0.769976 0.41564 3.00019
17.76 0 0.316718 1.02951 1.72782
17.78 0 2.47252 2.68243 0.813524
17.8 0 4.24296 4.3496 -0.490148
17.82 0 5.05818 4.21872 -1.50577
17.84 0 4.25143 2.37814 -1.36062
17.86 0 -0.799191 0.36671 -0.685029
17.88 0 -2.82031 -2.37932 0.928927
17.9 0 -3.04497 -3.48187 1.95511
17.92 0 -3.31122 -2.84069 1.35004
17.94 0 -3.16941 -1.79681 -0.114521
17.96 0 -1.92208 -1.59453 -1.04211
17.98 0 -0.238494 -1.76895 -1.68797
18 0 0.855253 -1.16471 -2.47997
18.02 0 0.945505 -0.0644211 -3.11906
18.04 0 0.600538 0.48734 -3.57964
18.06 0 0.10856 -0.614411 -3.87598
18.08 0 -0.388229 -2.39108 -3.83471
18.1 0 -0.989686 -3.16497 -3.41934
18.12 0 -1.99356 -2.98718 -3.14252
18.14 0 -2.75331 -2.71805 -2.91604
18.16 0 -2.63293 -2.90183 -2.51296
18.18 0 -1.9005 -3.13752 -2.08742
18.2 0 -1.5619 -3.02011 -2.27067
18.22 0 -1.6225 -2.41998 -2.9277
18.24 0 -1.55796 -1.99534 -3.66133
18.26 0 -1.01219 -2.11083 -4.11912
18.28 0 -0.112731 -2.12305 -4.08542
18.3 0 0.314064 -1.69261 -3.96761
18.32 0 0.00188799 -1.14455 -3.95566
18.34 0 -0.553204 -1.13097 -3.83193
18.36 0 -0.870228 -1.78844 -3.34238
18.38 0 -1.02955 -2.47651 -2.6083
18.4 0 -1.35136 -2.51435 -1.93518
18.42 0 -2.04305 -2.29513 -1.41915
18.44 0 -2.56861 -2.23924 -1.26404
18.46 0 -2.41479 -2.48814 -1.23969
18.48 0 -1.87605 -2.58086 -1.23364
18.5 0 -1.27137 -2.11634 -1.20525
18.52 0 -0.661448 -1.17494 -1.55674
18.54 0 0.51924 0.0461129 -1.51635
18.56 0 2.96445 0.862908 -1.13625
18.58 0 1.18861 2.16088 -0.694522
18.6 0 0.339713 1.83648 0.496016
18.62 0 0.296826 0.888761 1.82576
18.64 0 0.529438 0.428009 2.4001
18.66 0 0.467651 0.721625 2.72374
18.68 0 0.0950176 1.52302 2.59162
18.7 0 0.200799 1.94927 2.31025
18.72 0 1.09206 1.87427 2.42541
18.74 0 1.84242 1.7631 2.49359
18.76 0 1.87655 2.1278 2.29962
18.78 0 1.54608 2.73975 2.10773
18.8 0 1.55922 3.01011 2.37492
18.82 0 1.8243 2.68548 2.96357
18.84 0 1.90098 2.39089 3.60821
18.86 0 1.53627 2.59601 4.11125
18.88 0 1.12005 3.10646 4.61286
18.9 0 1.20303 3.49727 5.3567
18.92 0 1.6013 3.54015 6.09681
18.94 0 1.5271 3.20277 6.18101
18.96 0 1.00924 2.87311 5.66816
18.98 0 0.56055 2.58915 4.9138
19 0 0.449059 2.09632 4.0525
19.02 0 0.959036 1.89601 3.49314
19.04 0 1.63197 2.21644 3.09555
19.06 0 2.17347 2.99849 2.7646
19.08 0 2.24199 3.35368 2.3003
19.1 0 1.68201 2.54715 1.34672
19.12 0 0.924067 0.908964 0.241508
19.14 0 0.441839 -0.252831 -0.272836
19.16 0 0.19251 -0.481093 -0.289839
19.18 0 -0.0160098 0.184447 -0.787792
19.2 0 0.14986 0.756243 -0.837201
19.22 0 1.39842 0.802098 -0.272106
19.24 0 -0.31562 0.615597 0.305202
19.26 0 -0.863733 -0.901873 0.491171
19.28 0 -0.842455 -2.04775 -0.147492
19.3 0 -1.458 -2.07406 -1.09467
19.32 0 -1.77162 -1.69662 -1.92916
19.34 0 -1.52619 -1.64623 -1.98637
19.36 0 -0.469761 -1.31042 -1.54597
19.38 0 0.488847 -0.561916 -1.0408
19.4 0 0.0515365 -0.390809 -1.4005
19.42 0 -1.78886 -1.86098 -2.99958
19.44 0 -2.24282 -3.08151 -3.5637
19.46 0 -1.44674 -3.3057 -3.13179
19.48 0 -1.31528 -3.08577 -3.26751
19.5 0 -2.0386 -2.93604 -4.17876
19.52 0 -2.58029 -3.34161 -5.18557
19.54 0 -2.3114 -4.15409 -5.75281
19.56 0 -1.65472 -4.53795 -5.95568
19.58 0 -1.37923 -4.05365 -6.17621
19.6 0 -1.28814 -2.95812 -6.19113
19.62 0 -0.557634 -1.72057 -5.33412
19.64 0 0.106882 -1.35084 -4.27305
19.66 0 0.5008 -1.12714 -2.96575
19.68 0 0.149505 -0.815938 -1.7908
19.7 0 -1.02381 -0.95376 -1.19814
19.72 0 -2.1759 -1.80845 -0.592486
19.74 0 -2.4319 -2.42582 0.290212
19.76 0 -2.22101 -2.35312 0.844462
19.78 0 -2.35149 -2.17413 0.540308
19.8 0 -2.60759 -1.89066 -0.646556
19.82 0 -1.98132 -1.96153 -2.00812
19.84 0 -0.4846 -2.13644 -3.1086
19.86 0 2.01835 -1.47597 -4.0984
19.88 0 2.81152 0.558158 -4.36968
19.9 0 1.13917 2.39667 -3.08009
19.92 0 0.683768 1.41637 -0.159959
19.94 0 0.51551 0.21984 2.13218
19.96 0 0.25928 0.443721 3.30014
19.98 0 0.0152089 1.73153 4.29955
20 0 0.410273 3.26873 5.06373
20.02 0 1.43458 3.74134 5.69108
20.04 0 2.15475 3.36359 5.72683
20.06 0 2.1368 3.16802 5.17196
20.08 0 1.98538 3.72853 4.69453
20.1 0 2.06853 4.22514 4.48961
20.12 0 2.25521 3.92414 4.37239
20.14 0 2.20972 3.12748 4.16917
20.16 0 1.69017 2.48636 3.78082
20.18 0 1.14214 2.42386 3.55271
20.2 0 1.19438 2.84858 3.88288
20.22 0 2.03354 3.64824 4.90461
20.24 0 2.33295 3.88221 5.42546
20.26 0 1.60585 3.31401 4.99205
20.28 0 0.519477 2.23585 4.06766
20.3 0 -0.102165 1.14831 3.24692
20.32 0 0.374981 0.974133 3.07135
20.34 0 1.15437 1.79737 2.79828
20.36 0 1.37448 2.33581 2.02365
20.38 0 1.52827 2.22304 0.753157
20.4 0 1.7417 1.79747 -0.650334
20.42 0 1.98815 0.868428 -1.86301
20.44 0 0.842978 -0.650148 -2.4025
20.46 0 -2.84014 -1.85466 -2.69794
20.48 0 -2.1031 -3.66481 -1.98147
20.5 0 -1.73258 -3.84049 -1.53705
20.52 0 -1.94658 -2.52868 -1.93607
20.54 0 -1.90689 -1.29456 -2.13576
20.56 0 -1.11594 -1.01176 -1.82493
20.58 0 -0.581862 -1.84861 -2.05419
20.6 0 -1.09479 -2.95855 -3.17371
20.62 0 -1.79569 -3.16332 -4.23744
20.64 0 -2.17293 -3.16311 -4.89186
20.66 0 -2.00638 -3.40283 -5.17884
20.68 0 -1.4774 -3.62886 -5.16404
20.7 0 -1.11107 -3.37745 -5.07141
20.72 0 -1.04681 -2.66345 -4.93113
20.74 0 -0.723263 -1.71896 -4.29277
20.76 0 -0.297347 -1.23517 -3.38747
20.78 0 -0.450469 -1.57785 -2.78332
20.8 0 -1.22169 -2.35424 -2.45794
20.82 0 -2.15281 -2.87974 -2.32176
20.84 0 -2.57189 -2.92853 -2.08106
20.86 0 -2.15579 -2.48998 -1.6207
20.88 0 -1.55297 -1.97859 -1.21849
20.9 0 -1.08908 -1.58827 -1.10194
20.92 0 -0.43863 -0.937289 -1.12404
20.94 0 0.232899 0.084058 -0.870217
20.96 0 2.03489 1.17842 0.00453688
20.98 0 3.24002 2.26706 0.853817
21 0 1.53345 3.26298 1.42812
21.02 0 0.0482638 2.59939 2.48733
21.04 0 -0.118771 0.824766 3.62416
21.06 0 -0.11215 0.0525989 3.97009
21.08 0 -0.367841 0.568677 3.53217
21.1 0 -0.633245 1.29893 2.4912
21.12 0 0.0867516 1.49075 1.7313
21.14 0 1.64828 1.48566 1.5392
21.16 0 2.96472 2.20529 1.64637
21.18 0 3.03009 3.35382 1.48999
21.2 0 2.27657 3.72323 1.28133
21.22 0 1.76923 2.89776 1.67246
21.24 0 1.49435 1.60299 2.54715
21.26 0 0.804112 0.944562 3.28688
21.28 0 -0.146075 1.28248 3.7556
21.3 0 -0.630396 1.78179 4.09794
21.32 0 -0.309049 1.66687 4.3075
21.34 0 0.433967 1.28863 4.19984
21.36 0 1.17784 1.67651 3.8363
21.38 0 1.50955 2.63798 3.10614
21.4 0 1.78167 3.31052 1.87105
21.42 0 1.9386 2.68088 0.455007
21.44 0 1.75841 0.93364 -0.860004
21.46 0 1.70645 -0.0613026 -1.25131
21.48 0 0.92558 0.0825742 -0.857969
21.5 0 -2.04501 0.576747 -0.233257
21.52 0 -2.31628 -1.36171 0.704105
21.54 0 -1.09615 -3.41003 0.871181
21.56 0 -0.888695 -2.17297 -0.278468
21.58 0 -1.02271 0.305085 -1.36944
21.6 0 -0.103794 1.04028 -1.71336
21.62 0 1.45855 -0.0352107 -1.11875
21.64 0 1.48543 -0.916489 -1.0439
21.66 0 -0.545631 -1.1921 -2.10691
21.68 0 -2.47476 -1.53275 -3.05708
21.7 0 -2.68699 -2.76298 -3.05643
21.72 0 -2.02706 -4.18711 -2.79096
21.74 0 -1.90151 -4.36174 -3.09698
21.76 0 -2.38238 -3.26923 -3.96728
21.78 0 -2.21688 -2.20171 -4.51278
21.8 0 -1.06811 -2.14655 -4.46101
21.82 0 0.0648445 -2.5304 -4.24591
21.84 0 0.125792 -2.36052 -4.30842
21.86 0 -0.570083 -1.61337 -4.3607
21.88 0 -1.09361 -1.34199 -3.95781
21.9 0 -0.961833 -1.74451 -2.94687
21.92 0 -0.778224 -2.19553 -1.80173
21.94 0 -1.276 -2.32503 -0.53797
21.96 0 -1.932 -1.51908 0.355192
21.98 0 -2.14699 -0.68658 1.18755
22 0 -1.37037 0.0266671 1.70719
22.02 0 1.07548 0.440426 1.81603
22.04 0 3.13565 1.40212 0.941862
22.06 0 1.64902 3.09438 -0.46815
22.08 0 0.85346 3.02065 -0.167332
22.1 0 1.68104 1.31021 1.67416
22.12 0 1.90082 0.535107 3.10926
22.14 0 0.508155 1.55872 3.29211
22.16 0 -0.843887 2.51984 2.93829
22.18 0 -0.396055 1.94335 3.15424
22.2 0 1.16738 0.943646 3.7788
22.22 0 1.99204 1.33566 3.88318
22.24 0 1.5979 3.00916 3.25992
22.26 0 1.2732 4.09246 2.70842
22.28 0 1.53854 3.0792 2.43252
22.3 0 1.81567 1.17583 2.23721
22.32 0 1.36072 0.465871 1.85998
22.34 0 0.260451 1.05711 1.27041
22.36 0 -0.327174 1.61375 0.886697
22.38 0 0.238662 1.07883 1.1232
22.4 0 1.02509 0.305527 1.47006
22.42 0 1.2429 0.739362 1.60146
22.44 0 0.993698 2.09159 1.61141
22.46 0 0.895932 2.55902 1.49104
22.48 0 0.769884 1.41587 1.58043
22.5 0 -0.848603 -0.438166 1.03224
22.52 0 -2.23617 -2.27423 -0.118596
22.54 0 -2.12376 -3.07891 -1.42541
22.56 0 -1.3139 -2.79129 -3.04672
22.58 0 -0.872943 -2.06139 -4.34801
22.6 0 -0.38113 -1.67341 -5.08255
22.62 0 0.295049 -1.70197 -4.83159
22.64 0 0.506777 -1.59674 -4.0761
22.66 0 -0.00443667 -1.25699 -3.00775
22.68 0 -0.821793 -0.994807 -1.69713
22.7 0 -1.38749 -1.07395 -0.239784
22.72 0 -1.56127 -1.30707 1.06978
22.74 0 -1.64244 -1.17878 1.66122
22.76 0 -1.61732 -0.716658 1.24195
22.78 0 -1.16076 -0.453854 0.206243
22.8 0 -0.258071 -0.58874 -0.853308
22.82 0 0.673 -0.583944 -1.74497
22.84 0 0.950779 -0.323558 -2.5795
22.86 0 0.604368 -0.225836 -3.12963
22.88 0 0.150574 -0.565704 -3.00834
22.9 0 -0.280239 -1.22808 -2.09978
22.92 0 -0.459247 -1.45798 -0.533469
22.94 0 -0.815691 -0.70369 0.74607
22.96 0 -0.929064 0.349595 1.57663
22.98 0 -0.162745 0.867207 2.05411
23 0 0.764659 1.04411 2.0749
23.02 0 1.03476 1.48147 1.68299
23.04 0 1.0905 1.94512 1.35315
23.06 0 0.980552 1.82851 1.26004
23.08 0 0.680286 0.906969 1.16114
23.1 0 0.236314 0.0845745 0.984004
23.12 0 -0.223373 -0.036681 0.732065
23.14 0 -0.407252 0.204664 0.49403
23.16 0 0.0692101 0.50672 0.592354
23.18 0 0.716914 0.670293 0.75251
23.2 0 0.857561 0.716439 0.597901
23.22 0 0.59118 0.771917 0.327931
23.24 0 0.279091 0.610327 0.198336
23.26 0 0.171666 0.261798 0.33272
23.28 0 0.0452296 -0.0670336 0.453487
23.3 0 -0.194156 -0.1169 0.400234
23.32 0 -0.310937 0.0433261 0.291489
23.34 0 -0.165162 0.168585 0.262665
23.36 0 0.14602 0.140498 0.256295
23.38 0 0.31305 0.124318 0.145169
23.4 0 0.19676 0.202627 -0.0543943
23.42 0 0.0959162 0.25844 -0.112267
23.44 0 0.165746 0.206036 0.067958
23.46 0 0.24974 0.184582 0.356205
23.48 0 0.142945 0.36423 0.62831
23.5 0 0.0948941 0.588409 0.893057
23.52 0 0.138758 0.615853 1.06718
23.54 0 0.129904 0.406519 0.985412
23.56 0 0.145549 0.299127 0.762164
23.58 0 0.215436 0.311646 0.428578
23.6 0 0.155192 0.263334 -0.00166906
23.62 0 -0.0276564 -0.165668 -0.557792
23.64 0 -0.163352 -0.868442 -1.1895
23.66 0 -0.355309 -1.13225 -1.61911
23.68 0 -0.642949 -1.13683 -1.89942
23.7 0 -0.770058 -1.14808 -1.90074
23.72 0 -0.567778 -1.13758 -1.54093
23.74 0 -0.213859 -0.844454 -0.927346
23.76 0 -0.215926 -0.471665 -0.540812
23.78 0 -0.543075 -0.379038 -0.482473
23.8 0 -0.700627 -0.587934 -0.446356
23.82 0 -0.679017 -0.951066 -0.481064
23.84 0 -0.577612 -1.00065 -0.619421
23.86 0 -0.680862 -0.908294 -1.07659
23.88 0 -0.725329 -0.937833 -1.56443
23.9 0 -0.631887 -1.27204 -1.95812
23.92 0 -0.201957 -1.65374 -2.24459
23.94 0 -0.100538 -1.37854 -2.41187
23.96 0 -0.0537535 -0.686237 -2.23817
23.98 0 0.0155321 -0.138371 -1.52648
24 0 0.0548165 -0.0195048 -0.405119
24.02 0 0.124086 0.179422 0.952035
24.04 0 0.00570923 0.907586 2.22373
24.06 0 0.190641 1.77271 3.13924
24.08 0 0.694619 2.05839 3.72191
24.1 0 1.07688 2.08095 3.75946
24.12 0 1.12865 2.11532 3.25444
24.14 0 0.961977 2.03035 2.40141
24.16 0 0.715387 1.44024 1.38329
24.18 0 0.671788 0.705384 0.591758
24.2 0 0.677584 0.301894 0.0534259
24.22 0 0.623889 0.378548 -0.281989
24.24 0 0.645219 0.720584 -0.163571
24.26 0 0.771588 0.944651 0.380627
24.28 0 0.799297 0.960268 1.09134
24.3 0 0.470022 0.801743 1.55815
24.32 0 -0.114592 0.658607 1.69235
24.34 0 -0.982854 0.311681 1.42985
24.36 0 -1.10777 -0.516335 0.924638
24.38 0 -0.786045 -1.19295 0.0924321
24.4 0 -0.512244 -1.3468 -1.25161
24.42 0 -0.327691 -1.00617 -2.60161
24.44 0 0.0493281 -0.816985 -3.34841
24.46 0 0.359986 -1.01625 -3.31992
24.48 0 0.222076 -1.20397 -2.69074
24.5 0 -0.456807 -1.12189 -1.76789
24.52 0 -1.01134 -0.930944 -0.655669
24.54 0 -1.1525 -0.880442 0.328595
24.56 0 -0.926672 -0.755707 0.890463
24.58 0 -0.394238 -0.23131 0.967646
24.6 0 0.236967 0.556652 0.677751
24.62 0 0.870763 1.21975 0.390968
24.64 0 1.33895 1.48128 0.386659
24.66 0 1.39812 1.47304 0.739317
24.68 0 0.962698 1.37067 1.31559
24.7 0 0.261341 1.12233 1.89264
24.72 0 -0.286325 0.648474 2.23376
24.74 0 -0.523246 0.08637 2.04518
24.76 0 -0.604594 -0.224908 1.23291
24.78 0 -0.38346 -0.209074 0.105262
24.8 0 0.113655 -0.12617 -0.97045
24.82 0 0.650629 -0.121181 -1.68737
24.84 0 0.797458 -0.192767 -1.94796
24.86 0 0.560552 -0.334752 -1.88939
24.88 0 -0.00377814 -0.456895 -1.51522
24.9 0 -0.648119 -0.796325 -0.898463
24.92 0 -1.24188 -1.2658 -0.35136
24.94 0 -1.57044 -1.53356 -0.0686278
24.96 0 -1.55031 -1.44927 -0.169885
24.98 0 -1.23827 -1.233 -0.682629
25 0 -0.626022 -0.949587 -1.3175
25.02 0 0.0738959 -0.699607 -1.8194
25.04 0 0.551387 -0.463573 -2.09413
25.06 0 0.823227 -0.265842 -2.06657
25.08 0 0.535338 -0.0491217 -1.60859
25.1 0 -0.0764064 -0.132125 -0.811646
25.12 0 -0.655343 -0.516282 0.109122
25.14 0 -0.960965 -0.925242 0.742183
25.16 0 -1.00217 -0.832073 0.876696
25.18 0 -0.571195 -0.193261 0.66267
25.2 0 0.149747 0.664916 0.432481
25.22 0 1.01013 1.24073 0.415297
25.24 0 1.15776 1.37828 0.50545
25.26 0 1.13032 1.1825 0.839558
25.28 0 0.838139 0.990908 1.26379
25.3 0 0.363945 0.948681 1.58535
25.32 0 -0.00354037 0.896813 1.75028
25.34 0 -0.0133902 0.757055 1.85451
25.36 0 0.144858 0.619839 1.76812
25.38 0 0.310482 0.671288 1.43059
25.4 0 0.563939 0.99293 0.992075
25.42 0 0.958122 1.30406 0.709563
25.44 0 1.30322 1.34382 0.657184
25.46 0 1.19263 1.09678 0.625221
25.48 0 0.636948 0.738142 0.578653
25.5 0 -0.305965 0.41029 0.62521
25.52 0 -0.890897 -0.163763 0.786143
25.54 0 -0.990838 -0.791677 0.812256
25.56 0 -0.725238 -0.993585 0.41426
25.58 0 -0.437291 -0.620371 -0.434462
25.6 0 -0.0317801 -0.159663 -1.32454
25.62 0 0.531985 0.010986 -1.75315
25.64 0 0.78704 -0.156021 -1.73649
25.66 0 0.406608 -0.438272 -1.50297
25.68 0 -0.475946 -0.782448 -1.21571
25.7 0 -1.24573 -1.26464 -0.892793
25.72 0 -1.51409 -1.75998 -0.675499
25.74 0 -1.5116 -1.89448 -0.804931
25.76 0 -1.17596 -1.55055 -1.2244
25.78 0 -0.501708 -1.02795 -1.72579
25.8 0 0.187685 -0.616854 -2.10065
25.82 0 0.669221 -0.390652 -2.17765
25.84 0 0.537246 -0.241845 -1.90305
25.86 0 0.000518092 -0.267703 -1.25239
25.88 0 -0.462527 -0.443323 -0.265831
25.9 0 -0.647191 -0.533796 0.734665
25.92 0 -0.701368 -0.244405 1.3844
25.94 0 -0.516841 0.273908 1.55739
25.96 0 -0.153584 0.728386 1.39306
25.98 0 0.236442 0.881809 1.08853
26 0 0.815713 0.814741 0.82848
26.02 0 1.07684 0.760155 0.488498
26.04 0 0.877035 0.869855 0.126799
26.06 0 0.624266 0.927908 0.0918046
26.08 0 0.604365 0.798207 0.495234
26.1 0 0.663014 0.736535 1.07261
26.12 0 0.571176 0.930049 1.60541
26.14 0 0.421895 1.29552 2.03207
26.16 0 0.406235 1.5031 2.35648
26.18 0 0.644967 1.55272 2.631
26.2 0 0.884264 1.58715 2.69104
26.22 0 0.92716 1.65763 2.41192
26.24 0 0.899235 1.61971 1.80829
26.26 0 0.823387 1.4442 1.25577
26.28 0 0.437153 1.09989 0.921792
26.3 0 -0.0993488 0.365436 0.670963
26.32 0 -0.52828 -0.581616 0.293095
26.34 0 -0.537372 -1.16198 -0.28597
26.36 0 -0.368208 -1.03077 -1.07636
26.38 0 0.00547568 -0.529139 -1.73225
26.4 0 0.249782 -0.119019 -1.87185
26.42 0 0.357153 -0.209509 -1.71201
26.44 0 0.267437 -0.520807 -1.28773
26.46 0 -0.130601 -0.656656 -0.797361
26.48 0 -0.694986 -0.629217 -0.372133
26.5 0 -1.09236 -0.76558 -0.0968482
26.52 0 -1.28414 -1.16212 -0.101722
26.54 0 -1.30815 -1.53123 -0.458083
26.56 0 -1.28662 -1.69777 -1.18103
26.58 0 -1.18377 -1.74776 -2.05136
26.6 0 -0.83205 -1.75631 -2.64664
26.62 0 -0.468326 -1.61907 -3.0791
26.64 0 -0.164741 -1.32896 -3.25676
26.66 0 0.0263139 -1.02246 -3.14107
26.68 0 -0.0181858 -0.911247 -2.77637
26.7 0 -0.260519 -1.07617 -2.17468
26.72 0 -0.782949 -1.56187 -1.40863
26.74 0 -1.52667 -1.85356 -0.905114
26.76 0 -2.05566 -1.91256 -0.550199
26.78 0 -2.07134 -1.75696 -0.283772
26.8 0 -1.52386 -1.34487 -0.378751
26.82 0 -0.0157659 -0.812087 -0.731079
26.84 0 1.92795 -0.0208124 -1.33206
26.86 0 1.91415 1.49132 -1.88331
26.88 0 0.874898 2.20051 -1.40631
26.9 0 0.572462 1.09305 0.501427
26.92 0 0.600301 -0.2304 2.38323
26.94 0 -0.230154 -0.0516806 3.13083
26.96 0 -1.31838 1.07755 2.92545
26.98 0 -1.18124 1.39981 2.66131
27 0 0.248597 0.815891 2.64644
27.02 0 1.51567 0.654841 2.32706
27.04 0 1.86762 1.7836 1.61556
27.06 0 1.73113 3.17025 0.849671
27.08 0 2.09848 3.32841 0.921389
27.1 0 2.65951 2.41359 1.6929
27.12 0 2.32585 1.78684 2.26596
27.14 0 1.0276 1.84152 2.52161
27.16 0 -0.279744 1.77552 2.72333
27.18 0 -0.665943 1.05345 3.1693
27.2 0 -0.436358 0.1375 3.48996
27.22 0 -0.266194 0.018886 3.23454
27.24 0 -0.243092 0.773457 2.30504
27.26 0 0.14922 1.76393 0.88897
27.28 0 1.43445 1.86507 0.00351529
27.3 0 2.91349 1.52111 -0.518835
27.32 0 3.15691 1.4119 -0.606365
27.34 0 1.50923 1.69514 -0.482613
27.36 0 -1.61894 1.2661 0.336369
27.38 0 -1.97481 -1.21333 1.89768
27.4 0 -0.936101 -3.17135 2.4808
27.42 0 -1.55678 -1.98935 0.699307
27.44 0 -2.34955 -0.128688 -1.77219
27.46 0 -1.26298 -0.427614 -2.92886
27.48 0 0.837547 -2.16991 -3.0312
27.5 0 1.35928 -2.56803 -3.29523
27.52 0 -0.010429 -1.12368 -4.01981
27.54 0 -1.14009 0.0468702 -4.08011
27.56 0 -0.776471 -0.734128 -2.97036
27.58 0 -0.00557024 -2.28896 -1.48721
27.6 0 -0.430651 -2.5071 -0.681357
27.62 0 -1.88952 -1.37279 -0.677699
27.64 0 -2.66375 -0.694954 -0.69438
27.66 0 -1.89523 -1.39917 -0.357635
27.68 0 -0.703328 -2.33324 -0.26046
27.7 0 -0.555009 -2.13737 -1.08258
27.72 0 -1.1249 -1.10389 -2.45238
27.74 0 -1.16349 -0.760785 -3.50263
27.76 0 -0.224907 -1.48024 -3.75031
27.78 0 0.636652 -2.11364 -3.58276
27.8 0 0.347392 -1.70695 -3.50984
27.82 0 -0.537167 -0.935644 -2.9769
27.84 0 -1.07307 -0.78715 -1.83968
27.86 0 -1.31316 -1.35803 0.0152106
27.88 0 -1.09869 -1.56743 1.34578
27.9 0 -0.337263 -0.72244 1.63472
27.92 0 0.077459 1.11445 1.11926
27.94 0 0.0417009 2.36492 0.784679
27.96 0 0.968508 1.71294 1.30322
27.98 0 1.99202 0.828787 1.82504
28 0 1.73874 1.16541 1.79778
28.02 0 0.652273 2.19404 1.47534
28.04 0 0.298198 2.38611 1.68159
28.06 0 1.0019 1.70635 2.38845
28.08 0 1.68089 1.19446 3.01123
28.1 0 1.42837 1.75038 3.13095
28.12 0 0.64636 2.58798 2.87295
28.14 0 0.507632 2.64161 2.89391
28.16 0 1.13637 1.92991 3.27688
28.18 0 1.49838 1.42842 3.414
28.2 0 1.12003 1.7755 3.07608
28.22 0 0.533476 2.27759 2.52187
28.24 0 0.499735 1.98483 2.03989
28.26 0 0.95767 1.23503 1.61692
28.28 0 1.18819 0.754484 1.13916
28.3 0 0.879415 0.860277 0.518933
28.32 0 0.629485 1.22761 -0.017082
28.34 0 0.824408 0.897034 0.0017646
28.36 0 0.319639 0.324489 0.31779
28.38 0 -1.05905 -0.145485 0.627062
28.4 0 -1.41804 -1.0129 0.785369
28.42 0 -0.695712 -1.69727 0.370685
28.44 0 -0.417848 -1.21893 -0.952288
28.46 0 -0.516488 -0.350919 -2.09688
28.48 0 -0.185526 -0.335965 -2.65068
28.5 0 0.422025 -1.06513 -2.55289
28.52 0 0.364828 -1.59134 -2.34708
28.54 0 -0.603438 -1.50808 -2.41929
28.56 0 -1.61004 -1.39472 -2.41124
28.58 0 -1.89465 -1.92601 -2.09058
28.6 0 -1.55201 -2.5989 -1.59614
28.62 0 -1.39685 -2.65355 -1.46158
28.64 0 -1.63486 -2.0733 -1.85609
28.66 0 -1.63146 -1.53401 -2.34143
28.68 0 -1.00565 -1.52173 -2.57783
28.7 0 -0.231377 -1.73124 -2.69145
28.72 0 -0.0269225 -1.65262 -2.97764
28.74 0 -0.408949 -1.29397 -3.29052
28.76 0 -0.735494 -1.20333 -3.27168
28.78 0 -0.736479 -1.7895 -2.56606
28.8 0 -0.893008 -2.2458 -1.77733
28.82 0 -1.52012 -2.09357 -1.15326
28.84 0 -2.15326 -1.34705 -0.705004
28.86 0 -0.895036 -1.14002 -0.315259
28.88 0 1.01306 -0.653069 -0.265435
28.9 0 0.695577 1.01355 -0.602321
28.92 0 0.0692405 1.84265 -0.29517
28.94 0 0.722612 1.03054 0.799187
28.96 0 1.21806 0.182132 1.71692
28.98 0 0.565288 0.608168 1.8291
29 0 -0.170382 1.65995 1.56073
29.02 0 0.217135 1.91298 1.80405
29.04 0 1.41891 1.53674 2.54228
29.06 0 2.05432 1.64891 3.01428
29.08 0 1.63356 2.53199 2.94939
29.1 0 1.07834 3.24987 2.87713
29.12 0 1.17327 2.94128 3.19486
29.14 0 1.65216 2.15185 3.74789
29.16 0 1.66125 1.96051 4.03003
29.18 0 0.996817 2.42136 3.8294
29.2 0 0.523793 2.77408 3.59567
29.22 0 0.778372 2.43256 3.59706
29.24 0 1.27602 1.79466 3.56905
29.26 0 1.33661 1.64432 3.19586
29.28 0 0.939807 1.91307 2.52233
29.3 0 0.704905 1.99008 1.84151
29.32 0 0.946188 1.79456 0.989033
29.34 0 1.33688 1.14921 0.501121
29.36 0 1.51541 0.806711 -0.0822045
29.38 0 1.25259 0.516844 -0.460504
29.4 0 -1.20823 0.55834 -0.590285
29.42 0 -1.91918 -0.870901 0.0577232
29.44 0 -0.421021 -2.71032 0.509737
29.46 0 -0.47817 -2.06265 -0.511508
29.48 0 -1.41645 -0.489551 -1.89223
29.5 0 -1.26458 -0.284472 -2.59079
29.52 0 -0.0686111 -1.60045 -2.25066
29.54 0 0.345054 -2.35009 -2.07966
29.56 0 -0.642322 -1.79665 -2.58084
29.58 0 -1.74323 -1.0573 -3.06592
29.6 0 -1.64242 -1.45003 -2.84646
29.62 0 -0.748009 -2.42701 -2.17176
29.64 0 -0.445914 -2.59187 -1.84822
29.66 0 -1.07279 -1.68191 -2.09743
29.68 0 -1.55328 -0.868261 -2.32311
29.7 0 -1.17682 -1.17232 -2.16937
29.72 0 -0.487404 -2.0334 -1.9137
29.74 0 -0.426488 -2.22397 -2.01392
29.76 0 -1.07559 -1.66816 -2.51151
29.78 0 -1.46003 -1.25682 -2.83106
29.8 0 -1.14298 -1.67235 -2.76328
29.82 0 -0.671742 -2.36597 -2.60682
29.84 0 -0.790416 -2.49993 -2.76861
29.86 0 -1.40211 -2.05259 -3.19796
29.88 0 -1.73269 -1.88489 -3.48551
29.9 0 -1.46968 -2.31518 -3.27231
29.92 0 -0.824597 -2.88202 -2.40575
29.94 0 -0.797244 -2.27468 -1.86888
29.96 0 -1.11866 -0.538291 -1.00152
29.98 0 0.80438 0.494913 0.0928262
30 0 1.94323 1.55043 1.13529
30.02 0 0.942605 2.80647 2.10599
30.04 0 0.820804 2.81372 3.10913
30.06 0 1.28519 2.24353 4.21677
30.08 0 1.31647 2.13975 4.45122
30.1 0 0.91347 2.34015 4.05521
30.12 0 0.47985 2.2905 3.35971
30.14 0 0.555006 1.78345 2.77601
30.16 0 0.917233 1.15263 2.27221
30.18 0 0.96894 0.946406 1.5813
30.2 0 0.730905 1.16202 0.820395
30.22 0 0.742726 1.38539 0.423506
30.24 0 1.1555 1.35906 0.543233
30.26 0 1.67354 1.46851 1.09893
30.28 0 1.6986 1.84947 1.66613
30.3 0 1.29741 2.27908 2.19082
30.32 0 1.01528 2.43837 2.90223
30.34 0 0.949722 2.19824 3.68639
30.36 0 0.940161 2.01956 4.35252
30.38 0 0.732686 2.0929 4.61807
30.4 0 0.435398 2.20772 4.44735
30.42 0 0.263351 1.96908 3.89671
30.44 0 0.37061 1.36277 2.97731
30.46 0 0.708167 1.31644 1.48436
30.48 0 1.30284 1.45938 -0.060393
30.5 0 2.11094 1.2332 -1.33485
30.52 0 1.57854 0.742075 -1.86617
30.54 0 -0.74469 -0.0411568 -1.78257
30.56 0 -0.928975 -1.98856 -0.995027
30.58 0 -1.05128 -2.95417 -0.858376
30.6 0 -2.14955 -2.47105 -1.5036
30.62 0 -2.76865 -1.92356 -2.35207
30.64 0 -1.9907 -2.23187 -2.6543
30.66 0 -0.792511 -2.94048 -2.57877
30.68 0 -0.562979 -2.7064 -2.9902
30.7 0 -1.02297 -1.67666 -3.689
30.72 0 -1.20341 -1.23262 -4.08724
30.74 0 -0.608591 -1.74439 -3.80229
30.76 0 -0.056748 -2.34569 -3.25991
30.78 0 -0.403438 -2.2025 -2.99499
30.8 0 -1.27984 -1.59339 -2.88999
30.82 0 -1.68685 -1.42787 -2.50799
30.84 0 -1.37607 -1.96031 -1.83454
30.86 0 -1.05406 -2.37445 -1.30744
30.88 0 -1.28544 -2.16587 -1.1138
30.9 0 -1.69532 -1.45192 -1.31145
30.92 0 -1.42237 -1.03121 -1.37073
30.94 0 -0.480163 -1.11118 -1.2419
30.96 0 0.251369 -1.02676 -1.23202
30.98 0 0.189652 -0.274333 -1.3253
31 0 0.970656 0.363773 -1.02465
31.02 0 1.5988 0.857361 -0.441515
31.04 0 1.01794 1.39343 0.332953
31.06 0 0.160263 1.64332 1.62906
31.08 0 -0.150109 1.30827 2.94429
31.1 0 0.0270315 0.722296 3.81943
31.12 0 -0.0519932 0.801417 3.79261
31.14 0 -0.162092 1.40649 3.10251
31.16 0 0.190731 1.70735 2.19693
31.18 0 0.970761 1.43791 1.38176
31.2 0 1.70327 1.17705 0.699076
31.22 0 1.81029 1.30958 0.0611381
31.24 0 1.47466 1.60215 -0.239274
31.26 0 1.22929 1.5903 0.152538
31.28 0 1.23996 1.39953 1.18279
31.3 0 1.05141 1.44137 2.16611
31.32 0 0.65965 1.66448 2.96997
31.34 0 0.2635 1.79138 3.54743
31.36 0 0.124168 1.67248 3.925
31.38 0 0.23025 1.4768 4.01552
31.4 0 0.400284 1.42375 3.65521
31.42 0 0.564991 1.72347 2.70873
31.44 0 0.933544 1.97811 1.54627
31.46 0 1.66724 1.86411 0.504696
31.48 0 2.26372 1.30514 -0.275893
31.5 0 1.67266 1.00289 -0.62711
31.52 0 -0.721754 0.669884 -0.622357
31.54 0 -1.64406 -0.980363 0.0297279
31.56 0 -0.833015 -2.784 0.443134
31.58 0 -1.10324 -2.30857 -0.53955
31.6 0 -1.84099 -0.872034 -1.89974
31.62 0 -1.46099 -0.674668 -2.62876
31.64 0 0.0125628 -1.62319 -2.50426
31.66 0 0.727511 -2.20325 -2.40386
31.68 0 -0.199759 -1.54699 -2.91926
31.7 0 -1.41069 -0.807386 -3.34856
31.72 0 -1.56198 -1.36714 -3.08101
31.74 0 -0.877875 -2.56962 -2.2829
31.76 0 -0.740674 -2.91393 -1.8296
31.78 0 -1.49598 -2.07254 -2.00893
31.8 0 -2.06807 -1.28018 -2.28399
31.82 0 -1.59469 -1.49299 -2.13862
31.84 0 -0.553485 -2.08363 -1.77374
31.86 0 -0.171742 -1.98892 -1.75465
31.88 0 -0.560742 -1.02038 -2.07663
31.9 0 -0.748221 -0.331405 -2.14671
31.92 0 -0.240269 -0.554969 -1.56629
31.94 0 0.21338 -1.05767 -0.868315
31.96 0 -0.120457 -0.878163 -0.301006
31.98 0 -0.904207 -0.0614524 0.0182493
32 0 -0.292767 0.169033 0.485186
32.02 0 0.877013 0.144292 0.806758
32.04 0 0.974261 0.752715 0.660676
32.06 0 0.322185 1.56963 0.521333
32.08 0 -0.0418685 1.52069 1.05431
32.1 0 0.57036 0.664838 1.96543
32.12 0 0.908347 0.399194 2.41934
32.14 0 0.542102 1.26137 2.26513
32.16 0 0.168496 2.05582 1.89122
32.18 0 0.580983 1.85319 1.85925
32.2 0 1.29708 1.13178 1.97711
32.22 0 1.47994 1.11258 1.88331
32.24 0 1.00144 1.73213 1.49984
32.26 0 0.658966 2.04921 1.32931
32.28 0 0.873828 1.58139 1.61687
32.3 0 1.14003 0.993673 2.00753
32.32 0 0.885158 1.05452 2.10089
32.34 0 0.331727 1.50473 1.92601
32.36 0 0.161471 1.54653 1.8341
32.38 0 0.493593 1.04763 1.88122
32.4 0 0.789194 0.688214 1.78045
32.42 0 0.709105 0.857586 1.22265
32.44 0 0.501337 1.06839 0.446363
32.46 0 -0.000183054 0.821485 -0.0398777
32.48 0 -0.257132 -0.0194434 -0.0192981
32.5 0 -0.456348 -0.956287 0.0339148
32.52 0 -0.610452 -1.36882 -0.351441
32.54 0 -0.788644 -1.1643 -1.19234
32.56 0 -0.519568 -0.909335 -1.99927
32.58 0 -0.196876 -0.902532 -2.31875
32.6 0 -0.0113044 -1.04074 -2.35539
32.62 0 -0.164454 -1.2025 -2.26953
32.64 0 -0.56485 -1.2519 -2.06451
32.66 0 -1.00499 -1.37696 -1.77053
32.68 0 -1.2283 -1.57731 -1.39347
32.7 0 -1.31095 -1.76049 -1.14655
32.72 0 -1.33853 -1.75169 -1.17155
32.74 0 -1.32382 -1.64913 -1.48987
32.76 0 -1.0576 -1.50367 -1.84119
32.78 0 -0.592345 -1.35989 -2.09185
32.8 0 -0.204312 -1.18132 -2.25557
32.82 0 -0.00606853 -0.893572 -2.23939
32.84 0 -0.100434 -0.736479 -2.10062
32.86 0 -0.33832 -0.658487 -1.53464
32.88 0 -0.287172 -0.838953 -0.662479
32.9 0 -0.179205 -0.72749 0.0358521
32.92 0 -0.143762 -0.134236 0.376856
32.94 0 -0.0811247 0.590288 0.556467
32.96 0 0.113612 0.916659 0.837101
32.98 0 0.467281 0.951313 1.3549
33 0 0.536699 1.02574 1.82244
33.02 0 0.565629 1.12307 1.97727
33.04 0 0.58607 1.27812 1.91754
33.06 0 0.626023 1.36858 1.75809
33.08 0 0.831353 1.413 1.69174
33.1 0 1.0055 1.4053 1.63127
33.12 0 1.05033 1.45966 1.58184
33.14 0 0.901754 1.45043 1.48987
33.16 0 0.782899 1.37693 1.51851
33.18 0 0.716533 1.22936 1.6314
33.2 0 0.62271 1.10018 1.71589
33.22 0 0.531633 1.11144 1.75782
33.24 0 0.463114 1.14869 1.71773
33.26 0 0.537355 1.16733 1.66759
33.28 0 0.720816 1.09992 1.46073
33.3 0 0.848955 1.05231 1.17881
33.32 0 0.269437 1.04372 0.836517
33.34 0 -0.266213 0.580306 0.661842
33.36 0 -0.483209 -0.327099 0.552415
33.38 0 -0.447139 -1.12097 0.099056
33.4 0 -0.60114 -1.18938 -0.852534
33.42 0 -0.47035 -0.953508 -1.9421
33.44 0 -0.204809 -0.891129 -2.54889
33.46 0 0.0575127 -0.896741 -2.60841
33.48 0 0.101741 -1.02468 -2.36793
33.5 0 -0.250781 -1.11413 -2.02127
33.52 0 -0.842538 -1.23116 -1.64877
33.54 0 -1.34961 -1.50485 -1.28659
33.56 0 -1.5842 -1.85423 -1.02065
33.58 0 -1.60054 -2.0136 -1.01295
33.6 0 -1.5013 -1.89969 -1.34843
33.62 0 -1.22007 -1.64039 -1.86895
33.64 0 -0.702801 -1.40095 -2.31723
33.66 0 -0.209075 -1.27858 -2.64491
33.68 0 0.0896297 -1.09756 -2.72729
33.7 0 0.0745807 -0.776691 -2.52823
33.72 0 -0.0553093 -0.66397 -1.87529
33.74 0 0.0254826 -0.745148 -0.82873
33.76 0 -0.174034 -0.515553 0.0481482
33.78 0 -0.460366 0.0102034 0.653003
33.8 0 -0.473894 0.469846 1.14454
33.82 0 -0.115655 0.655222 1.5822
33.84 0 0.00790282 0.858642 1.82306
33.86 0 0.44709 0.961395 1.88657
33.88 0 0.884737 1.19764 1.77895
33.9 0 1.11019 1.59521 1.54062
33.92 0 1.25115 1.90846 1.40362
33.94 0 1.34492 1.86311 1.44984
33.96 0 1.31805 1.63126 1.6605
33.98 0 1.06762 1.49303 1.9111
34 0 0.636205 1.43833 2.08269
34.02 0 0.30907 1.31787 2.20951
34.04 0 0.26997 1.12969 2.31142
34.06 0 0.368085 0.993932 2.23115
34.08 0 0.483898 1.07071 1.93702
34.1 0 0.63947 1.27326 1.54521
34.12 0 0.848843 1.35418 1.14659
34.14 0 1.14677 1.29336 0.732526
34.16 0 1.25676 1.00455 0.498022
34.18 0 0.687668 0.848384 0.378129
34.2 0 -0.559644 0.548797 0.428875
34.22 0 -1.2071 -0.416664 0.69462
34.24 0 -0.912916 -1.53716 0.707216
34.26 0 -0.773962 -1.6621 -0.152829
34.28 0 -0.624309 -0.977746 -1.62713
34.3 0 -0.390354 -0.538166 -2.71464
34.32 0 0.14229 -0.715359 -3.00575
34.34 0 0.553133 -1.20174 -2.80575
34.36 0 0.220986 -1.30429 -2.50294
34.38 0 -0.690251 -1.12004 -2.17433
34.4 0 -1.40676 -1.21998 -1.61399
34.42 0 -1.56886 -1.74632 -0.895375
34.44 0 -1.49142 -2.09512 -0.434952
34.46 0 -1.52958 -1.8516 -0.566224
34.48 0 -1.47666 -1.31736 -1.11748
34.5 0 -0.964685 -1.05386 -1.66918
34.52 0 -0.156055 -1.09754 -2.04599
34.54 0 0.38462 -1.01949 -2.31761
34.56 0 0.358099 -0.669329 -2.48552
34.58 0 0.00318871 -0.310177 -2.30597
34.6 0 -0.119179 -0.535434 -1.43579
34.62 0 -0.0395631 -0.913279 -0.286849
34.64 0 -0.389767 -0.643526 0.470415
34.66 0 -0.677134 0.0740546 0.834267
34.68 0 -0.412422 0.556422 1.08158
34.7 0 0.184555 0.725429 1.33715
34.72 0 0.489187 0.928425 1.48408
34.74 0 0.590653 1.16805 1.5006
34.76 0 0.76656 1.23419 1.49352
34.78 0 0.916817 1.28821 1.41254
34.8 0 0.963845 1.36336 1.36788
34.82 0 0.929464 1.41278 1.39297
34.84 0 0.861833 1.38123 1.50991
34.86 0 0.776574 1.29917 1.6808
34.88 0 0.646353 1.2188 1.82008
34.9 0 0.519139 1.18748 1.89434
34.92 0 0.450467 1.16473 1.88744
34.94 0 0.468972 1.118 1.7965
34.96 0 0.550016 1.07628 1.63161
34.98 0 0.639156 1.07288 1.40908
35 0 0.748254 1.0984 1.03705
35.02 0 0.824838 0.955156 0.704607
35.04 0 0.708252 0.772481 0.480463
35.06 0 -0.0439321 0.592941 0.371712
35.08 0 -0.621445 0.0419646 0.459911
35.1 0 -0.73268 -0.734063 0.535091
35.12 0 -0.572393 -1.15212 0.174228
35.14 0 -0.591522 -0.907451 -0.720661
35.16 0 -0.396702 -0.580594 -1.70985
35.18 0 0.128521 -0.693506 -2.26233
35.2 0 0.366177 -0.90772 -2.38923
35.22 0 0.0975492 -0.910761 -2.34513
35.24 0 -0.440771 -0.935517 -2.0911
35.26 0 -0.896174 -1.19803 -1.60321
35.28 0 -1.16831 -1.57922 -1.05234
35.3 0 -1.37022 -1.77275 -0.703988
35.32 0 -1.51617 -1.62219 -0.735273
35.34 0 -1.39203 -1.35116 -1.02357
35.36 0 -0.897305 -1.20802 -1.35281
35.38 0 -0.286655 -1.10586 -1.67511
35.4 0 0.0952509 -0.858768 -1.98416
35.42 0 0.152039 -0.468213 -2.13728
35.44 0 0.111542 -0.319955 -1.86626
35.46 0 0.328805 -0.553075 -1.12117
35.48 0 0.0750578 -0.515055 -0.371715
35.5 0 -0.405373 -0.15381 0.21484
35.52 0 -0.557522 0.134442 0.725259
35.54 0 -0.184066 0.217359 1.16827
35.56 0 0.167946 0.449481 1.3626
35.58 0 0.383344 0.897444 1.30521
35.6 0 0.360617 1.3121 1.21549
35.62 0 0.618072 1.27058 1.33436
35.64 0 0.985776 1.03906 1.52688
35.66 0 1.01975 1.07588 1.55128
35.68 0 0.733039 1.39776 1.42224
35.7 0 0.571862 1.51087 1.39704
35.72 0 0.696788 1.25072 1.56667
35.74 0 0.812844 0.968734 1.73026
35.76 0 0.658253 0.999708 1.67435
35.78 0 0.400583 1.19156 1.45478
35.8 0 0.38721 1.11661 1.2905
35.82 0 0.585873 0.812286 1.18211
35.84 0 0.568917 0.627757 0.98192
35.86 0 0.0694959 0.644436 0.677116
35.88 0 -0.22473 0.398557 0.476295
35.9 0 -0.279282 -0.125818 0.365506
35.92 0 -0.197373 -0.57031 0.114238
35.94 0 -0.280822 -0.613816 -0.430971
35.96 0 -0.309081 -0.500094 -1.08235
35.98 0 -0.23687 -0.574756 -1.57324
36 0 0.0221058 -0.872938 -1.76854
36.02 0 0.0820826 -1.05499 -1.82869
36.04 0 -0.31416 -0.9526 -1.84359
36.06 0 -0.776725 -0.905002 -1.69064
36.08 0 -0.958206 -1.17191 -1.29919
36.1 0 -0.954472 -1.51365 -0.902341
36.12 0 -1.03092 -1.51438 -0.799054
