0.02 0 1.76907e-06 2.13946e-06 2.05096e-06
0.04 0 7.29284e-06 9.77153e-06 9.39653e-06
0.06 0 1.43536e-05 2.20754e-05 2.19713e-05
0.08 0 1.69293e-05 3.16213e-05 3.47524e-05
0.1 0 1.15216e-05 3.02196e-05 4.16147e-05
0.12 0 2.64727e-06 1.91882e-05 4.12537e-05
0.14 0 -1.23505e-06 9.99322e-06 3.70994e-05
0.16 0 7.10799e-06 1.68107e-05 3.66532e-05
0.18 0 2.71202e-05 4.31509e-05 4.65366e-05
0.2 0 4.39816e-05 7.1044e-05 6.22072e-05
0.22 0 3.95293e-05 7.32545e-05 7.02557e-05
0.24 0 1.09077e-05 3.88119e-05 6.03384e-05
0.26 0 -2.84644e-05 -1.89484e-05 2.82425e-05
0.28 0 -6.65741e-05 -8.26993e-05 -3.28559e-05
0.3 0 -0.00010263 -0.000152217 -0.000134222
0.32 0 -0.000136533 -0.000235945 -0.000276705
0.34 0 -0.000167621 -0.000335562 -0.000447377
0.36 0 -0.000210026 -0.000454427 -0.000639175
0.38 0 -0.000281808 -0.000602816 -0.000853533
0.4 0 -0.00037883 -0.000783815 -0.00108544
0.42 0 -0.000482912 -0.000986526 -0.00132818
0.44 0 -0.000582636 -0.0011916 -0.00158265
0.46 0 -0.000669336 -0.00137796 -0.00184555
0.48 0 -0.000729805 -0.00152976 -0.00209754
0.5 0 -0.00075504 -0.00163658 -0.00230722
0.52 0 -0.000741315 -0.00167833 -0.00243208
0.54 0 -0.000693412 -0.00163346 -0.00243152
0.56 0 -0.000635676 -0.00151521 -0.00229699
0.58 0 -0.000590464 -0.0013644 -0.00204996
0.6 0 -0.000549711 -0.00120089 -0.00171759
0.62 0 -0.00047821 -0.000994638 -0.0013181
0.64 0 -0.00034098 -0.000692458 -0.000859808
0.66 0 -0.000135099 -0.000281946 -0.000353188
0.68 0 0.000115108 0.00019541 0.000196103
0.7 0 0.000383384 0.000694736 0.000801328
0.72 0 0.000642521 0.00119851 0.00147607
0.74 0 0.000866073 0.00170078 0.00220992
0.76 0 0.00104583 0.00218277 0.00296637
0.78 0 0.00119492 0.00261496 0.00369075
0.8 0 0.00133283 0.00298392 0.00432379
0.82 0 0.00146851 0.00329727 0.0048154
0.84 0 0.00158543 0.003542 0.00512349
0.86 0 0.00164985 0.00366299 0.00521699
0.88 0 0.00165 0.00362172 0.00510482
0.9 0 0.00159826 0.00344391 0.00483316
0.92 0 0.00149019 0.00317321 0.00443579
0.94 0 0.00131368 0.00281957 0.00392417
0.96 0 0.00108825 0.00237675 0.00331733
0.98 0 0.000850021 0.0018639 0.00264294
1 0 0.000608801 0.00132288 0.00191399
1.02 0 0.000352071 0.000776989 0.0011306
1.04 0 8.54566e-05 0.000220043 0.000309397
1.06 0 -0.000165371 -0.000348053 -0.00050961
1.08 0 -0.0003865 -0.000890752 -0.00128197
1.1 0 -0.000578707 -0.00135219 -0.00196581
1.12 0 -0.000740632 -0.00170751 -0.00252328
1.14 0 -0.000864871 -0.00197231 -0.00292636
1.16 0 -0.00093981 -0.00214891 -0.00315309
1.18 0 -0.000960565 -0.00220484 -0.00319272
1.2 0 -0.000941182 -0.00212807 -0.00306433
1.22 0 -0.000899859 -0.00196383 -0.00281231
1.24 0 -0.000840434 -0.00177301 -0.00248413
1.26 0 -0.000761762 -0.0015767 -0.00212264
1.28 0 -0.000662792 -0.00135207 -0.0017587
1.3 0 -0.000533739 -0.00107461 -0.0013992
1.32 0 -0.000363047 -0.000749045 -0.00102885
1.34 0 -0.000153854 -0.000389714 -0.000619745
1.36 0 6.96795e-05 2.12703e-06 -0.000145362
1.38 0 0.000276152 0.000423045 0.000405591
1.4 0 0.000450609 0.000849215 0.00102427
1.42 0 0.000609115 0.00126263 0.0016919
1.44 0 0.000784801 0.00168435 0.00238823
1.46 0 0.00099689 0.00215227 0.00308812
1.48 0 0.00123766 0.0026654 0.00376178
1.5 0 0.00148078 0.00316713 0.0043821
1.52 0 0.00170468 0.00360352 0.00494226
1.54 0 0.00189964 0.00397404 0.00545476
1.56 0 0.00205865 0.00430687 0.00592854
1.58 0 0.00217831 0.00460546 0.00635571
1.6 0 0.00224119 0.00481384 0.00668941
1.62 0 0.00220765 0.00484174 0.00683823
1.64 0 0.00205098 0.0046292 0.00670362
1.66 0 0.00178974 0.00417939 0.00622281
1.68 0 0.00148292 0.00354967 0.00539407
1.7 0 0.00118373 0.00281336 0.00427042
1.72 0 0.000907892 0.00202985 0.00294875
1.74 0 0.000643823 0.00124033 0.00156393
1.76 0 0.000360804 0.000460335 0.000250683
1.78 0 2.41275e-05 -0.000313563 -0.000898932
1.8 0 -0.000368551 -0.00107082 -0.00184406
1.82 0 -0.000771643 -0.00176747 -0.00258712
1.84 0 -0.00110858 -0.00233288 -0.00315447
1.86 0 -0.0013085 -0.00269838 -0.00357122
1.88 0 -0.00134735 -0.00283843 -0.0038486
1.9 0 -0.00125672 -0.00278365 -0.00397562
1.92 0 -0.00110014 -0.00259623 -0.00392103
1.94 0 -0.00094129 -0.00233402 -0.00365404
1.96 0 -0.000808913 -0.0020184 -0.00316046
1.98 0 -0.000683654 -0.00163022 -0.00245258
2 0 -0.000532919 -0.0011523 -0.00158963
2.02 0 -0.000335902 -0.000596871 -0.000665386
2.04 0 -6.94912e-05 2.15362e-05 0.000249574
2.06 0 0.000266524 0.00068566 0.00111771
2.08 0 0.000614084 0.00133982 0.00190283
2.1 0 0.000901964 0.00190513 0.00258112
2.12 0 0.00109619 0.00232326 0.00314966
2.14 0 0.00120645 0.00259445 0.00361421
2.16 0 0.00127393 0.00278229 0.00398473
2.18 0 0.00133315 0.00294583 0.00425768
2.2 0 0.0013986 0.00309163 0.00442318
2.22 0 0.00147066 0.00319462 0.00448647
2.24 0 0.00152421 0.00322853 0.0044585
2.26 0 0.00151178 0.00316817 0.00433656
2.28 0 0.00137153 0.00294802 0.00407158
2.3 0 0.00107728 0.00248892 0.00358874
2.32 0 0.000708167 0.00182463 0.00287535
2.34 0 0.00038314 0.0011094 0.00198125
2.36 0 0.000152861 0.000482606 0.000969139
2.38 0 -7.23288e-06 -3.85984e-05 -8.73786e-05
2.4 0 -0.00016488 -0.000550917 -0.00111074
2.42 0 -0.000390256 -0.00114273 -0.00203528
2.44 0 -0.00072311 -0.0018123 -0.00283337
2.46 0 -0.00114246 -0.00249813 -0.00352402
2.48 0 -0.00155674 -0.00313477 -0.00414631
2.5 0 -0.00187332 -0.00368594 -0.00475156
2.52 0 -0.00206321 -0.00413469 -0.00538442
2.54 0 -0.00214787 -0.00446849 -0.00603717
2.56 0 -0.0021613 -0.00469134 -0.00663402
2.58 0 -0.00212195 -0.00480498 -0.00704715
2.6 0 -0.00203396 -0.00477395 -0.00714073
2.62 0 -0.00191291 -0.00455268 -0.00683832
2.64 0 -0.00178378 -0.00414749 -0.00615965
2.66 0 -0.00165039 -0.00362373 -0.00520292
2.68 0 -0.0014819 -0.00303864 -0.00409774
2.7 0 -0.00122109 -0.00236955 -0.00294579
2.72 0 -0.000798945 -0.00151822 -0.00176655
2.74 0 -0.000196214 -0.000426428 -0.000518293
2.76 0 0.000495582 0.000815719 0.000827508
2.78 0 0.00113039 0.00202826 0.00227046
2.8 0 0.00160585 0.00307717 0.00378668
2.82 0 0.00189556 0.00392402 0.0052992
2.84 0 0.00204551 0.00459257 0.00667414
2.86 0 0.00213782 0.00510411 0.00774895
2.88 0 0.00222746 0.00543806 0.00836935
2.9 0 0.00233846 0.0055826 0.00847188
2.92 0 0.00248144 0.00558425 0.00813944
2.94 0 0.00261067 0.00548173 0.00753299
2.96 0 0.00261677 0.00523194 0.00679526
2.98 0 0.00240826 0.00474968 0.00601702
3 0 0.00199991 0.00403143 0.00525144
3.02 0 0.00151355 0.0032178 0.00452467
3.04 0 0.00109321 0.00250331 0.00382778
3.06 0 0.000848335 0.00201789 0.00315595
3.08 0 0.000816557 0.0017781 0.00254665
3.1 0 0.000898737 0.00167402 0.00202774
3.12 0 0.000899775 0.00152112 0.00157855
3.14 0 0.00070136 0.00118785 0.00117645
3.16 0 0.000353313 0.000688043 0.00082098
3.18 0 -9.79083e-06 0.000153382 0.000489903
3.2 0 -0.000291348 -0.000289825 0.00011
3.22 0 -0.000475046 -0.000635034 -0.000409459
3.24 0 -0.000595539 -0.000984108 -0.00111261
3.26 0 -0.000678268 -0.00139509 -0.00193419
3.28 0 -0.000720736 -0.0017826 -0.00270569
3.3 0 -0.000745082 -0.00203247 -0.00326569
3.32 0 -0.000795802 -0.00214095 -0.00353453
3.34 0 -0.000871564 -0.00217295 -0.00349351
3.36 0 -0.000923208 -0.00213723 -0.00316782
3.38 0 -0.000901471 -0.00195544 -0.00262502
3.4 0 -0.000783292 -0.00156981 -0.00196032
3.42 0 -0.000573628 -0.00104298 -0.00126954
3.44 0 -0.000305932 -0.000510163 -0.00062309
3.46 0 -4.66124e-05 -6.57285e-05 -6.427e-05
3.48 0 0.000135661 0.000272059 0.000385623
3.5 0 0.000235202 0.000526476 0.000742125
3.52 0 0.000324696 0.000745982 0.00106471
3.54 0 0.000465407 0.000988993 0.00140582
3.56 0 0.000639467 0.00128626 0.00176972
3.58 0 0.000804109 0.00162129 0.0021477
3.6 0 0.000939914 0.0019339 0.0025368
3.62 0 0.00101951 0.00214596 0.00289884
3.64 0 0.00100061 0.00220562 0.00314865
3.66 0 0.000880678 0.0021093 0.00320248
3.68 0 0.000717514 0.00188509 0.00301793
3.7 0 0.000575932 0.00157248 0.0025937
3.72 0 0.000463892 0.00120129 0.00195101
3.74 0 0.000328291 0.000760834 0.00112315
3.76 0 0.000135456 0.000232069 0.000189663
3.78 0 -6.63189e-05 -0.000324049 -0.000695266
3.8 0 -0.000214417 -0.000774845 -0.001374
3.82 0 -0.000306319 -0.00102455 -0.00176793
3.84 0 -0.000367868 -0.00108584 -0.00187412
3.86 0 -0.000426984 -0.00106865 -0.00175702
3.88 0 -0.000527098 -0.00110141 -0.00155491
3.9 0 -0.00068734 -0.00123332 -0.00142345
3.92 0 -0.000855101 -0.00141873 -0.00145887
3.94 0 -0.00094337 -0.00158614 -0.0016782
3.96 0 -0.000902116 -0.00168328 -0.00202725
3.98 0 -0.000769365 -0.00170243 -0.00241458
4 0 -0.000665847 -0.0017129 -0.0027665
4.02 0 -0.000709841 -0.00183394 -0.00305019
4.04 0 -0.000948273 -0.00215992 -0.00329089
4.06 0 -0.00135995 -0.00271152 -0.00359369
4.08 0 -0.00186451 -0.00343075 -0.00410493
4.1 0 -0.00232229 -0.00420128 -0.00491372
4.12 0 -0.0025664 -0.00485765 -0.0059564
4.14 0 -0.00244277 -0.00515417 -0.00694631
4.16 0 -0.0018677 -0.00479603 -0.00739935
4.18 0 -0.000900709 -0.00359722 -0.00679672
4.2 0 0.000236207 -0.0016439 -0.00481018
4.22 0 0.00114477 0.000588958 -0.00158455
4.24 0 0.00133205 0.00228542 0.00209209
4.26 0 0.000581217 0.00272063 0.00505998
4.28 0 -0.000809569 0.00171106 0.00624115
4.3 0 -0.00233732 -0.000469229 0.00483931
4.32 0 -0.00372036 -0.00352454 0.000447727
4.34 0 -0.00498784 -0.00741356 -0.00677399
4.36 0 -0.00643666 -0.0123381 -0.0161477
4.38 0 -0.00846811 -0.0184116 -0.0266799
4.4 0 -0.0111182 -0.0250679 -0.0370207
4.42 0 -0.0140196 -0.0311788 -0.0457222
4.44 0 -0.0166549 -0.0357444 -0.0516701
4.46 0 -0.0183455 -0.0380818 -0.0541042
4.48 0 -0.0185867 -0.0378444 -0.0527936
4.5 0 -0.0172956 -0.0349199 -0.0480324
4.52 0 -0.0145485 -0.0292433 -0.0401725
4.54 0 -0.0104082 -0.0209436 -0.0293947
4.56 0 -0.0049812 -0.0104978 -0.0158632
4.58 0 0.00111392 0.00115385 -0.000260977
4.6 0 0.00661243 0.012641 0.0159631
4.62 0 0.0105709 0.0225094 0.0311009
4.64 0 0.0128701 0.0295599 0.0435064
4.66 0 0.0138135 0.0333471 0.051747
4.68 0 0.0138753 0.0343689 0.0549723
4.7 0 0.0136199 0.0334665 0.0531802
4.72 0 0.0135616 0.0312915 0.047297
4.74 0 0.0137002 0.0280785 0.038745
4.76 0 0.0132202 0.0236158 0.0287978
4.78 0 0.0110229 0.0175041 0.0183795
4.8 0 0.00658091 0.00944498 0.00802662
4.82 0 0.00037015 -0.000395351 -0.00217495
4.84 0 -0.00637902 -0.0110997 -0.0125182
4.86 0 -0.0124744 -0.021239 -0.0233955
4.88 0 -0.0171176 -0.0295387 -0.0346654
4.9 0 -0.019559 -0.035345 -0.045168
4.92 0 -0.0193604 -0.0383617 -0.0531139
4.94 0 -0.0170759 -0.0381758 -0.0568658
4.96 0 -0.0138704 -0.0344777 -0.0552301
4.98 0 -0.0103598 -0.0275659 -0.047363
5 0 -0.0062956 -0.0180925 -0.0329913
5.02 0 -0.00132319 -0.00629326 -0.012911
5.04 0 0.00445636 0.00797471 0.0109211
5.06 0 0.0108754 0.0241851 0.0359824
5.08 0 0.0182078 0.0407713 0.0600183
5.1 0 0.0265729 0.0561304 0.0813288
5.12 0 0.035062 0.0694098 0.0985827
5.14 0 0.0420735 0.0801035 0.1108
5.16 0 0.0463372 0.0872041 0.117487
5.18 0 0.0474385 0.0892783 0.118691
5.2 0 0.0455022 0.0855833 0.114649
5.22 0 0.0406579 0.0766425 0.105237
5.24 0 0.0331041 0.0635887 0.0900644
5.26 0 0.0237278 0.0475659 0.0694238
5.28 0 0.0141254 0.0298072 0.0448477
5.3 0 0.00533376 0.0114502 0.0182174
5.32 0 -0.00264829 -0.00654212 -0.00886715
5.34 0 -0.00994981 -0.0232172 -0.0346411
5.36 0 -0.0165745 -0.0378269 -0.0571991
5.38 0 -0.0225561 -0.0498771 -0.0750571
5.4 0 -0.0277772 -0.0590568 -0.0874274
5.42 0 -0.0319391 -0.0652289 -0.0941324
5.44 0 -0.0348398 -0.0684311 -0.0956269
5.46 0 -0.0367287 -0.06915 -0.0932663
5.48 0 -0.037988 -0.0682937 -0.0889075
5.5 0 -0.038454 -0.0665635 -0.083972
5.52 0 -0.0377011 -0.0641711 -0.0792847
5.54 0 -0.0357203 -0.0610129 -0.0753104
5.56 0 -0.0329676 -0.0570775 -0.0721115
5.58 0 -0.0300709 -0.0529265 -0.0694028
5.6 0 -0.0275992 -0.0494668 -0.0667742
5.62 0 -0.0260824 -0.0472779 -0.0640422
5.64 0 -0.0259433 -0.0463855 -0.0614481
5.66 0 -0.0270066 -0.0464757 -0.059369
5.68 0 -0.0281844 -0.0469263 -0.0578445
5.7 0 -0.0281513 -0.0467062 -0.0565386
5.72 0 -0.0263508 -0.0447377 -0.0550116
5.74 0 -0.022935 -0.0404456 -0.0525564
5.76 0 -0.0181569 -0.0340001 -0.0480575
5.78 0 -0.0125472 -0.0261778 -0.0406647
5.8 0 -0.00731945 -0.0179955 -0.0305809
5.82 0 -0.00369623 -0.01031 -0.0188419
5.84 0 -0.00182652 -0.00358433 -0.00653765
5.86 0 -0.000690379 0.00220142 0.00545281
5.88 0 0.00104496 0.00764085 0.0163046
5.9 0 0.00405875 0.0135678 0.0252526
5.92 0 0.00816672 0.0202168 0.0319316
5.94 0 0.0128998 0.0268754 0.0367148
5.96 0 0.0178034 0.032616 0.0405228
5.98 0 0.0220985 0.0371551 0.0441595
6 0 0.0248508 0.0407745 0.0479851
6.02 0 0.0258073 0.0436496 0.0521503
6.04 0 0.0257509 0.0457598 0.0567965
6.06 0 0.0257762 0.0474037 0.061801
6.08 0 0.0262818 0.0491957 0.0664642
6.1 0 0.0271465 0.0515007 0.0699938
6.12 0 0.0284094 0.054013 0.0721428
6.14 0 0.0300392 0.0559192 0.0730073
6.16 0 0.0314713 0.0566053 0.0726029
6.18 0 0.0317861 0.0559103 0.0708002
6.2 0 0.0304203 0.0536667 0.0675184
6.22 0 0.0277465 0.0496785 0.0629565
6.24 0 0.0247661 0.0444269 0.057545
6.26 0 0.0221949 0.0391552 0.0516007
6.28 0 0.0202617 0.0349854 0.0453852
6.3 0 0.0191966 0.0322326 0.0395601
6.32 0 0.0191435 0.0305835 0.0350799
6.34 0 0.0196355 0.0297184 0.0325777
6.36 0 0.0195136 0.029197 0.0318008
6.38 0 0.0178065 0.0280323 0.0317403
6.4 0 0.0145554 0.0251637 0.0312126
6.42 0 0.0101944 0.020086 0.02882
6.44 0 0.00488687 0.0129196 0.0230006
6.46 0 -0.00093424 0.00399812 0.0127737
6.48 0 -0.00626399 -0.00636329 -0.00171646
6.5 0 -0.0104664 -0.0174498 -0.01931
6.52 0 -0.014028 -0.0283303 -0.0383517
6.54 0 -0.017868 -0.0386489 -0.0570077
6.56 0 -0.0224381 -0.0486189 -0.0734937
6.58 0 -0.0277905 -0.0584159 -0.0866782
6.6 0 -0.0338956 -0.0678244 -0.0964247
6.62 0 -0.0404905 -0.0763516 -0.103302
6.64 0 -0.0467752 -0.0835086 -0.108091
6.66 0 -0.0515875 -0.0889138 -0.111475
6.68 0 -0.0540236 -0.0921931 -0.113973
6.7 0 -0.0538576 -0.0929617 -0.11582
6.72 0 -0.0515518 -0.0911097 -0.116768
6.74 0 -0.0480111 -0.0871618 -0.116118
6.76 0 -0.0441907 -0.0821336 -0.113058
6.78 0 -0.0408013 -0.0768217 -0.107052
6.8 0 -0.038213 -0.071346 -0.0981149
6.82 0 -0.0363408 -0.0653788 -0.0868416
6.84 0 -0.0345125 -0.0585977 -0.0741099
6.86 0 -0.0317062 -0.0508307 -0.0607591
6.88 0 -0.0271897 -0.0419317 -0.0475401
6.9 0 -0.0209199 -0.0317833 -0.0350345
6.92 0 -0.0133329 -0.02051 -0.0233564
6.94 0 -0.00499009 -0.0085816 -0.0120014
6.96 0 0.00323891 0.00337976 -0.00015977
6.98 0 0.0101954 0.0147502 0.0127826
7 0 0.0153162 0.0249381 0.0269518
7.02 0 0.0189519 0.0337652 0.0418657
7.04 0 0.0218584 0.0417692 0.0565554
7.06 0 0.0248728 0.0496865 0.0700243
7.08 0 0.0286318 0.0576725 0.0815573
7.1 0 0.0332006 0.0652427 0.0906847
7.12 0 0.0380202 0.0718097 0.0971536
7.14 0 0.0422196 0.0769332 0.100986
7.16 0 0.0450103 0.0801433 0.102485
7.18 0 0.0459062 0.0809139 0.102073
7.2 0 0.0447537 0.0789592 0.100002
7.22 0 0.0418187 0.0745339 0.0962462
7.24 0 0.0378083 0.0684125 0.0906357
7.26 0 0.0335847 0.0615247 0.0830669
7.28 0 0.0298217 0.054561 0.0736859
7.3 0 0.0267741 0.0477662 0.0629409
7.32 0 0.0241319 0.0409518 0.0514106
7.34 0 0.0211745 0.0337267 0.0396457
7.36 0 0.017224 0.0257734 0.0281386
7.38 0 0.0119697 0.0169482 0.0172192
7.4 0 0.00551948 0.00730559 0.00689119
7.42 0 -0.00153134 -0.00287231 -0.00319301
7.44 0 -0.00815289 -0.0130645 -0.0135711
7.46 0 -0.013517 -0.022479 -0.0246574
7.48 0 -0.0174404 -0.030406 -0.0363554
7.5 0 -0.0200307 -0.0367862 -0.0478679
7.52 0 -0.0215353 -0.0420304 -0.0580371
7.54 0 -0.0225412 -0.046351 -0.0659368
7.56 0 -0.0237575 -0.0496098 -0.0710942
7.58 0 -0.0255044 -0.0517583 -0.0733806
7.6 0 -0.0275212 -0.0530497 -0.0729699
7.62 0 -0.0292374 -0.0536286 -0.0704059
7.64 0 -0.0301361 -0.0531937 -0.0665554
7.66 0 -0.029842 -0.0512905 -0.0622896
7.68 0 -0.0281172 -0.0478247 -0.0580984
7.7 0 -0.0251141 -0.043232 -0.0540266
7.72 0 -0.0215236 -0.0382487 -0.049895
7.74 0 -0.0182036 -0.0335061 -0.0454408
7.76 0 -0.0156455 -0.0292441 -0.04035
7.78 0 -0.0137568 -0.0252544 -0.0343319
7.8 0 -0.0120337 -0.0210339 -0.0272681
7.82 0 -0.00985518 -0.0160383 -0.0192737
7.84 0 -0.0066802 -0.00987033 -0.0105584
7.86 0 -0.00225305 -0.00238843 -0.00128272
7.88 0 0.00309697 0.0062471 0.00848121
7.9 0 0.00859584 0.0155292 0.0187906
7.92 0 0.013764 0.0247096 0.0298043
7.94 0 0.0185352 0.0332499 0.0414536
7.96 0 0.0226932 0.0410604 0.0531137
7.98 0 0.0259146 0.0481098 0.063815
8 0 0.0282855 0.0540711 0.0727793
8.02 0 0.0302645 0.0585666 0.0796177
8.04 0 0.0321443 0.0616167 0.0841487
8.06 0 0.0338022 0.0636015 0.0862791
8.08 0 0.0349532 0.0647159 0.086109
8.1 0 0.0354546 0.0646886 0.0840616
8.12 0 0.0352174 0.0631434 0.0807045
8.14 0 0.0339927 0.0600356 0.0763867
8.16 0 0.0315558 0.0555941 0.0711258
8.18 0 0.0280515 0.0499939 0.0647701
8.2 0 0.0239442 0.0433164 0.0571498
8.22 0 0.0196391 0.0357731 0.0481261
8.24 0 0.015288 0.0277228 0.0376697
8.26 0 0.0109099 0.0194081 0.0259849
8.28 0 0.00650423 0.0108451 0.0135586
8.3 0 0.00202318 0.00202413 0.00103383
8.32 0 -0.0025619 -0.00693006 -0.0110444
8.34 0 -0.00717265 -0.015765 -0.0224063
8.36 0 -0.0117734 -0.0241511 -0.0330057
8.38 0 -0.016373 -0.0318699 -0.0428162
8.4 0 -0.0207816 -0.0389489 -0.0517057
8.42 0 -0.0246784 -0.0454251 -0.0595202
8.44 0 -0.0278794 -0.0510525 -0.0661927
8.46 0 -0.0303171 -0.0553919 -0.0716634
8.48 0 -0.0318663 -0.0581644 -0.0757403
8.5 0 -0.0323699 -0.0593924 -0.0781267
8.52 0 -0.0318558 -0.0591768 -0.0785701
8.54 0 -0.0306402 -0.0575326 -0.0769592
8.56 0 -0.0291013 -0.0545522 -0.0733023
8.58 0 -0.0273778 -0.0505402 -0.0676856
8.6 0 -0.0253791 -0.0458096 -0.060332
8.62 0 -0.0229996 -0.0404201 -0.0516783
8.64 0 -0.0201677 -0.0342386 -0.0422799
8.66 0 -0.0167491 -0.0272371 -0.0326029
8.68 0 -0.0125992 -0.0196303 -0.0229355
8.7 0 -0.00777065 -0.0117365 -0.0134478
8.72 0 -0.00263051 -0.00381767 -0.00425881
8.74 0 0.00213834 0.00388254 0.00454888
8.76 0 0.00585259 0.0109255 0.0129667
8.78 0 0.0083616 0.016682 0.0210084
8.8 0 0.00997451 0.0208248 0.0284389
8.82 0 0.0109552 0.0236588 0.0346111
8.84 0 0.0114613 0.0257078 0.038789
8.86 0 0.0118217 0.0271251 0.0406438
8.88 0 0.0124634 0.0277448 0.0403817
8.9 0 0.0134625 0.0275768 0.0384966
8.92 0 0.0144062 0.0269465 0.0355654
8.94 0 0.0148109 0.0261226 0.0322922
8.96 0 0.0145052 0.0250144 0.0294579
8.98 0 0.0135776 0.0234084 0.0275823
9 0 0.0121522 0.0213935 0.0266197
9.02 0 0.0103637 0.019323 0.026012
9.04 0 0.00852618 0.0174138 0.0250662
9.06 0 0.00705587 0.0155451 0.0232581
9.08 0 0.00609064 0.0134475 0.0202667
9.1 0 0.00535064 0.0109753 0.0160001
9.12 0 0.00441414 0.00808536 0.0106814
9.14 0 0.00302438 0.00466663 0.00479883
9.16 0 0.00114001 0.000623722 -0.00111883
9.18 0 -0.00118412 -0.00391453 -0.00676316
9.2 0 -0.00382412 -0.00861524 -0.012128
9.22 0 -0.00651242 -0.0131268 -0.0173322
9.24 0 -0.00886487 -0.0171615 -0.0223667
9.26 0 -0.010542 -0.020455 -0.0269867
9.28 0 -0.0114039 -0.022765 -0.0307982
9.3 0 -0.0115258 -0.0239253 -0.0333825
9.32 0 -0.0110906 -0.0238749 -0.0343447
9.34 0 -0.0102545 -0.0226357 -0.0333392
9.36 0 -0.00908361 -0.0202639 -0.0301572
9.38 0 -0.00761073 -0.0168396 -0.0248729
9.4 0 -0.00590755 -0.0125409 -0.017941
9.42 0 -0.00406486 -0.00770617 -0.0101238
9.44 0 -0.00210361 -0.0027275 -0.00223986
9.46 0 1.53957e-05 0.00210964 0.00505006
9.48 0 0.00226639 0.00665854 0.0113213
9.5 0 0.00452942 0.0108256 0.016425
9.52 0 0.00665832 0.0144643 0.020456
9.54 0 0.00848659 0.0173712 0.023595
9.56 0 0.00980402 0.019385 0.0259358
9.58 0 0.0104211 0.0204552 0.0274414
9.6 0 0.010292 0.0205944 0.0280136
9.62 0 0.00956249 0.0197942 0.0275372
9.64 0 0.00846313 0.0180712 0.0258739
9.66 0 0.00716493 0.0155863 0.0229085
9.68 0 0.0057873 0.0126199 0.0186924
9.7 0 0.00447211 0.00943297 0.0135561
9.72 0 0.00328664 0.00616951 0.00801092
9.74 0 0.00209089 0.00286854 0.00253503
9.76 0 0.00062763 -0.000499375 -0.00255642
9.78 0 -0.00124365 -0.0040144 -0.00714437
9.8 0 -0.00340797 -0.00769323 -0.0112754
9.82 0 -0.0055893 -0.0113473 -0.0151049
9.84 0 -0.00747489 -0.014593 -0.0187558
9.86 0 -0.00876027 -0.0170374 -0.0221391
9.88 0 -0.00926048 -0.0184912 -0.0249452
9.9 0 -0.00900593 -0.0189584 -0.0267571
9.92 0 -0.00824113 -0.0184714 -0.0271761
9.94 0 -0.00728848 -0.0170688 -0.0259218
9.96 0 -0.00633171 -0.0148758 -0.0228852
9.98 0 -0.00534905 -0.0120762 -0.0182
10 0 -0.00423364 -0.00879719 -0.0123069
10.02 0 -0.00290628 -0.00509527 -0.00587744
10.04 0 -0.00131745 -0.00108637 0.000401154
10.06 0 0.000543735 0.00297549 0.00602675
10.08 0 0.00257449 0.00678753 0.0107557
10.1 0 0.0045428 0.010122 0.0145651
10.12 0 0.00618465 0.0128343 0.0175609
10.14 0 0.00730749 0.0148023 0.0198634
10.16 0 0.00782982 0.015929 0.0215125
10.18 0 0.00778597 0.0162131 0.0224433
10.2 0 0.00733209 0.0157846 0.0225421
10.22 0 0.00669976 0.0148391 0.0217177
10.24 0 0.00607216 0.0135368 0.019945
10.26 0 0.005491 0.0119526 0.0172992
10.28 0 0.00484724 0.010058 0.0139498
10.3 0 0.00396785 0.00776111 0.0101246
10.32 0 0.00276135 0.00503594 0.00608755
10.34 0 0.00127785 0.00200647 0.00207603
10.36 0 -0.000343438 -0.00110852 -0.00178503
10.38 0 -0.00194371 -0.00410783 -0.00549073
10.4 0 -0.00339445 -0.00688405 -0.00909069
10.42 0 -0.00463863 -0.0094192 -0.0126137
10.44 0 -0.00570156 -0.0117348 -0.0160246
10.46 0 -0.00664528 -0.0138524 -0.0192197
10.48 0 -0.00751106 -0.0157582 -0.0220436
10.5 0 -0.00827394 -0.0173505 -0.0242955
10.52 0 -0.00882079 -0.0184257 -0.0257375
10.54 0 -0.00901414 -0.0187799 -0.0261732
10.56 0 -0.00877622 -0.0183048 -0.0255157
10.58 0 -0.00811688 -0.0170002 -0.0237812
10.6 0 -0.00715447 -0.0150142 -0.0211053
10.62 0 -0.00608477 -0.0126409 -0.0177494
10.64 0 -0.00505357 -0.0101737 -0.014016
10.66 0 -0.00408218 -0.00777008 -0.0101843
10.68 0 -0.00310306 -0.00543502 -0.00649015
10.7 0 -0.00200051 -0.00306942 -0.00306489
10.72 0 -0.000681422 -0.000568327 0.00010135
10.74 0 0.000824646 0.00207549 0.00311444
10.76 0 0.00236078 0.00474949 0.00610996
10.78 0 0.00373508 0.00728462 0.00919152
10.8 0 0.00482081 0.00954196 0.0123694
10.82 0 0.00560443 0.0114734 0.0155307
10.84 0 0.00616373 0.0131103 0.0184587
10.86 0 0.00660109 0.01447 0.0208769
10.88 0 0.0069681 0.0154755 0.0225056
10.9 0 0.00722594 0.0159752 0.0231263
10.92 0 0.00726979 0.0158282 0.0226417
10.94 0 0.00699446 0.014968 0.0210987
10.96 0 0.00636107 0.0134192 0.0186664
10.98 0 0.00542612 0.0113059 0.01559
11 0 0.00431221 0.00884902 0.01214
11.02 0 0.00315505 0.00631501 0.00857493
11.04 0 0.00207318 0.00393241 0.00513157
11.06 0 0.00114905 0.00183853 0.00201796
11.08 0 0.000404949 9.21419e-05 -0.000604325
11.1 0 -0.000197584 -0.00129132 -0.00263852
11.12 0 -0.000730185 -0.00235176 -0.00407865
11.14 0 -0.00127192 -0.0032172 -0.00504117
11.16 0 -0.00187411 -0.00405786 -0.00574906
11.18 0 -0.00251984 -0.00497289 -0.00645362
11.2 0 -0.00312701 -0.0059363 -0.00735015
11.22 0 -0.00358656 -0.00683616 -0.00850775
11.24 0 -0.00380971 -0.00755101 -0.0098331
11.26 0 -0.00378304 -0.00800824 -0.0111041
11.28 0 -0.00360067 -0.00819996 -0.0120575
11.3 0 -0.00342191 -0.00817689 -0.0124812
11.32 0 -0.00335591 -0.00800807 -0.0122645
11.34 0 -0.00338338 -0.00771345 -0.011414
11.36 0 -0.00338836 -0.00723491 -0.01006
11.38 0 -0.00322659 -0.00646899 -0.00840581
11.4 0 -0.00277997 -0.0053411 -0.00663193
11.42 0 -0.0020126 -0.00386414 -0.00482459
11.44 0 -0.00100118 -0.00212893 -0.00295869
11.46 0 0.000101144 -0.000249477 -0.000926448
11.48 0 0.0011466 0.00168353 0.00140155
11.5 0 0.0020479 0.00360726 0.00408851
11.52 0 0.00277279 0.00545638 0.00704625
11.54 0 0.00331679 0.0071333 0.0100095
11.56 0 0.00368348 0.00849601 0.0125846
11.58 0 0.00388451 0.00938997 0.0143619
11.6 0 0.00394208 0.00971017 0.0150434
11.62 0 0.00385842 0.00941651 0.0145059
11.64 0 0.00359856 0.00851226 0.012809
11.66 0 0.00314399 0.00706689 0.0102056
11.68 0 0.00253784 0.0052552 0.00710828
11.7 0 0.0018357 0.00331154 0.00395776
11.72 0 0.00106516 0.00143688 0.00109867
11.74 0 0.00024763 -0.000264752 -0.00127358
11.76 0 -0.000611642 -0.00181746 -0.00315795
11.78 0 -0.00152866 -0.00332571 -0.00473912
11.8 0 -0.00248882 -0.00486948 -0.0062826
11.82 0 -0.00342641 -0.00645836 -0.00802196
11.84 0 -0.00426006 -0.00805295 -0.0100818
11.86 0 -0.00492942 -0.00959388 -0.0124328
11.88 0 -0.0054039 -0.0109968 -0.0148787
11.9 0 -0.00567588 -0.0121305 -0.0170857
11.92 0 -0.00577352 -0.0128568 -0.0186836
11.94 0 -0.0057345 -0.0130753 -0.0193597
11.96 0 -0.00553982 -0.0127039 -0.0188935
11.98 0 -0.00511678 -0.0116585 -0.0171956
12 0 -0.00438764 -0.00986641 -0.0143249
12.02 0 -0.00330739 -0.00731951 -0.0104594
12.04 0 -0.00189423 -0.00413025 -0.00585203
12.06 0 -0.000239984 -0.000520318 -0.000782888
12.08 0 0.00150406 0.00323296 0.00446146
12.1 0 0.00316508 0.00684615 0.00958506
12.12 0 0.00461235 0.0100725 0.0142904
12.14 0 0.00579307 0.0127399 0.0182973
12.16 0 0.00671286 0.0147792 0.0213786
12.18 0 0.00742939 0.0162313 0.0234287
12.2 0 0.00804138 0.0172115 0.024512
12.22 0 0.00861166 0.0178329 0.024817
12.24 0 0.00908707 0.0181386 0.0245586
12.26 0 0.00931399 0.0180907 0.0239169
12.28 0 0.00914153 0.0176041 0.0230138
12.3 0 0.0085211 0.0166036 0.021888
12.32 0 0.00753356 0.0150967 0.0204772
12.34 0 0.00634214 0.0132031 0.0186411
12.36 0 0.00513406 0.0110957 0.0162395
12.38 0 0.00406434 0.00891181 0.0132282
12.4 0 0.00318469 0.00671462 0.00970674
12.42 0 0.0024182 0.00451226 0.00590521
12.44 0 0.00162183 0.00229753 0.00213165
12.46 0 0.000689432 7.90933e-05 -0.00130899
12.48 0 -0.000396563 -0.00210471 -0.00421692
12.5 0 -0.00158436 -0.00418946 -0.0065716
12.52 0 -0.00277206 -0.00609972 -0.00851051
12.54 0 -0.0038277 -0.00777594 -0.0102368
12.56 0 -0.0046424 -0.0091912 -0.0119207
12.58 0 -0.00517975 -0.0103505 -0.0136335
12.6 0 -0.00548043 -0.0112813 -0.0153261
12.62 0 -0.00561139 -0.011987 -0.0168254
12.64 0 -0.00562119 -0.012414 -0.0178754
12.66 0 -0.00554298 -0.0124873 -0.0182395
12.68 0 -0.00539062 -0.0121598 -0.0177843
12.7 0 -0.00514669 -0.0114259 -0.0165106
12.72 0 -0.0047767 -0.0103135 -0.0145507
12.74 0 -0.00424768 -0.0088674 -0.0121226
12.76 0 -0.00355563 -0.00716538 -0.00947892
12.78 0 -0.0027544 -0.00535263 -0.00687179
12.8 0 -0.00194245 -0.00361846 -0.00450893
12.82 0 -0.00122768 -0.00213754 -0.00252983
12.84 0 -0.000692512 -0.0010254 -0.00101353
12.86 0 -0.000366191 -0.000317492 9.14231e-06
12.88 0 -0.000234814 6.03847e-06 0.000530611
12.9 0 -0.000270444 -2.39443e-05 0.000545609
12.92 0 -0.000430585 -0.000365233 7.38979e-05
12.94 0 -0.000642916 -0.000924416 -0.000793355
12.96 0 -0.000828083 -0.00155287 -0.00188603
12.98 0 -0.000951604 -0.00211359 -0.0030018
13 0 -0.00103476 -0.00254593 -0.00395437
13.02 0 -0.00112569 -0.00286899 -0.00461086
13.04 0 -0.00126989 -0.00313334 -0.00492641
13.06 0 -0.00145468 -0.00333417 -0.00492134
13.08 0 -0.00156506 -0.00335342 -0.00461134
13.1 0 -0.00142283 -0.00299012 -0.00395698
13.12 0 -0.000879313 -0.00204217 -0.00284309
13.14 0 9.53951e-05 -0.00040304 -0.00110249
13.16 0 0.00137835 0.00186501 0.00141204
13.18 0 0.0027238 0.00451072 0.00471685
13.2 0 0.00386933 0.0071692 0.00861728
13.22 0 0.0046962 0.0095535 0.012751
13.24 0 0.0052659 0.0115687 0.0166669
13.26 0 0.00571874 0.0132289 0.0198912
13.28 0 0.00618125 0.0145286 0.022043
13.3 0 0.00669112 0.0153893 0.0229346
13.32 0 0.00715546 0.0157024 0.0225998
13.34 0 0.00739795 0.015404 0.0212676
13.36 0 0.00724312 0.0144848 0.0192673
13.38 0 0.00658305 0.0129493 0.0168867
13.4 0 0.00542884 0.01082 0.0142682
13.42 0 0.00391157 0.00819258 0.0113876
13.44 0 0.0022247 0.00524113 0.00810669
13.46 0 0.000572912 0.00214966 0.00428689
13.48 0 -0.000869075 -0.00093328 -7.64271e-05
13.5 0 -0.00202103 -0.00388158 -0.00478577
13.52 0 -0.00292815 -0.00658149 -0.009469
13.54 0 -0.00370419 -0.00894129 -0.0136616
13.56 0 -0.00444287 -0.0108917 -0.0169196
13.58 0 -0.00517597 -0.0123769 -0.0189527
13.6 0 -0.00587417 -0.0133513 -0.0197197
13.62 0 -0.00644743 -0.0137829 -0.0194159
13.64 0 -0.00675415 -0.0136583 -0.0183672
13.66 0 -0.00664999 -0.0129854 -0.0169001
13.68 0 -0.00606151 -0.0117836 -0.0152317
13.7 0 -0.00505027 -0.0101011 -0.0134222
13.72 0 -0.00380952 -0.00807401 -0.0114086
13.74 0 -0.00256849 -0.00591587 -0.00907233
13.76 0 -0.00150389 -0.00381674 -0.00633176
13.78 0 -0.00070621 -0.00186998 -0.00323897
13.8 0 -0.000139209 -7.62407e-05 8.31e-06
13.82 0 0.000367856 0.00162686 0.00315107
13.84 0 0.00101717 0.00332442 0.00595822
13.86 0 0.00189913 0.00506417 0.0082816
13.88 0 0.00294083 0.00679859 0.0100933
13.9 0 0.0039619 0.00837044 0.0114807
13.92 0 0.00475875 0.0095763 0.012574
13.94 0 0.00515376 0.0102599 0.0134342
13.96 0 0.00504028 0.0103435 0.0139777
13.98 0 0.00446447 0.00981423 0.0140092
14 0 0.00362153 0.00871767 0.0132985
14.02 0 0.00271482 0.00714757 0.0116375
14.04 0 0.00185093 0.00522295 0.00892829
14.06 0 0.00104529 0.00304509 0.00528387
14.08 0 0.000254756 0.000667582 0.0010363
14.1 0 -0.000611325 -0.0018783 -0.00337144
14.12 0 -0.00167187 -0.00454762 -0.00754618
14.14 0 -0.00299972 -0.00727971 -0.0112568
14.16 0 -0.00452819 -0.00997757 -0.0144326
14.18 0 -0.00603637 -0.01246 -0.0170888
14.2 0 -0.00724529 -0.0144767 -0.01926
14.22 0 -0.00795124 -0.0158005 -0.0209482
14.24 0 -0.00808877 -0.0163298 -0.0220796
14.26 0 -0.00773416 -0.0161279 -0.0225164
14.28 0 -0.00709912 -0.0153651 -0.022129
14.3 0 -0.00644293 -0.0142316 -0.0208617
14.32 0 -0.00590634 -0.0128691 -0.0187509
14.34 0 -0.00543537 -0.0113254 -0.0159291
14.36 0 -0.00486531 -0.00954643 -0.0126299
14.38 0 -0.00404369 -0.00743725 -0.00913626
14.4 0 -0.00289844 -0.0049736 -0.00568316
14.42 0 -0.00147377 -0.00227581 -0.00239539
14.44 0 5.39367e-05 0.000430155 0.000702203
14.46 0 0.00144554 0.0029263 0.00364583
14.48 0 0.00254081 0.00509174 0.00649436
14.5 0 0.00332636 0.00691451 0.0092687
14.52 0 0.0038835 0.00844051 0.0118861
14.54 0 0.00430834 0.00970862 0.0141558
14.56 0 0.0046656 0.0107098 0.0158498
14.58 0 0.0049715 0.0113824 0.0167911
14.6 0 0.0051943 0.0116491 0.0169137
14.62 0 0.00526517 0.0114615 0.0162704
14.64 0 0.00510467 0.0108129 0.0149982
14.66 0 0.00466951 0.00973048 0.0132697
14.68 0 0.00396978 0.00826131 0.0112303
14.7 0 0.00304545 0.00646209 0.00894306
14.72 0 0.00195622 0.00439581 0.00638881
14.74 0 0.000776419 0.00211992 0.00350671
14.76 0 -0.000416105 -0.000305505 0.000261616
14.78 0 -0.00154206 -0.00278505 -0.00328335
14.8 0 -0.00251549 -0.00515716 -0.00691808
14.82 0 -0.00326806 -0.00721667 -0.010307
14.84 0 -0.00381861 -0.00882697 -0.0131115
14.86 0 -0.0042549 -0.00997703 -0.0150843
14.88 0 -0.0046282 -0.0107051 -0.0160856
14.9 0 -0.00492616 -0.0110234 -0.016117
14.92 0 -0.00511431 -0.0109285 -0.0153515
14.94 0 -0.00514085 -0.0104446 -0.0140722
14.96 0 -0.00491836 -0.00961693 -0.0125428
14.98 0 -0.00437819 -0.00847835 -0.0109259
15 0 -0.00355542 -0.00705744 -0.00927701
15.02 0 -0.00257425 -0.00541381 -0.00755057
15.04 0 -0.00155115 -0.00362483 -0.00560329
15.06 0 -0.000540938 -0.00172567 -0.00325122
15.08 0 0.000431559 0.000298327 -0.000392215
15.1 0 0.00135161 0.00246241 0.00292108
15.12 0 0.00224591 0.0047413 0.00651409
15.14 0 0.00316705 0.00705481 0.0101419
15.16 0 0.00412252 0.00927742 0.0135187
15.18 0 0.00504248 0.0112531 0.0163582
15.2 0 0.00582149 0.0128177 0.0184417
15.22 0 0.00637653 0.0138378 0.0196688
15.24 0 0.0066616 0.0142498 0.02005
15.26 0 0.00665557 0.0140734 0.0196634
15.28 0 0.00636534 0.0133823 0.0186182
15.3 0 0.00583665 0.0122613 0.0170311
15.32 0 0.00513328 0.0107882 0.0150039
15.34 0 0.00430905 0.0090462 0.0126182
15.36 0 0.00339976 0.00712098 0.00994491
15.38 0 0.00242526 0.00506619 0.00704886
15.4 0 0.00140802 0.00290554 0.00399982
15.42 0 0.000389692 0.000692114 0.000893283
15.44 0 -0.000577568 -0.00145563 -0.00214284
15.46 0 -0.00144829 -0.00340109 -0.00496362
15.48 0 -0.00218697 -0.00505403 -0.0074239
15.5 0 -0.00276645 -0.00637038 -0.00938963
15.52 0 -0.00318523 -0.00732389 -0.0107678
15.54 0 -0.00348142 -0.00791591 -0.0115446
15.56 0 -0.00369385 -0.0081887 -0.0117777
15.58 0 -0.00381079 -0.00819523 -0.0115534
15.6 0 -0.00378695 -0.00796018 -0.01097
15.62 0 -0.00359261 -0.00747164 -0.0101284
15.64 0 -0.00322611 -0.00671496 -0.00909981
15.66 0 -0.00270844 -0.00571955 -0.00790462
15.68 0 -0.00208579 -0.00455668 -0.00652261
15.7 0 -0.00142241 -0.00329111 -0.00492121
15.72 0 -0.000774521 -0.00195359 -0.00308526
15.74 0 -0.00016575 -0.000561281 -0.00104107
15.76 0 0.000408359 0.000848817 0.00112631
15.78 0 0.00094412 0.00220227 0.00326218
15.8 0 0.00140066 0.00338441 0.0051512
15.82 0 0.00172191 0.00426185 0.0065678
15.84 0 0.00188117 0.00472965 0.00734405
15.86 0 0.0018871 0.0047515 0.0074051
15.88 0 0.0017687 0.00437537 0.00678118
15.9 0 0.00156545 0.00371086 0.00560665
15.92 0 0.00130367 0.00286697 0.00408119
15.94 0 0.000977463 0.00190816 0.00241128
15.96 0 0.000570476 0.000874683 0.000775476
15.98 0 8.97494e-05 -0.000178275 -0.000694989
16 0 -0.000440908 -0.00119549 -0.00195155
16.02 0 -0.000992839 -0.00215443 -0.00303684
16.04 0 -0.0015266 -0.0030613 -0.00404364
16.06 0 -0.00201458 -0.00394157 -0.00508157
16.08 0 -0.00246444 -0.00483424 -0.00625141
16.1 0 -0.00289795 -0.00577255 -0.0076026
16.12 0 -0.00332664 -0.00676546 -0.00910949
16.14 0 -0.00373328 -0.00776614 -0.010663
16.16 0 -0.00406668 -0.00865549 -0.0120817
16.18 0 -0.00429558 -0.00931472 -0.0131879
16.2 0 -0.00443346 -0.00969778 -0.0138667
16.22 0 -0.00448774 -0.00980717 -0.0140517
16.24 0 -0.00443562 -0.00963683 -0.0137147
16.26 0 -0.00424805 -0.0091541 -0.0128767
16.28 0 -0.00389478 -0.00831751 -0.0115866
16.3 0 -0.00334511 -0.00711405 -0.00989163
16.32 0 -0.0026099 -0.00559423 -0.00784734
16.34 0 -0.00175514 -0.00385123 -0.00551999
16.36 0 -0.000857224 -0.0019755 -0.00296871
16.38 0 4.43273e-05 -3.04279e-05 -0.000240453
16.4 0 0.00093994 0.00194189 0.00260423
16.42 0 0.00178196 0.00385705 0.00542486
16.44 0 0.00246582 0.00553917 0.00797781
16.46 0 0.00291696 0.00679034 0.00999981
16.48 0 0.00317967 0.00754497 0.0113326
16.5 0 0.00339904 0.00795208 0.0119911
16.52 0 0.00368163 0.00823423 0.0121049
16.54 0 0.00398596 0.00845485 0.0118179
16.56 0 0.0041545 0.00846118 0.0112436
16.58 0 0.0040095 0.00802895 0.0104389
16.6 0 0.00346416 0.00706125 0.00939862
16.62 0 0.00258825 0.00564929 0.00806518
16.64 0 0.00157824 0.00397905 0.00635297
16.66 0 0.000676272 0.00225736 0.00422924
16.68 0 5.26626e-05 0.000677178 0.00178395
16.7 0 -0.000289234 -0.000647108 -0.000775501
16.72 0 -0.000476116 -0.0017112 -0.0031524
16.74 0 -0.000653828 -0.00257345 -0.00502028
16.76 0 -0.000929419 -0.00328687 -0.006149
16.78 0 -0.00133851 -0.00385217 -0.00650085
16.8 0 -0.00179501 -0.00420281 -0.00620761
16.82 0 -0.00209566 -0.00422389 -0.00547246
16.84 0 -0.00204273 -0.00381259 -0.00449459
16.86 0 -0.00159512 -0.00296489 -0.00343521
16.88 0 -0.00087558 -0.00180068 -0.00235996
16.9 0 -5.46776e-05 -0.000493947 -0.00119479
16.92 0 0.000712539 0.000805578 0.000196215
16.94 0 0.00128727 0.00199497 0.00186285
16.96 0 0.00159125 0.00300248 0.00369828
16.98 0 0.00166842 0.00377932 0.00547591
17 0 0.00167117 0.00433151 0.00693793
17.02 0 0.00178364 0.00476816 0.00790879
17.04 0 0.00213684 0.0052699 0.0083881
17.06 0 0.00273402 0.00594683 0.00855
17.08 0 0.00343052 0.00673049 0.00865556
17.1 0 0.00399009 0.00741524 0.00892717
17.12 0 0.00417759 0.00778248 0.00942532
17.14 0 0.00385943 0.00767962 0.00998354
17.16 0 0.00308133 0.0070288 0.0102428
17.18 0 0.00205726 0.00583143 0.00976912
17.2 0 0.00103142 0.00416705 0.00818788
17.22 0 0.000131925 0.0021474 0.00531269
17.24 0 -0.000639169 -0.000138898 0.00126661
17.26 0 -0.00135387 -0.00264031 -0.00350945
17.28 0 -0.00215511 -0.00532227 -0.00842698
17.3 0 -0.00320869 -0.00812315 -0.0129577
17.32 0 -0.00457019 -0.010912 -0.0167411
17.34 0 -0.00610269 -0.0134891 -0.0196116
17.36 0 -0.00751183 -0.0156011 -0.0215659
17.38 0 -0.00848584 -0.0169728 -0.0226871
17.4 0 -0.00883379 -0.0174193 -0.0230726
17.42 0 -0.00853805 -0.0169736 -0.0227967
17.44 0 -0.00776107 -0.0158583 -0.0218979
17.46 0 -0.00677671 -0.0143294 -0.0203761
17.48 0 -0.00583546 -0.0125806 -0.0182224
17.5 0 -0.00506588 -0.010753 -0.0154909
17.52 0 -0.00446017 -0.00895056 -0.0123615
17.54 0 -0.003926 -0.00721763 -0.00913644
17.56 0 -0.00334699 -0.00553502 -0.00615304
17.58 0 -0.00260423 -0.00384724 -0.00363983
17.6 0 -0.00160666 -0.00209455 -0.00161173
17.62 0 -0.000375591 -0.000245035 0.000110413
17.64 0 0.000935062 0.00169006 0.00181618
17.66 0 0.00213544 0.00365021 0.00380427
17.68 0 0.00307911 0.00552555 0.0062434
17.7 0 0.00367894 0.00718111 0.00904917
17.72 0 0.00392567 0.00849804 0.0118773
17.74 0 0.00392237 0.00941181 0.0142547
17.76 0 0.00387173 0.00993843 0.0157681
17.78 0 0.00399341 0.0102035 0.0162386
17.8 0 0.00440173 0.0104006 0.0157965
17.82 0 0.00500025 0.01062 0.0147911
17.84 0 0.00550595 0.0107306 0.0136237
17.86 0 0.00559149 0.0104611 0.0125889
17.88 0 0.00505396 0.00960492 0.0117632
17.9 0 0.003958 0.00819265 0.0110129
17.92 0 0.00263471 0.00648049 0.010078
17.94 0 0.00150103 0.00478878 0.00868416
17.96 0 0.000842275 0.00335727 0.00668909
17.98 0 0.000695719 0.00227645 0.00420157
18 0 0.000871328 0.00148982 0.00158917
18.02 0 0.00107085 0.000866379 -0.000641086
18.04 0 0.00102743 0.000289359 -0.00205057
18.06 0 0.000600312 -0.000309815 -0.00248007
18.08 0 -0.000173922 -0.000956148 -0.00213528
18.1 0 -0.00105898 -0.00159635 -0.00146489
18.12 0 -0.00170596 -0.00207652 -0.000939371
18.14 0 -0.00185246 -0.00222787 -0.00087682
18.16 0 -0.00146182 -0.00199233 -0.00132925
18.18 0 -0.000716078 -0.00146994 -0.00205361
18.2 0 6.93779e-05 -0.000867249 -0.00263148
18.22 0 0.000564446 -0.000392699 -0.00268895
18.24 0 0.000574428 -0.000160458 -0.00207486
18.26 0 0.000148861 -0.000156154 -0.000920909
18.28 0 -0.000428912 -0.000243393 0.00043185
18.3 0 -0.000782693 -0.000197999 0.00159923
18.32 0 -0.00064972 0.000181534 0.00231678
18.34 0 -1.59375e-05 0.000932232 0.00254321
18.36 0 0.000893243 0.0018795 0.00247115
18.38 0 0.00173062 0.00273884 0.00242557
18.4 0 0.00218803 0.00328879 0.002697
18.42 0 0.00213205 0.00346943 0.00339035
18.44 0 0.00165627 0.00335072 0.00435839
18.46 0 0.00102924 0.00305912 0.00525992
18.48 0 0.000553624 0.00273197 0.00571086
18.5 0 0.00041537 0.0024772 0.00545474
18.52 0 0.000609836 0.00231658 0.00447891
18.54 0 0.000959507 0.00215311 0.00301646
18.56 0 0.00119643 0.00181718 0.00143129
18.58 0 0.00106472 0.00115338 3.22167e-05
18.6 0 0.000432006 8.79176e-05 -0.001076
18.62 0 -0.000621304 -0.00133522 -0.00201559
18.64 0 -0.00182973 -0.00296428 -0.00305895
18.66 0 -0.0028813 -0.00458837 -0.00449073
18.68 0 -0.0035657 -0.00602113 -0.00645654
18.7 0 -0.00385499 -0.00719788 -0.00887785
18.72 0 -0.00389025 -0.00818648 -0.011462
18.74 0 -0.00391013 -0.00910003 -0.0138081
18.76 0 -0.00414595 -0.010016 -0.0155705
18.78 0 -0.00469124 -0.0109389 -0.0165775
18.8 0 -0.00542802 -0.0117795 -0.0168569
18.82 0 -0.00608898 -0.012362 -0.0165932
18.84 0 -0.0063998 -0.0124833 -0.016029
18.86 0 -0.00618561 -0.0120023 -0.015327
18.88 0 -0.00541883 -0.0108935 -0.0144638
18.9 0 -0.00422262 -0.00922688 -0.0132239
18.92 0 -0.00282099 -0.00711027 -0.0112954
18.94 0 -0.00146559 -0.00467176 -0.00843658
18.96 0 -0.000343642 -0.00207276 -0.00462497
18.98 0 0.000515384 0.000527593 -0.000101693
19 0 0.00123012 0.00303792 0.00467475
19.02 0 0.00197798 0.00545442 0.00915683
19.04 0 0.00292407 0.00781625 0.0129045
19.06 0 0.0041555 0.010127 0.0157337
19.08 0 0.00560352 0.012299 0.0177182
19.1 0 0.00698882 0.0141267 0.0190434
19.12 0 0.00789475 0.0152955 0.019831
19.14 0 0.00798418 0.015494 0.0200714
19.16 0 0.00719786 0.0145886 0.0196504
19.18 0 0.00579111 0.0127009 0.0183778
19.2 0 0.00418399 0.0101563 0.0160411
19.22 0 0.00276705 0.007377 0.0125573
19.24 0 0.00177488 0.00471734 0.00812544
19.26 0 0.00119056 0.00230403 0.00321045
19.28 0 0.000733772 3.62834e-05 -0.00161125
19.3 0 2.87871e-05 -0.00225816 -0.00582079
19.32 0 -0.00114076 -0.00465704 -0.00908635
19.34 0 -0.00268822 -0.00705985 -0.0113373
19.36 0 -0.0042598 -0.00917763 -0.012729
19.38 0 -0.00538773 -0.0106006 -0.0134869
19.4 0 -0.00570982 -0.0110071 -0.0137704
19.42 0 -0.00520761 -0.0104239 -0.0136761
19.44 0 -0.00422313 -0.00921815 -0.0132255
19.46 0 -0.00316705 -0.00777909 -0.0122735
19.48 0 -0.00231312 -0.00631289 -0.0106082
19.5 0 -0.00180384 -0.00490594 -0.00820948
19.52 0 -0.0016342 -0.00362574 -0.00535258
19.54 0 -0.00163501 -0.00252619 -0.00251097
19.56 0 -0.0015631 -0.00159624 -0.000182965
19.58 0 -0.00124484 -0.000760894 0.0012771
19.6 0 -0.000655263 3.32155e-05 0.00178458
19.62 0 0.000114477 0.000769663 0.00158072
19.64 0 0.000898919 0.00139604 0.00113704
19.66 0 0.00148506 0.00187646 0.000935426
19.68 0 0.00172374 0.00223542 0.00130151
19.7 0 0.00162882 0.002534 0.00231355
19.72 0 0.00135331 0.00281744 0.0037726
19.74 0 0.00112067 0.00314512 0.00531178
19.76 0 0.00115028 0.00362878 0.00659313
19.78 0 0.00154189 0.00434155 0.00743047
19.8 0 0.00218518 0.00517662 0.00779584
19.82 0 0.00280031 0.00584648 0.00777366
19.84 0 0.00307664 0.00603545 0.0074802
19.86 0 0.00280816 0.00555256 0.00695668
19.88 0 0.00198881 0.00439012 0.00611417
19.9 0 0.000832712 0.00270499 0.00478012
19.92 0 -0.000345401 0.000738186 0.00278395
19.94 0 -0.00131634 -0.00129737 3.93983e-05
19.96 0 -0.00201712 -0.00328083 -0.00335824
19.98 0 -0.00250183 -0.00515773 -0.00706965
20 0 -0.00287164 -0.00686789 -0.0105701
20.02 0 -0.00323789 -0.00831202 -0.0133233
20.04 0 -0.00368907 -0.00939606 -0.0149723
20.06 0 -0.00423248 -0.010081 -0.0154345
20.08 0 -0.0047367 -0.0103382 -0.0148565
20.1 0 -0.00496235 -0.0100697 -0.0134982
20.12 0 -0.00470217 -0.00914333 -0.0116406
20.14 0 -0.00390625 -0.00753175 -0.00950949
20.16 0 -0.00269755 -0.00539756 -0.00720916
20.18 0 -0.00131225 -0.00302761 -0.00471722
20.2 0 3.55787e-06 -0.000663239 -0.00193824
20.22 0 0.00112662 0.0016312 0.00123329
20.24 0 0.00209521 0.00393747 0.00482943
20.26 0 0.00299718 0.00630965 0.0087034
20.28 0 0.00386843 0.00865297 0.0125192
20.3 0 0.00469456 0.0107646 0.0158676
20.32 0 0.00545962 0.0124763 0.0184264
20.34 0 0.00617086 0.0137584 0.0200718
20.36 0 0.00680555 0.0146509 0.0208537
20.38 0 0.00725771 0.0151204 0.0208932
20.4 0 0.00737691 0.0150416 0.0203158
20.42 0 0.00704163 0.0142926 0.0192032
20.44 0 0.0062094 0.0128284 0.0175443
20.46 0 0.00493872 0.0106828 0.0152243
20.48 0 0.00339297 0.00796447 0.0121035
20.5 0 0.00180977 0.00487188 0.00814531
20.52 0 0.000397063 0.00165748 0.00348262
20.54 0 -0.000764331 -0.00144599 -0.00157561
20.56 0 -0.00171768 -0.00428251 -0.0065714
20.58 0 -0.00259115 -0.00681459 -0.0110198
20.6 0 -0.0035724 -0.00913108 -0.0146054
20.62 0 -0.0048105 -0.0113496 -0.0172764
20.64 0 -0.0062758 -0.0134832 -0.0191845
20.66 0 -0.00775483 -0.0154257 -0.0205999
20.68 0 -0.0089846 -0.0170211 -0.021813
20.7 0 -0.00975442 -0.018141 -0.0230057
20.72 0 -0.00994003 -0.0187301 -0.0241661
20.74 0 -0.00955691 -0.0187608 -0.0250876
20.76 0 -0.00877909 -0.0181877 -0.0254269
20.78 0 -0.00785525 -0.017032 -0.0248243
20.8 0 -0.00699572 -0.0154595 -0.0230581
20.82 0 -0.00630804 -0.0136797 -0.0201577
20.84 0 -0.00577011 -0.0117763 -0.0164107
20.86 0 -0.00520832 -0.00966715 -0.012242
20.88 0 -0.00434968 -0.00721675 -0.00804834
20.9 0 -0.00299589 -0.00437549 -0.00409548
20.92 0 -0.00117045 -0.00122177 -0.000472581
20.94 0 0.000889599 0.00208663 0.00292464
20.96 0 0.00287193 0.00536515 0.00634477
20.98 0 0.00455086 0.00843564 0.0100388
21 0 0.00582232 0.011163 0.0140624
21.02 0 0.00665687 0.0134814 0.0181718
21.04 0 0.00711925 0.0153673 0.0219121
21.06 0 0.0073876 0.016787 0.0248043
21.08 0 0.00765682 0.0176997 0.0264913
21.1 0 0.00798092 0.0180785 0.0267927
21.12 0 0.00822426 0.0178775 0.0257169
21.14 0 0.00817779 0.0170088 0.0234782
21.16 0 0.00769329 0.0154074 0.0204529
21.18 0 0.00672151 0.0131182 0.017028
21.2 0 0.00528913 0.010288 0.0134289
21.22 0 0.00350027 0.00708832 0.00967276
21.24 0 0.00155995 0.00367186 0.00566497
21.26 0 -0.000280379 0.000187395 0.00131794
21.28 0 -0.00184513 -0.00319161 -0.00336278
21.3 0 -0.00309299 -0.0062911 -0.00821311
21.32 0 -0.00408676 -0.00901584 -0.0129043
21.34 0 -0.00494328 -0.0113779 -0.0170301
21.36 0 -0.00577014 -0.0134039 -0.0202283
21.38 0 -0.00659877 -0.0150247 -0.0222726
21.4 0 -0.00735878 -0.0160942 -0.0231207
21.42 0 -0.00791672 -0.0165108 -0.022917
21.44 0 -0.00815985 -0.0163114 -0.0219549
21.46 0 -0.00801942 -0.0156164 -0.0205609
21.48 0 -0.00744238 -0.0144731 -0.0189326
21.5 0 -0.00643725 -0.0128302 -0.0170812
21.52 0 -0.00513104 -0.0106915 -0.0148948
21.54 0 -0.0037265 -0.00822364 -0.0122297
21.56 0 -0.00238778 -0.00564611 -0.00897386
21.58 0 -0.00116507 -0.00302296 -0.00508838
21.6 0 -5.43053e-06 -0.000240391 -0.000648628
21.62 0 0.00121816 0.00282228 0.00416346
21.64 0 0.00264222 0.00615603 0.00911361
21.66 0 0.00427674 0.00959848 0.0139287
21.68 0 0.00595277 0.0128821 0.0183072
21.7 0 0.00743975 0.0157232 0.0219928
21.72 0 0.00857694 0.0178899 0.0248197
21.74 0 0.00929162 0.0192367 0.0266765
21.76 0 0.00954626 0.0197273 0.0274688
21.78 0 0.00934065 0.019406 0.0271436
21.8 0 0.00875476 0.0183369 0.0257287
21.82 0 0.0079019 0.0165862 0.0233138
21.84 0 0.00683274 0.0142446 0.0200062
21.86 0 0.00554146 0.0114202 0.0159338
21.88 0 0.00404639 0.00820604 0.0112759
21.9 0 0.00240577 0.00468937 0.00625261
21.92 0 0.000683747 0.000997844 0.00108498
21.94 0 -0.00105761 -0.00269705 -0.00403258
21.96 0 -0.0027379 -0.00621486 -0.00891838
21.98 0 -0.00425088 -0.00938576 -0.0133733
22 0 -0.00550355 -0.0120559 -0.017185
22.02 0 -0.00644592 -0.0140978 -0.0201537
22.04 0 -0.00706936 -0.0154429 -0.0221295
22.06 0 -0.00741453 -0.0161153 -0.0230648
22.08 0 -0.00754297 -0.016204 -0.0230221
22.1 0 -0.00746322 -0.0157762 -0.0221174
22.12 0 -0.00712117 -0.0148317 -0.020477
22.14 0 -0.00646515 -0.0133416 -0.0182277
22.16 0 -0.00549886 -0.0113278 -0.0154854
22.18 0 -0.00428622 -0.00889999 -0.012338
22.2 0 -0.00291859 -0.00620523 -0.00883584
22.22 0 -0.00148485 -0.00334585 -0.0050039
22.24 0 -5.34114e-05 -0.000363643 -0.000872974
22.26 0 0.00134842 0.00270427 0.00348968
22.28 0 0.0027087 0.00576363 0.0079397
22.3 0 0.00397395 0.00864485 0.0122216
22.32 0 0.00506789 0.0111567 0.0160156
22.34 0 0.00595096 0.0131616 0.0190389
22.36 0 0.00662224 0.0145935 0.0211065
22.38 0 0.00708356 0.0154292 0.0221439
22.4 0 0.00731363 0.0156583 0.0221763
22.42 0 0.00727825 0.0152912 0.0213193
22.44 0 0.00697432 0.0143948 0.0197732
22.46 0 0.00643675 0.0130869 0.0177702
22.48 0 0.00569531 0.0114733 0.0154837
22.5 0 0.00474364 0.00958336 0.012965
22.52 0 0.00354893 0.00735388 0.0101363
22.54 0 0.0021189 0.00471457 0.00686823
22.56 0 0.000552288 0.00170159 0.00307914
22.58 0 -0.00101998 -0.00153844 -0.00123153
22.6 0 -0.00251493 -0.0048342 -0.00597177
22.62 0 -0.00390022 -0.00805809 -0.0109263
22.64 0 -0.00517157 -0.0111203 -0.0157624
22.66 0 -0.0063458 -0.0139239 -0.0201055
22.68 0 -0.00743734 -0.0163418 -0.0236315
22.7 0 -0.00842173 -0.0182294 -0.0261177
22.72 0 -0.00921319 -0.0194538 -0.0274499
22.74 0 -0.00967004 -0.0199116 -0.0276099
22.76 0 -0.00964563 -0.0195291 -0.0266661
22.78 0 -0.00907144 -0.0182697 -0.0247536
22.8 0 -0.00799406 -0.0161718 -0.0220192
22.82 0 -0.0065261 -0.0133797 -0.0185603
22.84 0 -0.00481177 -0.0101078 -0.0144271
22.86 0 -0.00303421 -0.00657557 -0.00970173
22.88 0 -0.00136474 -0.00297801 -0.004559
22.9 0 0.000117071 0.00052209 0.000740252
22.92 0 0.00145344 0.00382003 0.00590228
22.94 0 0.00276674 0.00690292 0.0106651
22.96 0 0.00416021 0.00982375 0.0148441
22.98 0 0.00565427 0.0126076 0.0183611
23 0 0.00717683 0.0151794 0.0212432
23.02 0 0.00858205 0.0173853 0.0235749
23.04 0 0.00970664 0.0190823 0.0254328
23.06 0 0.0104075 0.0202018 0.0268314
23.08 0 0.0105821 0.0207037 0.0276939
23.1 0 0.0102239 0.0204998 0.0278653
23.12 0 0.00944783 0.0195039 0.0271566
23.14 0 0.0084062 0.0177534 0.0253847
23.16 0 0.00720867 0.0154212 0.0224421
23.18 0 0.00593962 0.0126888 0.018397
23.2 0 0.00465475 0.00962959 0.0135045
23.22 0 0.00330934 0.0062409 0.00810475
23.24 0 0.0017546 0.00254667 0.00251548
23.26 0 -0.000120245 -0.00138158 -0.0030122
23.28 0 -0.00225121 -0.00545115 -0.00830799
23.3 0 -0.00444634 -0.00952021 -0.0133036
23.32 0 -0.00652221 -0.0133684 -0.0180124
23.34 0 -0.00835273 -0.016768 -0.0224327
23.36 0 -0.00985053 -0.0196029 -0.0264546
23.38 0 -0.0109718 -0.0218835 -0.0298737
23.4 0 -0.0117474 -0.0236391 -0.0324931
23.42 0 -0.0122732 -0.0248368 -0.0341958
23.44 0 -0.012616 -0.0254154 -0.0349262
23.46 0 -0.012728 -0.0253485 -0.0346528
23.48 0 -0.0124847 -0.0246212 -0.033376
23.5 0 -0.011798 -0.0231671 -0.0311479
23.52 0 -0.010662 -0.0208987 -0.0280444
23.54 0 -0.00910612 -0.0178254 -0.024117
23.56 0 -0.00716532 -0.0140958 -0.0193862
23.58 0 -0.00492007 -0.00989308 -0.0138894
23.6 0 -0.00254073 -0.00533829 -0.00774039
23.62 0 -0.000225742 -0.000550031 -0.00113475
23.64 0 0.0019176 0.00424354 0.00567432
23.66 0 0.00388737 0.00876225 0.0123802
23.68 0 0.005713 0.0128361 0.0186201
23.7 0 0.00740144 0.0164357 0.0240187
23.72 0 0.00896647 0.0195595 0.0283025
23.74 0 0.0104711 0.0221635 0.0313995
23.76 0 0.0119359 0.024208 0.0334092
23.78 0 0.0132198 0.0256844 0.0344914
23.8 0 0.0140759 0.0265575 0.0348101
23.82 0 0.0143126 0.02672 0.0345252
23.84 0 0.0138844 0.0260512 0.0337425
23.86 0 0.0128747 0.0245329 0.03243
23.88 0 0.0114284 0.0222847 0.0303945
23.9 0 0.00971283 0.0194743 0.0273801
23.92 0 0.00789194 0.0162044 0.0232167
23.94 0 0.0060644 0.012498 0.0179153
23.96 0 0.00422041 0.00836897 0.0116805
23.98 0 0.0022758 0.00387901 0.00485567
24 0 0.000146611 -0.000862584 -0.00216455
24.02 0 -0.00216784 -0.00571209 -0.00900826
24.04 0 -0.00454063 -0.0104632 -0.0153658
24.06 0 -0.00678328 -0.0148175 -0.0210007
24.08 0 -0.00873097 -0.0184619 -0.0257316
24.1 0 -0.0102647 -0.0212128 -0.0294049
24.12 0 -0.0113136 -0.0230554 -0.0319008
24.14 0 -0.0118707 -0.024055 -0.0331774
24.16 0 -0.0120142 -0.0242785 -0.0333111
24.18 0 -0.0118633 -0.0238047 -0.0324716
24.2 0 -0.0114798 -0.022749 -0.0308399
24.22 0 -0.0108455 -0.0212295 -0.0285623
24.24 0 -0.00992685 -0.0192954 -0.0257581
24.26 0 -0.00871943 -0.0169188 -0.0225152
24.28 0 -0.00723749 -0.0140808 -0.018867
24.3 0 -0.0055134 -0.0108484 -0.0148025
24.32 0 -0.00364578 -0.00735213 -0.0103241
24.34 0 -0.00180251 -0.00373933 -0.00550275
24.36 0 -0.000139878 -0.00018032 -0.000495894
24.38 0 0.00127019 0.00313484 0.00446125
24.4 0 0.0024404 0.0060447 0.00906862
24.42 0 0.00341111 0.00846016 0.0129895
24.44 0 0.00421529 0.0103551 0.0159294
24.46 0 0.00488096 0.0117071 0.0177238
24.48 0 0.00540965 0.0124694 0.0183683
24.5 0 0.00573556 0.0126079 0.0179877
24.52 0 0.00574429 0.0121334 0.016787
24.54 0 0.00535873 0.0110868 0.0150008
24.56 0 0.0046003 0.00952648 0.0128337
24.58 0 0.0035758 0.00756206 0.0104109
24.6 0 0.0024339 0.00538011 0.00778241
24.62 0 0.00133369 0.00319525 0.0049776
24.64 0 0.000409067 0.00117508 0.00207255
24.66 0 -0.000276863 -0.000587425 -0.000777049
24.68 0 -0.000752798 -0.00205037 -0.00335206
24.7 0 -0.00110875 -0.00319692 -0.00541965
24.72 0 -0.00143094 -0.00403097 -0.00679647
24.74 0 -0.00175223 -0.00457205 -0.00740744
24.76 0 -0.00204671 -0.00483516 -0.00731706
24.78 0 -0.00224561 -0.00481115 -0.00670289
24.8 0 -0.00225765 -0.00447369 -0.00577791
24.82 0 -0.00200707 -0.00381015 -0.00470924
24.84 0 -0.00148332 -0.00284625 -0.00357167
24.86 0 -0.000766428 -0.00165446 -0.00234993
24.88 0 3.01721e-06 -0.000345224 -0.000976318
24.9 0 0.00068989 0.000961969 0.000612922
24.92 0 0.00121179 0.00217081 0.00241254
24.94 0 0.00155775 0.00323185 0.0043144
24.96 0 0.00179031 0.00414919 0.00613573
24.98 0 0.00201106 0.0049541 0.00767915
25 0 0.00229765 0.00566455 0.00879192
25.02 0 0.00265927 0.00626554 0.00941338
25.04 0 0.00303002 0.00670825 0.00958599
25.06 0 0.00329728 0.00692126 0.00942108
25.08 0 0.00335493 0.00683989 0.00904231
25.1 0 0.00315055 0.00643716 0.00852792
25.12 0 0.0027028 0.00573152 0.00787216
25.14 0 0.00208944 0.00477294 0.00698905
25.16 0 0.00141492 0.00362423 0.00576112
25.18 0 0.000775553 0.00235273 0.00411399
25.2 0 0.000231676 0.00102876 0.00207833
25.22 0 -0.000212202 -0.000284998 -0.000198183
25.24 0 -0.000613001 -0.00155772 -0.00249913
25.26 0 -0.00106029 -0.00279888 -0.00461332
25.28 0 -0.00161498 -0.00402385 -0.00639061
25.3 0 -0.00226707 -0.00521019 -0.00777492
25.32 0 -0.00293843 -0.0062872 -0.00880763
25.34 0 -0.00351522 -0.00716024 -0.00958672
25.36 0 -0.00389074 -0.00775311 -0.0102025
25.38 0 -0.00400599 -0.00804031 -0.0106904
25.4 0 -0.00387661 -0.00803847 -0.011014
25.42 0 -0.00358185 -0.00777549 -0.0110725
25.44 0 -0.00321817 -0.00728147 -0.010737
25.46 0 -0.00285962 -0.00660001 -0.00991478
25.48 0 -0.00254582 -0.00578673 -0.00861219
25.5 0 -0.00227331 -0.00488463 -0.00694682
25.52 0 -0.00199162 -0.00390744 -0.00510685
25.54 0 -0.00162892 -0.00285391 -0.00329035
25.56 0 -0.00113644 -0.0017332 -0.00164768
25.58 0 -0.00052194 -0.000579359 -0.000243776
25.6 0 0.000145585 0.000546969 0.000943489
25.62 0 0.000765962 0.00157368 0.00199425
25.64 0 0.00125188 0.00244204 0.00299715
25.66 0 0.00155483 0.00311855 0.0039909
25.68 0 0.00167225 0.00358996 0.00492868
25.7 0 0.00164531 0.00385376 0.00568829
25.72 0 0.00154136 0.00391366 0.00611805
25.74 0 0.00141936 0.0037777 0.00609195
25.76 0 0.00130133 0.00345379 0.00555609
25.78 0 0.00116882 0.00294398 0.00455223
25.8 0 0.000972985 0.00223995 0.00319943
25.82 0 0.000652045 0.00132842 0.0016425
25.84 0 0.00016098 0.000208667 -5.0843e-07
25.86 0 -0.000498871 -0.00109229 -0.00166937
25.88 0 -0.00126777 -0.00251279 -0.00335983
25.9 0 -0.00204222 -0.00395747 -0.00509095
25.92 0 -0.00271408 -0.0053141 -0.00686219
25.94 0 -0.00321603 -0.00648615 -0.00862172
25.96 0 -0.00354468 -0.00742505 -0.01026
25.98 0 -0.00375072 -0.00813918 -0.0116349
26 0 -0.00390899 -0.0086666 -0.0126174
26.02 0 -0.00408154 -0.00903816 -0.0131369
26.04 0 -0.00428689 -0.00926602 -0.0132085
26.06 0 -0.00448352 -0.00934445 -0.0129229
26.08 0 -0.00458043 -0.00924275 -0.0124004
26.1 0 -0.00448094 -0.00890608 -0.0117383
26.12 0 -0.00413223 -0.00827934 -0.0109699
26.14 0 -0.00354655 -0.00734163 -0.010044
26.16 0 -0.00279138 -0.00612299 -0.00884235
26.18 0 -0.00196671 -0.0046851 -0.00723299
26.2 0 -0.0011665 -0.00308652 -0.00513212
26.22 0 -0.00043403 -0.00137045 -0.0025515
26.24 0 0.000249919 0.000429745 0.000383921
26.26 0 0.000944688 0.00228979 0.00346453
26.28 0 0.00171448 0.0041915 0.00646107
26.3 0 0.00258536 0.00609724 0.00918439
26.32 0 0.00351111 0.00791581 0.0115114
26.34 0 0.00438947 0.00950908 0.0133894
26.36 0 0.00511189 0.0107521 0.0148243
26.38 0 0.00559747 0.0115918 0.0158525
26.4 0 0.00582047 0.0120492 0.0165128
26.42 0 0.00581937 0.0121747 0.0168268
26.44 0 0.00566963 0.0120158 0.0167897
26.46 0 0.00544661 0.0116265 0.0163857
26.48 0 0.00519892 0.0110732 0.0156186
26.5 0 0.00493969 0.0104064 0.0145323
26.52 0 0.00464754 0.00962782 0.0132036
26.54 0 0.00427167 0.00869656 0.0117115
26.56 0 0.0037519 0.00756763 0.0101041
26.58 0 0.00305243 0.00621898 0.00838047
26.6 0 0.00219864 0.0046613 0.00650202
26.62 0 0.00128009 0.00294765 0.00442392
26.64 0 0.000400771 0.00117405 0.00212699
26.66 0 -0.000367143 -0.000545483 -0.000346673
26.68 0 -0.000997219 -0.00212516 -0.00287336
26.7 0 -0.00151136 -0.00353535 -0.00527059
26.72 0 -0.0019745 -0.00478845 -0.00735659
26.74 0 -0.00246524 -0.00590915 -0.00901305
26.76 0 -0.00301842 -0.00690882 -0.0102109
26.78 0 -0.00358629 -0.00776338 -0.0109949
26.8 0 -0.00406188 -0.0084083 -0.0114517
26.82 0 -0.00433504 -0.0087646 -0.011672
26.84 0 -0.00434006 -0.00878208 -0.0117097
26.86 0 -0.00408743 -0.0084693 -0.0115606
26.88 0 -0.00366486 -0.00789219 -0.0111706
26.9 0 -0.00319668 -0.0071492 -0.01047
26.92 0 -0.00278438 -0.00633172 -0.0094173
26.94 0 -0.00246442 -0.0054882 -0.00803386
26.96 0 -0.00220271 -0.00461868 -0.00641637
26.98 0 -0.00192371 -0.00369908 -0.00471711
27 0 -0.00155409 -0.00271209 -0.00309441
27.02 0 -0.00105919 -0.00166551 -0.00165622
27.04 0 -0.000457005 -0.000589764 -0.000422998
27.06 0 0.000190534 0.000475262 0.000670481
27.08 0 0.000796549 0.00148451 0.00172837
27.1 0 0.0012801 0.00239049 0.00283263
27.12 0 0.00159703 0.00315163 0.00399584
27.14 0 0.00175337 0.00374294 0.00514394
27.16 0 0.00179746 0.00416053 0.00613628
27.18 0 0.00179393 0.00441211 0.00681231
27.2 0 0.00179162 0.00450113 0.00704721
27.22 0 0.00179919 0.00441693 0.00679347
27.24 0 0.00178296 0.00413962 0.00609518
27.26 0 0.00168435 0.00365222 0.00506732
27.28 0 0.00145082 0.00295524 0.0038529
27.3 0 0.0010706 0.00208448 0.00258345
27.32 0 0.00058766 0.00111916 0.00135414
27.34 0 8.41362e-05 0.000166062 0.000215112
27.36 0 -0.000355989 -0.000675983 -0.00081873
27.38 0 -0.000675484 -0.00134498 -0.00174073
27.4 0 -0.000857134 -0.00182132 -0.00252672
27.42 0 -0.000925848 -0.00211776 -0.00313151
27.44 0 -0.000936984 -0.00226869 -0.00350811
27.46 0 -0.000948472 -0.00232037 -0.00363301
27.48 0 -0.000990876 -0.0023155 -0.00352296
27.5 0 -0.00105469 -0.00227373 -0.00323647
27.52 0 -0.0010961 -0.00217934 -0.00285339
27.54 0 -0.00105192 -0.00198487 -0.0024354
27.56 0 -0.000867362 -0.00163546 -0.00199324
27.58 0 -0.000533496 -0.00110592 -0.00148671
27.6 0 -9.59921e-05 -0.000414846 -0.0008417
27.62 0 0.000376013 0.00039545 2.73877e-05
27.64 0 0.000824246 0.00128394 0.00118017
27.66 0 0.00122007 0.00222225 0.00261252
27.68 0 0.00156922 0.00319111 0.00424308
27.7 0 0.00189864 0.00416471 0.00592625
27.72 0 0.00223091 0.00509643 0.00748446
27.74 0 0.00256158 0.00591576 0.00874813
27.76 0 0.00285203 0.00653539 0.00958875
27.78 0 0.00304579 0.00687169 0.00994076
27.8 0 0.00309138 0.00686757 0.00980124
27.82 0 0.00295948 0.00650779 0.00921101
27.84 0 0.00265473 0.00582346 0.00823429
27.86 0 0.00220875 0.00487512 0.00693658
27.88 0 0.00166327 0.00372849 0.00537225
27.9 0 0.00106226 0.00244628 0.00359348
27.92 0 0.000447774 0.00109235 0.00166632
27.94 0 -0.000151356 -0.000271624 -0.000326998
27.96 0 -0.000729488 -0.00160122 -0.00230059
27.98 0 -0.00129476 -0.00287421 -0.00417505
28 0 -0.00185027 -0.00407658 -0.00588375
28.02 0 -0.00238597 -0.00518556 -0.0073816
28.04 0 -0.0028782 -0.00616366 -0.00864725
28.06 0 -0.00328861 -0.00696099 -0.00966793
28.08 0 -0.00356912 -0.00752217 -0.0104187
28.1 0 -0.00367692 -0.00779603 -0.0108539
28.12 0 -0.0035981 -0.00774863 -0.0109173
28.14 0 -0.00335989 -0.00737811 -0.0105619
28.16 0 -0.00300732 -0.00671314 -0.00975724
28.18 0 -0.00257661 -0.00579741 -0.00849906
28.2 0 -0.00208982 -0.00467408 -0.00682706
28.22 0 -0.00155364 -0.00337854 -0.00482884
28.24 0 -0.000968734 -0.00195344 -0.00263386
28.26 0 -0.000344513 -0.000466943 -0.000396854
28.28 0 0.000297981 0.000995235 0.00173315
28.3 0 0.000926193 0.00235048 0.00363785
28.32 0 0.00150275 0.00353672 0.00524399
28.34 0 0.00200038 0.00452181 0.00653007
28.36 0 0.00240367 0.00529597 0.00751252
28.38 0 0.00270209 0.00586013 0.00822207
28.4 0 0.00288973 0.00622143 0.00868771
28.42 0 0.00296802 0.0063899 0.00892789
28.44 0 0.00294738 0.00637706 0.00894884
28.46 0 0.00284762 0.00620006 0.00875151
28.48 0 0.00269247 0.00588388 0.00834044
28.5 0 0.00249814 0.00545326 0.00772747
28.52 0 0.0022686 0.00492331 0.00693449
28.54 0 0.00199517 0.0042936 0.0059889
28.56 0 0.00166123 0.00355298 0.00491492
28.58 0 0.0012563 0.00269619 0.00373094
28.6 0 0.000789859 0.00173924 0.00245331
28.62 0 0.000296151 0.000725977 0.0011058
28.64 0 -0.00018258 -0.00028603 -0.000278706
28.66 0 -0.000617755 -0.00124851 -0.00165989
28.68 0 -0.000997989 -0.00213045 -0.00298455
28.7 0 -0.00132536 -0.00291457 -0.00418881
28.72 0 -0.00161493 -0.00359523 -0.00521631
28.74 0 -0.00188832 -0.00417869 -0.00603796
28.76 0 -0.00215662 -0.00467729 -0.00665724
28.78 0 -0.00241011 -0.00509869 -0.00710478
28.8 0 -0.00262568 -0.00544007 -0.00742883
28.82 0 -0.00278041 -0.00569193 -0.00767924
28.84 0 -0.00285938 -0.00584723 -0.00788692
28.86 0 -0.00286183 -0.00590907 -0.00805298
28.88 0 -0.00280796 -0.00589286 -0.00815593
28.9 0 -0.00273215 -0.00581945 -0.0081651
28.92 0 -0.00266424 -0.00570704 -0.00805476
28.94 0 -0.00261582 -0.00556721 -0.00781839
28.96 0 -0.00258158 -0.00540552 -0.00747948
28.98 0 -0.00254966 -0.00522726 -0.0070915
29 0 -0.00250121 -0.00503425 -0.00671354
29.02 0 -0.00240634 -0.00481245 -0.00637485
29.04 0 -0.00223381 -0.00452563 -0.00605399
29.06 0 -0.00196877 -0.00412635 -0.00568115
29.08 0 -0.00162505 -0.00358418 -0.00516273
29.1 0 -0.00123829 -0.00290357 -0.00441294
29.12 0 -0.000846576 -0.00211433 -0.0033828
29.14 0 -0.000473454 -0.00124785 -0.00208056
29.16 0 -0.000112791 -0.000316614 -0.000567743
29.18 0 0.000268954 0.000682552 0.00106073
29.2 0 0.00070791 0.00174667 0.0026999
29.22 0 0.00121781 0.00285358 0.00426205
29.24 0 0.00177358 0.00395655 0.00569084
29.26 0 0.00231311 0.00498417 0.00695676
29.28 0 0.00276163 0.00585361 0.00804343
29.3 0 0.00305873 0.00649041 0.00892648
29.32 0 0.00317459 0.00684484 0.00955542
29.34 0 0.00311583 0.00689783 0.00985335
29.36 0 0.00292222 0.00665889 0.00973912
29.38 0 0.00265148 0.00616309 0.00916234
29.4 0 0.00235152 0.00546207 0.00813044
29.42 0 0.00203923 0.0046077 0.00671774
29.44 0 0.00170206 0.00363986 0.00505647
29.46 0 0.00131455 0.00258789 0.00330784
29.48 0 0.000858862 0.00148542 0.00162284
29.5 0 0.000340646 0.000381383 0.000107827
29.52 0 -0.000204569 -0.000664345 -0.00119101
29.54 0 -0.000715945 -0.00159134 -0.00227669
29.56 0 -0.00113078 -0.00235142 -0.00317883
29.58 0 -0.0014113 -0.00291775 -0.00392753
29.6 0 -0.00155122 -0.00328299 -0.0045255
29.62 0 -0.00156656 -0.00345097 -0.0049346
29.64 0 -0.00148394 -0.00342602 -0.00508567
29.66 0 -0.00133082 -0.00320714 -0.004906
29.68 0 -0.00112375 -0.00278863 -0.0043469
29.7 0 -0.000862838 -0.0021677 -0.0034032
29.72 0 -0.000542084 -0.00135812 -0.00212544
29.74 0 -0.000158362 -0.000393717 -0.000610667
29.76 0 0.000286409 0.000678621 0.00102444
29.78 0 0.000781095 0.00180446 0.00266881
29.8 0 0.00129953 0.00292295 0.00423109
29.82 0 0.00179517 0.00396101 0.00563663
29.84 0 0.00220736 0.00483238 0.00681739
29.86 0 0.00247908 0.00544999 0.00770377
29.88 0 0.00257045 0.00574115 0.00821683
29.9 0 0.00246558 0.00565756 0.00826829
29.92 0 0.00218214 0.00518803 0.00778326
29.94 0 0.00177286 0.00437165 0.00673651
29.96 0 0.00131189 0.00330367 0.0051859
29.98 0 0.000868046 0.00211779 0.003283
30 0 0.000469614 0.000934993 0.00124139
30.02 0 0.000101156 -0.000171247 -0.000707957
30.04 0 -0.000266576 -0.00116443 -0.00235865
30.06 0 -0.000646379 -0.00201273 -0.00356961
30.08 0 -0.00101904 -0.00267121 -0.00429142
30.1 0 -0.00134075 -0.00310129 -0.00457188
30.12 0 -0.00156596 -0.003303 -0.00453563
30.14 0 -0.00167215 -0.00332427 -0.00434305
30.16 0 -0.00167219 -0.00324107 -0.00414265
30.18 0 -0.00161441 -0.00313817 -0.00404136
30.2 0 -0.00156928 -0.00310356 -0.00410029
30.22 0 -0.00159703 -0.00321114 -0.00433803
30.24 0 -0.00171887 -0.00348847 -0.00473805
30.26 0 -0.00190863 -0.0038931 -0.00525654
30.28 0 -0.0021043 -0.0043239 -0.005826
30.3 0 -0.00223908 -0.0046706 -0.00636296
30.32 0 -0.00226623 -0.00485232 -0.00676976
30.34 0 -0.0021685 -0.00481996 -0.00693566
30.36 0 -0.00195791 -0.00454509 -0.00675254
30.38 0 -0.0016586 -0.00401201 -0.00613471
30.4 0 -0.00128988 -0.00322309 -0.00504302
30.42 0 -0.00086789 -0.00221153 -0.0035118
30.44 0 -0.000415809 -0.00104754 -0.00166171
30.46 0 4.55809e-05 0.000179876 0.000327238
30.48 0 0.000518487 0.00139823 0.00227307
30.5 0 0.00101851 0.0025657 0.00403365
30.52 0 0.00154401 0.00365502 0.00552175
30.54 0 0.00205722 0.00462421 0.0067019
30.56 0 0.00249232 0.00540465 0.00757595
30.58 0 0.00277945 0.00592035 0.00815928
30.6 0 0.00286546 0.00611502 0.00845013
30.62 0 0.00273535 0.00596873 0.00841555
30.64 0 0.0024288 0.00550372 0.00800723
30.66 0 0.00202563 0.00477997 0.00718987
30.68 0 0.00159741 0.00387111 0.00595946
30.7 0 0.00117408 0.00283598 0.00435981
30.72 0 0.000746415 0.00170469 0.0024918
30.74 0 0.000280872 0.000484007 0.000493573
30.76 0 -0.000255157 -0.000812911 -0.00149255
30.78 0 -0.000867662 -0.00214311 -0.00335214
30.8 0 -0.00152263 -0.00343774 -0.00501784
30.82 0 -0.00214802 -0.0046152 -0.00646251
30.84 0 -0.00265948 -0.00559416 -0.00767839
30.86 0 -0.00299736 -0.00630922 -0.00865604
30.88 0 -0.00314738 -0.00672789 -0.00936772
30.9 0 -0.00313571 -0.00685784 -0.00976297
30.92 0 -0.00300739 -0.00673008 -0.00977881
30.94 0 -0.00280474 -0.00637189 -0.00936383
30.96 0 -0.00255387 -0.00579815 -0.00850736
30.98 0 -0.00225538 -0.00501957 -0.00725228
31 0 -0.00188258 -0.00404586 -0.0056811
31.02 0 -0.00140071 -0.00288561 -0.00389234
31.04 0 -0.000802501 -0.00156255 -0.00198647
31.06 0 -0.000116114 -0.000127836 -4.55727e-05
31.08 0 0.000616302 0.00135177 0.00188787
31.1 0 0.00134311 0.00280598 0.00379492
31.12 0 0.00199934 0.00416278 0.00564227
31.14 0 0.00252714 0.00535036 0.00736386
31.16 0 0.00289909 0.00630075 0.00886112
31.18 0 0.00311212 0.00695235 0.0100052
31.2 0 0.00317097 0.0072572 0.0106545
31.22 0 0.00308352 0.00718581 0.0106908
31.24 0 0.00285804 0.00672207 0.0100508
31.26 0 0.00250062 0.00586774 0.00874526
31.28 0 0.00202059 0.00466285 0.00686716
31.3 0 0.00143619 0.00319332 0.00458037
31.32 0 0.000773064 0.00156994 0.00208577
31.34 0 6.26091e-05 -9.84217e-05 -0.000416783
31.36 0 -0.000659466 -0.00171717 -0.00275917
31.38 0 -0.00135429 -0.00320395 -0.00482188
31.4 0 -0.00197969 -0.00448594 -0.00653464
31.42 0 -0.00249341 -0.00550611 -0.00786675
31.44 0 -0.00285993 -0.00622908 -0.00881142
31.46 0 -0.00305871 -0.00663924 -0.00937008
31.48 0 -0.00309099 -0.00673801 -0.00954458
31.5 0 -0.00297601 -0.00654107 -0.00933446
31.52 0 -0.00274142 -0.00607585 -0.00874087
31.54 0 -0.0024209 -0.00538512 -0.00778424
31.56 0 -0.00204537 -0.00452074 -0.00651427
31.58 0 -0.00162857 -0.00352647 -0.00500303
31.6 0 -0.00116424 -0.00242739 -0.00333141
31.62 0 -0.000640509 -0.00123779 -0.00157822
31.64 0 -5.57894e-05 2.2927e-05 0.000190998
31.66 0 0.000575312 0.00132241 0.00193423
31.68 0 0.00121228 0.00260605 0.00362067
31.7 0 0.00179312 0.00379814 0.00521195
31.72 0 0.00226093 0.00482064 0.00665497
31.74 0 0.00258775 0.00561544 0.0078816
31.76 0 0.00278401 0.00616327 0.00881975
31.78 0 0.00288509 0.00648055 0.00940766
31.8 0 0.00292498 0.00659412 0.00960702
31.82 0 0.00291724 0.00651754 0.00941511
31.84 0 0.00285189 0.00624906 0.00887057
31.86 0 0.00270408 0.00578593 0.00804456
31.88 0 0.00244902 0.0051368 0.007019
31.9 0 0.00208285 0.00432906 0.00586854
31.92 0 0.00163392 0.00341082 0.00465089
31.94 0 0.00115064 0.00244303 0.00340153
31.96 0 0.000680479 0.00148533 0.00213907
31.98 0 0.000260043 0.000586223 0.000884926
32 0 -8.98791e-05 -0.000221491 -0.0003211
32.02 0 -0.00037329 -0.000924921 -0.0014263
32.04 0 -0.000622111 -0.00153617 -0.00238682
32.06 0 -0.000876855 -0.00208656 -0.00318353
32.08 0 -0.00115541 -0.0026033 -0.00382242
32.1 0 -0.00143936 -0.00308456 -0.00432808
32.12 0 -0.0016854 -0.00349474 -0.00473284
32.14 0 -0.00184478 -0.00378264 -0.00505748
32.16 0 -0.00188427 -0.00391023 -0.00529491
32.18 0 -0.00181018 -0.00387687 -0.00541561
32.2 0 -0.0016716 -0.00372012 -0.00538466
32.22 0 -0.00152876 -0.00349058 -0.00517373
32.24 0 -0.00141533 -0.00322251 -0.00477205
32.26 0 -0.00132886 -0.00292377 -0.00420216
32.28 0 -0.00124175 -0.00258329 -0.00352218
32.3 0 -0.00111561 -0.00218504 -0.00280485
32.32 0 -0.00091779 -0.00171973 -0.00210731
32.34 0 -0.00063892 -0.00118978 -0.00145078
32.36 0 -0.000304505 -0.000613745 -0.000821836
32.38 0 3.29287e-05 -2.87827e-05 -0.000189454
32.4 0 0.000319969 0.000518611 0.000473826
32.42 0 0.000526663 0.000992379 0.00117214
32.44 0 0.000652909 0.00137975 0.00187247
32.46 0 0.000720635 0.00168497 0.00250641
32.48 0 0.000765002 0.00191706 0.00299525
32.5 0 0.000820576 0.00208352 0.00328252
32.52 0 0.000897302 0.0021842 0.00334888
32.54 0 0.000970876 0.00220723 0.00321271
32.56 0 0.00100107 0.00213359 0.00292434
32.58 0 0.000957013 0.00194989 0.00254909
32.6 0 0.000828759 0.0016611 0.00214069
32.62 0 0.000626674 0.00129106 0.00172012
32.64 0 0.000381164 0.000873826 0.00127786
32.66 0 0.000137093 0.000444617 0.000793638
32.68 0 -6.53605e-05 3.40878e-05 0.000256027
32.7 0 -0.000209833 -0.000335328 -0.000324639
32.72 0 -0.000309384 -0.00065748 -0.000914788
32.74 0 -0.000397895 -0.000949401 -0.00146985
32.76 0 -0.00051111 -0.0012405 -0.00195163
32.78 0 -0.000664501 -0.00154467 -0.00233894
32.8 0 -0.0008446 -0.00184526 -0.00263298
32.82 0 -0.00101448 -0.00210419 -0.0028521
32.84 0 -0.00113059 -0.00228403 -0.00301811
32.86 0 -0.00116675 -0.00236695 -0.0031445
32.88 0 -0.00112451 -0.00235425 -0.00322464
32.9 0 -0.00102918 -0.00225946 -0.00323111
32.92 0 -0.000916285 -0.00210358 -0.00312866
32.94 0 -0.000813366 -0.00190717 -0.00289106
32.96 0 -0.00073131 -0.00168402 -0.00251857
32.98 0 -0.000661471 -0.00143567 -0.00204122
33 0 -0.00057567 -0.00114834 -0.00150297
33.02 0 -0.000443334 -0.000805961 -0.000947136
33.04 0 -0.000254496 -0.000409348 -0.000407788
33.06 0 -2.7016e-05 1.68216e-05 9.73736e-05
33.08 0 0.000203671 0.000433219 0.000568375
33.1 0 0.000401736 0.000803638 0.00101505
33.12 0 0.000542334 0.00110515 0.00144031
33.14 0 0.000616644 0.00132622 0.00182635
33.16 0 0.000633739 0.00146213 0.00213499
33.18 0 0.00061821 0.00151728 0.00232331
33.2 0 0.000596 0.00150473 0.00235944
33.22 0 0.000580336 0.00143941 0.00223505
33.24 0 0.000570343 0.00133211 0.00197426
33.26 0 0.000554865 0.00118767 0.00162929
33.28 0 0.000518744 0.00101135 0.00126483
33.3 0 0.000451383 0.000815967 0.000939013
33.32 0 0.000354894 0.000621494 0.00068885
33.34 0 0.000244607 0.000447143 0.000522571
33.36 0 0.000141125 0.000304491 0.000421108
33.38 0 5.81764e-05 0.000193031 0.000346354
33.4 0 -3.38075e-06 9.92876e-05 0.00025523
33.42 0 -4.98395e-05 4.26754e-06 0.000117787
33.44 0 -8.8736e-05 -0.000106215 -7.29686e-05
33.46 0 -0.0001242 -0.00023098 -0.000299331
33.48 0 -0.000154848 -0.000351735 -0.000524552
33.5 0 -0.000179063 -0.000447402 -0.000708604
33.52 0 -0.000198827 -0.000508611 -0.000823101
33.54 0 -0.000219247 -0.0005406 -0.000859945
33.56 0 -0.000246212 -0.000556927 -0.00083384
33.58 0 -0.000281357 -0.000570282 -0.000776282
33.6 0 -0.000320321 -0.000589543 -0.000726032
33.62 0 -0.000357288 -0.000622998 -0.000720413
33.64 0 -0.000388524 -0.000677856 -0.000784751
33.66 0 -0.000416292 -0.000759754 -0.000927181
33.68 0 -0.000450597 -0.000874601 -0.00114075
33.7 0 -0.000500246 -0.00102356 -0.00140363
33.72 0 -0.000568272 -0.00120058 -0.00168662
33.74 0 -0.000653538 -0.00139436 -0.00196478
33.76 0 -0.000748704 -0.00158905 -0.00222084
33.78 0 -0.000842335 -0.00176941 -0.00244661
33.8 0 -0.000922531 -0.00192387 -0.00264029
33.82 0 -0.000979596 -0.00204311 -0.00280046
33.84 0 -0.00100964 -0.00212072 -0.00292304
33.86 0 -0.00101278 -0.00215217 -0.00299775
33.88 0 -0.000988622 -0.0021315 -0.00300619
33.9 0 -0.000937113 -0.00205146 -0.00292727
33.92 0 -0.00086013 -0.00190605 -0.00274461
33.94 0 -0.000761214 -0.0016949 -0.00245245
33.96 0 -0.000646215 -0.0014281 -0.00206098
33.98 0 -0.000519648 -0.00112153 -0.00159358
34 0 -0.000382965 -0.000789702 -0.00108122
34.02 0 -0.000239016 -0.000446819 -0.00055987
34.04 0 -9.14644e-05 -0.000107563 -6.27911e-05
34.06 0 5.70152e-05 0.000214561 0.000387289
34.08 0 0.000201173 0.000507908 0.000778448
34.1 0 0.00033374 0.000765818 0.00110939
34.12 0 0.00044847 0.000986467 0.00138716
34.14 0 0.000540433 0.00116819 0.00162021
34.16 0 0.000607131 0.00130896 0.0018137
34.18 0 0.000649512 0.00140906 0.00196781
34.2 0 0.000671068 0.00147139 0.00207775
34.22 0 0.000674737 0.001497 0.00213409
34.24 0 0.000660822 0.0014815 0.00212495
34.26 0 0.000627171 0.00141678 0.00203959
34.28 0 0.000570246 0.00129573 0.00187114
34.3 0 0.000487264 0.00111589 0.00161827
34.32 0 0.000379604 0.000881483 0.00128701
34.34 0 0.000254583 0.000604543 0.000892223
34.36 0 0.000121984 0.000302901 0.000455551
34.38 0 -1.06537e-05 -4.73904e-06 1.69341e-06
34.4 0 -0.000138989 -0.000303177 -0.000444
34.42 0 -0.000259594 -0.000580971 -0.000856742
34.44 0 -0.000367923 -0.000826852 -0.00121369
34.46 0 -0.000458712 -0.00102794 -0.00149662
34.48 0 -0.000528286 -0.00117405 -0.00169544
34.5 0 -0.000575207 -0.00126277 -0.00180937
34.52 0 -0.000599266 -0.00129874 -0.00184481
34.54 0 -0.000601251 -0.00128871 -0.00181266
34.56 0 -0.000582931 -0.00123793 -0.0017255
34.58 0 -0.000546675 -0.00115135 -0.00159546
34.6 0 -0.000495315 -0.00103621 -0.00143305
34.62 0 -0.000432198 -0.000901039 -0.00124648
34.64 0 -0.000361325 -0.000752648 -0.00104186
34.66 0 -0.000286614 -0.000595124 -0.000823838
34.68 0 -0.000210656 -0.000431618 -0.000596269
34.7 0 -0.00013536 -0.000266789 -0.000364112
34.72 0 -6.2605e-05 -0.000106116 -0.00013407
34.74 0 5.21327e-06 4.52164e-05 8.53674e-05
34.76 0 6.45835e-05 0.000180918 0.00028356
34.78 0 0.000111514 0.000292357 0.00044834
34.8 0 0.00014264 0.000370102 0.000567511
34.82 0 0.000156341 0.000407851 0.000631158
34.84 0 0.000152609 0.000404107 0.000633107
34.86 0 0.000132684 0.000360762 0.000571967
34.88 0 9.84474e-05 0.000280908 0.00045149
34.9 0 5.13236e-05 0.000168088 0.000279741
34.92 0 -7.57282e-06 2.76322e-05 6.82937e-05
34.94 0 -7.71297e-05 -0.000133518 -0.00016973
34.96 0 -0.000155439 -0.000308129 -0.000421625
34.98 0 -0.000238113 -0.000487992 -0.000675159
35 0 -0.000318878 -0.00066314 -0.000918848
35.02 0 -0.000392668 -0.000823936 -0.00114355
35.04 0 -0.000456316 -0.000963275 -0.00134204
35.06 0 -0.000506781 -0.00107614 -0.00150671
35.08 0 -0.000541563 -0.00115839 -0.00162954
35.1 0 -0.000559531 -0.0012056 -0.00170307
35.12 0 -0.000560203 -0.00121346 -0.00172082
35.14 0 -0.000543099 -0.00117964 -0.00167822
35.16 0 -0.00050783 -0.00110421 -0.00157355
35.18 0 -0.000454918 -0.000988828 -0.00140876
35.2 0 -0.00038568 -0.000835974 -0.00118909
35.22 0 -0.000301407 -0.000649243 -0.000921938
35.24 0 -0.000203938 -0.00043445 -0.000616514
35.26 0 -9.68363e-05 -0.000199889 -0.000284083
35.28 0 1.48171e-05 4.46851e-05 6.26244e-05
35.3 0 0.000125848 0.000289269 0.000410458
35.32 0 0.000231809 0.000524172 0.0007463
35.34 0 0.000329012 0.000740517 0.00105727
35.36 0 0.000414635 0.000931031 0.00133155
35.38 0 0.00048657 0.00109009 0.00155921
35.4 0 0.000542954 0.00121306 0.00173267
35.42 0 0.000582166 0.00129633 0.00184723
35.44 0 0.000603038 0.00133788 0.00190136
35.46 0 0.000604754 0.00133743 0.00189607
35.48 0 0.000586792 0.00129576 0.0018339
35.5 0 0.000549356 0.00121432 0.0017182
35.52 0 0.000493933 0.00109572 0.00155304
35.54 0 0.000423255 0.000944427 0.00134339
35.56 0 0.000340826 0.00076666 0.00109534
35.58 0 0.000250355 0.000569422 0.000816557
35.6 0 0.000155193 0.000359476 0.000516253
35.62 0 5.79856e-05 0.000143157 0.000204959
35.64 0 -3.92122e-05 -7.32508e-05 -0.000106152
35.66 0 -0.000134279 -0.000283183 -0.000405945
35.68 0 -0.000224435 -0.000479863 -0.000684048
35.7 0 -0.000306252 -0.000656573 -0.000931469
35.72 0 -0.000376175 -0.000806965 -0.00114089
35.74 0 -0.00043108 -0.000925492 -0.00130649
35.76 0 -0.000468689 -0.00100798 -0.00142363
35.78 0 -0.000487902 -0.00105204 -0.00148875
35.8 0 -0.000488866 -0.00105711 -0.00149955
35.82 0 -0.000472747 -0.00102411 -0.00145551
35.84 0 -0.000441224 -0.000955294 -0.00135828
35.86 0 -0.000395963 -0.000853928 -0.00121199
35.88 0 -0.000338443 -0.000724092 -0.00102313
35.9 0 -0.000270167 -0.00057049 -0.000800125
35.92 0 -0.00019299 -0.000398499 -0.000552578
35.94 0 -0.000109379 -0.000214321 -0.000290439
35.96 0 -2.25289e-05 -2.49545e-05 -2.33959e-05
35.98 0 6.30671e-05 0.000161341 0.000238588
36 0 0.00014236 0.000335607 0.00048527
36.02 0 0.000211966 0.000490505 0.000707534
36.04 0 0.000270062 0.000620946 0.000897246
36.06 0 0.000315336 0.000723325 0.0010469
36.08 0 0.000347026 0.000794957 0.00115055
36.1 0 0.000364753 0.000833699 0.00120458
36.12 0 0.000368006 0.000838214 0.00120787
