0.01 0 9.90561e-08 1.06601e-07 1.03821e-07
0.02 0 4.76149e-07 5.36407e-07 5.15785e-07
0.03 0 1.16706e-06 1.40561e-06 1.33278e-06
0.04 0 2.08066e-06 2.71759e-06 2.55565e-06
0.05 0 3.13294e-06 4.44539e-06 4.2018e-06
0.06 0 4.26346e-06 6.51859e-06 6.30087e-06
0.07 0 5.43752e-06 8.83765e-06 8.88497e-06
0.08 0 6.63949e-06 1.13104e-05 1.19786e-05
0.09 0 7.85734e-06 1.38827e-05 1.55843e-05
0.1 0 9.0688e-06 1.65439e-05 1.96692e-05
0.11 0 1.02477e-05 1.93153e-05 2.41672e-05
0.12 0 1.13829e-05 2.22266e-05 2.89923e-05
0.13 0 1.24884e-05 2.5287e-05 3.40476e-05
0.14 0 1.35914e-05 2.84609e-05 3.92217e-05
0.15 0 1.47059e-05 3.16588e-05 4.4377e-05
0.16 0 1.58311e-05 3.47695e-05 4.93653e-05
0.17 0 1.69742e-05 3.77178e-05 5.4065e-05
0.18 0 1.81581e-05 4.0494e-05 5.84017e-05
0.19 0 1.94096e-05 4.31462e-05 6.23466e-05
0.2 0 2.07306e-05 4.57304e-05 6.58906e-05
0.21 0 2.20762e-05 4.8254e-05 6.90172e-05
0.22 0 2.33478e-05 5.06321e-05 7.16818e-05
0.23 0 2.43841e-05 5.26567e-05 7.37815e-05
0.24 0 2.49774e-05 5.40127e-05 7.5147e-05
0.25 0 2.4946e-05 5.43737e-05 7.55911e-05
0.26 0 2.42777e-05 5.35926e-05 7.5043e-05
0.27 0 2.31496e-05 5.17862e-05 7.35807e-05
0.28 0 2.16989e-05 4.91468e-05 7.12318e-05
0.29 0 1.99055e-05 4.579e-05 6.787e-05
0.3 0 1.77444e-05 4.18087e-05 6.33641e-05
0.31 0 1.53119e-05 3.73179e-05 5.77012e-05
0.32 0 1.27589e-05 3.23863e-05 5.094e-05
0.33 0 1.01717e-05 2.69827e-05 4.3122e-05
0.34 0 7.57029e-06 2.10542e-05 3.4293e-05
0.35 0 4.99787e-06 1.46698e-05 2.46023e-05
0.36 0 2.56882e-06 8.08465e-06 1.43528e-05
0.37 0 3.41869e-07 1.58612e-06 3.86743e-06
0.38 0 -1.85354e-06 -4.76085e-06 -6.71372e-06
0.39 0 -4.28767e-06 -1.10954e-05 -1.73605e-05
0.4 0 -7.02086e-06 -1.75079e-05 -2.78951e-05
0.41 0 -9.84665e-06 -2.39169e-05 -3.79446e-05
0.42 0 -1.2525e-05 -3.01548e-05 -4.71444e-05
0.43 0 -1.49849e-05 -3.60646e-05 -5.53115e-05
0.44 0 -1.73006e-05 -4.1498e-05 -6.24236e-05
0.45 0 -1.95569e-05 -4.6308e-05 -6.8514e-05
0.46 0 -2.1777e-05 -5.0414e-05 -7.36294e-05
0.47 0 -2.40693e-05 -5.40189e-05 -7.79915e-05
0.48 0 -2.68357e-05 -5.78213e-05 -8.22195e-05
0.49 0 -3.06277e-05 -6.28344e-05 -8.72144e-05
0.5 0 -3.58326e-05 -6.99938e-05 -9.38713e-05
0.51 0 -4.263e-05 -7.99928e-05 -0.000103029
0.52 0 -5.10213e-05 -9.31988e-05 -0.000115459
0.53 0 -6.06535e-05 -0.000109414 -0.000131621
0.54 0 -7.08784e-05 -0.000127924 -0.000151615
0.55 0 -8.09741e-05 -0.000147754 -0.000175283
0.56 0 -9.01291e-05 -0.000167728 -0.000202066
0.57 0 -9.76923e-05 -0.000186778 -0.000231156
0.58 0 -0.000103511 -0.000204346 -0.000261785
0.59 0 -0.000107775 -0.000220288 -0.000293106
0.6 0 -0.000110622 -0.000234485 -0.000323885
0.61 0 -0.000112028 -0.000246624 -0.000352488
0.62 0 -0.000112055 -0.00025631 -0.000377226
0.63 0 -0.000111074 -0.000263254 -0.000396712
0.64 0 -0.000109736 -0.000267385 -0.000410026
0.65 0 -0.000108633 -0.000268775 -0.000416585
0.66 0 -0.000108056 -0.000267586 -0.000416076
0.67 0 -0.000108349 -0.000264457 -0.000408893
0.68 0 -0.000110262 -0.000260807 -0.000396535
0.69 0 -0.000114364 -0.000258163 -0.000381026
0.7 0 -0.000120125 -0.000257046 -0.000363902
0.71 0 -0.000125956 -0.00025667 -0.000345978
0.72 0 -0.000129902 -0.000255288 -0.00032764
0.73 0 -0.000130109 -0.000250555 -0.000308895
0.74 0 -0.000125072 -0.000239999 -0.000289307
0.75 0 -0.000113911 -0.00022169 -0.000268071
0.76 0 -9.65399e-05 -0.000194816 -0.00024415
0.77 0 -7.40011e-05 -0.000160207 -0.00021671
0.78 0 -4.86855e-05 -0.000120586 -0.000185642
0.79 0 -2.35483e-05 -7.96491e-05 -0.000151225
0.8 0 -8.16655e-07 -4.04922e-05 -0.00011332
0.81 0 1.81674e-05 -5.04663e-06 -7.15905e-05
0.82 0 3.2276e-05 2.54949e-05 -2.64386e-05
0.83 0 4.04879e-05 5.0403e-05 2.0677e-05
0.84 0 4.24518e-05 6.94686e-05 6.76652e-05
0.85 0 3.89802e-05 8.30357e-05 0.000112347
0.86 0 3.19017e-05 9.17857e-05 0.00015263
0.87 0 2.36122e-05 9.66631e-05 0.000186616
0.88 0 1.67052e-05 9.91041e-05 0.000212911
0.89 0 1.37081e-05 0.000101288 0.00023103
0.9 0 1.6983e-05 0.000106257 0.000241837
0.91 0 2.82401e-05 0.000117286 0.000247421
0.92 0 4.76339e-05 0.000136506 0.000250252
0.93 0 7.36219e-05 0.000164104 0.000252781
0.94 0 0.000103966 0.000198811 0.000257901
0.95 0 0.000136658 0.000238822 0.000269252
0.96 0 0.000169678 0.000282057 0.00029039
0.97 0 0.000200364 0.000326079 0.000323567
0.98 0 0.000225838 0.000368638 0.000369505
0.99 0 0.000244035 0.000408328 0.000427805
1 0 0.00025397 0.000444274 0.000496791
1.01 0 0.000255277 0.000475218 0.000572932
1.02 0 0.00024808 0.000499206 0.000650872
1.03 0 0.000233517 0.000514348 0.000724437
1.04 0 0.000213969 0.000519697 0.00078763
1.05 0 0.000192035 0.000515041 0.000834582
1.06 0 0.000169397 0.000500266 0.000859359
1.07 0 0.000147411 0.000475896 0.000857288
1.08 0 0.000128322 0.000444021 0.000826745
1.09 0 0.000115058 0.000408014 0.000769475
1.1 0 0.000110135 0.000371665 0.000689936
1.11 0 0.000114568 0.000338293 0.000594343
1.12 0 0.00012672 0.000309439 0.000489189
1.13 0 0.000141955 0.000283782 0.000379952
1.14 0 0.000153882 0.000257334 0.00027091
1.15 0 0.000156268 0.000224598 0.000165445
1.16 0 0.00014425 0.000179799 6.58552e-05
1.17 0 0.000114894 0.000118224 -2.70316e-05
1.18 0 6.78731e-05 3.79483e-05 -0.000113605
1.19 0 5.67001e-06 -5.91713e-05 -0.000195123
1.2 0 -6.73112e-05 -0.000168252 -0.000273985
1.21 0 -0.000145896 -0.000283155 -0.000353925
1.22 0 -0.000224622 -0.00039798 -0.000439348
1.23 0 -0.000297644 -0.000507674 -0.000533928
1.24 0 -0.00035886 -0.000607964 -0.000639312
1.25 0 -0.000402801 -0.000695104 -0.000754571
1.26 0 -0.000425874 -0.000765695 -0.000876331
1.27 0 -0.00042747 -0.000816956 -0.000999391
1.28 0 -0.000410342 -0.000847454 -0.00111748
1.29 0 -0.000380035 -0.000857929 -0.0012239
1.3 0 -0.000343856 -0.000851992 -0.00131233
1.31 0 -0.000309258 -0.000835641 -0.00137715
1.32 0 -0.000282031 -0.000815403 -0.00141347
1.33 0 -0.000266072 -0.000796966 -0.00141812
1.34 0 -0.000264201 -0.000784658 -0.00139128
1.35 0 -0.000277887 -0.00078061 -0.0013366
1.36 0 -0.000305962 -0.000783905 -0.00125991
1.37 0 -0.000343809 -0.000790661 -0.00116782
1.38 0 -0.000383981 -0.000795214 -0.00106695
1.39 0 -0.000418034 -0.000791801 -0.00096387
1.4 0 -0.00043838 -0.000775715 -0.000864772
1.41 0 -0.000439553 -0.000743737 -0.000774774
1.42 0 -0.000419274 -0.000694701 -0.000697587
1.43 0 -0.000379003 -0.000630083 -0.000635465
1.44 0 -0.000323085 -0.000553667 -0.000588613
1.45 0 -0.000257037 -0.000470335 -0.000554393
1.46 0 -0.000186506 -0.000385102 -0.000527576
1.47 0 -0.000117032 -0.000302519 -0.000501542
1.48 0 -5.36451e-05 -0.000225879 -0.000469366
1.49 0 -4.00178e-07 -0.000156723 -0.000424794
1.5 0 3.9786e-05 -9.51914e-05 -0.000363348
1.51 0 6.525e-05 -4.08257e-05 -0.000283173
1.52 0 7.59267e-05 6.86445e-06 -0.000185205
1.53 0 7.37247e-05 4.83682e-05 -7.27305e-05
1.54 0 6.2407e-05 8.44256e-05 4.9212e-05
1.55 0 4.70939e-05 0.000116536 0.000174589
1.56 0 3.35159e-05 0.000147372 0.000297217
1.57 0 2.66698e-05 0.000180191 0.00041103
1.58 0 2.9334e-05 0.000217271 0.000509915
1.59 0 4.2214e-05 0.000259273 0.000588677
1.6 0 6.60112e-05 0.000306516 0.000645526
1.61 0 0.000102207 0.000359837 0.00068313
1.62 0 0.000150943 0.00041938 0.00070663
1.63 0 0.000209236 0.000483661 0.000721524
1.64 0 0.000271933 0.000550509 0.000733618
1.65 0 0.000333674 0.000618193 0.000749494
1.66 0 0.000389772 0.000685233 0.000775756
1.67 0 0.000435674 0.000749022 0.000816991
1.68 0 0.000466113 0.000804463 0.00087364
1.69 0 0.000475943 0.000844546 0.000941777
1.7 0 0.000462301 0.000862691 0.00101468
1.71 0 0.000425529 0.000854427 0.00108385
1.72 0 0.000368628 0.000817942 0.00113934
1.73 0 0.000296908 0.000754678 0.00117083
1.74 0 0.000217739 0.000669526 0.00116928
1.75 0 0.000139368 0.000569629 0.00112772
1.76 0 6.92297e-05 0.00046233 0.00104164
1.77 0 1.26692e-05 0.000353446 0.000909297
1.78 0 -2.78275e-05 0.000246179 0.000731962
1.79 0 -5.33422e-05 0.000140392 0.000513546
1.8 0 -6.86674e-05 3.26218e-05 0.000259867
1.81 0 -8.09307e-05 -8.23879e-05 -2.13282e-05
1.82 0 -9.72098e-05 -0.000209146 -0.000319871
1.83 0 -0.000122615 -0.000349291 -0.000623272
1.84 0 -0.000159731 -0.000500871 -0.000917958
1.85 0 -0.000209386 -0.000659318 -0.00119151
1.86 0 -0.000271893 -0.000819545 -0.00143502
1.87 0 -0.000347102 -0.000977405 -0.001644
1.88 0 -0.000432445 -0.00112895 -0.00181668
1.89 0 -0.000521369 -0.00126889 -0.00195199
1.9 0 -0.000604644 -0.00139047 -0.00204938
1.91 0 -0.000672908 -0.0014861 -0.00210935
1.92 0 -0.000718032 -0.00154736 -0.00213284
1.93 0 -0.000733939 -0.00156591 -0.00212038
1.94 0 -0.000717996 -0.00153606 -0.00207257
1.95 0 -0.000672286 -0.00145788 -0.00199114
1.96 0 -0.000603629 -0.00133878 -0.00187951
1.97 0 -0.000521954 -0.00119241 -0.00174242
1.98 0 -0.000437189 -0.00103461 -0.00158424
1.99 0 -0.000356481 -0.000878399 -0.00140741
2 0 -0.000283546 -0.000730918 -0.00121268
2.01 0 -0.000219623 -0.000592988 -0.00100054
2.02 0 -0.00016458 -0.000460966 -0.000772651
2.03 0 -0.000117326 -0.000329659 -0.000532398
2.04 0 -7.55946e-05 -0.000195025 -0.000284619
2.05 0 -3.60505e-05 -5.59244e-05 -3.50882e-05
2.06 0 5.11064e-06 8.58236e-05 0.000210018
2.07 0 5.13114e-05 0.00022694 0.00044475
2.08 0 0.000104714 0.000364633 0.000663919
2.09 0 0.000165881 0.000498037 0.000863739
2.1 0 0.00023387 0.00062821 0.00104222
2.11 0 0.000306815 0.000757011 0.00119945
2.12 0 0.000383193 0.000886207 0.00133819
2.13 0 0.000462693 0.00101709 0.00146413
2.14 0 0.00054581 0.0011504 0.00158504
2.15 0 0.000632745 0.00128664 0.00170941
2.16 0 0.000722668 0.00142674 0.00184529
2.17 0 0.000813867 0.00157263 0.00199978
2.18 0 0.000904299 0.00172689 0.00217864
2.19 0 0.000992076 0.00189155 0.00238578
2.2 0 0.00107554 0.00206665 0.00262251
2.21 0 0.00115294 0.00224916 0.0028867
2.22 0 0.00122239 0.00243329 0.00317267
2.23 0 0.00128255 0.00261226 0.00347203
2.24 0 0.00133289 0.00278 0.00377453
2.25 0 0.00137297 0.00293147 0.00406809
2.26 0 0.00140186 0.00306213 0.00433893
2.27 0 0.00141912 0.00316827 0.00457329
2.28 0 0.00142653 0.00324798 0.00475994
2.29 0 0.00142838 0.00330164 0.00489176
2.3 0 0.00143022 0.00333174 0.0049658
2.31 0 0.00143646 0.00334185 0.00498238
2.32 0 0.00144809 0.00333487 0.00494347
2.33 0 0.00146133 0.00331082 0.00485128
2.34 0 0.0014682 0.00326532 0.00470744
2.35 0 0.00145819 0.00318921 0.00451279
2.36 0 0.00142047 0.00306978 0.00426732
2.37 0 0.0013466 0.0028942 0.00397097
2.38 0 0.00123292 0.00265423 0.00362481
2.39 0 0.0010809 0.00234916 0.00323103
2.4 0 0.000895924 0.00198609 0.00279214
2.41 0 0.000685464 0.00157766 0.00230992
2.42 0 0.000457949 0.00113847 0.00178537
2.43 0 0.0002226 0.00068216 0.00121975
2.44 0 -1.0958e-05 0.000219442 0.000615728
2.45 0 -0.000234822 -0.0002434 -2.30225e-05
2.46 0 -0.000444581 -0.000704139 -0.000692093
2.47 0 -0.000637768 -0.00116057 -0.00138392
2.48 0 -0.000811827 -0.00160666 -0.00208554
2.49 0 -0.000965365 -0.00203333 -0.00278025
2.5 0 -0.00110006 -0.00243173 -0.0034507
2.51 0 -0.00122066 -0.00279613 -0.00408089
2.52 0 -0.00133429 -0.00312627 -0.00465795
2.53 0 -0.00144871 -0.00342749 -0.00517284
2.54 0 -0.00156922 -0.00370731 -0.00561926
2.55 0 -0.00169645 -0.0039706 -0.00599236
2.56 0 -0.00182687 -0.00421685 -0.00628923
2.57 0 -0.00195694 -0.00444221 -0.0065123
2.58 0 -0.00208504 -0.00464234 -0.00667055
2.59 0 -0.00220754 -0.0048116 -0.00677496
2.6 0 -0.00231525 -0.00494216 -0.00683356
2.61 0 -0.00239498 -0.00502561 -0.00685069
2.62 0 -0.00243478 -0.00505554 -0.00682907
2.63 0 -0.00242906 -0.00502974 -0.00677223
2.64 0 -0.00237997 -0.0049502 -0.00668456
2.65 0 -0.00229391 -0.00482081 -0.00656808
2.66 0 -0.00217715 -0.00464488 -0.00641942
2.67 0 -0.00203447 -0.00442511 -0.00623012
2.68 0 -0.00186999 -0.00416403 -0.00598891
2.69 0 -0.00168725 -0.00386311 -0.00568331
2.7 0 -0.00149018 -0.00352272 -0.00530203
2.71 0 -0.00128555 -0.00314505 -0.00483915
2.72 0 -0.00108374 -0.00273693 -0.00429691
2.73 0 -0.000895988 -0.00231007 -0.00368517
2.74 0 -0.000729992 -0.00187857 -0.00301862
2.75 0 -0.000586687 -0.00145479 -0.00231364
2.76 0 -0.00046077 -0.00104646 -0.00158732
2.77 0 -0.000343958 -0.000655668 -0.000857925
2.78 0 -0.000227065 -0.000278471 -0.000143745
2.79 0 -9.92621e-05 9.5595e-05 0.000540683
2.8 0 5.24195e-05 0.000481936 0.00118796
2.81 0 0.000239633 0.000895208 0.00179696
2.82 0 0.000466771 0.00134185 0.00236879
2.83 0 0.000727173 0.00181544 0.00290333
2.84 0 0.00100497 0.00229809 0.00339958
2.85 0 0.00128073 0.00276658 0.00385838
2.86 0 0.00153548 0.00319783 0.00428274
2.87 0 0.00175286 0.00357297 0.00467645
2.88 0 0.00192189 0.00388131 0.0050436
2.89 0 0.00203774 0.00412095 0.00538705
2.9 0 0.00209937 0.00429469 0.0057047
2.91 0 0.00210743 0.00440502 0.00598701
2.92 0 0.00206521 0.00445233 0.00621848
2.93 0 0.00198081 0.00443633 0.00638166
2.94 0 0.00186757 0.00435874 0.00646076
2.95 0 0.00174195 0.00422555 0.0064439
2.96 0 0.00162006 0.004048 0.00632418
2.97 0 0.00151357 0.00384025 0.00609925
2.98 0 0.00142731 0.00361535 0.00577093
2.99 0 0.0013604 0.00338212 0.00534644
3 0 0.00130786 0.00314286 0.00483875
3.01 0 0.0012613 0.00289239 0.00426505
3.02 0 0.001209 0.00261942 0.00364407
3.03 0 0.0011362 0.00230969 0.00299312
3.04 0 0.00102745 0.00195049 0.00232668
3.05 0 0.000870667 0.00153505 0.00165654
3.06 0 0.000660326 0.00106435 0.00099193
3.07 0 0.000398501 0.000545877 0.000338628
3.08 0 9.42133e-05 -8.8072e-06 -0.000301693
3.09 0 -0.0002373 -0.000585217 -0.000930459
3.1 0 -0.00057608 -0.00116627 -0.00155032
3.11 0 -0.000900674 -0.00173325 -0.00216397
3.12 0 -0.00119179 -0.00226738 -0.00277322
3.13 0 -0.00143504 -0.00275175 -0.00337782
3.14 0 -0.00162216 -0.00317328 -0.00397422
3.15 0 -0.00175135 -0.00352464 -0.00455477
3.16 0 -0.00182768 -0.00380627 -0.00510883
3.17 0 -0.00186325 -0.00402731 -0.00562484
3.18 0 -0.00187536 -0.00420374 -0.00609176
3.19 0 -0.0018827 -0.00435395 -0.00649933
3.2 0 -0.00190202 -0.00449455 -0.00683888
3.21 0 -0.00194664 -0.0046382 -0.00710555
3.22 0 -0.00202484 -0.00479232 -0.00729953
3.23 0 -0.00213761 -0.00495772 -0.00742529
3.24 0 -0.00227704 -0.00512794 -0.00748979
3.25 0 -0.00242687 -0.00528977 -0.00750074
3.26 0 -0.00256527 -0.00542476 -0.00746549
3.27 0 -0.00266901 -0.00551185 -0.0073901
3.28 0 -0.00271764 -0.00553038 -0.00727865
3.29 0 -0.00269658 -0.00546312 -0.00713209
3.3 0 -0.00259987 -0.00530013 -0.00694851
3.31 0 -0.00243254 -0.00504286 -0.006725
3.32 0 -0.00220858 -0.00470371 -0.00645713
3.33 0 -0.00194389 -0.00429929 -0.00613492
3.34 0 -0.00165119 -0.00384339 -0.00574128
3.35 0 -0.00134138 -0.00334522 -0.00525661
3.36 0 -0.00102698 -0.00281111 -0.00466564
3.37 0 -0.000722171 -0.00224631 -0.00396123
3.38 0 -0.00043969 -0.00165649 -0.00314505
3.39 0 -0.000187636 -0.00104946 -0.00222716
3.4 0 3.24417e-05 -0.00043533 -0.00122507
3.41 0 0.00022543 0.000175113 -0.000162499
3.42 0 0.000400564 0.000773104 0.000931872
3.43 0 0.000568712 0.0013542 0.00202619
3.44 0 0.000740809 0.0019195 0.00308856
3.45 0 0.00092783 0.0024754 0.00409129
3.46 0 0.00114073 0.00303121 0.00501458
3.47 0 0.00138894 0.00359532 0.00584804
3.48 0 0.00167748 0.00417154 0.00659014
3.49 0 0.00200381 0.00475644 0.00724581
3.5 0 0.0023563 0.00533918 0.00782413
3.51 0 0.00271611 0.00590389 0.00833709
3.52 0 0.00306077 0.00643293 0.00879861
3.53 0 0.00336824 0.00690928 0.00922283
3.54 0 0.00362004 0.00731792 0.00962144
3.55 0 0.00380259 0.00764667 0.0100008
3.56 0 0.00390766 0.00788735 0.0103603
3.57 0 0.00393306 0.00803623 0.0106917
3.58 0 0.00388239 0.00809287 0.0109792
3.59 0 0.0037641 0.00805866 0.0112003
3.6 0 0.00359119 0.0079366 0.0113289
3.61 0 0.00338087 0.00773209 0.0113392
3.62 0 0.00315291 0.00745329 0.0112089
3.63 0 0.00292618 0.00711075 0.0109217
3.64 0 0.00271436 0.00671584 0.0104679
3.65 0 0.00252318 0.00627815 0.00984526
3.66 0 0.00235018 0.00580265 0.009059
3.67 0 0.00218576 0.00528749 0.0081219
3.68 0 0.00201503 0.00472353 0.00705257
3.69 0 0.00182008 0.00409642 0.00587361
3.7 0 0.00158221 0.00339039 0.00460886
3.71 0 0.00128395 0.00259221 0.00328042
3.72 0 0.000911955 0.00169494 0.00190691
3.73 0 0.000459522 0.000699541 0.00050205
3.74 0 -7.1949e-05 -0.00038574 -0.000926095
3.75 0 -0.000671495 -0.00154603 -0.00237399
3.76 0 -0.0013161 -0.00275779 -0.00383795
3.77 0 -0.00196856 -0.0039844 -0.00530705
3.78 0 -0.00258279 -0.00517675 -0.00676122
3.79 0 -0.00311742 -0.00628284 -0.00817695
3.8 0 -0.00354668 -0.00725809 -0.0095317
3.81 0 -0.00386132 -0.00807115 -0.010802
3.82 0 -0.00406317 -0.00870667 -0.0119598
3.83 0 -0.00416081 -0.00916548 -0.0129716
3.84 0 -0.00416855 -0.00946138 -0.0138011
3.85 0 -0.00410698 -0.00961536 -0.0144148
3.86 0 -0.00400421 -0.00965147 -0.0147882
3.87 0 -0.00389609 -0.00959666 -0.0149138
3.88 0 -0.00381837 -0.0094784 -0.0148005
3.89 0 -0.0037922 -0.00931763 -0.0144659
3.9 0 -0.00381553 -0.00912364 -0.0139301
3.91 0 -0.00386523 -0.00889302 -0.0132156
3.92 0 -0.00390396 -0.00860852 -0.0123465
3.93 0 -0.00388874 -0.00823972 -0.0113477
3.94 0 -0.00378049 -0.00774927 -0.0102441
3.95 0 -0.00355034 -0.00710204 -0.00905868
3.96 0 -0.00318155 -0.00627393 -0.00780827
3.97 0 -0.00267052 -0.00525809 -0.00650049
3.98 0 -0.00202712 -0.00406696 -0.00513284
3.99 0 -0.00127562 -0.00273186 -0.00369615
4 0 -0.00046036 -0.00130522 -0.00218621
4.01 0 0.000351049 0.000138374 -0.000616095
4.02 0 0.00108085 0.00151282 0.000984224
4.03 0 0.00166521 0.00274014 0.002579
4.04 0 0.00207322 0.00376833 0.00413646
4.05 0 0.00230959 0.0045787 0.00562893
4.06 0 0.00240481 0.00518385 0.00702717
4.07 0 0.00240748 0.00562547 0.00830177
4.08 0 0.00237889 0.00596922 0.0094294
4.09 0 0.00238318 0.00629056 0.010396
4.1 0 0.00247383 0.00665508 0.0111954
4.11 0 0.00268009 0.00709937 0.0118252
4.12 0 0.00300162 0.00762285 0.0122866
4.13 0 0.003412 0.0081922 0.0125868
4.14 0 0.0038646 0.0087507 0.012739
4.15 0 0.00430036 0.00923104 0.0127601
4.16 0 0.00465605 0.00956907 0.0126672
4.17 0 0.00487472 0.00971597 0.012476
4.18 0 0.00492313 0.00965195 0.0122069
4.19 0 0.00480477 0.00939485 0.0118905
4.2 0 0.00455397 0.00899204 0.01156
4.21 0 0.00421832 0.00850283 0.0112386
4.22 0 0.00384619 0.00798541 0.0109337
4.23 0 0.00348299 0.00749114 0.010642
4.24 0 0.00317087 0.00706222 0.0103576
4.25 0 0.00294479 0.00672836 0.0100756
4.26 0 0.00282296 0.00650147 0.00979071
4.27 0 0.0027952 0.00636759 0.00948947
4.28 0 0.00281864 0.00628093 0.0091442
4.29 0 0.00283456 0.0061751 0.00872266
4.3 0 0.00279559 0.00598693 0.00820613
4.31 0 0.00267713 0.0056719 0.00759387
4.32 0 0.00247236 0.00520893 0.00689481
4.33 0 0.00218425 0.00460094 0.00611866
4.34 0 0.00181952 0.00386954 0.00526982
4.35 0 0.00138468 0.00304265 0.0043433
4.36 0 0.00088735 0.00214285 0.00332598
4.37 0 0.000342601 0.0011841 0.00220446
4.38 0 -0.000224695 0.000174413 0.000971647
4.39 0 -0.000786326 -0.000880282 -0.000373066
4.4 0 -0.00132036 -0.00197189 -0.00182624
4.41 0 -0.00181651 -0.00308668 -0.00338089
4.42 0 -0.00227516 -0.00420534 -0.00502437
4.43 0 -0.00270211 -0.00530688 -0.00673538
4.44 0 -0.00310201 -0.00637316 -0.00848143
4.45 0 -0.00347477 -0.00739092 -0.0102188
4.46 0 -0.00381905 -0.00835312 -0.0118986
4.47 0 -0.00413988 -0.00926056 -0.0134768
4.48 0 -0.00445199 -0.0101205 -0.0149219
4.49 0 -0.00477617 -0.0109422 -0.0162163
4.5 0 -0.0051323 -0.0117346 -0.0173544
4.51 0 -0.00553379 -0.012506 -0.0183419
4.52 0 -0.00598362 -0.0132648 -0.0191943
4.53 0 -0.00647016 -0.0140141 -0.0199314
4.54 0 -0.00696641 -0.0147456 -0.0205718
4.55 0 -0.00743754 -0.0154384 -0.021133
4.56 0 -0.00785266 -0.0160652 -0.0216337
4.57 0 -0.00819326 -0.0166007 -0.0220954
4.58 0 -0.00845274 -0.0170293 -0.0225381
4.59 0 -0.00863033 -0.0173481 -0.0229741
4.6 0 -0.00872662 -0.0175664 -0.0234034
4.61 0 -0.00874249 -0.0177009 -0.0238137
4.62 0 -0.00868138 -0.0177671 -0.0241836
4.63 0 -0.00855286 -0.0177718 -0.0244856
4.64 0 -0.00837346 -0.0177094 -0.0246895
4.65 0 -0.00816263 -0.0175655 -0.0247639
4.66 0 -0.00793531 -0.0173234 -0.0246765
4.67 0 -0.00769685 -0.0169714 -0.0243951
4.68 0 -0.0074439 -0.0165059 -0.0238923
4.69 0 -0.0071682 -0.015929 -0.0231492
4.7 0 -0.00686048 -0.0152427 -0.0221573
4.71 0 -0.0065154 -0.0144458 -0.0209222
4.72 0 -0.00613345 -0.0135362 -0.0194638
4.73 0 -0.00571395 -0.0125087 -0.0178086
4.74 0 -0.00524644 -0.0113536 -0.0159797
4.75 0 -0.0047101 -0.0100592 -0.0139926
4.76 0 -0.00407927 -0.00861348 -0.0118558
4.77 0 -0.00333118 -0.00700483 -0.0095717
4.78 0 -0.00245497 -0.00522332 -0.00714017
4.79 0 -0.00145654 -0.00326324 -0.00455973
4.8 0 -0.000353288 -0.00112556 -0.0018253
4.81 0 0.000834137 0.0011799 0.00107399
4.82 0 0.00208676 0.00363444 0.00415402
4.83 0 0.00338966 0.00621478 0.00743311
4.84 0 0.00473169 0.00889683 0.0109257
4.85 0 0.00610245 0.0116587 0.0146352
4.86 0 0.00749207 0.0144864 0.0185517
4.87 0 0.00890075 0.0173757 0.0226549
4.88 0 0.0103483 0.0203287 0.0269145
4.89 0 0.0118666 0.0233536 0.0312899
4.9 0 0.0134828 0.0264653 0.0357343
4.91 0 0.0152143 0.0296834 0.0402048
4.92 0 0.0170741 0.0330267 0.0446695
4.93 0 0.0190706 0.0365037 0.0491098
4.94 0 0.0212014 0.0401037 0.0535143
4.95 0 0.0234379 0.0437833 0.0578628
4.96 0 0.0256947 0.0474372 0.0620912
4.97 0 0.0278227 0.0508913 0.0660767
4.98 0 0.0296689 0.0539615 0.0696882
4.99 0 0.0311337 0.0565133 0.0728347
5 0 0.0321675 0.0584632 0.0754562
5.01 0 0.032749 0.0597646 0.0774997
5.02 0 0.0328776 0.0604041 0.0789136
5.03 0 0.0325736 0.06039 0.0796449
5.04 0 0.03188 0.0597378 0.0796377
5.05 0 0.0308608 0.0584675 0.0788372
5.06 0 0.0295926 0.056612 0.0771987
5.07 0 0.0281519 0.0542242 0.074693
5.08 0 0.0266097 0.051384 0.0713183
5.09 0 0.0250328 0.0481962 0.0671145
5.1 0 0.0234816 0.0447767 0.0621671
5.11 0 0.0220043 0.0412328 0.0566046
5.12 0 0.0206237 0.037641 0.050581
5.13 0 0.0193253 0.0340332 0.0442559
5.14 0 0.0180596 0.0304026 0.0377852
5.15 0 0.0167486 0.026716 0.0313158
5.16 0 0.0152846 0.0229199 0.0249664
5.17 0 0.0135357 0.0189418 0.0188052
5.18 0 0.0113756 0.0147065 0.0128519
5.19 0 0.00872731 0.0101658 0.00710306
5.2 0 0.00558205 0.0053049 0.00154312
5.21 0 0.00199461 0.000134141 -0.0038621
5.22 0 -0.00189479 -0.00531928 -0.0091668
5.23 0 -0.00585797 -0.0110011 -0.0144456
5.24 0 -0.00968584 -0.0167907 -0.0197988
5.25 0 -0.0132821 -0.0224959 -0.0253411
5.26 0 -0.0166222 -0.0279172 -0.0311613
5.27 0 -0.0196708 -0.0329189 -0.0372798
5.28 0 -0.0223518 -0.0374584 -0.0436285
5.29 0 -0.0245677 -0.0415684 -0.0500626
5.3 0 -0.026243 -0.045307 -0.056398
5.31 0 -0.0273694 -0.0487038 -0.0624518
5.32 0 -0.0280262 -0.0517331 -0.0680704
5.33 0 -0.0283625 -0.0543256 -0.0731314
5.34 0 -0.028553 -0.0564092 -0.0775315
5.35 0 -0.0287374 -0.0579555 -0.0811729
5.36 0 -0.0289783 -0.0589999 -0.0839606
5.37 0 -0.0292617 -0.0596258 -0.0858127
5.38 0 -0.0295309 -0.0599319 -0.0866707
5.39 0 -0.0297316 -0.0599902 -0.086511
5.4 0 -0.0298436 -0.0598098 -0.0853633
5.41 0 -0.0298784 -0.0593304 -0.0833164
5.42 0 -0.029851 -0.0584547 -0.0804994
5.43 0 -0.029747 -0.057096 -0.0770507
5.44 0 -0.0294985 -0.0552136 -0.0730899
5.45 0 -0.0289885 -0.0528198 -0.0687073
5.46 0 -0.0280926 -0.0499627 -0.0639761
5.47 0 -0.0267347 -0.046696 -0.0589704
5.48 0 -0.0249222 -0.0430615 -0.0537763
5.49 0 -0.0227353 -0.0390871 -0.0484831
5.5 0 -0.0202822 -0.0348 -0.0431581
5.51 0 -0.0176555 -0.0302484 -0.0378303
5.52 0 -0.0149119 -0.0255118 -0.0324884
5.53 0 -0.0120776 -0.0206877 -0.0270925
5.54 0 -0.00916976 -0.0158706 -0.0215966
5.55 0 -0.00621957 -0.011129 -0.0159715
5.56 0 -0.00328562 -0.00648766 -0.0102177
5.57 0 -0.000465461 -0.00192436 -0.00436283
5.58 0 0.00211586 0.00260277 0.00155355
5.59 0 0.00437063 0.0071043 0.007502
5.6 0 0.00631019 0.0115246 0.013475
5.61 0 0.00803544 0.0157631 0.0194755
5.62 0 0.00967871 0.0197344 0.0254893
5.63 0 0.0113448 0.0234209 0.0314578
5.64 0 0.0130731 0.0268848 0.0372694
5.65 0 0.0148393 0.0302358 0.0427815
5.66 0 0.0165943 0.0335702 0.0478591
5.67 0 0.0183071 0.0369146 0.0524081
5.68 0 0.0199867 0.0402088 0.0563898
5.69 0 0.0216699 0.0433336 0.0598146
5.7 0 0.0233863 0.0461596 0.0627162
5.71 0 0.0251232 0.0485947 0.0651268
5.72 0 0.0268136 0.0506113 0.0670619
5.73 0 0.0283481 0.0522378 0.0685226
5.74 0 0.0296085 0.0535225 0.0695094
5.75 0 0.0305066 0.0544927 0.0700407
5.76 0 0.0310082 0.0551306 0.0701607
5.77 0 0.031128 0.0553754 0.0699292
5.78 0 0.0309104 0.0551525 0.0694026
5.79 0 0.0304079 0.0544152 0.0686153
5.8 0 0.02966 0.0531749 0.0675658
5.81 0 0.0286837 0.0515027 0.0662155
5.82 0 0.0274872 0.0495023 0.0645039
5.83 0 0.0260942 0.0472734 0.0623725
5.84 0 0.02456 0.0448822 0.0597854
5.85 0 0.0229654 0.0423527 0.0567367
5.86 0 0.0213915 0.0396777 0.0532438
5.87 0 0.0198916 0.0368407 0.0493362
5.88 0 0.0184771 0.0338401 0.0450493
5.89 0 0.0171205 0.0306982 0.0404246
5.9 0 0.0157678 0.0274515 0.0355126
5.91 0 0.0143561 0.0241305 0.030378
5.92 0 0.0128312 0.020743 0.0251013
5.93 0 0.0111579 0.0172721 0.0197724
5.94 0 0.00931912 0.013689 0.0144799
5.95 0 0.00731182 0.00997201 0.00930139
5.96 0 0.00514007 0.00612074 0.00429363
5.97 0 0.00280992 0.0021608 -0.000515184
5.98 0 0.00034741 -0.00186695 -0.0051253
5.99 0 -0.00217665 -0.00591982 -0.00956018
6 0 -0.00466105 -0.00994907 -0.0138614
6.01 0 -0.00701568 -0.0138842 -0.0180804
6.02 0 -0.00919281 -0.0176325 -0.0222666
6.03 0 -0.0111842 -0.0211079 -0.0264511
6.04 0 -0.0129909 -0.0242673 -0.030633
6.05 0 -0.0145981 -0.0271218 -0.034774
6.06 0 -0.0159757 -0.0297177 -0.0388052
6.07 0 -0.0171011 -0.0321036 -0.0426442
6.08 0 -0.0179799 -0.0343017 -0.0462118
6.09 0 -0.0186521 -0.0362959 -0.0494427
6.1 0 -0.0191808 -0.0380395 -0.0522854
6.11 0 -0.0196305 -0.0394815 -0.0546955
6.12 0 -0.0200446 -0.0405921 -0.0566287
6.13 0 -0.0204336 -0.0413755 -0.0580381
6.14 0 -0.0207787 -0.0418643 -0.0588808
6.15 0 -0.0210488 -0.0421001 -0.0591306
6.16 0 -0.0212206 -0.0421128 -0.0587923
6.17 0 -0.0212903 -0.0419092 -0.0579081
6.18 0 -0.0212682 -0.041473 -0.05655
6.19 0 -0.0211598 -0.0407741 -0.0548002
6.2 0 -0.0209488 -0.0397842 -0.0527325
6.21 0 -0.0205936 -0.0384885 -0.050401
6.22 0 -0.0200377 -0.0368876 -0.0478394
6.23 0 -0.0192299 -0.0349904 -0.0450658
6.24 0 -0.0181452 -0.0328049 -0.0420911
6.25 0 -0.0167941 -0.0303352 -0.0389241
6.26 0 -0.0152159 -0.0275844 -0.0355686
6.27 0 -0.0134622 -0.0245646 -0.0320198
6.28 0 -0.0115823 -0.0213072 -0.0282637
6.29 0 -0.00961457 -0.0178655 -0.0242811
6.3 0 -0.00758615 -0.0143075 -0.020056
6.31 0 -0.00552356 -0.0107005 -0.0155882
6.32 0 -0.00346789 -0.0070954 -0.0109049
6.33 0 -0.00148794 -0.00352137 -0.00606379
6.34 0 0.000331303 2.78624e-06 -0.00114232
6.35 0 0.00192714 0.00344807 0.00378069
6.36 0 0.00328897 0.00676153 0.00863732
6.37 0 0.00445672 0.00987182 0.0133682
6.38 0 0.00549453 0.0127112 0.0179098
6.39 0 0.00645742 0.0152407 0.0221814
6.4 0 0.00736777 0.0174623 0.0260814
6.41 0 0.00821532 0.0194106 0.0294992
6.42 0 0.00897869 0.0211265 0.0323376
6.43 0 0.00965261 0.0226288 0.0345349
6.44 0 0.0102594 0.0239007 0.0360731
6.45 0 0.0108344 0.024901 0.0369724
6.46 0 0.0113993 0.025586 0.0372755
6.47 0 0.0119414 0.0259273 0.0370287
6.48 0 0.0124064 0.0259193 0.036272
6.49 0 0.0127121 0.0255727 0.03504
6.5 0 0.0127724 0.0248984 0.0333713
6.51 0 0.0125214 0.0238922 0.031316
6.52 0 0.011932 0.0225272 0.0289343
6.53 0 0.0110189 0.0207635 0.0262876
6.54 0 0.0098236 0.018574 0.0234232
6.55 0 0.00839215 0.0159725 0.0203643
6.56 0 0.00676291 0.0130267 0.0171077
6.57 0 0.00497114 0.00984252 0.0136331
6.58 0 0.00307163 0.00653524 0.00992372
6.59 0 0.00115224 0.00320509 0.00598436
6.6 0 -0.000678046 -7.52826e-05 0.00184443
6.61 0 -0.00231575 -0.00325558 -0.00244722
6.62 0 -0.00369353 -0.00629004 -0.00682841
6.63 0 -0.00479893 -0.00912675 -0.011228
6.64 0 -0.00566782 -0.0117131 -0.0155647
6.65 0 -0.00635802 -0.0140108 -0.019742
6.66 0 -0.00692362 -0.0160083 -0.0236475
6.67 0 -0.00740171 -0.0177207 -0.0271613
6.68 0 -0.00781355 -0.019178 -0.0301682
6.69 0 -0.00817578 -0.0204089 -0.032572
6.7 0 -0.00850952 -0.021426 -0.0343077
6.71 0 -0.00884051 -0.0222199 -0.0353489
6.72 0 -0.00919189 -0.0227666 -0.0357065
6.73 0 -0.00957426 -0.023043 -0.035423
6.74 0 -0.00997515 -0.0230392 -0.0345612
6.75 0 -0.0103527 -0.0227614 -0.0331938
6.76 0 -0.010642 -0.022227 -0.0313988
6.77 0 -0.0107725 -0.0214534 -0.0292605
6.78 0 -0.0106841 -0.0204469 -0.0268697
6.79 0 -0.0103359 -0.0191946 -0.0243181
6.8 0 -0.00970901 -0.0176667 -0.0216878
6.81 0 -0.00880591 -0.0158356 -0.0190383
6.82 0 -0.0076444 -0.0136978 -0.0163985
6.83 0 -0.0062498 -0.0112829 -0.0137627
6.84 0 -0.00465666 -0.00864701 -0.0110949
6.85 0 -0.00291663 -0.00585558 -0.00833901
6.86 0 -0.00109828 -0.00296876 -0.00543181
6.87 0 0.000717152 -3.39252e-05 -0.00231549
6.88 0 0.00244713 0.00291393 0.0010537
6.89 0 0.00403129 0.00584635 0.00470255
6.9 0 0.00544605 0.0087361 0.00863686
6.91 0 0.00669647 0.0115565 0.0128326
6.92 0 0.0078033 0.0142846 0.01723
6.93 0 0.00879904 0.0169087 0.0217369
6.94 0 0.00972402 0.019435 0.0262407
6.95 0 0.0106191 0.0218844 0.0306196
6.96 0 0.0115218 0.0242788 0.0347556
6.97 0 0.012466 0.0266246 0.0385482
6.98 0 0.0134801 0.0289055 0.0419212
6.99 0 0.0145821 0.0310849 0.0448242
7 0 0.0157762 0.0331221 0.0472347
7.01 0 0.01705 0.0349873 0.0491567
7.02 0 0.0183694 0.0366667 0.0506148
7.03 0 0.0196811 0.0381568 0.0516481
7.04 0 0.0209231 0.039457 0.0523109
7.05 0 0.0220364 0.0405617 0.0526716
7.06 0 0.0229708 0.0414531 0.0528044
7.07 0 0.0236836 0.0421003 0.0527778
7.08 0 0.0241384 0.0424676 0.0526451
7.09 0 0.0243031 0.0425251 0.0524363
7.1 0 0.0241511 0.0422534 0.0521534
7.11 0 0.0236733 0.0416441 0.0517717
7.12 0 0.0228888 0.0406984 0.0512462
7.13 0 0.0218441 0.0394263 0.0505148
7.14 0 0.0206012 0.0378459 0.0495028
7.15 0 0.0192264 0.0359856 0.048129
7.16 0 0.0177819 0.0338838 0.0463162
7.17 0 0.0163189 0.0315825 0.0440004
7.18 0 0.0148718 0.0291156 0.0411369
7.19 0 0.0134574 0.0264987 0.0377051
7.2 0 0.0120762 0.0237272 0.0337129
7.21 0 0.010713 0.0207806 0.029197
7.22 0 0.00933358 0.0176322 0.0242185
7.23 0 0.00788534 0.0142588 0.0188526
7.24 0 0.00630527 0.0106446 0.0131823
7.25 0 0.00453124 0.00678089 0.00729268
7.26 0 0.00251674 0.00266441 0.0012671
7.27 0 0.000250443 -0.00170708 -0.00481979
7.28 0 -0.0022342 -0.00633161 -0.0109107
7.29 0 -0.00487633 -0.0111879 -0.0169754
7.3 0 -0.00762488 -0.0162183 -0.0230153
7.31 0 -0.0104677 -0.0213308 -0.0290576
7.32 0 -0.0134199 -0.0264286 -0.0351349
7.33 0 -0.0164782 -0.0314483 -0.0412608
7.34 0 -0.0195911 -0.0363744 -0.0474156
7.35 0 -0.0226676 -0.0412255 -0.0535498
7.36 0 -0.0256138 -0.0460221 -0.0596044
7.37 0 -0.0283687 -0.0507565 -0.0655314
7.38 0 -0.0309169 -0.0553793 -0.0713028
7.39 0 -0.0332776 -0.0598098 -0.0769037
7.4 0 -0.0354819 -0.0639646 -0.0823192
7.41 0 -0.0375486 -0.0677878 -0.0875199
7.42 0 -0.0394673 -0.0712634 -0.0924531
7.43 0 -0.0412025 -0.0744079 -0.0970485
7.44 0 -0.042711 -0.077247 -0.101232
7.45 0 -0.0439599 -0.0797853 -0.104937
7.46 0 -0.04494 -0.0819929 -0.108113
7.47 0 -0.0456702 -0.0838141 -0.110731
7.48 0 -0.0461835 -0.0851876 -0.112775
7.49 0 -0.0465081 -0.0860694 -0.114231
7.5 0 -0.0466527 -0.0864478 -0.115082
7.51 0 -0.0466048 -0.0863448 -0.1153
7.52 0 -0.046342 -0.0858025 -0.114861
7.53 0 -0.0458517 -0.0848612 -0.113746
7.54 0 -0.0451426 -0.0835411 -0.111955
7.55 0 -0.0442431 -0.0818351 -0.109502
7.56 0 -0.0431867 -0.0797207 -0.106418
7.57 0 -0.0419949 -0.0771803 -0.102733
7.58 0 -0.0406666 -0.0742172 -0.098479
7.59 0 -0.0391782 -0.0708581 -0.0936825
7.6 0 -0.0374958 -0.0671422 -0.0883737
7.61 0 -0.0355909 -0.0631074 -0.0825914
7.62 0 -0.0334545 -0.0587813 -0.0763907
7.63 0 -0.0311046 -0.0541867 -0.0698476
7.64 0 -0.0285826 -0.0493521 -0.0630585
7.65 0 -0.0259346 -0.0443178 -0.0561256
7.66 0 -0.0231902 -0.0391336 -0.0491372
7.67 0 -0.0203558 -0.0338524 -0.0421562
7.68 0 -0.017423 -0.0285238 -0.0352228
7.69 0 -0.0143876 -0.0231855 -0.0283652
7.7 0 -0.0112634 -0.0178596 -0.0216079
7.71 0 -0.00808257 -0.0125552 -0.0149729
7.72 0 -0.00488303 -0.00728158 -0.00847666
7.73 0 -0.00170775 -0.00205672 -0.00212983
7.74 0 0.00137147 0.00309619 0.00406267
7.75 0 0.00425381 0.00814462 0.0101047
7.76 0 0.00686708 0.0130268 0.0160142
7.77 0 0.00921552 0.0176491 0.0218196
7.78 0 0.0113622 0.0219199 0.0275395
7.79 0 0.0133733 0.0257994 0.0331588
7.8 0 0.015275 0.0293265 0.0386157
7.81 0 0.0170527 0.0326014 0.0438141
7.82 0 0.018684 0.0357328 0.0486551
7.83 0 0.0201718 0.0387871 0.0530692
7.84 0 0.0215597 0.0417627 0.0570317
7.85 0 0.0229213 0.0446015 0.0605572
7.86 0 0.0243284 0.0472282 0.0636792
7.87 0 0.0258159 0.0495922 0.0664269
7.88 0 0.0273622 0.051691 0.0688118
7.89 0 0.028896 0.0535646 0.0708299
7.9 0 0.0303258 0.0552663 0.0724764
7.91 0 0.0315757 0.0568277 0.0737652
7.92 0 0.0326086 0.058236 0.0747389
7.93 0 0.0334269 0.0594366 0.0754634
7.94 0 0.0340536 0.06036 0.0760103
7.95 0 0.0345066 0.060956 0.0764356
7.96 0 0.0347819 0.0612181 0.0767644
7.97 0 0.0348532 0.0611843 0.076989
7.98 0 0.0346893 0.0609156 0.0770784
7.99 0 0.0342777 0.0604597 0.0769896
8 0 0.0336389 0.0598225 0.0766747
8.01 0 0.0328258 0.0589701 0.076087
8.02 0 0.0319073 0.057857 0.0751828
8.03 0 0.0309393 0.056454 0.0739141
8.04 0 0.029944 0.0547625 0.0722243
8.05 0 0.0289115 0.052814 0.070056
8.06 0 0.0278189 0.0506528 0.0673673
8.07 0 0.026649 0.0483118 0.0641455
8.08 0 0.0253992 0.0457948 0.0604104
8.09 0 0.0240769 0.0430759 0.0562108
8.1 0 0.0226883 0.0401164 0.0516141
8.11 0 0.0212234 0.0368866 0.0466929
8.12 0 0.0196506 0.0333829 0.041515
8.13 0 0.0179207 0.0296297 0.036141
8.14 0 0.0159828 0.025666 0.0306265
8.15 0 0.0138009 0.0215259 0.0250228
8.16 0 0.0113645 0.0172269 0.0193758
8.17 0 0.00869053 0.0127736 0.0137248
8.18 0 0.0058226 0.00817124 0.0081039
8.19 0 0.00282552 0.00344023 0.002541
8.2 0 -0.000203566 -0.00137688 -0.00294449
8.21 0 -0.00312563 -0.00621187 -0.00834385
8.22 0 -0.00580958 -0.010958 -0.013665
8.23 0 -0.00819267 -0.01547 -0.0189302
8.24 0 -0.0102842 -0.0195998 -0.024155
8.25 0 -0.0121227 -0.0232509 -0.0293197
8.26 0 -0.0137212 -0.026411 -0.0343526
8.27 0 -0.0150553 -0.0291419 -0.0391383
8.28 0 -0.0160965 -0.0315392 -0.0435455
8.29 0 -0.016851 -0.0336843 -0.0474607
8.3 0 -0.0173804 -0.0356109 -0.0508111
8.31 0 -0.0177923 -0.0373017 -0.0535679
8.32 0 -0.0182045 -0.038713 -0.0557323
8.33 0 -0.0187019 -0.0398114 -0.0573123
8.34 0 -0.0193056 -0.0405979 -0.0583066
8.35 0 -0.0199687 -0.0411076 -0.0587013
8.36 0 -0.0206 -0.0413844 -0.0584834
8.37 0 -0.0211011 -0.0414484 -0.0576612
8.38 0 -0.0213998 -0.0412764 -0.0562801
8.39 0 -0.0214629 -0.0408055 -0.0544236
8.4 0 -0.0212857 -0.0399571 -0.0521968
8.41 0 -0.0208724 -0.0386725 -0.0497019
8.42 0 -0.0202204 -0.0369422 -0.0470187
8.43 0 -0.0193175 -0.0348156 -0.0441961
8.44 0 -0.0181513 -0.0323817 -0.0412538
8.45 0 -0.0167259 -0.0297347 -0.0381903
8.46 0 -0.0150773 -0.0269453 -0.0349968
8.47 0 -0.0132742 -0.0240505 -0.0316665
8.48 0 -0.0114022 -0.021063 -0.0281968
8.49 0 -0.00953917 -0.0179919 -0.0245856
8.5 0 -0.00773645 -0.0148611 -0.0208276
8.51 0 -0.00601321 -0.0117146 -0.016917
8.52 0 -0.00436596 -0.00860386 -0.012857
8.53 0 -0.00279246 -0.00556669 -0.00866958
8.54 0 -0.00131035 -0.00261722 -0.00440025
8.55 0 5.22138e-05 0.000245673 -0.000113244
8.56 0 0.00127483 0.00302041 0.00411819
8.57 0 0.002357 0.0056891 0.0082215
8.58 0 0.00332351 0.00821568 0.0121311
8.59 0 0.00421596 0.0105585 0.0157893
8.6 0 0.00507539 0.0126895 0.0191447
8.61 0 0.00592912 0.014605 0.0221498
8.62 0 0.00678397 0.0163221 0.0247596
8.63 0 0.00762561 0.0178651 0.0269357
8.64 0 0.00842859 0.0192477 0.0286539
8.65 0 0.00917212 0.0204598 0.029911
8.66 0 0.00984738 0.0214673 0.030726
8.67 0 0.0104507 0.0222277 0.0311351
8.68 0 0.0109739 0.0227133 0.0311862
8.69 0 0.0114006 0.0229267 0.030934
8.7 0 0.011705 0.022898 0.0304326
8.71 0 0.011858 0.022671 0.029733
8.72 0 0.0118392 0.022287 0.0288849
8.73 0 0.0116471 0.0217719 0.0279384
8.74 0 0.0113046 0.0211338 0.0269419
8.75 0 0.0108514 0.0203721 0.0259355
8.76 0 0.010328 0.0194916 0.0249421
8.77 0 0.00976198 0.0185139 0.0239623
8.78 0 0.00916422 0.0174754 0.0229753
8.79 0 0.0085336 0.0164122 0.021945
8.8 0 0.00786416 0.0153401 0.0208264
8.81 0 0.00715631 0.0142471 0.0195771
8.82 0 0.00642627 0.0131052 0.018171
8.83 0 0.00570276 0.0118859 0.0166003
8.84 0 0.00501087 0.0105722 0.0148661
8.85 0 0.00435564 0.00916477 0.0129685
8.86 0 0.00371976 0.00768111 0.0109064
8.87 0 0.00307506 0.00614668 0.00868367
8.88 0 0.00239785 0.00458116 0.00631659
8.89 0 0.00167885 0.00298868 0.00383632
8.9 0 0.000924648 0.00135832 0.0012858
8.91 0 0.000152077 -0.000324074 -0.00128695
8.92 0 -0.00062353 -0.00205984 -0.00383695
8.93 0 -0.00139859 -0.00382911 -0.0063295
8.94 0 -0.00218259 -0.00559624 -0.00874354
8.95 0 -0.00299004 -0.00732464 -0.0110696
8.96 0 -0.00382773 -0.00899064 -0.0133032
8.97 0 -0.00468837 -0.0105885 -0.0154391
8.98 0 -0.0055524 -0.0121246 -0.017469
8.99 0 -0.00639147 -0.0136059 -0.0193817
9 0 -0.00717579 -0.0150272 -0.0211654
9.01 0 -0.00788362 -0.0163654 -0.0228115
9.02 0 -0.00850613 -0.0175826 -0.024314
9.03 0 -0.00904322 -0.0186375 -0.0256657
9.04 0 -0.00949222 -0.0195002 -0.026853
9.05 0 -0.00984238 -0.0201585 -0.0278546
9.06 0 -0.0100792 -0.0206183 -0.0286451
9.07 0 -0.0101916 -0.0208944 -0.0292008
9.08 0 -0.0101792 -0.0210001 -0.029504
9.09 0 -0.0100562 -0.0209394 -0.0295463
9.1 0 -0.00984889 -0.0207084 -0.0293278
9.11 0 -0.00958658 -0.020302 -0.0288532
9.12 0 -0.00929143 -0.0197253 -0.0281294
9.13 0 -0.00897426 -0.0189982 -0.0271652
9.14 0 -0.00863551 -0.0181527 -0.025973
9.15 0 -0.00827039 -0.0172225 -0.024571
9.16 0 -0.00787565 -0.0162329 -0.0229859
9.17 0 -0.00745293 -0.0151955 -0.0212532
9.18 0 -0.00700652 -0.0141081 -0.0194145
9.19 0 -0.00653837 -0.0129621 -0.0175135
9.2 0 -0.00604472 -0.0117514 -0.0155897
9.21 0 -0.00551502 -0.0104775 -0.0136732
9.22 0 -0.00493314 -0.00914986 -0.011782
9.23 0 -0.00428251 -0.00777954 -0.00992229
9.24 0 -0.0035529 -0.00637094 -0.00808958
9.25 0 -0.00274598 -0.00492001 -0.00627295
9.26 0 -0.00187631 -0.00341875 -0.00445847
9.27 0 -0.00096769 -0.00186071 -0.00262923
9.28 0 -4.84054e-05 -0.000248017 -0.000765828
9.29 0 0.00085419 0.0014013 0.00115005
9.3 0 0.00171762 0.00305335 0.00313146
9.31 0 0.00252309 0.00466575 0.00518085
9.32 0 0.00325165 0.00619691 0.00728449
9.33 0 0.00388506 0.00761485 0.00941135
9.34 0 0.00441075 0.00890108 0.0115161
9.35 0 0.00482558 0.0100493 0.0135442
9.36 0 0.00513886 0.0110621 0.0154391
9.37 0 0.00537285 0.0119461 0.0171486
9.38 0 0.00555817 0.012707 0.0186277
9.39 0 0.00572649 0.0133482 0.01984
9.4 0 0.00590314 0.0138729 0.0207592
9.41 0 0.00610153 0.0142851 0.0213697
9.42 0 0.00632052 0.0145889 0.0216674
9.43 0 0.00654529 0.0147852 0.0216598
9.44 0 0.00675132 0.0148676 0.0213653
9.45 0 0.00690949 0.0148213 0.0208127
9.46 0 0.00698988 0.0146246 0.0200373
9.47 0 0.00696382 0.014253 0.0190761
9.48 0 0.00680565 0.0136851 0.017962
9.49 0 0.00649568 0.0129073 0.01672
9.5 0 0.006024 0.0119166 0.0153643
9.51 0 0.00539291 0.0107213 0.0138985
9.52 0 0.00461745 0.00933907 0.0123162
9.53 0 0.00372447 0.00779472 0.0106037
9.54 0 0.0027503 0.00611774 0.00874431
9.55 0 0.00173844 0.00434038 0.00672239
9.56 0 0.000734866 0.00249743 0.00452817
9.57 0 -0.000219832 0.000627117 0.00216164
9.58 0 -0.00109618 -0.00123037 -0.000364275
9.59 0 -0.00187782 -0.00303795 -0.00302196
9.6 0 -0.00256177 -0.00476812 -0.00576965
9.61 0 -0.00315783 -0.00640783 -0.00855416
9.62 0 -0.00368692 -0.00795857 -0.0113146
9.63 0 -0.00417775 -0.00943224 -0.0139872
9.64 0 -0.00466232 -0.0108459 -0.0165113
9.65 0 -0.00517166 -0.0122158 -0.0188366
9.66 0 -0.00573107 -0.0135526 -0.0209278
9.67 0 -0.00635592 -0.0148604 -0.0227664
9.68 0 -0.00704864 -0.0161356 -0.0243485
9.69 0 -0.00779765 -0.0173663 -0.0256825
9.7 0 -0.0085819 -0.0185328 -0.0267856
9.71 0 -0.00937438 -0.01961 -0.0276807
9.72 0 -0.0101383 -0.0205702 -0.0283904
9.73 0 -0.0108272 -0.0213857 -0.0289333
9.74 0 -0.0113923 -0.0220306 -0.0293244
9.75 0 -0.011791 -0.0224817 -0.0295748
9.76 0 -0.0119921 -0.0227172 -0.029691
9.77 0 -0.01198 -0.0227191 -0.0296749
9.78 0 -0.0117586 -0.0224763 -0.0295233
9.79 0 -0.0113511 -0.0219871 -0.0292263
9.8 0 -0.0107931 -0.0212629 -0.0287644
9.81 0 -0.0101239 -0.0203293 -0.0281093
9.82 0 -0.00938119 -0.0192241 -0.0272273
9.83 0 -0.00859878 -0.0179894 -0.0260853
9.84 0 -0.0078074 -0.016664 -0.024658
9.85 0 -0.00703393 -0.015276 -0.0229331
9.86 0 -0.00629879 -0.013838 -0.0209137
9.87 0 -0.00561297 -0.0123478 -0.0186177
9.88 0 -0.00497529 -0.0107943 -0.0160766
9.89 0 -0.00436878 -0.00916507 -0.0133321
9.9 0 -0.00376123 -0.00745146 -0.0104321
9.91 0 -0.00311243 -0.00565082 -0.00742772
9.92 0 -0.00238393 -0.0037647 -0.00437063
9.93 0 -0.00154732 -0.00179515 -0.00131047
9.94 0 -0.000590234 0.000256903 0.00170848
9.95 0 0.000480245 0.00238953 0.00465083
9.96 0 0.00164074 0.00459415 0.00749403
9.97 0 0.00286058 0.00684866 0.0102308
9.98 0 0.00410777 0.00911499 0.0128673
9.99 0 0.00535221 0.0113418 0.0154171
10 0 0.00656341 0.013472 0.0178901
10.01 0 0.00770345 0.0154545 0.0202849
10.02 0 0.00873311 0.0172533 0.0225861
10.03 0 0.00962298 0.0188487 0.0247667
10.04 0 0.0103545 0.0202364 0.0267925
10.05 0 0.0109209 0.0214235 0.0286275
10.06 0 0.0113301 0.0224194 0.030239
10.07 0 0.0116041 0.0232278 0.0315996
10.08 0 0.0117736 0.0238462 0.0326875
10.09 0 0.0118686 0.0242698 0.0334843
10.1 0 0.01191 0.0244966 0.0339729
10.11 0 0.0119057 0.0245308 0.0341375
10.12 0 0.0118517 0.0243806 0.0339658
10.13 0 0.0117362 0.0240531 0.0334521
10.14 0 0.0115454 0.0235474 0.0325996
10.15 0 0.011268 0.0228541 0.0314217
10.16 0 0.0108973 0.0219593 0.0299421
10.17 0 0.010431 0.0208529 0.0281921
10.18 0 0.00986822 0.019537 0.0262077
10.19 0 0.00920875 0.0180303 0.0240252
10.2 0 0.0084522 0.0163632 0.0216783
10.21 0 0.00759944 0.0145689 0.0191963
10.22 0 0.00665582 0.0126749 0.0166046
10.23 0 0.00563598 0.0107005 0.013928
10.24 0 0.00456699 0.00866048 0.0111929
10.25 0 0.003484 0.00657147 0.00842591
10.26 0 0.00241944 0.00445998 0.00565134
10.27 0 0.00139493 0.00236427 0.00288983
10.28 0 0.000423302 0.000328218 0.000160173
10.29 0 -0.000485253 -0.00160851 -0.00251694
10.3 0 -0.00132118 -0.00341721 -0.00511571
10.31 0 -0.00207512 -0.00508205 -0.00760374
10.32 0 -0.00273937 -0.00659776 -0.00994356
10.33 0 -0.00331192 -0.0079647 -0.0120971
10.34 0 -0.00379955 -0.00918367 -0.01403
10.35 0 -0.00421787 -0.0102535 -0.0157159
10.36 0 -0.00458824 -0.0111725 -0.0171371
10.37 0 -0.0049306 -0.0119409 -0.018284
10.38 0 -0.00525522 -0.0125633 -0.0191523
10.39 0 -0.00555916 -0.0130478 -0.0197415
10.4 0 -0.00582941 -0.0134015 -0.0200562
10.41 0 -0.00604896 -0.0136264 -0.0201076
10.42 0 -0.0062019 -0.0137166 -0.0199147
10.43 0 -0.00627596 -0.0136594 -0.0195032
10.44 0 -0.00626233 -0.013441 -0.0189026
10.45 0 -0.0061543 -0.0130525 -0.0181426
10.46 0 -0.0059468 -0.0124951 -0.0172487
10.47 0 -0.00563758 -0.0117807 -0.0162406
10.48 0 -0.00522909 -0.0109298 -0.0151319
10.49 0 -0.00473094 -0.00996583 -0.0139308
10.5 0 -0.00416225 -0.00891263 -0.0126437
10.51 0 -0.00355148 -0.00779464 -0.0112786
10.52 0 -0.00293181 -0.00663731 -0.00984533
10.53 0 -0.00233413 -0.00546642 -0.00835446
10.54 0 -0.0017814 -0.00430833 -0.00681701
10.55 0 -0.00128637 -0.00318972 -0.00524684
10.56 0 -0.000852368 -0.00213415 -0.00366256
10.57 0 -0.000476119 -0.00115712 -0.00208861
10.58 0 -0.00015085 -0.000263541 -0.000555114
10.59 0 0.00013226 0.000551403 0.000904152
10.6 0 0.000384886 0.00129887 0.00225616
10.61 0 0.000623187 0.00199262 0.0034742
10.62 0 0.000867588 0.00264626 0.00454228
10.63 0 0.00113876 0.00327128 0.00545629
10.64 0 0.00145134 0.00387616 0.0062223
10.65 0 0.00180952 0.00446689 0.0068548
10.66 0 0.00220639 0.00504772 0.00737561
10.67 0 0.00262569 0.0056201 0.00781224
10.68 0 0.00304503 0.00617999 0.00819501
10.69 0 0.00344122 0.00671663 0.00855436
10.7 0 0.00379447 0.00721446 0.00891804
10.71 0 0.00408842 0.00765738 0.00930722
10.72 0 0.00430908 0.00803239 0.00973269
10.73 0 0.00444515 0.00833074 0.0101922
10.74 0 0.00448908 0.00854677 0.0106696
10.75 0 0.00444005 0.00867604 0.0111374
10.76 0 0.00430802 0.00871568 0.011561
10.77 0 0.004115 0.00866687 0.0119055
10.78 0 0.00389096 0.00853712 0.0121382
10.79 0 0.00366641 0.00834029 0.0122306
10.8 0 0.00346578 0.00809462 0.0121594
10.81 0 0.00330402 0.00781873 0.0119093
10.82 0 0.0031866 0.00752689 0.0114758
10.83 0 0.00311153 0.00722562 0.0108676
10.84 0 0.00307085 0.00691231 0.0101067
10.85 0 0.00305048 0.00657637 0.00922512
10.86 0 0.00302944 0.0062021 0.00825944
10.87 0 0.00298038 0.00577213 0.00724512
10.88 0 0.00287268 0.00527019 0.00621195
10.89 0 0.00267883 0.00468355 0.00518218
10.9 0 0.00238219 0.00400544 0.00417102
10.91 0 0.00198191 0.00323624 0.00318678
10.92 0 0.00149192 0.00238353 0.00222946
10.93 0 0.000936318 0.00146233 0.00129
10.94 0 0.000344763 0.000495426 0.00035208
10.95 0 -0.000250939 -0.000487786 -0.000603914
10.96 0 -0.000819302 -0.00145464 -0.00159583
10.97 0 -0.00133147 -0.00237409 -0.00263515
10.98 0 -0.0017637 -0.00322115 -0.00372367
10.99 0 -0.00210018 -0.00397961 -0.00485196
11 0 -0.00233591 -0.00464271 -0.00600011
11.01 0 -0.00247897 -0.00521256 -0.00714051
11.02 0 -0.0025511 -0.0056996 -0.00824217
11.03 0 -0.00258624 -0.0061228 -0.00927587
11.04 0 -0.00262455 -0.00650821 -0.0102174
11.05 0 -0.00270183 -0.00688329 -0.0110468
11.06 0 -0.00284064 -0.00727013 -0.0117477
11.07 0 -0.00304835 -0.00768147 -0.0123104
11.08 0 -0.00331988 -0.00811892 -0.0127357
11.09 0 -0.00364048 -0.00857209 -0.0130355
11.1 0 -0.00398787 -0.00901927 -0.013231
11.11 0 -0.004334 -0.00943089 -0.0133472
11.12 0 -0.0046462 -0.00977514 -0.0134084
11.13 0 -0.00489058 -0.0100248 -0.0134342
11.14 0 -0.0050383 -0.0101624 -0.0134388
11.15 0 -0.0050713 -0.0101815 -0.0134304
11.16 0 -0.00498522 -0.0100843 -0.0134096
11.17 0 -0.00479008 -0.00987814 -0.0133692
11.18 0 -0.0045087 -0.00957481 -0.0132951
11.19 0 -0.00417188 -0.00919036 -0.0131672
11.2 0 -0.00381213 -0.00874451 -0.0129615
11.21 0 -0.0034585 -0.00825852 -0.0126526
11.22 0 -0.00313373 -0.00775207 -0.0122174
11.23 0 -0.00285273 -0.00724049 -0.0116392
11.24 0 -0.00262242 -0.00673284 -0.0109121
11.25 0 -0.00244217 -0.00623076 -0.0100427
11.26 0 -0.00230408 -0.00572885 -0.00904945
11.27 0 -0.0021938 -0.00521733 -0.00796099
11.28 0 -0.00209199 -0.00468562 -0.00681276
11.29 0 -0.00197605 -0.00412483 -0.00564249
11.3 0 -0.00182258 -0.00352816 -0.00448541
11.31 0 -0.00161078 -0.00289047 -0.0033703
11.32 0 -0.0013267 -0.00220826 -0.00231734
11.33 0 -0.000966539 -0.00148061 -0.00133742
11.34 0 -0.000537693 -0.00071108 -0.000432171
11.35 0 -5.70364e-05 9.08876e-05 0.000405641
11.36 0 0.000452664 0.0009098 0.00119124
11.37 0 0.000966339 0.00172553 0.00194552
11.38 0 0.00145932 0.00251621 0.00269148
11.39 0 0.00190916 0.00326179 0.00345003
11.4 0 0.00229694 0.00394689 0.00423579
11.41 0 0.00260868 0.00456184 0.0050541
11.42 0 0.0028379 0.00510268 0.00590008
11.43 0 0.00298726 0.0055705 0.00675964
11.44 0 0.0030679 0.00597029 0.00761112
11.45 0 0.00309751 0.00630934 0.00842746
11.46 0 0.00309792 0.00659584 0.00917887
11.47 0 0.0030918 0.00683839 0.00983596
11.48 0 0.0030994 0.0070459 0.0103731
11.49 0 0.00313584 0.00722699 0.0107713
11.5 0 0.00320954 0.007389 0.0110209
11.51 0 0.00332195 0.00753662 0.011123
11.52 0 0.00346734 0.00767011 0.011089
11.53 0 0.00363295 0.00778395 0.0109385
11.54 0 0.00380008 0.00786713 0.0106964
11.55 0 0.00394646 0.00790519 0.0103898
11.56 0 0.00404915 0.00788301 0.0100449
11.57 0 0.00408759 0.00778753 0.00968368
11.58 0 0.00404665 0.00761002 0.00932215
11.59 0 0.00391913 0.00734742 0.00896866
11.6 0 0.00370706 0.00700263 0.00862339
11.61 0 0.00342108 0.00658354 0.00827837
11.62 0 0.00307822 0.00610144 0.00791806
11.63 0 0.00269909 0.00556901 0.00752096
11.64 0 0.00230532 0.00499815 0.00706199
11.65 0 0.0019173 0.00439886 0.00651581
11.66 0 0.00155097 0.00377889 0.0058602
11.67 0 0.00121574 0.00314338 0.00507903
11.68 0 0.000914548 0.00249458 0.00416501
11.69 0 0.000644849 0.00183203 0.00312149
11.7 0 0.000399746 0.00115295 0.00196254
11.71 0 0.000168995 0.00045342 0.000711477
11.72 0 -5.9811e-05 -0.000270109 -0.000601558
11.73 0 -0.000299992 -0.00101938 -0.00194291
11.74 0 -0.000564398 -0.00179379 -0.00327899
11.75 0 -0.000863282 -0.00258998 -0.00457909
11.76 0 -0.00120181 -0.00340152 -0.00581701
11.77 0 -0.00157897 -0.00421934 -0.00697277
11.78 0 -0.0019884 -0.00503297 -0.00803442
11.79 0 -0.00242013 -0.00583192 -0.00899915
11.8 0 -0.00286212 -0.00660634 -0.00987287
11.81 0 -0.0033009 -0.00734689 -0.0106678
11.82 0 -0.00372214 -0.00804374 -0.011399
11.83 0 -0.00411179 -0.00868624 -0.0120804
11.84 0 -0.0044564 -0.00926434 -0.0127227
11.85 0 -0.00474345 -0.00976983 -0.0133313
11.86 0 -0.0049629 -0.0101968 -0.0139057
11.87 0 -0.00510944 -0.0105412 -0.0144401
11.88 0 -0.00518379 -0.0108007 -0.0149239
11.89 0 -0.00519253 -0.0109742 -0.0153428
11.9 0 -0.00514702 -0.0110621 -0.0156794
11.91 0 -0.00506122 -0.011067 -0.0159149
11.92 0 -0.00494862 -0.0109938 -0.0160302
11.93 0 -0.0048198 -0.0108487 -0.016007
11.94 0 -0.00468131 -0.0106372 -0.0158301
11.95 0 -0.00453625 -0.0103627 -0.0154896
11.96 0 -0.00438556 -0.0100261 -0.0149833
11.97 0 -0.00422867 -0.00962602 -0.0143175
11.98 0 -0.00406248 -0.00915995 -0.0135059
11.99 0 -0.00388015 -0.00862474 -0.0125663
12 0 -0.00367133 -0.00801773 -0.0115192
12.01 0 -0.00342363 -0.00733725 -0.0103851
12.02 0 -0.00312534 -0.00658266 -0.00918345
12.03 0 -0.00276877 -0.00575432 -0.00793172
12.04 0 -0.00235222 -0.00485354 -0.00664406
12.05 0 -0.00187935 -0.0038834 -0.00532993
12.06 0 -0.00135717 -0.00284968 -0.00399299
12.07 0 -0.000794918 -0.00176158 -0.00263153
12.08 0 -0.000204007 -0.000632007 -0.00124062
12.09 0 0.000402068 0.000523754 0.000185485
12.1 0 0.00100814 0.00168968 0.00165078
12.11 0 0.00159817 0.0028501 0.00315516
12.12 0 0.00215688 0.00399022 0.00469291
12.13 0 0.00267173 0.00509599 0.00625205
12.14 0 0.00313519 0.00615417 0.00781471
12.15 0 0.0035467 0.00715312 0.00935846
12.16 0 0.00391222 0.00808449 0.0108577
12.17 0 0.00424078 0.00894441 0.0122845
12.18 0 0.00454149 0.00973312 0.0136103
12.19 0 0.00482254 0.0104534 0.0148078
12.2 0 0.00509098 0.0111083 0.0158542
12.21 0 0.00535209 0.0116986 0.0167332
12.22 0 0.00560819 0.0122212 0.0174351
12.23 0 0.00585767 0.0126696 0.0179575
12.24 0 0.00609421 0.0130352 0.0183041
12.25 0 0.00630694 0.0133092 0.0184838
12.26 0 0.00648176 0.013484 0.0185092
12.27 0 0.00660321 0.0135538 0.0183954
12.28 0 0.00665688 0.0135134 0.0181576
12.29 0 0.00663161 0.0133588 0.0178102
12.3 0 0.00652117 0.0130868 0.0173653
12.31 0 0.00632551 0.0126967 0.0168313
12.32 0 0.00605052 0.0121909 0.0162121
12.33 0 0.00570621 0.0115763 0.0155067
12.34 0 0.0053049 0.0108645 0.0147097
12.35 0 0.00486049 0.0100708 0.0138132
12.36 0 0.00438796 0.00921209 0.0128098
12.37 0 0.0039023 0.0083039 0.0116941
12.38 0 0.00341711 0.00735886 0.0104651
12.39 0 0.00294325 0.00638622 0.00912692
12.4 0 0.00248742 0.0053925 0.00768947
12.41 0 0.00205158 0.00438222 0.00616776
12.42 0 0.00163285 0.0033588 0.00458084
12.43 0 0.0012233 0.00232497 0.00295025
12.44 0 0.000811652 0.00128281 0.0012989
12.45 0 0.000386812 0.000233714 -0.000349563
12.46 0 -5.91529e-05 -0.000821338 -0.00197169
12.47 0 -0.000529526 -0.00188082 -0.00354582
12.48 0 -0.00102271 -0.00294083 -0.00505358
12.49 0 -0.00153314 -0.00399359 -0.00648128
12.5 0 -0.00205233 -0.00502689 -0.00782051
12.51 0 -0.00256903 -0.00602451 -0.00906718
12.52 0 -0.00306916 -0.00696763 -0.0102197
12.53 0 -0.00353662 -0.00783718 -0.0112772
12.54 0 -0.00395632 -0.00861634 -0.0122389
12.55 0 -0.00431666 -0.00929264 -0.0131033
12.56 0 -0.00460958 -0.00985952 -0.0138676
12.57 0 -0.00483127 -0.0103166 -0.0145285
12.58 0 -0.00498353 -0.0106686 -0.0150824
12.59 0 -0.0050734 -0.0109228 -0.0155261
12.6 0 -0.00511126 -0.0110865 -0.0158558
12.61 0 -0.00510807 -0.0111659 -0.0160669
12.62 0 -0.00507325 -0.0111654 -0.0161538
12.63 0 -0.00501341 -0.0110881 -0.016111
12.64 0 -0.00493181 -0.0109366 -0.015934
12.65 0 -0.00482861 -0.0107124 -0.0156205
12.66 0 -0.00470184 -0.0104161 -0.0151712
12.67 0 -0.00454884 -0.010047 -0.0145907
12.68 0 -0.00436712 -0.00960444 -0.0138876
12.69 0 -0.0041542 -0.00908751 -0.0130733
12.7 0 -0.00390723 -0.00849633 -0.0121605
12.71 0 -0.00362301 -0.00783245 -0.0111617
12.72 0 -0.0032988 -0.00709924 -0.010089
12.73 0 -0.00293375 -0.00630179 -0.00895324
12.74 0 -0.00253025 -0.0054463 -0.00776413
12.75 0 -0.00209368 -0.00453967 -0.00652972
12.76 0 -0.00163115 -0.0035899 -0.00525622
12.77 0 -0.00115082 -0.00260696 -0.00394884
12.78 0 -0.000662032 -0.00160339 -0.00261334
12.79 0 -0.000175125 -0.000593997 -0.00125723
12.8 0 0.00029907 0.00040521 0.000109243
12.81 0 0.000750165 0.00137829 0.00147277
12.82 0 0.0011696 0.00231083 0.00281735
12.83 0 0.00155172 0.00319084 0.00412496
12.84 0 0.00189388 0.00400874 0.00537586
12.85 0 0.00219617 0.00475709 0.00654928
12.86 0 0.00246137 0.00543084 0.00762495
12.87 0 0.00269433 0.00602744 0.00858454
12.88 0 0.00290037 0.00654603 0.00941235
12.89 0 0.00308393 0.00698673 0.010096
12.9 0 0.00324787 0.00735004 0.0106275
12.91 0 0.00339299 0.00763598 0.0110034
12.92 0 0.00351761 0.00784321 0.0112243
12.93 0 0.00361705 0.0079685 0.0112946
12.94 0 0.0036833 0.00800659 0.0112203
12.95 0 0.0037058 0.00795048 0.0110087
12.96 0 0.0036732 0.00779231 0.0106674
12.97 0 0.00357513 0.00752405 0.0102028
12.98 0 0.00340453 0.00713917 0.00962062
12.99 0 0.00315969 0.00663521 0.00892567
13 0 0.00284507 0.0060154 0.00812229
13.01 0 0.00247085 0.00528923 0.00721404
13.02 0 0.00205101 0.00447226 0.00620399
13.03 0 0.00160139 0.0035851 0.00509588
13.04 0 0.00113859 0.00265122 0.00389573
13.05 0 0.000678647 0.0016938 0.00261316
13.06 0 0.000235814 0.000733349 0.00126238
13.07 0 -0.000177898 -0.000212547 -0.00013648
13.08 0 -0.000553886 -0.00112897 -0.00155758
13.09 0 -0.000889197 -0.00200414 -0.00297167
13.1 0 -0.00118725 -0.0028296 -0.00434843
13.11 0 -0.00145638 -0.00359991 -0.00565799
13.12 0 -0.00170736 -0.00431265 -0.00687246
13.13 0 -0.00195077 -0.00496826 -0.00796758
13.14 0 -0.00219467 -0.00556902 -0.00892411
13.15 0 -0.00244321 -0.00611734 -0.0097291
13.16 0 -0.0026961 -0.0066138 -0.0103767
13.17 0 -0.00294915 -0.00705599 -0.0108688
13.18 0 -0.00319519 -0.00743871 -0.0112143
13.19 0 -0.00342429 -0.00775422 -0.0114278
13.2 0 -0.0036243 -0.00799336 -0.0115263
13.21 0 -0.00378186 -0.00814759 -0.011527
13.22 0 -0.00388338 -0.00821088 -0.0114455
13.23 0 -0.00391721 -0.00818051 -0.0112943
13.24 0 -0.00387637 -0.00805686 -0.0110829
13.25 0 -0.00376032 -0.00784243 -0.0108166
13.26 0 -0.00357518 -0.00754119 -0.0104965
13.27 0 -0.00333288 -0.00715956 -0.01012
13.28 0 -0.00304931 -0.00670736 -0.0096813
13.29 0 -0.00274195 -0.00619783 -0.00917281
13.3 0 -0.00242778 -0.00564696 -0.00858676
13.31 0 -0.00212118 -0.00507166 -0.00791735
13.32 0 -0.00183273 -0.00448703 -0.00716265
13.33 0 -0.00156913 -0.00390398 -0.00632633
13.34 0 -0.00133255 -0.0033274 -0.00541775
13.35 0 -0.00111928 -0.00275531 -0.00445033
13.36 0 -0.00091949 -0.00218003 -0.00343959
13.37 0 -0.000718565 -0.00159075 -0.00240159
13.38 0 -0.00049994 -0.000976484 -0.00135185
13.39 0 -0.000249133 -0.000329174 -0.000305055
13.4 0 4.26942e-05 0.000354215 0.00072522
13.41 0 0.000376767 0.00107064 0.00172709
13.42 0 0.000746356 0.00181063 0.00269083
13.43 0 0.00113793 0.00255863 0.00360911
13.44 0 0.00153377 0.00329469 0.00447727
13.45 0 0.00191554 0.00399759 0.00529366
13.46 0 0.00226715 0.00464832 0.00605932
13.47 0 0.0025762 0.00523265 0.0067764
13.48 0 0.00283493 0.0057429 0.0074469
13.49 0 0.00304051 0.00617812 0.0080714
13.5 0 0.00319457 0.00654236 0.00864792
13.51 0 0.00330258 0.00684221 0.00917157
13.52 0 0.00337303 0.00708484 0.00963508
13.53 0 0.00341588 0.00727665 0.0100297
13.54 0 0.0034409 0.00742261 0.0103462
13.55 0 0.00345653 0.0075263 0.0105763
13.56 0 0.00346874 0.0075902 0.0107136
13.57 0 0.00348045 0.00761599 0.0107549
13.58 0 0.00349139 0.0076045 0.0107002
13.59 0 0.00349833 0.00755532 0.0105532
13.6 0 0.00349577 0.0074664 0.0103208
13.61 0 0.00347663 0.0073339 0.0100121
13.62 0 0.00343261 0.00715226 0.00963653
13.63 0 0.00335482 0.00691466 0.00920245
13.64 0 0.00323492 0.00661429 0.00871604
13.65 0 0.00306685 0.00624588 0.00818089
13.66 0 0.0028485 0.00580695 0.00759815
13.67 0 0.0025824 0.00529884 0.00696675
13.68 0 0.00227534 0.004727 0.00628387
13.69 0 0.0019372 0.00410063 0.00554563
13.7 0 0.00157941 0.00343129 0.00474785
13.71 0 0.00121334 0.002731 0.00388688
13.72 0 0.000849176 0.00201067 0.00296091
13.73 0 0.000495325 0.0012794 0.0019714
13.74 0 0.000157616 0.000544065 0.000923809
13.75 0 -0.000161052 -0.000190222 -0.000171977
13.76 0 -0.000460461 -0.000919046 -0.00130155
13.77 0 -0.000742882 -0.00163815 -0.00244677
13.78 0 -0.00101284 -0.00234362 -0.00358734
13.79 0 -0.00127614 -0.00303201 -0.00470232
13.8 0 -0.00153832 -0.00370028 -0.0057713
13.81 0 -0.00180365 -0.00434585 -0.00677594
13.82 0 -0.00207446 -0.00496635 -0.00770138
13.83 0 -0.00235023 -0.00555847 -0.00853661
13.84 0 -0.00262721 -0.00611694 -0.00927457
13.85 0 -0.00289888 -0.00663421 -0.00991218
13.86 0 -0.00315685 -0.00710107 -0.01045
13.87 0 -0.00339227 -0.00750783 -0.0108918
13.88 0 -0.00359673 -0.00784561 -0.011243
13.89 0 -0.00376171 -0.00810714 -0.0115089
13.9 0 -0.00387842 -0.0082871 -0.0116929
13.91 0 -0.00393922 -0.00838216 -0.0117963
13.92 0 -0.00393958 -0.00839056 -0.0118185
13.93 0 -0.00387944 -0.00831164 -0.0117575
13.94 0 -0.00376365 -0.00814605 -0.0116098
13.95 0 -0.00360085 -0.00789654 -0.0113714
13.96 0 -0.00340138 -0.00756879 -0.0110376
13.97 0 -0.00317559 -0.00717172 -0.0106037
13.98 0 -0.00293326 -0.00671657 -0.0100666
13.99 0 -0.00268299 -0.00621487 -0.0094256
14 0 -0.00243106 -0.00567633 -0.0086833
14.01 0 -0.00218103 -0.00510774 -0.00784595
14.02 0 -0.00193369 -0.00451272 -0.00692384
14.03 0 -0.00168718 -0.00389235 -0.00593082
14.04 0 -0.00143703 -0.00324618 -0.00488303
14.05 0 -0.00117686 -0.0025735 -0.00379773
14.06 0 -0.000899952 -0.00187465 -0.00269232
14.07 0 -0.000601138 -0.00115198 -0.00158373
14.08 0 -0.000278645 -0.000410534 -0.000488044
14.09 0 6.50965e-05 0.00034184 0.000580114
14.1 0 0.000423935 0.00109496 0.00160846
14.11 0 0.000789328 0.0018372 0.00258791
14.12 0 0.00115188 0.00255655 0.00351295
14.13 0 0.00150238 0.00324165 0.00438122
14.14 0 0.00183218 0.00388245 0.00519231
14.15 0 0.00213367 0.0044709 0.00594661
14.16 0 0.00240059 0.00500125 0.00664423
14.17 0 0.00262809 0.00546945 0.00728375
14.18 0 0.00281288 0.00587233 0.00786155
14.19 0 0.00295375 0.00620735 0.00837194
14.2 0 0.00305172 0.00647239 0.00880749
14.21 0 0.00310967 0.00666591 0.00915951
14.22 0 0.00313165 0.00678718 0.00941863
14.23 0 0.00312164 0.00683608 0.00957514
14.24 0 0.00308259 0.00681249 0.0096193
14.25 0 0.003016 0.00671574 0.0095421
14.26 0 0.00292243 0.00654471 0.00933662
14.27 0 0.00280204 0.00629806 0.00899911
14.28 0 0.00265474 0.00597458 0.00852937
14.29 0 0.00248029 0.00557395 0.00793098
14.3 0 0.00227885 0.00509801 0.00721157
14.31 0 0.00205138 0.00455176 0.00638287
14.32 0 0.00179983 0.00394348 0.00546019
14.33 0 0.00152666 0.0032837 0.00446123
14.34 0 0.00123393 0.00258319 0.00340424
14.35 0 0.00092294 0.00185132 0.00230664
14.36 0 0.000594836 0.00109564 0.00118454
14.37 0 0.000251628 0.000322647 5.29851e-05
14.38 0 -0.000103093 -0.000460791 -0.00107387
14.39 0 -0.000464257 -0.00124639 -0.00218286
14.4 0 -0.000826082 -0.00202421 -0.00326237
14.41 0 -0.00118308 -0.0027836 -0.00430295
14.42 0 -0.00153054 -0.00351455 -0.00529757
14.43 0 -0.00186451 -0.00420907 -0.00624127
14.44 0 -0.00218181 -0.00486225 -0.00713091
14.45 0 -0.00247977 -0.00547206 -0.00796453
14.46 0 -0.00275565 -0.00603779 -0.00874024
14.47 0 -0.00300679 -0.00655836 -0.00945568
14.48 0 -0.00323122 -0.00703136 -0.010108
14.49 0 -0.00342784 -0.00745263 -0.0106935
14.5 0 -0.00359609 -0.00781709 -0.0112078
14.51 0 -0.00373564 -0.00812084 -0.0116462
14.52 0 -0.00384628 -0.00836224 -0.0120043
14.53 0 -0.00392777 -0.00854169 -0.0122781
14.54 0 -0.0039802 -0.00866072 -0.0124645
14.55 0 -0.00400419 -0.00872085 -0.0125615
14.56 0 -0.00400057 -0.00872243 -0.0125679
14.57 0 -0.00396982 -0.00866412 -0.0124831
14.58 0 -0.00391132 -0.00854298 -0.0123065
14.59 0 -0.00382324 -0.00835543 -0.012037
14.6 0 -0.00370307 -0.00809847 -0.0116739
14.61 0 -0.00354836 -0.0077704 -0.0112167
14.62 0 -0.0033577 -0.00737111 -0.010666
14.63 0 -0.00313111 -0.00690191 -0.0100232
14.64 0 -0.00287053 -0.00636512 -0.009291
14.65 0 -0.00257991 -0.00576413 -0.00847269
14.66 0 -0.00226421 -0.00510383 -0.00757262
14.67 0 -0.00192846 -0.00439118 -0.00659609
14.68 0 -0.00157754 -0.00363522 -0.00554995
14.69 0 -0.00121601 -0.00284614 -0.00444276
14.7 0 -0.00084792 -0.00203382 -0.00328478
14.71 0 -0.000476701 -0.00120668 -0.00208779
14.72 0 -0.000104923 -0.000371199 -0.000864648
14.73 0 0.000266166 0.000468034 0.000371527
14.74 0 0.000636776 0.00130775 0.00160806
14.75 0 0.00100826 0.00214518 0.00283324
14.76 0 0.00138253 0.00297765 0.00403685
14.77 0 0.00176119 0.00380241 0.00521039
14.78 0 0.00214455 0.00461647 0.00634702
14.79 0 0.00253073 0.0054161 0.00744119
14.8 0 0.00291558 0.00619655 0.00848839
14.81 0 0.00329317 0.00695164 0.00948505
14.82 0 0.0036571 0.00767321 0.0104279
14.83 0 0.00400071 0.00835083 0.0113129
14.84 0 0.00431566 0.00897249 0.0121336
14.85 0 0.00459136 0.0095254 0.0128802
14.86 0 0.00481669 0.00999667 0.0135401
14.87 0 0.00498292 0.0103747 0.0140999
14.88 0 0.00508595 0.0106505 0.0145465
14.89 0 0.00512694 0.0108185 0.0148687
14.9 0 0.00511135 0.0108774 0.0150567
14.91 0 0.00504704 0.0108296 0.0151023
14.92 0 0.00494253 0.010681 0.014999
14.93 0 0.00480594 0.0104405 0.0147431
14.94 0 0.00464445 0.0101181 0.0143345
14.95 0 0.00446399 0.00972386 0.0137778
14.96 0 0.0042688 0.00926591 0.0130824
14.97 0 0.00406074 0.0087499 0.0122619
14.98 0 0.00383854 0.00817876 0.0113327
14.99 0 0.00359773 0.00755344 0.0103124
15 0 0.00333189 0.00687424 0.00921953
15.01 0 0.00303419 0.00614191 0.00807195
15.02 0 0.00269914 0.00535777 0.00688599
15.03 0 0.00232427 0.0045239 0.00567535
15.04 0 0.00191058 0.00364391 0.00445037
15.05 0 0.00146211 0.00272368 0.0032178
15.06 0 0.000985265 0.00177137 0.00198063
15.07 0 0.000488235 0.00079682 0.00073879
15.08 0 -1.90535e-05 -0.000188918 -0.000509302
15.09 0 -0.000524998 -0.00117394 -0.00176472
15.1 0 -0.0010171 -0.00214594 -0.00302642
15.11 0 -0.00148355 -0.00309282 -0.00429042
15.12 0 -0.00191507 -0.0040035 -0.00554969
15.13 0 -0.00230643 -0.0048688 -0.00679442
15.14 0 -0.00265663 -0.00568183 -0.00801206
15.15 0 -0.00296783 -0.00643795 -0.00918723
15.16 0 -0.00324397 -0.00713409 -0.0103018
15.17 0 -0.00348996 -0.00776802 -0.0113359
15.18 0 -0.00371104 -0.0083378 -0.0122693
15.19 0 -0.0039118 -0.00884181 -0.0130833
15.2 0 -0.00409554 -0.00927864 -0.013763
15.21 0 -0.00426429 -0.00964692 -0.014298
15.22 0 -0.00441854 -0.00994513 -0.0146841
15.23 0 -0.00455676 -0.0101714 -0.0149223
15.24 0 -0.00467507 -0.0103235 -0.0150186
15.25 0 -0.00476749 -0.0103993 -0.0149828
15.26 0 -0.00482628 -0.0103964 -0.0148271
15.27 0 -0.00484295 -0.0103123 -0.0145648
15.28 0 -0.0048097 -0.0101453 -0.0142093
15.29 0 -0.0047208 -0.00989383 -0.0137729
15.3 0 -0.0045735 -0.00955759 -0.0132654
15.31 0 -0.00436863 -0.00913802 -0.0126938
15.32 0 -0.00411071 -0.00863975 -0.012062
15.33 0 -0.00380771 -0.00807125 -0.0113718
15.34 0 -0.00347056 -0.00744469 -0.0106236
15.35 0 -0.003112 -0.00677473 -0.00981743
15.36 0 -0.00274553 -0.00607648 -0.00895405
15.37 0 -0.00238447 -0.00536376 -0.00803579
15.38 0 -0.00204026 -0.00464848 -0.00706751
15.39 0 -0.0017204 -0.00394048 -0.00605694
15.4 0 -0.00142726 -0.00324713 -0.00501465
15.41 0 -0.00115846 -0.00257299 -0.00395393
15.42 0 -0.000908135 -0.00191956 -0.00289042
15.43 0 -0.000668171 -0.00128512 -0.00184084
15.44 0 -0.000429447 -0.000665275 -0.000821457
15.45 0 -0.000183172 -5.4415e-05 0.000153435
15.46 0 7.79517e-05 0.000552532 0.0010729
15.47 0 0.000358348 0.00115817 0.00192991
15.48 0 0.000658211 0.00176112 0.00272119
15.49 0 0.000972538 0.00235525 0.00344632
15.5 0 0.00129102 0.00292979 0.00410661
15.51 0 0.00159942 0.00347065 0.00470425
15.52 0 0.00188192 0.00396251 0.00524177
15.53 0 0.00212364 0.00439082 0.00572137
15.54 0 0.0023128 0.00474361 0.0061441
15.55 0 0.002442 0.00501268 0.00650908
15.56 0 0.00250896 0.00519429 0.00681291
15.57 0 0.00251647 0.00528922 0.00704965
15.58 0 0.00247211 0.0053024 0.00721142
15.59 0 0.00238735 0.00524224 0.00728954
15.6 0 0.0022757 0.0051193 0.00727552
15.61 0 0.00215054 0.00494486 0.00716222
15.62 0 0.00202331 0.00472965 0.00694513
15.63 0 0.00190218 0.00448255 0.00662354
15.64 0 0.00179116 0.00420966 0.00620115
15.65 0 0.00168981 0.00391369 0.00568609
15.66 0 0.00159383 0.0035944 0.00509083
15.67 0 0.00149625 0.00324969 0.0044315
15.68 0 0.00138834 0.00287654 0.00372632
15.69 0 0.0012609 0.00247207 0.00299385
15.7 0 0.00110586 0.00203471 0.00225154
15.71 0 0.000917637 0.0015648 0.00151426
15.72 0 0.000694138 0.00106487 0.000793188
15.73 0 0.000437578 0.000540001 9.56018e-05
15.74 0 0.000154161 -2.50416e-06 -0.000575435
15.75 0 -0.000146882 -0.000553725 -0.00122084
15.76 0 -0.000454188 -0.00110345 -0.00184438
15.77 0 -0.000755574 -0.00164093 -0.00245139
15.78 0 -0.00103959 -0.00215605 -0.00304754
15.79 0 -0.00129638 -0.00263991 -0.00363711
15.8 0 -0.00151832 -0.00308527 -0.00422145
15.81 0 -0.00170109 -0.00348727 -0.00479855
15.82 0 -0.00184414 -0.00384375 -0.00536301
15.83 0 -0.0019503 -0.00415461 -0.00590586
15.84 0 -0.00202469 -0.00442087 -0.00641488
15.85 0 -0.00207388 -0.004644 -0.00687552
15.86 0 -0.0021048 -0.00482527 -0.00727225
15.87 0 -0.0021238 -0.00496527 -0.00759001
15.88 0 -0.00213586 -0.00506387 -0.00781577
15.89 0 -0.00214421 -0.00512036 -0.00793995
15.9 0 -0.00215021 -0.00513397 -0.0079577
15.91 0 -0.00215371 -0.00510453 -0.00786976
15.92 0 -0.00215335 -0.0050329 -0.00768269
15.93 0 -0.00214676 -0.0049211 -0.00740819
15.94 0 -0.00213035 -0.00477166 -0.00706155
15.95 0 -0.00209916 -0.00458666 -0.00665957
15.96 0 -0.00204774 -0.00436765 -0.00621913
15.97 0 -0.00197172 -0.00411625 -0.00575647
15.98 0 -0.00186889 -0.00383491 -0.00528635
15.99 0 -0.00173955 -0.00352736 -0.004821
16 0 -0.0015862 -0.00319882 -0.00436916
16.01 0 -0.00141296 -0.00285564 -0.00393552
16.02 0 -0.00122489 -0.00250444 -0.00352052
16.03 0 -0.00102763 -0.00215123 -0.00312094
16.04 0 -0.000826984 -0.00180054 -0.00273083
16.05 0 -0.000628669 -0.0014551 -0.00234275
16.06 0 -0.000438331 -0.00111661 -0.00194961
16.07 0 -0.000261165 -0.000786555 -0.00154601
16.08 0 -0.000100935 -0.000466553 -0.00112876
16.09 0 4.06562e-05 -0.000158411 -0.000697204
16.1 0 0.000164029 0.000136135 -0.000253462
16.11 0 0.000271504 0.0004161 0.000197776
16.12 0 0.000366715 0.000681757 0.000649636
16.13 0 0.000453928 0.000934652 0.00109366
16.14 0 0.000537832 0.00117748 0.00152107
16.15 0 0.000623345 0.00141357 0.00192402
16.16 0 0.000715082 0.00164594 0.00229651
16.17 0 0.000816818 0.00187686 0.00263512
16.18 0 0.000930868 0.00210758 0.00293935
16.19 0 0.00105746 0.00233832 0.00321148
16.2 0 0.00119407 0.00256799 0.00345572
16.21 0 0.00133518 0.00279368 0.00367712
16.22 0 0.00147313 0.00301069 0.00388077
16.23 0 0.00159944 0.00321277 0.00407123
16.24 0 0.00170576 0.00339234 0.00425136
16.25 0 0.00178487 0.00354122 0.00442162
16.26 0 0.00183163 0.00365197 0.00457964
16.27 0 0.00184313 0.00371861 0.00471976
16.28 0 0.00181869 0.00373707 0.00483294
16.29 0 0.0017601 0.0037054 0.00490746
16.3 0 0.00167153 0.00362363 0.00493013
16.31 0 0.00155939 0.00349369 0.00488782
16.32 0 0.00143192 0.00331938 0.00476942
16.33 0 0.00129806 0.00310614 0.0045671
16.34 0 0.00116614 0.00286061 0.00427741
16.35 0 0.0010428 0.0025903 0.00390205
16.36 0 0.000931679 0.00230235 0.00344765
16.37 0 0.000832425 0.00200186 0.00292479
16.38 0 0.00074101 0.0016912 0.0023473
16.39 0 0.0006507 0.00136977 0.00173121
16.4 0 0.000552635 0.00103392 0.00109284
16.41 0 0.000436543 0.000677426 0.000446536
16.42 0 0.000292289 0.000292999 -0.000196705
16.43 0 0.000111898 -0.000125621 -0.00082984
16.44 0 -0.000108334 -0.000581495 -0.00144954
16.45 0 -0.000366501 -0.00107295 -0.00205561
16.46 0 -0.00065517 -0.00159332 -0.00265049
16.47 0 -0.000962412 -0.00213159 -0.00323846
16.48 0 -0.00127333 -0.00267355 -0.00382447
16.49 0 -0.00157205 -0.00320364 -0.00441281
16.5 0 -0.00184399 -0.00370702 -0.00500605
16.51 0 -0.00207775 -0.00417148 -0.00560403
16.52 0 -0.00226639 -0.00458856 -0.00620311
16.53 0 -0.00240802 -0.00495399 -0.00679578
16.54 0 -0.00250599 -0.00526778 -0.00737118
16.55 0 -0.0025685 -0.00553376 -0.00791621
16.56 0 -0.00260713 -0.00575853 -0.00841668
16.57 0 -0.00263465 -0.00594984 -0.00885842
16.58 0 -0.002663 -0.00611527 -0.00922872
16.59 0 -0.00270162 -0.00626112 -0.00951785
16.6 0 -0.00275622 -0.00639162 -0.0097203
16.61 0 -0.00282784 -0.00650792 -0.00983519
16.62 0 -0.00291212 -0.00660717 -0.00986561
16.63 0 -0.0029997 -0.00668229 -0.00981766
16.64 0 -0.00307744 -0.00672258 -0.00969933
16.65 0 -0.00312996 -0.0067147 -0.0095187
16.66 0 -0.00314188 -0.00664446 -0.00928256
16.67 0 -0.00310052 -0.00649975 -0.00899597
16.68 0 -0.0029982 -0.006273 -0.00866198
16.69 0 -0.00283325 -0.00596209 -0.00828088
16.7 0 -0.00260996 -0.00557038 -0.00784992
16.71 0 -0.00233821 -0.00510646 -0.007364
16.72 0 -0.0020321 -0.00458319 -0.00681685
16.73 0 -0.00170771 -0.00401578 -0.0062021
16.74 0 -0.00138106 -0.00341981 -0.00551483
16.75 0 -0.0010663 -0.00280971 -0.00475321
16.76 0 -0.000774164 -0.00219743 -0.0039198
16.77 0 -0.00051097 -0.00159182 -0.00302235
16.78 0 -0.000278118 -0.000998561 -0.0020739
16.79 0 -7.16741e-05 -0.000419785 -0.00109158
16.8 0 0.000117587 0.000146295 -9.44694e-05
16.81 0 0.00030261 0.00070486 0.000898116
16.82 0 0.000497364 0.00126305 0.00186796
16.83 0 0.000714041 0.00182809 0.00279911
16.84 0 0.000960715 0.0024051 0.00367892
16.85 0 0.00123996 0.00299524 0.00449879
16.86 0 0.00154866 0.00359468 0.0052548
16.87 0 0.00187868 0.00419475 0.00594781
16.88 0 0.00221768 0.00478285 0.00658251
16.89 0 0.00254985 0.00534354 0.00716536
16.9 0 0.00285756 0.0058604 0.00770275
16.91 0 0.00312404 0.00631843 0.00819987
16.92 0 0.00333629 0.00670592 0.00865987
16.93 0 0.00348729 0.00701581 0.0090833
16.94 0 0.00357607 0.00724619 0.00946737
16.95 0 0.00360642 0.00739957 0.00980531
16.96 0 0.00358593 0.00748152 0.0100867
16.97 0 0.00352539 0.00749916 0.0102986
16.98 0 0.00343704 0.00745938 0.010427
16.99 0 0.00333269 0.00736766 0.0104578
17 0 0.0032224 0.00722797 0.010379
17.01 0 0.00311291 0.00704276 0.0101817
17.02 0 0.0030063 0.00681273 0.00986087
17.03 0 0.00290021 0.00653703 0.00941661
17.04 0 0.00278899 0.00621341 0.00885415
17.05 0 0.00266507 0.00583842 0.0081838
17.06 0 0.00252029 0.00540811 0.00741991
17.07 0 0.00234734 0.0049195 0.00657974
17.08 0 0.00214075 0.00437217 0.00568192
17.09 0 0.00189717 0.00376888 0.0047445
17.1 0 0.00161533 0.00311538 0.00378304
17.11 0 0.0012966 0.00241984 0.00280977
17.12 0 0.000945511 0.00169211 0.00183356
17.13 0 0.000569641 0.000942615 0.00086001
17.14 0 0.000179139 0.00018202 -0.000107728
17.15 0 -0.000213895 -0.000578381 -0.00106763
17.16 0 -0.000597101 -0.00132682 -0.00201803
17.17 0 -0.000960202 -0.00205222 -0.00295761
17.18 0 -0.00129644 -0.00274544 -0.00388501
17.19 0 -0.00160257 -0.00340014 -0.00479779
17.2 0 -0.0018777 -0.00401266 -0.00569107
17.21 0 -0.00212232 -0.00458155 -0.00655677
17.22 0 -0.00233813 -0.00510684 -0.00738413
17.23 0 -0.00252826 -0.00558929 -0.00816095
17.24 0 -0.00269718 -0.00602947 -0.00887488
17.25 0 -0.00284994 -0.00642711 -0.00951433
17.26 0 -0.0029909 -0.00678093 -0.0100691
17.27 0 -0.00312262 -0.00708883 -0.0105311
17.28 0 -0.00324531 -0.00734834 -0.0108942
17.29 0 -0.00335709 -0.00755696 -0.0111556
17.3 0 -0.0034546 -0.00771238 -0.0113154
17.31 0 -0.00353361 -0.00781271 -0.0113773
17.32 0 -0.0035897 -0.00785662 -0.0113479
17.33 0 -0.00361868 -0.00784314 -0.0112357
17.34 0 -0.0036167 -0.00777157 -0.0110504
17.35 0 -0.00358065 -0.00764178 -0.0108012
17.36 0 -0.00350827 -0.00745417 -0.0104962
17.37 0 -0.00339826 -0.00720956 -0.0101411
17.38 0 -0.00325059 -0.00690937 -0.0097389
17.39 0 -0.00306665 -0.00655551 -0.0092901
17.4 0 -0.00284929 -0.00614991 -0.00879245
17.41 0 -0.00260291 -0.00569439 -0.00824154
17.42 0 -0.00233304 -0.0051914 -0.00763191
17.43 0 -0.00204569 -0.00464468 -0.00695819
17.44 0 -0.00174672 -0.00405921 -0.00621618
17.45 0 -0.00144135 -0.00344081 -0.00540385
17.46 0 -0.00113405 -0.00279548 -0.00452219
17.47 0 -0.000828345 -0.00212888 -0.00357584
17.48 0 -0.000526721 -0.00144615 -0.00257323
17.49 0 -0.000230565 -0.000752135 -0.00152647
17.5 0 6.01623e-05 -5.1547e-05 -0.000450412
17.51 0 0.000347364 0.000651392 0.000638838
17.52 0 0.000634248 0.00135288 0.00172496
17.53 0 0.000924035 0.00204918 0.00279194
17.54 0 0.00121931 0.00273694 0.00382528
17.55 0 0.00152141 0.00341316 0.00481286
17.56 0 0.00182942 0.00407425 0.00574494
17.57 0 0.00213991 0.00471515 0.0066142
17.58 0 0.00244704 0.00532885 0.00741557
17.59 0 0.00274298 0.00590606 0.00814567
17.6 0 0.00301856 0.00643582 0.00880219
17.61 0 0.00326398 0.00690621 0.00938291
17.62 0 0.00346976 0.00730528 0.00988476
17.63 0 0.003628 0.00762248 0.0103034
17.64 0 0.00373304 0.00785025 0.0106332
17.65 0 0.0037821 0.00798497 0.0108679
17.66 0 0.00377596 0.00802692 0.0110011
17.67 0 0.00371897 0.00797914 0.0110267
17.68 0 0.00361806 0.00784595 0.0109389
17.69 0 0.00348125 0.00763205 0.0107325
17.7 0 0.00331638 0.00734243 0.0104035
17.71 0 0.00313032 0.0069823 0.00995009
17.72 0 0.00292803 0.00655691 0.00937265
17.73 0 0.00271202 0.00607139 0.00867476
17.74 0 0.00248265 0.00553047 0.00786349
17.75 0 0.002239 0.0049384 0.00694977
17.76 0 0.00197938 0.00429868 0.00594786
17.77 0 0.00170118 0.00361367 0.00487378
17.78 0 0.00140093 0.00288484 0.00374378
17.79 0 0.00107526 0.00211396 0.00257357
17.8 0 0.000722081 0.00130429 0.00137784
17.81 0 0.000341572 0.000461346 0.000169875
17.82 0 -6.33463e-05 -0.000407008 -0.00103876
17.83 0 -0.000487099 -0.00129095 -0.00223849
17.84 0 -0.000921815 -0.00217922 -0.00342158
17.85 0 -0.00135781 -0.00305954 -0.00458153
17.86 0 -0.00178442 -0.00391906 -0.00571237
17.87 0 -0.00219117 -0.00474512 -0.00680821
17.88 0 -0.00256892 -0.00552594 -0.00786265
17.89 0 -0.00291058 -0.00625125 -0.00886835
17.9 0 -0.00321159 -0.00691248 -0.00981641
17.91 0 -0.00347045 -0.00750311 -0.0106964
17.92 0 -0.00368876 -0.0080198 -0.0114972
17.93 0 -0.00386998 -0.00846262 -0.0122076
17.94 0 -0.00401814 -0.00883385 -0.0128166
17.95 0 -0.00413739 -0.00913648 -0.0133145
17.96 0 -0.00423199 -0.00937315 -0.013694
17.97 0 -0.00430572 -0.00954531 -0.0139509
17.98 0 -0.00436077 -0.00965279 -0.014084
17.99 0 -0.00439714 -0.00969439 -0.0140948
18 0 -0.00441236 -0.00966845 -0.0139874
18.01 0 -0.00440128 -0.00957288 -0.0137677
18.02 0 -0.00435679 -0.00940488 -0.0134419
18.03 0 -0.00427176 -0.0091613 -0.0130174
18.04 0 -0.00414084 -0.00883926 -0.0125015
18.05 0 -0.00396111 -0.00843674 -0.0119016
18.06 0 -0.00373221 -0.00795359 -0.0112236
18.07 0 -0.00345631 -0.00739251 -0.0104722
18.08 0 -0.0031379 -0.00675952 -0.00965052
18.09 0 -0.0027836 -0.00606335 -0.00876067
18.1 0 -0.00240187 -0.00531379 -0.00780364
18.11 0 -0.00200177 -0.00452038 -0.00677979
18.12 0 -0.00159183 -0.00369213 -0.00568984
18.13 0 -0.00117936 -0.0028377 -0.00453626
18.14 0 -0.000770196 -0.00196523 -0.0033242
18.15 0 -0.000368525 -0.00108224 -0.00206209
18.16 0 2.31942e-05 -0.000195532 -0.000761713
18.17 0 0.000404079 0.000688722 0.00056204
18.18 0 0.000774368 0.00156455 0.00189161
18.19 0 0.00113509 0.00242598 0.00320774
18.2 0 0.00148773 0.003267 0.00449075
18.21 0 0.00183374 0.00408161 0.00572172
18.22 0 0.00217413 0.00486394 0.00688372
18.23 0 0.00250876 0.00560825 0.00796249
18.24 0 0.00283577 0.00630858 0.00894675
18.25 0 0.0031515 0.00695871 0.0098285
18.26 0 0.00345083 0.00755198 0.010603
18.27 0 0.0037277 0.00808073 0.0112678
18.28 0 0.00397549 0.00853653 0.0118221
18.29 0 0.0041863 0.00891106 0.0122655
18.3 0 0.00435116 0.00919669 0.0125972
18.31 0 0.00446143 0.00938679 0.0128161
18.32 0 0.00451037 0.00947577 0.0129204
18.33 0 0.0044944 0.00945924 0.0129078
18.34 0 0.00441392 0.00933454 0.012776
18.35 0 0.00427308 0.00910151 0.0125221
18.36 0 0.00407851 0.00876311 0.0121429
18.37 0 0.0038381 0.00832588 0.0116353
18.38 0 0.00356006 0.00779934 0.010997
18.39 0 0.00325268 0.00719483 0.0102278
18.4 0 0.00292481 0.00652403 0.0093314
18.41 0 0.00258566 0.0057979 0.00831559
18.42 0 0.00224275 0.00502629 0.00719235
18.43 0 0.00190035 0.00421827 0.0059773
18.44 0 0.00155886 0.00338199 0.00468881
18.45 0 0.00121502 0.00252396 0.00334681
18.46 0 0.000863487 0.0016488 0.00197215
18.47 0 0.000498872 0.000759512 0.000585893
18.48 0 0.000117227 -0.000141751 -0.000791655
18.49 0 -0.000282963 -0.00105221 -0.00214198
18.5 0 -0.000700333 -0.00196682 -0.00344919
18.51 0 -0.00113096 -0.00287747 -0.00470092
18.52 0 -0.00156879 -0.0037733 -0.00588874
18.53 0 -0.0020058 -0.00464164 -0.00700773
18.54 0 -0.00243221 -0.00546943 -0.00805553
18.55 0 -0.00283693 -0.0062446 -0.00903125
18.56 0 -0.00320883 -0.00695667 -0.00993428
18.57 0 -0.00353856 -0.00759673 -0.0107634
18.58 0 -0.00381961 -0.00815752 -0.0115158
18.59 0 -0.00404779 -0.00863387 -0.0121871
18.6 0 -0.00422096 -0.00902271 -0.0127706
18.61 0 -0.00433931 -0.00932254 -0.0132578
18.62 0 -0.00440556 -0.00953311 -0.0136396
18.63 0 -0.00442492 -0.00965543 -0.013907
18.64 0 -0.00440474 -0.00969212 -0.0140527
18.65 0 -0.00435321 -0.00964738 -0.0140711
18.66 0 -0.00427748 -0.00952643 -0.0139591
18.67 0 -0.00418253 -0.00933502 -0.0137157
18.68 0 -0.00407078 -0.00907859 -0.0133432
18.69 0 -0.00394223 -0.00876116 -0.0128469
18.7 0 -0.00379489 -0.0083846 -0.0122354
18.71 0 -0.00362553 -0.00794883 -0.0115198
18.72 0 -0.00343019 -0.00745268 -0.0107135
18.73 0 -0.00320438 -0.00689498 -0.00983026
18.74 0 -0.00294374 -0.00627576 -0.00888329
18.75 0 -0.00264516 -0.00559671 -0.00788446
18.76 0 -0.00230784 -0.00486106 -0.00684324
18.77 0 -0.00193358 -0.00407383 -0.00576665
18.78 0 -0.00152709 -0.00324227 -0.00465977
18.79 0 -0.00109568 -0.00237554 -0.00352616
18.8 0 -0.000648356 -0.00148393 -0.00236829
18.81 0 -0.000194946 -0.000578304 -0.0011883
18.82 0 0.000254686 0.000330286 1.09274e-05
18.83 0 0.00069144 0.00123097 0.00122482
18.84 0 0.0011077 0.00211343 0.0024464
18.85 0 0.00149789 0.0029683 0.0036659
18.86 0 0.00185885 0.00378759 0.00487087
18.87 0 0.00218986 0.00456491 0.00604658
18.88 0 0.00249223 0.00529543 0.0071766
18.89 0 0.0027687 0.00597563 0.00824365
18.9 0 0.00302251 0.00660268 0.00923051
18.91 0 0.00325664 0.00717388 0.010121
18.92 0 0.00347352 0.00768646 0.0109013
18.93 0 0.00367533 0.00813778 0.0115613
18.94 0 0.00386334 0.00852538 0.0120949
18.95 0 0.00403665 0.00884711 0.0124999
18.96 0 0.00419196 0.00910146 0.012778
18.97 0 0.00432394 0.009287 0.0129341
18.98 0 0.00442571 0.00940151 0.0129757
18.99 0 0.00448966 0.00944146 0.0129113
19 0 0.00450875 0.00940259 0.01275
19.01 0 0.00447735 0.00928084 0.0125005
19.02 0 0.00439173 0.00907323 0.0121697
19.03 0 0.00425041 0.00877863 0.0117622
19.04 0 0.00405432 0.00839837 0.0112792
19.05 0 0.00380677 0.00793628 0.0107195
19.06 0 0.00351335 0.00739819 0.0100794
19.07 0 0.00318194 0.00679134 0.00935469
19.08 0 0.00282299 0.00612396 0.00854151
19.09 0 0.00244874 0.00540498 0.007638
19.1 0 0.00207059 0.0046442 0.00664475
19.11 0 0.00169687 0.00385214 0.00556528
19.12 0 0.00133202 0.00303901 0.00440657
19.13 0 0.000976944 0.00221326 0.0031794
19.14 0 0.000630236 0.00138076 0.00189873
19.15 0 0.000289467 0.00054498 0.000583486
19.16 0 -4.83018e-05 -0.000292149 -0.000744696
19.17 0 -0.000386611 -0.00112896 -0.00206346
19.18 0 -0.00072954 -0.00196286 -0.00335173
19.19 0 -0.001081 -0.00278959 -0.00459126
19.2 0 -0.00144345 -0.00360332 -0.00576735
19.21 0 -0.00181647 -0.00439705 -0.00686912
19.22 0 -0.00219577 -0.00516308 -0.00788912
19.23 0 -0.00257332 -0.00589316 -0.00882309
19.24 0 -0.00293842 -0.00657834 -0.0096695
19.25 0 -0.00327957 -0.00720869 -0.0104289
19.26 0 -0.00358669 -0.00777346 -0.0111033
19.27 0 -0.00385187 -0.00826242 -0.0116948
19.28 0 -0.00406862 -0.00866772 -0.0122046
19.29 0 -0.00423162 -0.00898483 -0.0126317
19.3 0 -0.00433744 -0.00921246 -0.0129734
19.31 0 -0.00438554 -0.00935169 -0.0132248
19.32 0 -0.00437894 -0.0094049 -0.0133805
19.33 0 -0.0043243 -0.00937503 -0.0134347
19.34 0 -0.00423072 -0.00926557 -0.0133821
19.35 0 -0.00410772 -0.0090809 -0.0132179
19.36 0 -0.00396331 -0.00882672 -0.0129382
19.37 0 -0.0038029 -0.00850965 -0.0125409
19.38 0 -0.00362929 -0.00813625 -0.0120267
19.39 0 -0.00344333 -0.00771181 -0.0113998
19.4 0 -0.00324466 -0.00723948 -0.0106683
19.41 0 -0.00303201 -0.00672038 -0.00984378
19.42 0 -0.00280347 -0.00615444 -0.0089406
19.43 0 -0.00255659 -0.00554181 -0.00797422
19.44 0 -0.00228815 -0.00488422 -0.00695994
19.45 0 -0.00199472 -0.00418561 -0.00591195
19.46 0 -0.00167396 -0.00345189 -0.00484289
19.47 0 -0.00132607 -0.00269012 -0.0037638
19.48 0 -0.000954558 -0.0019078 -0.00268416
19.49 0 -0.000566133 -0.0011127 -0.00161182
19.5 0 -0.000169543 -0.0003132 -0.00055299
19.51 0 0.000225885 0.000481314 0.00048776
19.52 0 0.000611479 0.00126041 0.00150701
19.53 0 0.000979848 0.00201325 0.00250173
19.54 0 0.00132493 0.0027297 0.00346828
19.55 0 0.00164179 0.00340144 0.0044015
19.56 0 0.00192664 0.00402251 0.00529423
19.57 0 0.00217707 0.00458921 0.00613741
19.58 0 0.00239262 0.00509947 0.00692067
19.59 0 0.00257493 0.00555202 0.00763309
19.6 0 0.00272749 0.00594579 0.00826401
19.61 0 0.0028547 0.00627982 0.00880362
19.62 0 0.0029607 0.00655339 0.00924348
19.63 0 0.0030483 0.00676617 0.00957686
19.64 0 0.00311839 0.00691817 0.00979919
19.65 0 0.00317 0.00700931 0.00990848
19.66 0 0.00320077 0.00703895 0.00990557
19.67 0 0.00320757 0.00700565 0.00979412
19.68 0 0.003187 0.00690733 0.00958012
19.69 0 0.00313565 0.00674184 0.00927123
19.7 0 0.00305044 0.00650773 0.00887575
19.71 0 0.00292884 0.00620498 0.00840185
19.72 0 0.00276934 0.00583535 0.00785685
19.73 0 0.00257188 0.00540235 0.00724699
19.74 0 0.00233843 0.00491098 0.00657737
19.75 0 0.00207308 0.00436729 0.0058522
19.76 0 0.00178176 0.00377815 0.00507503
19.77 0 0.00147159 0.00315111 0.00424913
19.78 0 0.0011499 0.00249428 0.00337784
19.79 0 0.000823443 0.00181612 0.00246506
19.8 0 0.000497879 0.00112504 0.00151573
19.81 0 0.00017752 0.000428882 0.000536308
19.82 0 -0.000134624 -0.000265577 -0.00046486
19.83 0 -0.000436759 -0.000952817 -0.00147757
19.84 0 -0.000728211 -0.00162848 -0.00249001
19.85 0 -0.00100932 -0.00228899 -0.00348936
19.86 0 -0.00128121 -0.0029311 -0.00446251
19.87 0 -0.0015454 -0.0035515 -0.00539674
19.88 0 -0.00180323 -0.00414656 -0.00628041
19.89 0 -0.0020552 -0.00471236 -0.00710336
19.9 0 -0.0023005 -0.00524467 -0.00785727
19.91 0 -0.00253681 -0.00573897 -0.00853582
19.92 0 -0.00276039 -0.00619044 -0.00913476
19.93 0 -0.0029666 -0.00659398 -0.00965183
19.94 0 -0.00315047 -0.00694426 -0.0100864
19.95 0 -0.00330744 -0.00723601 -0.0104391
19.96 0 -0.00343356 -0.00746458 -0.0107112
19.97 0 -0.00352518 -0.00762665 -0.0109037
19.98 0 -0.00357891 -0.0077203 -0.0110172
19.99 0 -0.00359228 -0.00774481 -0.0110515
20 0 -0.00356482 -0.00770061 -0.0110064
20.01 0 -0.00349836 -0.00758893 -0.0108813
20.02 0 -0.00339667 -0.00741167 -0.0106757
20.03 0 -0.00326455 -0.00717166 -0.0103891
20.04 0 -0.00310694 -0.00687295 -0.0100208
20.05 0 -0.00292849 -0.00652058 -0.00957098
