0.01 0 -8.01877e-07 -8.62956e-07 -8.4045e-07
0.02 0 -3.86386e-06 -4.35236e-06 -4.18517e-06
0.03 0 -9.49567e-06 -1.14327e-05 -1.08411e-05
0.04 0 -1.69722e-05 -2.21529e-05 -2.08344e-05
0.05 0 -2.56285e-05 -3.63241e-05 -3.43334e-05
0.06 0 -3.50258e-05 -5.34464e-05 -5.16489e-05
0.07 0 -4.49474e-05 -7.28085e-05 -7.31387e-05
0.08 0 -5.52697e-05 -9.3708e-05 -9.90538e-05
0.09 0 -6.58169e-05 -0.000115663 -0.000129396
0.1 0 -7.63122e-05 -0.000138495 -0.000163856
0.11 0 -8.64623e-05 -0.000162259 -0.000201847
0.12 0 -9.61189e-05 -0.000187061 -0.000242609
0.13 0 -0.000105404 -0.000212912 -0.000285331
0.14 0 -0.000114706 -0.000239658 -0.00032922
0.15 0 -0.00012454 -0.00026704 -0.000373523
0.16 0 -0.000135336 -0.000294802 -0.000417507
0.17 0 -0.000147274 -0.000322774 -0.000460454
0.18 0 -0.000160251 -0.000350875 -0.000501701
0.19 0 -0.00017395 -0.000379031 -0.000540721
0.2 0 -0.000187976 -0.000407055 -0.000577195
0.21 0 -0.000201945 -0.000434543 -0.000611021
0.22 0 -0.000215492 -0.000460871 -0.000642251
0.23 0 -0.000228237 -0.000485295 -0.000670986
0.24 0 -0.000239725 -0.000507105 -0.000697273
0.25 0 -0.000249432 -0.000525739 -0.000721022
0.26 0 -0.000256861 -0.000540851 -0.000742017
0.27 0 -0.000261703 -0.000552308 -0.000759967
0.28 0 -0.000263917 -0.000560098 -0.000774537
0.29 0 -0.000263734 -0.000564257 -0.000785356
0.3 0 -0.000261592 -0.000564869 -0.000792036
0.31 0 -0.000258013 -0.000562105 -0.000794192
0.32 0 -0.000253473 -0.000556234 -0.000791448
0.33 0 -0.000248321 -0.000547603 -0.000783487
0.34 0 -0.000242781 -0.000536584 -0.00077013
0.35 0 -0.000236967 -0.000523482 -0.000751384
0.36 0 -0.000230828 -0.00050837 -0.000727392
0.37 0 -0.000224092 -0.000491004 -0.000698348
0.38 0 -0.000216316 -0.000470881 -0.000664482
0.39 0 -0.000206958 -0.000447375 -0.000626032
0.4 0 -0.000195459 -0.000419876 -0.000583209
0.41 0 -0.000181392 -0.000387986 -0.000536239
0.42 0 -0.000164594 -0.000351656 -0.000485399
0.43 0 -0.00014514 -0.000311131 -0.000430938
0.44 0 -0.000123269 -0.000266832 -0.000373004
0.45 0 -9.93583e-05 -0.000219262 -0.000311645
0.46 0 -7.39439e-05 -0.000168997 -0.000246899
0.47 0 -4.78128e-05 -0.000116806 -0.000179005
0.48 0 -2.19698e-05 -6.37339e-05 -0.000108522
0.49 0 2.99319e-06 -1.05721e-05 -3.58532e-05
0.5 0 2.75029e-05 4.28044e-05 3.93106e-05
0.51 0 5.22252e-05 9.68807e-05 0.000117289
0.52 0 7.68899e-05 0.000151435 0.000197322
0.53 0 0.000100729 0.000205777 0.000277984
0.54 0 0.000123691 0.000259675 0.000358348
0.55 0 0.000146456 0.000313326 0.000438065
0.56 0 0.000169372 0.000366486 0.000516445
0.57 0 0.000191764 0.000417954 0.000591884
0.58 0 0.000212817 0.000466434 0.000662737
0.59 0 0.000233335 0.000512325 0.000729096
0.6 0 0.000254896 0.000557148 0.000792125
0.61 0 0.000275638 0.000599368 0.000849923
0.62 0 0.000289252 0.000632542 0.000896088
0.63 0 0.000291469 0.000650668 0.000925438
0.64 0 0.000286695 0.000655176 0.000940493
0.65 0 0.000286276 0.000655772 0.000950834
0.66 0 0.000299691 0.000664502 0.000965992
0.67 0 0.000326473 0.000687759 0.00098826
0.68 0 0.000357076 0.000723306 0.00101267
0.69 0 0.000382064 0.000764322 0.00103419
0.7 0 0.000400019 0.000805197 0.00105412
0.71 0 0.000416125 0.00084314 0.00107881
0.72 0 0.000434373 0.000876153 0.00111302
0.73 0 0.000454213 0.000903753 0.00115742
0.74 0 0.000473907 0.000930128 0.00121183
0.75 0 0.00049361 0.000963592 0.00127758
0.76 0 0.00051142 0.00100795 0.00135272
0.77 0 0.000515992 0.00105096 0.00142356
0.78 0 0.000495515 0.00107131 0.00147239
0.79 0 0.000466751 0.00107154 0.00150697
0.8 0 0.000468184 0.00108211 0.00155812
0.81 0 0.000506846 0.00111714 0.00163137
0.82 0 0.000547545 0.00115867 0.0016957
0.83 0 0.000559331 0.00118727 0.00172426
0.84 0 0.000554292 0.00121081 0.00172908
0.85 0 0.00057596 0.00125944 0.00175205
0.86 0 0.000641295 0.00134277 0.00181289
0.87 0 0.00071185 0.00142671 0.00188159
0.88 0 0.00074468 0.00147563 0.00192382
0.89 0 0.000745165 0.00149551 0.00194828
0.9 0 0.000743979 0.00151247 0.0019841
0.91 0 0.000743852 0.00152639 0.00203092
0.92 0 0.000714114 0.00150583 0.00205351
0.93 0 0.000645378 0.00143766 0.00203383
0.94 0 0.000582752 0.00136149 0.00200533
0.95 0 0.00056981 0.00132317 0.00200336
0.96 0 0.000587304 0.00131653 0.00200809
0.97 0 0.000585271 0.00130349 0.00197293
0.98 0 0.000558334 0.00127579 0.00189384
0.99 0 0.000564847 0.00127818 0.0018295
1 0 0.000669365 0.0013713 0.00185265
1.01 0 0.00085704 0.00155937 0.00197073
1.02 0 0.00101998 0.00176203 0.00210522
1.03 0 0.00107119 0.00189703 0.00218868
1.04 0 0.00103978 0.00196352 0.00224978
1.05 0 0.00100621 0.00200132 0.00235469
1.06 0 0.000995156 0.00201769 0.00251253
1.07 0 0.000969074 0.0019904 0.00267351
1.08 0 0.000891661 0.00191191 0.00278732
1.09 0 0.000773932 0.00181015 0.00284396
1.1 0 0.000663516 0.00172829 0.00286475
1.11 0 0.000599003 0.00168739 0.00286462
1.12 0 0.000579157 0.00166903 0.0028284
1.13 0 0.00058486 0.00164465 0.0027348
1.14 0 0.000619239 0.00161797 0.00259578
1.15 0 0.000692205 0.00161068 0.00244052
1.16 0 0.000785757 0.00162434 0.00227897
1.17 0 0.000871871 0.00164845 0.00211438
1.18 0 0.00094281 0.00168207 0.00196772
1.19 0 0.00100607 0.00172928 0.00186986
1.2 0 0.00106471 0.00178727 0.00184175
1.21 0 0.0011006 0.00183563 0.00187707
1.22 0 0.00107359 0.00183349 0.00193768
1.23 0 0.000965311 0.00175642 0.00199271
1.24 0 0.00082581 0.0016435 0.00206589
1.25 0 0.000727015 0.00156294 0.00219805
1.26 0 0.000673752 0.00153066 0.00236748
1.27 0 0.000608697 0.001503 0.00249499
1.28 0 0.000499088 0.00144202 0.00252439
1.29 0 0.000390147 0.00136493 0.00247512
1.3 0 0.000366162 0.00132794 0.00241351
1.31 0 0.000464611 0.00136857 0.00237989
1.32 0 0.000638136 0.00147214 0.00235355
1.33 0 0.000805933 0.00159799 0.0022935
1.34 0 0.000928462 0.00172354 0.0021983
1.35 0 0.00102142 0.00184969 0.00211225
1.36 0 0.00110796 0.00197038 0.00207897
1.37 0 0.00117782 0.00205567 0.00210396
1.38 0 0.00120719 0.00208285 0.00217397
1.39 0 0.00119455 0.00206853 0.00228965
1.4 0 0.00114813 0.00204436 0.00245101
1.41 0 0.00106007 0.00201644 0.00263043
1.42 0 0.000919013 0.00196522 0.00278426
1.43 0 0.000735092 0.00186914 0.00287948
1.44 0 0.000548864 0.00172807 0.00290957
1.45 0 0.00042312 0.00157986 0.00289818
1.46 0 0.000408111 0.00148494 0.0028765
1.47 0 0.00049549 0.00147799 0.00284261
1.48 0 0.000627503 0.00154977 0.0027648
1.49 0 0.000771585 0.00168943 0.00264475
1.5 0 0.000943418 0.00189809 0.00253393
1.51 0 0.00115221 0.00215254 0.00247944
1.52 0 0.00137332 0.00240445 0.00249776
1.53 0 0.00156153 0.00260798 0.00258391
1.54 0 0.00166708 0.00273157 0.0027187
1.55 0 0.00165883 0.00276432 0.00288203
1.56 0 0.00154617 0.00272245 0.00306913
1.57 0 0.00136492 0.00263146 0.00327835
1.58 0 0.00114055 0.00249561 0.00348157
1.59 0 0.000889352 0.00230736 0.00363352
1.6 0 0.000648875 0.00208555 0.00371062
1.61 0 0.000474188 0.00187997 0.00371754
1.62 0 0.000389073 0.0017259 0.0036476
1.63 0 0.000361454 0.00161002 0.00346055
1.64 0 0.000349976 0.00149885 0.00312409
1.65 0 0.000353746 0.00138003 0.00265816
1.66 0 0.000403307 0.00126526 0.0021261
1.67 0 0.00052066 0.00117335 0.00159812
1.68 0 0.000675941 0.00109914 0.00110733
1.69 0 0.000791652 0.00100587 0.000643493
1.7 0 0.000821929 0.000878644 0.000216696
1.71 0 0.00077451 0.000731143 -0.000131176
1.72 0 0.000635649 0.000532544 -0.000404557
1.73 0 0.000361203 0.000206203 -0.000664826
1.74 0 -4.57275e-05 -0.000283496 -0.000953118
1.75 0 -0.000507932 -0.000887197 -0.00125593
1.76 0 -0.000930556 -0.00150754 -0.00154578
1.77 0 -0.00127345 -0.00206879 -0.00183897
1.78 0 -0.00156356 -0.00255399 -0.00220348
1.79 0 -0.00181784 -0.00296306 -0.00268529
1.8 0 -0.0019879 -0.00327026 -0.00325272
1.81 0 -0.00202053 -0.00346306 -0.00384826
1.82 0 -0.00192092 -0.00357143 -0.00444314
1.83 0 -0.00173327 -0.00363001 -0.00501876
1.84 0 -0.00151135 -0.00365371 -0.00554754
1.85 0 -0.00130954 -0.00364965 -0.00599928
1.86 0 -0.00117059 -0.00362854 -0.00634447
1.87 0 -0.00111444 -0.00360655 -0.00655458
1.88 0 -0.00113918 -0.0036022 -0.00660789
1.89 0 -0.00123474 -0.003634 -0.00650208
1.9 0 -0.00139062 -0.00371148 -0.00625789
1.91 0 -0.00158799 -0.00381994 -0.00590625
1.92 0 -0.00180398 -0.00392857 -0.00548716
1.93 0 -0.00202569 -0.00401719 -0.00505862
1.94 0 -0.00223377 -0.00407312 -0.00467479
1.95 0 -0.00237912 -0.00407052 -0.00435459
1.96 0 -0.00240851 -0.00398349 -0.00409522
1.97 0 -0.00230017 -0.00380446 -0.00389661
1.98 0 -0.00205731 -0.0035291 -0.00374994
1.99 0 -0.00170741 -0.00315963 -0.00363923
2 0 -0.00130619 -0.00272301 -0.0035545
2.01 0 -0.000912827 -0.00226248 -0.00348048
2.02 0 -0.000576662 -0.00183198 -0.00339658
2.03 0 -0.000328511 -0.00148196 -0.00327813
2.04 0 -0.000167324 -0.00123012 -0.00308778
2.05 0 -7.36895e-05 -0.00105796 -0.00278908
2.06 0 -3.80099e-05 -0.000933537 -0.00237335
2.07 0 -7.26749e-05 -0.000836883 -0.00187277
2.08 0 -0.000196102 -0.000769412 -0.00134756
2.09 0 -0.000402241 -0.000742784 -0.000856314
2.1 0 -0.000639287 -0.000754436 -0.000427661
2.11 0 -0.00082474 -0.000775564 -5.93734e-05
2.12 0 -0.000901779 -0.000775142 0.00024394
2.13 0 -0.000871533 -0.00073969 0.000450012
2.14 0 -0.000759153 -0.000654678 0.000533037
2.15 0 -0.00058116 -0.000499657 0.000500058
2.16 0 -0.00035235 -0.000275086 0.000377304
2.17 0 -8.53375e-05 -3.86534e-06 0.000205617
2.18 0 0.000214172 0.000288382 4.20376e-05
2.19 0 0.000521575 0.000568136 -6.92293e-05
2.2 0 0.000779731 0.00079003 -0.000117864
2.21 0 0.000934706 0.000924857 -0.000103775
2.22 0 0.000969656 0.000977818 -1.45472e-05
2.23 0 0.00090069 0.00097373 0.000165328
2.24 0 0.000756368 0.000935219 0.000435784
2.25 0 0.000564813 0.000874659 0.000774509
2.26 0 0.000353682 0.000800641 0.00114506
2.27 0 0.000151342 0.000724598 0.00150689
2.28 0 -1.70997e-05 0.000659818 0.00182002
2.29 0 -0.000133357 0.000617844 0.00204899
2.3 0 -0.000184 0.000608465 0.00217045
2.31 0 -0.000156435 0.000642494 0.00218122
2.32 0 -4.62552e-05 0.000725332 0.00209332
2.33 0 0.000123014 0.000837809 0.00191325
2.34 0 0.000300591 0.000933744 0.0016367
2.35 0 0.000449583 0.000977238 0.00128056
2.36 0 0.000570761 0.000969329 0.000899618
2.37 0 0.00067273 0.000927269 0.000553671
2.38 0 0.000746634 0.000863991 0.000279619
2.39 0 0.000771439 0.000786686 9.15707e-05
2.4 0 0.000727719 0.000696303 -1.19342e-05
2.41 0 0.00060833 0.000586386 -4.19808e-05
2.42 0 0.000419923 0.000442931 -1.82026e-05
2.43 0 0.000181066 0.000251872 3.35801e-05
2.44 0 -8.08206e-05 1.09516e-05 8.59244e-05
2.45 0 -0.000338844 -0.000267503 0.000109128
2.46 0 -0.000575343 -0.000562832 6.98362e-05
2.47 0 -0.000780547 -0.000852787 -6.30671e-05
2.48 0 -0.000941952 -0.00111497 -0.000305186
2.49 0 -0.00103683 -0.00132598 -0.000646252
2.5 0 -0.00104146 -0.0014671 -0.00105545
2.51 0 -0.00094962 -0.00153326 -0.00149688
2.52 0 -0.000781932 -0.0015355 -0.00194004
2.53 0 -0.000582384 -0.00149901 -0.00236301
2.54 0 -0.000408055 -0.00146208 -0.0027537
2.55 0 -0.000309784 -0.00146735 -0.00310347
2.56 0 -0.000307907 -0.00154118 -0.0033928
2.57 0 -0.00039365 -0.00168802 -0.00359669
2.58 0 -0.000563341 -0.00191378 -0.00371808
2.59 0 -0.000812391 -0.00221523 -0.00377995
2.6 0 -0.00110635 -0.00255306 -0.00379292
2.61 0 -0.00140604 -0.00288153 -0.00377391
2.62 0 -0.00166614 -0.00315152 -0.00373624
2.63 0 -0.00182418 -0.0033002 -0.00366833
2.64 0 -0.00186114 -0.00330944 -0.00358463
2.65 0 -0.00182849 -0.00323668 -0.00355012
2.66 0 -0.00178129 -0.00315631 -0.00361862
2.67 0 -0.00170455 -0.00308229 -0.00376327
2.68 0 -0.0015456 -0.00297814 -0.00390517
2.69 0 -0.00131295 -0.00283547 -0.00400806
2.7 0 -0.00108297 -0.00268768 -0.00409126
2.71 0 -0.0009325 -0.00257307 -0.00417852
2.72 0 -0.00088813 -0.00251098 -0.0042625
2.73 0 -0.000909658 -0.00248528 -0.00429247
2.74 0 -0.000938773 -0.00246779 -0.00421599
2.75 0 -0.000967859 -0.0024614 -0.00403858
2.76 0 -0.00101943 -0.00247538 -0.00380058
2.77 0 -0.00107751 -0.00247047 -0.00350973
2.78 0 -0.00110021 -0.00238568 -0.00315208
2.79 0 -0.00108595 -0.00221393 -0.00275417
2.8 0 -0.00108545 -0.00202324 -0.00239513
2.81 0 -0.00115055 -0.00191002 -0.00215923
2.82 0 -0.0012709 -0.00192383 -0.00207299
2.83 0 -0.00137919 -0.00204146 -0.0021018
2.84 0 -0.00143963 -0.00222616 -0.00222628
2.85 0 -0.00147377 -0.00245349 -0.00246402
2.86 0 -0.00148174 -0.00266098 -0.00279561
2.87 0 -0.00143039 -0.00276676 -0.00315765
2.88 0 -0.00132585 -0.0027586 -0.00351776
2.89 0 -0.00120736 -0.00269058 -0.00387241
2.9 0 -0.00107661 -0.00259923 -0.0041802
2.91 0 -0.000886412 -0.00246181 -0.00434866
2.92 0 -0.000605312 -0.00223101 -0.00429392
2.93 0 -0.000286413 -0.00190284 -0.0040118
2.94 0 -4.7625e-05 -0.00153458 -0.00357428
2.95 0 4.28105e-05 -0.00117869 -0.00303616
2.96 0 4.52153e-05 -0.000817805 -0.00236378
2.97 0 0.000102725 -0.000373452 -0.00146594
2.98 0 0.000351386 0.000262758 -0.000256172
2.99 0 0.000853249 0.00119498 0.00130293
3 0 0.00156782 0.00247396 0.00317575
3.01 0 0.00240453 0.00408801 0.00529283
3.02 0 0.00330884 0.0059917 0.0076181
3.03 0 0.00427517 0.00810799 0.010152
3.04 0 0.00533721 0.0103635 0.0129272
3.05 0 0.00657673 0.01277 0.0160326
3.06 0 0.00803372 0.0153836 0.0195346
3.07 0 0.00960664 0.0181718 0.0233549
3.08 0 0.0111186 0.0210032 0.0273012
3.09 0 0.0124406 0.0237384 0.0311892
3.1 0 0.0135372 0.0262791 0.0349027
3.11 0 0.0144637 0.0285856 0.0384012
3.12 0 0.0153263 0.0306752 0.0416915
3.13 0 0.0161837 0.0325627 0.0447443
3.14 0 0.0170037 0.0342262 0.0474576
3.15 0 0.0177408 0.0356615 0.0497345
3.16 0 0.0183915 0.0369014 0.051536
3.17 0 0.0189854 0.0379816 0.052871
3.18 0 0.0195787 0.0389352 0.0537936
3.19 0 0.0202228 0.0397818 0.0543772
3.2 0 0.0209469 0.0405384 0.054701
3.21 0 0.0217315 0.0412103 0.0548235
3.22 0 0.0224433 0.0417186 0.0547082
3.23 0 0.0228674 0.0418999 0.0542379
3.24 0 0.0228292 0.0415918 0.0533149
3.25 0 0.0222766 0.0406937 0.0519207
3.26 0 0.0212786 0.0391779 0.050102
3.27 0 0.0199581 0.0370777 0.0479136
3.28 0 0.0184243 0.0344806 0.0453761
3.29 0 0.0167926 0.0315648 0.0425165
3.3 0 0.0152057 0.0285955 0.0394067
3.31 0 0.0137313 0.0257657 0.0360702
3.32 0 0.0123014 0.0230708 0.0324213
3.33 0 0.0108538 0.0204096 0.0284003
3.34 0 0.00944274 0.0177202 0.0240877
3.35 0 0.00817018 0.0149914 0.0196458
3.36 0 0.0070939 0.0122532 0.0152347
3.37 0 0.00614756 0.00952561 0.0109277
3.38 0 0.00509423 0.00672722 0.00664147
3.39 0 0.00362759 0.00368123 0.00220029
3.4 0 0.00152557 0.000172044 -0.00255617
3.41 0 -0.00122688 -0.00397475 -0.00769001
3.42 0 -0.0043506 -0.00873426 -0.0130766
3.43 0 -0.00740394 -0.0138238 -0.0184613
3.44 0 -0.0101651 -0.0189196 -0.0237406
3.45 0 -0.0128052 -0.0238864 -0.0291111
3.46 0 -0.0155762 -0.0287001 -0.0348144
3.47 0 -0.0184728 -0.0332931 -0.0408473
3.48 0 -0.0212417 -0.0375782 -0.0469727
3.49 0 -0.0235453 -0.0414772 -0.0528524
3.5 0 -0.0251159 -0.0448863 -0.0581621
3.51 0 -0.0259323 -0.0477354 -0.0627495
3.52 0 -0.0262978 -0.0500849 -0.066723
3.53 0 -0.0266254 -0.0520514 -0.0702806
3.54 0 -0.0271344 -0.0536798 -0.0734657
3.55 0 -0.0277884 -0.0549605 -0.0761385
3.56 0 -0.0284204 -0.0558895 -0.0780887
3.57 0 -0.0288846 -0.0564991 -0.0791626
3.58 0 -0.0291695 -0.0568721 -0.0793601
3.59 0 -0.0293847 -0.0570901 -0.0788186
3.6 0 -0.0296494 -0.057162 -0.0777117
3.61 0 -0.0299976 -0.0570126 -0.0761665
3.62 0 -0.030349 -0.0565287 -0.074236
3.63 0 -0.030566 -0.0556418 -0.071946
3.64 0 -0.0305554 -0.0544021 -0.0693764
3.65 0 -0.0303217 -0.0529753 -0.0666953
3.66 0 -0.029952 -0.0515735 -0.0641273
3.67 0 -0.029561 -0.0503706 -0.061891
3.68 0 -0.0291985 -0.0494163 -0.060107
3.69 0 -0.0287917 -0.0485988 -0.0587421
3.7 0 -0.0282151 -0.047731 -0.0576713
3.71 0 -0.0274321 -0.0467077 -0.0568123
3.72 0 -0.0265696 -0.0456077 -0.0562064
3.73 0 -0.0258365 -0.0446463 -0.0559595
3.74 0 -0.0253824 -0.0440449 -0.0561282
3.75 0 -0.0252145 -0.0439122 -0.0566488
3.76 0 -0.025209 -0.0441862 -0.0573438
3.77 0 -0.0252326 -0.0446939 -0.0580282
3.78 0 -0.025248 -0.0452529 -0.0586078
3.79 0 -0.0252909 -0.0457146 -0.0590643
3.8 0 -0.0253562 -0.0459426 -0.0593572
3.81 0 -0.0253212 -0.0457891 -0.0593521
3.82 0 -0.0250106 -0.0451402 -0.0588714
3.83 0 -0.0243223 -0.0439709 -0.0577967
3.84 0 -0.0232682 -0.0423235 -0.0560932
3.85 0 -0.0219055 -0.0402201 -0.0537454
3.86 0 -0.0202687 -0.0376195 -0.0507049
3.87 0 -0.0184224 -0.0345163 -0.0469653
3.88 0 -0.0165257 -0.0310493 -0.0426454
3.89 0 -0.014715 -0.0274072 -0.0378872
3.9 0 -0.0129568 -0.023663 -0.0327099
3.91 0 -0.0111119 -0.019782 -0.0270627
3.92 0 -0.00907325 -0.0157082 -0.0209453
3.93 0 -0.00678739 -0.0113685 -0.014413
3.94 0 -0.0042156 -0.00665588 -0.00752791
3.95 0 -0.0013395 -0.00146623 -0.00034629
3.96 0 0.00182039 0.00426342 0.00709235
3.97 0 0.00524884 0.0105622 0.014814
3.98 0 0.00897395 0.0174018 0.0229057
3.99 0 0.0130138 0.0246305 0.031411
4 0 0.0172892 0.0319804 0.0402436
4.01 0 0.0215994 0.0391642 0.0492013
4.02 0 0.0256746 0.0459484 0.0580217
4.03 0 0.0292844 0.0521935 0.0664621
4.04 0 0.0323624 0.057899 0.0744078
4.05 0 0.0350389 0.0631955 0.0819044
4.06 0 0.037543 0.0682569 0.0890762
4.07 0 0.0400386 0.0731801 0.0959903
4.08 0 0.0425117 0.0779094 0.102564
4.09 0 0.0448454 0.0823111 0.108643
4.1 0 0.0469586 0.0862894 0.114125
4.11 0 0.0487742 0.0897471 0.118923
4.12 0 0.0501504 0.0925154 0.12288
4.13 0 0.0509295 0.0943945 0.125812
4.14 0 0.0510041 0.0952133 0.127562
4.15 0 0.0503274 0.0948338 0.128003
4.16 0 0.0489077 0.0931515 0.127017
4.17 0 0.0468311 0.0901567 0.12453
4.18 0 0.0442761 0.0860014 0.120561
4.19 0 0.0414746 0.0809939 0.115217
4.2 0 0.0386436 0.0755161 0.108658
4.21 0 0.0358914 0.0698604 0.101009
4.22 0 0.033178 0.0641064 0.0923202
4.23 0 0.0304412 0.0581988 0.0826787
4.24 0 0.0277093 0.0520855 0.0723056
4.25 0 0.0250215 0.0457194 0.0614716
4.26 0 0.0222969 0.0390137 0.0503565
4.27 0 0.0193411 0.0318812 0.0390379
4.28 0 0.0159838 0.0243293 0.0276068
4.29 0 0.0121871 0.0164889 0.0162484
4.3 0 0.00797702 0.00849575 0.00516238
4.31 0 0.00332994 0.000368039 -0.00555548
4.32 0 -0.00176236 -0.0079608 -0.0158998
4.33 0 -0.00712296 -0.0165053 -0.0258431
4.34 0 -0.0124218 -0.0250903 -0.0352801
4.35 0 -0.0174216 -0.0333936 -0.0441287
4.36 0 -0.0221491 -0.0412084 -0.0525048
4.37 0 -0.0268289 -0.0485869 -0.0607209
4.38 0 -0.031599 -0.0556775 -0.0690231
4.39 0 -0.0363386 -0.0625655 -0.0774162
4.4 0 -0.0408135 -0.0693102 -0.0857851
4.41 0 -0.0448311 -0.0759406 -0.0940182
4.42 0 -0.0482667 -0.0823654 -0.102011
4.43 0 -0.0511139 -0.0884048 -0.109713
4.44 0 -0.0535229 -0.0939202 -0.117185
4.45 0 -0.0556881 -0.0988498 -0.124506
4.46 0 -0.0576795 -0.103156 -0.131644
4.47 0 -0.0594188 -0.106824 -0.138441
4.48 0 -0.0607779 -0.109898 -0.144704
4.49 0 -0.0617075 -0.112508 -0.150311
4.5 0 -0.0623198 -0.114859 -0.155282
4.51 0 -0.0628324 -0.117136 -0.159724
4.52 0 -0.0634302 -0.119397 -0.163709
4.53 0 -0.0641874 -0.121568 -0.16722
4.54 0 -0.0651116 -0.123554 -0.170207
4.55 0 -0.0662115 -0.125346 -0.172667
4.56 0 -0.0674838 -0.127009 -0.174629
4.57 0 -0.068844 -0.12858 -0.176078
4.58 0 -0.0700973 -0.129973 -0.176915
4.59 0 -0.0710085 -0.13098 -0.177005
4.6 0 -0.0714268 -0.131377 -0.17629
4.61 0 -0.0713389 -0.131013 -0.17483
4.62 0 -0.0708097 -0.129827 -0.172738
4.63 0 -0.0698855 -0.127821 -0.170089
4.64 0 -0.0685452 -0.125037 -0.166875
4.65 0 -0.0667364 -0.121554 -0.163028
4.66 0 -0.0644488 -0.117482 -0.15849
4.67 0 -0.0617417 -0.112931 -0.153242
4.68 0 -0.0587049 -0.107955 -0.147276
4.69 0 -0.0554101 -0.102536 -0.140574
4.7 0 -0.0519029 -0.0966216 -0.133113
4.71 0 -0.0482283 -0.0901947 -0.124903
4.72 0 -0.04445 -0.0833169 -0.116007
4.73 0 -0.0406211 -0.0761015 -0.106511
4.74 0 -0.0367443 -0.0686495 -0.0964785
4.75 0 -0.0328121 -0.0610505 -0.0859826
4.76 0 -0.0288889 -0.053433 -0.075177
4.77 0 -0.0251176 -0.0459707 -0.0643005
4.78 0 -0.0216317 -0.038822 -0.0535914
4.79 0 -0.0184394 -0.0320374 -0.0431736
4.8 0 -0.0153825 -0.025514 -0.0330144
4.81 0 -0.0122611 -0.0190919 -0.0230377
4.82 0 -0.0090011 -0.0126852 -0.0132811
4.83 0 -0.00564624 -0.00628213 -0.00389508
4.84 0 -0.00225653 8.60745e-05 0.00495128
4.85 0 0.00110614 0.00634073 0.0131205
4.86 0 0.0043744 0.0123878 0.0205498
4.87 0 0.00753895 0.0181655 0.0272954
4.88 0 0.0106736 0.0236399 0.0335022
4.89 0 0.0138198 0.0287357 0.0392682
4.9 0 0.016854 0.0332977 0.0445298
4.91 0 0.0195299 0.0371712 0.0491176
4.92 0 0.0216471 0.0403028 0.0529078
4.93 0 0.0231656 0.0427617 0.055913
4.94 0 0.0242109 0.0446952 0.0582772
4.95 0 0.0249533 0.0462224 0.0601622
4.96 0 0.0254542 0.0473284 0.0616073
4.97 0 0.0256495 0.0478911 0.0625228
4.98 0 0.0254807 0.0478253 0.0628176
4.99 0 0.0249911 0.0471731 0.0624901
5 0 0.0242803 0.0460523 0.0615849
5.01 0 0.0234126 0.0445601 0.060111
5.02 0 0.0223792 0.0427193 0.0580124
5.03 0 0.0211467 0.040502 0.0552175
5.04 0 0.0197508 0.0379147 0.0517348
5.05 0 0.0183227 0.0350494 0.0476897
5.06 0 0.017005 0.0320454 0.0432586
5.07 0 0.0158502 0.0290171 0.03858
5.08 0 0.0148227 0.0260445 0.0337553
5.09 0 0.0139275 0.0232628 0.0289615
5.1 0 0.013255 0.0208736 0.0244804
5.11 0 0.0128511 0.0190014 0.0205581
5.12 0 0.0126626 0.0176383 0.017339
5.13 0 0.0126157 0.0167311 0.0149295
5.14 0 0.0126669 0.0162463 0.0134329
5.15 0 0.012796 0.0161751 0.0129307
5.16 0 0.0129916 0.0165247 0.0134613
5.17 0 0.0132527 0.0173139 0.0150176
5.18 0 0.0135974 0.0185705 0.017555
5.19 0 0.0140634 0.0203198 0.0209958
5.2 0 0.014694 0.0225658 0.0252259
5.21 0 0.015531 0.0252843 0.0301034
5.22 0 0.0166253 0.0284473 0.0354888
5.23 0 0.0180453 0.0320508 0.0412731
5.24 0 0.0198492 0.0361019 0.0473705
5.25 0 0.0220423 0.0405771 0.0536871
5.26 0 0.0245769 0.0454053 0.0601169
5.27 0 0.0273847 0.0504848 0.066563
5.28 0 0.0303982 0.0557045 0.0729535
5.29 0 0.03356 0.0609697 0.0792497
5.3 0 0.0367904 0.066189 0.085412
5.31 0 0.0399345 0.0712218 0.091339
5.32 0 0.042791 0.0758881 0.0968833
5.33 0 0.0451902 0.0800223 0.101916
5.34 0 0.0470389 0.0834981 0.106359
5.35 0 0.0483319 0.0862454 0.110188
5.36 0 0.0491319 0.0882585 0.11342
5.37 0 0.0495273 0.0895835 0.116082
5.38 0 0.0495961 0.0902978 0.118186
5.39 0 0.0493827 0.0904815 0.119707
5.4 0 0.0489007 0.0901916 0.120579
5.41 0 0.0481888 0.089488 0.12075
5.42 0 0.0473485 0.0884602 0.120226
5.43 0 0.0464708 0.087166 0.119008
5.44 0 0.0455641 0.0855787 0.117045
5.45 0 0.0446068 0.0836488 0.114288
5.46 0 0.0436195 0.0813825 0.110777
5.47 0 0.04265 0.0788414 0.106622
5.48 0 0.0417159 0.0760943 0.10195
5.49 0 0.0407792 0.0731843 0.0968669
5.5 0 0.0397724 0.0701308 0.0914729
5.51 0 0.0386481 0.066954 0.0858897
5.52 0 0.037413 0.0637006 0.0802821
5.53 0 0.0361105 0.0604384 0.0748336
5.54 0 0.0347471 0.0572034 0.0696713
5.55 0 0.0332455 0.0539548 0.0648155
5.56 0 0.0315112 0.0506276 0.060238
5.57 0 0.0295302 0.0472171 0.0559485
5.58 0 0.0273708 0.0437825 0.0519948
5.59 0 0.0251422 0.0404173 0.0484293
5.6 0 0.0229745 0.0372438 0.0453006
5.61 0 0.020988 0.0343897 0.0426363
5.62 0 0.0192363 0.031925 0.0403961
5.63 0 0.0177127 0.0298475 0.0384843
5.64 0 0.0164416 0.0281582 0.0368442
5.65 0 0.0154925 0.0268773 0.0354792
5.66 0 0.0149198 0.026008 0.0344015
5.67 0 0.0147534 0.025555 0.0336323
5.68 0 0.0149948 0.0255407 0.0332057
5.69 0 0.0155796 0.02597 0.0331355
5.7 0 0.0163831 0.0268034 0.0334091
5.71 0 0.0172865 0.0279736 0.0340282
5.72 0 0.0182318 0.0294146 0.0350434
5.73 0 0.0192079 0.0310621 0.0365269
5.74 0 0.0201862 0.0328292 0.0385068
5.75 0 0.0210878 0.0346056 0.0409291
5.76 0 0.0218101 0.0362889 0.0436778
5.77 0 0.0222844 0.0378199 0.0466226
5.78 0 0.0225134 0.0391922 0.0496531
5.79 0 0.0225499 0.0404159 0.0526637
5.8 0 0.0224532 0.0414751 0.0555233
5.81 0 0.0222886 0.0423451 0.0580965
5.82 0 0.0221412 0.0430346 0.0602804
5.83 0 0.0220943 0.0435874 0.0620054
5.84 0 0.0221996 0.0440615 0.0632231
5.85 0 0.022464 0.0445005 0.0638987
5.86 0 0.0228365 0.0448937 0.0639968
5.87 0 0.0232182 0.045155 0.0634792
5.88 0 0.0235071 0.0451554 0.0623359
5.89 0 0.0236369 0.0447755 0.0606098
5.9 0 0.0235665 0.0439326 0.0583795
5.91 0 0.0232489 0.0425816 0.055719
5.92 0 0.0226081 0.0406987 0.0526636
5.93 0 0.0215546 0.0382678 0.0492069
5.94 0 0.0200492 0.0353071 0.0453482
5.95 0 0.0181628 0.031908 0.0411498
5.96 0 0.0160504 0.0282239 0.0367268
5.97 0 0.0138669 0.0244155 0.0321874
5.98 0 0.0117091 0.0206089 0.0275935
5.99 0 0.00959558 0.0168636 0.0229448
6 0 0.00748976 0.0131693 0.0181988
6.01 0 0.00539405 0.00952396 0.013359
6.02 0 0.003394 0.00598748 0.00852217
6.03 0 0.0015638 0.00259693 0.00378001
6.04 0 -0.000121921 -0.000711548 -0.000875367
6.05 0 -0.00175025 -0.00404145 -0.00550948
6.06 0 -0.00337849 -0.00743474 -0.0101547
6.07 0 -0.00499369 -0.0108338 -0.0147705
6.08 0 -0.00655365 -0.0141287 -0.019279
6.09 0 -0.00809066 -0.0172833 -0.023668
6.1 0 -0.00976818 -0.0204272 -0.0280577
6.11 0 -0.0117895 -0.0237889 -0.0326205
6.12 0 -0.0142564 -0.0275647 -0.0374558
6.13 0 -0.0171434 -0.0318694 -0.0425773
6.14 0 -0.0203914 -0.0367633 -0.0479985
6.15 0 -0.023972 -0.0422607 -0.0537854
6.16 0 -0.0278476 -0.048281 -0.0600054
6.17 0 -0.0319048 -0.0546185 -0.0666528
6.18 0 -0.0359527 -0.060996 -0.0736389
6.19 0 -0.0397983 -0.0671773 -0.080853
6.2 0 -0.0432972 -0.0730292 -0.0881987
6.21 0 -0.0463234 -0.0784698 -0.0955512
6.22 0 -0.0487723 -0.0834245 -0.102754
6.23 0 -0.050641 -0.0878657 -0.109703
6.24 0 -0.0520545 -0.0918352 -0.11638
6.25 0 -0.0531708 -0.0953751 -0.122779
6.26 0 -0.0540765 -0.0984655 -0.128824
6.27 0 -0.0548035 -0.10108 -0.134398
6.28 0 -0.0554016 -0.103276 -0.13942
6.29 0 -0.0559483 -0.105185 -0.14386
6.3 0 -0.056512 -0.106946 -0.147699
6.31 0 -0.0571174 -0.108626 -0.150899
6.32 0 -0.057744 -0.110196 -0.153392
6.33 0 -0.0583816 -0.11159 -0.15514
6.34 0 -0.0590517 -0.112747 -0.156156
6.35 0 -0.0597537 -0.113591 -0.156467
6.36 0 -0.0604259 -0.114033 -0.156077
6.37 0 -0.0609586 -0.113993 -0.154986
6.38 0 -0.0612325 -0.11343 -0.153206
6.39 0 -0.0611468 -0.112334 -0.150775
6.4 0 -0.060617 -0.110682 -0.147732
6.41 0 -0.0595752 -0.108408 -0.144095
6.42 0 -0.0579944 -0.105422 -0.139864
6.43 0 -0.0558905 -0.101649 -0.135032
6.44 0 -0.0532862 -0.097052 -0.129561
6.45 0 -0.0502081 -0.0916589 -0.123398
6.46 0 -0.0467015 -0.0855805 -0.116508
6.47 0 -0.0427934 -0.0789339 -0.10884
6.48 0 -0.0385009 -0.0717955 -0.100338
6.49 0 -0.0339228 -0.064256 -0.0910316
6.5 0 -0.0292591 -0.056448 -0.0810665
6.51 0 -0.024731 -0.0485189 -0.0706359
6.52 0 -0.0205089 -0.0406221 -0.0599272
6.53 0 -0.0166792 -0.0329127 -0.0490944
6.54 0 -0.0132569 -0.02554 -0.0382653
6.55 0 -0.0102239 -0.0186431 -0.0275722
6.56 0 -0.00752825 -0.0123058 -0.0171455
6.57 0 -0.00507431 -0.00649673 -0.00709385
6.58 0 -0.00275617 -0.00108932 0.00245734
6.59 0 -0.000500065 0.00406607 0.0113405
6.6 0 0.00174202 0.0091017 0.0193993
6.61 0 0.00403761 0.0141058 0.0265614
6.62 0 0.00648218 0.0190963 0.0328547
6.63 0 0.0091647 0.0240181 0.038375
6.64 0 0.0121321 0.02877 0.043238
6.65 0 0.0153656 0.0332596 0.0475436
6.66 0 0.0187797 0.0374731 0.0513818
6.67 0 0.0222485 0.0414919 0.054857
6.68 0 0.0256433 0.0454389 0.0580975
6.69 0 0.0288748 0.0494168 0.0612629
6.7 0 0.0319095 0.0534669 0.0645376
6.71 0 0.0347195 0.0575257 0.0680692
6.72 0 0.0372208 0.0614122 0.0718968
6.73 0 0.0392777 0.0648951 0.075949
6.74 0 0.0407412 0.0677708 0.0800733
6.75 0 0.0414718 0.0698895 0.0840533
6.76 0 0.0413762 0.0711525 0.0876359
6.77 0 0.0404564 0.0714967 0.0905716
6.78 0 0.0388206 0.0708749 0.092636
6.79 0 0.0366528 0.0692756 0.0936435
6.8 0 0.0341782 0.0667717 0.0934718
6.81 0 0.0316065 0.0635268 0.0920493
6.82 0 0.0290635 0.0597421 0.0893
6.83 0 0.026587 0.0556018 0.0851376
6.84 0 0.0241769 0.05123 0.0795132
6.85 0 0.0218338 0.0466488 0.0724553
6.86 0 0.0195645 0.0417745 0.064077
6.87 0 0.017356 0.0364616 0.0545498
6.88 0 0.015139 0.030567 0.0440617
6.89 0 0.0127729 0.0240066 0.0327894
6.9 0 0.0100803 0.0167867 0.0209087
6.91 0 0.00689895 0.00899992 0.00862248
6.92 0 0.00311115 0.00076849 -0.00384079
6.93 0 -0.00130882 -0.00782378 -0.01625
6.94 0 -0.00623798 -0.016749 -0.028396
6.95 0 -0.0114846 -0.0259894 -0.0401415
6.96 0 -0.0169404 -0.0354653 -0.051449
6.97 0 -0.022568 -0.045 -0.0623321
6.98 0 -0.0283101 -0.054361 -0.0728046
6.99 0 -0.0340808 -0.0633602 -0.0828912
7 0 -0.0397734 -0.0719223 -0.0926329
7.01 0 -0.0452379 -0.0800537 -0.102049
7.02 0 -0.050272 -0.0877482 -0.1111
7.03 0 -0.0546592 -0.0949211 -0.119696
7.04 0 -0.0582418 -0.101415 -0.127744
7.05 0 -0.0609673 -0.107045 -0.135187
7.06 0 -0.0628732 -0.111646 -0.14199
7.07 0 -0.0640363 -0.115111 -0.148117
7.08 0 -0.0645301 -0.117424 -0.153503
7.09 0 -0.0644137 -0.118665 -0.158055
7.1 0 -0.0637471 -0.118974 -0.161663
7.11 0 -0.0626181 -0.118512 -0.164219
7.12 0 -0.061167 -0.117442 -0.16565
7.13 0 -0.0595846 -0.115931 -0.165932
7.14 0 -0.0580726 -0.114128 -0.165078
7.15 0 -0.0567748 -0.112135 -0.1631
7.16 0 -0.0557226 -0.10997 -0.159979
7.17 0 -0.0548585 -0.107577 -0.155699
7.18 0 -0.0541246 -0.104908 -0.150335
7.19 0 -0.0535247 -0.101994 -0.144107
7.2 0 -0.0530915 -0.0989412 -0.13733
7.21 0 -0.0528153 -0.0958805 -0.130328
7.22 0 -0.0526083 -0.0929132 -0.123377
7.23 0 -0.0523294 -0.0900839 -0.116683
7.24 0 -0.0518505 -0.0873858 -0.110412
7.25 0 -0.0511065 -0.0847752 -0.104715
7.26 0 -0.0500964 -0.0821868 -0.0997263
7.27 0 -0.0488581 -0.0795672 -0.0955411
7.28 0 -0.0474398 -0.0769144 -0.0922105
7.29 0 -0.0458775 -0.0742944 -0.0897322
7.3 0 -0.044164 -0.0717982 -0.0880204
7.31 0 -0.0422139 -0.0694419 -0.0868608
7.32 0 -0.0398828 -0.0670953 -0.0859171
7.33 0 -0.0370485 -0.0645056 -0.0848094
7.34 0 -0.0336886 -0.0613855 -0.0832002
7.35 0 -0.0299077 -0.0575222 -0.0808478
7.36 0 -0.0258757 -0.0528275 -0.0775806
7.37 0 -0.0217096 -0.047305 -0.0732147
7.38 0 -0.0174216 -0.0410071 -0.0675226
7.39 0 -0.0129558 -0.0339998 -0.0602724
7.4 0 -0.00825753 -0.0263282 -0.0512926
7.41 0 -0.00338342 -0.018029 -0.0405616
7.42 0 0.00141616 -0.00916711 -0.0282516
7.43 0 0.00582363 0.000132257 -0.0146413
7.44 0 0.00970087 0.00965401 9.04653e-06
7.45 0 0.0131491 0.019127 0.0154921
7.46 0 0.016381 0.028313 0.0315851
7.47 0 0.0195918 0.0371273 0.0479567
7.48 0 0.0229117 0.0457135 0.0641946
7.49 0 0.0264198 0.0543181 0.0799302
7.5 0 0.0301294 0.0630561 0.0948645
7.51 0 0.0339822 0.0718254 0.108725
7.52 0 0.0379449 0.0804285 0.121323
7.53 0 0.0420848 0.0887167 0.132627
7.54 0 0.0465006 0.0966172 0.142712
7.55 0 0.051194 0.104084 0.151637
7.56 0 0.0560287 0.111077 0.159403
7.57 0 0.0607948 0.117576 0.165997
7.58 0 0.0652593 0.123532 0.171415
7.59 0 0.0691935 0.128808 0.175664
7.6 0 0.0724247 0.133199 0.178793
7.61 0 0.0748671 0.136504 0.180906
7.62 0 0.0765054 0.138593 0.182141
7.63 0 0.0773681 0.139461 0.182643
7.64 0 0.0774961 0.139228 0.182529
7.65 0 0.0769318 0.1381 0.18187
7.66 0 0.0757461 0.136303 0.180697
7.67 0 0.0740615 0.134022 0.179015
7.68 0 0.0720388 0.131367 0.17681
7.69 0 0.069847 0.128385 0.174055
7.7 0 0.0676457 0.12512 0.170735
7.71 0 0.0655592 0.121642 0.166855
7.72 0 0.0636284 0.118017 0.162398
7.73 0 0.0617818 0.114251 0.157302
7.74 0 0.059868 0.110268 0.151473
7.75 0 0.0577325 0.105928 0.14484
7.76 0 0.0552947 0.101102 0.137415
7.77 0 0.0525712 0.0957281 0.129311
7.78 0 0.0496138 0.0898089 0.120681
7.79 0 0.0464258 0.0833742 0.11163
7.8 0 0.0429449 0.0764616 0.102195
7.81 0 0.0391122 0.0691416 0.0924018
7.82 0 0.0349607 0.0615495 0.08234
7.83 0 0.0306268 0.0538637 0.0721722
7.84 0 0.0262847 0.0462469 0.062075
7.85 0 0.0220628 0.0387975 0.052168
7.86 0 0.0180112 0.0315512 0.0424937
7.87 0 0.0141516 0.0245413 0.0330751
7.88 0 0.0105301 0.0178461 0.0239742
7.89 0 0.00720262 0.0115672 0.0152768
7.9 0 0.00418562 0.00576228 0.00704603
7.91 0 0.00143791 0.000411251 -0.000692683
7.92 0 -0.00109413 -0.00455219 -0.00792903
7.93 0 -0.00342834 -0.00920132 -0.0146417
7.94 0 -0.00556118 -0.0135839 -0.0208004
7.95 0 -0.0075037 -0.0176872 -0.026378
7.96 0 -0.00928338 -0.0214353 -0.0313488
7.97 0 -0.0109303 -0.0247265 -0.0356847
7.98 0 -0.0124585 -0.0274806 -0.0393501
7.99 0 -0.0138381 -0.0296653 -0.0422931
8 0 -0.0149993 -0.0312989 -0.0444552
8.01 0 -0.0158838 -0.0324444 -0.0458125
8.02 0 -0.0164959 -0.033193 -0.0464127
8.03 0 -0.0169012 -0.0336285 -0.0463689
8.04 0 -0.0171954 -0.0338093 -0.0458328
8.05 0 -0.0174716 -0.0337827 -0.0449693
8.06 0 -0.0177826 -0.0335978 -0.0439255
8.07 0 -0.0181214 -0.0333093 -0.0428097
8.08 0 -0.0184474 -0.0329888 -0.0417075
8.09 0 -0.0187283 -0.0327239 -0.0407095
8.1 0 -0.0189562 -0.0325914 -0.0399145
8.11 0 -0.0191454 -0.0326316 -0.0394178
8.12 0 -0.0193224 -0.032845 -0.0392975
8.13 0 -0.0195016 -0.0331962 -0.0395911
8.14 0 -0.0196659 -0.0336271 -0.0402791
8.15 0 -0.0197955 -0.0341025 -0.0413137
8.16 0 -0.0199076 -0.0346501 -0.0426606
8.17 0 -0.0200551 -0.0353451 -0.0443016
8.18 0 -0.0203191 -0.036286 -0.046234
8.19 0 -0.0208116 -0.0375857 -0.048484
8.2 0 -0.0216562 -0.0393539 -0.0511001
8.21 0 -0.0229622 -0.0416837 -0.054142
8.22 0 -0.024802 -0.0446434 -0.0576681
8.23 0 -0.0271584 -0.048231 -0.0616871
8.24 0 -0.0298832 -0.0523231 -0.0661091
8.25 0 -0.0327435 -0.0566987 -0.0707778
8.26 0 -0.0355013 -0.0610946 -0.0755282
8.27 0 -0.0379438 -0.0652303 -0.0801984
8.28 0 -0.0398804 -0.0688196 -0.0846117
8.29 0 -0.041136 -0.0715874 -0.0885606
8.3 0 -0.0415667 -0.0733038 -0.0918167
8.31 0 -0.0411084 -0.0738233 -0.0941714
8.32 0 -0.039798 -0.0730829 -0.0954479
8.33 0 -0.0377348 -0.0710755 -0.0954766
8.34 0 -0.0350797 -0.0678843 -0.0941305
8.35 0 -0.0320771 -0.0637393 -0.0913897
8.36 0 -0.0290029 -0.0589892 -0.0873222
8.37 0 -0.0260822 -0.0540002 -0.0820211
8.38 0 -0.0234168 -0.0490136 -0.0755433
8.39 0 -0.0209787 -0.0440578 -0.0679055
8.4 0 -0.018714 -0.0390243 -0.0591824
8.41 0 -0.0165881 -0.0337634 -0.0495451
8.42 0 -0.0145142 -0.0281043 -0.0391804
8.43 0 -0.0123156 -0.02189 -0.0282385
8.44 0 -0.00975812 -0.0150283 -0.0168444
8.45 0 -0.00660132 -0.00750271 -0.00512222
8.46 0 -0.00267246 0.000643533 0.00678014
8.47 0 0.00203889 0.00933378 0.018678
8.48 0 0.00733536 0.0184803 0.0303756
8.49 0 0.0129281 0.0279497 0.0417125
8.5 0 0.0186023 0.0375153 0.0525893
8.51 0 0.024229 0.046881 0.0629608
8.52 0 0.0297047 0.0557582 0.0728144
8.53 0 0.0349145 0.0639335 0.08214
8.54 0 0.0397006 0.0712896 0.0908956
8.55 0 0.0438762 0.0777915 0.0990054
8.56 0 0.0472999 0.0834636 0.106408
8.57 0 0.0499347 0.0883577 0.113097
8.58 0 0.0518415 0.0925086 0.119106
8.59 0 0.0531344 0.095915 0.124472
8.6 0 0.0539385 0.0985605 0.12921
8.61 0 0.0543576 0.100448 0.133301
8.62 0 0.0544534 0.101614 0.136686
8.63 0 0.0542539 0.102131 0.139281
8.64 0 0.0537894 0.102095 0.141006
8.65 0 0.053111 0.101606 0.141801
8.66 0 0.0522632 0.100702 0.141603
8.67 0 0.0512677 0.0993524 0.140332
8.68 0 0.0501657 0.0975148 0.137949
8.69 0 0.0490435 0.0952026 0.134511
8.7 0 0.0479768 0.0924725 0.130128
8.71 0 0.0469812 0.0893999 0.124924
8.72 0 0.0460303 0.0860837 0.119045
8.73 0 0.0450939 0.0826431 0.112678
8.74 0 0.0441563 0.0791935 0.106046
8.75 0 0.0432159 0.0758211 0.0993918
8.76 0 0.0422573 0.0725564 0.0929272
8.77 0 0.0412344 0.0693732 0.0868091
8.78 0 0.040098 0.0662354 0.0811552
8.79 0 0.0388177 0.0631323 0.0760594
8.8 0 0.0373566 0.0600566 0.0715637
8.81 0 0.0356305 0.0569516 0.0676116
8.82 0 0.0335042 0.0536848 0.0640384
8.83 0 0.030848 0.0500831 0.0606197
8.84 0 0.0276078 0.0459994 0.0571369
8.85 0 0.0238327 0.0413566 0.0534119
8.86 0 0.0196475 0.0361516 0.0492991
8.87 0 0.0152209 0.0304537 0.0446776
8.88 0 0.0107487 0.0244034 0.0394605
8.89 0 0.00641758 0.0181785 0.0335859
8.9 0 0.00237652 0.0119271 0.0269949
8.91 0 -0.0012534 0.00572198 0.0196237
8.92 0 -0.00438481 -0.000403559 0.0114333
8.93 0 -0.0069923 -0.00638722 0.00245692
8.94 0 -0.00911158 -0.0121243 -0.00718042
8.95 0 -0.0108251 -0.0175181 -0.0172806
8.96 0 -0.0122444 -0.0225409 -0.0275862
8.97 0 -0.0134829 -0.0272581 -0.0377787
8.98 0 -0.0146475 -0.0317983 -0.0475131
8.99 0 -0.0158572 -0.0362823 -0.0565022
9 0 -0.0172572 -0.0407615 -0.0645749
9.01 0 -0.0190004 -0.045218 -0.0716655
9.02 0 -0.0212041 -0.0496111 -0.0777748
9.03 0 -0.0239059 -0.0539156 -0.0829292
9.04 0 -0.0270375 -0.0581181 -0.0871471
9.05 0 -0.0304327 -0.0621873 -0.0904361
9.06 0 -0.0338779 -0.0660562 -0.0928272
9.07 0 -0.0371844 -0.0696391 -0.0944233
9.08 0 -0.0402373 -0.072862 -0.0954193
9.09 0 -0.042961 -0.0756503 -0.0960442
9.1 0 -0.0452135 -0.0778624 -0.0964362
9.11 0 -0.0467561 -0.0792829 -0.0965908
9.12 0 -0.0473631 -0.0797255 -0.0964437
9.13 0 -0.0469134 -0.079094 -0.0959353
9.14 0 -0.0454051 -0.0773537 -0.0949939
9.15 0 -0.042965 -0.0745292 -0.0935349
9.16 0 -0.0398255 -0.0707355 -0.0914768
9.17 0 -0.0362379 -0.0661635 -0.088721
9.18 0 -0.0324161 -0.0610483 -0.0851511
9.19 0 -0.0285542 -0.055651 -0.0806812
9.2 0 -0.0248292 -0.0501987 -0.075271
9.21 0 -0.0213792 -0.0448181 -0.0689135
9.22 0 -0.0183257 -0.0395554 -0.0616698
9.23 0 -0.0157943 -0.0344396 -0.0537033
9.24 0 -0.0138722 -0.029515 -0.045249
9.25 0 -0.0125336 -0.0248272 -0.0365394
9.26 0 -0.0115883 -0.0203694 -0.0277322
9.27 0 -0.0107293 -0.0160621 -0.0189209
9.28 0 -0.00968926 -0.0118248 -0.0102552
9.29 0 -0.00834764 -0.00763051 -0.00200826
9.3 0 -0.00669351 -0.00347506 0.00550258
9.31 0 -0.0047471 0.000644338 0.01202
9.32 0 -0.00252338 0.00470662 0.0173944
9.33 0 -3.81571e-05 0.0086541 0.0215894
9.34 0 0.00264093 0.0123934 0.0246505
9.35 0 0.00533211 0.0157726 0.0266448
9.36 0 0.0077751 0.0185804 0.0276443
9.37 0 0.00978366 0.0206393 0.0277963
9.38 0 0.0113354 0.0219109 0.0273675
9.39 0 0.0124975 0.0225006 0.0266698
9.4 0 0.0133235 0.0226091 0.0259679
9.41 0 0.0138105 0.0224586 0.0254291
9.42 0 0.0139015 0.0222034 0.0251068
9.43 0 0.0135643 0.0219067 0.0249961
9.44 0 0.0128882 0.0215844 0.025115
9.45 0 0.01206 0.0212265 0.0254958
9.46 0 0.0112462 0.0207982 0.0261096
9.47 0 0.0105217 0.0202728 0.026837
9.48 0 0.00989289 0.0196827 0.0275154
9.49 0 0.0093667 0.019138 0.0280144
9.5 0 0.00899518 0.0187881 0.0282807
9.51 0 0.00886268 0.0187474 0.0283295
9.52 0 0.00903271 0.0190328 0.0282019
9.53 0 0.00950931 0.0195637 0.0279381
9.54 0 0.0102486 0.0202311 0.0275939
9.55 0 0.0111733 0.0209546 0.0272474
9.56 0 0.012165 0.02168 0.0269681
9.57 0 0.0130697 0.0223524 0.0267905
9.58 0 0.0137311 0.0229002 0.0267159
9.59 0 0.0140327 0.0232394 0.026729
9.6 0 0.0139339 0.0232986 0.0268218
9.61 0 0.0134893 0.0230543 0.0270071
9.62 0 0.0128195 0.0225434 0.0273005
9.63 0 0.0120352 0.0218349 0.0276682
9.64 0 0.0111709 0.0209765 0.0279827
9.65 0 0.0102002 0.0199768 0.0280493
9.66 0 0.00913007 0.0188486 0.0277069
9.67 0 0.00805074 0.0176328 0.0268895
9.68 0 0.00707232 0.0163526 0.0255833
9.69 0 0.00625092 0.0149828 0.023774
9.7 0 0.00558285 0.0134817 0.0214514
9.71 0 0.00503119 0.0118302 0.0186351
9.72 0 0.00454708 0.0100435 0.015385
9.73 0 0.00407739 0.00815563 0.0117966
9.74 0 0.00357027 0.00619793 0.00798885
9.75 0 0.00298751 0.00418885 0.00409808
9.76 0 0.0023173 0.00214341 0.000274589
9.77 0 0.00156931 8.32628e-05 -0.00333243
9.78 0 0.000743253 -0.00197349 -0.00661222
9.79 0 -0.000189798 -0.00402226 -0.00951781
9.8 0 -0.00125748 -0.0060563 -0.0120474
9.81 0 -0.00244775 -0.00804973 -0.0142144
9.82 0 -0.00370483 -0.00995903 -0.0160375
9.83 0 -0.00495086 -0.0117348 -0.0175472
9.84 0 -0.00612744 -0.0133468 -0.0188058
9.85 0 -0.00722783 -0.0148126 -0.0199246
9.86 0 -0.00827495 -0.0161849 -0.0210354
9.87 0 -0.00925578 -0.0174846 -0.0222142
9.88 0 -0.0100853 -0.0186579 -0.0234382
9.89 0 -0.0106786 -0.0196424 -0.0246548
9.9 0 -0.0110473 -0.0204541 -0.0258761
9.91 0 -0.0112855 -0.0211756 -0.0271657
9.92 0 -0.0114963 -0.0218962 -0.0285765
9.93 0 -0.0117345 -0.0226666 -0.0301046
9.94 0 -0.0119703 -0.0234576 -0.0316584
9.95 0 -0.0121051 -0.0241581 -0.033074
9.96 0 -0.0120464 -0.0246293 -0.0341831
9.97 0 -0.0117457 -0.0247351 -0.034845
9.98 0 -0.0111849 -0.024348 -0.0349345
9.99 0 -0.0103807 -0.0233915 -0.0343573
10 0 -0.0093635 -0.0218509 -0.033042
10.01 0 -0.00814152 -0.0197463 -0.0309147
10.02 0 -0.00674574 -0.0171575 -0.027948
10.03 0 -0.00529321 -0.0142553 -0.0242265
10.04 0 -0.00396101 -0.0112654 -0.0199294
10.05 0 -0.00291984 -0.00841862 -0.0152874
10.06 0 -0.00227955 -0.00591187 -0.0105491
10.07 0 -0.00202616 -0.0038409 -0.00592139
10.08 0 -0.00199982 -0.00215187 -0.00152452
10.09 0 -0.00196193 -0.000670265 0.00258539
10.1 0 -0.00170992 0.000810762 0.00635117
10.11 0 -0.00115729 0.00243744 0.00967147
10.12 0 -0.000293488 0.00428577 0.0124568
10.13 0 0.000910705 0.00641204 0.0147291
10.14 0 0.00249109 0.00883594 0.0166111
10.15 0 0.00440183 0.0114786 0.0182337
10.16 0 0.00651145 0.0141846 0.0197067
10.17 0 0.00867314 0.016805 0.0211481
10.18 0 0.0107537 0.0192305 0.0226696
10.19 0 0.0126328 0.0214009 0.0243509
10.2 0 0.0142231 0.0233348 0.0262562
10.21 0 0.0154912 0.0251243 0.028448
10.22 0 0.0164493 0.026874 0.0309689
10.23 0 0.0171268 0.0286315 0.0338083
10.24 0 0.017548 0.0303555 0.0368853
10.25 0 0.0177482 0.0319526 0.0400746
10.26 0 0.0178006 0.0333473 0.0432513
10.27 0 0.0178228 0.0345441 0.0463245
10.28 0 0.0179573 0.0356497 0.0492489
10.29 0 0.0183062 0.0368122 0.0519838
10.3 0 0.0188953 0.0381478 0.054466
10.31 0 0.0196958 0.0396957 0.0566233
10.32 0 0.0206184 0.0413564 0.0583553
10.33 0 0.0215289 0.0428999 0.0595402
10.34 0 0.0223388 0.0440986 0.0601256
10.35 0 0.0230492 0.0448431 0.0601741
10.36 0 0.0236633 0.0451187 0.0597774
10.37 0 0.0240863 0.0449211 0.0589501
10.38 0 0.0241327 0.0442167 0.0576196
10.39 0 0.0236134 0.0429377 0.0556822
10.4 0 0.0224476 0.0410081 0.0530798
10.41 0 0.0207382 0.0384073 0.0498628
10.42 0 0.0187077 0.0351919 0.0461511
10.43 0 0.016526 0.0314416 0.0420079
10.44 0 0.0142318 0.0272393 0.037392
10.45 0 0.011793 0.0226961 0.0322241
10.46 0 0.00917968 0.017937 0.0264531
10.47 0 0.00640753 0.0130613 0.0200918
10.48 0 0.00354558 0.00810455 0.0132175
10.49 0 0.000687044 0.00301185 0.0059277
10.5 0 -0.00208873 -0.00232856 -0.00170287
10.51 0 -0.00476805 -0.00800047 -0.00963978
10.52 0 -0.00743035 -0.0139943 -0.0178803
10.53 0 -0.0101925 -0.0201874 -0.026397
10.54 0 -0.0131238 -0.0263888 -0.0350863
10.55 0 -0.0162076 -0.0324319 -0.0437792
10.56 0 -0.0193237 -0.0381993 -0.0522439
10.57 0 -0.0222641 -0.0435873 -0.060191
10.58 0 -0.0248453 -0.0485158 -0.0673651
10.59 0 -0.0269953 -0.0529264 -0.0736193
10.6 0 -0.0287477 -0.0567559 -0.0789094
10.61 0 -0.030226 -0.0599732 -0.0832862
10.62 0 -0.031575 -0.062596 -0.0868425
10.63 0 -0.0328404 -0.0646377 -0.0896085
10.64 0 -0.0339319 -0.0660819 -0.0915164
10.65 0 -0.03469 -0.0668991 -0.0924542
10.66 0 -0.0350089 -0.0670916 -0.0923694
10.67 0 -0.0349218 -0.0667232 -0.0913431
10.68 0 -0.0345584 -0.0658736 -0.089546
10.69 0 -0.0340346 -0.064576 -0.0871349
10.7 0 -0.0333984 -0.0628336 -0.0842125
10.71 0 -0.0326593 -0.0606925 -0.0808642
10.72 0 -0.0318238 -0.0582707 -0.0771901
10.73 0 -0.0309036 -0.055722 -0.0733019
10.74 0 -0.0299259 -0.0531911 -0.0693218
10.75 0 -0.0289391 -0.0507842 -0.065382
10.76 0 -0.0279988 -0.0485538 -0.061612
10.77 0 -0.027149 -0.0465087 -0.0581261
10.78 0 -0.0264106 -0.0446441 -0.0550153
10.79 0 -0.0257735 -0.0429617 -0.0523388
10.8 0 -0.0252001 -0.0414744 -0.0501232
10.81 0 -0.024649 -0.040205 -0.0483747
10.82 0 -0.024107 -0.0391866 -0.047102
10.83 0 -0.0235986 -0.0384511 -0.0463219
10.84 0 -0.0231362 -0.037979 -0.0460111
10.85 0 -0.0226552 -0.0376451 -0.046044
10.86 0 -0.0220384 -0.0372527 -0.0462165
10.87 0 -0.0212212 -0.0366496 -0.0463509
10.88 0 -0.0202435 -0.0357976 -0.0463537
10.89 0 -0.0191756 -0.0347198 -0.0461549
10.9 0 -0.0180536 -0.0334412 -0.0456569
10.91 0 -0.0169166 -0.0320125 -0.0447807
10.92 0 -0.0158413 -0.0305232 -0.0435083
10.93 0 -0.0149104 -0.029059 -0.0418605
10.94 0 -0.0141591 -0.0276476 -0.039852
10.95 0 -0.0135513 -0.0262396 -0.03747
10.96 0 -0.0130085 -0.0247426 -0.0346989
10.97 0 -0.0124645 -0.0230851 -0.0315677
10.98 0 -0.0118965 -0.021258 -0.0281709
10.99 0 -0.0113033 -0.0193023 -0.0246392
11 0 -0.0106636 -0.0172674 -0.0210884
11.01 0 -0.0099176 -0.0151743 -0.0175883
11.02 0 -0.00898715 -0.01301 -0.0141724
11.03 0 -0.00783626 -0.0107688 -0.0108881
11.04 0 -0.00650887 -0.0084873 -0.00782632
11.05 0 -0.00507068 -0.00620452 -0.00506137
11.06 0 -0.00355014 -0.00392522 -0.0025972
11.07 0 -0.00197523 -0.00165999 -0.000402528
11.08 0 -0.000393 0.000568539 0.00157505
11.09 0 0.00117142 0.0027698 0.00344314
11.1 0 0.00272201 0.00498734 0.00535518
11.11 0 0.00425302 0.00725547 0.00745391
11.12 0 0.00572081 0.0095593 0.00982072
11.13 0 0.0070586 0.0118403 0.0124714
11.14 0 0.00821347 0.0140353 0.0153837
11.15 0 0.00916774 0.0161006 0.0185136
11.16 0 0.00991874 0.0180029 0.0217803
11.17 0 0.010443 0.0196951 0.025045
11.18 0 0.0106931 0.0211018 0.0281142
11.19 0 0.0106387 0.0221379 0.0307835
11.2 0 0.0103529 0.0227817 0.0329268
11.21 0 0.010052 0.0231494 0.0345631
11.22 0 0.00997356 0.0234338 0.0357765
11.23 0 0.0102033 0.0237655 0.0365766
11.24 0 0.0106649 0.0241738 0.0368954
11.25 0 0.0112492 0.0246429 0.0366968
11.26 0 0.0119171 0.0251568 0.0360563
11.27 0 0.0126873 0.0256894 0.0351358
11.28 0 0.0135255 0.0261473 0.0340681
11.29 0 0.0142809 0.0263609 0.0328854
11.3 0 0.0147798 0.0261997 0.0315934
11.31 0 0.014941 0.025674 0.0302651
11.32 0 0.0147507 0.0248763 0.0289979
11.33 0 0.0142088 0.0238806 0.0278423
11.34 0 0.0133757 0.0227512 0.0268352
11.35 0 0.0124107 0.021592 0.0260479
11.36 0 0.0115279 0.0205553 0.0255724
11.37 0 0.0109119 0.0198103 0.0254738
11.38 0 0.0106213 0.0194612 0.0257195
11.39 0 0.0105671 0.0194872 0.026162
11.4 0 0.0106151 0.0197791 0.0266294
11.41 0 0.0106856 0.0201991 0.0270108
11.42 0 0.0107743 0.0206184 0.027275
11.43 0 0.0109345 0.0209654 0.0274615
11.44 0 0.0112024 0.0212256 0.0276198
11.45 0 0.011519 0.0213912 0.0277349
11.46 0 0.0117768 0.0214697 0.0277593
11.47 0 0.0119341 0.0215262 0.027706
11.48 0 0.0120358 0.0216503 0.0276561
11.49 0 0.0121346 0.0218712 0.0276806
11.5 0 0.0122261 0.0221202 0.0277819
11.51 0 0.0122485 0.0222669 0.0278965
11.52 0 0.0121063 0.0221659 0.0279144
11.53 0 0.0116861 0.0216755 0.0276866
11.54 0 0.0109029 0.0206875 0.0270603
11.55 0 0.00979911 0.019216 0.0259768
11.56 0 0.00857739 0.0174435 0.0245213
11.57 0 0.00745135 0.0155998 0.0228054
11.58 0 0.00648689 0.0138087 0.0208333
11.59 0 0.00562452 0.0120754 0.0185291
11.6 0 0.00480565 0.0103646 0.0158525
11.61 0 0.00404705 0.00865783 0.0128632
11.62 0 0.00342126 0.00696776 0.00970386
11.63 0 0.00298599 0.00532979 0.00653882
11.64 0 0.00269853 0.00375545 0.00347055
11.65 0 0.00240899 0.00220834 0.000515283
11.66 0 0.00196898 0.000650169 -0.00232178
11.67 0 0.00129966 -0.000952065 -0.00501202
11.68 0 0.000401733 -0.0026325 -0.00751078
11.69 0 -0.000616983 -0.00436191 -0.00972342
11.7 0 -0.00157739 -0.00601748 -0.0115175
11.71 0 -0.00234253 -0.00744318 -0.0128087
11.72 0 -0.00289783 -0.00852917 -0.0136245
11.73 0 -0.00331428 -0.00923579 -0.0140707
11.74 0 -0.00361908 -0.00954147 -0.0142149
11.75 0 -0.00371547 -0.00939281 -0.0140075
11.76 0 -0.00346182 -0.00874309 -0.0133427
11.77 0 -0.00283952 -0.00764667 -0.0122018
11.78 0 -0.00199235 -0.00625827 -0.0106862
11.79 0 -0.00106721 -0.00469064 -0.00887799
11.8 0 -0.000110416 -0.00294996 -0.00676105
11.81 0 0.000856341 -0.0010396 -0.00431471
11.82 0 0.00177983 0.000971798 -0.00158014
11.83 0 0.00261075 0.00298879 0.00137019
11.84 0 0.003329 0.0049296 0.00445862
11.85 0 0.00393118 0.00673318 0.007595
11.86 0 0.00441444 0.00835617 0.0106679
11.87 0 0.00477291 0.00976894 0.0135483
11.88 0 0.00500258 0.0109479 0.016101
11.89 0 0.00510574 0.0118648 0.0181955
11.9 0 0.00509305 0.0124816 0.0197163
11.91 0 0.00498645 0.0127605 0.0205764
11.92 0 0.00481474 0.0126783 0.0207248
11.93 0 0.00459524 0.0122277 0.0201394
11.94 0 0.00432551 0.0114174 0.0188232
11.95 0 0.00400571 0.0102883 0.0168258
11.96 0 0.00366372 0.00892629 0.0142642
11.97 0 0.0033506 0.00744937 0.0113141
11.98 0 0.00311401 0.00597852 0.00817959
11.99 0 0.00295855 0.0045961 0.00504697
12 0 0.00281988 0.00330991 0.00204392
12.01 0 0.00260496 0.00207613 -0.000742745
12.02 0 0.00225355 0.000850791 -0.00322896
12.03 0 0.00173962 -0.000402044 -0.00534811
12.04 0 0.00105404 -0.00171131 -0.00707464
12.05 0 0.000214566 -0.00307362 -0.0084126
12.06 0 -0.000736214 -0.00444906 -0.00939209
12.07 0 -0.00174101 -0.00577572 -0.01007
12.08 0 -0.0027099 -0.00695899 -0.0104971
12.09 0 -0.00351099 -0.00786686 -0.0106886
12.1 0 -0.00400489 -0.00836371 -0.0106344
12.11 0 -0.00408441 -0.00834418 -0.0103148
12.12 0 -0.00369178 -0.00774129 -0.00969821
12.13 0 -0.00284305 -0.00654565 -0.00875566
12.14 0 -0.00164777 -0.00483582 -0.00748807
12.15 0 -0.000274175 -0.00276722 -0.00591672
12.16 0 0.00109918 -0.00054265 -0.00406915
12.17 0 0.00229962 0.00160147 -0.00199825
12.18 0 0.00318179 0.00343493 0.000213004
12.19 0 0.0037085 0.00485069 0.00252305
12.2 0 0.00402695 0.00597999 0.00501531
12.21 0 0.00435819 0.00710511 0.00781043
12.22 0 0.00479534 0.00843747 0.0108886
12.23 0 0.00529114 0.0100321 0.0140848
12.24 0 0.00579384 0.0118414 0.01722
12.25 0 0.0063642 0.0138081 0.020222
12.26 0 0.00716715 0.0159182 0.0231404
12.27 0 0.00830438 0.0181347 0.0260083
12.28 0 0.00970199 0.0203522 0.0287443
12.29 0 0.0112087 0.0224912 0.0312423
12.3 0 0.0127267 0.0245715 0.0334811
12.31 0 0.0142074 0.0266417 0.0354998
12.32 0 0.0155998 0.0286849 0.0373322
12.33 0 0.0168525 0.0306143 0.0390008
12.34 0 0.0179351 0.0323244 0.0405341
12.35 0 0.0188463 0.0337482 0.0419746
12.36 0 0.0195969 0.0348819 0.0433636
12.37 0 0.0201608 0.0357451 0.0446911
12.38 0 0.020456 0.0363324 0.0458709
12.39 0 0.0204242 0.0366376 0.0468091
12.4 0 0.0201255 0.0367059 0.047492
12.41 0 0.0197119 0.0366109 0.0479664
12.42 0 0.0193173 0.0363963 0.0482559
12.43 0 0.0189909 0.0360637 0.0483208
12.44 0 0.0187064 0.0355972 0.0480791
12.45 0 0.0184114 0.0349895 0.0474529
12.46 0 0.0180674 0.0342411 0.0464006
12.47 0 0.0176483 0.0333304 0.0449077
12.48 0 0.0171199 0.0321898 0.042964
12.49 0 0.0164432 0.030726 0.0405629
12.5 0 0.0155879 0.0288643 0.0377142
12.51 0 0.0145412 0.026583 0.0344503
12.52 0 0.013315 0.0239321 0.0308322
12.53 0 0.0119425 0.0210218 0.0269439
12.54 0 0.0104491 0.0179688 0.0228594
12.55 0 0.00884188 0.0148507 0.0186294
12.56 0 0.0071352 0.011705 0.0143027
12.57 0 0.00535615 0.00853476 0.00993247
12.58 0 0.00353716 0.00532406 0.0055705
12.59 0 0.00170939 0.00205171 0.00125373
12.6 0 -0.000122947 -0.00131595 -0.00302741
12.61 0 -0.00199197 -0.00481519 -0.00733331
12.62 0 -0.00394291 -0.00846592 -0.0117487
12.63 0 -0.00601493 -0.0122681 -0.0163567
12.64 0 -0.0082246 -0.0162085 -0.0212149
12.65 0 -0.0105637 -0.0202717 -0.0263449
12.66 0 -0.0130165 -0.024453 -0.0317403
12.67 0 -0.0155446 -0.02875 -0.0373622
12.68 0 -0.0180525 -0.0331143 -0.0431101
12.69 0 -0.0203956 -0.0374196 -0.04882
12.7 0 -0.0224371 -0.0414862 -0.05431
12.71 0 -0.024117 -0.0451495 -0.0594445
12.72 0 -0.0254888 -0.0483322 -0.0641772
12.73 0 -0.0266768 -0.0510607 -0.0685267
12.74 0 -0.027794 -0.0534273 -0.0725154
12.75 0 -0.0288946 -0.0555454 -0.0761331
12.76 0 -0.0299981 -0.0575373 -0.0793599
12.77 0 -0.0311646 -0.0595565 -0.0822372
12.78 0 -0.0325268 -0.0617841 -0.0848992
12.79 0 -0.0342258 -0.0643624 -0.0875155
12.8 0 -0.036321 -0.067329 -0.0902095
12.81 0 -0.0387745 -0.0706316 -0.093047
12.82 0 -0.041512 -0.0742087 -0.0960916
12.83 0 -0.0444412 -0.0780142 -0.0994118
12.84 0 -0.0474167 -0.081971 -0.103029
12.85 0 -0.0502534 -0.0859568 -0.106911
12.86 0 -0.052777 -0.0898242 -0.110996
12.87 0 -0.0548554 -0.0934162 -0.115212
12.88 0 -0.056418 -0.0965929 -0.119482
12.89 0 -0.0574624 -0.0992643 -0.123736
12.9 0 -0.0580298 -0.101398 -0.127893
12.91 0 -0.058177 -0.103002 -0.131849
12.92 0 -0.0579736 -0.104115 -0.135485
12.93 0 -0.0575071 -0.104785 -0.138684
12.94 0 -0.0568715 -0.105063 -0.141336
12.95 0 -0.056129 -0.104971 -0.143311
12.96 0 -0.0552798 -0.104479 -0.144443
12.97 0 -0.0542854 -0.103517 -0.14455
12.98 0 -0.0531239 -0.10202 -0.143489
12.99 0 -0.0518276 -0.0999716 -0.1412
13 0 -0.0504722 -0.0974083 -0.137708
13.01 0 -0.0491235 -0.0943853 -0.133096
13.02 0 -0.0477829 -0.090934 -0.12745
13.03 0 -0.0463886 -0.0870606 -0.120861
13.04 0 -0.0448689 -0.0827802 -0.11345
13.05 0 -0.0431659 -0.0781209 -0.105384
13.06 0 -0.0411989 -0.0730738 -0.0968075
13.07 0 -0.0388326 -0.067553 -0.0877943
13.08 0 -0.0359103 -0.0614225 -0.0783582
13.09 0 -0.0323238 -0.0545661 -0.0685072
13.1 0 -0.0280467 -0.0469342 -0.0582701
13.11 0 -0.0230942 -0.0385235 -0.0476604
13.12 0 -0.0174741 -0.0293358 -0.0366357
13.13 0 -0.0112387 -0.0194173 -0.0251514
13.14 0 -0.00456153 -0.00892143 -0.0132396
13.15 0 0.00225332 0.00192567 -0.000985781
13.16 0 0.00886803 0.0128966 0.0115586
13.17 0 0.0151197 0.0237816 0.0244257
13.18 0 0.0210588 0.0344098 0.0376933
13.19 0 0.0267816 0.0447004 0.0513904
13.2 0 0.0323053 0.0546619 0.0654223
13.21 0 0.037538 0.0643342 0.0795628
13.22 0 0.0423415 0.073736 0.0935262
13.23 0 0.0466397 0.0828383 0.107075
13.24 0 0.0504872 0.0915727 0.120093
13.25 0 0.0540527 0.0998611 0.132575
13.26 0 0.057518 0.107644 0.144536
13.27 0 0.0609863 0.114905 0.155953
13.28 0 0.0644651 0.121687 0.166764
13.29 0 0.0678982 0.128089 0.176888
13.3 0 0.0712071 0.134218 0.186249
13.31 0 0.0743256 0.140136 0.19479
13.32 0 0.0772227 0.145816 0.202478
13.33 0 0.0799245 0.151172 0.209326
13.34 0 0.0825063 0.156107 0.215398
13.35 0 0.0850207 0.160529 0.220752
13.36 0 0.0874207 0.164347 0.225381
13.37 0 0.0895573 0.167475 0.229202
13.38 0 0.0912361 0.169844 0.232098
13.39 0 0.0923132 0.171427 0.233993
13.4 0 0.0927983 0.172281 0.234934
13.41 0 0.0928453 0.172531 0.235084
13.42 0 0.0926126 0.172258 0.234589
13.43 0 0.0921551 0.171443 0.233489
13.44 0 0.091427 0.170014 0.231724
13.45 0 0.090341 0.167904 0.229194
13.46 0 0.0888479 0.165102 0.225827
13.47 0 0.0869746 0.161662 0.221615
13.48 0 0.0847578 0.157626 0.216553
13.49 0 0.0821786 0.152962 0.210584
13.5 0 0.0792042 0.147609 0.203646
13.51 0 0.0758407 0.141547 0.19573
13.52 0 0.0721061 0.134778 0.186855
13.53 0 0.0680145 0.127321 0.177054
13.54 0 0.0636234 0.11926 0.166414
13.55 0 0.0590518 0.11076 0.155097
13.56 0 0.0544312 0.102015 0.143289
13.57 0 0.0498499 0.0931896 0.131146
13.58 0 0.0453445 0.0843934 0.11878
13.59 0 0.0409362 0.0757054 0.106292
13.6 0 0.0366391 0.0671739 0.0937749
13.61 0 0.0324192 0.0587786 0.0812718
13.62 0 0.0281797 0.0504169 0.068761
13.63 0 0.0237975 0.0419362 0.0561884
13.64 0 0.0191691 0.0331904 0.043506
13.65 0 0.0142578 0.0241092 0.0307163
13.66 0 0.00911126 0.0147293 0.0178956
13.67 0 0.0038223 0.005154 0.00516503
13.68 0 -0.00149139 -0.00448633 -0.00734839
13.69 0 -0.00667394 -0.0140405 -0.0195329
13.7 0 -0.0116159 -0.0233424 -0.031319
13.71 0 -0.0163457 -0.0322294 -0.0426885
13.72 0 -0.0209529 -0.0405989 -0.05364
13.73 0 -0.025495 -0.0484703 -0.0641689
13.74 0 -0.0299999 -0.055984 -0.0742859
13.75 0 -0.0344816 -0.0633354 -0.0840212
13.76 0 -0.0389373 -0.0706894 -0.0934131
13.77 0 -0.0433572 -0.0781276 -0.102507
13.78 0 -0.0477523 -0.0856473 -0.111375
13.79 0 -0.0521608 -0.0931901 -0.120114
13.8 0 -0.056607 -0.100665 -0.128812
13.81 0 -0.0610546 -0.107969 -0.137508
13.82 0 -0.0654163 -0.115034 -0.1462
13.83 0 -0.0696103 -0.121864 -0.154897
13.84 0 -0.0735974 -0.128541 -0.163638
13.85 0 -0.07737 -0.135159 -0.172478
13.86 0 -0.0809369 -0.14177 -0.181457
13.87 0 -0.0843279 -0.14838 -0.190604
13.88 0 -0.0875965 -0.154967 -0.199949
13.89 0 -0.0907887 -0.161487 -0.209499
13.9 0 -0.0939958 -0.167835 -0.219199
13.91 0 -0.0973006 -0.173874 -0.2289
13.92 0 -0.100558 -0.179557 -0.238364
13.93 0 -0.103495 -0.184935 -0.247348
13.94 0 -0.105953 -0.190075 -0.255692
13.95 0 -0.107922 -0.194983 -0.263335
13.96 0 -0.109497 -0.199553 -0.270268
13.97 0 -0.110812 -0.203604 -0.276497
13.98 0 -0.111987 -0.206969 -0.282015
13.99 0 -0.113075 -0.209572 -0.286789
14 0 -0.114055 -0.211472 -0.290759
14.01 0 -0.114864 -0.212822 -0.293861
14.02 0 -0.115434 -0.213784 -0.29604
14.03 0 -0.115725 -0.214454 -0.297264
14.04 0 -0.115727 -0.214819 -0.297516
14.05 0 -0.115465 -0.214749 -0.2968
14.06 0 -0.114969 -0.214056 -0.295139
14.07 0 -0.114242 -0.212566 -0.292557
14.08 0 -0.113243 -0.210199 -0.289072
14.09 0 -0.111906 -0.206996 -0.284705
14.1 0 -0.110144 -0.203072 -0.279473
14.11 0 -0.107863 -0.198533 -0.273383
14.12 0 -0.105001 -0.193412 -0.266444
14.13 0 -0.101557 -0.187675 -0.258693
14.14 0 -0.0976073 -0.181257 -0.250205
14.15 0 -0.0932644 -0.174119 -0.241075
14.16 0 -0.0886198 -0.166265 -0.231365
14.17 0 -0.0837029 -0.157752 -0.221084
14.18 0 -0.0784987 -0.14868 -0.2102
14.19 0 -0.0729911 -0.139173 -0.198673
14.2 0 -0.0671867 -0.129329 -0.186477
14.21 0 -0.0611208 -0.119177 -0.173595
14.22 0 -0.0548801 -0.108716 -0.160047
14.23 0 -0.048626 -0.0979844 -0.14593
14.24 0 -0.042562 -0.0871044 -0.131403
14.25 0 -0.0368534 -0.0762578 -0.116625
14.26 0 -0.0315685 -0.0656351 -0.101705
14.27 0 -0.026686 -0.0553986 -0.0867072
14.28 0 -0.0221478 -0.04566 -0.0716855
14.29 0 -0.017881 -0.0364394 -0.0566946
14.3 0 -0.0137923 -0.0276301 -0.0417754
14.31 0 -0.00978314 -0.0190224 -0.0269688
14.32 0 -0.00575177 -0.010368 -0.0123323
14.33 0 -0.00160062 -0.0014245 0.00205272
14.34 0 0.00273762 0.00798465 0.0160783
14.35 0 0.00735256 0.0178809 0.0296594
14.36 0 0.01244 0.0281392 0.0428055
14.37 0 0.0182336 0.0385948 0.0556095
14.38 0 0.0248058 0.0491135 0.0681306
14.39 0 0.0319794 0.0596072 0.0803165
14.4 0 0.0394053 0.0700314 0.0920427
14.41 0 0.04669 0.08035 0.10319
14.42 0 0.05353 0.0904977 0.113726
14.43 0 0.0598102 0.100372 0.123763
14.44 0 0.0655844 0.109842 0.133528
14.45 0 0.0709648 0.118771 0.143257
14.46 0 0.0760297 0.127094 0.153123
14.47 0 0.0807819 0.134852 0.163202
14.48 0 0.085149 0.14216 0.173479
14.49 0 0.0890197 0.149135 0.183881
14.5 0 0.0922958 0.155836 0.194305
14.51 0 0.0949523 0.162251 0.204649
14.52 0 0.0970686 0.168313 0.214849
14.53 0 0.098794 0.173924 0.224866
14.54 0 0.100283 0.179008 0.234652
14.55 0 0.101655 0.183558 0.244133
14.56 0 0.102989 0.187673 0.253224
14.57 0 0.104331 0.191531 0.261832
14.58 0 0.105697 0.195317 0.269864
14.59 0 0.107099 0.199156 0.277228
14.6 0 0.108576 0.203084 0.283864
14.61 0 0.11019 0.207044 0.289746
14.62 0 0.111974 0.210891 0.294837
14.63 0 0.113882 0.214413 0.299064
14.64 0 0.115791 0.217395 0.302319
14.65 0 0.117514 0.219659 0.304478
14.66 0 0.118827 0.221047 0.305406
14.67 0 0.119491 0.221408 0.304976
14.68 0 0.11933 0.220608 0.303113
14.69 0 0.118296 0.218581 0.299849
14.7 0 0.116466 0.21535 0.295313
14.71 0 0.113989 0.21102 0.289689
14.72 0 0.111048 0.205789 0.283183
14.73 0 0.107831 0.199938 0.27601
14.74 0 0.104505 0.193783 0.268373
14.75 0 0.101162 0.187576 0.26041
14.76 0 0.0977826 0.1814 0.252152
14.77 0 0.0942796 0.17518 0.243558
14.78 0 0.0905735 0.168751 0.234579
14.79 0 0.0866075 0.161921 0.225177
14.8 0 0.08232 0.154502 0.215294
14.81 0 0.0776286 0.146346 0.204839
14.82 0 0.0724575 0.137385 0.193719
14.83 0 0.0667883 0.127663 0.181878
14.84 0 0.0606808 0.117309 0.16932
14.85 0 0.0542647 0.106506 0.156101
14.86 0 0.0477173 0.0954429 0.142313
14.87 0 0.0412312 0.0842987 0.128068
14.88 0 0.0349625 0.0732095 0.113455
14.89 0 0.0289742 0.0622347 0.0985017
14.9 0 0.0232324 0.0513588 0.0831713
14.91 0 0.0176674 0.0405373 0.0674177
14.92 0 0.0122647 0.0297774 0.0512741
14.93 0 0.00711434 0.0191909 0.0349071
14.94 0 0.0023811 0.00892652 0.0185648
14.95 0 -0.00179419 -0.000918284 0.00247025
14.96 0 -0.00541176 -0.0102875 -0.0132003
14.97 0 -0.00859939 -0.0191018 -0.0282129
14.98 0 -0.0114832 -0.0272139 -0.042203
14.99 0 -0.0141065 -0.0344231 -0.0547473
15 0 -0.016486 -0.0405792 -0.0655199
15.01 0 -0.0187893 -0.0457873 -0.0744794
15.02 0 -0.0213844 -0.0504836 -0.0819041
15.03 0 -0.0245995 -0.0551939 -0.0881449
15.04 0 -0.0285352 -0.0602859 -0.0934281
15.05 0 -0.0331583 -0.0659635 -0.0979438
15.06 0 -0.0384284 -0.0723087 -0.101971
15.07 0 -0.0442767 -0.0792576 -0.105844
15.08 0 -0.0505301 -0.0865967 -0.109855
15.09 0 -0.0569031 -0.0940332 -0.114215
15.1 0 -0.0630436 -0.101284 -0.119056
15.11 0 -0.0685915 -0.108129 -0.124449
15.12 0 -0.0732768 -0.114456 -0.130453
15.13 0 -0.0769995 -0.120279 -0.137166
15.14 0 -0.0797849 -0.125662 -0.144654
15.15 0 -0.08168 -0.130611 -0.152852
15.16 0 -0.0827306 -0.135064 -0.161558
15.17 0 -0.0830588 -0.138985 -0.170548
15.18 0 -0.0829179 -0.142453 -0.179679
15.19 0 -0.0826314 -0.145639 -0.188873
15.2 0 -0.0824759 -0.14872 -0.198043
15.21 0 -0.0825855 -0.151807 -0.207012
15.22 0 -0.082944 -0.154921 -0.215506
15.23 0 -0.0834832 -0.158043 -0.223245
15.24 0 -0.0841691 -0.161141 -0.230015
15.25 0 -0.0849951 -0.164135 -0.235662
15.26 0 -0.0859422 -0.166876 -0.240054
15.27 0 -0.0869825 -0.169186 -0.243093
15.28 0 -0.0881274 -0.170966 -0.244779
15.29 0 -0.089444 -0.172253 -0.245238
15.3 0 -0.0909965 -0.173192 -0.244685
15.31 0 -0.0927982 -0.173972 -0.243371
15.32 0 -0.0947995 -0.174771 -0.241559
15.33 0 -0.0968563 -0.175655 -0.239452
15.34 0 -0.098727 -0.176516 -0.237162
15.35 0 -0.10015 -0.177117 -0.234745
15.36 0 -0.100911 -0.177173 -0.232239
15.37 0 -0.100842 -0.176404 -0.229648
15.38 0 -0.0998134 -0.174579 -0.226928
15.39 0 -0.0977379 -0.171564 -0.223989
15.4 0 -0.0946067 -0.167367 -0.220727
15.41 0 -0.0905343 -0.162161 -0.217069
15.42 0 -0.0857596 -0.156237 -0.212982
15.43 0 -0.0806017 -0.149917 -0.208459
15.44 0 -0.0754283 -0.143513 -0.203519
15.45 0 -0.0706369 -0.137329 -0.198238
15.46 0 -0.0665937 -0.131652 -0.192729
15.47 0 -0.0634904 -0.126646 -0.187036
15.48 0 -0.0612348 -0.122255 -0.181037
15.49 0 -0.059526 -0.118231 -0.174513
15.5 0 -0.0580168 -0.11425 -0.167278
15.51 0 -0.056415 -0.109989 -0.159244
15.52 0 -0.0544998 -0.105157 -0.1504
15.53 0 -0.0520928 -0.0995144 -0.140762
15.54 0 -0.0490765 -0.0929301 -0.13037
15.55 0 -0.0454394 -0.085437 -0.119333
15.56 0 -0.0412573 -0.0772035 -0.10781
15.57 0 -0.0366401 -0.068454 -0.0959616
15.58 0 -0.0316929 -0.0593968 -0.0839084
15.59 0 -0.0264729 -0.0501512 -0.0716963
15.6 0 -0.0209849 -0.0407251 -0.0592928
15.61 0 -0.0152383 -0.0310684 -0.0466443
15.62 0 -0.00929829 -0.0211369 -0.0337288
15.63 0 -0.00328532 -0.0109067 -0.0205448
15.64 0 0.00265037 -0.000362202 -0.00706083
15.65 0 0.00844023 0.0104651 0.00681571
15.66 0 0.0142001 0.021467 0.0212172
15.67 0 0.0201176 0.0325265 0.0362243
15.68 0 0.0262489 0.04357 0.0517416
15.69 0 0.0324428 0.0545489 0.0674573
15.7 0 0.0384213 0.065398 0.0829427
15.71 0 0.0439291 0.0759907 0.0978063
15.72 0 0.0488887 0.08617 0.111837
15.73 0 0.0534812 0.0958556 0.125084
15.74 0 0.0580507 0.105086 0.137778
15.75 0 0.0628961 0.113986 0.150152
15.76 0 0.0681215 0.122721 0.16232
15.77 0 0.0736407 0.131472 0.174281
15.78 0 0.079302 0.14042 0.186017
15.79 0 0.084994 0.149708 0.197553
15.8 0 0.0906618 0.159352 0.208953
15.81 0 0.0962665 0.169192 0.220263
15.82 0 0.101752 0.178929 0.231492
15.83 0 0.107027 0.188226 0.242604
15.84 0 0.111941 0.196782 0.253503
15.85 0 0.116289 0.204387 0.264044
15.86 0 0.119927 0.211015 0.274124
15.87 0 0.122886 0.216865 0.283789
15.88 0 0.125303 0.222223 0.293145
15.89 0 0.127277 0.227323 0.302218
15.9 0 0.12888 0.232299 0.31096
15.91 0 0.130246 0.237127 0.319342
15.92 0 0.131539 0.241673 0.327338
15.93 0 0.132865 0.245797 0.334891
15.94 0 0.134235 0.24942 0.341897
15.95 0 0.135562 0.25254 0.348227
15.96 0 0.136751 0.25523 0.353753
15.97 0 0.137731 0.257636 0.358456
15.98 0 0.138489 0.259902 0.362476
15.99 0 0.139147 0.262078 0.36599
16 0 0.139882 0.264164 0.369125
16.01 0 0.140829 0.266172 0.371967
16.02 0 0.142055 0.268132 0.374578
16.03 0 0.143506 0.270062 0.376939
16.04 0 0.144988 0.271907 0.378928
16.05 0 0.14625 0.273532 0.380372
16.06 0 0.147076 0.274743 0.381118
16.07 0 0.147311 0.275287 0.381046
16.08 0 0.146845 0.274872 0.380048
16.09 0 0.145582 0.273207 0.377995
16.1 0 0.143427 0.270069 0.374737
16.11 0 0.140326 0.265374 0.370134
16.12 0 0.136286 0.259181 0.364084
16.13 0 0.131355 0.251631 0.356497
16.14 0 0.125605 0.242856 0.347281
16.15 0 0.119118 0.232927 0.336336
16.16 0 0.111997 0.221851 0.323573
16.17 0 0.104394 0.209635 0.308962
16.18 0 0.0965648 0.196406 0.292613
16.19 0 0.088856 0.182474 0.274784
16.2 0 0.0815736 0.168248 0.255784
16.21 0 0.0748756 0.154114 0.235864
16.22 0 0.0687845 0.14038 0.215228
16.23 0 0.0632668 0.127269 0.194081
16.24 0 0.0582771 0.11489 0.172642
16.25 0 0.0537635 0.103229 0.151135
16.26 0 0.0496715 0.0921707 0.129784
16.27 0 0.0458973 0.0815145 0.108784
16.28 0 0.0422087 0.0709586 0.0882296
16.29 0 0.0382599 0.0601521 0.0681433
16.3 0 0.0337111 0.0488072 0.0486097
16.31 0 0.0283226 0.0367901 0.0298593
16.32 0 0.0219511 0.0241325 0.0121754
16.33 0 0.0145256 0.0109846 -0.00426487
16.34 0 0.00605742 -0.00245298 -0.0194442
16.35 0 -0.0032717 -0.0160051 -0.0334526
16.36 0 -0.0130517 -0.029539 -0.0464122
16.37 0 -0.0228127 -0.0428838 -0.0584562
16.38 0 -0.032188 -0.055774 -0.0697475
16.39 0 -0.040891 -0.0678885 -0.0804644
16.4 0 -0.0486755 -0.0789304 -0.09077
16.41 0 -0.0553646 -0.0887214 -0.100819
16.42 0 -0.0608828 -0.0972657 -0.110766
16.43 0 -0.0652331 -0.104711 -0.120728
16.44 0 -0.0684733 -0.111263 -0.130752
16.45 0 -0.0707309 -0.117127 -0.140838
16.46 0 -0.0722143 -0.122473 -0.150975
16.47 0 -0.0731996 -0.12743 -0.161163
16.48 0 -0.0739922 -0.132102 -0.171418
16.49 0 -0.0748724 -0.13662 -0.181739
16.5 0 -0.0760612 -0.14117 -0.192104
16.51 0 -0.0777184 -0.145995 -0.202485
16.52 0 -0.0799508 -0.15136 -0.212855
16.53 0 -0.0827972 -0.157459 -0.223168
16.54 0 -0.0862168 -0.164326 -0.23333
16.55 0 -0.0901328 -0.171842 -0.243242
16.56 0 -0.0945007 -0.179813 -0.252863
16.57 0 -0.0993249 -0.188058 -0.262238
16.58 0 -0.104598 -0.196437 -0.271452
16.59 0 -0.11021 -0.204831 -0.280544
16.6 0 -0.115934 -0.213119 -0.28948
16.61 0 -0.121484 -0.221187 -0.29819
16.62 0 -0.126586 -0.22891 -0.306599
16.63 0 -0.131032 -0.23613 -0.314658
16.64 0 -0.134712 -0.242673 -0.32235
16.65 0 -0.137604 -0.248366 -0.329685
16.66 0 -0.139723 -0.253062 -0.33666
16.67 0 -0.141079 -0.256669 -0.343226
16.68 0 -0.141677 -0.259179 -0.3493
16.69 0 -0.141543 -0.260687 -0.35479
16.7 0 -0.140741 -0.261356 -0.35961
16.71 0 -0.139376 -0.261364 -0.363679
16.72 0 -0.137596 -0.260861 -0.36693
16.73 0 -0.135607 -0.259857 -0.369419
16.74 0 -0.133607 -0.258263 -0.371294
16.75 0 -0.131659 -0.256153 -0.372532
16.76 0 -0.129718 -0.253759 -0.372962
16.77 0 -0.127728 -0.251295 -0.372426
16.78 0 -0.125698 -0.248884 -0.370825
16.79 0 -0.123717 -0.246533 -0.368135
16.8 0 -0.121938 -0.244153 -0.364402
16.81 0 -0.120522 -0.241622 -0.359716
16.82 0 -0.119565 -0.23886 -0.354174
16.83 0 -0.119055 -0.235862 -0.347857
16.84 0 -0.118876 -0.232703 -0.340821
16.85 0 -0.118849 -0.229491 -0.333122
16.86 0 -0.118796 -0.226311 -0.324833
16.87 0 -0.118581 -0.223167 -0.316066
16.88 0 -0.118134 -0.219967 -0.306963
16.89 0 -0.117437 -0.21655 -0.297692
16.9 0 -0.116496 -0.212753 -0.288421
16.91 0 -0.115311 -0.208482 -0.279308
16.92 0 -0.113851 -0.203742 -0.270479
16.93 0 -0.112025 -0.198605 -0.261992
16.94 0 -0.109686 -0.193139 -0.253822
16.95 0 -0.106713 -0.187396 -0.245912
16.96 0 -0.103103 -0.181417 -0.238247
16.97 0 -0.098968 -0.175224 -0.230853
16.98 0 -0.0944841 -0.168814 -0.223758
16.99 0 -0.0898283 -0.162183 -0.216961
17 0 -0.085143 -0.155368 -0.210418
17.01 0 -0.0805076 -0.148453 -0.204034
17.02 0 -0.0759326 -0.141535 -0.197662
17.03 0 -0.0713927 -0.134698 -0.191126
17.04 0 -0.0668741 -0.127982 -0.18426
17.05 0 -0.0624015 -0.12137 -0.176932
17.06 0 -0.0580441 -0.114797 -0.169056
17.07 0 -0.0539045 -0.108192 -0.160599
17.08 0 -0.0500838 -0.101518 -0.151563
17.09 0 -0.0466379 -0.0947833 -0.141966
17.1 0 -0.0435577 -0.088043 -0.13182
17.11 0 -0.0407824 -0.0813775 -0.121142
17.12 0 -0.0382273 -0.0748586 -0.109969
17.13 0 -0.0358019 -0.0685042 -0.0983527
17.14 0 -0.0334194 -0.0622499 -0.086366
17.15 0 -0.0310063 -0.0559592 -0.0741119
17.16 0 -0.0284986 -0.0494633 -0.0617214
17.17 0 -0.0258217 -0.0426034 -0.0493588
17.18 0 -0.0228723 -0.0352684 -0.0372241
17.19 0 -0.0195017 -0.0274379 -0.0255032
17.2 0 -0.0155267 -0.019186 -0.01431
17.21 0 -0.0107822 -0.0106299 -0.00366699
17.22 0 -0.00519276 -0.00187008 0.00646491
17.23 0 0.00111243 0.00705402 0.0161272
17.24 0 0.00776609 0.016151 0.0253446
17.25 0 0.0143731 0.0253898 0.0341676
17.26 0 0.0207021 0.0346332 0.0427074
17.27 0 0.0266599 0.043654 0.0511254
17.28 0 0.0322163 0.0522077 0.059597
17.29 0 0.0373461 0.0601246 0.0682607
17.3 0 0.0419832 0.0673648 0.0771707
17.31 0 0.0460228 0.0739995 0.0862933
17.32 0 0.0493641 0.0801479 0.0955428
17.33 0 0.0519666 0.0859031 0.104831
17.34 0 0.0538888 0.09129 0.114099
17.35 0 0.0552832 0.0962852 0.123315
17.36 0 0.0563489 0.100859 0.132454
17.37 0 0.057262 0.105001 0.141468
17.38 0 0.0581232 0.108733 0.150257
17.39 0 0.0589535 0.11212 0.158671
17.4 0 0.0597258 0.115256 0.166537
17.41 0 0.0604072 0.11822 0.173687
17.42 0 0.0609976 0.121048 0.17999
17.43 0 0.0615652 0.123736 0.18538
17.44 0 0.062248 0.126276 0.189874
17.45 0 0.0632014 0.128668 0.193541
17.46 0 0.0645368 0.130942 0.196462
17.47 0 0.0662897 0.133165 0.19871
17.48 0 0.0684166 0.135427 0.200345
17.49 0 0.0708211 0.137813 0.201425
17.5 0 0.0733952 0.140373 0.202027
17.51 0 0.0760422 0.143087 0.202247
17.52 0 0.0786721 0.145845 0.202187
17.53 0 0.0811984 0.148479 0.201944
17.54 0 0.0835396 0.150811 0.201612
17.55 0 0.0856119 0.152708 0.201283
17.56 0 0.0873179 0.154104 0.201021
17.57 0 0.0885483 0.154987 0.200865
17.58 0 0.0891951 0.155377 0.200816
17.59 0 0.0891685 0.155281 0.200842
17.6 0 0.0884196 0.154673 0.200885
17.61 0 0.0869575 0.153494 0.200875
17.62 0 0.084849 0.151682 0.200739
17.63 0 0.0822049 0.149201 0.2004
17.64 0 0.0791519 0.146073 0.199774
17.65 0 0.0758058 0.142374 0.198757
17.66 0 0.0722752 0.13824 0.19724
17.67 0 0.0686836 0.133857 0.195137
17.68 0 0.0651747 0.129422 0.192395
17.69 0 0.0619035 0.125106 0.188993
17.7 0 0.0590129 0.121021 0.184926
17.71 0 0.0566001 0.117199 0.180182
17.72 0 0.0546936 0.1136 0.174739
17.73 0 0.0532457 0.110127 0.168555
17.74 0 0.0521403 0.106653 0.161579
17.75 0 0.0512176 0.103038 0.15377
17.76 0 0.0503052 0.0991487 0.14511
17.77 0 0.0492423 0.0948605 0.135617
17.78 0 0.0478953 0.0900633 0.125346
17.79 0 0.0461926 0.0846952 0.114412
17.8 0 0.0441567 0.0787899 0.103027
17.81 0 0.0418752 0.0724732 0.0914799
17.82 0 0.0394355 0.0659212 0.0800649
17.83 0 0.0368614 0.0592867 0.0690261
17.84 0 0.0340815 0.0526319 0.0585314
17.85 0 0.0309654 0.0459489 0.0486807
17.86 0 0.0273903 0.0392148 0.0395311
17.87 0 0.0232882 0.0324096 0.0311118
17.88 0 0.018676 0.0255231 0.023428
17.89 0 0.0136501 0.0185571 0.0164489
17.9 0 0.00834921 0.0115328 0.0100857
17.91 0 0.00295518 0.00452075 0.00420431
17.92 0 -0.00225728 -0.00235983 -0.00134473
17.93 0 -0.00699321 -0.00895563 -0.00673181
17.94 0 -0.0111128 -0.0150806 -0.0121577
17.95 0 -0.0146191 -0.0205672 -0.0178055
17.96 0 -0.017519 -0.0253321 -0.0237616
17.97 0 -0.0197701 -0.0293861 -0.0299788
17.98 0 -0.0213237 -0.0328234 -0.036311
17.99 0 -0.0221933 -0.0357935 -0.0425857
18 0 -0.0224842 -0.0384337 -0.0486573
18.01 0 -0.0223815 -0.0408077 -0.0544242
18.02 0 -0.0221098 -0.0429031 -0.0598184
18.03 0 -0.0218756 -0.0446818 -0.0647867
18.04 0 -0.0218192 -0.0461459 -0.0692644
18.05 0 -0.0219962 -0.0473663 -0.0731615
18.06 0 -0.0223903 -0.0484608 -0.0763777
18.07 0 -0.0229561 -0.0495532 -0.0788337
18.08 0 -0.0236732 -0.0507423 -0.0805077
18.09 0 -0.0245768 -0.0520856 -0.081454
18.1 0 -0.0257457 -0.0535917 -0.0817916
18.11 0 -0.027263 -0.055235 -0.0816781
18.12 0 -0.0291723 -0.0569824 -0.0812806
18.13 0 -0.0314408 -0.0588115 -0.0807484
18.14 0 -0.0339487 -0.060713 -0.0801942
18.15 0 -0.0365048 -0.0626689 -0.0796866
18.16 0 -0.0388856 -0.0646213 -0.0792592
18.17 0 -0.0408903 -0.0664541 -0.0789413
18.18 0 -0.042375 -0.0679953 -0.0787799
18.19 0 -0.0432485 -0.0690503 -0.078819
18.2 0 -0.0434566 -0.0694579 -0.0790705
18.21 0 -0.0429709 -0.0691339 -0.079498
18.22 0 -0.0417769 -0.0680751 -0.0800059
18.23 0 -0.0398705 -0.0663314 -0.0804409
18.24 0 -0.0372802 -0.0639633 -0.0806257
18.25 0 -0.0341049 -0.061025 -0.0804099
18.26 0 -0.0305264 -0.057583 -0.0796915
18.27 0 -0.0267684 -0.0537231 -0.0783938
18.28 0 -0.0230275 -0.0495338 -0.0764255
18.29 0 -0.019433 -0.045091 -0.0736637
18.3 0 -0.0160568 -0.0404654 -0.0699774
18.31 0 -0.0129518 -0.0357427 -0.065269
18.32 0 -0.0101799 -0.0310284 -0.0595068
18.33 0 -0.00781439 -0.0264221 -0.0527247
18.34 0 -0.00592587 -0.0219801 -0.045002
18.35 0 -0.0045546 -0.0177074 -0.0364477
18.36 0 -0.00366743 -0.0135835 -0.0271954
18.37 0 -0.00314015 -0.00956894 -0.0174102
18.38 0 -0.0027767 -0.00557189 -0.00732357
18.39 0 -0.0023394 -0.0014478 0.00275838
18.4 0 -0.00157907 0.00293808 0.0125303
18.41 0 -0.000274998 0.00764813 0.0217763
18.42 0 0.00170659 0.0126759 0.0303765
18.43 0 0.00437252 0.0179945 0.0382616
18.44 0 0.00762473 0.0235824 0.0453945
18.45 0 0.0113413 0.0294056 0.051782
18.46 0 0.0154312 0.0353904 0.0574775
18.47 0 0.0198072 0.0414261 0.0625675
18.48 0 0.0243535 0.0473831 0.0671521
18.49 0 0.0289268 0.0531338 0.0713332
18.5 0 0.033367 0.0585773 0.0752118
18.51 0 0.0375136 0.0636507 0.0788884
18.52 0 0.0412272 0.0683168 0.0824649
18.53 0 0.0444112 0.0725507 0.0860503
18.54 0 0.0470251 0.0763426 0.0897584
18.55 0 0.0490718 0.0796991 0.0936841
18.56 0 0.0505748 0.0826376 0.0978767
18.57 0 0.0515732 0.0851868 0.102342
18.58 0 0.0521373 0.0873981 0.107068
18.59 0 0.0523718 0.0893543 0.112037
18.6 0 0.0523948 0.0911584 0.117214
18.61 0 0.0522994 0.0928942 0.122517
18.62 0 0.0521308 0.0945888 0.127815
18.63 0 0.0519091 0.0962225 0.132953
18.64 0 0.0516583 0.0977559 0.137782
18.65 0 0.0514053 0.0991394 0.142163
18.66 0 0.0511667 0.100313 0.145961
18.67 0 0.0509446 0.101218 0.14905
18.68 0 0.0507529 0.10183 0.151341
18.69 0 0.0506516 0.102199 0.152823
18.7 0 0.0507377 0.102443 0.153557
18.71 0 0.0511053 0.102704 0.153641
18.72 0 0.0518024 0.103094 0.153169
18.73 0 0.0527989 0.103649 0.152196
18.74 0 0.0539958 0.104314 0.150737
18.75 0 0.0552687 0.104972 0.148805
18.76 0 0.0564949 0.105476 0.146423
18.77 0 0.0575624 0.10567 0.143632
18.78 0 0.0583822 0.105436 0.140496
18.79 0 0.0588927 0.104713 0.137105
18.8 0 0.0590414 0.103496 0.133546
18.81 0 0.0587746 0.101811 0.129889
18.82 0 0.0580497 0.0996954 0.126187
18.83 0 0.0568467 0.0971926 0.122483
18.84 0 0.0551668 0.0943262 0.118795
18.85 0 0.0530233 0.0910873 0.115109
18.86 0 0.0504411 0.087443 0.111378
18.87 0 0.0474592 0.0833589 0.107531
18.88 0 0.0441284 0.0788196 0.103483
18.89 0 0.0405092 0.0738431 0.0991386
18.9 0 0.0366697 0.068482 0.0944042
18.91 0 0.0326802 0.0628067 0.0891848
18.92 0 0.0286104 0.0568862 0.0833907
18.93 0 0.0245309 0.050779 0.0769437
18.94 0 0.0205173 0.0445362 0.0697895
18.95 0 0.0166585 0.0382079 0.0619117
18.96 0 0.0130518 0.0318475 0.0533364
18.97 0 0.00977915 0.0255143 0.0441232
18.98 0 0.00688324 0.0192702 0.0343539
18.99 0 0.00435752 0.0131641 0.0241185
19 0 0.00215253 0.00720352 0.0135228
19.01 0 0.000180298 0.00134139 0.00272775
19.02 0 -0.00168576 -0.00449723 -0.00804986
19.03 0 -0.00360553 -0.010372 -0.018597
19.04 0 -0.005743 -0.0162994 -0.0287563
19.05 0 -0.00821316 -0.0222452 -0.0384217
19.06 0 -0.0110478 -0.0281402 -0.0474957
19.07 0 -0.0141959 -0.033916 -0.0558715
19.08 0 -0.0175464 -0.0395301 -0.0634495
19.09 0 -0.0209685 -0.0449576 -0.0701621
19.1 0 -0.0243489 -0.0501655 -0.0759877
19.11 0 -0.0276056 -0.0550894 -0.0809479
19.12 0 -0.0306861 -0.059637 -0.0850989
19.13 0 -0.0335618 -0.063719 -0.0885275
19.14 0 -0.0362135 -0.067274 -0.0913387
19.15 0 -0.038612 -0.0702787 -0.0936355
19.16 0 -0.0407097 -0.0727497 -0.0955063
19.17 0 -0.0424496 -0.0747346 -0.0970238
19.18 0 -0.0437848 -0.0762933 -0.0982513
19.19 0 -0.0446941 -0.0774761 -0.0992471
19.2 0 -0.0451813 -0.0783012 -0.100057
19.21 0 -0.045265 -0.0787473 -0.100702
19.22 0 -0.0449749 -0.0787744 -0.101184
19.23 0 -0.0443465 -0.0783513 -0.101483
19.24 0 -0.0434102 -0.0774699 -0.101556
19.25 0 -0.0421861 -0.0761498 -0.101341
19.26 0 -0.0406956 -0.0744367 -0.100764
19.27 0 -0.0389754 -0.0723937 -0.0997607
19.28 0 -0.0370812 -0.0700816 -0.0982772
19.29 0 -0.0350803 -0.067542 -0.0962715
19.3 0 -0.033047 -0.0647998 -0.0937143
19.31 0 -0.031071 -0.061892 -0.0906067
19.32 0 -0.0292627 -0.0588989 -0.0869973
19.33 0 -0.0277227 -0.055932 -0.082961
19.34 0 -0.0264863 -0.0530816 -0.0785511
19.35 0 -0.0255106 -0.0503814 -0.0737834
19.36 0 -0.024715 -0.0478149 -0.0686683
19.37 0 -0.024022 -0.0453302 -0.0632395
19.38 0 -0.0233653 -0.0428477 -0.0575551
19.39 0 -0.0226824 -0.0402674 -0.0516957
19.4 0 -0.0219014 -0.037478 -0.0457628
19.41 0 -0.0209332 -0.0343762 -0.0398636
19.42 0 -0.0196685 -0.0308985 -0.0340886
19.43 0 -0.0179927 -0.0270467 -0.0285062
19.44 0 -0.0158203 -0.0228798 -0.0231639
19.45 0 -0.0131239 -0.0184746 -0.0180867
19.46 0 -0.00994827 -0.0138983 -0.0132803
19.47 0 -0.0064104 -0.00921042 -0.00873846
19.48 0 -0.00270331 -0.00446671 -0.0044463
19.49 0 0.000900314 0.000274055 -0.000373486
19.5 0 0.00412886 0.00491725 0.00354552
19.51 0 0.00684744 0.00929978 0.00742277
19.52 0 0.00907003 0.0132155 0.0113817
19.53 0 0.0108453 0.0164896 0.0154862
19.54 0 0.0121767 0.0190555 0.0197003
19.55 0 0.0130372 0.0209936 0.0239108
19.56 0 0.0134201 0.0224918 0.0279743
19.57 0 0.0133752 0.0237478 0.0317589
19.58 0 0.0130252 0.0248898 0.035178
19.59 0 0.01256 0.0259607 0.0381996
19.6 0 0.0122019 0.0269508 0.0408345
19.61 0 0.0121503 0.0278543 0.043117
19.62 0 0.0125239 0.0287173 0.0450716
19.63 0 0.013318 0.0296267 0.046678
19.64 0 0.0144057 0.0306546 0.0478617
19.65 0 0.0156041 0.031817 0.0485323
19.66 0 0.0167582 0.0330555 0.0486387
19.67 0 0.0177935 0.034248 0.0482032
19.68 0 0.0187182 0.0352429 0.0473254
19.69 0 0.0195732 0.0358969 0.0461515
19.7 0 0.0203742 0.0361227 0.0448307
19.71 0 0.0210798 0.0359326 0.0434781
19.72 0 0.0215934 0.0354304 0.0421601
19.73 0 0.021791 0.0347475 0.0408987
19.74 0 0.0215655 0.0339692 0.0396864
19.75 0 0.0208734 0.0330954 0.0385144
19.76 0 0.0197556 0.0320497 0.0373881
19.77 0 0.018314 0.0307228 0.0363155
19.78 0 0.016663 0.0290289 0.0352781
19.79 0 0.0148841 0.0269492 0.0342093
19.8 0 0.0130077 0.0245378 0.0329939
19.81 0 0.0110278 0.0218944 0.0314906
19.82 0 0.00893877 0.0191238 0.029564
19.83 0 0.00677346 0.0163021 0.0271193
19.84 0 0.00463114 0.0134575 0.0241199
19.85 0 0.00267181 0.0105736 0.0205785
19.86 0 0.00105106 0.00762721 0.0165329
19.87 0 -0.000159414 0.00463259 0.0120224
19.88 0 -0.00100962 0.00165409 0.00708105
19.89 0 -0.00164314 -0.00122803 0.00175658
19.9 0 -0.00222437 -0.00397251 -0.00385919
19.91 0 -0.00287625 -0.00660687 -0.00961669
19.92 0 -0.00365877 -0.00921581 -0.0153218
19.93 0 -0.00458626 -0.0118975 -0.0207779
19.94 0 -0.00565901 -0.0147162 -0.0258332
19.95 0 -0.00689015 -0.0176739 -0.0304016
19.96 0 -0.00831727 -0.0207106 -0.0344575
19.97 0 -0.00998246 -0.0237355 -0.0380105
19.98 0 -0.011895 -0.0266678 -0.0410813
19.99 0 -0.0140193 -0.0294701 -0.0437014
20 0 -0.0162911 -0.0321651 -0.0459237
20.01 0 -0.0186243 -0.034806 -0.0478154
20.02 0 -0.0209018 -0.0374055 -0.0494291
20.03 0 -0.0229896 -0.0398918 -0.0507973
20.04 0 -0.0247747 -0.042129 -0.0519555
20.05 0 -0.0261856 -0.0439682 -0.0529528
20.06 0 -0.0271788 -0.0452888 -0.0538344
20.07 0 -0.0277101 -0.0460146 -0.0546102
20.08 0 -0.0277242 -0.0461185 -0.055241
20.09 0 -0.0271781 -0.0456231 -0.0556556
20.1 0 -0.0260658 -0.0445807 -0.0557702
20.11 0 -0.0244277 -0.0430399 -0.0554973
20.12 0 -0.0223508 -0.0410258 -0.0547563
20.13 0 -0.0199537 -0.0385388 -0.0534777
20.14 0 -0.0173609 -0.0355724 -0.0515948
20.15 0 -0.0146781 -0.0321417 -0.0490362
20.16 0 -0.0119899 -0.028312 -0.0457378
20.17 0 -0.0093698 -0.0242055 -0.0416626
20.18 0 -0.00687887 -0.0199642 -0.0367997
20.19 0 -0.00457148 -0.0157001 -0.0311551
20.2 0 -0.00251728 -0.011484 -0.0247635
20.21 0 -0.00079187 -0.00736005 -0.0177026
20.22 0 0.000559825 -0.00335043 -0.0101047
20.23 0 0.00155586 0.000544432 -0.00216576
20.24 0 0.00228921 0.00433397 0.0058709
20.25 0 0.00291116 0.00802359 0.0137506
20.26 0 0.00359251 0.0116033 0.0212445
20.27 0 0.00447899 0.0150512 0.028179
20.28 0 0.0056641 0.018361 0.0344405
20.29 0 0.0071778 0.0215696 0.0399591
20.3 0 0.00899341 0.0247476 0.0446924
20.31 0 0.0110564 0.0279522 0.0486219
20.32 0 0.0133057 0.0311887 0.0517566
20.33 0 0.0156834 0.0344056 0.0541393
20.34 0 0.0181366 0.0375076 0.0558455
20.35 0 0.020604 0.0403775 0.0569684
20.36 0 0.0230028 0.0429014 0.0576015
20.37 0 0.0252279 0.0449931 0.057834
20.38 0 0.0271614 0.0466046 0.0577585
20.39 0 0.0286875 0.0477214 0.0574698
20.4 0 0.0297044 0.0483501 0.0570485
20.41 0 0.0301382 0.0485008 0.0565517
20.42 0 0.0299573 0.0481743 0.0560135
20.43 0 0.0291784 0.0473619 0.0554459
20.44 0 0.0278595 0.0460565 0.0548358
20.45 0 0.0260842 0.044265 0.0541401
20.46 0 0.0239443 0.0420179 0.0532836
20.47 0 0.0215311 0.0393723 0.0521653
20.48 0 0.0189441 0.0364084 0.0506864
20.49 0 0.0162997 0.0332208 0.0487744
20.5 0 0.0137196 0.0299108 0.0463802
20.51 0 0.0113139 0.0265782 0.0434698
20.52 0 0.0091744 0.0233157 0.0400299
20.53 0 0.00737021 0.0202017 0.0360712
20.54 0 0.00594391 0.0172847 0.0316224
20.55 0 0.0049059 0.0145762 0.0267225
20.56 0 0.00422772 0.0120581 0.0214318
20.57 0 0.00384161 0.0096871 0.0158526
20.58 0 0.00364155 0.00739847 0.010137
20.59 0 0.00349015 0.0051181 0.00447205
20.6 0 0.00323658 0.0027834 -0.000952876
20.61 0 0.0027381 0.000359022 -0.00597608
20.62 0 0.00188351 -0.00216376 -0.01048
20.63 0 0.000618837 -0.00478254 -0.0143928
20.64 0 -0.00103329 -0.00749617 -0.0176833
20.65 0 -0.00298041 -0.0102979 -0.0203603
20.66 0 -0.0051025 -0.0131535 -0.0224755
20.67 0 -0.00730039 -0.0159843 -0.0241239
20.68 0 -0.00951249 -0.0186798 -0.0254329
20.69 0 -0.0116906 -0.0211337 -0.0265406
20.7 0 -0.0137612 -0.0232793 -0.0275729
20.71 0 -0.0156147 -0.0251035 -0.0286236
20.72 0 -0.0171273 -0.0266362 -0.0297488
20.73 0 -0.0181974 -0.0279201 -0.0309761
20.74 0 -0.0187795 -0.0289797 -0.0323177
20.75 0 -0.0188969 -0.0298079 -0.0337764
20.76 0 -0.0186306 -0.0303772 -0.0353416
20.77 0 -0.0180895 -0.0306657 -0.0369808
20.78 0 -0.0173792 -0.0306812 -0.038634
20.79 0 -0.0165836 -0.030468 -0.0402163
20.8 0 -0.0157628 -0.0301007 -0.0416258
20.81 0 -0.0149624 -0.0296635 -0.0427614
20.82 0 -0.0142274 -0.0292232 -0.0435443
20.83 0 -0.0136064 -0.0288153 -0.0439239
20.84 0 -0.013142 -0.0284428 -0.0438696
20.85 0 -0.0128599 -0.0280824 -0.0433637
20.86 0 -0.0127645 -0.0277011 -0.0424033
20.87 0 -0.0128372 -0.0272703 -0.0410013
20.88 0 -0.0130352 -0.0267708 -0.039184
20.89 0 -0.013297 -0.0261841 -0.0369937
20.9 0 -0.0135519 -0.0254809 -0.0344942
20.91 0 -0.0137292 -0.0246241 -0.0317668
20.92 0 -0.0137616 -0.0235758 -0.0289033
20.93 0 -0.0135859 -0.0223017 -0.0260016
20.94 0 -0.0131458 -0.0207829 -0.0231554
20.95 0 -0.0124018 -0.0190256 -0.0204429
20.96 0 -0.0113381 -0.0170595 -0.0179185
20.97 0 -0.00996502 -0.0149289 -0.0156086
20.98 0 -0.00832116 -0.0126856 -0.0135142
20.99 0 -0.00647304 -0.0103793 -0.0116139
21 0 -0.00451581 -0.00805154 -0.00986959
21.01 0 -0.00257792 -0.00573727 -0.00823102
21.02 0 -0.00080808 -0.0034776 -0.0066383
21.03 0 0.000666973 -0.0013383 -0.00502273
21.04 0 0.0017816 0.000585831 -0.00331367
21.05 0 0.00253426 0.00219451 -0.00145509
21.06 0 0.00295914 0.00342089 0.00057202
21.07 0 0.00309228 0.00425967 0.0027319
21.08 0 0.002959 0.00476811 0.00493312
21.09 0 0.00258674 0.00504041 0.00704705
21.1 0 0.00202928 0.00516935 0.00893654
21.11 0 0.00138434 0.00521637 0.0104836
21.12 0 0.000785145 0.0052049 0.0116071
21.13 0 0.00036356 0.0051372 0.012263
21.14 0 0.000206522 0.00502173 0.0124304
21.15 0 0.000331283 0.0048882 0.0121029
21.16 0 0.00068997 0.00478014 0.0112928
21.17 0 0.0011973 0.0047317 0.0100429
21.18 0 0.00176577 0.00474066 0.00843998
21.19 0 0.00232777 0.00475651 0.00661706
21.2 0 0.00283669 0.00469777 0.0047335
21.21 0 0.00325281 0.00448799 0.00294488
21.22 0 0.00352321 0.00408641 0.00137465
21.23 0 0.00357125 0.00349159 9.06695e-05
21.24 0 0.00331074 0.002723 -0.000900409
21.25 0 0.00268841 0.00180702 -0.00162996
21.26 0 0.0017244 0.000772077 -0.00213652
21.27 0 0.000519435 -0.000357478 -0.00245751
21.28 0 -0.000774048 -0.00155876 -0.00264004
21.29 0 -0.00200235 -0.00279095 -0.00275149
21.3 0 -0.00305397 -0.0039791 -0.00287922
21.31 0 -0.00387098 -0.00502176 -0.00311617
21.32 0 -0.0044286 -0.00582111 -0.00353649
21.33 0 -0.00471316 -0.00631821 -0.00417511
21.34 0 -0.00471803 -0.00651735 -0.00502353
21.35 0 -0.00445127 -0.00648456 -0.00603795
21.36 0 -0.00394613 -0.00631609 -0.0071493
21.37 0 -0.0032716 -0.00610073 -0.00827715
21.38 0 -0.00253467 -0.00589958 -0.00934561
21.39 0 -0.00186824 -0.00574547 -0.0102923
21.4 0 -0.00140251 -0.00565693 -0.011068
21.41 0 -0.0012249 -0.00565523 -0.0116323
21.42 0 -0.001356 -0.00577145 -0.0119513
21.43 0 -0.00175454 -0.00603879 -0.0120034
21.44 0 -0.00234276 -0.00647228 -0.0117906
21.45 0 -0.00304011 -0.00704702 -0.0113516
21.46 0 -0.00378539 -0.00769212 -0.0107653
21.47 0 -0.00453232 -0.00830992 -0.0101348
21.48 0 -0.00523219 -0.00880975 -0.00956168
21.49 0 -0.00582569 -0.00913514 -0.00912529
21.5 0 -0.00624613 -0.00927367 -0.00887017
21.51 0 -0.00642862 -0.00924905 -0.00880531
21.52 0 -0.00632621 -0.00910015 -0.00891297
21.53 0 -0.00592932 -0.00885735 -0.00916134
21.54 0 -0.00527585 -0.00852883 -0.00951356
21.55 0 -0.00445083 -0.0081025 -0.00992941
21.56 0 -0.00356993 -0.0075637 -0.0103601
21.57 0 -0.00274245 -0.00692109 -0.0107404
21.58 0 -0.00204264 -0.00622035 -0.0109881
21.59 0 -0.00150521 -0.00553495 -0.0110156
21.6 0 -0.00113491 -0.00494036 -0.0107498
21.61 0 -0.000924631 -0.00448589 -0.010152
21.62 0 -0.000870485 -0.00417772 -0.0092267
21.63 0 -0.000972858 -0.0039781 -0.00802243
21.64 0 -0.00122328 -0.00382165 -0.0066217
21.65 0 -0.00158616 -0.00364328 -0.00512091
21.66 0 -0.00198991 -0.00340055 -0.00361132
21.67 0 -0.00233806 -0.00307838 -0.00216915
21.68 0 -0.00253459 -0.00267796 -0.000854414
21.69 0 -0.00250833 -0.00220097 0.000286692
21.7 0 -0.00222848 -0.00163924 0.0012205
21.71 0 -0.00170809 -0.000975585 0.00192838
21.72 0 -0.000996956 -0.000194967 0.00241269
21.73 0 -0.000165861 0.000700011 0.00270315
21.74 0 0.000714545 0.00167693 0.00285886
21.75 0 0.00158601 0.00267455 0.00296189
21.76 0 0.00240239 0.00361826 0.00310241
21.77 0 0.00312374 0.0044422 0.0033603
21.78 0 0.00370819 0.00510861 0.00378908
21.79 0 0.00411003 0.00561504 0.0044081
21.8 0 0.00429136 0.00598561 0.00520515
21.81 0 0.00424009 0.00625275 0.00614584
21.82 0 0.00398214 0.00644109 0.00718397
21.83 0 0.00358088 0.00656169 0.00826791
21.84 0 0.00312235 0.00661851 0.00934191
21.85 0 0.00269304 0.00662109 0.0103449
21.86 0 0.00236179 0.00659354 0.0112114
21.87 0 0.00217058 0.0065739 0.0118771
21.88 0 0.00213287 0.00660413 0.0122897
21.89 0 0.00224121 0.00671499 0.0124196
21.9 0 0.00247853 0.00691326 0.0122675
21.91 0 0.00282523 0.00717676 0.011866
21.92 0 0.00325961 0.00745972 0.011275
21.93 0 0.00375086 0.00770859 0.0105693
21.94 0 0.00425034 0.00788037 0.00982353
21.95 0 0.00469192 0.00795245 0.00910101
21.96 0 0.00500487 0.00792017 0.00844982
21.97 0 0.0051315 0.00778681 0.00790352
21.98 0 0.00504101 0.00755388 0.00748336
21.99 0 0.00473546 0.00721711 0.0071987
22 0 0.00424693 0.00677009 0.00704494
22.01 0 0.00362767 0.00621313 0.00700003
22.02 0 0.00293676 0.00556231 0.00702255
22.03 0 0.00222907 0.00485271 0.00705423
22.04 0 0.00155344 0.00413229 0.00702797
22.05 0 0.000954575 0.00345025 0.00687945
22.06 0 0.000471283 0.00284601 0.00655824
22.07 0 0.000134163 0.00234159 0.00603625
22.08 0 -3.76226e-05 0.00193965 0.0053112
22.09 0 -4.19752e-05 0.00162761 0.00440516
22.1 0 0.000101277 0.00138481 0.00335951
22.11 0 0.000349829 0.00118884 0.00222861
22.12 0 0.000644551 0.00101833 0.001074
22.13 0 0.000920175 0.000852349 -4.04412e-05
22.14 0 0.00111755 0.000668827 -0.00105307
22.15 0 0.00119331 0.000444739 -0.00190959
22.16 0 0.00112452 0.000159591 -0.00256902
22.17 0 0.000908088 -0.000198766 -0.00300945
22.18 0 0.000557238 -0.000628681 -0.00323201
22.19 0 9.77198e-05 -0.00111257 -0.00326116
22.2 0 -0.000434683 -0.00161947 -0.00314094
22.21 0 -0.00099552 -0.00211142 -0.00292773
22.22 0 -0.0015336 -0.00255108 -0.00268146
22.23 0 -0.00199534 -0.0029076 -0.00245742
22.24 0 -0.002333 -0.00315911 -0.00230011
22.25 0 -0.00251256 -0.00329286 -0.00223915
22.26 0 -0.00251671 -0.00330509 -0.00228709
22.27 0 -0.00234639 -0.00320001 -0.00243904
22.28 0 -0.00202151 -0.00298812 -0.00267399
22.29 0 -0.00158539 -0.00269022 -0.0029626
22.3 0 -0.00109964 -0.00233753 -0.00327023
22.31 0 -0.000622835 -0.00196226 -0.00355017
22.32 0 -0.000201181 -0.00159638 -0.0037492
22.33 0 0.000130059 -0.00127169 -0.00382004
22.34 0 0.000347181 -0.0010129 -0.00372877
22.35 0 0.000437606 -0.000832053 -0.00346039
22.36 0 0.000400249 -0.00072649 -0.00302106
