0.01 0 -6.89307e-07 -7.41812e-07 -7.22465e-07
0.02 0 -3.32255e-06 -3.74256e-06 -3.59881e-06
0.03 0 -8.17009e-06 -9.83603e-06 -9.32718e-06
0.04 0 -1.46141e-05 -1.90715e-05 -1.79368e-05
0.05 0 -2.20872e-05 -3.12945e-05 -2.95795e-05
0.06 0 -3.02152e-05 -4.60826e-05 -4.45299e-05
0.07 0 -3.88145e-05 -6.28321e-05 -6.31043e-05
0.08 0 -4.77808e-05 -8.09455e-05 -8.55283e-05
0.09 0 -5.69656e-05 -0.000100014 -0.000111815
0.1 0 -6.61339e-05 -0.000119891 -0.000141711
0.11 0 -7.50372e-05 -0.00014063 -0.000174726
0.12 0 -8.35517e-05 -0.000162333 -0.000210223
0.13 0 -9.1786e-05 -0.000185017 -0.000247518
0.14 0 -0.00010008 -0.000208566 -0.000285949
0.15 0 -0.000108884 -0.000232772 -0.000324887
0.16 0 -0.000118578 -0.000257434 -0.000363725
0.17 0 -0.00012933 -0.000282427 -0.000401871
0.18 0 -0.000141054 -0.000307694 -0.00043877
0.19 0 -0.000153467 -0.000333167 -0.000473973
0.2 0 -0.000166213 -0.000358671 -0.0005072
0.21 0 -0.000178961 -0.000383852 -0.000538369
0.22 0 -0.000191431 -0.0004082 -0.000567558
0.23 0 -0.000203353 -0.000431142 -0.00059492
0.24 0 -0.000214409 -0.000452164 -0.000620577
0.25 0 -0.000224207 -0.000470898 -0.000644549
0.26 0 -0.000232354 -0.000487149 -0.000666734
0.27 0 -0.00023856 -0.000500838 -0.000686934
0.28 0 -0.000242731 -0.00051192 -0.000704876
0.29 0 -0.000244994 -0.000520337 -0.000720239
0.3 0 -0.000245649 -0.000526032 -0.000732666
0.31 0 -0.000245069 -0.000529005 -0.000741763
0.32 0 -0.000243588 -0.000529352 -0.000747114
0.33 0 -0.000241443 -0.000527271 -0.000748321
0.34 0 -0.000238761 -0.000522985 -0.000745049
0.35 0 -0.00023557 -0.000516641 -0.000737068
0.36 0 -0.000231963 -0.000508375 -0.000724429
0.37 0 -0.000228326 -0.000498566 -0.000707719
0.38 0 -0.000225017 -0.000487646 -0.000687785
0.39 0 -0.000221798 -0.000475631 -0.000665167
0.4 0 -0.000218012 -0.000462232 -0.000640173
0.41 0 -0.000212962 -0.000447063 -0.000613097
0.42 0 -0.000206157 -0.000429746 -0.000584298
0.43 0 -0.000197746 -0.000410367 -0.000554531
0.44 0 -0.000188665 -0.000389854 -0.000525126
0.45 0 -0.000179982 -0.000369591 -0.00049744
0.46 0 -0.00017128 -0.000349814 -0.000471306
0.47 0 -0.000160288 -0.000328726 -0.000444489
0.48 0 -0.00014561 -0.000304563 -0.000415118
0.49 0 -0.000128517 -0.000277346 -0.000383408
0.5 0 -0.00011141 -0.000248171 -0.000350449
0.51 0 -9.5857e-05 -0.000218198 -0.000316712
0.52 0 -8.19398e-05 -0.000188299 -0.000281675
0.53 0 -6.91505e-05 -0.000159372 -0.0002447
0.54 0 -5.7512e-05 -0.000132567 -0.000206013
0.55 0 -4.7528e-05 -0.000108689 -0.000166566
0.56 0 -3.86431e-05 -8.66551e-05 -0.000126482
0.57 0 -2.9295e-05 -6.38685e-05 -8.50236e-05
0.58 0 -2.06845e-05 -4.06195e-05 -4.43144e-05
0.59 0 -1.647e-05 -2.0811e-05 -9.28675e-06
0.6 0 -1.59395e-05 -5.63965e-06 1.89313e-05
0.61 0 -1.21019e-05 9.56399e-06 4.54413e-05
0.62 0 3.72205e-07 2.96875e-05 7.47446e-05
0.63 0 1.91395e-05 5.46622e-05 0.000105326
0.64 0 3.74425e-05 8.09184e-05 0.000132324
0.65 0 4.8903e-05 0.000103262 0.000151056
0.66 0 5.28894e-05 0.000118835 0.00016147
0.67 0 5.46359e-05 0.000128788 0.000168443
0.68 0 5.60378e-05 0.000132164 0.000173422
0.69 0 5.39444e-05 0.000125878 0.000173104
0.7 0 4.41135e-05 0.000107786 0.000162964
0.71 0 2.23296e-05 7.54261e-05 0.00013755
0.72 0 -9.87539e-06 2.98993e-05 9.57317e-05
0.73 0 -4.40814e-05 -2.25172e-05 4.2405e-05
0.74 0 -7.51522e-05 -7.83814e-05 -2.03518e-05
0.75 0 -0.000102397 -0.000136778 -9.34625e-05
0.76 0 -0.000122546 -0.000192235 -0.000173426
0.77 0 -0.0001324 -0.000237949 -0.000254726
0.78 0 -0.000134651 -0.000272858 -0.000335807
0.79 0 -0.000136896 -0.000302673 -0.000419044
0.8 0 -0.00014468 -0.000334357 -0.000505112
0.81 0 -0.000155501 -0.000369099 -0.000587642
0.82 0 -0.000161041 -0.000400945 -0.000654884
0.83 0 -0.000158039 -0.000424374 -0.000699656
0.84 0 -0.000157727 -0.000444553 -0.000729158
0.85 0 -0.000175957 -0.000472811 -0.000757353
0.86 0 -0.000209131 -0.000506974 -0.000782774
0.87 0 -0.000232439 -0.000527349 -0.000785502
0.88 0 -0.000234152 -0.000524678 -0.00075811
0.89 0 -0.000236001 -0.000519037 -0.000724963
0.9 0 -0.000258999 -0.000531107 -0.000710521
0.91 0 -0.000287486 -0.000549564 -0.000704916
0.92 0 -0.000288048 -0.000544925 -0.000680033
0.93 0 -0.000253676 -0.000506976 -0.000629573
0.94 0 -0.000212104 -0.000454949 -0.000577365
0.95 0 -0.000181189 -0.000401704 -0.000536537
0.96 0 -0.000146059 -0.000335037 -0.000488854
0.97 0 -9.93226e-05 -0.000253718 -0.000423799
0.98 0 -6.21848e-05 -0.00018428 -0.000359244
0.99 0 -5.40434e-05 -0.00015088 -0.000313235
1 0 -6.43386e-05 -0.000147041 -0.000277319
1.01 0 -5.73581e-05 -0.000135607 -0.000218996
1.02 0 -7.47355e-06 -7.8749e-05 -0.000112477
1.03 0 6.24721e-05 1.95487e-05 2.40439e-05
1.04 0 9.34264e-05 0.000109655 0.000135085
1.05 0 6.25364e-05 0.000154326 0.000192861
1.06 0 2.02008e-05 0.000172208 0.000234546
1.07 0 3.02732e-05 0.000204334 0.000312094
1.08 0 9.00885e-05 0.000254494 0.000421122
1.09 0 0.000142539 0.000294157 0.000511319
1.1 0 0.000168972 0.000330624 0.000570973
1.11 0 0.000204283 0.000406588 0.000638142
1.12 0 0.00026682 0.000532332 0.0007332
1.13 0 0.000343118 0.000679431 0.000846266
1.14 0 0.000412044 0.000811975 0.000960853
1.15 0 0.000462119 0.000908787 0.00106936
1.16 0 0.000512179 0.000988783 0.00119349
1.17 0 0.000593778 0.00109744 0.00136914
1.18 0 0.000701242 0.00125358 0.00159795
1.19 0 0.000788051 0.00143014 0.00183978
1.2 0 0.000817128 0.00158616 0.00205558
1.21 0 0.000800836 0.00170378 0.00224404
1.22 0 0.000782637 0.00178871 0.00242841
1.23 0 0.000784338 0.00184283 0.00261249
1.24 0 0.000799675 0.00186876 0.00277923
1.25 0 0.000821533 0.00188812 0.00291718
1.26 0 0.000839023 0.00191851 0.0030141
1.27 0 0.000837316 0.00195445 0.00305288
1.28 0 0.000812854 0.00197545 0.00302462
1.29 0 0.000779745 0.00196244 0.00293672
1.3 0 0.000766442 0.00191642 0.00281494
1.31 0 0.000796969 0.00186037 0.0026906
1.32 0 0.000865983 0.00181879 0.00257772
1.33 0 0.000931885 0.00179347 0.002461
1.34 0 0.000943221 0.00176043 0.00231163
1.35 0 0.000878025 0.00168899 0.00211719
1.36 0 0.000760477 0.00156366 0.00189669
1.37 0 0.000638983 0.00139077 0.00168582
1.38 0 0.000543966 0.00118695 0.00150475
1.39 0 0.000463577 0.000964171 0.00133844
1.4 0 0.000364647 0.000731962 0.00115395
1.41 0 0.000236248 0.000510384 0.00093694
1.42 0 9.86891e-05 0.000320327 0.000697692
1.43 0 -2.57611e-05 0.000157606 0.000444947
1.44 0 -0.000131612 -7.62684e-06 0.000172805
1.45 0 -0.000214675 -0.000195133 -0.000119225
1.46 0 -0.000259771 -0.000388492 -0.000410864
1.47 0 -0.000263483 -0.000556641 -0.000682919
1.48 0 -0.00024905 -0.000683258 -0.000935609
1.49 0 -0.000245957 -0.000769691 -0.00117547
1.5 0 -0.0002704 -0.000832128 -0.00140271
1.51 0 -0.000316349 -0.00089098 -0.00160464
1.52 0 -0.000356631 -0.000952391 -0.00175343
1.53 0 -0.000374128 -0.00101535 -0.00183153
1.54 0 -0.000389347 -0.00108936 -0.00185692
1.55 0 -0.000435907 -0.00118167 -0.00186261
1.56 0 -0.00051862 -0.00127662 -0.00186049
1.57 0 -0.000611238 -0.00134624 -0.00184044
1.58 0 -0.00068613 -0.00137765 -0.00179583
1.59 0 -0.000730655 -0.00137846 -0.00173397
1.6 0 -0.000742944 -0.00136155 -0.00166744
1.61 0 -0.000727852 -0.00133529 -0.00160809
1.62 0 -0.000690743 -0.00129823 -0.00156101
1.63 0 -0.000631807 -0.00123863 -0.00152014
1.64 0 -0.000554525 -0.00114917 -0.00147832
1.65 0 -0.000473688 -0.00104034 -0.00143761
1.66 0 -0.000405785 -0.000933678 -0.0014026
1.67 0 -0.000350463 -0.000840349 -0.00136369
1.68 0 -0.00029612 -0.000758088 -0.00130213
1.69 0 -0.000245608 -0.00068925 -0.00121449
1.7 0 -0.000199253 -0.000623384 -0.00109598
1.71 0 -0.000139269 -0.000526221 -0.000925278
1.72 0 -6.68302e-05 -0.000383494 -0.000701606
1.73 0 -8.52092e-06 -0.000216868 -0.000453207
1.74 0 1.8209e-05 -5.66106e-05 -0.000206003
1.75 0 2.57537e-05 8.30709e-05 3.69659e-05
1.76 0 5.12673e-05 0.000215135 0.00029552
1.77 0 0.000124033 0.000364638 0.000587092
1.78 0 0.000234525 0.000541556 0.000899521
1.79 0 0.000342509 0.000733322 0.00119574
1.8 0 0.000414047 0.000918415 0.00144323
1.81 0 0.000450616 0.00108359 0.00163832
1.82 0 0.000482104 0.0012265 0.00180128
1.83 0 0.000531807 0.00134359 0.00194794
1.84 0 0.000598971 0.00143021 0.00207738
1.85 0 0.000670252 0.00149293 0.00218338
1.86 0 0.000730819 0.00154663 0.00226168
1.87 0 0.00077005 0.00160167 0.00231064
1.88 0 0.00078695 0.00165774 0.00233345
1.89 0 0.000789569 0.00170489 0.00233757
1.9 0 0.000788974 0.00173034 0.00233139
1.91 0 0.000790795 0.00172542 0.00231921
1.92 0 0.000789231 0.0016875 0.00229681
1.93 0 0.000770936 0.00161983 0.00225386
1.94 0 0.000727881 0.0015323 0.00218362
1.95 0 0.000664786 0.00143765 0.00208809
1.96 0 0.000590229 0.00133905 0.00196933
1.97 0 0.000513748 0.00123182 0.00182871
1.98 0 0.000447876 0.00111498 0.00167214
1.99 0 0.000392721 0.00098416 0.00149728
2 0 0.000334471 0.000831224 0.00129207
2.01 0 0.00026407 0.000657074 0.00105124
2.02 0 0.000184725 0.000472499 0.000781843
2.03 0 0.000106833 0.000290512 0.00049787
2.04 0 4.11036e-05 0.000121323 0.000214615
2.05 0 -8.55625e-06 -3.12171e-05 -5.7191e-05
2.06 0 -4.86037e-05 -0.000171293 -0.000314888
2.07 0 -8.65603e-05 -0.000302664 -0.00055595
2.08 0 -0.000121594 -0.00042073 -0.000770094
2.09 0 -0.00015343 -0.000522001 -0.000949032
2.1 0 -0.000191736 -0.000614401 -0.00109685
2.11 0 -0.000243366 -0.000706118 -0.00121868
2.12 0 -0.000305625 -0.000798821 -0.00131469
2.13 0 -0.000379822 -0.000899319 -0.00139311
2.14 0 -0.000472842 -0.00101995 -0.00147149
2.15 0 -0.000582729 -0.00116404 -0.00156186
2.16 0 -0.000692083 -0.00131784 -0.00166237
2.17 0 -0.000783851 -0.0014638 -0.00176981
2.18 0 -0.000857494 -0.00159678 -0.00189333
2.19 0 -0.000921712 -0.00172112 -0.00204691
2.2 0 -0.000978695 -0.00183947 -0.00223461
2.21 0 -0.00101389 -0.00194186 -0.00243986
2.22 0 -0.00100172 -0.00200444 -0.00262862
2.23 0 -0.000934481 -0.00201133 -0.00277563
2.24 0 -0.000842992 -0.00197696 -0.0028866
2.25 0 -0.000756248 -0.0019163 -0.00296392
2.26 0 -0.000674018 -0.00182517 -0.00298488
2.27 0 -0.000610996 -0.00172431 -0.00294851
2.28 0 -0.000589577 -0.00164885 -0.00287074
2.29 0 -0.000596608 -0.00159904 -0.00274206
2.3 0 -0.000612661 -0.00156092 -0.00255424
2.31 0 -0.000648353 -0.00154003 -0.00233434
2.32 0 -0.000715044 -0.00154015 -0.00211592
2.33 0 -0.000793716 -0.00154145 -0.00190792
2.34 0 -0.00084993 -0.00151635 -0.00170545
2.35 0 -0.00085516 -0.00144475 -0.00150452
2.36 0 -0.000799394 -0.00132023 -0.00130896
2.37 0 -0.000693783 -0.0011516 -0.00113113
2.38 0 -0.000552965 -0.00094891 -0.000975798
2.39 0 -0.000380152 -0.000711841 -0.000827767
2.4 0 -0.000181423 -0.000443778 -0.000668336
2.41 0 2.13205e-05 -0.000163989 -0.00049118
2.42 0 0.000205373 0.000106555 -0.000291855
2.43 0 0.000354277 0.000351227 -6.53942e-05
2.44 0 0.000450771 0.000550326 0.00018286
2.45 0 0.000489108 0.000693524 0.000447099
2.46 0 0.000485038 0.000791881 0.000731177
2.47 0 0.000449334 0.000854035 0.0010247
2.48 0 0.00038097 0.000878259 0.00129863
2.49 0 0.000298625 0.000880621 0.00153926
2.5 0 0.000239551 0.000894343 0.00175199
2.51 0 0.000230485 0.000944723 0.00193887
2.52 0 0.000275042 0.00103815 0.0020907
2.53 0 0.000359933 0.00116507 0.00219395
2.54 0 0.00046572 0.00130584 0.00223936
2.55 0 0.000581047 0.00144347 0.00223307
2.56 0 0.00071264 0.00157869 0.00220511
2.57 0 0.000863421 0.0017165 0.00218723
2.58 0 0.00101045 0.00184696 0.00218866
2.59 0 0.00111994 0.00195312 0.00220529
2.6 0 0.00116542 0.00201767 0.00223039
2.61 0 0.00113345 0.00202147 0.0022551
2.62 0 0.0010335 0.00195593 0.00227722
2.63 0 0.000892118 0.00182799 0.00229912
2.64 0 0.000725784 0.00164427 0.00230638
2.65 0 0.000541797 0.00141477 0.00227331
2.66 0 0.000358672 0.00116779 0.00218645
2.67 0 0.000200161 0.000936487 0.00204203
2.68 0 8.15043e-05 0.000739868 0.001836
2.69 0 8.94499e-06 0.000580705 0.00156641
2.7 0 -1.71832e-05 0.000451266 0.00123819
2.71 0 -2.08662e-06 0.000339583 0.000863843
2.72 0 4.58733e-05 0.000237868 0.000464683
2.73 0 0.000121259 0.000151941 7.4318e-05
2.74 0 0.000206551 8.44278e-05 -0.00028061
2.75 0 0.000242698 -4.99234e-06 -0.000617849
2.76 0 0.000171616 -0.000172451 -0.000968385
2.77 0 7.35299e-06 -0.000423122 -0.00131233
2.78 0 -0.000189771 -0.000720814 -0.0016011
2.79 0 -0.000369272 -0.00102068 -0.00180325
2.8 0 -0.000512386 -0.00128208 -0.00191829
2.81 0 -0.000634335 -0.00148455 -0.00197762
2.82 0 -0.000757916 -0.00162799 -0.00202195
2.83 0 -0.000889504 -0.00172813 -0.00208081
2.84 0 -0.00101465 -0.00181018 -0.00216658
2.85 0 -0.00109722 -0.00188476 -0.00226647
2.86 0 -0.00109106 -0.00192862 -0.00234403
2.87 0 -0.000983204 -0.00190949 -0.00237493
2.88 0 -0.000824339 -0.00182747 -0.0023799
2.89 0 -0.000696599 -0.00171899 -0.00240559
2.9 0 -0.000653486 -0.00163213 -0.00248044
2.91 0 -0.000680908 -0.00159325 -0.00258302
2.92 0 -0.000706515 -0.00158515 -0.00264524
2.93 0 -0.000650425 -0.0015511 -0.00258828
2.94 0 -0.00050263 -0.00144709 -0.00238928
2.95 0 -0.000361861 -0.0013029 -0.00212528
2.96 0 -0.000328766 -0.00117145 -0.00188548
2.97 0 -0.000392815 -0.00105587 -0.00167289
2.98 0 -0.000474658 -0.000940936 -0.00144284
2.99 0 -0.000505455 -0.000824477 -0.00116524
3 0 -0.000445777 -0.000690698 -0.000826672
3.01 0 -0.000275762 -0.000484736 -0.000411793
3.02 0 -2.50907e-05 -0.000164183 6.50006e-05
3.03 0 0.000202985 0.000226944 0.000522262
3.04 0 0.000332251 0.000610508 0.00089379
3.05 0 0.000406916 0.0009629 0.00121497
3.06 0 0.000531134 0.0013044 0.0015747
3.07 0 0.000747946 0.00164161 0.00201347
3.08 0 0.000997978 0.00194927 0.00248835
3.09 0 0.0011962 0.00221499 0.00293808
3.1 0 0.00131003 0.0024627 0.00334382
3.11 0 0.00136837 0.00272751 0.00372954
3.12 0 0.00142663 0.00302556 0.00413146
3.13 0 0.00151395 0.0033329 0.00455648
3.14 0 0.00162036 0.00360452 0.00497811
3.15 0 0.00173273 0.00382486 0.00537507
3.16 0 0.00185684 0.00402589 0.00575225
3.17 0 0.00200516 0.00425946 0.00612697
3.18 0 0.0021857 0.0045669 0.00651607
3.19 0 0.00239434 0.00495621 0.00692626
3.2 0 0.00261263 0.00539515 0.00734987
3.21 0 0.0028336 0.00584535 0.00778954
3.22 0 0.00309432 0.00631634 0.00829338
3.23 0 0.00343564 0.0068494 0.00892069
3.24 0 0.00382698 0.00744766 0.00966778
3.25 0 0.00418866 0.00807533 0.0104817
3.26 0 0.00446792 0.00869934 0.0113225
3.27 0 0.00466806 0.00930165 0.0121851
3.28 0 0.00482098 0.00986434 0.0130735
3.29 0 0.00494733 0.0103592 0.0139704
3.3 0 0.00505078 0.0107657 0.0148391
3.31 0 0.00513755 0.0110966 0.0156473
3.32 0 0.00523078 0.011402 0.0163843
3.33 0 0.00534423 0.0117245 0.0170365
3.34 0 0.00544699 0.0120436 0.0175515
3.35 0 0.00548378 0.0122799 0.0178545
3.36 0 0.00545062 0.0123747 0.0179212
3.37 0 0.00543381 0.0123602 0.0178239
3.38 0 0.00550088 0.0122931 0.0176365
3.39 0 0.00559333 0.0121604 0.0173327
3.4 0 0.00559526 0.0119132 0.0168409
3.41 0 0.00544694 0.0115296 0.016138
3.42 0 0.00517525 0.0110216 0.0152681
3.43 0 0.00484353 0.0104047 0.0142973
3.44 0 0.0044843 0.00967105 0.0132565
3.45 0 0.00408121 0.0087983 0.0121307
3.46 0 0.00358966 0.00776814 0.0108769
3.47 0 0.00296532 0.00656792 0.00944365
3.48 0 0.00221681 0.00521538 0.0078162
3.49 0 0.00143896 0.00378971 0.0060541
3.5 0 0.00074213 0.0023862 0.00423781
3.51 0 0.000158316 0.00104669 0.00239109
3.52 0 -0.000354975 -0.000238444 0.000488233
3.53 0 -0.000837371 -0.00147593 -0.00147641
3.54 0 -0.00129026 -0.00265298 -0.00346183
3.55 0 -0.00171036 -0.00377122 -0.00541785
3.56 0 -0.00210642 -0.00485066 -0.00730352
3.57 0 -0.00249092 -0.00590712 -0.00908131
3.58 0 -0.00288092 -0.00694554 -0.010722
3.59 0 -0.00329633 -0.00796161 -0.0122089
3.6 0 -0.00375162 -0.00894503 -0.0135354
3.61 0 -0.0042489 -0.00988458 -0.0147018
3.62 0 -0.00477867 -0.0107756 -0.0157169
3.63 0 -0.00532686 -0.0116258 -0.0166032
3.64 0 -0.00587807 -0.0124496 -0.0173942
3.65 0 -0.00641628 -0.0132578 -0.0181288
3.66 0 -0.00693331 -0.014058 -0.0188531
3.67 0 -0.00743302 -0.0148596 -0.0196198
3.68 0 -0.00788479 -0.0156303 -0.0204369
3.69 0 -0.00817934 -0.0162492 -0.0212149
3.7 0 -0.00820163 -0.0165707 -0.0218282
3.71 0 -0.00794078 -0.0165314 -0.0222168
3.72 0 -0.00749571 -0.0161755 -0.0223975
3.73 0 -0.00699809 -0.01561 -0.0224054
3.74 0 -0.00653575 -0.0149486 -0.0222407
3.75 0 -0.00612131 -0.0142644 -0.0218499
3.76 0 -0.0057276 -0.0135817 -0.0211619
3.77 0 -0.00535497 -0.0129049 -0.0201524
3.78 0 -0.00506075 -0.0122473 -0.0188757
3.79 0 -0.0049162 -0.0116276 -0.0174335
3.8 0 -0.0049404 -0.0110526 -0.0159193
3.81 0 -0.00508622 -0.010525 -0.0144026
3.82 0 -0.00527085 -0.0100538 -0.012943
3.83 0 -0.00541098 -0.00964574 -0.0116007
3.84 0 -0.00544979 -0.00929119 -0.010439
3.85 0 -0.00536946 -0.00896357 -0.00952098
3.86 0 -0.00518037 -0.00862748 -0.00889402
3.87 0 -0.00489741 -0.00825032 -0.00856923
3.88 0 -0.00452784 -0.00781788 -0.00851502
3.89 0 -0.00408538 -0.00735307 -0.00867596
3.9 0 -0.00361424 -0.00692438 -0.00900228
3.91 0 -0.003179 -0.00661371 -0.00944889
3.92 0 -0.00283169 -0.00646597 -0.00995419
3.93 0 -0.00260801 -0.00648065 -0.0104492
3.94 0 -0.00253518 -0.00663238 -0.0108796
3.95 0 -0.00262152 -0.00688276 -0.0112077
3.96 0 -0.0028457 -0.00718811 -0.011407
3.97 0 -0.00316524 -0.00751311 -0.0114691
3.98 0 -0.00353495 -0.00783994 -0.0114123
3.99 0 -0.00391764 -0.00816358 -0.0112795
4 0 -0.0042761 -0.00847166 -0.0111188
4.01 0 -0.00452267 -0.00868514 -0.0109194
4.02 0 -0.00453886 -0.00866801 -0.0106152
4.03 0 -0.00430361 -0.00835615 -0.0101989
4.04 0 -0.00389806 -0.00778716 -0.0097287
4.05 0 -0.00337913 -0.00700588 -0.0092139
4.06 0 -0.00272871 -0.00601698 -0.00857236
4.07 0 -0.00193929 -0.00484135 -0.00771545
4.08 0 -0.0010902 -0.00356491 -0.00662867
4.09 0 -0.000287972 -0.00227766 -0.00532816
4.1 0 0.000408649 -0.00101465 -0.00380542
4.11 0 0.000978903 0.000218505 -0.00205111
4.12 0 0.00140593 0.00140174 -9.55974e-05
4.13 0 0.00167773 0.00249697 0.0019906
4.14 0 0.00181747 0.00348176 0.00413169
4.15 0 0.00189147 0.00437177 0.00626739
4.16 0 0.00196418 0.00519409 0.0083266
4.17 0 0.00208695 0.0059855 0.0102347
4.18 0 0.00233854 0.00683147 0.0119702
4.19 0 0.00280314 0.00783958 0.0135585
4.2 0 0.00351566 0.00907763 0.0150287
4.21 0 0.0044532 0.0105512 0.0164056
4.22 0 0.00556431 0.0122197 0.0177292
4.23 0 0.00680068 0.0140301 0.019074
4.24 0 0.00810011 0.0159106 0.0205162
4.25 0 0.00936102 0.0177417 0.0220766
4.26 0 0.0104666 0.0193808 0.0237185
4.27 0 0.0113033 0.0207077 0.0253667
4.28 0 0.0117716 0.021645 0.0269226
4.29 0 0.0118182 0.022165 0.0282907
4.3 0 0.0114593 0.0222761 0.0293929
4.31 0 0.0107723 0.021994 0.0301595
4.32 0 0.00983749 0.021301 0.0304872
4.33 0 0.00872057 0.0201653 0.0302483
4.34 0 0.00752783 0.0186296 0.0293696
4.35 0 0.00638229 0.0168081 0.0278303
4.36 0 0.00536432 0.0148241 0.0256202
4.37 0 0.00449545 0.0127707 0.0227351
4.38 0 0.00375344 0.0106897 0.0191951
4.39 0 0.00313707 0.00861048 0.0151073
4.4 0 0.00269253 0.00658476 0.0106878
4.41 0 0.00244122 0.00465187 0.00618416
4.42 0 0.00230225 0.00279422 0.00178424
4.43 0 0.00210607 0.000944334 -0.00239991
4.44 0 0.00167386 -0.00097834 -0.00629643
4.45 0 0.000873451 -0.00305822 -0.00986056
4.46 0 -0.000363573 -0.00538782 -0.0130873
4.47 0 -0.0020182 -0.00803047 -0.0159987
4.48 0 -0.00396215 -0.0109486 -0.0186056
4.49 0 -0.00601532 -0.013993 -0.0209207
4.5 0 -0.00805591 -0.0169849 -0.023023
4.51 0 -0.0100501 -0.0197863 -0.0250584
4.52 0 -0.01197 -0.0222986 -0.0271477
4.53 0 -0.0136951 -0.0244339 -0.0292947
4.54 0 -0.0150066 -0.0261047 -0.0313761
4.55 0 -0.0157062 -0.0272616 -0.0332376
4.56 0 -0.0157652 -0.0279474 -0.0348208
4.57 0 -0.015351 -0.0282739 -0.036181
4.58 0 -0.014686 -0.0283066 -0.0373604
4.59 0 -0.0139122 -0.0280182 -0.0382913
4.6 0 -0.0131002 -0.0273786 -0.0388433
4.61 0 -0.0123146 -0.0264509 -0.0389138
4.62 0 -0.0116379 -0.0253958 -0.0384667
4.63 0 -0.0111185 -0.0243671 -0.0374865
4.64 0 -0.0107196 -0.0233972 -0.035926
4.65 0 -0.0103625 -0.0223977 -0.0337405
4.66 0 -0.0100066 -0.0212437 -0.0309602
4.67 0 -0.00968504 -0.0198665 -0.0277269
4.68 0 -0.00944022 -0.0182708 -0.0242387
4.69 0 -0.00920644 -0.0164696 -0.0206301
4.7 0 -0.00879959 -0.0144451 -0.0169339
4.71 0 -0.00806555 -0.0122071 -0.0131844
4.72 0 -0.0070033 -0.00983573 -0.00950569
4.73 0 -0.00572342 -0.00742478 -0.00606142
4.74 0 -0.0043235 -0.00500422 -0.00294531
4.75 0 -0.00282168 -0.00253271 -0.000133739
4.76 0 -0.00124732 -1.51737e-05 0.00241607
4.77 0 0.000268618 0.00240387 0.00466834
4.78 0 0.00156843 0.00452099 0.00656708
4.79 0 0.00257178 0.00619864 0.00812345
4.8 0 0.00328721 0.00740595 0.009414
4.81 0 0.00375398 0.00818875 0.0105185
4.82 0 0.00400513 0.00864017 0.0114847
4.83 0 0.0040778 0.00888484 0.0123389
4.84 0 0.00403078 0.00905332 0.0131032
4.85 0 0.00395091 0.00925564 0.0138072
4.86 0 0.00391453 0.00953977 0.014462
4.87 0 0.00394327 0.00986939 0.0150314
4.88 0 0.00402056 0.0101691 0.0154592
4.89 0 0.00411398 0.0103689 0.0156949
4.9 0 0.00416718 0.0104035 0.0156835
4.91 0 0.00410596 0.0102074 0.0153618
4.92 0 0.00390528 0.00976451 0.0147156
4.93 0 0.00364328 0.00915781 0.0138316
4.94 0 0.00339872 0.0084809 0.0128033
4.95 0 0.0031465 0.0077395 0.0116327
4.96 0 0.00283408 0.00691177 0.0103011
4.97 0 0.00246354 0.00601208 0.00884216
4.98 0 0.00206306 0.00506256 0.007311
4.99 0 0.00165116 0.00407213 0.00575158
5 0 0.00123325 0.00304756 0.0041954
5.01 0 0.000805431 0.00200211 0.00266481
5.02 0 0.000360182 0.000954832 0.00117567
5.03 0 -0.000104999 -7.32016e-05 -0.000257971
5.04 0 -0.00058476 -0.00106624 -0.00162362
5.05 0 -0.00108418 -0.00203571 -0.00292936
5.06 0 -0.0016355 -0.00303491 -0.00422076
5.07 0 -0.00228103 -0.00413798 -0.00556508
5.08 0 -0.00302989 -0.00539077 -0.00700918
5.09 0 -0.00383641 -0.00677678 -0.00855429
5.1 0 -0.0046359 -0.00823676 -0.0101816
5.11 0 -0.00537918 -0.00969667 -0.0118759
5.12 0 -0.00603077 -0.0110758 -0.0136168
5.13 0 -0.00656264 -0.0122997 -0.0153691
5.14 0 -0.00695261 -0.0133167 -0.017081
5.15 0 -0.00718847 -0.0141075 -0.0186901
5.16 0 -0.00727138 -0.014682 -0.0201298
5.17 0 -0.00721499 -0.0150602 -0.0213313
5.18 0 -0.0070476 -0.0152579 -0.022231
5.19 0 -0.00681233 -0.015283 -0.022779
5.2 0 -0.00655686 -0.015137 -0.0229407
5.21 0 -0.00631516 -0.0148169 -0.0226914
5.22 0 -0.00609055 -0.0143144 -0.0220086
5.23 0 -0.00585455 -0.0136164 -0.0208732
5.24 0 -0.00556 -0.0127033 -0.019276
5.25 0 -0.0051557 -0.0115448 -0.0172226
5.26 0 -0.00460842 -0.0101112 -0.0147437
5.27 0 -0.00392197 -0.00839796 -0.011908
5.28 0 -0.00312383 -0.00643107 -0.00880709
5.29 0 -0.00223886 -0.00425884 -0.00552988
5.3 0 -0.00128342 -0.00194956 -0.00215613
5.31 0 -0.000273826 0.000415839 0.00124048
5.32 0 0.000770202 0.00276373 0.00459477
5.33 0 0.00182622 0.00504268 0.00785203
5.34 0 0.00286387 0.00721868 0.0109604
5.35 0 0.00385244 0.00927183 0.0138748
5.36 0 0.00478048 0.0112003 0.0165719
5.37 0 0.00565914 0.0130116 0.0190503
5.38 0 0.00651095 0.0147122 0.0213199
5.39 0 0.00735428 0.016307 0.0233936
5.4 0 0.00818802 0.0177953 0.0252761
5.41 0 0.00899176 0.0191677 0.0269605
5.42 0 0.00974438 0.0204127 0.02844
5.43 0 0.0104333 0.0215213 0.0297147
5.44 0 0.0110415 0.0224771 0.0307814
5.45 0 0.0115438 0.0232558 0.0316307
5.46 0 0.0119298 0.0238471 0.0322665
5.47 0 0.0122194 0.024273 0.0327216
5.48 0 0.0124462 0.0245749 0.0330413
5.49 0 0.0126088 0.0247665 0.0332362
5.5 0 0.0126482 0.0248025 0.0332567
5.51 0 0.0125189 0.0246359 0.0330581
5.52 0 0.012249 0.0242713 0.0326552
5.53 0 0.0119019 0.0237408 0.0320878
5.54 0 0.0115325 0.0230841 0.0313868
5.55 0 0.0111622 0.0223373 0.0305578
5.56 0 0.0107771 0.0215222 0.0295809
5.57 0 0.010369 0.0206645 0.0284495
5.58 0 0.00995795 0.019799 0.0271902
5.59 0 0.0095706 0.018946 0.0258422
5.6 0 0.00921391 0.0180969 0.024434
5.61 0 0.00888208 0.0172369 0.0229909
5.62 0 0.00858516 0.0163835 0.0215634
5.63 0 0.00833431 0.0155758 0.0202104
5.64 0 0.00808927 0.0148134 0.0189419
5.65 0 0.00776512 0.0140407 0.0177149
5.66 0 0.00731574 0.013209 0.0165052
5.67 0 0.00677203 0.012315 0.0153402
5.68 0 0.00617513 0.0113584 0.0142387
5.69 0 0.00552062 0.0103087 0.0131612
5.7 0 0.00479498 0.00914593 0.0120478
5.71 0 0.00400913 0.00788671 0.0108536
5.72 0 0.00318393 0.00655826 0.00953853
5.73 0 0.00236455 0.00520483 0.00808858
5.74 0 0.00162169 0.0038906 0.00652723
5.75 0 0.000993718 0.00264794 0.00486675
5.76 0 0.000468338 0.00146265 0.00309401
5.77 0 2.56792e-05 0.000318643 0.00121417
5.78 0 -0.000343564 -0.000782794 -0.000733593
5.79 0 -0.000652648 -0.00183697 -0.00269545
5.8 0 -0.000926394 -0.00284447 -0.0046173
5.81 0 -0.001204 -0.0038189 -0.00645682
5.82 0 -0.00153424 -0.00478988 -0.00818981
5.83 0 -0.00195402 -0.00578824 -0.00979956
5.84 0 -0.00246525 -0.00682215 -0.0112603
5.85 0 -0.00303433 -0.00786719 -0.0125372
5.86 0 -0.00361385 -0.00887579 -0.0136022
5.87 0 -0.0041586 -0.00978785 -0.0144434
5.88 0 -0.00462905 -0.0105385 -0.0150603
5.89 0 -0.00498904 -0.0110675 -0.015455
5.9 0 -0.00520056 -0.0113276 -0.0156231
5.91 0 -0.0052242 -0.0112898 -0.0155496
5.92 0 -0.00502528 -0.0109375 -0.0152079
5.93 0 -0.00458263 -0.0102571 -0.0145604
5.94 0 -0.00391318 -0.00925001 -0.0135799
5.95 0 -0.00309301 -0.00795949 -0.012277
5.96 0 -0.00220463 -0.0064392 -0.0106616
5.97 0 -0.0012519 -0.00468587 -0.00867383
5.98 0 -0.000210276 -0.00268417 -0.00624015
5.99 0 0.000865408 -0.000500545 -0.00338287
6 0 0.00189665 0.00177301 -0.000172635
6.01 0 0.00287214 0.00410329 0.00335337
6.02 0 0.00382473 0.00649526 0.00716803
6.03 0 0.00479006 0.00896147 0.0112224
6.04 0 0.00577912 0.0114989 0.0154291
6.05 0 0.00676797 0.0140684 0.0196586
6.06 0 0.00774437 0.0166253 0.0237884
6.07 0 0.00875403 0.0191617 0.0277544
6.08 0 0.00987705 0.0217011 0.0315414
6.09 0 0.0111706 0.0242659 0.0351407
6.1 0 0.0126232 0.0268402 0.0385102
6.11 0 0.0141558 0.0293609 0.0415714
6.12 0 0.0156962 0.0317725 0.0442764
6.13 0 0.0172253 0.0340634 0.0466487
6.14 0 0.0187074 0.0361966 0.0487095
6.15 0 0.0200295 0.0380551 0.0504119
6.16 0 0.0210475 0.0394851 0.0516755
6.17 0 0.0216438 0.0403527 0.0524321
6.18 0 0.0217569 0.040574 0.0526452
6.19 0 0.02137 0.0401045 0.0522892
6.2 0 0.0204823 0.0389045 0.0513102
6.21 0 0.0191109 0.0369446 0.0496263
6.22 0 0.0172899 0.0342164 0.0471387
6.23 0 0.0150523 0.030724 0.0437293
6.24 0 0.0124581 0.0265168 0.0393102
6.25 0 0.00965075 0.0217495 0.0339026
6.26 0 0.00680101 0.0166325 0.027605
6.27 0 0.00400661 0.0113205 0.0205024
6.28 0 0.00132022 0.00589674 0.0126852
6.29 0 -0.00119241 0.000407559 0.00429659
6.3 0 -0.00347742 -0.00511369 -0.00448075
6.31 0 -0.00553844 -0.0106171 -0.0134497
6.32 0 -0.00744264 -0.0160251 -0.0224094
6.33 0 -0.00929532 -0.0212607 -0.031166
6.34 0 -0.0112154 -0.0262871 -0.0395494
6.35 0 -0.0133006 -0.0311102 -0.0474066
6.36 0 -0.0155903 -0.0357578 -0.0545873
6.37 0 -0.018069 -0.04026 -0.0609609
6.38 0 -0.0206985 -0.0446327 -0.06645
6.39 0 -0.0234414 -0.0488667 -0.0710465
6.4 0 -0.0262655 -0.05292 -0.0748051
6.41 0 -0.0291312 -0.0567185 -0.0778225
6.42 0 -0.0319537 -0.0601559 -0.0801944
6.43 0 -0.0345887 -0.0631126 -0.0819897
6.44 0 -0.0368834 -0.0655112 -0.0832809
6.45 0 -0.0387193 -0.0673376 -0.0841622
6.46 0 -0.0400092 -0.0686041 -0.0847236
6.47 0 -0.0407013 -0.0693229 -0.0850376
6.48 0 -0.0407916 -0.0695029 -0.0851599
6.49 0 -0.0403234 -0.0691465 -0.0851205
6.5 0 -0.0393845 -0.0682559 -0.0849134
6.51 0 -0.0381012 -0.0668681 -0.0845066
6.52 0 -0.0366177 -0.065081 -0.0838523
6.53 0 -0.0350552 -0.0630313 -0.0828763
6.54 0 -0.0334919 -0.0608531 -0.081481
6.55 0 -0.0319863 -0.0586544 -0.079581
6.56 0 -0.0305901 -0.0564898 -0.0771258
6.57 0 -0.029342 -0.0543446 -0.0741004
6.58 0 -0.0282715 -0.0521655 -0.0705373
6.59 0 -0.0273973 -0.049907 -0.0665195
6.6 0 -0.0267044 -0.0475529 -0.0621579
6.61 0 -0.0261293 -0.0451169 -0.0575671
6.62 0 -0.0255692 -0.0426276 -0.0528554
6.63 0 -0.0249102 -0.0401078 -0.0481286
6.64 0 -0.0240667 -0.0375657 -0.0435042
6.65 0 -0.022996 -0.0349916 -0.0391089
6.66 0 -0.0216911 -0.0323624 -0.0350578
6.67 0 -0.020171 -0.0296643 -0.0314401
6.68 0 -0.0184688 -0.026913 -0.0283045
6.69 0 -0.0166132 -0.0241511 -0.025645
6.7 0 -0.0146186 -0.0214241 -0.023392
6.71 0 -0.0125013 -0.0187657 -0.0214323
6.72 0 -0.0103049 -0.0161959 -0.0196418
6.73 0 -0.00810867 -0.013722 -0.0179096
6.74 0 -0.00601557 -0.011342 -0.0161462
6.75 0 -0.00412439 -0.009052 -0.0142768
6.76 0 -0.00251633 -0.00685513 -0.0122393
6.77 0 -0.00125704 -0.00477682 -0.00999355
6.78 0 -0.000378658 -0.00287336 -0.00752849
6.79 0 0.000144791 -0.00120576 -0.00485371
6.8 0 0.000395834 0.000202128 -0.00199345
6.81 0 0.000486971 0.00138594 0.00100464
6.82 0 0.00053238 0.00244186 0.00406518
6.83 0 0.000632159 0.00350623 0.00709494
6.84 0 0.000872688 0.00472 0.0100044
6.85 0 0.00133572 0.00619502 0.0127342
6.86 0 0.00210201 0.00799533 0.0152746
6.87 0 0.00324324 0.0101387 0.0176703
6.88 0 0.00478865 0.0126002 0.0199973
6.89 0 0.00669156 0.0153152 0.0223269
6.9 0 0.00884919 0.0182067 0.0247244
6.91 0 0.0111759 0.0212359 0.0272836
6.92 0 0.0136337 0.0244178 0.0301292
6.93 0 0.0161546 0.0277576 0.0333417
6.94 0 0.0185963 0.0311968 0.0369098
6.95 0 0.0208088 0.034639 0.0407754
6.96 0 0.0227063 0.0379925 0.044889
6.97 0 0.0242912 0.0411951 0.049228
6.98 0 0.025604 0.0441985 0.053755
6.99 0 0.0266593 0.0469398 0.0583638
7 0 0.0274471 0.0493591 0.0628903
7.01 0 0.0279799 0.0514397 0.0671707
7.02 0 0.0283239 0.0532241 0.0710845
7.03 0 0.0285727 0.0547751 0.0745416
7.04 0 0.0287937 0.0561165 0.0774438
7.05 0 0.0290053 0.0572145 0.0796767
7.06 0 0.0291934 0.0580022 0.0811342
7.07 0 0.0293241 0.0584025 0.0817332
7.08 0 0.0293439 0.0583321 0.0814097
7.09 0 0.0291861 0.057711 0.0801217
7.1 0 0.0287825 0.0564715 0.0778555
7.11 0 0.0280668 0.0545569 0.0746186
7.12 0 0.0269758 0.0519159 0.0704288
7.13 0 0.0254512 0.0485007 0.0653043
7.14 0 0.0234572 0.0442841 0.0592726
7.15 0 0.0210194 0.039308 0.052409
7.16 0 0.0182292 0.0337021 0.044849
7.17 0 0.0151805 0.02763 0.0367352
7.18 0 0.0119116 0.021221 0.0281672
7.19 0 0.00841884 0.0145634 0.0192162
7.2 0 0.00471353 0.00773666 0.00997538
7.21 0 0.000863968 0.000806099 0.000574832
7.22 0 -0.00300332 -0.00620822 -0.00885606
7.23 0 -0.00676202 -0.0133054 -0.0182276
7.24 0 -0.0103754 -0.0204339 -0.0274952
7.25 0 -0.0139176 -0.0274837 -0.036646
7.26 0 -0.0174993 -0.0343463 -0.0456755
7.27 0 -0.0211734 -0.0409566 -0.0545477
7.28 0 -0.0248935 -0.0472929 -0.0631658
7.29 0 -0.0285533 -0.0533759 -0.0714004
7.3 0 -0.0320527 -0.0592476 -0.0791428
7.31 0 -0.035312 -0.0649024 -0.0863097
7.32 0 -0.0382627 -0.0702367 -0.0928266
7.33 0 -0.0408563 -0.0750765 -0.0986349
7.34 0 -0.0430675 -0.079241 -0.103697
7.35 0 -0.0449002 -0.0826162 -0.108007
7.36 0 -0.0463798 -0.0851944 -0.111588
7.37 0 -0.0474953 -0.0870247 -0.114437
7.38 0 -0.0481735 -0.0881498 -0.116494
7.39 0 -0.0483519 -0.0886168 -0.117698
7.4 0 -0.0480659 -0.0885039 -0.118062
7.41 0 -0.0474396 -0.0878873 -0.117648
7.42 0 -0.046606 -0.0867952 -0.116511
7.43 0 -0.0456641 -0.0852314 -0.114676
7.44 0 -0.0446811 -0.0832351 -0.112168
7.45 0 -0.0436926 -0.0808983 -0.109028
7.46 0 -0.0426967 -0.078333 -0.105304
7.47 0 -0.041664 -0.0756268 -0.101047
7.48 0 -0.0405677 -0.0728225 -0.0963348
7.49 0 -0.0394021 -0.0699186 -0.0912725
7.5 0 -0.0381675 -0.0668761 -0.0859788
7.51 0 -0.0368443 -0.0636373 -0.080556
7.52 0 -0.035382 -0.060153 -0.0750747
7.53 0 -0.0337009 -0.0563946 -0.0695671
7.54 0 -0.0317089 -0.0523482 -0.0640306
7.55 0 -0.0293273 -0.0480034 -0.0584396
7.56 0 -0.0265276 -0.0433564 -0.0527712
7.57 0 -0.0233615 -0.0384303 -0.0470349
7.58 0 -0.0199184 -0.0332506 -0.0412389
7.59 0 -0.0162556 -0.0278041 -0.0353328
7.6 0 -0.0124218 -0.0220829 -0.0292402
7.61 0 -0.00851317 -0.0161517 -0.0229249
7.62 0 -0.00465184 -0.0101358 -0.0163858
7.63 0 -0.000968987 -0.00417644 -0.00963383
7.64 0 0.00237725 0.00160136 -0.00269014
7.65 0 0.0052562 0.00710561 0.0044266
7.66 0 0.00763558 0.0122586 0.011694
7.67 0 0.00956743 0.0169775 0.0190486
7.68 0 0.0111339 0.0211963 0.0263594
7.69 0 0.012404 0.0249024 0.0334317
7.7 0 0.0134317 0.0281516 0.0400427
7.71 0 0.0142875 0.0310543 0.0460004
7.72 0 0.015061 0.0337149 0.0511691
7.73 0 0.0158391 0.0361692 0.0554549
7.74 0 0.0167155 0.0384077 0.05882
7.75 0 0.0177934 0.0404294 0.0612979
7.76 0 0.0191418 0.0422543 0.0629634
7.77 0 0.0207661 0.0439228 0.0639105
7.78 0 0.0226121 0.0454939 0.0642545
7.79 0 0.0245751 0.0470138 0.0641222
7.8 0 0.026517 0.048479 0.0636425
7.81 0 0.0283004 0.0498337 0.0629526
7.82 0 0.0298149 0.0509893 0.0622011
7.83 0 0.0309671 0.0518381 0.0615198
7.84 0 0.0316508 0.0522574 0.0609765
7.85 0 0.0317431 0.0521308 0.0605565
7.86 0 0.0311618 0.0513936 0.0601969
7.87 0 0.0299352 0.0500659 0.0598349
7.88 0 0.0281968 0.0482337 0.0594062
7.89 0 0.0261231 0.0460061 0.0588155
7.9 0 0.0238875 0.0435006 0.0579373
7.91 0 0.0216502 0.0408479 0.0566466
7.92 0 0.0195536 0.0381802 0.0548448
7.93 0 0.0177111 0.0356001 0.0524677
7.94 0 0.0162035 0.0331613 0.0494928
7.95 0 0.0150806 0.0308762 0.0459501
7.96 0 0.0143536 0.0287307 0.0419193
7.97 0 0.0139772 0.0266906 0.0375081
7.98 0 0.0138391 0.0247068 0.0328342
7.99 0 0.0137756 0.0227265 0.0280249
8 0 0.0136093 0.0206974 0.0232205
8.01 0 0.0132031 0.0185754 0.0185803
8.02 0 0.0124848 0.0163258 0.0142673
8.03 0 0.0114166 0.013905 0.0103963
8.04 0 0.00997319 0.0112726 0.00700789
8.05 0 0.0081575 0.00843887 0.00409416
8.06 0 0.00601348 0.00548154 0.00162069
8.07 0 0.00362 0.00251073 -0.000473813
8.08 0 0.00109216 -0.000378871 -0.0022781
8.09 0 -0.00140887 -0.00314225 -0.0039056
8.1 0 -0.00368748 -0.00576936 -0.00548256
8.11 0 -0.0055684 -0.00822685 -0.00712833
8.12 0 -0.00696044 -0.0104343 -0.00894998
8.13 0 -0.0078645 -0.0122935 -0.0110323
8.14 0 -0.00832708 -0.0137261 -0.0134026
8.15 0 -0.00839496 -0.0147052 -0.0160039
8.16 0 -0.00811147 -0.0152769 -0.0187065
8.17 0 -0.00754672 -0.0155505 -0.0213457
8.18 0 -0.00680631 -0.0156485 -0.023744
8.19 0 -0.00600819 -0.0156464 -0.0257176
8.2 0 -0.00527378 -0.0155641 -0.0271065
8.21 0 -0.00472396 -0.0153971 -0.0278057
8.22 0 -0.00445429 -0.0151468 -0.0277688
8.23 0 -0.00449886 -0.0148285 -0.0269944
8.24 0 -0.00481821 -0.0144671 -0.0255202
8.25 0 -0.00533186 -0.0140965 -0.0234411
8.26 0 -0.00594358 -0.0137331 -0.0209085
8.27 0 -0.00653211 -0.0133284 -0.0180921
8.28 0 -0.00696259 -0.0127687 -0.0151536
8.29 0 -0.00713292 -0.0119423 -0.0122583
8.3 0 -0.00699813 -0.0108037 -0.00957814
8.31 0 -0.00655284 -0.00938797 -0.00726007
8.32 0 -0.00581289 -0.00779079 -0.00539502
8.33 0 -0.00479932 -0.00611931 -0.00399336
8.34 0 -0.00353459 -0.00444059 -0.00297823
8.35 0 -0.00208222 -0.00278712 -0.00223275
8.36 0 -0.000563222 -0.00117495 -0.0016372
8.37 0 0.000887959 0.000398101 -0.00106056
8.38 0 0.00216621 0.0019344 -0.000361749
8.39 0 0.00319823 0.00339841 0.000575542
8.4 0 0.00392915 0.00470381 0.00180813
8.41 0 0.0043264 0.0057536 0.00333331
8.42 0 0.00438215 0.00648233 0.00509485
8.43 0 0.00412411 0.00688521 0.00699856
8.44 0 0.0036372 0.00703752 0.00894514
8.45 0 0.00303754 0.00705554 0.0108251
8.46 0 0.00243878 0.00704327 0.0125104
8.47 0 0.00196033 0.00708695 0.0138914
8.48 0 0.00172086 0.00725635 0.014903
8.49 0 0.0018016 0.00759082 0.0155171
8.5 0 0.00221816 0.00809205 0.015733
8.51 0 0.00292534 0.00873646 0.0155839
8.52 0 0.00384807 0.00949592 0.0151546
8.53 0 0.00489089 0.0103277 0.0145644
8.54 0 0.00591614 0.0111368 0.0139144
8.55 0 0.00675173 0.0117742 0.0132604
8.56 0 0.00724197 0.0120828 0.0126299
8.57 0 0.00728957 0.0119482 0.0120402
8.58 0 0.00686232 0.0113223 0.0114935
8.59 0 0.00597626 0.0102098 0.0109535
8.6 0 0.00469286 0.00865765 0.0103439
8.61 0 0.00313284 0.00676592 0.00958002
8.62 0 0.00146605 0.00467933 0.00858887
8.63 0 -0.000124177 0.00255567 0.00730898
8.64 0 -0.00147277 0.000545723 0.00569932
8.65 0 -0.00245459 -0.00121893 0.00375348
8.66 0 -0.00299838 -0.00264001 0.00150836
8.67 0 -0.00308287 -0.0036563 -0.000945144
8.68 0 -0.00272957 -0.00424146 -0.00345999
8.69 0 -0.00202267 -0.00442031 -0.00586587
8.7 0 -0.00111951 -0.00428277 -0.00800785
8.71 0 -0.000205794 -0.0039563 -0.00974606
8.72 0 0.000551796 -0.00357323 -0.0109558
8.73 0 0.0010279 -0.00325005 -0.0115451
8.74 0 0.00116022 -0.00305634 -0.0114595
8.75 0 0.000948918 -0.00300478 -0.0106944
8.76 0 0.00042066 -0.00308298 -0.00933065
8.77 0 -0.000388821 -0.00327893 -0.00754336
8.78 0 -0.00140079 -0.00356255 -0.0055478
8.79 0 -0.00246697 -0.00386373 -0.00353989
8.8 0 -0.00340119 -0.00408441 -0.00167998
8.81 0 -0.00403906 -0.00413001 -0.000102311
8.82 0 -0.00428073 -0.00394115 0.00107756
8.83 0 -0.00410189 -0.00350893 0.00177159
8.84 0 -0.00353984 -0.0028678 0.00194184
8.85 0 -0.00267883 -0.00208798 0.00161052
8.86 0 -0.00164416 -0.0012745 0.000847957
8.87 0 -0.000588845 -0.000554789 -0.000242226
8.88 0 0.000349696 -3.55055e-05 -0.00151596
8.89 0 0.00107112 0.000220695 -0.00280456
8.9 0 0.00148074 0.000166616 -0.00397763
8.91 0 0.00150147 -0.000223511 -0.00495727
8.92 0 0.00111862 -0.000924943 -0.00569292
8.93 0 0.000382514 -0.00187368 -0.00616621
8.94 0 -0.000607236 -0.00298362 -0.00639759
8.95 0 -0.00171937 -0.00415359 -0.00644036
8.96 0 -0.00281756 -0.00527932 -0.0063751
8.97 0 -0.00378347 -0.00626388 -0.00629681
8.98 0 -0.00452295 -0.00702328 -0.00629115
8.99 0 -0.00496692 -0.00749997 -0.00641773
9 0 -0.00507499 -0.00767345 -0.006702
9.01 0 -0.00483261 -0.00754852 -0.00712306
9.02 0 -0.00425289 -0.00713891 -0.00761137
9.03 0 -0.0033905 -0.00646815 -0.00806871
9.04 0 -0.00234958 -0.00558031 -0.00839445
9.05 0 -0.00126706 -0.00454158 -0.0084969
9.06 0 -0.00026825 -0.00342286 -0.00828397
9.07 0 0.000569583 -0.00228213 -0.00765989
9.08 0 0.00120495 -0.00117253 -0.00655822
9.09 0 0.00160601 -0.000150812 -0.00497741
9.1 0 0.00175609 0.000741384 -0.00297819
9.11 0 0.00167038 0.00149524 -0.000664727
9.12 0 0.00140748 0.00213946 0.00183672
9.13 0 0.00105762 0.00272358 0.00438581
9.14 0 0.000709475 0.00328468 0.00682204
9.15 0 0.000439816 0.00384037 0.00898305
9.16 0 0.000311012 0.00439325 0.0107291
9.17 0 0.00036221 0.00493193 0.0119561
9.18 0 0.000621663 0.00545507 0.0126246
9.19 0 0.00111264 0.00598882 0.0127738
9.2 0 0.00182485 0.00656281 0.0124943
9.21 0 0.00269708 0.00718327 0.0118985
9.22 0 0.00363631 0.00782994 0.0111162
9.23 0 0.00453678 0.00845044 0.0102795
9.24 0 0.00528363 0.00895339 0.00949461
9.25 0 0.00576598 0.00923059 0.00883145
9.26 0 0.00590902 0.00920437 0.00833705
9.27 0 0.00570254 0.00886666 0.00805125
9.28 0 0.00517743 0.00825766 0.00797823
9.29 0 0.00436022 0.00741096 0.00804326
9.3 0 0.00328475 0.00634778 0.00811324
9.31 0 0.00203137 0.00510094 0.00805044
9.32 0 0.000745617 0.00373923 0.00775672
9.33 0 -0.000393533 0.00237049 0.00718228
9.34 0 -0.00125402 0.00109844 0.00628684
9.35 0 -0.00178724 -4.98641e-06 0.00502941
9.36 0 -0.00199249 -0.000884869 0.00341179
9.37 0 -0.00188842 -0.0015035 0.00150323
9.38 0 -0.00151314 -0.00185678 -0.000570025
9.39 0 -0.000929219 -0.00197849 -0.00264617
9.4 0 -0.000244189 -0.00195046 -0.0045722
9.41 0 0.000383632 -0.00190135 -0.00624179
9.42 0 0.000786621 -0.00196965 -0.00759183
9.43 0 0.000835333 -0.00226717 -0.00859113
9.44 0 0.000467153 -0.00285921 -0.00923794
9.45 0 -0.00030857 -0.00376047 -0.00956577
9.46 0 -0.00142985 -0.00494706 -0.00965659
9.47 0 -0.00279263 -0.00635657 -0.00963009
9.48 0 -0.00424812 -0.00787169 -0.00960484
9.49 0 -0.00562096 -0.00932995 -0.00967398
9.5 0 -0.00676175 -0.0105846 -0.00992233
9.51 0 -0.00758818 -0.0115581 -0.0104381
9.52 0 -0.00806723 -0.0122382 -0.0112794
9.53 0 -0.00818148 -0.0126551 -0.0124419
9.54 0 -0.00793196 -0.0128604 -0.0138615
9.55 0 -0.00736856 -0.0129119 -0.015441
9.56 0 -0.00660681 -0.0128674 -0.0170779
9.57 0 -0.00580331 -0.0127753 -0.0186676
9.58 0 -0.00510942 -0.0126718 -0.0200962
9.59 0 -0.00462936 -0.012587 -0.0212398
9.6 0 -0.00440038 -0.0125447 -0.021977
9.61 0 -0.00440278 -0.0125557 -0.0222102
9.62 0 -0.00458285 -0.0126042 -0.0218834
9.63 0 -0.00488703 -0.012652 -0.0210063
9.64 0 -0.005287 -0.0126584 -0.0196707
9.65 0 -0.00575877 -0.0125831 -0.0180216
9.66 0 -0.0062333 -0.0123684 -0.0161941
9.67 0 -0.00657496 -0.0119289 -0.0142676
9.68 0 -0.0066336 -0.0111856 -0.0122865
9.69 0 -0.00632226 -0.0101118 -0.0103074
9.7 0 -0.0056403 -0.00873371 -0.00840155
9.71 0 -0.00464351 -0.00709763 -0.00661924
9.72 0 -0.00340674 -0.0052484 -0.00496035
9.73 0 -0.00201063 -0.0032371 -0.00337935
9.74 0 -0.000539566 -0.00112874 -0.00180265
9.75 0 0.000929443 0.0010124 -0.000136238
9.76 0 0.00233212 0.00313387 0.00171803
9.77 0 0.00361208 0.00519434 0.00383639
9.78 0 0.00471736 0.00715922 0.00625183
9.79 0 0.00560339 0.00899899 0.00894619
9.8 0 0.00624301 0.010693 0.0118583
9.81 0 0.00664052 0.0122326 0.0148997
9.82 0 0.00686391 0.0136469 0.0179953
9.83 0 0.00704776 0.0150163 0.0211049
9.84 0 0.00730479 0.0164061 0.0241625
9.85 0 0.00766113 0.0178148 0.0270364
9.86 0 0.00810266 0.0192123 0.02959
9.87 0 0.00863467 0.0205842 0.0317469
9.88 0 0.00928661 0.0219312 0.0334966
9.89 0 0.0100631 0.0232262 0.0348427
9.9 0 0.0108982 0.0243792 0.0357532
9.91 0 0.0117053 0.0252933 0.0362028
9.92 0 0.0124477 0.025943 0.0362385
9.93 0 0.0131157 0.0263558 0.0359509
9.94 0 0.0136737 0.0265561 0.0354146
9.95 0 0.0140456 0.0265328 0.0346626
9.96 0 0.0141463 0.0262476 0.0337056
9.97 0 0.0139342 0.025669 0.0325703
9.98 0 0.0134213 0.0247781 0.0312975
9.99 0 0.0126542 0.0235679 0.0299188
10 0 0.0116931 0.0220567 0.0284444
10.01 0 0.010593 0.0202962 0.0268583
10.02 0 0.00938987 0.018357 0.0251145
10.03 0 0.00810111 0.0163014 0.0231452
10.04 0 0.00674662 0.0141687 0.020887
10.05 0 0.00536418 0.0119705 0.0183008
10.06 0 0.00400395 0.00968707 0.0153713
10.07 0 0.00270991 0.00728295 0.0120985
10.08 0 0.00152369 0.00476001 0.00851761
10.09 0 0.000493108 0.00219535 0.00471652
10.1 0 -0.000383502 -0.000319656 0.000779483
10.11 0 -0.00117891 -0.00273818 -0.00324429
10.12 0 -0.00194494 -0.00501924 -0.00726845
10.13 0 -0.00267641 -0.00712333 -0.0111513
10.14 0 -0.00337258 -0.00906481 -0.0147662
10.15 0 -0.00403862 -0.0108784 -0.0180068
10.16 0 -0.00466373 -0.0125588 -0.020768
10.17 0 -0.00526175 -0.0140809 -0.0229896
10.18 0 -0.0058806 -0.0154235 -0.0246743
10.19 0 -0.00655568 -0.016565 -0.0258526
10.2 0 -0.00727228 -0.0174809 -0.0265501
10.21 0 -0.00795963 -0.0181411 -0.0267757
10.22 0 -0.00852555 -0.018517 -0.0265393
10.23 0 -0.00890347 -0.0185933 -0.0258795
10.24 0 -0.00906456 -0.0183682 -0.0248662
10.25 0 -0.00900122 -0.0178429 -0.0235803
10.26 0 -0.0087314 -0.0170378 -0.0221119
10.27 0 -0.00830335 -0.0160085 -0.0205606
10.28 0 -0.00775168 -0.0148127 -0.0189916
10.29 0 -0.00707231 -0.0134831 -0.0174107
10.3 0 -0.00626697 -0.0120533 -0.0158055
10.31 0 -0.00538174 -0.0105754 -0.014182
10.32 0 -0.00449525 -0.00910957 -0.0125629
10.33 0 -0.00369437 -0.00772003 -0.0109792
10.34 0 -0.00304262 -0.00646476 -0.00945569
10.35 0 -0.00253162 -0.00535311 -0.00797066
10.36 0 -0.00208435 -0.00433165 -0.00645604
10.37 0 -0.00165178 -0.00335563 -0.00488264
10.38 0 -0.00127271 -0.00244422 -0.00331415
10.39 0 -0.000993463 -0.00162424 -0.00183168
10.4 0 -0.000786738 -0.000872698 -0.000456487
10.41 0 -0.000579873 -0.00014437 0.000828376
10.42 0 -0.000314514 0.000588826 0.00203215
10.43 0 2.34788e-05 0.00132718 0.00313808
10.44 0 0.000405122 0.00204767 0.00410811
10.45 0 0.000780369 0.00271368 0.00490046
10.46 0 0.00111764 0.00329881 0.00550151
10.47 0 0.00143496 0.00381449 0.00595273
10.48 0 0.00176697 0.00428907 0.00631911
10.49 0 0.00211133 0.00472839 0.00663776
10.5 0 0.00243229 0.00512032 0.00691821
10.51 0 0.00269221 0.00545394 0.00716568
10.52 0 0.00285946 0.00571238 0.00738013
10.53 0 0.00291691 0.00587305 0.0075582
10.54 0 0.00288853 0.00593886 0.0077187
10.55 0 0.00283158 0.00594734 0.00790019
10.56 0 0.00278588 0.00593798 0.0081196
10.57 0 0.0027456 0.00592588 0.00834958
10.58 0 0.00268474 0.00590935 0.00854273
10.59 0 0.00258748 0.00587763 0.00865791
10.6 0 0.00244536 0.00579769 0.00865585
10.61 0 0.00224624 0.00561003 0.00848985
10.62 0 0.00197129 0.00524362 0.0081059
10.63 0 0.00159754 0.00463631 0.00744764
10.64 0 0.00113092 0.00377932 0.00649148
10.65 0 0.000629366 0.00274533 0.00527432
10.66 0 0.000131336 0.00161369 0.00382826
10.67 0 -0.000390997 0.000403879 0.00213444
10.68 0 -0.000955029 -0.000875352 0.000193876
10.69 0 -0.00152409 -0.00219255 -0.00193192
10.7 0 -0.00206029 -0.00352995 -0.00416998
10.71 0 -0.00256471 -0.00489814 -0.00647184
10.72 0 -0.00306882 -0.00631282 -0.00880614
10.73 0 -0.00361668 -0.00778159 -0.0111491
10.74 0 -0.00423881 -0.00929608 -0.0134703
10.75 0 -0.0049237 -0.0108189 -0.015713
10.76 0 -0.00562588 -0.0122934 -0.0178039
10.77 0 -0.00629053 -0.0136591 -0.0196729
10.78 0 -0.00686283 -0.0148486 -0.0212561
10.79 0 -0.00729145 -0.0157854 -0.0224927
10.8 0 -0.00755036 -0.0164099 -0.0233435
10.81 0 -0.00766911 -0.0167238 -0.0238236
10.82 0 -0.0077185 -0.0167936 -0.0239943
10.83 0 -0.00775204 -0.0167021 -0.0239124
10.84 0 -0.00775584 -0.0164898 -0.0235822
10.85 0 -0.00767286 -0.0161498 -0.0229744
10.86 0 -0.00748366 -0.0156795 -0.0220978
10.87 0 -0.00722839 -0.0150979 -0.0210168
10.88 0 -0.0069621 -0.0144256 -0.0198108
10.89 0 -0.00669792 -0.0136619 -0.0185249
10.9 0 -0.00638899 -0.0127803 -0.0171517
10.91 0 -0.00599134 -0.0117777 -0.0156862
10.92 0 -0.00551553 -0.0107026 -0.0141681
10.93 0 -0.00500572 -0.00962044 -0.0126583
10.94 0 -0.00449176 -0.00856624 -0.0111937
10.95 0 -0.00395929 -0.00751883 -0.00976045
10.96 0 -0.0033937 -0.00644845 -0.00833805
10.97 0 -0.00283334 -0.00537799 -0.00695397
10.98 0 -0.00233872 -0.0043668 -0.00565975
10.99 0 -0.00191726 -0.00344273 -0.00446187
11 0 -0.00150208 -0.00256621 -0.00329757
11.01 0 -0.00104151 -0.00169286 -0.0021143
11.02 0 -0.000563178 -0.000828098 -0.000929501
11.03 0 -0.000121104 8.06747e-06 0.00021632
11.04 0 0.000267455 0.000817941 0.00131363
11.05 0 0.00063373 0.00162698 0.00239252
11.06 0 0.00102503 0.00246228 0.00349508
11.07 0 0.0014546 0.00332164 0.00463237
11.08 0 0.00188492 0.00416578 0.00576948
11.09 0 0.00227457 0.00495911 0.00686807
11.1 0 0.00263209 0.00571428 0.00793555
11.11 0 0.00298938 0.00646463 0.00899929
11.12 0 0.00333518 0.00719949 0.0100423
11.13 0 0.00361756 0.00786183 0.0110039
11.14 0 0.00380983 0.00840713 0.0118411
11.15 0 0.00394099 0.00883761 0.0125587
11.16 0 0.00406071 0.00918329 0.0131809
11.17 0 0.00420627 0.00948406 0.0137264
11.18 0 0.00439524 0.00978386 0.0142067
11.19 0 0.00462748 0.0101193 0.0146283
11.2 0 0.00489866 0.0105145 0.0150035
11.21 0 0.00520422 0.0109725 0.0153517
11.22 0 0.00552226 0.011458 0.0156793
11.23 0 0.00580619 0.0118984 0.0159686
11.24 0 0.00600886 0.0122198 0.0161973
11.25 0 0.00611616 0.0123914 0.0163678
11.26 0 0.00614399 0.012432 0.0165029
11.27 0 0.00609068 0.0123611 0.0165978
11.28 0 0.00591392 0.0121587 0.0165937
11.29 0 0.00556714 0.0117772 0.0164072
11.3 0 0.00505999 0.0111886 0.0159883
11.31 0 0.00448648 0.0104308 0.0153581
11.32 0 0.00395978 0.00958037 0.0145638
11.33 0 0.00351468 0.00868236 0.0135995
11.34 0 0.00311634 0.00774954 0.0124197
11.35 0 0.00274869 0.0068162 0.011021
11.36 0 0.00243756 0.00593482 0.00946024
11.37 0 0.00220864 0.00513223 0.00781289
11.38 0 0.00204046 0.0043765 0.00612568
11.39 0 0.00184873 0.00357343 0.00439406
11.4 0 0.00155409 0.00263771 0.00261599
11.41 0 0.00114615 0.0015598 0.000843464
11.42 0 0.000655269 0.000385536 -0.000850277
11.43 0 0.000106923 -0.000826021 -0.00241609
11.44 0 -0.000493989 -0.00202881 -0.00384477
11.45 0 -0.00115682 -0.00320501 -0.005163
11.46 0 -0.00187355 -0.00435134 -0.00640263
11.47 0 -0.00258132 -0.00543953 -0.00755727
11.48 0 -0.00316364 -0.00639017 -0.00856711
11.49 0 -0.00351687 -0.00710419 -0.00936433
11.5 0 -0.00363603 -0.0075382 -0.00994715
11.51 0 -0.00362477 -0.00774236 -0.0103957
11.52 0 -0.00359587 -0.00780602 -0.0107899
11.53 0 -0.00357123 -0.00778151 -0.0111243
11.54 0 -0.00348657 -0.00766678 -0.0113138
11.55 0 -0.00326672 -0.00742806 -0.0112568
11.56 0 -0.00291625 -0.00705137 -0.0109166
11.57 0 -0.00255799 -0.00659204 -0.0103667
11.58 0 -0.00235564 -0.00615634 -0.0097382
11.59 0 -0.00237582 -0.00582173 -0.00910916
11.6 0 -0.00252484 -0.00557595 -0.00844507
11.61 0 -0.00264101 -0.0053506 -0.00766842
11.62 0 -0.00262905 -0.00508686 -0.0067614
11.63 0 -0.00249217 -0.00474582 -0.00577984
11.64 0 -0.00225701 -0.00426921 -0.00477834
11.65 0 -0.00193516 -0.0036002 -0.00378036
11.66 0 -0.00156436 -0.00276924 -0.00282747
11.67 0 -0.00116915 -0.00186262 -0.00194449
11.68 0 -0.000711436 -0.000936193 -0.0010861
11.69 0 -0.00016543 -2.89086e-05 -0.000201395
11.7 0 0.000405466 0.000799752 0.000692704
11.71 0 0.000872285 0.0014793 0.00152129
11.72 0 0.00113524 0.00197051 0.00222181
11.73 0 0.00120319 0.00229991 0.00280605
11.74 0 0.00115408 0.00251523 0.00332104
11.75 0 0.00103319 0.00261048 0.00376018
11.76 0 0.000828907 0.00252986 0.00405086
11.77 0 0.000510616 0.00221659 0.00409742
11.78 0 8.33409e-05 0.00166439 0.00383772
11.79 0 -0.000379161 0.000947892 0.00328284
11.8 0 -0.000775222 0.0001861 0.00248984
11.81 0 -0.00103944 -0.000519258 0.00151163
11.82 0 -0.00117378 -0.00112501 0.000371752
11.83 0 -0.00120807 -0.00162642 -0.000900403
11.84 0 -0.00112815 -0.00199457 -0.00220459
11.85 0 -0.000886328 -0.00217288 -0.00338247
11.86 0 -0.000482848 -0.00213474 -0.00430018
11.87 0 -5.59482e-06 -0.00191798 -0.004899
11.88 0 0.000422916 -0.00159377 -0.00516596
11.89 0 0.000709573 -0.00123259 -0.00509655
11.9 0 0.00081599 -0.000892321 -0.00468796
11.91 0 0.000755407 -0.000609338 -0.00394709
11.92 0 0.000557509 -0.000407366 -0.00291943
11.93 0 0.000243114 -0.000302327 -0.00170303
11.94 0 -0.000169217 -0.000294238 -0.000430378
11.95 0 -0.0006414 -0.000359188 0.000765484
11.96 0 -0.00110862 -0.000456592 0.00177362
11.97 0 -0.00150809 -0.000562398 0.00249552
11.98 0 -0.00179998 -0.000683823 0.00284312
11.99 0 -0.00194442 -0.000822511 0.00277752
12 0 -0.00189312 -0.000947164 0.00233001
12.01 0 -0.00164501 -0.00103515 0.00155302
12.02 0 -0.00127885 -0.00111137 0.000481217
12.03 0 -0.000910462 -0.00123336 -0.00084713
12.04 0 -0.00064565 -0.00147368 -0.0023716
12.05 0 -0.000546267 -0.00189483 -0.00400044
12.06 0 -0.000625741 -0.00252719 -0.00562124
12.07 0 -0.000893727 -0.00338527 -0.00715293
12.08 0 -0.00137653 -0.00447368 -0.00857232
12.09 0 -0.00208867 -0.00576891 -0.00989256
12.1 0 -0.00300013 -0.00720989 -0.0111334
12.11 0 -0.0040299 -0.00870591 -0.0123059
12.12 0 -0.00506854 -0.0101574 -0.0134151
12.13 0 -0.00600072 -0.0114698 -0.0144614
12.14 0 -0.0067323 -0.0125665 -0.0154467
12.15 0 -0.00721597 -0.0134055 -0.016383
12.16 0 -0.00744396 -0.0139725 -0.0172787
12.17 0 -0.00743257 -0.0142734 -0.018124
12.18 0 -0.00721062 -0.0143255 -0.0188832
12.19 0 -0.00679143 -0.0141252 -0.0194716
12.2 0 -0.00617849 -0.0136459 -0.019768
12.21 0 -0.00543168 -0.0129025 -0.0196916
12.22 0 -0.00468581 -0.0119863 -0.0192413
12.23 0 -0.00407989 -0.0110221 -0.0184527
12.24 0 -0.0036637 -0.0100883 -0.0173266
12.25 0 -0.00336354 -0.00916314 -0.0157988
12.26 0 -0.00307342 -0.00817373 -0.0138169
12.27 0 -0.00275792 -0.00707485 -0.0114276
12.28 0 -0.00244242 -0.0058554 -0.00875857
12.29 0 -0.00214377 -0.00451315 -0.00594906
12.3 0 -0.00182131 -0.00303964 -0.00309711
12.31 0 -0.00139914 -0.00143846 -0.000267015
12.32 0 -0.000830737 0.000245372 0.00246779
12.33 0 -9.26254e-05 0.00197192 0.00504995
12.34 0 0.000853834 0.00377068 0.00748861
12.35 0 0.00201026 0.00569038 0.00981133
12.36 0 0.00329915 0.0077284 0.0120135
12.37 0 0.00461989 0.00983686 0.0140911
12.38 0 0.00590335 0.011943 0.0160706
12.39 0 0.00712613 0.0139759 0.0180132
12.4 0 0.00830587 0.0158989 0.0200051
12.41 0 0.00946419 0.0177115 0.0221172
12.42 0 0.0105725 0.0194202 0.0243545
12.43 0 0.0115421 0.0210139 0.0266453
12.44 0 0.0122893 0.0224798 0.0288967
12.45 0 0.0128136 0.0238353 0.0310664
12.46 0 0.0132059 0.0251244 0.0331735
12.47 0 0.013562 0.026358 0.0352266
12.48 0 0.013899 0.0274717 0.0371567
12.49 0 0.0142036 0.028403 0.0388741
12.5 0 0.0145049 0.0291741 0.0403461
12.51 0 0.0148294 0.0298389 0.0415566
12.52 0 0.0151618 0.030423 0.0424669
12.53 0 0.0154899 0.0309425 0.0430597
12.54 0 0.0158176 0.0314012 0.043349
12.55 0 0.0161338 0.0317628 0.043349
12.56 0 0.0164101 0.0319662 0.043071
12.57 0 0.0166091 0.0319538 0.0425292
12.58 0 0.0166828 0.0316825 0.0417349
12.59 0 0.0165753 0.0311263 0.0406918
12.6 0 0.016234 0.030269 0.0393955
12.61 0 0.0156245 0.0290937 0.037834
12.62 0 0.0147512 0.0275907 0.0360018
12.63 0 0.0136663 0.0257774 0.0339128
12.64 0 0.0124361 0.023689 0.0315791
12.65 0 0.011101 0.0213609 0.0289846
12.66 0 0.00967646 0.0188312 0.0260943
12.67 0 0.00816822 0.0161391 0.022874
12.68 0 0.0065945 0.0133236 0.0193144
12.69 0 0.00500609 0.0104338 0.0154555
12.7 0 0.00346004 0.00750192 0.0113589
12.71 0 0.00196674 0.0045009 0.00705083
12.72 0 0.000485321 0.00136848 0.00252255
12.73 0 -0.00100862 -0.00190983 -0.00220295
12.74 0 -0.00247522 -0.00525273 -0.00702718
12.75 0 -0.00386135 -0.00853515 -0.0118245
12.76 0 -0.00517182 -0.0116734 -0.0165125
12.77 0 -0.00647389 -0.0146607 -0.0210643
12.78 0 -0.00783271 -0.0175388 -0.0254612
12.79 0 -0.00923563 -0.0203245 -0.0296268
12.8 0 -0.0106125 -0.0229858 -0.033442
12.81 0 -0.0119429 -0.0255098 -0.0368462
12.82 0 -0.0132822 -0.0279288 -0.0398688
12.83 0 -0.0146809 -0.0302599 -0.0425569
12.84 0 -0.0161301 -0.0324731 -0.0449253
12.85 0 -0.0175734 -0.0345158 -0.0469669
12.86 0 -0.0189324 -0.0363366 -0.0486721
12.87 0 -0.0201316 -0.0378956 -0.0500419
12.88 0 -0.021119 -0.0391707 -0.0510988
12.89 0 -0.0218657 -0.0401479 -0.0518777
12.9 0 -0.0223561 -0.0408121 -0.0524101
12.91 0 -0.0225876 -0.0411533 -0.0527216
12.92 0 -0.0225654 -0.0411702 -0.0528253
12.93 0 -0.0222942 -0.0408616 -0.0527104
12.94 0 -0.021787 -0.0402299 -0.0523475
12.95 0 -0.0210926 -0.039307 -0.0517193
12.96 0 -0.0202947 -0.038163 -0.0508309
12.97 0 -0.0194822 -0.0368863 -0.0496952
12.98 0 -0.0187326 -0.035572 -0.0483308
12.99 0 -0.0181013 -0.0343056 -0.0467619
13 0 -0.0176076 -0.0331371 -0.0450094
13.01 0 -0.0172403 -0.0320742 -0.0430954
13.02 0 -0.0169768 -0.0310965 -0.041059
13.03 0 -0.0167967 -0.0301758 -0.0389641
13.04 0 -0.0166862 -0.0292972 -0.0368996
13.05 0 -0.016627 -0.0284646 -0.0349631
13.06 0 -0.0165534 -0.0276611 -0.0332079
13.07 0 -0.0163399 -0.0268155 -0.0316128
13.08 0 -0.0158937 -0.0258601 -0.0301506
13.09 0 -0.0152236 -0.0247832 -0.0288419
13.1 0 -0.0143971 -0.0236032 -0.0277147
13.11 0 -0.0134684 -0.0223306 -0.0267472
13.12 0 -0.0124521 -0.0209627 -0.0258558
13.13 0 -0.011369 -0.019525 -0.0249506
13.14 0 -0.0102814 -0.0180915 -0.023982
13.15 0 -0.00926982 -0.0167455 -0.0229278
13.16 0 -0.00840279 -0.015543 -0.0217748
13.17 0 -0.00771594 -0.0144934 -0.0205069
13.18 0 -0.00720812 -0.0135628 -0.0191062
13.19 0 -0.00685482 -0.0126997 -0.0175667
13.2 0 -0.00661528 -0.0118544 -0.0158992
13.21 0 -0.00642916 -0.0109822 -0.0141204
13.22 0 -0.00621132 -0.010032 -0.0122372
13.23 0 -0.00585996 -0.00893932 -0.0102407
13.24 0 -0.00527805 -0.00762909 -0.008112
13.25 0 -0.00439389 -0.00602594 -0.00583073
13.26 0 -0.00318585 -0.00408232 -0.00339269
13.27 0 -0.00169825 -0.00179879 -0.000816866
13.28 0 -1.60984e-05 0.000790191 0.00188333
13.29 0 0.00177065 0.00362705 0.00472274
13.3 0 0.0035752 0.00662283 0.00773306
13.31 0 0.00531386 0.00965118 0.0109361
13.32 0 0.00691889 0.0125755 0.0143338
13.33 0 0.00836151 0.0153078 0.0179228
13.34 0 0.00965175 0.0178356 0.0216909
13.35 0 0.010811 0.0202034 0.0255951
13.36 0 0.0118572 0.0224875 0.0295604
13.37 0 0.0128143 0.0247679 0.0334999
13.38 0 0.0137267 0.027099 0.0373371
13.39 0 0.0146663 0.0294975 0.0410242
13.4 0 0.0157238 0.031953 0.0445454
13.41 0 0.0169541 0.03442 0.0478766
13.42 0 0.0183109 0.0367948 0.0509286
13.43 0 0.0196835 0.0389652 0.0535848
13.44 0 0.0209948 0.040892 0.055791
13.45 0 0.0222166 0.0425964 0.0575618
13.46 0 0.0233202 0.0440873 0.0589233
13.47 0 0.0242444 0.0453137 0.0598731
13.48 0 0.024918 0.0461867 0.0603965
13.49 0 0.025311 0.0466439 0.0605117
13.5 0 0.0254335 0.0466716 0.0602679
13.51 0 0.0252915 0.0462773 0.0596989
13.52 0 0.0248646 0.0454638 0.0587949
13.53 0 0.0241239 0.0442246 0.0575107
13.54 0 0.0230632 0.0425531 0.0557924
13.55 0 0.0217285 0.0404675 0.0536115
13.56 0 0.0202206 0.0380294 0.0509806
13.57 0 0.0186416 0.0353178 0.0479208
13.58 0 0.0170417 0.0323921 0.0444247
13.59 0 0.0154257 0.029292 0.0404709
13.6 0 0.0138105 0.0260745 0.0360827
13.61 0 0.0122431 0.0228155 0.0313457
13.62 0 0.0107358 0.0195464 0.0263457
13.63 0 0.00926158 0.0162568 0.0211602
13.64 0 0.00781445 0.0129603 0.0159091
13.65 0 0.00639058 0.0096835 0.0107249
13.66 0 0.00494207 0.00642397 0.00569612
13.67 0 0.00340049 0.00316613 0.000877008
13.68 0 0.00171893 -0.000101773 -0.00369141
13.69 0 -0.000107822 -0.00339115 -0.00798246
13.7 0 -0.00203734 -0.00670107 -0.0119819
13.71 0 -0.00399409 -0.0100026 -0.01569
13.72 0 -0.00589847 -0.0132278 -0.0191239
13.73 0 -0.00768612 -0.0162739 -0.0223095
13.74 0 -0.00931208 -0.0190292 -0.0252704
13.75 0 -0.0107437 -0.0214034 -0.0280143
13.76 0 -0.0119411 -0.0233453 -0.03052
13.77 0 -0.0128464 -0.0248463 -0.0327349
13.78 0 -0.0133978 -0.0259211 -0.0345848
13.79 0 -0.0135621 -0.0265887 -0.0359982
13.8 0 -0.0133689 -0.0268642 -0.0369344
13.81 0 -0.0129103 -0.026753 -0.0373834
13.82 0 -0.0123031 -0.0262571 -0.037345
13.83 0 -0.0116478 -0.0253993 -0.0368143
13.84 0 -0.0110035 -0.0242389 -0.0357788
13.85 0 -0.0103856 -0.0228634 -0.0342245
13.86 0 -0.00978901 -0.0213681 -0.0321572
13.87 0 -0.00922265 -0.0198379 -0.0296293
13.88 0 -0.00872202 -0.0183328 -0.026748
13.89 0 -0.00832634 -0.0168753 -0.0236539
13.9 0 -0.00804448 -0.0154543 -0.0204915
13.91 0 -0.00784761 -0.0140574 -0.0173976
13.92 0 -0.00768292 -0.0126987 -0.0145
13.93 0 -0.00747925 -0.0114065 -0.011902
13.94 0 -0.00716094 -0.0101976 -0.00967143
13.95 0 -0.00668152 -0.00907226 -0.00785354
13.96 0 -0.00604271 -0.00801895 -0.00647823
13.97 0 -0.00528582 -0.00702237 -0.0055532
13.98 0 -0.00447305 -0.00608067 -0.00505745
13.99 0 -0.00367178 -0.0052194 -0.0049402
14 0 -0.0029448 -0.00449231 -0.00512644
14.01 0 -0.00234573 -0.00396858 -0.00552867
14.02 0 -0.00191806 -0.00370844 -0.00605957
14.03 0 -0.0016961 -0.00373997 -0.00664357
14.04 0 -0.00170723 -0.00405303 -0.00722885
14.05 0 -0.00196665 -0.00460827 -0.00779204
14.06 0 -0.00247172 -0.00536083 -0.00834128
14.07 0 -0.00320186 -0.00628618 -0.00891858
14.08 0 -0.0041093 -0.00737686 -0.00958327
14.09 0 -0.00510637 -0.00861069 -0.0103812
14.1 0 -0.00608045 -0.00992751 -0.0113314
14.11 0 -0.00694134 -0.0112472 -0.0124474
14.12 0 -0.00764938 -0.0125011 -0.0137532
14.13 0 -0.00819259 -0.0136351 -0.0152585
14.14 0 -0.0085448 -0.0145925 -0.016918
14.15 0 -0.00865465 -0.0153098 -0.0186204
14.16 0 -0.00848841 -0.0157431 -0.0202289
14.17 0 -0.00807475 -0.0158912 -0.0216275
14.18 0 -0.007492 -0.0157786 -0.0227201
14.19 0 -0.0068242 -0.0154256 -0.0234104
14.2 0 -0.00613949 -0.0148468 -0.0236042
14.21 0 -0.00549878 -0.0140703 -0.0232355
14.22 0 -0.00495794 -0.0131433 -0.0222795
14.23 0 -0.00453798 -0.0121038 -0.0207332
14.24 0 -0.00420595 -0.0109512 -0.0185988
14.25 0 -0.00389752 -0.00965246 -0.0159013
14.26 0 -0.00354134 -0.00815329 -0.0126993
14.27 0 -0.00306181 -0.00638147 -0.00906997
14.28 0 -0.00238181 -0.00426112 -0.0050938
14.29 0 -0.00144974 -0.00175422 -0.000864736
14.3 0 -0.000262827 0.00110633 0.00349963
14.31 0 0.00114778 0.00423413 0.00788367
14.32 0 0.00272405 0.00750732 0.0121852
14.33 0 0.00438791 0.0107869 0.0163176
14.34 0 0.00607835 0.0139618 0.0202349
14.35 0 0.00774432 0.0169512 0.0239127
14.36 0 0.00931297 0.0196761 0.0273059
14.37 0 0.0107045 0.0220627 0.0303499
14.38 0 0.0118456 0.0240495 0.0329709
14.39 0 0.0126825 0.025597 0.0351043
14.4 0 0.0132219 0.0267159 0.0367369
14.41 0 0.0135237 0.0274557 0.0379002
14.42 0 0.0136366 0.0278479 0.0386122
14.43 0 0.0135798 0.0278967 0.0388631
14.44 0 0.0133759 0.0276151 0.0386499
14.45 0 0.0130653 0.0270422 0.0379941
14.46 0 0.0126861 0.0262278 0.0369265
14.47 0 0.0122502 0.0252069 0.035467
14.48 0 0.0117503 0.0239977 0.0336312
14.49 0 0.0111866 0.0226195 0.0314549
14.5 0 0.0105698 0.0210942 0.0289963
14.51 0 0.00990106 0.0194335 0.0263145
14.52 0 0.00916213 0.0176331 0.0234557
14.53 0 0.00833123 0.0156901 0.0204631
14.54 0 0.00740382 0.0136216 0.017391
14.55 0 0.0063913 0.0114629 0.0143002
14.56 0 0.00531273 0.00925671 0.0112471
14.57 0 0.00419646 0.0070495 0.00828191
14.58 0 0.00308185 0.0048888 0.00544885
14.59 0 0.00201195 0.0028235 0.00278499
14.6 0 0.00102894 0.000907821 0.000324441
14.61 0 0.000175719 -0.000798283 -0.00189634
14.62 0 -0.00051343 -0.00224255 -0.00384486
14.63 0 -0.00103075 -0.00339907 -0.00550536
14.64 0 -0.00139361 -0.00427163 -0.00687642
14.65 0 -0.00162223 -0.0048779 -0.00795245
14.66 0 -0.00172471 -0.00523394 -0.00871231
14.67 0 -0.00171082 -0.00535966 -0.00913524
14.68 0 -0.00161277 -0.00529118 -0.00922407
14.69 0 -0.00147564 -0.00507115 -0.00900122
14.7 0 -0.00132686 -0.00472499 -0.00848518
14.71 0 -0.00116803 -0.0042583 -0.00768668
14.72 0 -0.001 -0.00368301 -0.00663387
14.73 0 -0.000833405 -0.00302785 -0.00538143
14.74 0 -0.000676455 -0.00232634 -0.00399611
14.75 0 -0.00053208 -0.0016126 -0.00255053
14.76 0 -0.000392722 -0.000912059 -0.00111266
14.77 0 -0.000232543 -0.000226879 0.000269511
14.78 0 -2.45753e-05 0.000453866 0.00155967
14.79 0 0.000238294 0.00113479 0.00271933
14.8 0 0.000552189 0.0018172 0.00371982
14.81 0 0.000919818 0.00250899 0.00456043
14.82 0 0.00134943 0.00322125 0.00526738
14.83 0 0.00184508 0.00396228 0.00588389
14.84 0 0.00240294 0.00473854 0.00646365
14.85 0 0.0030007 0.00554573 0.0070544
14.86 0 0.00358531 0.00635319 0.00767711
14.87 0 0.00408698 0.00710805 0.0083282
14.88 0 0.00444539 0.00775038 0.00899266
14.89 0 0.00463876 0.00823982 0.0096642
14.9 0 0.00469768 0.00858038 0.0103582
14.91 0 0.00465873 0.00879072 0.0110713
14.92 0 0.00451806 0.00886407 0.0117413
14.93 0 0.00425022 0.00877534 0.0122677
14.94 0 0.00383849 0.00849224 0.0125433
14.95 0 0.00330016 0.00799094 0.0124831
14.96 0 0.00270835 0.00728967 0.0120587
14.97 0 0.00216402 0.00644918 0.0112889
14.98 0 0.00173007 0.0055318 0.0101916
14.99 0 0.00138952 0.00456119 0.0087512
15 0 0.00108862 0.00353953 0.00695697
15.01 0 0.00080282 0.00248164 0.00485691
15.02 0 0.000512078 0.00137678 0.00252265
15.03 0 0.000176906 0.000172764 1.68884e-05
15.04 0 -0.000228131 -0.00117014 -0.00258141
15.05 0 -0.000724789 -0.00266823 -0.00519502
15.06 0 -0.00135886 -0.00433478 -0.00778552
15.07 0 -0.00217998 -0.00617383 -0.0103455
15.08 0 -0.00319422 -0.00815649 -0.0128619
15.09 0 -0.00433894 -0.0102085 -0.0152915
15.1 0 -0.00553141 -0.0122498 -0.0175972
15.11 0 -0.00672712 -0.0142402 -0.0197906
15.12 0 -0.00791142 -0.0161735 -0.0219163
15.13 0 -0.00907141 -0.0180466 -0.0240139
15.14 0 -0.0101824 -0.0198407 -0.0260947
15.15 0 -0.0112148 -0.0215346 -0.0281514
15.16 0 -0.0121552 -0.0231293 -0.0301828
15.17 0 -0.0130066 -0.0246421 -0.032193
15.18 0 -0.0137794 -0.0260919 -0.0341831
15.19 0 -0.0144826 -0.0274848 -0.0361421
15.2 0 -0.0151075 -0.0287978 -0.0380331
15.21 0 -0.0156311 -0.029983 -0.0397976
15.22 0 -0.0160302 -0.030985 -0.041371
15.23 0 -0.0162973 -0.0317637 -0.0427006
15.24 0 -0.0164426 -0.0323043 -0.0437503
15.25 0 -0.0164589 -0.0325856 -0.0444687
15.26 0 -0.0163072 -0.0325584 -0.0447724
15.27 0 -0.0159546 -0.0321717 -0.0445815
15.28 0 -0.0154255 -0.0314204 -0.0438702
15.29 0 -0.014806 -0.0303636 -0.0426794
15.3 0 -0.0141752 -0.0290794 -0.0410625
15.31 0 -0.0135494 -0.0276165 -0.039038
15.32 0 -0.0129014 -0.0259988 -0.0366085
15.33 0 -0.0122113 -0.0242504 -0.0338047
15.34 0 -0.0114845 -0.0223968 -0.0306965
15.35 0 -0.0107178 -0.0204334 -0.0273568
15.36 0 -0.00987909 -0.0183212 -0.0238392
15.37 0 -0.00893035 -0.0160257 -0.0201965
15.38 0 -0.00783685 -0.0135362 -0.0164796
15.39 0 -0.00656529 -0.0108604 -0.012724
15.4 0 -0.00510542 -0.00803071 -0.00896475
15.41 0 -0.00348868 -0.0051033 -0.00524775
15.42 0 -0.00177961 -0.0021348 -0.00161553
15.43 0 -5.17276e-05 0.00083327 0.00191167
15.44 0 0.001629 0.00376725 0.00533776
15.45 0 0.00320953 0.00662622 0.00868043
15.46 0 0.00466027 0.00936053 0.011964
15.47 0 0.00598013 0.0119253 0.0152137
15.48 0 0.00718166 0.0142953 0.0184425
15.49 0 0.00827706 0.0164747 0.0216428
15.5 0 0.00927402 0.0184894 0.0247814
15.51 0 0.0101623 0.0203567 0.027788
15.52 0 0.0109114 0.0220642 0.0305617
15.53 0 0.0115026 0.0235826 0.0330075
15.54 0 0.0119486 0.0248767 0.0350611
15.55 0 0.0122751 0.025901 0.0366767
15.56 0 0.0125059 0.0266112 0.03782
15.57 0 0.0126734 0.0270032 0.0384854
15.58 0 0.0128173 0.0271272 0.0387
15.59 0 0.0129457 0.0270438 0.0384874
15.6 0 0.0130307 0.0267935 0.0378582
15.61 0 0.0130491 0.026406 0.0368456
15.62 0 0.0129981 0.0258971 0.0355138
15.63 0 0.0128845 0.0252616 0.0339442
15.64 0 0.0127063 0.0244778 0.0322151
15.65 0 0.012436 0.0235134 0.0303807
15.66 0 0.0120286 0.0223447 0.0284718
15.67 0 0.0114395 0.0209651 0.026501
15.68 0 0.0106321 0.0193741 0.0244605
15.69 0 0.00958906 0.0175666 0.0223247
15.7 0 0.00831855 0.0155312 0.0200563
15.71 0 0.00684954 0.0132531 0.017609
15.72 0 0.00523335 0.0107346 0.014941
15.73 0 0.00355294 0.00801727 0.0120328
15.74 0 0.00189366 0.00516683 0.00887235
15.75 0 0.000305712 0.00224308 0.00543241
15.76 0 -0.00117859 -0.000692912 0.0016976
15.77 0 -0.00251821 -0.0035641 -0.00230015
15.78 0 -0.00367985 -0.00630172 -0.0064913
15.79 0 -0.00467208 -0.00888298 -0.0108015
15.8 0 -0.00554704 -0.0113354 -0.0151608
15.81 0 -0.00637267 -0.0137136 -0.0194929
15.82 0 -0.00721721 -0.01608 -0.0237182
15.83 0 -0.00814251 -0.0184885 -0.0277652
15.84 0 -0.00919943 -0.0209662 -0.0315763
15.85 0 -0.0104274 -0.0235067 -0.0351107
15.86 0 -0.0118417 -0.026075 -0.0383389
15.87 0 -0.0134239 -0.0286222 -0.0412404
15.88 0 -0.0151275 -0.0311035 -0.0438093
15.89 0 -0.0168851 -0.0334822 -0.0460546
15.9 0 -0.0186087 -0.0357165 -0.0479895
15.91 0 -0.0201978 -0.0377481 -0.0496251
15.92 0 -0.0215599 -0.0395077 -0.0509771
15.93 0 -0.0226349 -0.040935 -0.0520769
15.94 0 -0.0234015 -0.0419948 -0.0529704
15.95 0 -0.0238579 -0.0426744 -0.0536953
15.96 0 -0.0240052 -0.0429799 -0.0542644
15.97 0 -0.0238523 -0.0429369 -0.0546675
15.98 0 -0.0234303 -0.0425861 -0.0548819
15.99 0 -0.0227983 -0.0419751 -0.0548794
16 0 -0.0220262 -0.0411423 -0.0546198
16.01 0 -0.0211739 -0.0401092 -0.0540463
16.02 0 -0.0202889 -0.0388902 -0.053099
16.03 0 -0.0194057 -0.0375002 -0.0517264
16.04 0 -0.0185413 -0.0359517 -0.0498904
16.05 0 -0.0176965 -0.0342504 -0.0475708
16.06 0 -0.016859 -0.0323925 -0.0447694
16.07 0 -0.0160081 -0.0303644 -0.041511
16.08 0 -0.0151212 -0.0281508 -0.0378449
16.09 0 -0.0141714 -0.0257366 -0.0338371
16.1 0 -0.0131138 -0.0230982 -0.0295498
16.11 0 -0.0118825 -0.0202016 -0.0250302
16.12 0 -0.0104153 -0.0170228 -0.0203248
16.13 0 -0.00867783 -0.0135657 -0.0154885
16.14 0 -0.00666166 -0.00985445 -0.0105732
16.15 0 -0.00437778 -0.00592006 -0.00561751
16.16 0 -0.00186253 -0.00178938 -0.00064353
16.17 0 0.00081126 0.00252284 0.00434858
16.18 0 0.00353793 0.0070001 0.00938073
16.19 0 0.00622262 0.011598 0.0144976
16.2 0 0.00883129 0.0162351 0.0197632
16.21 0 0.0113773 0.020801 0.025226
16.22 0 0.0138577 0.0251859 0.0308711
16.23 0 0.0162268 0.0293315 0.0366192
16.24 0 0.0184215 0.0332525 0.0423611
16.25 0 0.0203866 0.0369969 0.0479791
16.26 0 0.0220968 0.0405931 0.0533637
16.27 0 0.0235766 0.0440237 0.0584317
16.28 0 0.0248956 0.0472333 0.0631295
16.29 0 0.0261423 0.05016 0.0674239
16.3 0 0.0273939 0.0527759 0.0712925
16.31 0 0.028698 0.0551104 0.0747196
16.32 0 0.0300633 0.0572403 0.0776925
16.33 0 0.0314702 0.059258 0.0802076
16.34 0 0.0328823 0.0612255 0.0822716
16.35 0 0.0342511 0.0631339 0.0838971
16.36 0 0.0355364 0.0649116 0.0851164
16.37 0 0.0367106 0.0664561 0.0859826
16.38 0 0.0377276 0.0676523 0.0865369
16.39 0 0.0384984 0.0683908 0.0867792
16.4 0 0.0389063 0.0685922 0.0866734
16.41 0 0.0388493 0.0682261 0.0861759
16.42 0 0.0382757 0.0672967 0.0852511
16.43 0 0.0371898 0.0657982 0.0838568
16.44 0 0.0356434 0.0637029 0.0819362
16.45 0 0.0337312 0.0609985 0.0794345
16.46 0 0.0315892 0.0577455 0.0763289
16.47 0 0.0293654 0.054091 0.0726317
16.48 0 0.0271601 0.0502074 0.0683511
16.49 0 0.0250097 0.0462333 0.0634827
16.5 0 0.0229313 0.0422602 0.0580498
16.51 0 0.0209512 0.0383267 0.0521291
16.52 0 0.0191017 0.0344239 0.0458438
16.53 0 0.0173964 0.0305128 0.0393393
16.54 0 0.0157956 0.0265391 0.0327464
16.55 0 0.0141974 0.0224557 0.0261629
16.56 0 0.0124653 0.0182422 0.0196609
16.57 0 0.0104624 0.0138964 0.0132906
16.58 0 0.00808399 0.00940924 0.00708491
16.59 0 0.00529833 0.00476771 0.00108085
16.6 0 0.00216967 -2.35507e-05 -0.00466337
16.61 0 -0.00114986 -0.00494255 -0.0100938
16.62 0 -0.00444641 -0.00994204 -0.015194
16.63 0 -0.00752586 -0.014906 -0.0199977
16.64 0 -0.0102997 -0.0196335 -0.0245807
16.65 0 -0.0127744 -0.0239011 -0.0290276
16.66 0 -0.0149799 -0.0275681 -0.0333983
16.67 0 -0.0169144 -0.0306361 -0.0377035
16.68 0 -0.0185294 -0.0332248 -0.0418922
16.69 0 -0.0197635 -0.0355012 -0.0458739
16.7 0 -0.020597 -0.037598 -0.049559
16.71 0 -0.0210829 -0.039556 -0.0528854
16.72 0 -0.0213524 -0.0413327 -0.055834
16.73 0 -0.0215833 -0.0428598 -0.0584214
16.74 0 -0.0219264 -0.0441022 -0.0606644
16.75 0 -0.0224308 -0.0450777 -0.0625358
16.76 0 -0.0230339 -0.0458386 -0.0639549
16.77 0 -0.0236318 -0.0464529 -0.0648376
16.78 0 -0.0241502 -0.0469752 -0.0651493
16.79 0 -0.0245572 -0.0473995 -0.0649094
16.8 0 -0.0248485 -0.0476437 -0.064173
16.81 0 -0.02503 -0.0475887 -0.0630158
16.82 0 -0.0251027 -0.0471432 -0.0615231
16.83 0 -0.0250541 -0.0462949 -0.0597807
16.84 0 -0.0248469 -0.0451091 -0.0578576
16.85 0 -0.024428 -0.0436903 -0.0557997
16.86 0 -0.023769 -0.0421424 -0.0536483
16.87 0 -0.0228987 -0.040538 -0.051457
16.88 0 -0.0218893 -0.038897 -0.0492795
16.89 0 -0.020819 -0.0371953 -0.0471471
16.9 0 -0.0197578 -0.0354157 -0.0450744
16.91 0 -0.0187584 -0.0335892 -0.043067
16.92 0 -0.0178301 -0.031777 -0.0411042
16.93 0 -0.0169403 -0.0300345 -0.0391365
16.94 0 -0.0160519 -0.0283918 -0.0371154
16.95 0 -0.0151555 -0.0268436 -0.0350189
16.96 0 -0.014278 -0.0253568 -0.0328604
16.97 0 -0.0134675 -0.0238931 -0.0306817
16.98 0 -0.0127499 -0.0224186 -0.028518
16.99 0 -0.0120921 -0.0209014 -0.0263659
17 0 -0.0114139 -0.0193177 -0.0241899
17.01 0 -0.0106317 -0.0176588 -0.0219516
17.02 0 -0.00969974 -0.0159286 -0.0196376
17.03 0 -0.00861916 -0.0141267 -0.0172604
17.04 0 -0.00741147 -0.0122277 -0.0148324
17.05 0 -0.00609769 -0.010189 -0.012351
17.06 0 -0.00469251 -0.00797816 -0.00979937
17.07 0 -0.00320262 -0.00558635 -0.00714615
17.08 0 -0.0016352 -0.00302345 -0.00434653
17.09 0 -6.06301e-06 -0.000308544 -0.00134829
17.1 0 0.00166061 0.00253847 0.00190084
17.11 0 0.00333048 0.00549696 0.00544083
17.12 0 0.0049579 0.00852999 0.00927952
17.13 0 0.0064954 0.0115783 0.0133848
17.14 0 0.00791065 0.0145782 0.0176965
17.15 0 0.00920191 0.0174815 0.0221402
17.16 0 0.0103983 0.0202674 0.0266331
17.17 0 0.0115344 0.0229407 0.0310787
17.18 0 0.0126279 0.0255123 0.0353624
17.19 0 0.0136813 0.0279795 0.039364
17.2 0 0.0146945 0.0303188 0.0429781
17.21 0 0.0156773 0.0324916 0.0461293
17.22 0 0.0166557 0.0344632 0.0487817
17.23 0 0.0176559 0.036212 0.0509312
17.24 0 0.0186844 0.0377312 0.0525891
17.25 0 0.0197293 0.0390368 0.0537843
17.26 0 0.0207666 0.0401632 0.0545646
17.27 0 0.0217455 0.0411265 0.0549738
17.28 0 0.0225893 0.0418993 0.0550407
17.29 0 0.0232338 0.0424342 0.0548045
17.3 0 0.0236523 0.0426916 0.0543306
17.31 0 0.0238349 0.0426413 0.0536859
17.32 0 0.0237633 0.0422597 0.0529109
17.33 0 0.0234122 0.0415362 0.0520126
17.34 0 0.0227676 0.0404758 0.0509716
17.35 0 0.0218401 0.0390948 0.0497515
17.36 0 0.020671 0.0374196 0.0483087
17.37 0 0.0193274 0.0354854 0.0466004
17.38 0 0.017883 0.0333312 0.0445824
17.39 0 0.0163985 0.0309935 0.0422076
17.4 0 0.0149134 0.0285041 0.0394315
17.41 0 0.0134508 0.0258909 0.0362256
17.42 0 0.0120307 0.0231822 0.0325947
17.43 0 0.0106739 0.020409 0.0285845
17.44 0 0.00939245 0.017599 0.0242707
17.45 0 0.00818349 0.0147739 0.019748
17.46 0 0.00703123 0.0119535 0.0151251
17.47 0 0.00591056 0.00915797 0.0105167
17.48 0 0.00478983 0.00640701 0.00603474
17.49 0 0.00363394 0.00371707 0.00177867
17.5 0 0.0024072 0.00109123 -0.00217746
17.51 0 0.0010757 -0.00149392 -0.00580041
17.52 0 -0.000386056 -0.00408205 -0.00909959
17.53 0 -0.00198142 -0.00671411 -0.0121151
17.54 0 -0.00367729 -0.00940232 -0.0149004
17.55 0 -0.00541251 -0.0121137 -0.0175119
17.56 0 -0.00712714 -0.0147821 -0.0200129
17.57 0 -0.00877059 -0.017325 -0.0224624
17.58 0 -0.0102913 -0.0196575 -0.0248906
17.59 0 -0.0116341 -0.0217181 -0.0272937
17.6 0 -0.0127367 -0.0234806 -0.0296362
17.61 0 -0.0135356 -0.024941 -0.0318556
17.62 0 -0.0139987 -0.0261094 -0.0338879
17.63 0 -0.0141553 -0.0270096 -0.0356957
17.64 0 -0.0140897 -0.0276657 -0.0372643
17.65 0 -0.0139117 -0.0280947 -0.0385839
17.66 0 -0.0137278 -0.0283265 -0.0396426
17.67 0 -0.0136161 -0.0284189 -0.0404244
17.68 0 -0.0135967 -0.0284336 -0.0408919
17.69 0 -0.0136249 -0.0283958 -0.0409805
17.7 0 -0.0136338 -0.0282861 -0.0406307
17.71 0 -0.0135767 -0.0280478 -0.0398196
17.72 0 -0.0134351 -0.0275996 -0.0385634
17.73 0 -0.0132069 -0.026863 -0.0369067
17.74 0 -0.012878 -0.0257824 -0.0348958
17.75 0 -0.0124099 -0.0243402 -0.0325651
17.76 0 -0.0117582 -0.0225649 -0.0299454
17.77 0 -0.0108942 -0.0205174 -0.027072
17.78 0 -0.00981673 -0.0182611 -0.0239859
17.79 0 -0.00855383 -0.0158432 -0.0207331
17.8 0 -0.00715308 -0.0132911 -0.0173579
17.81 0 -0.00566272 -0.0106166 -0.0138929
17.82 0 -0.00412527 -0.00783195 -0.010359
17.83 0 -0.00257935 -0.00496262 -0.00676875
17.84 0 -0.00105446 -0.00204932 -0.00312642
17.85 0 0.000436954 0.00086551 0.000574988
17.86 0 0.0018999 0.00375887 0.00435572
17.87 0 0.00334664 0.00663082 0.00823688
17.88 0 0.00478306 0.00949247 0.0122226
17.89 0 0.00619888 0.0123467 0.0162857
17.9 0 0.00757019 0.0151775 0.0203696
17.91 0 0.00888103 0.0179553 0.024406
17.92 0 0.0101341 0.0206402 0.0283243
17.93 0 0.0113359 0.0231869 0.0320492
17.94 0 0.0124838 0.0255538 0.0355027
17.95 0 0.0135627 0.0277048 0.0386081
17.96 0 0.0145613 0.0296217 0.0413093
17.97 0 0.015491 0.0313156 0.043589
17.98 0 0.0163671 0.0328041 0.0454511
17.99 0 0.0171833 0.0340851 0.0468953
18 0 0.0179183 0.0351406 0.0479221
18.01 0 0.0185508 0.0359527 0.0485464
18.02 0 0.019062 0.0365071 0.0487951
18.03 0 0.019424 0.0367849 0.0486931
18.04 0 0.0195977 0.0367608 0.0482547
18.05 0 0.0195419 0.0364081 0.047488
18.06 0 0.0192282 0.0357057 0.0463997
18.07 0 0.0186534 0.0346416 0.0449988
18.08 0 0.0178357 0.0332136 0.0432893
18.09 0 0.0167997 0.0314268 0.0412607
18.1 0 0.0155688 0.0292966 0.0388877
18.11 0 0.014165 0.0268499 0.036137
18.12 0 0.0126086 0.0241189 0.0329755
18.13 0 0.0109193 0.0211328 0.0293771
18.14 0 0.00911836 0.0179164 0.0253308
18.15 0 0.00722876 0.0144907 0.0208455
18.16 0 0.00527471 0.0108756 0.0159541
18.17 0 0.00328679 0.00709179 0.010713
18.18 0 0.0013034 0.0031602 0.00519305
18.19 0 -0.000638506 -0.000890536 -0.000531705
18.2 0 -0.00251435 -0.00501061 -0.00638632
18.21 0 -0.00431872 -0.00912692 -0.0122955
18.22 0 -0.00607268 -0.0131626 -0.0181882
18.23 0 -0.00781699 -0.0170662 -0.0239999
18.24 0 -0.00958733 -0.0208255 -0.0296634
18.25 0 -0.0114045 -0.02446 -0.0351061
18.26 0 -0.0132766 -0.0280044 -0.0402578
18.27 0 -0.0151999 -0.0314911 -0.0450598
18.28 0 -0.0171652 -0.0349337 -0.0494739
18.29 0 -0.0191666 -0.0383183 -0.0534896
18.3 0 -0.0212004 -0.0416083 -0.0571239
18.31 0 -0.0232559 -0.0447558 -0.060411
18.32 0 -0.025298 -0.0477079 -0.0633832
18.33 0 -0.0272598 -0.050412 -0.0660564
18.34 0 -0.0290537 -0.0528252 -0.0684335
18.35 0 -0.0305896 -0.0549132 -0.0705107
18.36 0 -0.0317912 -0.0566411 -0.0722805
18.37 0 -0.0326103 -0.0579691 -0.0737372
18.38 0 -0.0330313 -0.0588557 -0.0748751
18.39 0 -0.0330622 -0.0592622 -0.0756796
18.4 0 -0.0327285 -0.0591601 -0.0761196
18.41 0 -0.0320731 -0.0585427 -0.0761476
18.42 0 -0.0311521 -0.0574357 -0.0757052
18.43 0 -0.0300231 -0.0558915 -0.0747255
18.44 0 -0.02874 -0.0539762 -0.0731421
18.45 0 -0.0273561 -0.0517579 -0.0709045
18.46 0 -0.0259258 -0.0492942 -0.0679913
18.47 0 -0.0244974 -0.046623 -0.0644123
18.48 0 -0.0231047 -0.0437626 -0.0602085
18.49 0 -0.0217641 -0.0407237 -0.0554514
18.5 0 -0.0204735 -0.0375227 -0.050241
18.51 0 -0.0192092 -0.0341844 -0.0446943
18.52 0 -0.0179298 -0.0307399 -0.0389374
18.53 0 -0.0165866 -0.0272189 -0.0331008
18.54 0 -0.0151226 -0.0236329 -0.0273041
18.55 0 -0.0134728 -0.019967 -0.0216431
18.56 0 -0.0115822 -0.0161964 -0.016192
18.57 0 -0.00942006 -0.0123029 -0.0110025
18.58 0 -0.00698012 -0.00828053 -0.00609693
18.59 0 -0.00427949 -0.00413688 -0.00146562
18.6 0 -0.00136687 0.000110493 0.00293014
18.61 0 0.00165197 0.00443738 0.00715049
18.62 0 0.00461345 0.00879726 0.0112662
18.63 0 0.00736226 0.0130953 0.0153561
18.64 0 0.00982408 0.0171904 0.0195043
18.65 0 0.0119981 0.0209396 0.0237764
18.66 0 0.013891 0.0242586 0.0281843
18.67 0 0.0154775 0.0271488 0.0326698
18.68 0 0.0167127 0.0296763 0.0371156
18.69 0 0.0175703 0.0319268 0.0413797
18.7 0 0.0180789 0.0339616 0.0453338
18.71 0 0.0183307 0.0357894 0.0488843
18.72 0 0.0184633 0.0373711 0.0519707
18.73 0 0.0186148 0.0386579 0.0545477
18.74 0 0.0188756 0.0396346 0.0565694
18.75 0 0.0192674 0.0403434 0.0579896
18.76 0 0.0197592 0.0408673 0.0587751
18.77 0 0.0203019 0.0412866 0.0589217
18.78 0 0.0208597 0.0416412 0.0584711
18.79 0 0.0214129 0.0419109 0.0575066
18.8 0 0.0219369 0.0420183 0.0561297
18.81 0 0.0223886 0.0418648 0.0544417
18.82 0 0.022704 0.0413758 0.0525355
18.83 0 0.0228044 0.0405283 0.05049
18.84 0 0.0226043 0.0393437 0.0483614
18.85 0 0.0220274 0.037855 0.0461759
18.86 0 0.0210417 0.0360794 0.04394
18.87 0 0.0196803 0.0340133 0.0416509
18.88 0 0.0180265 0.0316443 0.0392921
18.89 0 0.0161809 0.0289745 0.036825
18.9 0 0.0142313 0.0260437 0.0341887
18.91 0 0.0122389 0.0229291 0.0313069
18.92 0 0.0102404 0.0197251 0.028103
18.93 0 0.00826653 0.0165168 0.0245224
18.94 0 0.00636159 0.0133589 0.0205554
18.95 0 0.00458352 0.0102658 0.0162427
18.96 0 0.00299461 0.00722073 0.0116635
18.97 0 0.00164394 0.00420205 0.00691764
18.98 0 0.000533444 0.00121575 0.00210533
18.99 0 -0.000393873 -0.00169401 -0.00268201
19 0 -0.00122829 -0.00446232 -0.00735696
19.01 0 -0.00205794 -0.007036 -0.0118275
19.02 0 -0.00294198 -0.00940355 -0.0159959
19.03 0 -0.00389721 -0.0115981 -0.0197648
19.04 0 -0.00490031 -0.0136679 -0.0230467
19.05 0 -0.00591219 -0.01564 -0.0257802
19.06 0 -0.00690775 -0.017501 -0.0279434
19.07 0 -0.00788051 -0.0191968 -0.0295539
19.08 0 -0.00882624 -0.020651 -0.0306566
19.09 0 -0.00973405 -0.0217954 -0.0313111
19.1 0 -0.0105844 -0.0226017 -0.031585
19.11 0 -0.0113382 -0.0230899 -0.031541
19.12 0 -0.0119353 -0.0233121 -0.0312303
19.13 0 -0.0123174 -0.0233268 -0.0307004
19.14 0 -0.0124523 -0.0231753 -0.0300055
19.15 0 -0.012346 -0.0228687 -0.0292081
19.16 0 -0.0120361 -0.0223893 -0.0283674
19.17 0 -0.0115711 -0.0217069 -0.0275209
19.18 0 -0.0109856 -0.0208019 -0.0266691
19.19 0 -0.0102891 -0.0196821 -0.0257735
19.2 0 -0.00947446 -0.0183815 -0.0247679
19.21 0 -0.00854029 -0.0169473 -0.023581
19.22 0 -0.00751768 -0.0154301 -0.0221648
19.23 0 -0.00647411 -0.0138744 -0.0205064
19.24 0 -0.00549323 -0.0123092 -0.0186201
19.25 0 -0.00464646 -0.0107492 -0.0165325
19.26 0 -0.00396779 -0.00920565 -0.0142711
19.27 0 -0.00344786 -0.00769945 -0.0118658
19.28 0 -0.0030477 -0.00626268 -0.00935839
19.29 0 -0.00271908 -0.004926 -0.00680906
19.3 0 -0.00242171 -0.00370342 -0.00429726
19.31 0 -0.00212686 -0.00258218 -0.00191133
19.32 0 -0.00180913 -0.00152377 0.000269647
19.33 0 -0.00144221 -0.000482349 0.00218717
19.34 0 -0.00100046 0.000572619 0.00380749
19.35 0 -0.000459452 0.00164971 0.00512741
19.36 0 0.000198639 0.00274257 0.00617584
19.37 0 0.000973737 0.00383894 0.00700591
19.38 0 0.00183914 0.00492638 0.00768266
19.39 0 0.00274152 0.0059929 0.00827244
19.4 0 0.00361281 0.00702519 0.00883846
19.41 0 0.00439075 0.00800551 0.00943998
19.42 0 0.00503233 0.00890882 0.0101276
19.43 0 0.00551423 0.00970804 0.0109369
19.44 0 0.00583038 0.0103846 0.0118839
19.45 0 0.0059838 0.01093 0.0129566
19.46 0 0.00597909 0.0113408 0.014109
19.47 0 0.00582959 0.0116184 0.0152698
19.48 0 0.00556822 0.011773 0.0163597
19.49 0 0.00524734 0.0118224 0.0173029
19.5 0 0.00492583 0.0117869 0.0180304
19.51 0 0.00465238 0.011683 0.0184798
19.52 0 0.00445601 0.0115215 0.0186
19.53 0 0.00434391 0.0113061 0.018357
19.54 0 0.00430402 0.0110313 0.0177395
19.55 0 0.00431275 0.0106838 0.0167637
19.56 0 0.00433701 0.0102415 0.0154691
19.57 0 0.00432942 0.00966828 0.0139041
19.58 0 0.0042366 0.00892352 0.012122
19.59 0 0.00401523 0.00797948 0.0101839
19.6 0 0.0036369 0.0068273 0.0081516
19.61 0 0.0030852 0.00547315 0.00607519
19.62 0 0.0023537 0.0039308 0.00398323
19.63 0 0.0014491 0.00221703 0.00188135
19.64 0 0.000400971 0.000358339 -0.000236679
19.65 0 -0.00073573 -0.00160139 -0.00237761
19.66 0 -0.00189533 -0.00360652 -0.00455017
19.67 0 -0.00301598 -0.00559689 -0.00676515
19.68 0 -0.0040477 -0.00751154 -0.00902857
19.69 0 -0.00495921 -0.00930001 -0.0113388
19.7 0 -0.00573648 -0.0109346 -0.0136843
19.71 0 -0.00637512 -0.0124101 -0.0160377
19.72 0 -0.00687876 -0.0137364 -0.0183551
19.73 0 -0.00726149 -0.0149295 -0.0205807
19.74 0 -0.00754624 -0.0159996 -0.022652
19.75 0 -0.00776184 -0.0169469 -0.0245063
19.76 0 -0.00793957 -0.0177635 -0.026089
19.77 0 -0.00810657 -0.0184379 -0.0273552
19.78 0 -0.00827859 -0.0189577 -0.0282687
19.79 0 -0.00845879 -0.019316 -0.0288049
19.8 0 -0.00864195 -0.0195156 -0.0289567
19.81 0 -0.00881604 -0.0195646 -0.0287341
19.82 0 -0.00896256 -0.019468 -0.0281622
19.83 0 -0.00906002 -0.0192237 -0.0272788
19.84 0 -0.00908686 -0.0188228 -0.0261325
19.85 0 -0.00902203 -0.0182531 -0.024778
19.86 0 -0.00884472 -0.0175052 -0.0232705
19.87 0 -0.00853291 -0.0165745 -0.0216575
19.88 0 -0.00806329 -0.0154577 -0.0199689
19.89 0 -0.00741722 -0.0141527 -0.0182156
19.9 0 -0.00659074 -0.0126606 -0.0163937
19.91 0 -0.00560365 -0.0109896 -0.0144924
19.92 0 -0.00450064 -0.00916003 -0.0124982
19.93 0 -0.00333751 -0.00720509 -0.0103947
19.94 0 -0.00216517 -0.00516819 -0.00816045
19.95 0 -0.00102642 -0.00309848 -0.00577533
19.96 0 4.26449e-05 -0.00104325 -0.00322805
19.97 0 0.00101541 0.000958912 -0.000521925
19.98 0 0.0018766 0.00288247 0.00232149
19.99 0 0.00262168 0.00471527 0.00526124
20 0 0.00325772 0.00645551 0.00823986
20.01 0 0.00381042 0.00811314 0.0111954
20.02 0 0.00432729 0.00971067 0.0140729
20.03 0 0.00485798 0.0112686 0.0168181
20.04 0 0.0054321 0.0127904 0.0193682
20.05 0 0.00605978 0.0142667 0.0216628
20.06 0 0.00673944 0.0156824 0.0236568
20.07 0 0.00746003 0.0170171 0.0253249
20.08 0 0.00820225 0.0182451 0.0266607
20.09 0 0.00894239 0.0193353 0.027673
20.1 0 0.00965328 0.0202556 0.0283805
20.11 0 0.0102993 0.020979 0.0288059
20.12 0 0.0108383 0.0214893 0.0289743
20.13 0 0.0112305 0.0217819 0.0289142
20.14 0 0.0114457 0.0218576 0.0286558
20.15 0 0.0114661 0.021717 0.0282284
20.16 0 0.011292 0.0213607 0.0276595
20.17 0 0.0109449 0.0207943 0.0269743
20.18 0 0.01046 0.0200324 0.0261888
20.19 0 0.00987066 0.0190979 0.0253013
20.2 0 0.00919892 0.018018 0.0242893
20.21 0 0.00845901 0.0168201 0.0231183
20.22 0 0.00766437 0.0155265 0.0217523
20.23 0 0.00683145 0.0141479 0.020162
20.24 0 0.00598076 0.0126831 0.0183305
20.25 0 0.00513614 0.0111253 0.0162558
20.26 0 0.00431901 0.0094712 0.0139493
20.27 0 0.00353633 0.00772653 0.0114295
20.28 0 0.00277535 0.00590569 0.00871854
20.29 0 0.00201028 0.00402667 0.00584393
20.3 0 0.00121403 0.00210271 0.002841
20.31 0 0.000368976 0.000135385 -0.000246818
20.32 0 -0.000530038 -0.00188499 -0.00337216
20.33 0 -0.00148122 -0.00397036 -0.00649021
20.34 0 -0.00248267 -0.00612393 -0.009565
20.35 0 -0.00353581 -0.00833464 -0.0125737
20.36 0 -0.00464521 -0.0105786 -0.0155071
20.37 0 -0.00581174 -0.0128227 -0.0183619
20.38 0 -0.0070191 -0.0150288 -0.0211294
20.39 0 -0.00823181 -0.0171615 -0.0237918
20.4 0 -0.00941075 -0.0191921 -0.0263266
20.41 0 -0.010523 -0.0210966 -0.0287109
20.42 0 -0.0115396 -0.0228528 -0.0309215
20.43 0 -0.0124357 -0.0244378 -0.0329359
20.44 0 -0.0131949 -0.0258284 -0.0347342
20.45 0 -0.0138106 -0.0270044 -0.0363007
20.46 0 -0.0142824 -0.0279491 -0.0376209
20.47 0 -0.0146107 -0.028651 -0.0386772
20.48 0 -0.0147952 -0.0291041 -0.0394492
20.49 0 -0.0148369 -0.029309 -0.0399164
20.5 0 -0.0147435 -0.0292731 -0.0400637
20.51 0 -0.014532 -0.0290074 -0.0398834
20.52 0 -0.014225 -0.0285236 -0.0393733
20.53 0 -0.0138445 -0.0278338 -0.0385354
20.54 0 -0.0134024 -0.0269479 -0.0373707
20.55 0 -0.012895 -0.0258682 -0.0358757
20.56 0 -0.0123101 -0.0245926 -0.0340476
20.57 0 -0.011634 -0.0231161 -0.0318901
20.58 0 -0.0108553 -0.0214304 -0.029414
20.59 0 -0.00997069 -0.019531 -0.0266417
20.6 0 -0.00898709 -0.0174255 -0.0236096
20.61 0 -0.00791089 -0.0151332 -0.0203591
20.62 0 -0.00674228 -0.0126831 -0.0169302
20.63 0 -0.00548013 -0.0101095 -0.0133617
20.64 0 -0.00413055 -0.00744408 -0.00969268
20.65 0 -0.00271447 -0.00470938 -0.00596282
20.66 0 -0.00126487 -0.00192283 -0.00220987
20.67 0 0.000182755 0.000894529 0.00153326
20.68 0 0.00159699 0.00371172 0.00524077
20.69 0 0.00295644 0.00648647 0.00889369
20.7 0 0.00425088 0.00917017 0.012476
20.71 0 0.0054779 0.0117172 0.0159683
20.72 0 0.00663646 0.0140948 0.019342
20.73 0 0.00771887 0.01629 0.0225576
20.74 0 0.00871488 0.0183062 0.0255683
20.75 0 0.00962221 0.0201522 0.0283265
20.76 0 0.0104474 0.0218337 0.0307901
20.77 0 0.0112014 0.0233505 0.0329269
20.78 0 0.0118961 0.0246947 0.0347164
20.79 0 0.0125403 0.0258527 0.0361499
20.8 0 0.0131349 0.0268095 0.0372273
20.81 0 0.01367 0.0275537 0.0379541
20.82 0 0.0141256 0.0280786 0.0383397
20.83 0 0.0144749 0.0283812 0.0383972
20.84 0 0.0146911 0.0284588 0.0381452
20.85 0 0.0147524 0.0283072 0.0376075
20.86 0 0.0146451 0.0279187 0.0368111
20.87 0 0.014365 0.0272843 0.0357831
20.88 0 0.013918 0.0263976 0.0345461
20.89 0 0.013317 0.0252617 0.0331144
20.9 0 0.0125772 0.023893 0.0314925
20.91 0 0.0117149 0.0223198 0.0296766
20.92 0 0.0107483 0.0205774 0.0276578
20.93 0 0.00969888 0.0187017 0.0254278
20.94 0 0.00859373 0.0167245 0.0229846
20.95 0 0.00746555 0.0146728 0.020339
20.96 0 0.00634829 0.0125699 0.0175151
20.97 0 0.00526828 0.0104375 0.0145474
20.98 0 0.00424195 0.00829607 0.011476
20.99 0 0.00327835 0.00616691 0.00834567
21 0 0.00237762 0.00407433 0.0052042
21.01 0 0.00153028 0.00204466 0.00210151
21.02 0 0.000714197 9.32216e-05 -0.000919174
21.03 0 -9.80473e-05 -0.00178299 -0.00382369
21.04 0 -0.000917661 -0.00359205 -0.00657457
21.05 0 -0.00173948 -0.00533843 -0.00913271
21.06 0 -0.00255556 -0.00702138 -0.0114694
21.07 0 -0.00335905 -0.00862949 -0.0135694
21.08 0 -0.00414362 -0.0101405 -0.0154301
21.09 0 -0.00490171 -0.0115265 -0.0170581
21.1 0 -0.00562149 -0.0127604 -0.0184638
21.11 0 -0.0062831 -0.0138226 -0.0196562
21.12 0 -0.00685813 -0.0147042 -0.0206408
21.13 0 -0.00731619 -0.0154029 -0.0214204
21.14 0 -0.00763627 -0.0159191 -0.0219995
21.15 0 -0.00781419 -0.0162531 -0.0223872
21.16 0 -0.00785957 -0.016404 -0.0225945
21.17 0 -0.00778991 -0.0163717 -0.0226299
21.18 0 -0.00762608 -0.0161615 -0.0224969
21.19 0 -0.00738743 -0.015788 -0.0221932
21.2 0 -0.00708914 -0.0152743 -0.0217115
21.21 0 -0.00674369 -0.0146477 -0.0210438
21.22 0 -0.00636411 -0.0139332 -0.020186
21.23 0 -0.00596566 -0.0131493 -0.0191415
21.24 0 -0.00556354 -0.0123061 -0.0179224
21.25 0 -0.00516776 -0.0114065 -0.0165462
21.26 0 -0.00477966 -0.0104507 -0.0150343
21.27 0 -0.00439168 -0.00943976 -0.0134109
21.28 0 -0.00398979 -0.00837737 -0.0117019
21.29 0 -0.00355774 -0.00726814 -0.00993408
21.3 0 -0.00308246 -0.00611604 -0.00813496
21.31 0 -0.00255809 -0.00492387 -0.0063318
21.32 0 -0.00198722 -0.00369414 -0.00454945
21.33 0 -0.00137898 -0.00243188 -0.00280757
21.34 0 -0.000745024 -0.00114805 -0.00111864
21.35 0 -9.65163e-05 0.000139876 0.000512643
21.36 0 0.000556458 0.00141091 0.0020883
21.37 0 0.00120287 0.00264469 0.00361367
21.38 0 0.0018285 0.00382461 0.00509321
21.39 0 0.00241635 0.00493923 0.00652804
21.4 0 0.00294953 0.00598115 0.0079151
21.41 0 0.00341614 0.00694418 0.0092476
21.42 0 0.003813 0.00782169 0.010516
21.43 0 0.00414453 0.00860743 0.0117084
21.44 0 0.00441896 0.00929729 0.0128099
21.45 0 0.00464509 0.0098904 0.013803
21.46 0 0.00483034 0.0103892 0.0146679
21.47 0 0.00498041 0.0107978 0.0153856
21.48 0 0.00509984 0.0111203 0.0159395
21.49 0 0.00519251 0.0113581 0.0163183
21.5 0 0.00526144 0.0115093 0.0165164
21.51 0 0.00530759 0.0115698 0.0165343
21.52 0 0.00532831 0.0115343 0.016377
21.53 0 0.00531683 0.0113982 0.0160531
21.54 0 0.00526316 0.0111582 0.0155739
21.55 0 0.00515635 0.0108126 0.014952
21.56 0 0.00498728 0.0103605 0.0142014
21.57 0 0.0047506 0.0098016 0.013336
21.58 0 0.00444554 0.00913671 0.0123687
21.59 0 0.0040759 0.00836974 0.0113108
21.6 0 0.00364923 0.00750915 0.0101715
21.61 0 0.00317508 0.00656772 0.00895721
21.62 0 0.00266391 0.00556105 0.00767179
21.63 0 0.00212806 0.00450574 0.00631822
21.64 0 0.00158186 0.00341762 0.00490021
21.65 0 0.00103931 0.0023113 0.00342331
21.66 0 0.000511688 0.00120015 0.00189562
21.67 0 6.32996e-06 9.59574e-05 0.000328231
21.68 0 -0.000473998 -0.000991823 -0.0012649
21.69 0 -0.000930376 -0.00205637 -0.00286694
21.7 0 -0.00136619 -0.00309318 -0.00445819
21.71 0 -0.0017858 -0.00409949 -0.00601697
21.72 0 -0.00219374 -0.00507338 -0.00752107
21.73 0 -0.00259403 -0.00601265 -0.00894943
21.74 0 -0.00298958 -0.00691381 -0.0102836
21.75 0 -0.00338147 -0.00777158 -0.0115089
21.76 0 -0.00376889 -0.00857879 -0.0126148
21.77 0 -0.00414906 -0.00932686 -0.0135948
21.78 0 -0.00451623 -0.010007 -0.0144457
21.79 0 -0.00486089 -0.0106112 -0.0151671
21.8 0 -0.0051709 -0.0111322 -0.0157604
21.81 0 -0.00543386 -0.0115632 -0.0162289
21.82 0 -0.00563929 -0.0118975 -0.0165775
21.83 0 -0.00577981 -0.0121285 -0.0168113
21.84 0 -0.00585128 -0.0122504 -0.0169348
21.85 0 -0.00585247 -0.01226 -0.0169505
21.86 0 -0.0057848 -0.0121571 -0.0168582
21.87 0 -0.00565247 -0.0119449 -0.0166552
21.88 0 -0.00546214 -0.0116298 -0.0163367
21.89 0 -0.0052225 -0.01122 -0.015897
21.9 0 -0.00494362 -0.0107249 -0.0153309
21.91 0 -0.00463599 -0.0101537 -0.0146348
21.92 0 -0.00430933 -0.00951496 -0.0138081
21.93 0 -0.00397133 -0.00881645 -0.0128538
21.94 0 -0.00362676 -0.00806493 -0.0117788
21.95 0 -0.00327707 -0.00726624 -0.010594
21.96 0 -0.00292079 -0.00642525 -0.00931385
21.97 0 -0.0025549 -0.00554573 -0.00795602
21.98 0 -0.0021761 -0.00463069 -0.00654031
21.99 0 -0.00178096 -0.0036833 -0.00508733
22 0 -0.00136625 -0.00270777 -0.00361709
22.01 0 -0.000929762 -0.00170982 -0.00214797
22.02 0 -0.000471292 -0.000696693 -0.000695987
22.03 0 6.56272e-06 0.000323052 0.000725573
22.04 0 0.000498168 0.0013398 0.00210622
22.05 0 0.000995222 0.00234303 0.00343816
22.06 0 0.00148764 0.00332145 0.0047159
22.07 0 0.00196469 0.00426326 0.00593571
22.08 0 0.00241598 0.00515657 0.0070948
22.09 0 0.00283234 0.00599018 0.00819036
22.1 0 0.00320633 0.0067543 0.00921869
22.11 0 0.00353325 0.00744106 0.0101745
22.12 0 0.00381157 0.00804496 0.0110505
22.13 0 0.00404153 0.00856342 0.0118374
22.14 0 0.00422431 0.00899649 0.0125244
22.15 0 0.00436227 0.00934577 0.0131003
22.16 0 0.00445918 0.00961303 0.0135548
22.17 0 0.00451997 0.00979933 0.0138795
22.18 0 0.0045498 0.00990498 0.0140688
22.19 0 0.00455279 0.00992996 0.0141195
22.2 0 0.00453093 0.00987455 0.0140315
22.21 0 0.00448371 0.00973959 0.0138069
22.22 0 0.00440848 0.00952638 0.0134507
22.23 0 0.00430145 0.00923618 0.0129701
22.24 0 0.00415888 0.00886983 0.0123746
22.25 0 0.00397792 0.00842786 0.0116755
22.26 0 0.003757 0.00791112 0.0108848
22.27 0 0.00349575 0.00732161 0.0100141
22.28 0 0.00319489 0.00666334 0.00907418
22.29 0 0.00285571 0.00594157 0.00807321
22.3 0 0.00248099 0.00516239 0.007017
22.31 0 0.00207683 0.00433403 0.00591095
22.32 0 0.00165167 0.0034667 0.00476037
22.33 0 0.00121433 0.00257151 0.00357022
22.34 0 0.000773316 0.00165987 0.00234578
22.35 0 0.000336253 0.000742848 0.0010934
22.36 0 -9.04488e-05 -0.000169495 -0.000178853
