0.01 0 0.0116537 0.0125413 0.0122142
0.02 0 0.00940292 0.0129414 0.0118237
0.03 0 0.00646028 0.01327 0.0117892
0.04 0 0.00387541 0.0126096 0.0123477
0.05 0 0.00210388 0.0104311 0.0133128
0.06 0 0.00112138 0.00716319 0.0143118
0.07 0 0.000776049 0.00416729 0.0151255
0.08 0 0.000610074 0.00258788 0.0153787
0.09 0 -0.000127803 0.00236104 0.014365
0.1 0 -0.00110713 0.00315222 0.0122688
0.11 0 -0.00149226 0.00429881 0.00969501
0.12 0 -0.00103934 0.00471106 0.00682586
0.13 0 7.46282e-05 0.00381862 0.0037371
0.14 0 0.0005873 0.00100045 -0.00033589
0.15 0 0.000108772 -0.0029956 -0.00526135
0.16 0 0.00045814 -0.00525684 -0.0087929
0.17 0 0.00107724 -0.00561295 -0.0111105
0.18 0 0.00217821 -0.00374639 -0.0116864
0.19 0 0.00252926 -0.0014995 -0.0116144
0.2 0 0.000938506 -0.00124876 -0.0122553
0.21 0 -0.0015151 -0.0031291 -0.0129709
0.22 0 -0.00660953 -0.00960532 -0.0161581
0.23 0 -0.0129458 -0.0192624 -0.0211729
0.24 0 -0.0196155 -0.0305192 -0.0278795
0.25 0 -0.021332 -0.036764 -0.0314536
0.26 0 -0.0126348 -0.0303048 -0.0259544
0.27 0 -0.00750065 -0.0232677 -0.0241818
0.28 0 -0.0103128 -0.0211514 -0.030002
0.29 0 -0.012197 -0.0188293 -0.034964
0.3 0 -0.00854135 -0.0146556 -0.0346819
0.31 0 -0.00265537 -0.0118047 -0.0317834
0.32 0 -0.000328007 -0.0135977 -0.0309582
0.33 0 -0.000712261 -0.0165296 -0.0306358
0.34 0 8.88406e-05 -0.0150856 -0.026714
0.35 0 0.00394088 -0.00694125 -0.0173122
0.36 0 0.00889494 0.00534502 -0.00440278
0.37 0 0.00204715 0.00644702 -0.00162371
0.38 0 -0.00927868 -0.000409181 -0.00362364
0.39 0 -0.0115757 -0.00416917 0.00114753
0.4 0 -0.00275248 -0.000417513 0.0145352
0.41 0 0.00618681 0.00541268 0.0268473
0.42 0 0.0077237 0.0097155 0.0317251
0.43 0 0.00407157 0.013769 0.0312043
0.44 0 0.00108745 0.0187872 0.02999
0.45 0 0.000743368 0.0219912 0.0290142
0.46 0 0.00169343 0.0200678 0.0266814
0.47 0 -0.0126255 -0.00318996 0.00624566
0.48 0 -0.0322318 -0.0369175 -0.0233871
0.49 0 -0.0435555 -0.0654009 -0.0497039
0.5 0 -0.046889 -0.0847957 -0.0727358
0.51 0 -0.0500134 -0.0990762 -0.0989978
0.52 0 -0.0406068 -0.0943499 -0.114292
0.53 0 -0.0147545 -0.0662454 -0.111448
0.54 0 0.000373983 -0.0430699 -0.113738
0.55 0 0.0292199 -0.00303518 -0.093191
0.56 0 0.0518431 0.0322357 -0.0663688
0.57 0 0.0543757 0.047309 -0.0454331
0.58 0 0.0446379 0.047529 -0.0238905
0.59 0 0.0392457 0.0488249 0.0117735
0.6 0 0.0436096 0.060258 0.0641273
0.61 0 0.0429949 0.0726383 0.115942
0.62 0 0.0327073 0.0830644 0.158799
0.63 0 0.0101109 0.0839247 0.184203
0.64 0 -0.0108659 0.0799406 0.199079
0.65 0 -0.0159863 0.0786824 0.212286
0.66 0 -0.0192003 0.0660879 0.207771
0.67 0 -0.0477745 0.0175 0.157476
0.68 0 -0.075963 -0.0399743 0.0860168
0.69 0 -0.0578096 -0.0557579 0.0412538
0.7 0 -0.00361625 -0.0282807 0.0214489
0.71 0 0.056902 0.025259 0.00998076
0.72 0 0.11145 0.0960623 0.00729485
0.73 0 0.160219 0.176827 0.0232913
0.74 0 0.184865 0.235427 0.0453097
0.75 0 0.190719 0.264288 0.0799714
0.76 0 0.164169 0.243784 0.110665
0.77 0 0.088947 0.158055 0.11264
0.78 0 -0.0153825 0.0298523 0.0909398
0.79 0 -0.0791618 -0.0630566 0.0994799
0.8 0 -0.109313 -0.113099 0.120415
0.81 0 -0.143101 -0.147373 0.109603
0.82 0 -0.178067 -0.169107 0.0630572
0.83 0 -0.194497 -0.177169 -0.00470555
0.84 0 -0.167993 -0.163904 -0.0686315
0.85 0 -0.108992 -0.141902 -0.129339
0.86 0 -0.0383667 -0.11901 -0.190259
0.87 0 0.0432497 -0.075677 -0.230988
0.88 0 0.114523 -0.0162752 -0.252482
0.89 0 0.187702 0.0779993 -0.226047
0.9 0 0.247942 0.187889 -0.155492
0.91 0 0.255504 0.259151 -0.0776416
0.92 0 0.198298 0.257494 -0.0130114
0.93 0 0.12369 0.211521 0.068157
0.94 0 0.0668151 0.155828 0.181543
0.95 0 0.0188467 0.100812 0.30171
0.96 0 -0.0658607 0.0218425 0.366526
0.97 0 -0.16169 -0.0519216 0.381585
0.98 0 -0.223983 -0.0900743 0.371546
0.99 0 -0.246373 -0.105515 0.329734
1 0 -0.255424 -0.139357 0.226202
1.01 0 -0.25771 -0.204225 0.0594936
1.02 0 -0.229695 -0.270551 -0.133428
1.03 0 -0.149498 -0.295431 -0.30739
1.04 0 -0.0577496 -0.29068 -0.47205
1.05 0 -0.0157215 -0.30023 -0.659183
1.06 0 0.00636424 -0.299328 -0.818338
1.07 0 0.0797371 -0.229952 -0.862795
1.08 0 0.175051 -0.123759 -0.80576
1.09 0 0.25527 -0.00855962 -0.669984
1.1 0 0.29581 0.100537 -0.474222
1.11 0 0.253797 0.157793 -0.270158
1.12 0 0.104729 0.115377 -0.110419
1.13 0 -0.100492 -0.0123879 0.0107704
1.14 0 -0.293001 -0.183647 0.111734
1.15 0 -0.435896 -0.360117 0.186608
1.16 0 -0.529957 -0.51535 0.206237
1.17 0 -0.543788 -0.582724 0.189519
1.18 0 -0.460773 -0.519382 0.157521
1.19 0 -0.320787 -0.360111 0.0901236
1.2 0 -0.165667 -0.167623 -0.0252757
1.21 0 -0.00711787 0.0104246 -0.166431
1.22 0 0.16325 0.15603 -0.286865
1.23 0 0.351785 0.281087 -0.33721
1.24 0 0.521963 0.388083 -0.309649
1.25 0 0.636751 0.489836 -0.205305
1.26 0 0.659512 0.579228 -0.0446563
1.27 0 0.571007 0.625809 0.141794
1.28 0 0.40127 0.611895 0.345976
1.29 0 0.177005 0.506065 0.538527
1.3 0 -0.0645886 0.306753 0.694518
1.31 0 -0.233816 0.105509 0.849057
1.32 0 -0.334901 -0.060383 0.960962
1.33 0 -0.422008 -0.196524 0.954694
1.34 0 -0.478474 -0.267751 0.834497
1.35 0 -0.4514 -0.239779 0.651381
1.36 0 -0.311449 -0.116511 0.451439
1.37 0 -0.0753588 0.0656039 0.258459
1.38 0 0.188579 0.244507 0.0641868
1.39 0 0.418155 0.382529 -0.126624
1.4 0 0.587635 0.48149 -0.27934
1.41 0 0.662243 0.523957 -0.385419
1.42 0 0.611629 0.477593 -0.457037
1.43 0 0.466575 0.353926 -0.472803
1.44 0 0.296004 0.202521 -0.393735
1.45 0 0.133187 0.0547188 -0.225944
1.46 0 -0.0350651 -0.0882605 -0.0254056
1.47 0 -0.187343 -0.189973 0.184752
1.48 0 -0.306323 -0.230969 0.378523
1.49 0 -0.393223 -0.228615 0.516478
1.5 0 -0.443557 -0.208758 0.57372
1.51 0 -0.451685 -0.196912 0.539559
1.52 0 -0.39275 -0.182789 0.440331
1.53 0 -0.277961 -0.16532 0.286525
1.54 0 -0.123754 -0.127317 0.100474
1.55 0 0.0554108 -0.0444503 -0.0833641
1.56 0 0.217063 0.0664457 -0.257257
1.57 0 0.302449 0.144655 -0.439172
1.58 0 0.296901 0.145704 -0.62057
1.59 0 0.305606 0.142834 -0.687081
1.6 0 0.376267 0.185359 -0.583345
1.61 0 0.400488 0.201457 -0.410287
1.62 0 0.298117 0.143694 -0.25538
1.63 0 0.127663 0.0686024 -0.0915172
1.64 0 -0.035422 0.0210934 0.109096
1.65 0 -0.169277 -0.012371 0.31829
1.66 0 -0.289839 -0.0721792 0.47607
1.67 0 -0.450631 -0.225734 0.491231
1.68 0 -0.627984 -0.458497 0.354865
1.69 0 -0.718018 -0.664036 0.150561
1.7 0 -0.69745 -0.794436 -0.0955191
1.71 0 -0.608191 -0.854087 -0.398268
1.72 0 -0.454427 -0.817397 -0.717834
1.73 0 -0.226206 -0.661593 -0.988563
1.74 0 0.0304309 -0.434477 -1.19389
1.75 0 0.259278 -0.204255 -1.32912
1.76 0 0.419456 -0.0277062 -1.38559
1.77 0 0.499255 0.0730618 -1.34345
1.78 0 0.471895 0.0718681 -1.22003
1.79 0 0.319546 -0.0425832 -1.04968
1.8 0 0.0877704 -0.220121 -0.829187
1.81 0 -0.134867 -0.368862 -0.52912
1.82 0 -0.290467 -0.424264 -0.153528
1.83 0 -0.357926 -0.357618 0.264721
1.84 0 -0.37127 -0.205807 0.649302
1.85 0 -0.374789 -0.0386091 0.923166
1.86 0 -0.391225 0.0736855 1.03802
1.87 0 -0.337015 0.169525 1.06465
1.88 0 -0.127024 0.330151 1.10212
1.89 0 0.169813 0.536395 1.12768
1.9 0 0.451849 0.755933 1.10386
1.91 0 0.69262 1.00543 1.06627
1.92 0 0.885215 1.27542 1.05659
1.93 0 0.974328 1.46936 1.04923
1.94 0 0.913059 1.48027 1.00341
1.95 0 0.701702 1.25617 0.900862
1.96 0 0.383097 0.820989 0.746498
1.97 0 0.0636421 0.309841 0.600787
1.98 0 -0.146933 -0.0951724 0.534297
1.99 0 -0.246906 -0.307402 0.524685
2 0 -0.273855 -0.316509 0.521843
2.01 0 -0.265597 -0.1834 0.479436
2.02 0 -0.239639 -0.0116807 0.373147
2.03 0 -0.171419 0.122711 0.228322
2.04 0 -0.0673186 0.157512 0.0556447
2.05 0 0.0487449 0.0878955 -0.133505
2.06 0 0.160077 -0.0219039 -0.309142
2.07 0 0.223991 -0.118423 -0.46887
2.08 0 0.239197 -0.143974 -0.583844
2.09 0 0.211087 -0.0982201 -0.639907
2.1 0 0.141258 -0.0396316 -0.646758
2.11 0 0.0893808 0.015924 -0.567235
2.12 0 0.0839882 0.0544154 -0.3934
2.13 0 0.109766 0.0740435 -0.152025
2.14 0 0.122124 0.0826633 0.106331
2.15 0 0.0950797 0.104436 0.345698
2.16 0 0.0393421 0.163426 0.556465
2.17 0 -0.0236433 0.250266 0.730842
2.18 0 -0.082323 0.320011 0.848981
2.19 0 -0.123845 0.333584 0.897977
2.2 0 -0.172478 0.240383 0.836154
2.21 0 -0.221668 0.052941 0.661171
2.22 0 -0.266055 -0.159977 0.402183
2.23 0 -0.277838 -0.330614 0.100674
2.24 0 -0.290253 -0.462668 -0.252802
2.25 0 -0.334137 -0.596809 -0.670907
2.26 0 -0.370004 -0.72378 -1.09552
2.27 0 -0.316235 -0.789569 -1.42425
2.28 0 -0.179976 -0.789828 -1.6287
2.29 0 0.00354209 -0.715305 -1.69963
2.3 0 0.150119 -0.59798 -1.67754
2.31 0 0.187832 -0.490931 -1.61005
2.32 0 0.0740676 -0.469019 -1.54533
2.33 0 -0.177806 -0.59205 -1.50834
2.34 0 -0.493296 -0.858094 -1.48412
2.35 0 -0.832128 -1.25884 -1.49797
2.36 0 -1.10486 -1.67796 -1.51728
2.37 0 -1.21624 -1.94473 -1.4829
2.38 0 -1.1708 -1.97489 -1.40893
2.39 0 -0.992974 -1.75829 -1.32162
2.4 0 -0.740234 -1.37124 -1.2608
2.41 0 -0.486811 -0.921692 -1.24457
2.42 0 -0.222671 -0.499429 -1.22999
2.43 0 0.0640529 -0.153397 -1.15875
2.44 0 0.312848 0.0542494 -1.04407
2.45 0 0.418464 0.0807727 -0.944838
2.46 0 0.470897 0.0917964 -0.747536
2.47 0 0.57982 0.270199 -0.332708
2.48 0 0.653122 0.560032 0.200153
2.49 0 0.587067 0.828659 0.71608
2.5 0 0.436383 1.03305 1.2072
2.51 0 0.194064 1.05665 1.59122
2.52 0 -0.0913275 0.872555 1.83879
2.53 0 -0.266499 0.612716 2.02504
2.54 0 -0.289007 0.410064 2.16442
2.55 0 -0.117948 0.436976 2.30464
2.56 0 0.026534 0.573048 2.25838
2.57 0 0.0251434 0.679738 1.93029
2.58 0 0.0875629 0.84735 1.54446
2.59 0 0.372667 1.11757 1.29034
2.6 0 0.802742 1.39565 1.16172
2.61 0 1.21818 1.60371 1.09649
2.62 0 1.42927 1.66405 0.992951
2.63 0 1.36703 1.56709 0.826966
2.64 0 1.1638 1.43631 0.733375
2.65 0 0.971516 1.35767 0.82505
2.66 0 0.834803 1.32663 1.09804
2.67 0 0.682454 1.25632 1.43086
2.68 0 0.566371 1.21575 1.82745
2.69 0 0.477511 1.2237 2.23269
2.7 0 0.289727 1.16293 2.47319
2.71 0 -0.0469017 0.939161 2.43849
2.72 0 -0.4569 0.575698 2.15953
2.73 0 -0.772525 0.126365 1.72125
2.74 0 -0.825981 -0.263754 1.25591
2.75 0 -0.635765 -0.506803 0.784564
2.76 0 -0.35027 -0.58927 0.250899
2.77 0 -0.0549049 -0.488097 -0.324924
2.78 0 0.275524 -0.169932 -0.817061
2.79 0 0.713627 0.366361 -1.06176
2.8 0 1.12431 0.901057 -1.10699
2.81 0 1.30657 1.16771 -1.0886
2.82 0 1.12255 0.989131 -1.12498
2.83 0 0.618657 0.395226 -1.211
2.84 0 0.0460957 -0.337954 -1.18181
2.85 0 -0.498796 -1.05917 -1.05862
2.86 0 -0.97974 -1.67808 -0.937548
2.87 0 -1.34172 -1.99497 -0.798015
2.88 0 -1.51885 -1.98458 -0.664037
2.89 0 -1.61116 -1.83741 -0.682612
2.9 0 -1.66815 -1.76051 -0.942952
2.91 0 -1.63487 -1.80925 -1.38647
2.92 0 -1.40432 -1.90529 -1.87193
2.93 0 -0.983631 -1.93415 -2.30604
2.94 0 -0.470186 -1.80602 -2.65469
2.95 0 0.0357066 -1.45326 -2.87554
2.96 0 0.409032 -0.95563 -2.98396
2.97 0 0.541699 -0.51326 -3.02815
2.98 0 0.548043 -0.189629 -2.89082
2.99 0 0.465971 -0.0894161 -2.56251
3 0 0.290514 -0.249403 -2.09402
3.01 0 0.00999207 -0.596993 -1.55417
3.02 0 -0.41761 -1.04666 -1.06309
3.03 0 -0.92569 -1.44829 -0.658334
3.04 0 -1.34881 -1.65674 -0.305027
3.05 0 -1.56861 -1.63018 0.00444376
3.06 0 -1.54615 -1.41906 0.239536
3.07 0 -1.32263 -1.12159 0.34475
3.08 0 -0.909883 -0.752188 0.349398
3.09 0 -0.330342 -0.276588 0.324156
3.1 0 0.291484 0.264825 0.270611
3.11 0 0.854288 0.835399 0.219875
3.12 0 1.27242 1.36714 0.204006
3.13 0 1.48303 1.79398 0.268285
3.14 0 1.58335 2.03626 0.469766
3.15 0 1.52188 2.03082 0.767943
3.16 0 1.25702 1.74662 1.0759
3.17 0 0.796286 1.26291 1.34235
3.18 0 0.257702 0.73467 1.57934
3.19 0 -0.236107 0.308524 1.80114
3.2 0 -0.659005 -0.0182579 1.91932
3.21 0 -0.950417 -0.233057 1.90645
3.22 0 -1.00898 -0.291483 1.80718
3.23 0 -0.7926 -0.163521 1.6661
3.24 0 -0.319497 0.168931 1.5246
3.25 0 0.300901 0.666759 1.38551
3.26 0 0.955459 1.28537 1.27018
3.27 0 1.49112 1.91567 1.17454
3.28 0 1.88089 2.45882 1.15486
3.29 0 2.12696 2.80074 1.24165
3.3 0 2.05188 2.76765 1.31046
3.31 0 1.66969 2.36102 1.34868
3.32 0 1.23113 1.8673 1.5539
3.33 0 0.936908 1.53512 2.02824
3.34 0 0.690905 1.37159 2.60104
3.35 0 0.343475 1.25492 3.03133
3.36 0 -0.104692 1.14044 3.23752
3.37 0 -0.550265 0.982735 3.22352
3.38 0 -0.828856 0.700609 3.00082
3.39 0 -0.903873 0.304038 2.57766
3.4 0 -0.780392 -0.111318 1.97641
3.41 0 -0.55326 -0.433463 1.20304
3.42 0 -0.301246 -0.583101 0.294087
3.43 0 -0.0570853 -0.535556 -0.66012
3.44 0 0.227718 -0.314142 -1.50817
3.45 0 0.582304 0.00161902 -2.11826
3.46 0 0.945839 0.275003 -2.45425
3.47 0 1.21182 0.411796 -2.53107
3.48 0 1.29735 0.328515 -2.42902
3.49 0 1.03402 0.0338076 -2.25332
3.5 0 0.518495 -0.371394 -1.99175
3.51 0 -0.131067 -0.810383 -1.66286
3.52 0 -0.659514 -1.26425 -1.27881
3.53 0 -0.885549 -1.68279 -0.921334
3.54 0 -1.13696 -1.96398 -0.721301
3.55 0 -1.49336 -2.04106 -0.725951
3.56 0 -1.87351 -1.96792 -0.898209
3.57 0 -2.16716 -1.89297 -1.18674
3.58 0 -2.31304 -1.98181 -1.56502
3.59 0 -2.21105 -2.23766 -1.95129
3.6 0 -1.77257 -2.55387 -2.28359
3.61 0 -1.18445 -2.73612 -2.60814
3.62 0 -0.646314 -2.63228 -2.96838
3.63 0 -0.31364 -2.23469 -3.38649
3.64 0 -0.201848 -1.70209 -3.81889
3.65 0 -0.202542 -1.24304 -4.14702
3.66 0 -0.215024 -1.05647 -4.29401
3.67 0 -0.212972 -1.22364 -4.23404
3.68 0 -0.243479 -1.63078 -3.98162
3.69 0 -0.380805 -2.11164 -3.5901
3.7 0 -0.72154 -2.49572 -3.1882
3.71 0 -1.16925 -2.65609 -2.78892
3.72 0 -1.57293 -2.59574 -2.39834
3.73 0 -1.89218 -2.41477 -2.04747
3.74 0 -1.95901 -2.18326 -1.68993
3.75 0 -1.72036 -1.86298 -1.26085
3.76 0 -0.862803 -1.20863 -0.52226
3.77 0 0.390301 -0.0183873 0.54614
3.78 0 1.45726 1.37594 1.53943
3.79 0 1.9195 2.68578 2.2517
3.8 0 2.00471 3.70489 2.83061
3.81 0 2.01713 4.24929 3.45144
3.82 0 2.04559 4.29236 4.16827
3.83 0 1.98617 3.97127 4.87087
3.84 0 1.87151 3.46794 5.46029
3.85 0 1.59287 2.98579 5.80148
3.86 0 0.930142 2.42516 5.63925
3.87 0 -0.0229419 1.79259 4.97831
3.88 0 -0.71184 1.38214 4.2746
3.89 0 -0.836973 1.25731 3.76669
3.9 0 -0.443059 1.3024 3.42542
3.91 0 0.359512 1.53488 3.23012
3.92 0 1.4475 2.09031 3.19075
3.93 0 2.47153 2.83676 3.11793
3.94 0 3.24823 3.65577 2.95149
3.95 0 3.56648 4.43739 2.74202
3.96 0 3.49172 4.92748 2.57748
3.97 0 3.16947 4.94709 2.57982
3.98 0 2.72523 4.36749 2.78285
3.99 0 1.93234 3.14897 2.90064
4 0 0.212486 1.0748 2.30931
4.01 0 -1.84251 -1.42854 1.18585
4.02 0 -3.6523 -3.65572 -0.0676171
4.03 0 -4.51133 -5.06292 -1.06188
4.04 0 -4.29324 -5.40795 -1.72078
4.05 0 -3.4969 -5.03417 -2.44682
4.06 0 -2.21974 -3.90029 -3.10132
4.07 0 -0.460203 -2.052 -3.42627
4.08 0 1.34897 0.0644604 -3.48175
4.09 0 2.87348 1.98937 -3.28125
4.1 0 3.55186 3.04597 -3.12888
4.11 0 3.27475 2.9659 -3.07111
4.12 0 2.382 1.99781 -2.86225
4.13 0 1.11626 0.260845 -2.5706
4.14 0 -0.30278 -1.80408 -2.25516
4.15 0 -1.75176 -3.64229 -1.98193
4.16 0 -3.03104 -4.99221 -1.93295
4.17 0 -3.95413 -5.32338 -1.83325
4.18 0 -3.99676 -4.2842 -1.22276
4.19 0 -3.27137 -2.45265 -0.28936
4.2 0 -2.13391 -0.749381 0.510135
4.21 0 -0.766126 0.4475 1.05643
4.22 0 0.620211 1.20004 1.37686
4.23 0 1.85926 1.82066 1.58818
4.24 0 2.67985 2.4325 1.66389
4.25 0 2.81382 2.87302 1.47693
4.26 0 2.16582 2.80101 0.921188
4.27 0 0.572622 1.58846 -0.321881
4.28 0 -1.31509 -0.581429 -1.84775
4.29 0 -2.32495 -2.62796 -2.69141
4.3 0 -2.48544 -4.14911 -2.93752
4.31 0 -2.21577 -4.87444 -2.93639
4.32 0 -1.94419 -4.72945 -3.01585
4.33 0 -1.7855 -3.83016 -3.24241
4.34 0 -1.82381 -2.76228 -3.72374
4.35 0 -1.92378 -2.05656 -4.38794
4.36 0 -1.68065 -1.86182 -4.84817
4.37 0 -0.84086 -2.04776 -4.87927
4.38 0 0.102631 -2.349 -4.63392
4.39 0 0.686619 -2.45916 -4.33509
4.4 0 0.700579 -2.16954 -4.06267
4.41 0 0.344152 -1.51549 -3.72333
4.42 0 -0.178023 -0.730362 -3.19205
4.43 0 -0.488955 -0.105031 -2.32411
4.44 0 -0.389921 0.267024 -1.04812
4.45 0 0.0112366 0.402186 0.467379
4.46 0 0.142669 0.304554 1.75913
4.47 0 -0.162506 0.0883068 2.57585
4.48 0 -0.743625 -0.0694296 2.91984
4.49 0 -1.41327 -0.161098 2.85298
4.5 0 -2.18018 -0.188063 2.53759
4.51 0 -2.67836 -0.464963 2.01627
4.52 0 -2.63986 -0.848411 1.54309
4.53 0 -1.92938 -1.03785 1.30924
4.54 0 -0.841635 -0.911109 1.1679
4.55 0 0.203764 -0.482919 0.872896
4.56 0 0.849506 0.115273 0.254199
4.57 0 1.06036 0.697861 -0.625077
4.58 0 1.14474 1.14545 -1.45538
4.59 0 1.31363 1.34027 -1.99607
4.6 0 1.61468 1.24045 -2.15437
4.61 0 2.01554 1.00922 -1.89835
4.62 0 2.38181 0.880405 -1.29588
4.63 0 2.57536 1.04823 -0.449526
4.64 0 2.50345 1.55173 0.519168
4.65 0 2.23324 2.30061 1.57194
4.66 0 1.90603 3.08037 2.69976
4.67 0 1.60125 3.61616 3.78096
4.68 0 1.36741 3.80364 4.71342
4.69 0 1.29451 3.77131 5.64779
4.7 0 1.20671 3.74758 6.30476
4.71 0 0.962936 3.44974 6.64987
4.72 0 0.780264 3.14216 6.9075
4.73 0 0.910902 3.17218 7.32892
4.74 0 1.21896 3.51885 7.77887
4.75 0 1.63136 4.24545 8.10774
4.76 0 2.11078 5.1942 8.31777
4.77 0 2.63328 6.13317 8.41443
4.78 0 3.13208 6.79086 8.37924
4.79 0 3.69864 7.15546 8.36374
4.8 0 4.34063 7.3502 8.45198
4.81 0 4.88832 7.402 8.5399
4.82 0 5.39004 7.52635 8.70422
4.83 0 5.79153 7.76588 8.8275
4.84 0 5.88103 7.93397 8.73661
4.85 0 5.81472 8.10377 8.60614
4.86 0 5.6158 8.35002 8.60162
4.87 0 5.4164 8.38513 8.73656
4.88 0 4.40164 8.14287 8.89947
4.89 0 1.77981 7.87764 8.93004
4.9 0 2.22827 6.25527 9.34919
4.91 0 3.32478 4.95593 9.72401
4.92 0 4.18253 4.29379 9.65
4.93 0 4.04012 4.35942 8.84512
4.94 0 2.75659 4.76867 7.23564
4.95 0 -0.102111 3.83863 4.22921
4.96 0 -5.36487 -0.798199 -1.09876
4.97 0 -9.50077 -6.91803 -5.75284
4.98 0 -10.364 -11.6574 -7.83776
4.99 0 -9.83449 -15.1798 -8.92638
5 0 -9.23333 -17.3523 -10.1892
5.01 0 -8.92988 -17.6889 -11.6111
5.02 0 -9.13618 -16.3481 -13.5134
5.03 0 -9.75435 -14.3768 -15.9234
5.04 0 -9.9954 -12.5135 -18.3186
5.05 0 -8.77789 -11.249 -20.0175
5.06 0 -5.92872 -10.7889 -20.8963
5.07 0 -2.16835 -10.413 -20.9629
5.08 0 1.81099 -8.86722 -20.0742
5.09 0 4.81281 -6.01322 -18.8102
5.1 0 6.60297 -1.98049 -17.2036
5.11 0 6.8458 2.15482 -15.4245
5.12 0 5.49641 4.281 -13.3193
5.13 0 3.70623 4.20583 -10.3465
5.14 0 1.85903 2.04323 -6.71504
5.15 0 -0.0833736 -1.45872 -3.25362
5.16 0 -2.85671 -5.86632 -1.38177
5.17 0 -2.42652 -11.0788 -1.09257
5.18 0 -7.36528 -12.0047 -1.9662
5.19 0 -11.9017 -10.8417 -2.94763
5.2 0 -15.1232 -9.46014 -3.84094
5.21 0 -16.004 -8.97435 -4.10385
5.22 0 -14.345 -9.59566 -3.61443
5.23 0 -10.8425 -10.735 -2.69001
5.24 0 -6.73185 -11.3023 -1.92163
5.25 0 -3.28918 -10.2652 -2.05789
5.26 0 -1.07283 -7.20593 -3.33309
5.27 0 0.265112 -2.75724 -5.20358
5.28 0 1.47838 1.79222 -6.88265
5.29 0 3.29278 5.21105 -7.62426
5.3 0 5.91136 6.85479 -7.09624
5.31 0 8.72969 6.82154 -5.57635
5.32 0 11.1 6.05732 -3.5265
5.33 0 11.9508 5.74605 -1.77198
5.34 0 10.7861 6.51928 -0.858428
5.35 0 8.28363 7.80809 -0.263783
5.36 0 5.26926 8.6886 0.656803
5.37 0 2.72385 8.27864 2.19395
5.38 0 0.963159 6.39533 4.94325
5.39 0 -0.0389282 3.00506 9.07262
5.4 0 -1.04122 -0.994949 14.3458
5.41 0 -2.9293 -2.50623 17.551
5.42 0 -5.57394 -1.6743 18.3598
5.43 0 -7.8158 0.452746 17.692
5.44 0 -8.28977 2.45636 16.7089
5.45 0 -6.48329 3.53808 15.1189
5.46 0 -3.35468 3.68981 12.9973
5.47 0 -1.28467 3.48161 9.95216
5.48 0 0.695665 2.80525 6.20259
5.49 0 2.96048 2.50022 2.60969
5.5 0 5.04865 2.70616 -0.930079
5.51 0 6.72881 3.45837 -4.15904
5.52 0 8.01431 4.47703 -6.58307
5.53 0 8.78416 5.27785 -8.02796
5.54 0 9.00787 5.50323 -8.3988
5.55 0 8.70406 5.11147 -7.62649
5.56 0 7.89425 4.33613 -5.77062
5.57 0 6.53275 3.48726 -3.08447
5.58 0 4.60079 2.80991 0.0403332
5.59 0 2.24774 2.39907 3.11405
5.6 0 -0.243474 2.22675 5.95865
5.61 0 -2.3385 2.28778 8.62043
5.62 0 -3.87373 2.40349 10.8231
5.63 0 -4.74795 2.18917 12.3669
5.64 0 -4.92988 1.47975 13.3145
5.65 0 -4.63714 0.435874 13.5606
5.66 0 -4.28097 -0.494209 12.564
5.67 0 -3.95923 -0.946882 10.3709
5.68 0 -3.41629 -0.771575 7.42064
5.69 0 -2.57427 -0.307668 4.02101
5.7 0 -1.32262 0.250089 0.48681
5.71 0 0.581212 0.672904 -2.85459
5.72 0 2.83275 1.0394 -5.81625
5.73 0 4.99771 1.11161 -8.08666
5.74 0 6.6507 1.11168 -9.63251
5.75 0 7.51771 1.1452 -10.3258
5.76 0 7.22812 1.2041 -10.4846
5.77 0 5.86483 1.10544 -10.1062
5.78 0 4.01171 0.858038 -8.84011
5.79 0 1.96357 0.293428 -6.61033
5.8 0 -1.34756 -0.368839 -3.77251
5.81 0 -4.20137 -1.66718 -0.474331
5.82 0 -5.47107 -3.64087 2.9143
5.83 0 -5.60513 -5.43265 5.78375
5.84 0 -5.94525 -6.06289 7.42298
5.85 0 -6.69488 -5.42609 7.54421
5.86 0 -7.53627 -4.04327 6.29357
5.87 0 -7.6956 -2.49194 4.27953
5.88 0 -6.49957 -1.29303 2.21174
5.89 0 -3.98216 -0.809832 0.356229
5.9 0 -0.74444 -0.928465 -1.36192
5.91 0 3.27386 -1.31073 -3.06275
5.92 0 6.22829 -1.06944 -4.89394
5.93 0 7.11618 0.203522 -7.00097
5.94 0 6.29278 2.24758 -8.88377
5.95 0 4.81071 4.06032 -9.85434
5.96 0 3.45001 4.57254 -9.52925
5.97 0 2.66801 3.2865 -7.77186
5.98 0 2.15907 0.653182 -5.01643
5.99 0 1.402 -2.30705 -1.96036
6 0 -0.0795267 -4.34358 0.926935
6.01 0 -1.84253 -4.84429 3.15346
6.02 0 -4.25215 -3.93774 4.37599
6.03 0 -6.70297 -2.47467 4.70921
6.04 0 -8.27564 -1.3906 4.59697
6.05 0 -8.19674 -1.15954 4.5354
6.06 0 -6.44398 -1.70354 4.60193
6.07 0 -3.69842 -2.439 4.46983
6.08 0 -0.326076 -2.63101 3.8267
6.09 0 2.97264 -1.57041 2.47016
6.1 0 4.89105 0.91356 0.296691
6.11 0 5.20434 4.18094 -2.1636
6.12 0 5.0216 6.85492 -4.04378
6.13 0 5.03803 7.93881 -4.84755
6.14 0 5.59211 7.10566 -4.30728
6.15 0 6.16329 4.80728 -2.78091
6.16 0 5.81185 2.02469 -0.984401
6.17 0 3.99732 -0.205612 0.639772
6.18 0 0.712581 -1.09268 1.9096
6.19 0 -2.56962 -1.04734 3.02888
6.2 0 -4.85516 -0.774052 4.14884
6.21 0 -5.46135 -0.820487 5.33422
6.22 0 -5.07434 -1.05432 6.3521
6.23 0 -4.03917 -1.29177 6.90384
6.24 0 -2.85101 -1.2795 6.66255
6.25 0 -1.69097 -0.715793 5.66715
6.26 0 -0.627891 0.362538 4.07027
6.27 0 0.316655 1.53538 2.06081
6.28 0 1.48216 2.36194 0.0145048
6.29 0 2.73867 2.60921 -1.71634
6.3 0 3.67954 2.42934 -3.11151
6.31 0 4.05644 1.8443 -4.25627
6.32 0 3.67106 0.935131 -5.2467
6.33 0 2.60087 -0.173827 -6.02164
6.34 0 1.38319 -1.33709 -6.36613
6.35 0 0.269417 -2.44863 -6.22843
6.36 0 -0.918098 -3.38638 -5.75981
6.37 0 -2.18377 -4.17421 -5.14697
6.38 0 -3.48276 -4.86195 -4.55047
6.39 0 -4.71196 -5.51358 -4.07888
6.4 0 -5.72966 -6.12712 -3.75076
6.41 0 -6.35761 -6.63047 -3.52737
6.42 0 -6.50025 -6.94354 -3.43899
6.43 0 -6.19109 -6.9594 -3.53375
6.44 0 -5.49369 -6.60002 -3.81248
6.45 0 -4.54943 -5.91543 -4.29278
6.46 0 -2.63907 -5.25338 -5.0283
6.47 0 -0.453594 -4.5538 -6.05673
6.48 0 0.50293 -3.33351 -7.34357
6.49 0 0.0139103 -1.75329 -8.52013
6.5 0 -0.377092 -0.729035 -9.04907
6.51 0 -0.246873 -0.699053 -8.67863
6.52 0 0.322809 -1.631 -7.42154
6.53 0 0.822949 -2.8933 -5.64515
6.54 0 0.94013 -3.62743 -3.72144
6.55 0 0.566848 -3.24961 -1.93499
6.56 0 -0.324123 -1.97446 -0.554131
6.57 0 -1.24569 -0.0830004 0.73461
6.58 0 -1.5349 1.92336 2.21152
6.59 0 -1.01597 3.29847 3.82444
6.6 0 0.128323 3.77768 5.41017
6.61 0 1.58102 4.06926 6.77395
6.62 0 2.97238 4.29837 7.94318
6.63 0 3.92069 4.76559 8.73471
6.64 0 4.38008 5.6691 9.19951
6.65 0 4.39155 6.87061 9.37905
6.66 0 4.24843 8.11499 9.46848
6.67 0 4.2537 9.08133 9.64391
6.68 0 4.48044 9.48463 9.95954
6.69 0 4.92007 9.33211 10.4204
6.7 0 5.38395 8.81219 10.9189
6.71 0 5.58116 8.12982 11.2646
6.72 0 5.25032 7.44291 11.2378
6.73 0 4.3945 6.89799 10.7838
6.74 0 3.29528 6.60467 10.032
6.75 0 2.29412 6.37771 9.19639
6.76 0 1.58261 5.92089 8.35493
6.77 0 1.27391 5.12963 7.57832
6.78 0 1.41505 4.21853 6.95108
6.79 0 1.99471 3.59972 6.55243
6.8 0 2.60116 3.38143 6.13855
6.81 0 2.89628 3.50307 5.49225
6.82 0 2.89771 3.88808 4.69623
6.83 0 2.76851 4.34318 3.93415
6.84 0 2.72551 4.68958 3.42261
6.85 0 2.95796 4.75028 3.32781
6.86 0 3.33623 4.54397 3.55309
6.87 0 3.53486 4.21668 3.85605
6.88 0 3.59403 3.97757 4.20345
6.89 0 2.66975 4.16703 4.3966
6.9 0 -0.197722 4.14058 4.41966
6.91 0 -0.486092 2.47589 4.303
6.92 0 -0.0223047 0.208798 3.97809
6.93 0 0.178217 -1.12953 3.05724
6.94 0 0.0277945 -1.48099 1.68024
6.95 0 -0.78727 -1.22196 -0.000192694
6.96 0 -1.68888 -0.964206 -1.65121
6.97 0 -2.39986 -1.14497 -3.02026
6.98 0 -2.81391 -2.07942 -3.93318
6.99 0 -2.62735 -3.50075 -4.2998
7 0 -1.99991 -4.55557 -4.28126
7.01 0 -1.42455 -5.00942 -4.18022
7.02 0 -1.34888 -4.84151 -4.25754
7.03 0 -1.57988 -4.07944 -4.43916
7.04 0 -1.84446 -3.05228 -4.4942
7.05 0 -2.07149 -2.19097 -4.54558
7.06 0 -2.23536 -1.93831 -4.64069
7.07 0 -2.20001 -2.32742 -4.70614
7.08 0 -2.00639 -3.17863 -4.73148
7.09 0 -1.95188 -4.29264 -4.92535
7.1 0 -2.17052 -5.30226 -5.33184
7.11 0 -2.61952 -5.89872 -5.87102
7.12 0 -3.31369 -6.15535 -6.59278
7.13 0 -4.10009 -6.25135 -7.43392
7.14 0 -4.75594 -6.40713 -8.27663
7.15 0 -4.97856 -6.63729 -8.89659
7.16 0 -4.7511 -6.9776 -9.27991
7.17 0 -4.34677 -7.48063 -9.63358
7.18 0 -4.03251 -8.05492 -10.1251
7.19 0 -3.93282 -8.51191 -10.7894
7.2 0 -4.01496 -8.6596 -11.5462
7.21 0 -4.26259 -8.5896 -12.3846
7.22 0 -4.56799 -8.45907 -13.209
7.23 0 -4.77454 -8.40139 -13.864
7.24 0 -4.69368 -8.59046 -14.0632
7.25 0 -4.38512 -8.93241 -13.8435
7.26 0 -4.0705 -9.2924 -13.3687
7.27 0 -4.01282 -9.5242 -12.8763
7.28 0 -4.27948 -9.50863 -12.4577
7.29 0 -4.78909 -9.26214 -12.1286
7.3 0 -5.30607 -8.88509 -11.7958
7.31 0 -5.60952 -8.5268 -11.3905
7.32 0 -5.57127 -8.27854 -10.896
7.33 0 -5.13499 -8.0465 -10.2994
7.34 0 -4.30424 -7.59396 -9.565
7.35 0 -3.33157 -6.87373 -8.85479
7.36 0 -2.49163 -5.95197 -8.34815
7.37 0 -1.8172 -4.83362 -7.9826
7.38 0 -1.20701 -3.55284 -7.62227
7.39 0 -0.429573 -2.26623 -7.15912
7.4 0 0.881772 -1.27814 -6.56178
7.41 0 4.45907 -0.892117 -5.54344
7.42 0 3.49258 1.67352 -4.53053
7.43 0 1.93734 3.6493 -2.58662
7.44 0 1.19751 3.52044 1.75515
7.45 0 1.47649 2.82501 6.19703
7.46 0 1.59479 3.01858 8.89385
7.47 0 1.38962 3.79482 10.4178
7.48 0 0.963078 4.76369 11.2981
7.49 0 0.556449 5.71414 11.618
7.5 0 0.396722 6.25567 11.7414
7.51 0 0.65013 6.31368 11.7621
7.52 0 1.285 6.01196 11.7484
7.53 0 2.14167 5.62695 11.6629
7.54 0 3.04255 5.54338 11.4992
7.55 0 3.80738 5.96257 11.2201
7.56 0 4.28379 6.79656 10.7509
7.57 0 4.48376 7.77709 10.1011
7.58 0 4.71798 8.25868 9.53804
7.59 0 4.83761 8.91517 8.92584
7.6 0 5.57389 7.24531 8.94659
7.61 0 5.32097 7.67029 8.28511
7.62 0 4.64535 7.73949 7.39216
7.63 0 3.49129 6.9782 6.0885
7.64 0 2.36491 5.52964 4.78252
7.65 0 1.70871 3.87148 3.87434
7.66 0 1.65879 2.49598 3.54643
7.67 0 1.87752 1.62884 3.55947
7.68 0 1.96931 1.32923 3.60874
7.69 0 1.95118 1.4842 3.36001
7.7 0 1.62797 2.01104 2.97828
7.71 0 1.03015 2.74585 2.77901
7.72 0 0.661197 3.27798 2.72797
7.73 0 0.678977 3.39074 2.88841
7.74 0 1.04622 3.08935 3.24004
7.75 0 1.60865 2.60694 3.71754
7.76 0 2.15371 2.28612 4.22959
7.77 0 2.49599 2.37996 4.68963
7.78 0 2.59511 2.98618 5.09188
7.79 0 2.49473 3.97125 5.41635
7.8 0 2.31925 4.99462 5.67467
7.81 0 2.33988 5.78734 6.04505
7.82 0 2.59909 6.11197 6.52962
7.83 0 3.02387 5.9826 7.07135
7.84 0 3.46551 5.64054 7.58101
7.85 0 3.75094 5.37903 7.95313
7.86 0 3.75664 5.37706 8.10289
7.87 0 3.49533 5.64048 8.03361
7.88 0 3.0953 6.00425 7.82123
7.89 0 2.77009 6.27491 7.6132
7.9 0 2.70316 6.33719 7.54958
7.91 0 2.8972 6.15476 7.63755
7.92 0 3.21126 5.80872 7.78717
7.93 0 3.48146 5.48401 7.90945
7.94 0 3.59096 5.34838 7.95367
7.95 0 3.50287 5.45618 7.91666
7.96 0 3.26814 5.71935 7.84442
7.97 0 2.99917 5.97851 7.81472
7.98 0 2.6568 5.93057 7.74243
7.99 0 1.94667 5.12979 7.28493
8 0 1.04155 3.74317 6.56547
8.01 0 0.289684 2.27262 5.91247
8.02 0 -0.32531 0.927557 5.29394
8.03 0 -1.05084 -0.30793 4.46656
8.04 0 -1.71273 -1.19934 3.57949
8.05 0 -2.15654 -1.62243 2.73559
8.06 0 -2.31951 -1.79042 1.95278
8.07 0 -2.34246 -1.92616 1.01758
8.08 0 -2.30312 -1.99414 -0.150227
8.09 0 -2.10702 -2.07693 -1.63139
8.1 0 -3.14631 -2.16851 -3.34407
8.11 0 -3.08207 -1.8613 -6.12341
8.12 0 -0.825751 -2.07228 -8.54125
8.13 0 1.59659 -2.556 -10.0111
8.14 0 3.4088 -3.43595 -10.5539
8.15 0 4.09755 -4.22795 -10.6407
8.16 0 3.29923 -4.06211 -11.0536
8.17 0 1.69454 -3.20058 -11.3908
8.18 0 0.101314 -2.02956 -11.1574
8.19 0 -1.00271 -1.22757 -10.2
8.2 0 -1.14882 -0.991353 -8.24976
8.21 0 -0.665178 -1.61246 -5.51877
8.22 0 -0.112395 -2.54472 -2.58898
8.23 0 -0.134277 -3.21139 -0.0630693
8.24 0 -1.04168 -3.2043 1.67085
8.25 0 -2.60883 -2.51445 2.65026
8.26 0 -4.24894 -1.48095 3.16225
8.27 0 -5.51477 -0.837588 3.36857
8.28 0 -6.03956 -1.02948 3.45044
8.29 0 -5.78236 -2.10035 3.4435
8.3 0 -4.99233 -3.67266 3.29513
8.31 0 -4.04364 -5.14648 2.96996
8.32 0 -3.37711 -5.88717 2.20417
8.33 0 -3.12062 -5.54469 0.988568
8.34 0 -3.06117 -4.21782 -0.444443
8.35 0 -2.85885 -2.39621 -1.87218
8.36 0 -2.14565 -0.649184 -3.02292
8.37 0 -0.892349 0.467075 -3.87632
8.38 0 0.681611 0.72539 -4.5369
8.39 0 2.27278 0.366985 -5.07594
8.4 0 3.44152 -0.243821 -5.66634
8.41 0 3.85105 -0.773068 -6.4345
8.42 0 3.24051 -1.24493 -7.56155
8.43 0 0.225029 -1.84059 -6.26041
8.44 0 -0.835881 -2.12282 -7.12848
8.45 0 -1.50771 -2.49493 -7.50774
8.46 0 -1.66889 -3.07215 -7.43277
8.47 0 -1.54309 -3.78213 -7.04491
8.48 0 -1.35876 -4.45747 -6.51849
8.49 0 -1.40639 -4.90396 -6.06043
8.5 0 -1.80453 -5.06261 -5.77098
8.51 0 -2.50695 -4.93492 -5.68728
8.52 0 -3.30173 -4.73356 -5.69737
8.53 0 -3.97039 -4.67323 -5.7181
8.54 0 -4.36366 -4.93229 -5.68325
8.55 0 -4.4939 -5.51986 -5.64779
8.56 0 -4.48006 -6.30517 -5.70764
8.57 0 -4.43577 -7.00972 -5.93293
8.58 0 -4.39083 -7.3596 -6.30205
8.59 0 -4.29266 -7.19794 -6.73336
8.6 0 -4.02278 -6.542 -7.09269
8.61 0 -3.65895 -5.74498 -7.44916
8.62 0 -3.22678 -5.11892 -7.80842
8.63 0 -2.71519 -4.80462 -8.11882
8.64 0 -2.18462 -4.81641 -8.37277
8.65 0 -1.71165 -5.01094 -8.56304
8.66 0 -1.35614 -5.16858 -8.66904
8.67 0 -1.03119 -4.98548 -8.5458
8.68 0 -0.524317 -4.17222 -7.95002
8.69 0 -0.0554139 -3.02327 -7.09871
8.7 0 0.263935 -1.84662 -6.13344
8.71 0 0.564295 -0.734172 -4.97922
8.72 0 0.767655 0.080654 -3.78157
8.73 0 0.933617 0.62805 -2.54258
8.74 0 1.03156 0.947729 -1.341
8.75 0 0.985191 1.06332 -0.279031
8.76 0 0.777218 1.03917 0.621525
8.77 0 0.390778 0.878321 1.3221
8.78 0 -0.199054 0.535791 1.77036
8.79 0 -1.18949 -0.256973 1.70892
8.8 0 -2.43485 -1.46472 1.1969
8.81 0 -3.33463 -2.52861 0.789625
8.82 0 -3.67903 -3.22219 0.626559
8.83 0 -3.69555 -3.64371 0.483275
8.84 0 -3.67472 -3.8677 0.188623
8.85 0 -3.61003 -3.85532 -0.265129
8.86 0 -3.40855 -3.57152 -0.84647
8.87 0 -2.98501 -3.11404 -1.4634
8.88 0 -2.39502 -2.40762 -2.11073
8.89 0 -1.69173 -1.78072 -2.60288
8.9 0 -0.632176 -1.29095 -2.93437
8.91 0 1.18559 -0.618906 -3.08501
8.92 0 4.68455 0.0145167 -2.87823
8.93 0 4.46758 1.99553 -2.92535
8.94 0 3.39811 3.54008 -2.81287
8.95 0 2.36453 3.82072 -1.91985
8.96 0 1.86545 3.07187 -0.672203
8.97 0 1.6268 1.68237 1.00765
8.98 0 1.65446 0.38842 2.48971
8.99 0 1.3127 0.133891 3.55595
9 0 0.603603 0.88878 4.10742
9.01 0 -0.0510362 2.16585 4.3156
9.02 0 -0.404349 3.30624 4.61127
9.03 0 -0.222831 3.94152 5.09062
9.04 0 0.493405 4.06147 5.68022
9.05 0 1.41005 3.76792 6.19055
9.06 0 2.23096 3.3205 6.53538
9.07 0 2.72115 3.09431 6.62499
9.08 0 2.75061 3.25021 6.4081
9.09 0 2.41581 3.74799 5.9656
9.1 0 1.9554 4.34655 5.44926
9.11 0 1.58895 4.71373 4.96561
9.12 0 1.42296 4.58146 4.54348
9.13 0 1.48022 3.94024 4.20463
9.14 0 1.73103 3.06604 3.98803
9.15 0 1.94984 2.22001 3.77336
9.16 0 1.9922 1.68807 3.50988
9.17 0 1.81156 1.60554 3.19126
9.18 0 1.46109 1.89426 2.84174
9.19 0 1.075 2.32702 2.51545
9.2 0 0.866163 2.70547 2.33809
9.21 0 0.962656 2.89349 2.3849
9.22 0 1.38877 2.91606 2.68926
9.23 0 2.13458 3.02088 3.312
9.24 0 2.90447 3.29415 4.05983
9.25 0 3.39057 3.73844 4.70995
9.26 0 3.5485 4.39114 5.24772
9.27 0 3.45154 5.15456 5.71167
9.28 0 3.06551 5.6566 5.98606
9.29 0 2.56702 5.72453 6.15063
9.3 0 2.12585 5.32734 6.30011
9.31 0 1.68398 4.44023 6.34455
9.32 0 1.28056 3.33766 6.32996
9.33 0 0.920684 2.3496 6.28804
9.34 0 0.47295 1.60808 6.10507
9.35 0 0.026434 1.37802 5.79373
9.36 0 -0.323223 1.60062 5.38613
9.37 0 -0.51159 1.9867 4.89124
9.38 0 -0.418582 2.29883 4.40095
9.39 0 0.0131134 2.42436 3.98898
9.4 0 0.730709 2.39919 3.67819
9.41 0 1.53395 2.31998 3.3855
9.42 0 2.20305 2.30789 3.01908
9.43 0 2.5774 2.41928 2.51974
9.44 0 2.65262 2.64373 1.93407
9.45 0 2.51703 2.87537 1.35648
9.46 0 2.27115 2.94045 0.859199
9.47 0 2.05376 2.77146 0.546375
9.48 0 1.888 2.34918 0.420994
9.49 0 1.76579 1.79432 0.476132
9.5 0 1.61307 1.25827 0.647972
9.51 0 1.32039 0.838901 0.833613
9.52 0 0.872805 0.598934 0.99337
9.53 0 0.33858 0.525068 1.13977
9.54 0 -0.171568 0.535928 1.3066
9.55 0 -0.519685 0.568974 1.55763
9.56 0 -0.601005 0.61289 1.94722
9.57 0 -0.415889 0.68327 2.45734
9.58 0 -0.0797962 0.804642 2.9983
9.59 0 0.238355 0.987055 3.44173
9.6 0 0.377285 1.1819 3.65808
9.61 0 0.309359 1.34081 3.62246
9.62 0 0.161411 1.46178 3.42885
9.63 0 -0.00810567 1.45015 3.1047
9.64 0 -0.133321 1.27434 2.70791
9.65 0 -0.141793 0.960583 2.30925
9.66 0 -0.0661191 0.540682 1.85349
9.67 0 0.0865937 0.155324 1.32083
9.68 0 0.256457 -0.0114932 0.795656
9.69 0 0.424195 -0.0344077 0.304787
9.7 0 0.585695 0.145307 -0.214335
9.71 0 0.940239 0.530633 -0.76923
9.72 0 1.32541 1.14546 -1.19229
9.73 0 1.7898 1.67158 -1.51196
9.74 0 2.37626 1.94536 -1.85873
9.75 0 2.89978 1.93698 -2.10074
9.76 0 1.73227 2.07457 -2.18209
9.77 0 0.19599 1.69063 -2.05179
9.78 0 0.276247 0.230109 -1.53865
9.79 0 0.670352 -1.18757 -0.893639
9.8 0 0.532756 -2.18193 -0.482152
9.81 0 -0.165012 -2.53939 -0.507557
9.82 0 -1.25421 -2.3144 -0.888563
9.83 0 -2.47759 -1.86517 -1.40449
9.84 0 -3.44028 -1.48136 -1.77528
9.85 0 -3.6574 -1.57654 -1.81065
9.86 0 -3.13602 -2.13836 -1.50242
9.87 0 -2.2009 -2.91631 -1.02452
9.88 0 -1.32297 -3.39484 -0.721379
9.89 0 -0.840834 -3.30111 -0.770109
9.9 0 -0.869849 -2.78359 -1.01238
9.91 0 -1.23657 -2.05629 -1.44139
9.92 0 -1.64085 -1.27061 -1.95497
9.93 0 -1.76953 -0.736484 -2.34746
9.94 0 -1.50234 -0.648556 -2.53695
9.95 0 -0.889642 -0.946878 -2.50561
9.96 0 -0.157322 -1.47442 -2.34247
9.97 0 0.357121 -1.9306 -2.26988
9.98 0 0.434767 -2.10619 -2.41985
9.99 0 -0.0536704 -2.09314 -2.91119
10 0 -0.958229 -2.08099 -3.67632
10.01 0 -1.82395 -2.14376 -4.39264
10.02 0 -2.38734 -2.46305 -4.91804
10.03 0 -2.49722 -3.0324 -5.14441
10.04 0 -2.16267 -3.63767 -5.0465
10.05 0 -1.69847 -4.14032 -4.8406
10.06 0 -1.37436 -4.35899 -4.6934
10.07 0 -1.34362 -4.21768 -4.7021
10.08 0 -1.61732 -3.82101 -4.89437
10.09 0 -2.03136 -3.36064 -5.18279
10.1 0 -2.3671 -3.05317 -5.44452
10.11 0 -2.4535 -3.02945 -5.57472
10.12 0 -2.28465 -3.3173 -5.57363
10.13 0 -2.01822 -3.88698 -5.5141
10.14 0 -1.80401 -4.47528 -5.47219
10.15 0 -1.73063 -4.79501 -5.47613
10.16 0 -1.81579 -4.70316 -5.52397
10.17 0 -1.94434 -4.20696 -5.5203
10.18 0 -1.9448 -3.44681 -5.34052
10.19 0 -1.79261 -2.73449 -5.00288
10.2 0 -1.53135 -2.31221 -4.57223
10.21 0 -1.26139 -2.26591 -4.14007
10.22 0 -0.998579 -2.41023 -3.69264
10.23 0 -0.765813 -2.49158 -3.21621
10.24 0 -0.63265 -2.35944 -2.75611
10.25 0 -0.6085 -1.96111 -2.31753
10.26 0 -0.659568 -1.38998 -1.90301
10.27 0 -0.718695 -0.809652 -1.49581
10.28 0 -0.718843 -0.378295 -1.07917
10.29 0 -0.630066 -0.184125 -0.654078
10.3 0 -0.44466 -0.173847 -0.215459
10.31 0 -0.234091 -0.242261 0.204375
10.32 0 -0.108066 -0.313263 0.506312
10.33 0 -0.126322 -0.305885 0.647434
10.34 0 -0.281557 -0.231427 0.62651
10.35 0 -0.546749 -0.186133 0.443006
10.36 0 -0.80752 -0.2324 0.17342
10.37 0 -0.965833 -0.373444 -0.0665048
10.38 0 -0.940325 -0.542413 -0.227986
10.39 0 -0.759222 -0.726914 -0.324121
10.4 0 -0.505911 -0.87068 -0.401794
10.41 0 -0.255598 -0.876925 -0.493345
10.42 0 -0.081947 -0.746149 -0.644239
10.43 0 -0.0422501 -0.456998 -0.87726
10.44 0 -0.0699469 -0.17061 -1.13165
10.45 0 -0.0963305 -0.0126497 -1.35827
10.46 0 -0.117419 -0.060311 -1.47102
10.47 0 -0.0191856 -0.289472 -1.48456
10.48 0 0.117258 -0.551531 -1.40504
10.49 0 0.187387 -0.811575 -1.27396
10.5 0 -0.0774229 -0.820548 -1.25606
10.51 0 0.162366 -0.929922 -1.22056
10.52 0 0.69755 -0.956608 -1.15144
10.53 0 0.892863 -0.774569 -0.919844
10.54 0 0.310673 -0.192883 -0.837298
10.55 0 -0.980052 0.545986 -0.70654
10.56 0 -1.62587 0.519289 -0.117347
10.57 0 -1.50356 -0.014255 0.615854
10.58 0 -1.02282 -0.703814 1.47064
10.59 0 -0.545061 -1.05755 2.13424
10.6 0 -0.238824 -0.841289 2.53503
10.61 0 0.0100874 -0.0325384 2.65056
10.62 0 0.215466 1.15523 2.63434
10.63 0 0.509839 2.28838 2.59755
10.64 0 0.998461 3.17643 2.65107
10.65 0 1.76019 3.71311 2.89976
10.66 0 2.6829 3.9548 3.31806
10.67 0 3.48697 4.00137 3.74415
10.68 0 3.95316 4.05008 4.06255
10.69 0 3.99049 4.30325 4.17074
10.7 0 3.69078 4.68112 4.11995
10.71 0 3.20741 4.9836 4.04827
10.72 0 2.69673 5.00014 4.03745
10.73 0 2.25431 4.61289 4.10886
10.74 0 1.87482 3.83612 4.22186
10.75 0 1.57174 2.91429 4.39222
10.76 0 1.33101 2.15725 4.62636
10.77 0 1.09203 1.77022 4.87725
10.78 0 0.771678 1.75243 5.0448
10.79 0 0.407795 2.00715 5.11326
10.8 0 0.0956202 2.34633 5.10422
10.81 0 -0.0467296 2.61658 5.05348
10.82 0 0.070856 2.74682 5.00673
10.83 0 0.436627 2.73085 4.97148
10.84 0 0.922897 2.62491 4.87802
10.85 0 1.36272 2.51947 4.64022
10.86 0 1.62449 2.4776 4.19907
10.87 0 1.66521 2.49466 3.55859
10.88 0 1.56714 2.53169 2.8182
10.89 0 1.515 2.57653 2.16475
10.9 0 1.62372 2.59372 1.72055
10.91 0 1.84215 2.50937 1.46078
10.92 0 2.10023 2.32772 1.30303
10.93 0 2.29094 2.16484 1.23465
10.94 0 2.36754 2.10095 1.24964
10.95 0 2.31656 2.17652 1.35476
10.96 0 2.14481 2.35727 1.53581
10.97 0 1.89732 2.54252 1.79439
10.98 0 1.63436 2.64042 2.13535
10.99 0 1.38108 2.58087 2.53414
11 0 1.11501 2.32463 2.93053
11.01 0 0.813223 1.8151 3.2594
11.02 0 0.32197 1.15572 3.34142
11.03 0 -0.421584 0.405381 3.07341
11.04 0 -1.19478 -0.230129 2.55913
11.05 0 -1.70675 -0.64663 2.04165
11.06 0 -1.89618 -0.904393 1.55742
11.07 0 -1.83391 -1.11886 1.01457
11.08 0 -1.62505 -1.39085 0.37535
11.09 0 -1.66231 -1.28412 -0.55751
11.1 0 -1.62082 -1.12912 -1.42085
11.11 0 -1.17836 -1.04235 -2.14143
11.12 0 -0.311741 -1.12677 -2.75657
11.13 0 0.541501 -1.39032 -3.30208
11.14 0 1.17063 -1.67951 -3.78438
11.15 0 1.37322 -1.62056 -4.36472
11.16 0 1.13919 -1.37532 -4.88824
11.17 0 0.617275 -1.12723 -5.29328
11.18 0 0.0278964 -1.10571 -5.42576
11.19 0 -0.450568 -1.39695 -5.21657
11.2 0 -0.730674 -1.97109 -4.70018
11.21 0 -0.907691 -2.63317 -3.95411
11.22 0 -1.16595 -3.16406 -3.18532
11.23 0 -1.63289 -3.42127 -2.56046
11.24 0 -2.28723 -3.39293 -2.14854
11.25 0 -2.96995 -3.17465 -1.90326
11.26 0 -3.50042 -2.95274 -1.7657
11.27 0 -3.74401 -2.94858 -1.68655
11.28 0 -3.64368 -3.16537 -1.63475
11.29 0 -3.25147 -3.46291 -1.62887
11.3 0 -2.68741 -3.62116 -1.70991
11.31 0 -2.11927 -3.50886 -1.94186
11.32 0 -1.65677 -3.09302 -2.35593
11.33 0 -1.32181 -2.49509 -2.91559
11.34 0 -1.03577 -1.89327 -3.51019
11.35 0 -0.685573 -1.43946 -4.00026
11.36 0 -0.232193 -1.21588 -4.30487
11.37 0 0.276658 -1.19817 -4.40724
11.38 0 0.728263 -1.27925 -4.34183
11.39 0 0.988843 -1.33926 -4.1672
11.4 0 0.944702 -1.30891 -3.96873
11.41 0 0.623241 -1.20615 -3.73938
11.42 0 0.142504 -1.08395 -3.42659
11.43 0 -0.378172 -1.05044 -2.99978
11.44 0 -0.838714 -1.16209 -2.44979
11.45 0 -1.27722 -1.42778 -1.74793
11.46 0 -1.60935 -1.81998 -0.951367
11.47 0 -1.86572 -2.1448 -0.193185
11.48 0 -2.09614 -2.25331 0.393258
11.49 0 -2.28972 -2.0876 0.76704
11.5 0 -2.36365 -1.70629 0.969646
11.51 0 -2.25798 -1.23084 1.04526
11.52 0 -1.95211 -0.815848 0.983701
11.53 0 -1.4608 -0.542599 0.78712
11.54 0 -0.816822 -0.384231 0.491764
11.55 0 -0.174708 -0.125788 0.0718732
11.56 0 0.567766 0.118004 -0.38016
11.57 0 1.86397 0.256371 -0.790464
11.58 0 3.00277 0.614905 -1.20884
11.59 0 3.41647 1.38041 -1.62758
11.6 0 2.9783 2.3644 -1.91786
11.61 0 2.33332 3.02936 -1.838
11.62 0 1.72172 3.05169 -1.25599
11.63 0 1.18672 2.37572 -0.222315
11.64 0 0.80894 1.22109 1.08338
11.65 0 0.385905 0.0650583 2.33011
11.66 0 -0.208835 -0.690197 3.12394
11.67 0 -1.02376 -0.93716 3.49082
11.68 0 -1.92844 -0.676768 3.47728
11.69 0 -2.6113 -0.212438 3.27816
11.7 0 -2.79845 0.153804 3.04682
11.71 0 -2.36832 0.274277 2.88042
11.72 0 -1.42851 0.207329 2.75038
11.73 0 -0.26997 0.142167 2.535
11.74 0 0.790915 0.302385 2.11976
11.75 0 1.53901 0.854462 1.49742
11.76 0 2.00229 1.69214 0.738171
11.77 0 2.27001 2.50284 -0.0020359
11.78 0 2.46674 2.99657 -0.572622
11.79 0 2.65674 3.00098 -0.879145
11.8 0 2.83066 2.57203 -0.887647
11.81 0 2.90954 1.95086 -0.627605
11.82 0 2.77154 1.41547 -0.193644
11.83 0 2.3171 1.12781 0.293295
11.84 0 1.57805 1.12924 0.748161
11.85 0 0.729007 1.2886 1.219
11.86 0 -0.00468519 1.39037 1.71849
11.87 0 -0.510559 1.30716 2.29354
11.88 0 -0.734339 1.04202 2.93582
11.89 0 -0.744599 0.696292 3.54727
11.9 0 -0.672858 0.418212 4.00075
11.91 0 -0.610476 0.357981 4.21985
11.92 0 -0.584464 0.569946 4.17975
11.93 0 -0.531787 1.00127 3.93435
11.94 0 -0.362351 1.49668 3.56902
11.95 0 -0.0262947 1.87733 3.14876
11.96 0 0.461805 2.03388 2.70765
11.97 0 1.10052 2.00539 2.25054
11.98 0 1.77149 1.93891 1.81344
11.99 0 2.30908 1.95709 1.34799
12 0 2.63242 2.13256 0.890463
12.01 0 2.74221 2.40053 0.506695
12.02 0 2.67795 2.63735 0.248651
12.03 0 2.54447 2.75173 0.20524
12.04 0 2.37325 2.69296 0.402933
12.05 0 2.18691 2.48875 0.84492
12.06 0 1.9794 2.20733 1.46619
12.07 0 1.64571 1.90313 2.11431
12.08 0 1.17657 1.65785 2.69253
12.09 0 0.647042 1.35357 3.18384
12.1 0 -0.584832 1.23643 3.44632
12.11 0 -2.03658 1.07221 3.56122
12.12 0 -2.98588 0.500484 3.61372
12.13 0 -2.84473 -0.577772 3.59486
12.14 0 -2.19261 -1.66862 3.29478
12.15 0 -1.18694 -2.35598 2.56519
12.16 0 -0.508878 -2.24265 1.26914
12.17 0 -0.264803 -1.39839 -0.486496
12.18 0 -0.27881 -0.218743 -2.27025
12.19 0 -0.164578 0.678482 -3.63594
12.2 0 0.417385 0.821634 -4.39367
12.21 0 1.31543 0.258891 -4.59087
12.22 0 2.15538 -0.5707 -4.45756
12.23 0 2.51923 -1.23532 -4.19053
12.24 0 2.23107 -1.46658 -3.98678
12.25 0 1.41684 -1.26878 -3.85019
12.26 0 0.299801 -0.878727 -3.68265
12.27 0 -0.809649 -0.654879 -3.34702
12.28 0 -1.62759 -0.839278 -2.74179
12.29 0 -2.06485 -1.46396 -1.89628
12.3 0 -2.23593 -2.28682 -0.977959
12.31 0 -2.31844 -3.04495 -0.171361
12.32 0 -2.51934 -3.47244 0.321881
12.33 0 -2.89159 -3.45478 0.421303
12.34 0 -3.32389 -3.08041 0.174098
12.35 0 -3.5897 -2.56881 -0.267061
12.36 0 -3.5169 -2.19281 -0.774638
12.37 0 -3.04374 -2.1026 -1.26795
12.38 0 -2.22578 -2.23273 -1.71037
12.39 0 -1.27951 -2.41911 -2.17022
12.4 0 -0.441872 -2.46154 -2.72073
12.41 0 0.126956 -2.24147 -3.3855
12.42 0 0.385951 -1.8226 -4.10825
12.43 0 0.414886 -1.37404 -4.77397
12.44 0 0.36996 -1.01578 -5.26923
12.45 0 0.368043 -0.870987 -5.51166
12.46 0 0.442683 -1.02115 -5.45368
12.47 0 0.557255 -1.38295 -5.09007
12.48 0 0.56804 -1.79164 -4.54162
12.49 0 0.342554 -2.0878 -3.93613
12.5 0 -0.133384 -2.16071 -3.32839
12.51 0 -0.78168 -2.04788 -2.71848
12.52 0 -1.45342 -1.83387 -2.09688
12.53 0 -2.0381 -1.65992 -1.4793
12.54 0 -2.47637 -1.67946 -0.819037
12.55 0 -2.69595 -1.92558 -0.140603
12.56 0 -2.74936 -2.30056 0.404077
12.57 0 -2.74714 -2.64978 0.669665
12.58 0 -2.73829 -2.82107 0.629868
12.59 0 -2.7178 -2.71171 0.276155
12.6 0 -2.56708 -2.35334 -0.270232
12.61 0 -2.1452 -1.87954 -0.888609
12.62 0 -1.49418 -1.41233 -1.49225
12.63 0 -0.674792 -1.01994 -2.00547
12.64 0 0.163818 -0.539019 -2.4332
12.65 0 1.79183 -0.280791 -2.66855
12.66 0 3.47925 0.0415891 -2.82147
12.67 0 4.09275 0.841313 -3.01515
12.68 0 3.58585 1.99734 -3.10549
12.69 0 2.40978 3.00695 -2.80112
12.7 0 1.38857 3.30792 -1.84182
12.71 0 0.889506 2.68508 -0.212133
12.72 0 0.783884 1.40333 1.80207
12.73 0 0.797182 0.163896 3.55306
12.74 0 0.399191 -0.391404 4.79689
12.75 0 -0.468691 -0.0720083 5.3876
12.76 0 -1.51987 0.735552 5.50675
12.77 0 -2.30009 1.5366 5.30952
12.78 0 -2.52273 1.92219 5.05231
12.79 0 -2.07047 1.75734 4.85648
12.8 0 -1.16511 1.20484 4.6506
12.81 0 -0.0779895 0.651811 4.30868
12.82 0 0.866587 0.455904 3.69144
12.83 0 1.46118 0.775751 2.75027
12.84 0 1.70205 1.50265 1.57047
12.85 0 1.8244 2.3236 0.415061
12.86 0 2.05971 2.96241 -0.469244
12.87 0 2.49957 3.19115 -0.967562
12.88 0 3.09816 3.00228 -1.05028
12.89 0 3.66502 2.57339 -0.791877
12.9 0 3.94882 2.19396 -0.365706
12.91 0 3.75123 2.02785 0.0689656
12.92 0 3.07836 2.1059 0.472609
12.93 0 2.06717 2.25678 0.854501
12.94 0 0.97203 2.25779 1.29427
12.95 0 0.0489758 1.96512 1.87383
12.96 0 -0.61284 1.33037 2.549
12.97 0 -1.02603 0.514945 3.22459
12.98 0 -1.25761 -0.162365 3.77922
12.99 0 -1.39922 -0.552742 4.15859
13 0 -1.51511 -0.568856 4.3015
13.01 0 -1.59043 -0.219304 4.18506
13.02 0 -1.52795 0.368113 3.86637
13.03 0 -1.19633 1.0054 3.47134
13.04 0 -0.549106 1.52799 3.0793
13.05 0 0.332517 1.86222 2.68794
13.06 0 1.36734 2.11507 2.35074
13.07 0 2.39639 2.41294 2.07068
13.08 0 3.1809 2.77874 1.75027
13.09 0 3.66478 3.17506 1.36381
13.1 0 3.83376 3.60024 0.971663
13.11 0 3.74787 3.89988 0.687074
13.12 0 3.50904 3.92527 0.623601
13.13 0 3.1903 3.63198 0.814601
13.14 0 2.79733 3.08265 1.2256
13.15 0 2.30047 2.42445 1.77626
13.16 0 1.60107 1.83001 2.35253
13.17 0 0.70467 1.33541 2.82928
13.18 0 -0.225942 0.965358 3.20109
13.19 0 -1.03231 0.688923 3.48225
13.2 0 -1.88663 0.308773 3.67948
13.21 0 -3.0647 0.00341695 3.72535
13.22 0 -3.6296 -0.554728 3.5936
13.23 0 -3.28019 -1.39784 3.27789
13.24 0 -2.34779 -2.15593 2.59707
13.25 0 -1.33812 -2.43092 1.47514
13.26 0 -0.369818 -2.16609 -0.110918
13.27 0 0.202883 -1.39334 -2.01722
13.28 0 0.373211 -0.386977 -3.74779
13.29 0 0.585491 0.266639 -5.0919
13.3 0 1.03693 0.255297 -5.84881
13.31 0 1.62888 -0.236303 -6.09629
13.32 0 2.05974 -0.957512 -5.9371
13.33 0 2.13113 -1.58077 -5.57638
13.34 0 1.76037 -1.84137 -5.10549
13.35 0 1.03679 -1.72822 -4.54722
13.36 0 0.0867724 -1.41364 -3.89662
13.37 0 -0.868134 -1.12541 -3.08957
13.38 0 -1.67671 -1.1324 -2.15285
13.39 0 -2.25504 -1.51889 -1.14291
13.4 0 -2.65273 -2.13902 -0.202381
13.41 0 -2.966 -2.8458 0.524577
13.42 0 -3.31119 -3.43055 0.911381
13.43 0 -3.72251 -3.73073 0.853262
13.44 0 -4.08213 -3.69053 0.436936
13.45 0 -4.19843 -3.42393 -0.172448
13.46 0 -3.95079 -3.09213 -0.865051
13.47 0 -3.27708 -2.78719 -1.52882
13.48 0 -2.24847 -2.51846 -2.11972
13.49 0 -1.07645 -2.25234 -2.68647
13.5 0 0.00829546 -1.91823 -3.28307
13.51 0 0.859379 -1.48641 -3.8756
13.52 0 1.39995 -0.98788 -4.43288
13.53 0 1.63388 -0.476418 -4.92307
13.54 0 1.66146 -0.0667939 -5.24781
13.55 0 1.5926 0.128809 -5.32153
13.56 0 1.50399 0.0055609 -5.04401
13.57 0 1.37423 -0.358909 -4.4544
13.58 0 1.10529 -0.829743 -3.66805
13.59 0 0.609404 -1.24723 -2.81792
13.6 0 -0.132871 -1.5322 -1.99094
13.61 0 -1.06612 -1.69033 -1.25722
13.62 0 -2.08359 -1.81906 -0.63778
13.63 0 -3.02496 -2.01999 -0.0344136
13.64 0 -3.66875 -2.37348 0.520393
13.65 0 -3.95037 -2.76389 0.946216
13.66 0 -3.90256 -3.09122 1.18292
13.67 0 -3.61745 -3.22126 1.17253
13.68 0 -3.19991 -3.03649 0.83488
13.69 0 -2.69603 -2.56037 0.19459
13.7 0 -2.0606 -1.96378 -0.649549
13.71 0 -1.27971 -1.38859 -1.58098
13.72 0 -0.382802 -0.892605 -2.45892
13.73 0 0.546174 -0.531966 -3.21389
13.74 0 1.61881 -0.161186 -3.81693
13.75 0 3.31353 0.0263833 -4.14466
13.76 0 4.4653 0.499347 -4.3134
13.77 0 4.37732 1.41208 -4.29651
13.78 0 3.4387 2.39636 -3.96985
13.79 0 2.28691 2.91865 -3.03054
13.8 0 1.22086 2.68946 -1.43924
13.81 0 0.464761 1.75375 0.623489
13.82 0 -0.0662291 0.541078 2.79552
13.83 0 -0.44414 -0.479749 4.54362
13.84 0 -1.12464 -0.803217 5.64935
13.85 0 -2.02039 -0.457459 6.15185
13.86 0 -2.84897 0.227333 6.18308
13.87 0 -3.23392 0.858568 5.90502
13.88 0 -2.98069 1.20435 5.55364
13.89 0 -2.06758 1.24691 5.20712
13.9 0 -0.741365 1.13649 4.78317
13.91 0 0.603755 1.16799 4.17556
13.92 0 1.75 1.51313 3.31144
13.93 0 2.59805 2.18959 2.21228
13.94 0 3.13885 3.04509 1.03875
13.95 0 3.50498 3.84507 -0.0451838
13.96 0 3.85254 4.28862 -0.771164
13.97 0 4.20505 4.21677 -1.0406
13.98 0 4.49807 3.74349 -0.848962
13.99 0 4.55932 3.14524 -0.313772
14 0 4.21203 2.66782 0.386965
14.01 0 3.41981 2.47168 1.10258
14.02 0 2.31097 2.47544 1.78252
14.03 0 1.14923 2.50049 2.49288
14.04 0 0.132918 2.37188 3.29679
14.05 0 -0.599841 1.99706 4.16902
14.06 0 -1.04185 1.4188 5.01405
14.07 0 -1.29415 0.780941 5.68162
14.08 0 -1.48338 0.274382 6.0282
14.09 0 -1.66639 0.0510341 5.99098
14.1 0 -1.8175 0.155814 5.56703
14.11 0 -1.82678 0.494343 4.86301
14.12 0 -1.53772 0.895502 4.02562
14.13 0 -0.866951 1.18679 3.11239
14.14 0 0.158447 1.33584 2.17032
14.15 0 1.3001 1.48538 1.20686
14.16 0 2.32514 1.69183 0.209491
14.17 0 3.12129 1.96384 -0.836586
14.18 0 3.68769 2.22713 -1.83653
14.19 0 3.8907 2.41668 -2.56802
14.2 0 3.78209 2.42598 -2.94255
14.21 0 3.43225 2.16022 -2.88482
14.22 0 2.88254 1.54922 -2.42222
14.23 0 2.06112 0.795833 -1.70672
14.24 0 0.209703 0.204134 -0.926636
14.25 0 -2.18359 -0.399309 -0.0694773
14.26 0 -3.77637 -1.44921 0.938715
14.27 0 -4.22686 -2.88564 1.93195
14.28 0 -3.7792 -4.23393 2.58006
14.29 0 -3.45988 -4.7342 2.54183
14.3 0 -3.40864 -4.19959 1.74303
14.31 0 -3.43585 -2.92437 0.391138
14.32 0 -3.17681 -1.47418 -1.1452
14.33 0 -2.36028 -0.529004 -2.49328
14.34 0 -1.08285 -0.323281 -3.35611
14.35 0 0.495085 -0.713456 -3.86856
14.36 0 1.95986 -1.30105 -4.13242
14.37 0 2.85932 -1.5328 -4.41237
14.38 0 2.9779 -1.19646 -4.76933
14.39 0 2.41722 -0.43881 -5.11755
14.4 0 1.50779 0.317231 -5.27395
14.41 0 0.627262 0.61575 -5.03979
14.42 0 0.0189144 0.234111 -4.31271
14.43 0 -0.339799 -0.752357 -3.21348
14.44 0 -0.655758 -2.00784 -1.97302
14.45 0 -1.1311 -3.07592 -0.797719
14.46 0 -1.90426 -3.58483 0.0426536
14.47 0 -2.95221 -3.46193 0.445302
14.48 0 -3.97913 -2.94421 0.522772
14.49 0 -4.6187 -2.38182 0.446626
14.5 0 -4.65744 -2.13193 0.324786
14.51 0 -4.07203 -2.27903 0.184959
14.52 0 -3.03523 -2.62223 -0.026506
14.53 0 -1.85677 -2.88343 -0.449962
14.54 0 -0.83524 -2.76623 -1.16976
14.55 0 -0.140427 -2.1657 -2.15995
14.56 0 0.286161 -1.25625 -3.2326
14.57 0 0.644381 -0.31572 -4.12736
14.58 0 1.0821 0.356643 -4.66174
14.59 0 1.62036 0.628981 -4.78067
14.6 0 2.29677 0.575812 -4.49917
14.61 0 2.97258 0.285855 -3.9213
14.62 0 3.04608 0.124276 -3.19424
14.63 0 2.39824 0.218861 -2.346
14.64 0 1.14811 0.500759 -1.36467
14.65 0 -0.202219 0.650333 -0.226751
14.66 0 -1.30948 0.504046 1.05071
14.67 0 -1.98249 -0.0116034 2.3709
14.68 0 -2.20372 -0.694664 3.5656
14.69 0 -2.09164 -1.20438 4.39555
14.7 0 -1.87605 -1.27692 4.73218
14.71 0 -1.63631 -0.81819 4.52961
14.72 0 -1.3445 0.0781927 3.89709
14.73 0 -0.988036 1.15272 3.03549
14.74 0 -0.321466 2.04581 2.19514
14.75 0 0.354498 2.62489 1.52419
14.76 0 1.45161 2.71141 1.15041
14.77 0 2.69296 2.45569 1.02442
14.78 0 3.67347 2.24454 0.967886
14.79 0 4.10486 2.32232 0.863069
14.8 0 3.92942 2.72528 0.708828
14.81 0 3.30908 3.24653 0.613204
14.82 0 2.50699 3.54966 0.705832
14.83 0 1.77567 3.37358 1.06976
14.84 0 1.21626 2.67942 1.6725
14.85 0 0.795674 1.65285 2.33076
14.86 0 0.378551 0.654623 2.95738
14.87 0 -0.139371 -0.0106623 3.39438
14.88 0 -0.763845 -0.203803 3.56559
14.89 0 -1.36757 -0.0343349 3.49654
14.9 0 -1.78321 0.287354 3.25578
14.91 0 -1.85413 0.544942 2.94157
14.92 0 -1.53354 0.635642 2.64081
14.93 0 -0.735983 0.538648 2.33033
14.94 0 0.27959 0.434087 1.91021
14.95 0 1.18085 0.551072 1.31606
14.96 0 1.74992 0.932407 0.561208
14.97 0 1.96328 1.46556 -0.259109
14.98 0 1.9031 1.90743 -0.996703
14.99 0 1.75164 2.06454 -1.45725
15 0 1.64694 1.81633 -1.54572
15.01 0 1.43113 1.23626 -1.3177
15.02 0 1.04387 0.47458 -0.888995
15.03 0 0.468772 -0.280819 -0.399435
15.04 0 -0.19142 -0.905788 0.029265
15.05 0 -0.897663 -1.32891 0.297166
15.06 0 -1.53205 -1.58135 0.360184
15.07 0 -1.83519 -1.74033 0.249131
15.08 0 -2.03931 -1.73776 -0.0125622
15.09 0 -2.06303 -1.64354 -0.365251
15.1 0 -1.87223 -1.53488 -0.760339
15.11 0 -1.48418 -1.46732 -1.16464
15.12 0 -1.01173 -1.42752 -1.58917
15.13 0 -0.540725 -1.40859 -1.99704
15.14 0 -0.180018 -1.3397 -2.36117
15.15 0 0.0960046 -1.1979 -2.68441
15.16 0 0.27397 -0.997808 -2.92755
15.17 0 0.372916 -0.794779 -3.04944
15.18 0 0.396816 -0.661178 -3.03537
15.19 0 0.349578 -0.646206 -2.88757
15.2 0 0.229326 -0.748098 -2.62167
15.21 0 0.00604621 -0.95033 -2.29508
15.22 0 -0.304568 -1.17801 -1.93241
15.23 0 -0.687936 -1.38411 -1.57429
15.24 0 -1.11809 -1.5581 -1.26205
15.25 0 -1.54404 -1.67812 -0.963829
15.26 0 -1.87332 -1.7709 -0.69185
15.27 0 -2.07581 -1.8512 -0.492324
15.28 0 -2.11666 -1.90823 -0.381729
15.29 0 -1.99314 -1.90018 -0.363174
15.3 0 -1.75878 -1.81474 -0.468787
15.31 0 -1.47612 -1.61079 -0.715266
15.32 0 -1.15722 -1.37629 -1.06565
15.33 0 -0.833409 -1.15433 -1.48931
15.34 0 -0.270048 -1.04876 -1.8979
15.35 0 0.474183 -0.987301 -2.26293
15.36 0 1.05191 -0.802308 -2.59158
15.37 0 1.39907 -0.465908 -2.85807
15.38 0 1.35645 -0.0129353 -3.01351
15.39 0 1.11759 0.401377 -2.92648
15.4 0 0.791953 0.618764 -2.52074
15.41 0 0.492169 0.547588 -1.78996
15.42 0 0.318845 0.250703 -0.786219
15.43 0 0.190138 -0.0757933 0.34599
15.44 0 -0.0338841 -0.244463 1.4134
15.45 0 -0.394142 -0.102781 2.28146
15.46 0 -0.845173 0.260034 2.87347
15.47 0 -1.19542 0.640959 3.20493
15.48 0 -1.34068 0.859522 3.39333
15.49 0 -1.2433 0.82348 3.42968
15.5 0 -0.938473 0.639781 3.32003
15.51 0 -0.511407 0.446832 3.04434
15.52 0 -0.0674045 0.392433 2.58744
15.53 0 0.330822 0.557544 1.96994
15.54 0 0.671597 0.907192 1.25485
15.55 0 1.00545 1.32311 0.561612
15.56 0 1.37941 1.67421 -0.000325032
15.57 0 1.79427 1.88071 -0.352379
15.58 0 2.21878 1.95227 -0.455538
15.59 0 2.56231 1.92615 -0.352374
15.6 0 2.71493 1.88437 -0.106246
15.61 0 2.61764 1.89433 0.234187
15.62 0 2.27123 1.95252 0.633912
15.63 0 1.75642 2.00969 1.09666
15.64 0 1.16847 1.97479 1.61307
15.65 0 0.612349 1.81936 2.16374
15.66 0 0.163879 1.58217 2.74527
15.67 0 -0.164929 1.26464 3.2882
15.68 0 -0.386784 0.947112 3.7349
15.69 0 -0.531386 0.734253 4.02318
15.7 0 -0.628802 0.67518 4.10421
15.71 0 -0.682688 0.758692 3.95586
15.72 0 -0.621597 0.954244 3.64471
15.73 0 -0.420169 1.16309 3.20869
15.74 0 -0.0789623 1.32597 2.6706
15.75 0 0.39413 1.43832 2.0838
15.76 0 0.945596 1.50216 1.49795
15.77 0 1.46825 1.50944 0.917431
15.78 0 1.96246 1.52841 0.282608
15.79 0 2.29883 1.60526 -0.268662
15.8 0 2.42402 1.66185 -0.697966
15.81 0 2.34869 1.61233 -0.951176
15.82 0 2.10876 1.47571 -1.00215
15.83 0 1.75012 1.27549 -0.834652
15.84 0 0.793227 1.13528 -0.49911
15.85 0 -0.273112 0.831807 0.035106
15.86 0 -1.25055 0.300895 0.752927
15.87 0 -1.68126 -0.544334 1.5496
15.88 0 -1.65647 -1.44057 2.21463
15.89 0 -1.54096 -2.04283 2.48064
15.9 0 -1.37111 -2.18733 2.19857
15.91 0 -1.52996 -1.77993 1.351
15.92 0 -1.81491 -1.11319 0.126543
15.93 0 -1.89302 -0.571111 -1.1578
15.94 0 -1.54353 -0.398553 -2.20027
15.95 0 -0.831308 -0.680608 -2.82243
15.96 0 0.0727666 -1.26657 -3.1961
15.97 0 0.838138 -1.83897 -3.4785
15.98 0 1.18851 -2.1187 -3.79055
15.99 0 1.01931 -1.98291 -4.18388
16 0 0.46342 -1.55858 -4.57206
16.01 0 -0.187809 -1.11506 -4.77064
16.02 0 -0.668701 -0.939152 -4.63557
16.03 0 -0.847165 -1.15172 -4.11428
16.04 0 -0.771548 -1.6399 -3.28321
16.05 0 -0.680025 -2.20654 -2.35533
16.06 0 -0.794759 -2.59764 -1.53945
16.07 0 -1.20302 -2.63276 -0.96591
16.08 0 -1.83158 -2.33606 -0.675929
16.09 0 -2.46901 -1.90951 -0.576004
16.1 0 -2.8712 -1.59388 -0.537366
16.11 0 -2.86741 -1.53031 -0.456117
16.12 0 -2.48129 -1.72571 -0.357893
16.13 0 -1.83282 -1.9858 -0.297993
16.14 0 -1.14888 -2.07442 -0.382689
16.15 0 -0.622936 -1.84944 -0.687233
16.16 0 -0.293343 -1.30599 -1.17046
16.17 0 -0.0853749 -0.60861 -1.71579
16.18 0 0.140739 0.017481 -2.16258
16.19 0 0.47587 0.384247 -2.39272
16.2 0 0.878985 0.406633 -2.3988
16.21 0 1.24651 0.214639 -2.21814
16.22 0 1.43545 -0.00631628 -1.93542
16.23 0 1.29896 -0.161599 -1.61244
16.24 0 0.962268 -0.241502 -1.28173
16.25 0 0.384152 -0.210503 -0.92327
16.26 0 -0.272341 -0.191023 -0.553248
16.27 0 -0.86137 -0.275038 -0.150029
16.28 0 -1.22963 -0.503099 0.292173
16.29 0 -1.35533 -0.82046 0.719168
16.3 0 -1.16363 -1.12138 1.05355
16.31 0 -0.90751 -1.15896 1.21814
16.32 0 -0.659896 -0.863018 1.17073
16.33 0 -0.463506 -0.276622 0.949668
16.34 0 -0.335838 0.483996 0.687076
16.35 0 0.00201724 1.11295 0.51059
16.36 0 0.315201 1.50782 0.462305
16.37 0 0.662314 1.58949 0.573244
16.38 0 1.13571 1.3998 0.833465
16.39 0 1.51153 1.11046 1.09763
16.4 0 1.60352 0.867065 1.23277
16.41 0 1.3532 0.838171 1.18266
16.42 0 0.864704 0.965496 1.00221
16.43 0 0.372307 1.12218 0.813199
16.44 0 0.0571353 1.1823 0.773409
16.45 0 0.00205371 1.06381 0.915916
16.46 0 0.167715 0.817936 1.20079
16.47 0 0.42923 0.590246 1.53254
16.48 0 0.634674 0.52639 1.79917
16.49 0 0.686095 0.685763 1.92401
16.5 0 0.586376 1.01245 1.90161
16.51 0 0.435901 1.37348 1.79966
16.52 0 0.356062 1.61862 1.70351
16.53 0 0.416846 1.65409 1.66688
16.54 0 0.584085 1.47095 1.66915
16.55 0 0.78446 1.18462 1.6753
16.56 0 0.923819 0.944456 1.63608
16.57 0 0.933064 0.850228 1.51436
16.58 0 0.805754 0.90588 1.30976
16.59 0 0.610859 1.03895 1.07334
16.6 0 0.442526 1.13611 0.870283
16.61 0 0.416249 1.1576 0.795593
16.62 0 0.544815 1.09561 0.863146
16.63 0 0.763856 1.0046 1.03207
16.64 0 0.998478 0.995171 1.26083
16.65 0 1.16605 1.13529 1.4942
16.66 0 1.19342 1.38596 1.66612
16.67 0 1.0765 1.64468 1.75486
16.68 0 0.90192 1.82194 1.81168
16.69 0 0.763784 1.85642 1.89395
16.7 0 0.676602 1.7073 1.99122
16.71 0 0.641341 1.40382 2.04594
16.72 0 0.633383 1.00961 2.0751
16.73 0 0.560453 0.705078 1.99184
16.74 0 0.21587 0.597318 1.75906
16.75 0 -0.386123 0.640715 1.42271
16.76 0 -0.790158 0.570722 1.10364
16.77 0 -1.0629 0.319188 0.834162
16.78 0 -0.92502 -0.164888 0.647068
16.79 0 -0.547491 -0.644314 0.499406
16.8 0 -0.126406 -0.918614 0.284761
16.81 0 0.193555 -0.875708 -0.0751778
16.82 0 0.316164 -0.531559 -0.575038
16.83 0 0.249115 -0.0594925 -1.13762
16.84 0 0.227711 0.25551 -1.61972
16.85 0 0.491068 0.227163 -1.90786
16.86 0 0.714874 0.00759645 -2.02055
16.87 0 0.803034 -0.258871 -1.99895
16.88 0 0.695623 -0.521022 -1.95851
16.89 0 0.379013 -0.76021 -1.92203
16.9 0 -0.0704698 -0.933484 -1.86
16.91 0 -0.562673 -1.07058 -1.74965
16.92 0 -0.979654 -1.19543 -1.54995
16.93 0 -1.26448 -1.33865 -1.27024
16.94 0 -1.43065 -1.51605 -0.97258
16.95 0 -1.51702 -1.69917 -0.728641
16.96 0 -1.53482 -1.81385 -0.572804
16.97 0 -1.57102 -1.84604 -0.574739
16.98 0 -1.6351 -1.81674 -0.748827
16.99 0 -1.65827 -1.73886 -1.02968
17 0 -1.60201 -1.68157 -1.36971
17.01 0 -1.4578 -1.69801 -1.73668
17.02 0 -1.22779 -1.76893 -2.09606
17.03 0 -0.94334 -1.85187 -2.41683
17.04 0 -0.676629 -1.88862 -2.72131
17.05 0 -0.476413 -1.84398 -3.00726
17.06 0 -0.34641 -1.70914 -3.2413
17.07 0 -0.25034 -1.50812 -3.37403
17.08 0 -0.168066 -1.30977 -3.38354
17.09 0 -0.122088 -1.18488 -3.27799
17.1 0 -0.105036 -1.14614 -3.0565
17.11 0 -0.133613 -1.17398 -2.74073
17.12 0 -0.236535 -1.24622 -2.36983
17.13 0 -0.429552 -1.34484 -1.973
17.14 0 -0.667328 -1.38817 -1.55164
17.15 0 -0.926383 -1.36216 -1.14136
17.16 0 -1.20242 -1.3225 -0.801856
17.17 0 -1.46029 -1.31024 -0.536015
17.18 0 -1.68939 -1.36142 -0.299223
17.19 0 -1.78536 -1.43946 -0.125722
17.2 0 -1.73081 -1.46741 -0.0304936
17.21 0 -1.56273 -1.36147 -0.0467235
17.22 0 -1.2994 -1.17884 -0.164288
17.23 0 -0.718841 -1.00823 -0.345698
17.24 0 0.231422 -0.818184 -0.579931
17.25 0 1.17792 -0.432 -0.898578
17.26 0 1.73272 0.260969 -1.28355
17.27 0 1.77703 1.13928 -1.62516
17.28 0 1.55646 1.88024 -1.73522
17.29 0 1.37391 2.17553 -1.46427
17.3 0 1.15114 1.99099 -0.795282
17.31 0 1.02946 1.36748 0.163613
17.32 0 0.912315 0.610926 1.22981
17.33 0 0.615555 0.0736258 2.13456
17.34 0 0.143963 -0.13522 2.70322
17.35 0 -0.513299 0.0574572 2.95402
17.36 0 -1.15001 0.504814 2.99893
17.37 0 -1.52215 0.919657 2.97593
17.38 0 -1.45506 1.11136 2.98796
17.39 0 -0.934445 1.06411 3.0742
17.4 0 -0.119264 0.936308 3.16824
17.41 0 0.712624 0.925549 3.12946
17.42 0 1.34592 1.18604 2.87398
17.43 0 1.69196 1.74517 2.40142
17.44 0 1.8164 2.43754 1.82596
17.45 0 1.91436 3.01486 1.32805
17.46 0 2.10033 3.27233 1.02969
17.47 0 2.40484 3.16789 0.999719
17.48 0 2.7012 2.79021 1.16851
17.49 0 2.83152 2.35418 1.43238
17.5 0 2.68719 2.07214 1.70404
17.51 0 2.25629 2.02661 1.94567
17.52 0 1.59683 2.11198 2.13285
17.53 0 0.909004 2.2099 2.3562
17.54 0 0.368029 2.20032 2.68989
17.55 0 0.0424768 1.96399 3.08358
17.56 0 -0.0618901 1.55656 3.49839
17.57 0 -0.05423 1.11178 3.8223
17.58 0 -0.0774957 0.768251 3.92649
17.59 0 -0.178406 0.64295 3.77319
17.6 0 -0.356723 0.719986 3.34055
17.61 0 -0.518262 0.879413 2.70183
17.62 0 -0.524785 0.993574 1.98215
17.63 0 -0.227857 0.881536 1.27372
17.64 0 0.341406 0.636039 0.586102
17.65 0 0.961756 0.411652 -0.0398003
17.66 0 1.31057 0.363008 -0.639797
17.67 0 1.25941 0.472199 -1.21083
17.68 0 0.990759 0.564193 -1.68176
17.69 0 0.488448 0.52941 -1.96402
17.7 0 0.070054 0.20547 -1.97705
17.71 0 -0.213361 -0.410386 -1.76075
17.72 0 -0.222884 -1.20262 -1.41432
17.73 0 -0.359301 -1.83567 -1.12743
17.74 0 -0.459047 -2.18022 -0.99863
17.75 0 -0.700774 -2.10885 -1.0941
17.76 0 -1.1748 -1.73132 -1.40505
17.77 0 -1.67288 -1.29611 -1.79515
17.78 0 -1.92071 -1.12139 -2.07349
17.79 0 -1.81153 -1.29808 -2.13747
17.8 0 -1.41442 -1.73217 -2.02907
17.81 0 -0.923751 -2.1802 -1.8857
17.82 0 -0.580402 -2.40559 -1.85589
17.83 0 -0.510897 -2.28538 -2.00904
17.84 0 -0.672213 -1.87225 -2.29852
17.85 0 -0.899646 -1.36639 -2.59704
17.86 0 -1.01673 -1.00789 -2.77691
17.87 0 -0.923711 -0.940164 -2.7632
17.88 0 -0.64816 -1.14477 -2.56663
17.89 0 -0.324085 -1.4643 -2.26936
17.9 0 -0.109935 -1.68494 -1.97567
17.91 0 -0.161739 -1.71766 -1.81428
17.92 0 -0.474956 -1.56654 -1.80107
17.93 0 -0.891642 -1.31741 -1.83957
17.94 0 -1.24057 -1.13282 -1.8357
17.95 0 -1.41408 -1.1474 -1.74229
17.96 0 -1.38089 -1.36084 -1.55296
17.97 0 -1.19347 -1.64316 -1.30681
17.98 0 -1.00163 -1.85685 -1.11231
17.99 0 -0.925672 -1.87577 -1.01718
18 0 -0.951394 -1.67429 -1.04855
18.01 0 -1.00623 -1.27165 -1.13424
18.02 0 -1.00952 -0.81685 -1.2305
18.03 0 -0.864243 -0.502639 -1.25532
18.04 0 -0.449252 -0.408697 -1.15577
18.05 0 0.377901 -0.506634 -0.95791
18.06 0 1.00475 -0.479553 -0.810158
18.07 0 1.42145 -0.229036 -0.765941
18.08 0 1.33076 0.314035 -0.828748
18.09 0 0.992291 0.95037 -0.844467
18.1 0 0.654013 1.44453 -0.641089
18.11 0 0.515094 1.58933 -0.140329
18.12 0 0.511473 1.38257 0.599779
18.13 0 0.631446 0.971384 1.45866
18.14 0 0.652332 0.611284 2.24017
18.15 0 0.455894 0.51449 2.79414
18.16 0 0.0331554 0.716662 3.07331
18.17 0 -0.412897 1.04295 3.12517
18.18 0 -0.775501 1.3273 3.03636
18.19 0 -0.824236 1.39581 2.94539
18.2 0 -0.545538 1.23588 2.88011
18.21 0 -0.0340146 0.958594 2.80871
18.22 0 0.520573 0.780222 2.6415
18.23 0 0.933323 0.831913 2.29448
18.24 0 1.15881 1.1436 1.79411
18.25 0 1.27692 1.60339 1.22041
18.26 0 1.34735 2.00309 0.677681
18.27 0 1.46986 2.18067 0.28938
18.28 0 1.66774 2.06982 0.117194
18.29 0 1.8515 1.72465 0.120712
18.3 0 1.91434 1.31719 0.243664
18.31 0 1.74997 0.994166 0.397045
18.32 0 1.33525 0.826023 0.530091
18.33 0 0.766263 0.798371 0.659532
18.34 0 0.178927 0.803027 0.813824
18.35 0 -0.289427 0.724235 1.0302
18.36 0 -0.544007 0.48876 1.32341
18.37 0 -0.606176 0.188443 1.63432
18.38 0 -0.56131 -0.0731379 1.87126
18.39 0 -0.479676 -0.174652 1.97476
18.4 0 -0.438466 -0.0458572 1.90922
18.41 0 -0.488815 0.238911 1.66464
18.42 0 -0.432637 0.547476 1.33896
18.43 0 -0.225014 0.753366 1.00148
18.44 0 0.128085 0.762543 0.678214
18.45 0 0.534425 0.634887 0.376357
18.46 0 0.875176 0.483507 0.0823121
18.47 0 1.03319 0.397317 -0.227017
18.48 0 0.975739 0.402649 -0.534556
18.49 0 0.679782 0.493668 -0.771512
18.5 0 0.363012 0.500085 -0.877644
18.51 0 0.110379 0.335423 -0.823431
18.52 0 -0.0369889 -0.00412206 -0.631578
18.53 0 -0.148565 -0.421881 -0.38242
18.54 0 -0.209536 -0.813541 -0.167961
18.55 0 -0.380925 -1.03358 -0.0785574
18.56 0 -0.669076 -1.04667 -0.135576
18.57 0 -0.943436 -0.93325 -0.295675
18.58 0 -1.07114 -0.823202 -0.498416
18.59 0 -0.959022 -0.79728 -0.686724
18.6 0 -0.733312 -0.824188 -0.851477
18.61 0 -0.459803 -0.871514 -1.00969
18.62 0 -0.220388 -0.892378 -1.18678
18.63 0 -0.0926356 -0.876126 -1.41035
18.64 0 -0.0871394 -0.834288 -1.65478
18.65 0 -0.147129 -0.778368 -1.86306
18.66 0 -0.225419 -0.762189 -1.99872
18.67 0 -0.297246 -0.825786 -2.04483
18.68 0 -0.338184 -0.947958 -1.98381
18.69 0 -0.364376 -1.08403 -1.83534
18.7 0 -0.417566 -1.19053 -1.64523
18.71 0 -0.525425 -1.23592 -1.45581
18.72 0 -0.666409 -1.19925 -1.2696
18.73 0 -0.82352 -1.12098 -1.09879
18.74 0 -0.950458 -1.04087 -0.937626
18.75 0 -0.988808 -0.967415 -0.763126
18.76 0 -0.933313 -0.915188 -0.585889
18.77 0 -0.829169 -0.891595 -0.450788
18.78 0 -0.702604 -0.852133 -0.372222
18.79 0 -0.5722 -0.761809 -0.351983
18.8 0 -0.444231 -0.616768 -0.379335
18.81 0 -0.331308 -0.452716 -0.450686
18.82 0 -0.0878586 -0.332824 -0.530817
18.83 0 0.175702 -0.227259 -0.617656
18.84 0 0.377748 -0.117501 -0.712967
18.85 0 0.472226 0.0226333 -0.789421
18.86 0 0.479989 0.160157 -0.818796
18.87 0 0.474665 0.243253 -0.771829
18.88 0 0.458875 0.265964 -0.634529
18.89 0 0.396227 0.239583 -0.425039
18.9 0 0.279152 0.173406 -0.176428
18.91 0 0.128979 0.10682 0.0981651
18.92 0 -0.011737 0.0841802 0.397194
18.93 0 -0.127691 0.108599 0.6911
18.94 0 -0.206992 0.166094 0.949671
18.95 0 -0.215056 0.26535 1.17587
18.96 0 -0.145952 0.397508 1.3592
18.97 0 -0.0366508 0.527784 1.46377
18.98 0 0.0842968 0.646523 1.48131
18.99 0 0.162414 0.771322 1.42894
19 0 0.282722 0.872064 1.34397
19.01 0 0.416782 0.928945 1.23034
19.02 0 0.552464 0.945171 1.10194
19.03 0 0.660322 0.938748 0.967366
19.04 0 0.721589 0.922225 0.834109
19.05 0 0.719643 0.895835 0.706149
19.06 0 0.665294 0.856138 0.599448
19.07 0 0.596271 0.813707 0.547262
19.08 0 0.531933 0.758289 0.553654
19.09 0 0.464556 0.689183 0.606284
19.1 0 0.401099 0.62094 0.695655
19.11 0 0.322209 0.554082 0.788652
19.12 0 0.221138 0.489734 0.859651
19.13 0 0.11544 0.438018 0.905226
19.14 0 0.0334681 0.405533 0.931996
19.15 0 -0.00657057 0.389827 0.942317
19.16 0 -0.00940799 0.375349 0.923735
19.17 0 0.0159351 0.357362 0.869312
19.18 0 0.0588917 0.338888 0.77798
19.19 0 0.10545 0.321988 0.650701
19.2 0 0.136784 0.311634 0.496674
19.21 0 0.150299 0.306654 0.334667
19.22 0 0.169321 0.292182 0.185223
19.23 0 0.193641 0.256528 0.0575783
19.24 0 0.223933 0.210099 -0.0348079
19.25 0 0.239305 0.159117 -0.0981943
19.26 0 0.220747 0.106646 -0.143857
19.27 0 0.159756 0.0521022 -0.180143
19.28 0 0.0676223 -0.00786239 -0.206748
19.29 0 -0.039582 -0.0821465 -0.224742
19.3 0 -0.142372 -0.174871 -0.23498
19.31 0 -0.23146 -0.284437 -0.245725
19.32 0 -0.302649 -0.400881 -0.268253
19.33 0 -0.339015 -0.506762 -0.308571
19.34 0 -0.34632 -0.584412 -0.376962
19.35 0 -0.36431 -0.613625 -0.478828
19.36 0 -0.381642 -0.603737 -0.603332
19.37 0 -0.38577 -0.579514 -0.734773
19.38 0 -0.360983 -0.566125 -0.854496
19.39 0 -0.30514 -0.573088 -0.948607
19.4 0 -0.232758 -0.596522 -1.01508
19.41 0 -0.167465 -0.618523 -1.05716
19.42 0 -0.133071 -0.625618 -1.08264
19.43 0 -0.140625 -0.613841 -1.09458
19.44 0 -0.182431 -0.591707 -1.08845
19.45 0 -0.243063 -0.578442 -1.05991
19.46 0 -0.302715 -0.588278 -1.00462
19.47 0 -0.346922 -0.62034 -0.922357
19.48 0 -0.375351 -0.663147 -0.823971
19.49 0 -0.395598 -0.696659 -0.724834
19.5 0 -0.414726 -0.703282 -0.639149
19.51 0 -0.433856 -0.676727 -0.575703
19.52 0 -0.444381 -0.623475 -0.534516
19.53 0 -0.431948 -0.556193 -0.507801
19.54 0 -0.387412 -0.489449 -0.488116
19.55 0 -0.298633 -0.432733 -0.469667
19.56 0 -0.152567 -0.384579 -0.450703
19.57 0 -0.0238126 -0.311441 -0.439259
19.58 0 0.0665084 -0.205887 -0.434062
19.59 0 0.110744 -0.0788519 -0.424904
19.6 0 0.130009 0.04093 -0.392827
19.61 0 0.14214 0.12751 -0.321962
19.62 0 0.160441 0.167906 -0.206344
19.63 0 0.178469 0.171948 -0.0539933
19.64 0 0.182459 0.163053 0.117295
19.65 0 0.157847 0.166531 0.287038
19.66 0 0.104826 0.194671 0.440275
19.67 0 0.0376824 0.244299 0.571228
19.68 0 -0.0197814 0.30038 0.681447
19.69 0 -0.0701719 0.352628 0.773202
19.7 0 -0.0617461 0.378642 0.852289
19.71 0 -0.000568428 0.38594 0.913298
19.72 0 0.0939235 0.394735 0.945389
19.73 0 0.19099 0.429312 0.938607
19.74 0 0.272448 0.499036 0.892461
19.75 0 0.333633 0.59483 0.818395
19.76 0 0.3852 0.691546 0.737177
19.77 0 0.438657 0.76252 0.670254
19.78 0 0.498018 0.791971 0.632123
19.79 0 0.548277 0.783506 0.625551
19.8 0 0.579598 0.749921 0.644788
19.81 0 0.575609 0.710963 0.67861
19.82 0 0.524336 0.681355 0.716763
19.83 0 0.427965 0.662641 0.75466
19.84 0 0.315172 0.640063 0.794165
19.85 0 0.211538 0.599219 0.836784
19.86 0 0.135563 0.534252 0.879234
19.87 0 0.0902941 0.453722 0.911236
19.88 0 0.0676634 0.375793 0.918534
19.89 0 0.055249 0.319274 0.888542
19.9 0 0.0462478 0.293045 0.81624
19.91 0 0.0423901 0.292388 0.706429
19.92 0 0.0521376 0.301706 0.571867
19.93 0 0.0535984 0.310393 0.426603
19.94 0 0.0814487 0.29218 0.288847
19.95 0 0.12992 0.243881 0.16659
19.96 0 0.183836 0.176084 0.0593412
19.97 0 0.212866 0.110015 -0.0391131
19.98 0 0.220338 0.0785889 -0.112585
19.99 0 0.160894 0.0402468 -0.20065
20 0 0.0742496 0.00151145 -0.273111
20.01 0 -0.0169069 -0.0556618 -0.32169
20.02 0 -0.0938648 -0.141305 -0.344075
20.03 0 -0.152995 -0.249132 -0.347526
20.04 0 -0.201497 -0.360504 -0.346546
20.05 0 -0.248286 -0.454031 -0.356995
