0.01 0 0.00466146 0.00501653 0.0048857
0.02 0 0.00376117 0.00517656 0.00472947
0.03 0 0.00258411 0.005308 0.0047157
0.04 0 0.00155016 0.00504384 0.00493908
0.05 0 0.000841551 0.00417246 0.00532511
0.06 0 0.000448551 0.00286528 0.0057247
0.07 0 0.000310419 0.00166692 0.00605022
0.08 0 0.000244029 0.00103515 0.00615148
0.09 0 -5.11213e-05 0.000944418 0.005746
0.1 0 -0.000442853 0.00126089 0.00490752
0.11 0 -0.000596905 0.00171953 0.00387801
0.12 0 -0.000415735 0.00188442 0.00273034
0.13 0 2.98513e-05 0.00152745 0.00149484
0.14 0 0.00023492 0.000400181 -0.000134356
0.15 0 4.35088e-05 -0.00119824 -0.00210454
0.16 0 0.000183256 -0.00210274 -0.00351716
0.17 0 0.000430894 -0.00224518 -0.00444421
0.18 0 0.000871282 -0.00149856 -0.00467457
0.19 0 0.0010117 -0.000599799 -0.00464574
0.2 0 0.000375403 -0.000499505 -0.00490211
0.21 0 -0.00060604 -0.00125164 -0.00518837
0.22 0 -0.00264381 -0.00384213 -0.00646326
0.23 0 -0.00517834 -0.00770496 -0.00846916
0.24 0 -0.0078462 -0.0122077 -0.0111518
0.25 0 -0.00853281 -0.0147056 -0.0125814
0.26 0 -0.00505392 -0.0121219 -0.0103817
0.27 0 -0.00300026 -0.00930707 -0.0096727
0.28 0 -0.00412513 -0.00846056 -0.0120008
0.29 0 -0.00487881 -0.0075317 -0.0139856
0.3 0 -0.00341654 -0.00586225 -0.0138728
0.31 0 -0.00106215 -0.00472187 -0.0127134
0.32 0 -0.000131203 -0.00543909 -0.0123833
0.33 0 -0.000284904 -0.00661182 -0.0122543
0.34 0 3.55362e-05 -0.00603424 -0.0106856
0.35 0 0.00157635 -0.0027765 -0.0069249
0.36 0 0.00355798 0.00213801 -0.00176111
0.37 0 0.000818858 0.00257881 -0.000649485
0.38 0 -0.00371147 -0.000163672 -0.00144945
0.39 0 -0.00463028 -0.00166767 0.000459012
0.4 0 -0.00110099 -0.000167005 0.0058141
0.41 0 0.00247472 0.00216507 0.0107389
0.42 0 0.00308948 0.0038862 0.01269
0.43 0 0.00162863 0.0055076 0.0124817
0.44 0 0.000434981 0.00751487 0.011996
0.45 0 0.000297347 0.00879649 0.0116057
0.46 0 0.000677371 0.00802711 0.0106726
0.47 0 -0.0050502 -0.00127599 0.00249826
0.48 0 -0.0128927 -0.014767 -0.00935484
0.49 0 -0.0174222 -0.0261604 -0.0198815
0.5 0 -0.0187556 -0.0339183 -0.0290943
0.51 0 -0.0200054 -0.0396305 -0.0395991
0.52 0 -0.0162427 -0.0377399 -0.0457169
0.53 0 -0.00590181 -0.0264982 -0.0445792
0.54 0 0.000149593 -0.017228 -0.0454954
0.55 0 0.011688 -0.00121407 -0.0372764
0.56 0 0.0207372 0.0128943 -0.0265475
0.57 0 0.0217503 0.0189236 -0.0181733
0.58 0 0.0178552 0.0190116 -0.00955621
0.59 0 0.0156983 0.01953 0.00470938
0.6 0 0.0174438 0.0241032 0.0256509
0.61 0 0.017198 0.0290553 0.0463766
0.62 0 0.0130829 0.0332258 0.0635196
0.63 0 0.00404437 0.0335699 0.0736811
0.64 0 -0.00434638 0.0319763 0.0796315
0.65 0 -0.00639453 0.031473 0.0849143
0.66 0 -0.00768013 0.0264352 0.0831084
0.67 0 -0.0191098 0.007 0.0629903
0.68 0 -0.0303852 -0.0159897 0.0344067
0.69 0 -0.0231238 -0.0223032 0.0165015
0.7 0 -0.0014465 -0.0113123 0.00857958
0.71 0 0.0227608 0.0101036 0.0039923
0.72 0 0.0445802 0.0384249 0.00291794
0.73 0 0.0640877 0.0707308 0.00931653
0.74 0 0.0739461 0.0941707 0.0181239
0.75 0 0.0762876 0.105715 0.0319885
0.76 0 0.0656677 0.0975136 0.0442661
0.77 0 0.0355788 0.0632218 0.0450558
0.78 0 -0.00615302 0.0119409 0.0363759
0.79 0 -0.0316647 -0.0252226 0.039792
0.8 0 -0.0437252 -0.0452396 0.048166
0.81 0 -0.0572403 -0.058949 0.0438411
0.82 0 -0.0712268 -0.0676429 0.0252229
0.83 0 -0.0777988 -0.0708678 -0.00188222
0.84 0 -0.0671971 -0.0655618 -0.0274526
0.85 0 -0.0435968 -0.0567608 -0.0517354
0.86 0 -0.0153467 -0.0476039 -0.0761037
0.87 0 0.0172999 -0.0302708 -0.0923952
0.88 0 0.0458091 -0.00651008 -0.100993
0.89 0 0.0750809 0.0311997 -0.0904186
0.9 0 0.0991767 0.0751556 -0.0621968
0.91 0 0.102202 0.10366 -0.0310566
0.92 0 0.0793192 0.102998 -0.00520456
0.93 0 0.049476 0.0846084 0.0272628
0.94 0 0.026726 0.0623312 0.0726172
0.95 0 0.00753867 0.0403248 0.120684
0.96 0 -0.0263443 0.008737 0.14661
0.97 0 -0.0646758 -0.0207686 0.152634
0.98 0 -0.0895932 -0.0360297 0.148619
0.99 0 -0.0985491 -0.0422058 0.131894
1 0 -0.10217 -0.0557429 0.0904806
1.01 0 -0.103084 -0.08169 0.0237974
1.02 0 -0.0918782 -0.10822 -0.0533713
1.03 0 -0.0597994 -0.118172 -0.122956
1.04 0 -0.0230998 -0.116272 -0.18882
1.05 0 -0.0062886 -0.120092 -0.263673
1.06 0 0.00254569 -0.119731 -0.327335
1.07 0 0.0318948 -0.0919806 -0.345118
1.08 0 0.0700203 -0.0495035 -0.322304
1.09 0 0.102108 -0.00342385 -0.267994
1.1 0 0.118324 0.0402148 -0.189689
1.11 0 0.101519 0.0631171 -0.108063
1.12 0 0.0418917 0.046151 -0.0441676
1.13 0 -0.0401968 -0.00495517 0.00430817
1.14 0 -0.1172 -0.0734589 0.0446937
1.15 0 -0.174358 -0.144047 0.0746431
1.16 0 -0.211983 -0.20614 0.0824947
1.17 0 -0.217515 -0.23309 0.0758074
1.18 0 -0.184309 -0.207753 0.0630085
1.19 0 -0.128315 -0.144044 0.0360494
1.2 0 -0.0662668 -0.0670491 -0.0101103
1.21 0 -0.00284715 0.00416983 -0.0665723
1.22 0 0.0653 0.0624121 -0.114746
1.23 0 0.140714 0.112435 -0.134884
1.24 0 0.208785 0.155233 -0.12386
1.25 0 0.254701 0.195934 -0.0821221
1.26 0 0.263805 0.231691 -0.0178625
1.27 0 0.228403 0.250324 0.0567176
1.28 0 0.160508 0.244758 0.138391
1.29 0 0.0708018 0.202426 0.215411
1.3 0 -0.0258354 0.122701 0.277807
1.31 0 -0.0935265 0.0422037 0.339623
1.32 0 -0.13396 -0.0241532 0.384385
1.33 0 -0.168803 -0.0786094 0.381878
1.34 0 -0.19139 -0.1071 0.333799
1.35 0 -0.18056 -0.0959115 0.260552
1.36 0 -0.12458 -0.0466043 0.180576
1.37 0 -0.0301435 0.0262416 0.103384
1.38 0 0.0754315 0.0978027 0.0256747
1.39 0 0.167262 0.153012 -0.0506497
1.4 0 0.235054 0.192596 -0.111736
1.41 0 0.264897 0.209583 -0.154168
1.42 0 0.244652 0.191037 -0.182815
1.43 0 0.18663 0.14157 -0.189121
1.44 0 0.118402 0.0810082 -0.157494
1.45 0 0.0532748 0.0218875 -0.0903777
1.46 0 -0.014026 -0.0353042 -0.0101622
1.47 0 -0.0749373 -0.0759891 0.0739008
1.48 0 -0.122529 -0.0923876 0.151409
1.49 0 -0.157289 -0.0914459 0.206591
1.5 0 -0.177423 -0.0835031 0.229488
1.51 0 -0.180674 -0.0787648 0.215824
1.52 0 -0.1571 -0.0731155 0.176132
1.53 0 -0.111184 -0.0661279 0.11461
1.54 0 -0.0495014 -0.0509268 0.0401897
1.55 0 0.0221643 -0.0177801 -0.0333456
1.56 0 0.0868252 0.0265783 -0.102903
1.57 0 0.12098 0.0578619 -0.175669
1.58 0 0.11876 0.0582817 -0.248228
1.59 0 0.122242 0.0571335 -0.274832
1.6 0 0.150507 0.0741436 -0.233338
1.61 0 0.160195 0.0805827 -0.164115
1.62 0 0.119247 0.0574777 -0.102152
1.63 0 0.051065 0.027441 -0.0366069
1.64 0 -0.0141688 0.00843737 0.0436384
1.65 0 -0.0677109 -0.00494842 0.127316
1.66 0 -0.115936 -0.0288717 0.190428
1.67 0 -0.180252 -0.0902938 0.196492
1.68 0 -0.251194 -0.183399 0.141946
1.69 0 -0.287207 -0.265614 0.0602244
1.7 0 -0.27898 -0.317774 -0.0382077
1.71 0 -0.243276 -0.341635 -0.159307
1.72 0 -0.181771 -0.326959 -0.287133
1.73 0 -0.0904824 -0.264637 -0.395425
1.74 0 0.0121724 -0.173791 -0.477558
1.75 0 0.103711 -0.081702 -0.531649
1.76 0 0.167782 -0.0110825 -0.554236
1.77 0 0.199702 0.0292247 -0.53738
1.78 0 0.188758 0.0287472 -0.488011
1.79 0 0.127818 -0.0170333 -0.41987
1.8 0 0.0351082 -0.0880485 -0.331675
1.81 0 -0.0539469 -0.147545 -0.211648
1.82 0 -0.116187 -0.169705 -0.0614112
1.83 0 -0.143171 -0.143047 0.105889
1.84 0 -0.148508 -0.0823226 0.259721
1.85 0 -0.149916 -0.0154436 0.369266
1.86 0 -0.15649 0.0294742 0.41521
1.87 0 -0.134806 0.0678099 0.425859
1.88 0 -0.0508097 0.13206 0.440849
1.89 0 0.0679251 0.214558 0.451073
1.9 0 0.18074 0.302373 0.441544
1.91 0 0.277048 0.402171 0.426507
1.92 0 0.354086 0.510166 0.422637
1.93 0 0.389731 0.587744 0.419692
1.94 0 0.365224 0.592108 0.401363
1.95 0 0.280681 0.502469 0.360345
1.96 0 0.153239 0.328396 0.298599
1.97 0 0.0254568 0.123937 0.240315
1.98 0 -0.0587731 -0.038069 0.213719
1.99 0 -0.0987626 -0.122961 0.209874
2 0 -0.109542 -0.126604 0.208737
2.01 0 -0.106239 -0.07336 0.191775
2.02 0 -0.0958556 -0.00467228 0.149259
2.03 0 -0.0685677 0.0490846 0.0913288
2.04 0 -0.0269274 0.0630049 0.0222579
2.05 0 0.019498 0.0351582 -0.0534019
2.06 0 0.0640309 -0.00876157 -0.123657
2.07 0 0.0895965 -0.047369 -0.187548
2.08 0 0.0956787 -0.0575895 -0.233537
2.09 0 0.0844349 -0.039288 -0.255963
2.1 0 0.0565033 -0.0158527 -0.258703
2.11 0 0.0357523 0.0063696 -0.226894
2.12 0 0.0335953 0.0217662 -0.15736
2.13 0 0.0439062 0.0296174 -0.0608098
2.14 0 0.0488495 0.0330653 0.0425324
2.15 0 0.0380319 0.0417742 0.138279
2.16 0 0.0157369 0.0653703 0.222586
2.17 0 -0.00945732 0.100107 0.292337
2.18 0 -0.0329292 0.128004 0.339593
2.19 0 -0.0496632 0.133464 0.359185
2.2 0 -0.0705332 0.0964854 0.334404
2.21 0 -0.0949842 0.0222024 0.264398
2.22 0 -0.113218 -0.0646684 0.161685
2.23 0 -0.115929 -0.135962 0.0423241
2.24 0 -0.117185 -0.191746 -0.09832
2.25 0 -0.132176 -0.246175 -0.266305
2.26 0 -0.145369 -0.295104 -0.438558
2.27 0 -0.124221 -0.317526 -0.573576
2.28 0 -0.0701309 -0.313543 -0.658811
2.29 0 0.00333034 -0.280998 -0.68947
2.3 0 0.0627644 -0.233602 -0.681083
2.31 0 0.0785833 -0.19232 -0.652734
2.32 0 0.0331386 -0.186253 -0.624229
2.33 0 -0.0685874 -0.238248 -0.60633
2.34 0 -0.196264 -0.346814 -0.593751
2.35 0 -0.332926 -0.508249 -0.597116
2.36 0 -0.441815 -0.675953 -0.603644
2.37 0 -0.484464 -0.781547 -0.589795
2.38 0 -0.462984 -0.791229 -0.561158
2.39 0 -0.393525 -0.69964 -0.528249
2.4 0 -0.301248 -0.538691 -0.505821
2.41 0 -0.202981 -0.357806 -0.498573
2.42 0 -0.0954236 -0.193071 -0.489221
2.43 0 0.0252103 -0.0619161 -0.455851
2.44 0 0.129278 0.0155159 -0.40627
2.45 0 0.172421 0.025025 -0.365743
2.46 0 0.189653 0.0333852 -0.289103
2.47 0 0.22812 0.110894 -0.127072
2.48 0 0.254219 0.231605 0.0825763
2.49 0 0.229166 0.339849 0.28734
2.5 0 0.174206 0.418651 0.48411
2.51 0 0.085853 0.423336 0.638905
2.52 0 -0.0184 0.346398 0.738277
2.53 0 -0.0856572 0.244965 0.810606
2.54 0 -0.0974971 0.171121 0.862388
2.55 0 -0.0351778 0.190406 0.914791
2.56 0 0.0178122 0.250041 0.895416
2.57 0 0.0159166 0.292161 0.767427
2.58 0 0.0433185 0.353353 0.619957
2.59 0 0.160378 0.453864 0.526598
2.6 0 0.332212 0.559958 0.482274
2.61 0 0.491913 0.643254 0.460443
2.62 0 0.563496 0.67158 0.420683
2.63 0 0.522767 0.6369 0.355181
2.64 0 0.431649 0.583014 0.320062
2.65 0 0.353835 0.543561 0.360498
2.66 0 0.305854 0.51929 0.473046
2.67 0 0.253633 0.481324 0.605886
2.68 0 0.213215 0.461979 0.758199
2.69 0 0.179039 0.469964 0.907756
2.7 0 0.103152 0.455069 0.987597
2.71 0 -0.0299133 0.374156 0.957232
2.72 0 -0.175809 0.229704 0.832718
2.73 0 -0.279979 0.0480519 0.647309
2.74 0 -0.288096 -0.106826 0.452374
2.75 0 -0.211608 -0.198162 0.256402
2.76 0 -0.106957 -0.223792 0.0389287
2.77 0 -0.00293883 -0.179641 -0.189331
2.78 0 0.116649 -0.0566466 -0.376432
2.79 0 0.28301 0.145591 -0.457859
2.8 0 0.441058 0.343126 -0.456239
2.81 0 0.506979 0.435487 -0.430576
2.82 0 0.423752 0.356462 -0.432063
2.83 0 0.210885 0.119221 -0.460357
2.84 0 -0.0270222 -0.168339 -0.44886
2.85 0 -0.2523 -0.448522 -0.404323
2.86 0 -0.457513 -0.687397 -0.363011
2.87 0 -0.590989 -0.817067 -0.312074
2.88 0 -0.635966 -0.822222 -0.262856
2.89 0 -0.63961 -0.771182 -0.277653
2.9 0 -0.636504 -0.736727 -0.395814
2.91 0 -0.608071 -0.739152 -0.593465
2.92 0 -0.513944 -0.751016 -0.809951
2.93 0 -0.348609 -0.737628 -1.00058
2.94 0 -0.145839 -0.672531 -1.14536
2.95 0 0.0574023 -0.533324 -1.22446
2.96 0 0.206739 -0.348566 -1.24606
2.97 0 0.253477 -0.190754 -1.23473
2.98 0 0.238745 -0.0773014 -1.14969
2.99 0 0.179259 -0.0463516 -0.991531
3 0 0.079311 -0.113597 -0.782482
3.01 0 -0.0563698 -0.25409 -0.550098
3.02 0 -0.237223 -0.436923 -0.342328
3.03 0 -0.433734 -0.602086 -0.175116
3.04 0 -0.586554 -0.686911 -0.0367162
3.05 0 -0.654145 -0.670665 0.0746057
3.06 0 -0.625302 -0.572204 0.147421
3.07 0 -0.518048 -0.43333 0.162867
3.08 0 -0.336849 -0.264973 0.137712
3.09 0 -0.0894422 -0.0591228 0.105448
3.1 0 0.173743 0.164722 0.0703609
3.11 0 0.409567 0.391889 0.0461473
3.12 0 0.5825 0.597299 0.0448023
3.13 0 0.678188 0.755475 0.0825977
3.14 0 0.701947 0.84894 0.176337
3.15 0 0.644469 0.84844 0.310021
3.16 0 0.496691 0.735478 0.45053
3.17 0 0.28006 0.532216 0.579594
3.18 0 0.0473688 0.29967 0.700261
3.19 0 -0.150176 0.101722 0.812953
3.2 0 -0.311124 -0.0508116 0.874502
3.21 0 -0.417754 -0.143426 0.868044
3.22 0 -0.43419 -0.154748 0.809941
3.23 0 -0.340425 -0.0781425 0.722195
3.24 0 -0.139236 0.0836822 0.628982
3.25 0 0.129288 0.306463 0.539169
3.26 0 0.418064 0.565769 0.467404
3.27 0 0.665196 0.816611 0.414571
3.28 0 0.842109 1.02799 0.400938
3.29 0 0.927017 1.16371 0.435657
3.3 0 0.865078 1.14757 0.47089
3.31 0 0.670431 0.974494 0.502982
3.32 0 0.463132 0.754276 0.610728
3.33 0 0.321791 0.590454 0.830295
3.34 0 0.209805 0.491752 1.08688
3.35 0 0.0608297 0.420119 1.27618
3.36 0 -0.116891 0.361776 1.3609
3.37 0 -0.276597 0.300607 1.34068
3.38 0 -0.377729 0.210543 1.21976
3.39 0 -0.3971 0.0851858 1.00895
3.4 0 -0.332653 -0.0493136 0.726819
3.41 0 -0.21514 -0.159565 0.38464
3.42 0 -0.081814 -0.215548 0.000958975
3.43 0 0.0458181 -0.202747 -0.388522
3.44 0 0.174055 -0.121555 -0.726551
3.45 0 0.309215 0.00145723 -0.963042
3.46 0 0.428138 0.111484 -1.08419
3.47 0 0.498342 0.165085 -1.09467
3.48 0 0.475016 0.128217 -1.02692
3.49 0 0.329236 -0.0104008 -0.920382
3.5 0 0.0971153 -0.20612 -0.775374
3.51 0 -0.178547 -0.422872 -0.606882
3.52 0 -0.426505 -0.63154 -0.431451
3.53 0 -0.643566 -0.804431 -0.2861
3.54 0 -0.822454 -0.938366 -0.21119
3.55 0 -0.940544 -1.02681 -0.221057
3.56 0 -0.971582 -1.06937 -0.313471
3.57 0 -0.919152 -1.0791 -0.4892
3.58 0 -0.81002 -1.08061 -0.752312
3.59 0 -0.650636 -1.06082 -1.0655
3.6 0 -0.445647 -0.998406 -1.37764
3.61 0 -0.22191 -0.890512 -1.651
3.62 0 -0.0106882 -0.748133 -1.85444
3.63 0 0.160109 -0.605026 -1.97255
3.64 0 0.252012 -0.497212 -2.00303
3.65 0 0.246833 -0.4427 -1.93933
3.66 0 0.14604 -0.463345 -1.79155
3.67 0 -0.0363419 -0.566355 -1.58021
3.68 0 -0.264249 -0.728175 -1.32258
3.69 0 -0.499083 -0.907429 -1.04184
3.7 0 -0.720108 -1.07344 -0.781264
3.71 0 -0.87979 -1.17011 -0.551222
3.72 0 -0.951741 -1.17151 -0.370326
3.73 0 -0.936791 -1.08878 -0.265124
3.74 0 -0.819124 -0.922743 -0.223361
3.75 0 -0.58096 -0.665146 -0.204774
3.76 0 -0.153578 -0.232257 -0.0876662
3.77 0 0.432272 0.393126 0.181822
3.78 0 0.952112 1.03797 0.476861
3.79 0 1.23566 1.57258 0.731865
3.8 0 1.34486 1.93464 1.00003
3.81 0 1.33907 2.10054 1.32869
3.82 0 1.25911 2.08044 1.72611
3.83 0 1.09595 1.9162 2.14847
3.84 0 0.847452 1.67783 2.53893
3.85 0 0.519161 1.42796 2.83702
3.86 0 0.0790092 1.11899 2.92221
3.87 0 -0.390402 0.753536 2.7806
3.88 0 -0.650059 0.474485 2.56799
3.89 0 -0.603107 0.351125 2.35172
3.9 0 -0.314995 0.379214 2.10136
3.91 0 0.122978 0.579242 1.81435
3.92 0 0.638829 0.972182 1.53407
3.93 0 1.09348 1.44418 1.23863
3.94 0 1.42711 1.8793 0.964136
3.95 0 1.63168 2.17289 0.769573
3.96 0 1.69774 2.24113 0.68459
3.97 0 1.61813 2.07883 0.722742
3.98 0 1.33488 1.73355 0.850273
3.99 0 0.832483 1.17316 0.944354
4 0 -0.0328054 0.275247 0.758518
4.01 0 -1.02154 -0.797629 0.35968
4.02 0 -1.81682 -1.7866 -0.0927631
4.03 0 -2.16388 -2.44746 -0.462367
4.04 0 -2.03722 -2.65096 -0.73911
4.05 0 -1.66819 -2.50671 -1.09743
4.06 0 -1.11091 -1.99527 -1.47825
4.07 0 -0.375634 -1.15423 -1.75839
4.08 0 0.394649 -0.207214 -1.92856
4.09 0 1.07803 0.627872 -1.96621
4.1 0 1.4491 1.06571 -1.97753
4.11 0 1.43136 1.01094 -1.97767
4.12 0 1.11893 0.589842 -1.8755
4.13 0 0.560953 -0.118245 -1.71589
4.14 0 -0.177385 -0.93649 -1.52687
4.15 0 -0.967973 -1.68597 -1.32334
4.16 0 -1.71503 -2.29347 -1.17267
4.17 0 -2.15816 -2.57806 -0.96897
4.18 0 -2.0629 -2.35707 -0.567595
4.19 0 -1.56264 -1.7554 -0.107057
4.2 0 -0.958936 -1.03296 0.178005
4.21 0 -0.391367 -0.324776 0.242126
4.22 0 0.114219 0.300375 0.158544
4.23 0 0.597069 0.82657 0.0626382
4.24 0 1.01897 1.20118 0.0117727
4.25 0 1.26411 1.34488 -0.0269559
4.26 0 1.21707 1.18922 -0.127013
4.27 0 0.689535 0.588919 -0.472484
4.28 0 -0.113547 -0.306433 -0.947486
4.29 0 -0.702769 -1.05793 -1.17822
4.3 0 -0.998619 -1.56235 -1.17849
4.31 0 -1.07093 -1.78508 -1.05938
4.32 0 -1.0238 -1.74044 -0.938523
4.33 0 -0.90505 -1.4596 -0.859051
4.34 0 -0.801223 -1.11548 -0.903376
4.35 0 -0.725991 -0.865169 -1.08004
4.36 0 -0.566374 -0.712969 -1.26033
4.37 0 -0.271334 -0.610858 -1.34522
4.38 0 0.0668172 -0.533814 -1.34881
4.39 0 0.325331 -0.440902 -1.30906
4.4 0 0.443267 -0.287808 -1.22933
4.41 0 0.439539 -0.0640833 -1.0768
4.42 0 0.369546 0.179818 -0.82294
4.43 0 0.306783 0.390513 -0.440427
4.44 0 0.291699 0.560396 0.0840301
4.45 0 0.330487 0.668141 0.693648
4.46 0 0.285845 0.659988 1.22599
4.47 0 0.109975 0.55727 1.59121
4.48 0 -0.141193 0.437774 1.79318
4.49 0 -0.383092 0.333407 1.8487
4.5 0 -0.537083 0.24987 1.78307
4.51 0 -0.594147 0.138223 1.57532
4.52 0 -0.475298 0.0778277 1.31814
4.53 0 -0.148387 0.178039 1.10545
4.54 0 0.234142 0.446855 0.918157
4.55 0 0.516301 0.793307 0.716616
4.56 0 0.61605 1.06734 0.487258
4.57 0 0.657861 1.15119 0.272077
4.58 0 0.736313 1.05315 0.154709
4.59 0 0.851738 0.847117 0.153743
4.6 0 0.937113 0.633598 0.229975
4.61 0 0.947986 0.530976 0.357169
4.62 0 0.872577 0.597788 0.521141
4.63 0 0.696713 0.828675 0.728667
4.64 0 0.508761 1.11209 0.99749
4.65 0 0.404654 1.34224 1.35402
4.66 0 0.429277 1.45526 1.78716
4.67 0 0.516726 1.43585 2.2129
4.68 0 0.574243 1.34039 2.54724
4.69 0 0.583441 1.29942 2.77933
4.7 0 0.511754 1.33474 2.86234
4.71 0 0.324761 1.34847 2.73607
4.72 0 0.190784 1.3555 2.53154
4.73 0 0.2748 1.42845 2.39721
4.74 0 0.526667 1.51899 2.31397
4.75 0 0.84683 1.64365 2.27307
4.76 0 1.1684 1.80745 2.24542
4.77 0 1.37155 1.99991 2.19803
4.78 0 1.39528 2.14881 2.10302
4.79 0 1.32016 2.22958 2.02903
4.8 0 1.23434 2.22073 2.0354
4.81 0 1.04684 2.10093 2.09304
4.82 0 0.937651 1.89386 2.24117
4.83 0 0.854008 1.64515 2.41499
4.84 0 0.709984 1.34225 2.47965
4.85 0 0.693937 1.0622 2.44616
4.86 0 0.655527 0.960319 2.31009
4.87 0 0.863799 0.960962 2.0562
4.88 0 1.07518 1.12692 1.63377
4.89 0 1.14829 1.35657 1.14285
4.9 0 1.15988 1.57267 0.719538
4.91 0 1.2589 1.70717 0.483504
4.92 0 1.40248 1.69054 0.413199
4.93 0 1.45144 1.45952 0.384725
4.94 0 1.3101 0.985973 0.26512
4.95 0 0.459938 -0.0541316 -0.426061
4.96 0 -1.63992 -2.23337 -2.30659
4.97 0 -3.72534 -4.48359 -4.26306
4.98 0 -4.7426 -5.87595 -5.36833
4.99 0 -5.1207 -6.80882 -6.09202
5 0 -5.18861 -7.45845 -6.75445
5.01 0 -5.00539 -7.69566 -7.33282
5.02 0 -4.71876 -7.60269 -7.87191
5.03 0 -4.29229 -7.43982 -8.51044
5.04 0 -3.70541 -7.19457 -9.1801
5.05 0 -2.92662 -6.81182 -9.68023
5.06 0 -2.12888 -6.20989 -10.047
5.07 0 -1.38067 -5.29301 -10.1875
5.08 0 -0.544674 -3.9813 -9.81744
5.09 0 0.263678 -2.64015 -8.90683
5.1 0 1.01759 -1.38668 -7.44274
5.11 0 1.48812 -0.462188 -5.65363
5.12 0 1.33095 -0.177002 -3.8702
5.13 0 0.720567 -0.261618 -2.10381
5.14 0 -0.266949 -0.592434 -0.485838
5.15 0 -1.53141 -1.13061 0.840588
5.16 0 -3.13356 -2.10445 1.57322
5.17 0 -4.80749 -3.31344 1.72521
5.18 0 -5.84678 -4.1368 1.84568
5.19 0 -6.07773 -4.46854 1.89082
5.2 0 -5.69824 -4.37184 1.58243
5.21 0 -4.82642 -3.8503 0.944375
5.22 0 -3.53216 -2.96465 0.0737652
5.23 0 -0.525083 -2.16803 -0.822236
5.24 0 2.79586 -0.924326 -1.84017
5.25 0 3.7389 1.42472 -3.06997
5.26 0 3.927 3.72443 -3.91329
5.27 0 4.28789 5.24309 -3.8787
5.28 0 4.98128 5.71424 -2.79654
5.29 0 5.74445 5.3402 -0.821202
5.3 0 6.21714 4.61733 1.63656
5.31 0 6.02124 4.06719 3.93685
5.32 0 4.89708 4.1558 5.82827
5.33 0 3.0436 4.81601 7.19418
5.34 0 0.875047 5.57091 8.1522
5.35 0 -0.67331 5.88436 8.90435
5.36 0 -1.27034 5.5486 9.57705
5.37 0 -0.841976 4.38723 10.3842
5.38 0 0.1473 2.99336 11.1112
5.39 0 0.81169 2.08164 11.4191
5.4 0 0.986587 2.06384 11.0549
5.41 0 0.74157 3.02531 9.89802
5.42 0 0.409044 4.39737 8.24031
5.43 0 0.531318 5.56528 6.56962
5.44 0 1.43692 6.07415 5.26915
5.45 0 2.91193 5.73554 4.31681
5.46 0 4.50515 4.86461 3.57199
5.47 0 5.38291 3.92863 2.70879
5.48 0 5.11455 3.31498 1.59676
5.49 0 4.06776 3.24476 0.573243
5.5 0 2.70838 3.30024 -0.179313
5.51 0 1.61584 3.04318 -0.46899
5.52 0 1.11454 2.3151 -0.223308
5.53 0 1.06474 1.18731 0.392182
5.54 0 1.0338 0.0385222 1.06168
5.55 0 0.751146 -0.739721 1.53583
5.56 0 0.153232 -1.02908 1.73047
5.57 0 -0.684459 -0.784377 1.63651
5.58 0 -1.63343 -0.262845 1.36339
5.59 0 -2.95365 0.269149 1.01338
5.6 0 -3.57712 0.159087 0.847059
5.61 0 -2.96149 -0.693626 0.989843
5.62 0 -1.45589 -1.91205 1.17374
5.63 0 -0.180718 -2.69918 0.835055
5.64 0 0.632947 -2.68179 -0.176275
5.65 0 0.634093 -1.85735 -1.80562
5.66 0 0.0513797 -0.791334 -3.71564
5.67 0 -0.603178 -0.114168 -5.33639
5.68 0 -0.75936 -0.258285 -6.25567
5.69 0 -0.391639 -1.25216 -6.49255
5.7 0 0.180725 -2.64698 -6.28664
5.71 0 0.523792 -3.84956 -5.90572
5.72 0 0.313528 -4.4249 -5.59679
5.73 0 -0.528998 -4.30615 -5.49251
5.74 0 -1.77317 -3.73268 -5.48807
5.75 0 -2.9614 -3.15445 -5.35269
5.76 0 -3.76394 -3.05343 -4.98113
5.77 0 -4.03181 -3.5794 -4.36241
5.78 0 -3.78206 -4.42123 -3.54275
5.79 0 -3.31608 -5.14495 -2.76864
5.8 0 -2.87119 -5.42206 -2.30913
5.81 0 -2.66221 -5.04952 -2.31932
5.82 0 -2.64754 -4.13866 -2.74456
5.83 0 -2.56497 -3.01483 -3.33979
5.84 0 -2.1767 -2.07669 -3.87781
5.85 0 -1.45024 -1.59016 -4.22925
5.86 0 -0.563566 -1.56244 -4.38176
5.87 0 0.25618 -1.72056 -4.33882
5.88 0 0.812687 -1.74136 -4.12857
5.89 0 0.947017 -1.52034 -3.83207
5.9 0 0.655256 -1.12595 -3.49876
5.91 0 0.128969 -0.733854 -3.07395
5.92 0 -0.450945 -0.53568 -2.49575
5.93 0 -0.970765 -0.650008 -1.706
5.94 0 -1.26931 -0.971163 -0.74466
5.95 0 -1.40497 -1.23355 0.256479
5.96 0 -1.48677 -1.37776 1.10867
5.97 0 -1.60498 -1.29872 1.67992
5.98 0 -1.74665 -1.03148 1.92536
5.99 0 -1.80367 -0.665203 1.88628
6 0 -0.93656 -0.394365 1.76128
6.01 0 0.361728 0.0442059 1.5617
6.02 0 1.55019 0.75907 1.1937
6.03 0 1.93736 1.8067 0.648033
6.04 0 1.74468 2.83226 0.157062
6.05 0 1.56433 3.37558 0.0733635
6.06 0 1.79373 3.33544 0.508972
6.07 0 2.32452 2.84726 1.30675
6.08 0 2.81194 2.32253 2.26811
6.09 0 2.98341 2.1243 3.18798
6.1 0 2.64963 2.3723 3.86666
6.11 0 1.92375 2.95011 4.30479
6.12 0 1.09754 3.55619 4.62138
6.13 0 0.473134 3.84644 4.94023
6.14 0 0.245737 3.67215 5.33745
6.15 0 0.358868 3.07957 5.72401
6.16 0 0.582628 2.30066 5.91205
6.17 0 0.72955 1.68598 5.78307
6.18 0 0.759302 1.53528 5.34679
6.19 0 0.732014 1.88137 4.68973
6.2 0 0.767073 2.50842 3.93998
6.21 0 0.998372 3.12388 3.25844
6.22 0 1.49654 3.49046 2.76118
6.23 0 2.15598 3.53235 2.46506
6.24 0 2.72963 3.32021 2.28713
6.25 0 3.02953 3.07318 2.19018
6.26 0 2.93894 2.92152 2.12535
6.27 0 2.45779 2.81576 2.04468
6.28 0 1.77582 2.644 1.98902
6.29 0 1.1186 2.2878 2.0023
6.3 0 0.638863 1.65113 2.05338
6.31 0 0.286404 0.767899 2.05974
6.32 0 -0.0890415 -0.113657 1.8495
6.33 0 -0.67733 -0.788944 1.36044
6.34 0 -1.63352 -1.10647 0.655107
6.35 0 -2.37103 -1.33076 -0.0958656
6.36 0 -2.7136 -1.65464 -0.800418
6.37 0 -2.45124 -2.21435 -1.4392
6.38 0 -1.86919 -2.84911 -2.10911
6.39 0 -1.20404 -3.34826 -2.91817
6.4 0 -0.788464 -3.48359 -3.9184
6.41 0 -0.683364 -3.22476 -5.01861
6.42 0 -0.773143 -2.77744 -6.01136
6.43 0 -0.85598 -2.38979 -6.69986
6.44 0 -0.738103 -2.28571 -6.95314
6.45 0 -0.451802 -2.50693 -6.78402
6.46 0 -0.20723 -2.96296 -6.35284
6.47 0 -0.223527 -3.44246 -5.84273
6.48 0 -0.64559 -3.72581 -5.36876
6.49 0 -1.39948 -3.74476 -4.95037
6.5 0 -2.30641 -3.60692 -4.52689
6.51 0 -3.11401 -3.51274 -4.03865
6.52 0 -3.51852 -3.62877 -3.45419
6.53 0 -3.40501 -3.90782 -2.82633
6.54 0 -2.90583 -4.06819 -2.25293
6.55 0 -2.19076 -3.85041 -1.81563
6.56 0 -1.45074 -3.18556 -1.64694
6.57 0 -0.83374 -2.03726 -1.65649
6.58 0 -0.181018 -0.601518 -1.64985
6.59 0 0.562895 0.726252 -1.52882
6.6 0 1.287 1.69614 -1.21967
6.61 0 1.9435 2.30554 -0.609472
6.62 0 2.38494 2.60977 0.262776
6.63 0 2.60141 2.69495 1.30456
6.64 0 2.47076 2.77046 2.43085
6.65 0 2.00141 2.896 3.52425
6.66 0 1.45051 3.05815 4.4797
6.67 0 0.931487 3.16443 5.37418
6.68 0 0.516345 3.17968 6.13619
6.69 0 0.267887 3.09839 6.73661
6.7 0 0.191038 2.96474 7.11558
6.71 0 0.228851 2.82541 7.20547
6.72 0 0.303808 2.7106 6.93672
6.73 0 0.403457 2.65201 6.32813
6.74 0 0.589128 2.67418 5.49046
6.75 0 0.89769 2.73974 4.53287
6.76 0 1.29789 2.76284 3.51917
6.77 0 1.7482 2.70868 2.52446
6.78 0 2.18074 2.64681 1.62441
6.79 0 2.57414 2.65509 0.913155
6.8 0 2.7747 2.64967 0.433487
6.81 0 2.68461 2.55668 0.141168
6.82 0 2.34192 2.34804 0.0610737
6.83 0 1.68717 2.03711 0.191421
6.84 0 1.02063 1.56494 0.549596
6.85 0 0.368351 1.00514 1.07967
6.86 0 -0.243491 0.409857 1.65305
6.87 0 -0.748888 -0.164035 2.12396
6.88 0 -0.945394 -0.624457 2.41729
6.89 0 -1.08901 -0.813993 2.41636
6.9 0 -1.02562 -0.849279 2.03868
6.91 0 -0.994287 -0.783471 1.23691
6.92 0 -1.01663 -0.608274 0.156358
6.93 0 -0.880139 -0.471461 -0.935239
6.94 0 -0.527034 -0.483673 -1.86907
6.95 0 -0.0994491 -0.725986 -2.6112
6.96 0 0.322 -1.11842 -3.2046
6.97 0 0.551701 -1.53771 -3.72406
6.98 0 0.468886 -1.90984 -4.21034
6.99 0 0.143583 -2.09574 -4.59372
7 0 -0.245558 -2.06809 -4.73672
7.01 0 -0.628356 -1.98932 -4.6397
7.02 0 -0.954236 -2.03872 -4.34142
7.03 0 -1.15584 -2.20032 -3.82854
7.04 0 -1.2693 -2.39148 -3.16367
7.05 0 -1.42834 -2.57606 -2.5198
7.06 0 -1.74414 -2.74032 -2.05509
7.07 0 -2.17597 -2.8401 -1.79333
7.08 0 -2.62211 -2.88733 -1.71407
7.09 0 -3.01001 -2.98378 -1.82145
7.1 0 -3.11424 -3.18436 -2.0423
7.11 0 -2.8261 -3.41993 -2.31589
7.12 0 -2.31765 -3.59704 -2.70575
7.13 0 -1.79265 -3.59398 -3.25401
7.14 0 -1.394 -3.36 -3.94117
7.15 0 -1.10093 -2.9036 -4.62505
7.16 0 -0.866012 -2.37757 -5.18127
7.17 0 -0.676583 -2.00823 -5.54741
7.18 0 -0.505202 -1.9353 -5.6742
7.19 0 -0.37659 -2.13721 -5.53438
7.2 0 -0.347325 -2.45325 -5.15517
7.21 0 -0.526832 -2.7468 -4.64828
7.22 0 -0.989343 -2.91969 -4.05607
7.23 0 -1.64238 -2.86277 -3.4742
7.24 0 -2.27907 -2.70043 -2.85585
7.25 0 -2.71435 -2.56031 -2.18223
7.26 0 -2.70893 -2.56226 -1.47575
7.27 0 -1.86989 -2.74357 -0.833867
7.28 0 -0.719429 -2.71222 -0.445928
7.29 0 -0.26754 -2.01252 -0.468168
7.3 0 -0.701399 -0.742755 -0.77125
7.31 0 -1.37025 0.40897 -1.05754
7.32 0 -1.45404 1.00485 -1.02112
7.33 0 -0.830312 0.905883 -0.525788
7.34 0 0.271436 0.443947 0.32194
7.35 0 1.29711 0.088028 1.20469
7.36 0 1.89566 0.176903 1.82869
7.37 0 1.9388 0.862753 2.09977
7.38 0 1.61777 1.94696 2.15815
7.39 0 1.26556 3.02666 2.18168
7.4 0 1.15637 3.6461 2.33468
7.41 0 1.46025 3.77431 2.77344
7.42 0 2.07385 3.57302 3.43516
7.43 0 2.68132 3.26631 4.0998
7.44 0 3.16589 3.27943 4.75603
7.45 0 3.34398 3.71246 5.28486
7.46 0 3.13799 4.3907 5.59668
7.47 0 2.74593 5.09953 5.80185
7.48 0 2.38676 5.58141 6.01727
7.49 0 2.22347 5.68134 6.32608
7.5 0 2.27729 5.38723 6.7229
7.51 0 2.45368 4.86269 7.13493
7.52 0 2.50133 4.35315 7.47027
7.53 0 2.28511 4.05037 7.66611
7.54 0 1.86468 4.02686 7.72542
7.55 0 1.39296 4.26502 7.6005
7.56 0 1.06379 4.51022 7.36499
7.57 0 1.0184 4.55505 7.06404
7.58 0 1.29061 4.34716 6.74555
7.59 0 1.75433 3.98887 6.36815
7.6 0 2.20704 3.63871 5.86032
7.61 0 2.48182 3.42265 5.1687
7.62 0 2.45537 3.27285 4.23109
7.63 0 2.08367 2.97483 3.017
7.64 0 1.6246 2.51003 1.76759
7.65 0 1.33533 1.94038 0.73736
7.66 0 1.32287 1.37718 0.0668665
7.67 0 1.46049 0.86122 -0.307987
7.68 0 1.53832 0.44639 -0.523414
7.69 0 1.40613 0.209057 -0.694773
7.7 0 1.07983 0.12606 -0.87817
7.71 0 0.630862 0.1419 -1.02745
7.72 0 0.118468 0.138001 -1.09347
7.73 0 -0.364027 0.0211454 -1.06255
7.74 0 -0.683992 -0.278186 -0.938255
7.75 0 -0.829115 -0.727543 -0.720466
7.76 0 -1.17432 -1.28587 -0.43502
7.77 0 -2.12292 -1.6098 -0.287801
7.78 0 -2.88045 -1.92754 -0.168432
7.79 0 -2.77039 -2.43586 -0.06039
7.8 0 -2.04214 -2.93258 -0.160295
7.81 0 -1.19705 -3.02065 -0.655828
7.82 0 -0.739562 -2.57759 -1.54743
7.83 0 -0.625963 -1.74864 -2.71514
7.84 0 -0.638262 -0.884585 -3.84526
7.85 0 -0.524842 -0.442488 -4.55979
7.86 0 -0.106014 -0.583852 -4.81669
7.87 0 0.483914 -1.18004 -4.67075
7.88 0 0.966783 -1.85966 -4.36758
7.89 0 1.03629 -2.288 -4.07172
7.9 0 0.601222 -2.29805 -3.86245
7.91 0 -0.217871 -1.99314 -3.71688
7.92 0 -1.15786 -1.64543 -3.53259
7.93 0 -1.92033 -1.54158 -3.16988
7.94 0 -2.32157 -1.81255 -2.57899
7.95 0 -2.37541 -2.37013 -1.83991
7.96 0 -2.26041 -2.95909 -1.13575
7.97 0 -2.1886 -3.28609 -0.660344
7.98 0 -2.32189 -3.29402 -0.575749
7.99 0 -2.76025 -3.17651 -1.01554
8 0 -3.27091 -3.07066 -1.80635
8.01 0 -3.48536 -3.05617 -2.63773
8.02 0 -3.09034 -3.29307 -3.36332
8.03 0 -2.34593 -3.73698 -4.04694
8.04 0 -1.49768 -4.08232 -4.67272
8.05 0 -0.793877 -4.06039 -5.29659
8.06 0 -0.402265 -3.61576 -5.94372
8.07 0 -0.362107 -2.92775 -6.5827
8.08 0 -0.518344 -2.26651 -7.07435
8.09 0 -0.616177 -1.93629 -7.19277
8.1 0 -0.549995 -2.04776 -6.8453
8.11 0 -0.409443 -2.47406 -6.08168
8.12 0 -0.345183 -2.92146 -5.05714
8.13 0 -0.550577 -3.14005 -3.9827
8.14 0 -1.1187 -3.06697 -3.02626
8.15 0 -1.95192 -2.80604 -2.24704
8.16 0 -2.80295 -2.55145 -1.592
8.17 0 -3.34086 -2.34251 -0.935181
8.18 0 -3.39394 -2.18215 -0.150911
8.19 0 -3.02613 -2.06413 0.669628
8.2 0 -2.25608 -1.77973 1.4466
8.21 0 -1.37639 -1.25502 1.96159
8.22 0 -0.627359 -0.29788 2.10401
8.23 0 0.0017942 0.818183 1.95383
8.24 0 1.06847 1.72846 1.68936
8.25 0 2.91101 2.31806 1.45246
8.26 0 4.29232 3.08255 1.20032
8.27 0 4.55589 4.09377 0.913937
8.28 0 3.82171 5.05177 0.77958
8.29 0 3.08564 5.28943 1.09078
8.3 0 2.64347 4.67873 1.92444
8.31 0 2.48662 3.57431 3.04936
8.32 0 2.29852 2.49366 4.16994
8.33 0 1.86645 1.82749 5.12832
8.34 0 1.15228 1.79573 5.80868
8.35 0 0.305839 2.27857 6.21399
8.36 0 -0.382738 2.97409 6.44828
8.37 0 -0.681442 3.46485 6.60437
8.38 0 -0.507379 3.51315 6.7004
8.39 0 0.0786789 3.18176 6.70796
8.4 0 0.831776 2.71929 6.48347
8.41 0 1.47365 2.40124 5.91157
8.42 0 1.76481 2.3212 4.89267
8.43 0 1.78644 2.51961 3.59451
8.44 0 1.77722 2.87698 2.30475
8.45 0 1.89039 3.15612 1.24237
8.46 0 2.1479 3.18671 0.536245
8.47 0 2.47893 2.91853 0.199655
8.48 0 2.70377 2.46298 0.160659
8.49 0 2.63177 1.97594 0.292323
8.5 0 2.17927 1.56922 0.487449
8.51 0 1.43461 1.25506 0.700455
8.52 0 0.591487 0.957718 0.926858
8.53 0 -0.151286 0.553219 1.17288
8.54 0 -0.692502 -0.000966773 1.39893
8.55 0 -1.05626 -0.595359 1.49535
8.56 0 -1.32523 -1.11273 1.37794
8.57 0 -1.65596 -1.42136 1.00958
8.58 0 -2.03085 -1.48874 0.441349
8.59 0 -2.08004 -1.46011 -0.193352
8.6 0 -1.72392 -1.40969 -0.778999
8.61 0 -1.15773 -1.398 -1.35383
8.62 0 -0.505588 -1.43302 -1.95513
8.63 0 0.028149 -1.43483 -2.59764
8.64 0 0.31579 -1.37087 -3.26271
8.65 0 0.341982 -1.26467 -3.872
8.66 0 0.206733 -1.1919 -4.3076
8.67 0 0.0732963 -1.17934 -4.4217
8.68 0 0.0911691 -1.16572 -4.09157
8.69 0 0.193889 -1.21464 -3.4537
8.7 0 0.197728 -1.27622 -2.68049
8.71 0 0.0164224 -1.21484 -1.86106
8.72 0 -0.372007 -1.07214 -1.11589
8.73 0 -0.775292 -0.901105 -0.447317
8.74 0 -1.03029 -0.781233 0.134356
8.75 0 -1.25184 -0.710595 0.583406
8.76 0 -1.38891 -0.694449 0.887184
8.77 0 -1.43246 -0.740749 1.02092
8.78 0 -1.40982 -0.847603 0.947722
8.79 0 -1.40204 -1.10057 0.557443
8.8 0 -1.38924 -1.45384 -0.124995
8.81 0 -1.20785 -1.65629 -0.865694
8.82 0 -0.848588 -1.62154 -1.55962
8.83 0 -0.450952 -1.42497 -2.22836
8.84 0 -0.117843 -1.18725 -2.86274
8.85 0 0.143066 -0.978282 -3.37588
8.86 0 0.396642 -0.852295 -3.6755
8.87 0 0.583498 -0.797663 -3.72684
8.88 0 0.629269 -0.803537 -3.55068
8.89 0 0.50046 -0.860681 -3.19321
8.9 0 0.21406 -0.916395 -2.67477
8.91 0 -0.146363 -0.931978 -2.00849
8.92 0 -0.517536 -0.921629 -1.25209
8.93 0 -0.864612 -0.931128 -0.500303
8.94 0 -1.18048 -1.00515 0.135314
8.95 0 -1.41871 -1.11287 0.603554
8.96 0 -1.53428 -1.1888 0.885287
8.97 0 -1.47498 -1.18156 0.976694
8.98 0 -1.1709 -1.00683 0.935013
8.99 0 -0.713826 -0.608114 0.796976
9 0 -0.163689 -0.0352625 0.596204
9.01 0 0.429542 0.637173 0.402468
9.02 0 0.879401 1.3159 0.26352
9.03 0 1.33679 1.82907 0.262288
9.04 0 1.74363 2.13556 0.43483
9.05 0 1.96158 2.2313 0.73143
9.06 0 1.90947 2.18826 1.11037
9.07 0 1.73834 2.05136 1.54434
9.08 0 1.45373 1.87624 1.98726
9.09 0 1.07762 1.71874 2.40781
9.1 0 0.607615 1.60488 2.77968
9.11 0 0.144654 1.4778 3.07063
9.12 0 -0.248488 1.27353 3.24179
9.13 0 -0.498007 0.984787 3.27776
9.14 0 -0.56095 0.695642 3.19237
9.15 0 -0.477852 0.471009 2.95178
9.16 0 -0.295345 0.392929 2.56048
9.17 0 -0.0486868 0.491695 2.04845
9.18 0 0.233942 0.724949 1.46358
9.19 0 0.541361 0.998441 0.868205
9.2 0 0.884933 1.23693 0.350841
9.21 0 1.25983 1.3884 -0.0352638
9.22 0 1.60289 1.47295 -0.248856
9.23 0 1.87063 1.57452 -0.232018
9.24 0 1.96224 1.67726 -0.0233118
9.25 0 1.81092 1.73258 0.306753
9.26 0 1.45973 1.73078 0.745416
9.27 0 0.917933 1.65696 1.26807
9.28 0 0.311033 1.37041 1.77561
9.29 0 -0.241251 0.876561 2.21099
9.3 0 -0.683896 0.273633 2.51021
9.31 0 -1.1529 -0.330631 2.54926
9.32 0 -1.47788 -0.836547 2.31557
9.33 0 -1.63583 -1.13104 1.82433
9.34 0 -1.60156 -1.24549 1.08733
9.35 0 -1.33867 -1.17566 0.221019
9.36 0 -0.852385 -0.988395 -0.684624
9.37 0 -0.2599 -0.772018 -1.58087
9.38 0 0.3379 -0.575712 -2.39913
9.39 0 0.828029 -0.415521 -3.07262
9.4 0 1.13748 -0.302257 -3.54025
9.41 0 1.20603 -0.268075 -3.77516
9.42 0 1.03046 -0.351541 -3.76772
9.43 0 0.705683 -0.597756 -3.53188
9.44 0 0.233969 -0.963687 -3.10973
9.45 0 -0.350067 -1.3908 -2.57017
9.46 0 -1.0035 -1.82852 -2.0076
9.47 0 -1.60204 -2.22245 -1.48573
9.48 0 -2.04981 -2.54453 -1.07665
9.49 0 -2.41933 -2.70568 -0.830285
9.5 0 -2.66335 -2.70663 -0.758222
9.51 0 -2.6467 -2.62544 -0.849595
9.52 0 -2.33157 -2.49308 -1.07702
9.53 0 -1.75445 -2.29167 -1.41483
9.54 0 -1.00638 -1.99349 -1.83666
9.55 0 -0.265817 -1.54124 -2.29812
9.56 0 0.349594 -0.934688 -2.71538
9.57 0 0.810569 -0.265183 -2.98512
9.58 0 1.18802 0.306689 -3.01428
9.59 0 1.42599 0.67809 -2.76851
9.6 0 1.46289 0.793344 -2.27599
9.61 0 1.26739 0.682306 -1.59177
9.62 0 0.870364 0.44447 -0.770401
9.63 0 0.29349 0.152802 0.0836137
9.64 0 -0.373276 -0.132576 0.886258
9.65 0 -0.999171 -0.36474 1.58169
9.66 0 -1.47709 -0.527602 2.08576
9.67 0 -1.69863 -0.620835 2.39841
9.68 0 -1.60346 -0.603894 2.53326
9.69 0 -1.24072 -0.441829 2.47083
9.7 0 -0.809383 -0.0761491 2.21539
9.71 0 -0.23996 0.450979 1.85067
9.72 0 0.425456 1.0836 1.46693
9.73 0 0.985731 1.71983 1.10728
9.74 0 1.44676 2.21805 0.846619
9.75 0 1.94754 2.49192 0.769968
9.76 0 2.39883 2.54738 0.866759
9.77 0 2.65317 2.46071 1.05159
9.78 0 2.62992 2.34748 1.27105
9.79 0 2.2436 2.30544 1.5123
9.8 0 1.57784 2.27965 1.78044
9.81 0 0.838972 2.15179 2.11038
9.82 0 0.238104 1.84372 2.5311
9.83 0 -0.145297 1.34605 2.99054
9.84 0 -0.333176 0.809316 3.39535
9.85 0 -0.400857 0.426197 3.65047
9.86 0 -0.43097 0.317665 3.67431
9.87 0 -0.451335 0.490083 3.43788
9.88 0 -0.436441 0.844058 2.99402
9.89 0 -0.244909 1.19947 2.43182
9.9 0 0.17111 1.40996 1.83088
9.91 0 0.723459 1.45709 1.22639
9.92 0 1.28798 1.40508 0.671818
9.93 0 1.69732 1.34069 0.187086
9.94 0 1.84701 1.30369 -0.229885
9.95 0 1.72676 1.28769 -0.544684
9.96 0 1.39268 1.21435 -0.72267
9.97 0 0.827117 1.01373 -0.749008
9.98 0 0.291127 0.574087 -0.60847
9.99 0 -0.226648 -0.111272 -0.400741
10 0 -0.666247 -0.954264 -0.234744
10.01 0 -1.01103 -1.70674 -0.167744
10.02 0 -1.41772 -2.18346 -0.298968
10.03 0 -1.74175 -2.35068 -0.624056
10.04 0 -1.81646 -2.26019 -1.06276
10.05 0 -1.79936 -2.00161 -1.59037
10.06 0 -1.62278 -1.73845 -2.1215
10.07 0 -1.26703 -1.60111 -2.58095
10.08 0 -0.799826 -1.61842 -2.95219
10.09 0 -0.34377 -1.72047 -3.24231
10.1 0 -0.0188163 -1.80683 -3.48037
10.11 0 0.0837718 -1.79986 -3.67455
10.12 0 -0.0436074 -1.71533 -3.81339
10.13 0 -0.345828 -1.65402 -3.87455
10.14 0 -0.689147 -1.69684 -3.79526
10.15 0 -0.957488 -1.86025 -3.53027
10.16 0 -1.10593 -2.09584 -3.0977
10.17 0 -1.14535 -2.28684 -2.55117
10.18 0 -1.13537 -2.3048 -1.97
10.19 0 -1.16133 -2.12708 -1.47093
10.2 0 -1.24806 -1.81183 -1.12062
10.21 0 -1.34731 -1.44835 -0.930172
10.22 0 -1.32551 -1.11998 -0.811624
10.23 0 -1.09451 -0.859036 -0.680212
10.24 0 -0.620517 -0.670622 -0.511014
10.25 0 -0.0264322 -0.462693 -0.326594
10.26 0 0.501391 -0.140509 -0.174456
10.27 0 0.807731 0.329913 -0.0755656
10.28 0 0.921987 0.858186 0.00725617
10.29 0 0.969495 1.29704 0.143847
10.3 0 0.977639 1.57174 0.39964
10.31 0 1.00318 1.64433 0.797351
10.32 0 1.00478 1.54869 1.28737
10.33 0 0.93458 1.3793 1.79702
10.34 0 0.740173 1.23442 2.24572
10.35 0 0.422132 1.14851 2.563
10.36 0 0.06103 1.11846 2.73986
10.37 0 -0.212072 1.10695 2.81043
10.38 0 -0.293288 1.07726 2.82424
10.39 0 -0.16985 1.02651 2.77934
10.4 0 0.092865 0.993573 2.65457
10.41 0 0.363873 1.05315 2.43595
10.42 0 0.624598 1.19371 2.12518
10.43 0 0.826837 1.38401 1.74476
10.44 0 0.977052 1.56369 1.3372
10.45 0 1.09038 1.65203 0.971142
10.46 0 1.17042 1.60239 0.683511
10.47 0 1.18026 1.43745 0.501763
10.48 0 1.11223 1.2079 0.431267
10.49 0 0.924049 0.947691 0.432059
10.5 0 0.5964 0.655107 0.442673
10.51 0 0.164351 0.338005 0.437971
10.52 0 -0.278316 0.0367981 0.444743
10.53 0 -0.600686 -0.264245 0.460209
10.54 0 -0.806314 -0.575887 0.425666
10.55 0 -0.880927 -0.843208 0.321674
10.56 0 -0.856003 -1.00299 0.129446
10.57 0 -0.75931 -1.02447 -0.154342
10.58 0 -0.617292 -0.919166 -0.511741
10.59 0 -0.421771 -0.727731 -0.889399
10.6 0 -0.159094 -0.493969 -1.2147
10.61 0 0.167214 -0.250603 -1.42177
10.62 0 0.498515 -0.0250767 -1.48723
10.63 0 0.739968 0.150906 -1.43315
10.64 0 0.833832 0.277678 -1.27002
10.65 0 0.777901 0.365136 -0.996061
10.66 0 0.596479 0.402273 -0.624809
10.67 0 0.313789 0.346998 -0.20591
10.68 0 -0.0126816 0.195499 0.224735
10.69 0 -0.322292 -0.0203213 0.631054
10.7 0 -0.583231 -0.254305 0.960693
10.71 0 -0.784406 -0.458195 1.15911
10.72 0 -0.926034 -0.605502 1.1791
10.73 0 -1.00631 -0.693929 0.999439
10.74 0 -1.01341 -0.746434 0.628814
10.75 0 -0.889739 -0.755063 0.14295
10.76 0 -0.608125 -0.696827 -0.368677
10.77 0 -0.203952 -0.562736 -0.845219
10.78 0 0.214712 -0.375032 -1.27008
10.79 0 0.560282 -0.156908 -1.61515
10.8 0 0.77038 0.0468031 -1.853
10.81 0 0.832755 0.186374 -1.94849
10.82 0 0.771225 0.227832 -1.86951
10.83 0 0.612916 0.155141 -1.6153
10.84 0 0.367739 -0.0259301 -1.22805
10.85 0 0.0420504 -0.283218 -0.775947
10.86 0 -0.348801 -0.572337 -0.336691
10.87 0 -0.76566 -0.852941 0.0212935
10.88 0 -1.13681 -1.08415 0.262817
10.89 0 -1.3654 -1.21559 0.396848
10.9 0 -1.39041 -1.22527 0.429833
10.91 0 -1.22931 -1.13324 0.340087
10.92 0 -0.92916 -0.954943 0.125582
10.93 0 -0.538812 -0.69173 -0.177936
10.94 0 -0.106568 -0.357583 -0.514836
10.95 0 0.323437 0.0166087 -0.819013
10.96 0 0.703611 0.376559 -1.03632
10.97 0 0.992946 0.66862 -1.12456
10.98 0 1.16118 0.856971 -1.05817
10.99 0 1.18228 0.923851 -0.840199
11 0 1.03959 0.867591 -0.502049
11.01 0 0.735361 0.700631 -0.0932579
11.02 0 0.282015 0.418941 0.306954
11.03 0 -0.262957 0.0327569 0.631911
11.04 0 -0.747537 -0.356453 0.90174
11.05 0 -1.04791 -0.644448 1.13009
11.06 0 -1.14708 -0.788356 1.26625
11.07 0 -1.08834 -0.789388 1.24912
11.08 0 -0.892362 -0.63589 1.07923
11.09 0 -0.574179 -0.341791 0.796856
11.1 0 -0.159438 0.0464465 0.45867
11.11 0 0.291842 0.484705 0.140347
11.12 0 0.743142 0.876123 -0.112461
11.13 0 1.11903 1.13739 -0.286237
11.14 0 1.35213 1.23852 -0.372539
11.15 0 1.42041 1.22076 -0.343223
11.16 0 1.32332 1.1326 -0.189801
11.17 0 1.04532 0.994354 0.0569881
11.18 0 0.646986 0.813267 0.375412
11.19 0 0.213372 0.600427 0.74435
11.2 0 -0.17265 0.367325 1.12902
11.21 0 -0.453179 0.155107 1.48655
11.22 0 -0.615104 -0.00640887 1.75991
11.23 0 -0.675121 -0.0939856 1.89861
11.24 0 -0.647521 -0.0858106 1.8749
11.25 0 -0.534062 0.0213271 1.69814
11.26 0 -0.342529 0.196086 1.38654
11.27 0 -0.0919265 0.383233 0.971381
11.28 0 0.211098 0.541364 0.523436
11.29 0 0.540032 0.658262 0.107447
11.3 0 0.852451 0.746942 -0.221071
11.31 0 1.07896 0.813835 -0.443674
11.32 0 1.16523 0.856243 -0.553838
11.33 0 1.08739 0.850576 -0.556621
11.34 0 0.843336 0.778345 -0.453106
11.35 0 0.521589 0.616104 -0.239972
11.36 0 0.186603 0.3652 0.0593291
11.37 0 -0.118763 0.0611646 0.39703
11.38 0 -0.385603 -0.231521 0.709475
11.39 0 -0.611749 -0.454136 0.932193
11.4 0 -0.80039 -0.58246 1.01031
11.41 0 -0.917591 -0.616109 0.934543
11.42 0 -0.919078 -0.575359 0.729941
11.43 0 -0.786043 -0.501419 0.425542
11.44 0 -0.532672 -0.419998 0.0564401
11.45 0 -0.211446 -0.344039 -0.351058
11.46 0 0.113155 -0.260783 -0.76149
11.47 0 0.383269 -0.156454 -1.13341
11.48 0 0.555488 -0.0431641 -1.43025
11.49 0 0.623369 0.052954 -1.61011
11.5 0 0.604095 0.100906 -1.63913
11.51 0 0.507726 0.0665276 -1.51825
11.52 0 0.333587 -0.0665105 -1.28092
11.53 0 0.0869959 -0.282374 -0.976166
11.54 0 -0.183691 -0.535759 -0.647099
11.55 0 -0.490124 -0.766202 -0.3503
11.56 0 -0.791145 -0.937076 -0.123259
11.57 0 -1.03959 -1.03602 0.0131625
11.58 0 -1.17703 -1.0711 0.0574681
11.59 0 -1.17167 -1.05474 0.0151727
11.6 0 -1.01779 -1.00676 -0.114144
11.61 0 -0.766096 -0.927851 -0.331471
11.62 0 -0.478132 -0.81669 -0.628816
11.63 0 -0.219045 -0.684246 -0.98794
11.64 0 -0.0135568 -0.547849 -1.36079
11.65 0 0.158642 -0.440629 -1.68823
11.66 0 0.266422 -0.384143 -1.92913
11.67 0 0.314516 -0.382906 -2.04366
11.68 0 0.301924 -0.424139 -2.01328
11.69 0 0.229629 -0.488992 -1.84438
11.7 0 0.0940412 -0.554604 -1.56357
11.71 0 -0.085321 -0.59867 -1.20001
11.72 0 -0.282692 -0.611015 -0.789364
11.73 0 -0.467855 -0.599663 -0.373718
11.74 0 -0.608744 -0.570138 0.0119697
11.75 0 -0.66467 -0.507459 0.35372
11.76 0 -0.632313 -0.407305 0.624323
11.77 0 -0.537386 -0.27858 0.790123
11.78 0 -0.407413 -0.130058 0.835712
11.79 0 -0.263185 0.0214369 0.764519
11.8 0 -0.102145 0.169138 0.612913
11.81 0 0.0856376 0.31782 0.437219
11.82 0 0.249402 0.479308 0.284093
11.83 0 0.446745 0.609574 0.187504
11.84 0 0.634337 0.709425 0.160061
11.85 0 0.78913 0.790202 0.207187
11.86 0 0.863523 0.8625 0.313622
11.87 0 0.847969 0.927693 0.467929
11.88 0 0.757575 0.984437 0.670698
11.89 0 0.623737 1.01433 0.913347
11.9 0 0.473132 1.00781 1.17186
11.91 0 0.344394 0.961223 1.44271
11.92 0 0.247479 0.897504 1.70157
11.93 0 0.187831 0.849386 1.92662
11.94 0 0.154221 0.840663 2.08682
11.95 0 0.134194 0.867978 2.15407
11.96 0 0.122334 0.911445 2.11656
11.97 0 0.148248 0.958685 1.99685
11.98 0 0.235489 1.005 1.83114
11.99 0 0.372717 1.03548 1.63359
12 0 0.53945 1.06024 1.42503
12.01 0 0.694386 1.08737 1.21429
12.02 0 0.793141 1.118 0.998889
12.03 0 0.834779 1.13771 0.816786
12.04 0 0.822765 1.12894 0.685451
12.05 0 0.77711 1.08088 0.627198
12.06 0 0.706447 0.990641 0.641629
12.07 0 0.592562 0.846934 0.693773
12.08 0 0.426361 0.674455 0.759467
12.09 0 0.18501 0.500194 0.813983
12.1 0 -0.0553505 0.296872 0.830433
12.11 0 -0.265732 0.0783811 0.797583
12.12 0 -0.424458 -0.153778 0.691626
12.13 0 -0.5301 -0.371493 0.503297
12.14 0 -0.573771 -0.548129 0.235728
12.15 0 -0.555562 -0.655576 -0.0909198
12.16 0 -0.486033 -0.701325 -0.461743
12.17 0 -0.36029 -0.713302 -0.854481
12.18 0 -0.213529 -0.702948 -1.23999
12.19 0 -0.0750695 -0.676232 -1.58117
12.2 0 0.0292093 -0.660889 -1.85847
12.21 0 0.0752421 -0.683543 -2.06143
12.22 0 0.0601756 -0.747194 -2.17358
12.23 0 -0.0177329 -0.84857 -2.1934
12.24 0 -0.154631 -0.97213 -2.13086
12.25 0 -0.312967 -1.10462 -1.99386
12.26 0 -0.496309 -1.22721 -1.81037
12.27 0 -0.664511 -1.34115 -1.6145
12.28 0 -0.828338 -1.41984 -1.43349
12.29 0 -0.9999 -1.45245 -1.28876
12.3 0 -1.14802 -1.45174 -1.18574
12.31 0 -1.23439 -1.43457 -1.11736
12.32 0 -1.19226 -1.43304 -1.08307
12.33 0 -1.04461 -1.42563 -1.08942
12.34 0 -0.834331 -1.37685 -1.14486
12.35 0 -0.613212 -1.25028 -1.24514
12.36 0 -0.37131 -1.06592 -1.3825
12.37 0 -0.198726 -0.832596 -1.5389
12.38 0 -0.0528306 -0.599297 -1.65608
12.39 0 0.0681456 -0.414814 -1.69631
12.4 0 0.167789 -0.307783 -1.63406
12.41 0 0.228663 -0.271856 -1.46711
12.42 0 0.226429 -0.287401 -1.22041
12.43 0 0.138024 -0.32134 -0.928007
12.44 0 -0.0156968 -0.337581 -0.607092
12.45 0 -0.192137 -0.32844 -0.277188
12.46 0 -0.339542 -0.305887 0.040772
12.47 0 -0.431172 -0.25709 0.339345
12.48 0 -0.448698 -0.184809 0.599559
12.49 0 -0.395223 -0.0854351 0.803153
12.5 0 -0.269459 0.0584487 0.950702
12.51 0 -0.0915481 0.253824 1.04259
12.52 0 0.122332 0.497218 1.09146
12.53 0 0.336539 0.753214 1.09896
12.54 0 0.51854 0.986599 1.07924
12.55 0 0.620906 1.17706 1.0571
12.56 0 0.716301 1.26433 1.0533
12.57 0 0.778755 1.2466 1.06902
12.58 0 0.806446 1.16236 1.10832
12.59 0 0.779152 1.06869 1.16346
12.6 0 0.707852 1.0164 1.23411
12.61 0 0.606283 1.01321 1.32014
12.62 0 0.496843 1.03592 1.41471
12.63 0 0.407538 1.0565 1.51542
12.64 0 0.358612 1.05745 1.61962
12.65 0 0.349327 1.03922 1.71691
12.66 0 0.360441 1.00586 1.7822
12.67 0 0.36919 0.973285 1.79656
12.68 0 0.370501 0.959656 1.75808
12.69 0 0.366668 0.966364 1.6724
12.7 0 0.374373 0.984019 1.55533
12.71 0 0.398237 0.990984 1.41856
12.72 0 0.437905 0.972917 1.27225
12.73 0 0.481788 0.934513 1.12012
12.74 0 0.521192 0.880411 0.977746
12.75 0 0.542112 0.823243 0.850694
12.76 0 0.521813 0.755812 0.729127
12.77 0 0.448795 0.663757 0.603977
12.78 0 0.329517 0.5329 0.471896
12.79 0 0.144698 0.37238 0.337146
12.8 0 -0.0286674 0.155789 0.202462
12.81 0 -0.167565 -0.0881171 0.0748365
12.82 0 -0.260706 -0.329358 -0.0564808
12.83 0 -0.335683 -0.531785 -0.213291
12.84 0 -0.406015 -0.68211 -0.413531
12.85 0 -0.462868 -0.76515 -0.642405
12.86 0 -0.4795 -0.791982 -0.874192
12.87 0 -0.458614 -0.800828 -1.1
12.88 0 -0.396453 -0.81345 -1.30036
12.89 0 -0.308705 -0.833671 -1.46219
12.9 0 -0.221218 -0.854184 -1.58102
12.91 0 -0.174572 -0.877431 -1.67065
12.92 0 -0.171692 -0.900231 -1.72949
12.93 0 -0.234943 -0.935767 -1.76992
12.94 0 -0.355394 -0.99486 -1.79005
12.95 0 -0.495173 -1.07919 -1.77626
12.96 0 -0.636547 -1.20079 -1.74003
12.97 0 -0.756151 -1.33948 -1.68471
12.98 0 -0.824936 -1.44518 -1.60301
12.99 0 -0.834129 -1.48873 -1.51029
13 0 -0.800313 -1.44888 -1.42427
13.01 0 -0.731377 -1.3237 -1.35152
13.02 0 -0.628434 -1.12949 -1.28506
13.03 0 -0.479802 -0.893217 -1.205
13.04 0 -0.27384 -0.654886 -1.09998
13.05 0 -0.0758866 -0.434382 -0.977709
13.06 0 0.110986 -0.216004 -0.811488
13.07 0 0.265504 0.00977955 -0.590646
13.08 0 0.349897 0.206636 -0.343713
13.09 0 0.357648 0.358098 -0.0787373
13.1 0 0.315398 0.457711 0.206794
13.11 0 0.238659 0.497627 0.498318
13.12 0 0.148536 0.485905 0.779072
13.13 0 0.0582016 0.445105 1.02816
13.14 0 -0.0210644 0.40197 1.22436
13.15 0 -0.0764082 0.384071 1.35567
13.16 0 -0.0950879 0.404298 1.41637
13.17 0 -0.0827176 0.445147 1.39329
13.18 0 -0.0169329 0.510124 1.31238
13.19 0 0.109634 0.597406 1.2002
13.2 0 0.271019 0.689021 1.06455
13.21 0 0.426708 0.783075 0.92123
13.22 0 0.55982 0.866149 0.786547
13.23 0 0.659589 0.91635 0.669845
13.24 0 0.71809 0.93389 0.588816
13.25 0 0.740033 0.93165 0.563371
13.26 0 0.701705 0.898595 0.578306
13.27 0 0.59729 0.832351 0.622843
13.28 0 0.453804 0.741273 0.6976
13.29 0 0.285993 0.618612 0.781748
13.3 0 0.119985 0.474602 0.861697
13.31 0 -0.0237269 0.33633 0.928534
13.32 0 -0.138922 0.213919 0.958138
13.33 0 -0.201821 0.126438 0.944897
13.34 0 -0.188736 0.106084 0.903787
13.35 0 -0.104083 0.159629 0.838589
13.36 0 0.0245117 0.267882 0.744864
13.37 0 0.178172 0.410473 0.635347
13.38 0 0.312151 0.533569 0.500855
13.39 0 0.405072 0.601745 0.352357
13.4 0 0.444016 0.592664 0.202853
13.41 0 0.42217 0.50017 0.061769
13.42 0 0.337699 0.33434 -0.0673763
13.43 0 0.19752 0.118 -0.184832
13.44 0 0.0364802 -0.100551 -0.273507
13.45 0 -0.114423 -0.283546 -0.326616
13.46 0 -0.242679 -0.419307 -0.357043
13.47 0 -0.327969 -0.495702 -0.367157
13.48 0 -0.360772 -0.513925 -0.363201
13.49 0 -0.355185 -0.497489 -0.366303
13.5 0 -0.32642 -0.468043 -0.390523
13.51 0 -0.280424 -0.434594 -0.434302
13.52 0 -0.230166 -0.408984 -0.498351
13.53 0 -0.185112 -0.396879 -0.577773
13.54 0 -0.146398 -0.395486 -0.660287
13.55 0 -0.117382 -0.40124 -0.735623
13.56 0 -0.0954127 -0.412782 -0.795842
13.57 0 -0.0915309 -0.421443 -0.834175
13.58 0 -0.108025 -0.433417 -0.852303
13.59 0 -0.143587 -0.452576 -0.850652
13.6 0 -0.192701 -0.484713 -0.832767
13.61 0 -0.255719 -0.536461 -0.809504
13.62 0 -0.334334 -0.613776 -0.796683
13.63 0 -0.414449 -0.701581 -0.794378
13.64 0 -0.481993 -0.786296 -0.804922
13.65 0 -0.518449 -0.846662 -0.82248
13.66 0 -0.520333 -0.870432 -0.847342
13.67 0 -0.487283 -0.850018 -0.876107
13.68 0 -0.425446 -0.789025 -0.905714
13.69 0 -0.34348 -0.699662 -0.931457
13.7 0 -0.239491 -0.609105 -0.952825
13.71 0 -0.150651 -0.521744 -0.966469
13.72 0 -0.0714978 -0.433847 -0.952001
13.73 0 -0.0207106 -0.356118 -0.909547
13.74 0 0.00916779 -0.289932 -0.829218
13.75 0 0.0279818 -0.223852 -0.698646
13.76 0 0.0377529 -0.158921 -0.523948
13.77 0 0.0305186 -0.0978221 -0.321848
13.78 0 0.00383781 -0.045576 -0.112256
13.79 0 -0.025151 0.0115543 0.103098
13.8 0 -0.0558162 0.0641236 0.302391
13.81 0 -0.0826613 0.108894 0.471417
13.82 0 -0.085693 0.157807 0.613162
13.83 0 -0.0537667 0.222485 0.73028
13.84 0 0.00711586 0.303055 0.816335
13.85 0 0.0895937 0.401248 0.871908
13.86 0 0.1774 0.505359 0.893272
13.87 0 0.260622 0.604157 0.885978
13.88 0 0.333311 0.700887 0.87163
13.89 0 0.406321 0.792367 0.873281
13.9 0 0.483669 0.856263 0.891762
13.91 0 0.552839 0.896626 0.929686
13.92 0 0.595277 0.91797 0.978826
13.93 0 0.597455 0.928393 1.03189
13.94 0 0.557148 0.928174 1.08195
13.95 0 0.476837 0.913466 1.12573
13.96 0 0.382745 0.876087 1.16577
13.97 0 0.285227 0.800564 1.18965
13.98 0 0.210787 0.703028 1.20258
13.99 0 0.168146 0.607921 1.20181
14 0 0.147045 0.531744 1.17236
14.01 0 0.14006 0.490825 1.10831
14.02 0 0.13836 0.480322 1.00457
14.03 0 0.138793 0.495783 0.875649
14.04 0 0.164393 0.508526 0.735961
14.05 0 0.206392 0.498994 0.59387
14.06 0 0.253585 0.455666 0.452256
14.07 0 0.276187 0.379305 0.305746
14.08 0 0.257695 0.277478 0.152245
14.09 0 0.197641 0.166454 0.000836864
14.1 0 0.111788 0.054309 -0.13699
14.11 0 0.0217144 -0.0527349 -0.248176
14.12 0 -0.0525166 -0.151716 -0.32536
14.13 0 -0.113902 -0.248884 -0.38062
14.14 0 -0.160203 -0.335445 -0.419227
14.15 0 -0.194913 -0.401267 -0.448675
14.16 0 -0.233801 -0.454104 -0.488933
14.17 0 -0.281154 -0.501262 -0.549151
14.18 0 -0.324426 -0.544592 -0.623105
14.19 0 -0.355253 -0.590991 -0.706713
14.2 0 -0.36971 -0.643914 -0.796491
14.21 0 -0.36567 -0.695594 -0.885381
14.22 0 -0.356707 -0.744927 -0.978188
14.23 0 -0.357127 -0.792433 -1.08004
14.24 0 -0.374089 -0.839467 -1.19054
14.25 0 -0.396822 -0.88006 -1.29452
14.26 0 -0.409712 -0.910349 -1.37552
14.27 0 -0.408938 -0.934928 -1.42938
14.28 0 -0.395654 -0.949575 -1.45244
14.29 0 -0.362233 -0.934996 -1.43212
14.3 0 -0.314633 -0.879144 -1.36602
14.31 0 -0.259302 -0.779257 -1.25519
14.32 0 -0.20492 -0.645792 -1.10555
14.33 0 -0.173168 -0.516028 -0.94179
14.34 0 -0.165252 -0.413376 -0.773459
14.35 0 -0.171942 -0.348099 -0.604122
14.36 0 -0.175222 -0.307281 -0.428705
14.37 0 -0.164165 -0.268542 -0.246886
14.38 0 -0.140136 -0.211837 -0.0670214
14.39 0 -0.110456 -0.127726 0.0982744
14.4 0 -0.0852961 -0.0255555 0.233451
14.41 0 -0.0661535 0.0754826 0.330513
14.42 0 -0.0405872 0.162032 0.396454
14.43 0 -0.00824665 0.2156 0.430209
14.44 0 0.030498 0.234582 0.435888
14.45 0 0.088202 0.24898 0.436445
14.46 0 0.155107 0.277284 0.437059
14.47 0 0.216541 0.328488 0.438494
14.48 0 0.269767 0.406792 0.450142
14.49 0 0.316844 0.505062 0.483044
14.5 0 0.334044 0.587982 0.524556
14.51 0 0.331783 0.631224 0.576374
14.52 0 0.334412 0.636073 0.649384
14.53 0 0.330662 0.606399 0.729354
14.54 0 0.317822 0.569688 0.810543
14.55 0 0.293006 0.550574 0.885314
14.56 0 0.260154 0.561299 0.948376
14.57 0 0.2407 0.60826 1.01022
14.58 0 0.241169 0.671653 1.06683
14.59 0 0.260135 0.728809 1.1125
14.6 0 0.299499 0.771352 1.1485
14.61 0 0.341853 0.790256 1.16376
14.62 0 0.378446 0.795294 1.15873
14.63 0 0.400746 0.796234 1.13424
14.64 0 0.401663 0.792522 1.08934
14.65 0 0.383915 0.779287 1.029
14.66 0 0.355664 0.749122 0.959875
14.67 0 0.297755 0.689192 0.875619
14.68 0 0.241564 0.596633 0.787033
14.69 0 0.194983 0.483977 0.699161
14.7 0 0.16069 0.36768 0.610289
14.71 0 0.127164 0.266347 0.514073
14.72 0 0.0974205 0.196317 0.413517
14.73 0 0.0678645 0.155286 0.30734
14.74 0 0.0458615 0.131519 0.200872
14.75 0 0.0356731 0.109656 0.0998028
14.76 0 0.0440353 0.0831673 0.0137301
14.77 0 0.0594558 0.0458183 -0.0603471
14.78 0 0.0655546 -0.00334282 -0.129834
14.79 0 0.0488085 -0.0605607 -0.20063
14.8 0 0.00670349 -0.122215 -0.273818
14.81 0 -0.0586722 -0.192741 -0.351567
14.82 0 -0.143262 -0.28987 -0.443666
14.83 0 -0.21198 -0.429655 -0.555274
14.84 0 -0.311673 -0.59138 -0.697612
14.85 0 -0.428525 -0.768159 -0.87201
14.86 0 -0.53381 -0.924996 -1.05168
14.87 0 -0.600012 -1.047 -1.21893
14.88 0 -0.618877 -1.12242 -1.36141
14.89 0 -0.592574 -1.15178 -1.47559
14.9 0 -0.542444 -1.14464 -1.56745
14.91 0 -0.482283 -1.10979 -1.63621
14.92 0 -0.413176 -1.04955 -1.67009
14.93 0 -0.341632 -0.97325 -1.66348
14.94 0 -0.280713 -0.891678 -1.61619
14.95 0 -0.237033 -0.81215 -1.52771
14.96 0 -0.222047 -0.74736 -1.40815
14.97 0 -0.237706 -0.704299 -1.26654
14.98 0 -0.285464 -0.690838 -1.11839
14.99 0 -0.340682 -0.689169 -0.959037
15 0 -0.389757 -0.687958 -0.796036
15.01 0 -0.430146 -0.683289 -0.646829
15.02 0 -0.457181 -0.668159 -0.523441
15.03 0 -0.462375 -0.63448 -0.429804
15.04 0 -0.439549 -0.578842 -0.365863
15.05 0 -0.366508 -0.511425 -0.330528
15.06 0 -0.271804 -0.430125 -0.325942
15.07 0 -0.168582 -0.327284 -0.338936
15.08 0 -0.0593797 -0.198312 -0.347095
15.09 0 0.0557458 -0.0527735 -0.331174
15.1 0 0.167004 0.0933567 -0.279859
15.11 0 0.264662 0.224725 -0.187564
15.12 0 0.327631 0.324356 -0.0634094
15.13 0 0.353068 0.394287 0.0918032
15.14 0 0.343711 0.443508 0.274913
15.15 0 0.314026 0.487426 0.484949
15.16 0 0.274191 0.533914 0.711468
15.17 0 0.234213 0.586726 0.940953
15.18 0 0.184719 0.642557 1.15203
15.19 0 0.14099 0.690597 1.32798
15.2 0 0.125682 0.722913 1.46196
15.21 0 0.133852 0.73533 1.53837
15.22 0 0.169782 0.747309 1.55953
15.23 0 0.226288 0.766964 1.52882
15.24 0 0.29 0.795329 1.44714
15.25 0 0.362956 0.839313 1.33409
15.26 0 0.442937 0.892944 1.20649
15.27 0 0.519561 0.938138 1.07433
15.28 0 0.590229 0.967284 0.955668
15.29 0 0.653018 0.979863 0.869989
15.3 0 0.678339 0.971131 0.813741
15.31 0 0.653232 0.93688 0.78309
15.32 0 0.574518 0.871553 0.77083
15.33 0 0.449048 0.765946 0.766187
15.34 0 0.300708 0.627079 0.767255
15.35 0 0.154552 0.468666 0.76925
15.36 0 0.0282269 0.31071 0.762817
15.37 0 -0.0719013 0.170686 0.732321
15.38 0 -0.14653 0.0590825 0.662613
15.39 0 -0.183309 -0.00831851 0.558261
15.4 0 -0.199687 -0.0319108 0.419877
15.41 0 -0.170616 -0.0364329 0.257203
15.42 0 -0.0955778 -0.0242886 0.0919804
15.43 0 0.0201766 0.00132323 -0.0586981
15.44 0 0.137631 0.0342742 -0.194225
15.45 0 0.238596 0.07874 -0.301106
15.46 0 0.288692 0.11631 -0.384876
15.47 0 0.279321 0.125896 -0.443841
15.48 0 0.210798 0.0851743 -0.479048
15.49 0 0.0903738 -0.0266011 -0.500188
15.5 0 -0.057293 -0.196239 -0.505519
15.51 0 -0.210472 -0.396211 -0.501021
15.52 0 -0.355286 -0.590241 -0.498558
15.53 0 -0.479044 -0.744628 -0.509953
15.54 0 -0.57428 -0.843227 -0.547921
15.55 0 -0.627135 -0.883254 -0.614087
15.56 0 -0.626844 -0.875934 -0.704004
15.57 0 -0.567848 -0.835863 -0.806923
15.58 0 -0.451789 -0.768735 -0.905301
15.59 0 -0.303487 -0.688696 -0.996245
15.6 0 -0.156643 -0.60043 -1.07486
15.61 0 -0.037341 -0.506123 -1.13123
15.62 0 0.0343558 -0.417982 -1.15824
15.63 0 0.0582943 -0.348792 -1.14331
15.64 0 0.0359827 -0.31877 -1.08523
15.65 0 -0.0176432 -0.331497 -0.980831
15.66 0 -0.0801404 -0.367364 -0.825797
15.67 0 -0.157729 -0.420619 -0.648628
15.68 0 -0.24423 -0.468673 -0.468561
15.69 0 -0.326472 -0.491026 -0.300665
15.7 0 -0.392585 -0.483012 -0.161091
15.71 0 -0.430526 -0.452047 -0.0620196
15.72 0 -0.415213 -0.393167 0.00668607
15.73 0 -0.350974 -0.319758 0.0391386
15.74 0 -0.251757 -0.239532 0.0337485
15.75 0 -0.12764 -0.146007 0.00345608
15.76 0 0.00383298 -0.0383185 -0.040049
15.77 0 0.115347 0.0666558 -0.0945995
15.78 0 0.205393 0.165932 -0.136697
15.79 0 0.278765 0.255842 -0.1427
15.8 0 0.322338 0.316237 -0.113241
15.81 0 0.332315 0.342009 -0.0470998
15.82 0 0.314065 0.343624 0.0581906
15.83 0 0.276118 0.33819 0.200745
15.84 0 0.222519 0.336505 0.367663
15.85 0 0.158161 0.342558 0.541422
15.86 0 0.101034 0.364689 0.714702
15.87 0 0.0547286 0.391739 0.866463
15.88 0 0.0316956 0.422547 0.988911
15.89 0 0.0282606 0.445979 1.06518
15.9 0 0.0378396 0.455318 1.08342
15.91 0 0.0554023 0.449947 1.04041
15.92 0 0.0734013 0.427661 0.936106
15.93 0 0.100009 0.400661 0.790664
15.94 0 0.144485 0.382623 0.629883
15.95 0 0.202778 0.376149 0.47047
15.96 0 0.25276 0.36665 0.312858
15.97 0 0.283908 0.348276 0.166923
15.98 0 0.291096 0.317939 0.0439816
15.99 0 0.275155 0.274445 -0.0459707
16 0 0.241041 0.220338 -0.0958159
16.01 0 0.200368 0.16773 -0.0975305
16.02 0 0.153646 0.121378 -0.0584716
16.03 0 0.104013 0.0887965 0.0127401
16.04 0 0.0596625 0.0792554 0.109697
16.05 0 0.00821388 0.0749601 0.203221
16.06 0 -0.0477895 0.0660287 0.277601
16.07 0 -0.0926962 0.0532613 0.33102
16.08 0 -0.120336 0.0334605 0.356616
16.09 0 -0.127395 0.0101285 0.351327
16.1 0 -0.11504 -0.00918841 0.314869
16.11 0 -0.0829272 -0.0121544 0.25483
16.12 0 -0.0465569 -0.00542446 0.167364
16.13 0 -0.000202236 0.0183467 0.0720597
16.14 0 0.0540028 0.053618 -0.0178667
16.15 0 0.106165 0.0863555 -0.0963676
16.16 0 0.153927 0.113327 -0.150564
16.17 0 0.187707 0.128824 -0.177185
16.18 0 0.200938 0.133154 -0.174298
16.19 0 0.185667 0.123698 -0.147885
16.2 0 0.128454 0.0860393 -0.117744
16.21 0 0.0429149 0.0249662 -0.0851955
16.22 0 -0.0542016 -0.0544983 -0.0539675
16.23 0 -0.156624 -0.154833 -0.0399396
16.24 0 -0.255312 -0.269916 -0.0547724
16.25 0 -0.327581 -0.37388 -0.0921215
16.26 0 -0.379541 -0.465877 -0.167882
16.27 0 -0.408693 -0.538214 -0.282739
16.28 0 -0.409433 -0.58461 -0.427653
16.29 0 -0.381219 -0.607711 -0.592338
16.3 0 -0.324188 -0.610362 -0.76087
16.31 0 -0.236 -0.584347 -0.906426
16.32 0 -0.134377 -0.535588 -1.01813
16.33 0 -0.0384719 -0.46975 -1.08627
16.34 0 0.0462119 -0.383663 -1.09243
16.35 0 0.097983 -0.29808 -1.04263
16.36 0 0.101426 -0.236944 -0.94849
16.37 0 0.0590609 -0.212473 -0.816506
16.38 0 -0.0106693 -0.219731 -0.648035
16.39 0 -0.109072 -0.266372 -0.471408
16.4 0 -0.23329 -0.350023 -0.315854
16.41 0 -0.36057 -0.446842 -0.193063
16.42 0 -0.469176 -0.534996 -0.113689
16.43 0 -0.529034 -0.585228 -0.0726145
16.44 0 -0.518391 -0.574924 -0.0602364
16.45 0 -0.441376 -0.50442 -0.0771162
16.46 0 -0.309136 -0.379701 -0.115838
16.47 0 -0.13791 -0.212726 -0.162368
16.48 0 0.0489138 -0.0243104 -0.202713
16.49 0 0.224227 0.159095 -0.225251
16.5 0 0.36406 0.313088 -0.219668
16.51 0 0.455221 0.42432 -0.174145
16.52 0 0.490425 0.487258 -0.0831737
16.53 0 0.467321 0.502681 0.0498503
16.54 0 0.383364 0.469758 0.207081
16.55 0 0.257731 0.404849 0.379383
16.56 0 0.116361 0.327069 0.555647
16.57 0 -0.016989 0.251874 0.71968
16.58 0 -0.124786 0.189747 0.852144
16.59 0 -0.192466 0.151588 0.939383
16.6 0 -0.211637 0.142399 0.971395
16.61 0 -0.170921 0.183828 0.962999
16.62 0 -0.0711106 0.27329 0.92182
16.63 0 0.0781531 0.398813 0.857552
16.64 0 0.265488 0.5559 0.792245
16.65 0 0.465864 0.729946 0.740661
16.66 0 0.636649 0.887656 0.699814
16.67 0 0.743497 0.997264 0.667464
16.68 0 0.777323 1.04964 0.657833
16.69 0 0.744583 1.04435 0.684661
16.7 0 0.648005 0.972081 0.739337
16.71 0 0.499331 0.837608 0.809413
16.72 0 0.32881 0.671152 0.891583
16.73 0 0.132737 0.498534 0.962892
16.74 0 -0.0496585 0.330782 1.00518
16.75 0 -0.192124 0.182499 1.00429
16.76 0 -0.277376 0.0629672 0.947808
16.77 0 -0.308408 -0.0233713 0.824553
16.78 0 -0.280016 -0.0672598 0.643275
16.79 0 -0.185615 -0.0515718 0.433295
16.8 0 -0.0428367 0.0130424 0.210799
16.81 0 0.117951 0.104887 -0.0096242
16.82 0 0.269417 0.198933 -0.209974
16.83 0 0.38122 0.265415 -0.37855
16.84 0 0.43343 0.281072 -0.505019
16.85 0 0.418291 0.236554 -0.580622
16.86 0 0.339277 0.135522 -0.602161
16.87 0 0.206676 -0.00774337 -0.574458
16.88 0 0.0221315 -0.188747 -0.525061
16.89 0 -0.194911 -0.390196 -0.474259
16.9 0 -0.403951 -0.579978 -0.426744
16.91 0 -0.573698 -0.740161 -0.396478
16.92 0 -0.654037 -0.852224 -0.386537
16.93 0 -0.680809 -0.893981 -0.413485
16.94 0 -0.66381 -0.878178 -0.490986
16.95 0 -0.61407 -0.825042 -0.617995
16.96 0 -0.519594 -0.75067 -0.769167
16.97 0 -0.398188 -0.68823 -0.937365
16.98 0 -0.26802 -0.654956 -1.11041
16.99 0 -0.144901 -0.635373 -1.26231
17 0 -0.0567768 -0.625461 -1.38546
17.01 0 -0.0271996 -0.625737 -1.47622
17.02 0 -0.0507525 -0.633369 -1.51967
17.03 0 -0.109938 -0.649328 -1.5026
17.04 0 -0.188511 -0.681295 -1.42536
17.05 0 -0.271112 -0.72662 -1.2945
17.06 0 -0.343174 -0.768438 -1.12
17.07 0 -0.395376 -0.782396 -0.915787
17.08 0 -0.424988 -0.759625 -0.707768
17.09 0 -0.443673 -0.70295 -0.525403
17.1 0 -0.444123 -0.613129 -0.376763
17.11 0 -0.416623 -0.500259 -0.262147
17.12 0 -0.355415 -0.38222 -0.180186
17.13 0 -0.263223 -0.271597 -0.126816
17.14 0 -0.133663 -0.153592 -0.078735
17.15 0 0.0114135 -0.0254205 -0.031909
17.16 0 0.133108 0.0984546 0.00197862
17.17 0 0.213585 0.209637 0.0266669
17.18 0 0.250627 0.295297 0.0512815
17.19 0 0.265426 0.356206 0.0994559
17.2 0 0.274773 0.394787 0.185298
17.21 0 0.279897 0.414343 0.305616
17.22 0 0.271581 0.421256 0.445
17.23 0 0.245498 0.428278 0.589392
17.24 0 0.206292 0.446552 0.728954
17.25 0 0.163235 0.478703 0.856346
17.26 0 0.126159 0.522519 0.968662
17.27 0 0.108614 0.565262 1.06136
17.28 0 0.124647 0.596792 1.13002
17.29 0 0.165332 0.615678 1.16654
17.3 0 0.219088 0.630777 1.16665
17.31 0 0.264026 0.642316 1.12111
17.32 0 0.30297 0.662683 1.04491
17.33 0 0.336624 0.688316 0.950374
17.34 0 0.368079 0.708853 0.8511
17.35 0 0.402675 0.718295 0.763561
17.36 0 0.444723 0.721022 0.703995
17.37 0 0.473692 0.716108 0.67029
17.38 0 0.482091 0.708043 0.662797
17.39 0 0.469388 0.704684 0.684132
17.4 0 0.440894 0.707826 0.734171
17.41 0 0.391337 0.701731 0.796896
17.42 0 0.327062 0.677035 0.86207
17.43 0 0.257737 0.63135 0.921106
17.44 0 0.180279 0.567661 0.961301
17.45 0 0.0998526 0.495012 0.975762
17.46 0 0.0349206 0.409027 0.952854
17.47 0 -0.00712268 0.323154 0.891063
17.48 0 -0.0345443 0.23689 0.778151
17.49 0 -0.0485805 0.160564 0.618715
17.5 0 -0.0406945 0.104672 0.429789
17.51 0 -0.0102624 0.0707956 0.228076
17.52 0 0.0222737 0.0350513 0.0115896
17.53 0 0.0619446 0.00217706 -0.192792
17.54 0 0.108152 -0.0249792 -0.364036
17.55 0 0.127978 -0.0700421 -0.514489
17.56 0 0.117126 -0.130108 -0.634769
17.57 0 0.0683242 -0.209819 -0.726941
17.58 0 -0.0231691 -0.318597 -0.800966
17.59 0 -0.138417 -0.446122 -0.851774
17.6 0 -0.269713 -0.594146 -0.892542
17.61 0 -0.388182 -0.759402 -0.933811
17.62 0 -0.492415 -0.912792 -0.981439
17.63 0 -0.588398 -1.02962 -1.04212
17.64 0 -0.657298 -1.09417 -1.10904
17.65 0 -0.685115 -1.10924 -1.17629
17.66 0 -0.667019 -1.09 -1.24059
17.67 0 -0.612863 -1.0578 -1.30484
17.68 0 -0.528838 -1.02788 -1.3695
17.69 0 -0.433478 -0.993516 -1.42803
17.7 0 -0.342576 -0.945103 -1.47221
17.71 0 -0.277771 -0.885406 -1.50103
17.72 0 -0.240046 -0.817929 -1.50278
17.73 0 -0.224355 -0.752974 -1.46716
17.74 0 -0.216313 -0.695859 -1.3823
17.75 0 -0.210043 -0.649269 -1.24761
17.76 0 -0.203276 -0.627373 -1.08514
17.77 0 -0.22586 -0.615108 -0.91599
17.78 0 -0.265614 -0.595423 -0.747241
17.79 0 -0.309933 -0.552296 -0.580477
17.8 0 -0.335796 -0.486922 -0.417892
17.81 0 -0.329168 -0.401427 -0.260178
17.82 0 -0.285284 -0.30556 -0.114431
17.83 0 -0.210279 -0.199608 0.015197
17.84 0 -0.110388 -0.078386 0.129601
17.85 0 0.00120261 0.0620001 0.230762
17.86 0 0.110574 0.214497 0.31957
17.87 0 0.208345 0.367609 0.401523
17.88 0 0.293206 0.508042 0.486004
17.89 0 0.366241 0.626617 0.582932
17.9 0 0.422249 0.725455 0.701121
17.91 0 0.425668 0.788571 0.821209
17.92 0 0.412998 0.803067 0.940196
17.93 0 0.392925 0.794287 1.0622
17.94 0 0.36958 0.778241 1.17653
17.95 0 0.332614 0.763144 1.2658
17.96 0 0.291921 0.75836 1.32535
17.97 0 0.265107 0.774838 1.36109
17.98 0 0.257531 0.795056 1.3704
17.99 0 0.275694 0.813561 1.35802
18 0 0.322069 0.831084 1.33075
18.01 0 0.396858 0.862455 1.3012
18.02 0 0.472831 0.899992 1.25861
18.03 0 0.525621 0.939783 1.20018
18.04 0 0.551813 0.978268 1.13604
18.05 0 0.555814 0.999279 1.07873
18.06 0 0.539542 0.984537 1.03124
18.07 0 0.506513 0.928333 0.995615
18.08 0 0.455443 0.834868 0.96666
18.09 0 0.393667 0.728385 0.945554
18.1 0 0.329077 0.63382 0.931966
18.11 0 0.257987 0.556309 0.911131
18.12 0 0.166509 0.489711 0.866776
18.13 0 0.0656422 0.427015 0.800183
18.14 0 -0.00604321 0.342865 0.711573
18.15 0 -0.0400868 0.237861 0.603171
18.16 0 -0.0426766 0.122128 0.470333
18.17 0 -0.0412673 0.00906821 0.301275
18.18 0 -0.0477627 -0.0855168 0.0981268
18.19 0 -0.0660448 -0.156514 -0.128182
18.2 0 -0.088957 -0.215173 -0.36163
18.21 0 -0.10253 -0.272292 -0.578764
18.22 0 -0.100198 -0.3384 -0.763131
18.23 0 -0.0972834 -0.42371 -0.916354
18.24 0 -0.102241 -0.515832 -1.03396
18.25 0 -0.126683 -0.600563 -1.11783
18.26 0 -0.173216 -0.688204 -1.18566
18.27 0 -0.241734 -0.772239 -1.24156
18.28 0 -0.344916 -0.847364 -1.28955
18.29 0 -0.466944 -0.928992 -1.33407
18.3 0 -0.577777 -1.01722 -1.36503
18.31 0 -0.660352 -1.11426 -1.38465
18.32 0 -0.71098 -1.20977 -1.39985
18.33 0 -0.727404 -1.27923 -1.41293
18.34 0 -0.720634 -1.30839 -1.4341
18.35 0 -0.687694 -1.29373 -1.46629
18.36 0 -0.634152 -1.23384 -1.50361
18.37 0 -0.558267 -1.13836 -1.53381
18.38 0 -0.46649 -1.02546 -1.54704
18.39 0 -0.357048 -0.903252 -1.52471
18.4 0 -0.240657 -0.777519 -1.457
18.41 0 -0.145089 -0.663529 -1.35394
18.42 0 -0.0772506 -0.553425 -1.20978
18.43 0 -0.0355592 -0.453995 -1.03142
18.44 0 -0.0337589 -0.376089 -0.837683
18.45 0 -0.0712341 -0.312937 -0.632901
18.46 0 -0.126987 -0.260872 -0.4186
18.47 0 -0.181387 -0.220958 -0.202694
18.48 0 -0.215668 -0.186703 0.00735083
18.49 0 -0.21199 -0.136575 0.210543
18.5 0 -0.17865 -0.0646365 0.38806
18.51 0 -0.123949 0.0353021 0.528845
18.52 0 -0.0530985 0.161589 0.629836
18.53 0 0.0316342 0.303182 0.695209
18.54 0 0.130107 0.444695 0.735221
18.55 0 0.23996 0.572959 0.762593
18.56 0 0.355157 0.683277 0.790463
18.57 0 0.439159 0.783309 0.826809
18.58 0 0.500192 0.862069 0.877394
18.59 0 0.549916 0.916681 0.948061
18.6 0 0.583344 0.953423 1.0374
18.61 0 0.590084 0.977773 1.13514
18.62 0 0.565744 0.991567 1.23113
18.63 0 0.507103 0.985704 1.31013
18.64 0 0.428663 0.958283 1.36845
18.65 0 0.357106 0.919565 1.41246
18.66 0 0.300315 0.870142 1.43978
18.67 0 0.262447 0.812641 1.44195
18.68 0 0.248966 0.763889 1.42029
18.69 0 0.256701 0.735598 1.37227
18.7 0 0.275203 0.729225 1.29305
18.71 0 0.29869 0.737579 1.18458
18.72 0 0.333088 0.753561 1.06504
18.73 0 0.371205 0.759708 0.939334
18.74 0 0.407788 0.746878 0.817592
18.75 0 0.442011 0.720322 0.715317
18.76 0 0.459023 0.680836 0.632174
18.77 0 0.437351 0.622143 0.556494
18.78 0 0.352075 0.555082 0.488828
18.79 0 0.252802 0.466797 0.437314
18.8 0 0.153466 0.357028 0.401663
18.81 0 0.0639639 0.222572 0.368162
18.82 0 -0.0203396 0.0802075 0.323541
18.83 0 -0.0989368 -0.0552361 0.253982
18.84 0 -0.178242 -0.173213 0.147378
18.85 0 -0.243851 -0.266305 0.00829805
18.86 0 -0.288513 -0.339743 -0.15812
18.87 0 -0.303488 -0.403881 -0.34261
18.88 0 -0.287835 -0.462904 -0.532993
18.89 0 -0.252169 -0.521114 -0.723147
18.9 0 -0.216845 -0.579845 -0.910679
18.91 0 -0.187944 -0.630893 -1.08285
18.92 0 -0.152507 -0.666345 -1.22179
18.93 0 -0.137639 -0.684194 -1.32552
18.94 0 -0.154586 -0.694395 -1.39325
18.95 0 -0.191484 -0.701587 -1.4132
18.96 0 -0.237951 -0.717301 -1.38388
18.97 0 -0.298809 -0.757423 -1.32173
18.98 0 -0.37232 -0.820516 -1.24054
18.99 0 -0.451791 -0.89021 -1.15051
19 0 -0.529288 -0.948424 -1.06239
19.01 0 -0.603699 -0.990241 -0.993762
19.02 0 -0.663485 -1.01165 -0.951146
19.03 0 -0.683746 -1.01653 -0.934818
19.04 0 -0.661196 -1.00417 -0.944119
19.05 0 -0.600481 -0.974974 -0.978357
19.06 0 -0.51295 -0.924112 -1.03119
19.07 0 -0.403551 -0.842643 -1.08536
19.08 0 -0.28767 -0.735165 -1.12954
19.09 0 -0.178137 -0.61428 -1.15194
19.1 0 -0.0809586 -0.491118 -1.13678
19.11 0 0.0131226 -0.388144 -1.07805
19.12 0 0.0754379 -0.306098 -0.977686
19.13 0 0.0963232 -0.2379 -0.835396
19.14 0 0.0781698 -0.17572 -0.652194
19.15 0 0.03569 -0.118982 -0.433619
19.16 0 -0.0215263 -0.0720782 -0.194401
19.17 0 -0.0780783 -0.0357313 0.0504342
19.18 0 -0.122641 -0.00370449 0.285183
19.19 0 -0.147166 0.0323862 0.493532
19.2 0 -0.147543 0.0833731 0.663088
19.21 0 -0.119243 0.157514 0.788117
19.22 0 -0.0609503 0.256634 0.868505
19.23 0 0.0254362 0.373906 0.908262
19.24 0 0.138993 0.503738 0.920798
19.25 0 0.268833 0.634787 0.916695
19.26 0 0.372528 0.762293 0.904458
19.27 0 0.467682 0.863481 0.898461
19.28 0 0.555439 0.929729 0.909287
19.29 0 0.624307 0.963432 0.938942
19.3 0 0.657894 0.976528 0.983862
19.31 0 0.647857 0.977551 1.03814
19.32 0 0.595194 0.96997 1.097
19.33 0 0.515731 0.951985 1.16016
19.34 0 0.419591 0.920106 1.22454
19.35 0 0.330766 0.868715 1.28659
19.36 0 0.261867 0.801837 1.3383
19.37 0 0.216847 0.728535 1.36799
19.38 0 0.189768 0.663997 1.36328
19.39 0 0.175716 0.621216 1.31574
19.4 0 0.171742 0.601923 1.22496
19.41 0 0.181481 0.598957 1.09862
19.42 0 0.207302 0.599075 0.947411
19.43 0 0.248995 0.588451 0.785164
19.44 0 0.298841 0.560272 0.623926
19.45 0 0.341436 0.514337 0.469976
19.46 0 0.340695 0.460355 0.326604
19.47 0 0.31371 0.392594 0.201982
19.48 0 0.258525 0.310364 0.0994913
19.49 0 0.187099 0.210804 0.0205564
19.5 0 0.102011 0.0978734 -0.0384426
19.51 0 0.0120814 -0.0237364 -0.0845057
19.52 0 -0.0805238 -0.144739 -0.127271
19.53 0 -0.168025 -0.257078 -0.175227
19.54 0 -0.246269 -0.354682 -0.23599
19.55 0 -0.307429 -0.435955 -0.313541
19.56 0 -0.346633 -0.500962 -0.408333
19.57 0 -0.360197 -0.551733 -0.517905
19.58 0 -0.350718 -0.589998 -0.638448
19.59 0 -0.324122 -0.617557 -0.765007
19.6 0 -0.289379 -0.635414 -0.891214
19.61 0 -0.254962 -0.645845 -1.00974
19.62 0 -0.22773 -0.652434 -1.11275
19.63 0 -0.210726 -0.659887 -1.19273
19.64 0 -0.205249 -0.671969 -1.24401
19.65 0 -0.210012 -0.690635 -1.26401
19.66 0 -0.234554 -0.711993 -1.25446
19.67 0 -0.274857 -0.734816 -1.21826
19.68 0 -0.32617 -0.757118 -1.16015
19.69 0 -0.379766 -0.777476 -1.08606
19.7 0 -0.42677 -0.793258 -1.00296
19.71 0 -0.45639 -0.801438 -0.91832
19.72 0 -0.46703 -0.795705 -0.840221
19.73 0 -0.458081 -0.770822 -0.774873
19.74 0 -0.428981 -0.724596 -0.725245
19.75 0 -0.371047 -0.660417 -0.690037
19.76 0 -0.302335 -0.576394 -0.666874
19.77 0 -0.225769 -0.479123 -0.648693
19.78 0 -0.149055 -0.376033 -0.626675
19.79 0 -0.0733571 -0.277066 -0.591235
19.8 0 -0.00545173 -0.18799 -0.535405
19.81 0 0.0502763 -0.111798 -0.455433
19.82 0 0.0867577 -0.0468811 -0.3516
19.83 0 0.101898 0.00918361 -0.226838
19.84 0 0.096228 0.0591778 -0.0860104
19.85 0 0.0764362 0.10412 0.0652084
19.86 0 0.0509921 0.144815 0.220337
19.87 0 0.0295581 0.182328 0.372261
19.88 0 0.0188062 0.219587 0.513255
19.89 0 0.0226957 0.260628 0.635897
19.9 0 0.0417293 0.309623 0.734235
19.91 0 0.075102 0.368671 0.805185
19.92 0 0.121041 0.436887 0.849221
19.93 0 0.177655 0.510235 0.870256
19.94 0 0.239461 0.583628 0.87442
19.95 0 0.289577 0.653605 0.868611
19.96 0 0.34487 0.706593 0.86261
19.97 0 0.400328 0.740039 0.861389
19.98 0 0.455241 0.765248 0.873882
19.99 0 0.47963 0.773101 0.881509
20 0 0.477352 0.776257 0.891577
20.01 0 0.448284 0.774467 0.90384
20.02 0 0.398299 0.763124 0.91921
20.03 0 0.341464 0.735286 0.938406
20.04 0 0.28904 0.688416 0.959072
20.05 0 0.245814 0.627168 0.974774
