0.02 0 0.0117617 0.0142243 0.0136359
0.04 0 -0.00305728 0.00263188 0.00271771
0.06 0 0.0139907 0.0205406 0.0242174
0.08 0 0.0287655 0.0420002 0.0483702
0.1 0 -0.0321921 -0.0167769 -0.00477859
0.12 0 -0.0473527 -0.0571857 -0.0338079
0.14 0 -0.00400509 -0.0393682 -0.0232035
0.16 0 0.0223701 0.00342161 -0.0219749
0.18 0 -0.00658421 0.00236699 -0.0585403
0.2 0 -0.0287445 -0.0395337 -0.0837853
0.22 0 0.0219334 -0.0253161 -0.0287872
0.24 0 0.00145267 -0.026945 -0.0222898
0.26 0 -0.0470598 -0.0309662 -0.0384568
0.28 0 -0.0294884 -0.0166938 -0.012733
0.3 0 0.0227414 0.00683599 0.0306268
0.32 0 0.0275897 0.0234999 0.035837
0.34 0 -0.0180872 0.00964586 -0.00232146
0.36 0 -0.0306851 -0.0176342 -0.0229965
0.38 0 0.0349028 0.0104973 0.024997
0.4 0 0.0903124 0.0913322 0.0908061
0.42 0 0.036482 0.107505 0.0833643
0.44 0 -0.0425632 0.0267305 0.041808
0.46 0 -0.0131104 -0.0225606 0.0684107
0.48 0 0.00238907 -0.0345643 0.0590851
0.5 0 -0.00107328 0.0209408 0.0264729
0.52 0 0.0223635 0.0813799 0.0140173
0.54 0 0.0522862 0.0670762 0.012743
0.56 0 0.0507392 0.0159637 0.0123033
0.58 0 -0.0090936 -0.0277276 -0.0110347
0.6 0 -0.0192756 0.00687794 0.0195385
0.62 0 -0.00842716 0.0276474 0.0489901
0.64 0 -0.0250354 -0.018394 0.023304
0.66 0 -0.0358821 -0.0606578 -0.0209694
0.68 0 -0.0371167 -0.0709081 -0.0725101
0.7 0 -0.022974 -0.0565651 -0.113561
0.72 0 0.0550884 0.0232783 -0.068519
0.74 0 0.05148 0.0354773 -0.0529934
0.76 0 0.00204543 0.00261139 -0.0374596
0.78 0 -0.0400474 -0.0423315 -0.00702134
0.8 0 -0.0843466 -0.0996169 -0.0105518
0.82 0 -0.0346326 -0.0458099 0.0326521
0.84 0 0.0120034 0.0306348 0.042412
0.86 0 -0.0273959 -0.00345496 -0.0489036
0.88 0 -0.0296765 -0.0650177 -0.114123
0.9 0 0.0343001 -0.0528297 -0.0946596
0.92 0 0.0793879 0.0393398 -0.031611
0.94 0 0.0381975 0.0918122 0.00758864
0.96 0 -0.0789282 -0.0254855 -0.0270129
0.98 0 -0.0815667 -0.123696 0.000205067
1 0 -0.00324432 -0.0696791 0.0669208
1.02 0 -0.0202838 0.0103071 0.0230356
1.04 0 -0.0335111 0.0433069 -0.0444324
1.06 0 0.0821542 0.0753669 0.00472287
1.08 0 0.141081 0.0832976 0.0579057
1.1 0 0.0676365 0.0933066 0.0700425
1.12 0 -0.0487029 0.0558061 0.0619962
1.14 0 -0.0994787 -0.0552608 0.0536063
1.16 0 -0.0123151 -0.0620907 0.107438
1.18 0 0.0422187 0.0312695 0.106718
1.2 0 -0.0111692 0.0727826 -0.0034733
1.22 0 0.0242459 0.0739877 -0.03738
1.24 0 0.0950641 0.0306527 -0.0112983
1.26 0 0.0874523 0.0235486 0.0171098
1.28 0 -0.0564819 -0.0172807 -0.0358911
1.3 0 -0.0986608 -0.0413593 -0.0222965
1.32 0 0.0259849 0.00876148 0.0988099
1.34 0 0.0194388 -0.00483238 0.0766825
1.36 0 -0.0143208 0.0300289 0.0279509
1.38 0 -0.0635595 -0.0205352 -0.0658697
1.4 0 -0.0045368 -0.0596246 -0.0799534
1.42 0 0.0906962 -0.00119936 -0.0250403
1.44 0 0.00978397 0.0039373 -0.0770498
1.46 0 -0.0786897 -0.0376322 -0.117862
1.48 0 -0.0525603 -0.09058 -0.0757847
1.5 0 0.047586 -0.037712 0.035199
1.52 0 0.0143297 0.0251185 0.0417142
1.54 0 -0.0479554 0.05161 0.0124998
1.56 0 -0.0212607 0.0149633 0.0236262
1.58 0 0.0432828 -0.0193468 0.0522883
1.6 0 -0.0464776 -0.0946211 -0.0584378
1.62 0 -0.0533512 -0.041499 -0.0908764
1.64 0 0.00293229 0.0035692 -0.0769864
1.66 0 0.0573201 0.00943057 -0.0457333
1.68 0 0.0949012 0.067157 0.0316133
1.7 0 -0.0395657 0.000948988 -0.0170689
1.72 0 -0.0529343 -0.0098887 0.0333798
1.74 0 -0.00950446 -0.0148327 0.0922266
1.76 0 0.0165092 0.0180777 0.108151
1.78 0 -0.0611305 -0.0179853 -0.00405238
1.8 0 -0.0331983 -0.0190689 -0.0515122
1.82 0 -0.0150735 -0.0867222 -0.126682
1.84 0 0.0554311 -0.0410466 -0.110964
1.86 0 0.112782 0.100768 -0.0236435
1.88 0 0.0382407 0.114025 0.00557188
1.9 0 -0.020257 0.0330858 0.0625896
1.92 0 -0.010659 -0.0192828 0.157357
1.94 0 -0.0363855 -0.016 0.173787
1.96 0 -0.0674344 0.0247762 0.115831
1.98 0 -0.0292753 0.038178 0.043097
2 0 0.014134 -0.0320589 -0.0651613
2.02 0 0.082592 -0.0211765 -0.106632
2.04 0 0.093474 0.0540931 -0.105074
2.06 0 0.0920224 0.140981 -0.0172066
2.08 0 0.0225052 0.0784499 0.0547849
2.1 0 -0.0372136 -0.0254816 0.130225
2.12 0 -0.0798269 -0.0655222 0.165957
2.14 0 -0.0866537 -0.0212085 0.143311
2.16 0 -0.0480373 0.0207327 0.0640199
2.18 0 0.0796607 0.0813131 0.0270253
2.2 0 0.105657 0.057135 -0.0647409
2.22 0 0.0307368 -0.0165902 -0.165907
2.24 0 -0.0929313 -0.155048 -0.259507
2.26 0 -0.0300864 -0.128472 -0.149758
2.28 0 0.0728803 0.0236828 0.0333611
2.3 0 -0.138813 -0.0909607 -0.0873751
2.32 0 -0.186298 -0.175925 -0.126642
2.34 0 -0.0482531 -0.162395 -0.074047
2.36 0 0.0615124 -0.0404385 -0.0482068
2.38 0 0.128027 0.180275 0.00866576
2.4 0 0.115407 0.249209 0.0612236
2.42 0 -0.0578098 -0.0301784 -0.0229626
2.44 0 -0.115537 -0.233826 -0.0233674
2.46 0 -0.0771786 -0.165755 0.0251909
2.48 0 -0.0167902 0.0587481 0.0518515
2.5 0 0.25054 0.423973 0.279814
2.52 0 0.212341 0.355289 0.266403
2.54 0 -0.130996 -0.114236 -0.0162196
2.56 0 -0.162022 -0.274037 -0.0471797
2.58 0 -0.0248308 -0.110661 0.0228196
2.6 0 0.114507 0.195154 0.0923545
2.62 0 0.0689028 0.215812 0.00493809
2.64 0 0.0423087 0.041909 -0.0380839
2.66 0 -0.00171391 -0.148623 -0.0589091
2.68 0 -0.12161 -0.219874 -0.127946
2.7 0 -0.0375856 0.00495198 -0.0158384
2.72 0 0.119375 0.22515 0.146011
2.74 0 0.105126 0.178244 0.156385
2.76 0 -0.183128 -0.204943 -0.114045
2.78 0 -0.14551 -0.266499 -0.129442
2.8 0 0.0227472 -0.0750525 -0.0545741
2.82 0 0.0602233 0.0907263 -0.0783673
2.84 0 0.0409327 0.104262 -0.111804
2.86 0 0.0240309 -0.0278766 -0.101775
2.88 0 -0.0847551 -0.224696 -0.148338
2.9 0 -0.0546214 -0.126574 -0.0458615
2.92 0 0.222581 0.34202 0.322261
2.94 0 0.200299 0.47751 0.433522
2.96 0 -0.121516 0.0771668 0.209695
2.98 0 -0.328547 -0.421795 -0.0645514
3 0 -0.12438 -0.377981 -0.0876245
3.02 0 0.130882 0.0630108 -0.0708176
3.04 0 0.26117 0.442725 -0.0626726
3.06 0 0.198604 0.320711 -0.0963772
3.08 0 -0.0738686 -0.238964 -0.224469
3.1 0 -0.284252 -0.578741 -0.266531
3.12 0 -0.236759 -0.347144 -0.127332
3.14 0 -0.0727276 0.0596204 0.00605819
3.16 0 0.222753 0.386856 0.209102
3.18 0 0.172321 0.208928 0.120517
3.2 0 -0.255962 -0.369183 -0.301348
3.22 0 -0.164197 -0.362313 -0.248064
3.24 0 0.210268 0.138126 0.0965966
3.26 0 0.231271 0.428154 0.19916
3.28 0 -0.119978 0.0993037 -0.0317208
3.3 0 -0.193375 -0.294141 -0.082041
3.32 0 -0.0146507 -0.289363 0.0476955
3.34 0 0.0478581 0.0445127 0.0837394
3.36 0 0.00187794 0.283427 0.0132071
3.38 0 0.102902 0.240167 0.0515639
3.4 0 0.173281 0.0141874 0.103622
3.42 0 0.0841888 -0.0306694 0.123496
3.44 0 -0.0458451 0.132868 0.155131
3.46 0 -0.0946579 0.154929 0.169535
3.48 0 0.00231413 0.019177 0.193875
3.5 0 -0.0298833 -0.177365 0.036187
3.52 0 0.045124 0.00642352 0.004418
3.54 0 0.0998136 0.229624 -0.00741265
3.56 0 0.0836886 0.171737 -0.0476975
3.58 0 -0.00762466 -0.1141 -0.11712
3.6 0 -0.0446936 -0.214514 -0.0854721
3.62 0 -0.00590626 -0.00712958 0.04828
3.64 0 -0.0874046 0.0679695 0.0259027
3.66 0 -0.0680999 -0.00232415 0.0113627
3.68 0 -0.0873644 -0.225219 -0.113646
3.7 0 -0.0357028 -0.212157 -0.171281
3.72 0 0.0972488 0.0810507 -0.0910711
3.74 0 -0.0617268 0.01444 -0.250625
3.76 0 -0.0755416 -0.152034 -0.261418
3.78 0 0.101638 -0.105854 -0.0413844
3.8 0 0.202122 0.19597 0.223986
3.82 0 -0.0842568 0.193911 0.153125
3.84 0 -0.243384 -0.0634034 0.0646637
3.86 0 -0.0352467 -0.181774 0.160674
3.88 0 -0.0259386 -0.20524 0.00802779
3.9 0 0.0490159 0.126164 -0.0525826
3.92 0 0.0851947 0.252174 -0.124988
3.94 0 0.19371 0.154814 -0.0541433
3.96 0 0.168781 0.00131035 0.0380406
3.98 0 -0.122168 -0.13668 -0.0214457
4 0 -0.224964 -0.0859919 0.0356188
4.02 0 -0.0478371 0.0332383 0.200363
4.04 0 0.0851146 0.0734851 0.227329
4.06 0 0.0515685 0.0777561 0.0916921
4.08 0 0.00420321 0.0763821 -0.0431318
4.1 0 0.115847 0.12582 0.00311955
4.12 0 0.0432884 -0.0233807 -0.071498
4.14 0 -0.127206 -0.207942 -0.199548
4.16 0 -0.0626198 -0.119923 -0.104304
4.18 0 -0.0651458 -0.0912771 -0.103003
4.2 0 -0.0115329 -0.025535 -0.0626935
4.22 0 0.153056 0.162271 0.113751
4.24 0 0.116744 0.193936 0.156488
4.26 0 -0.0538246 0.0462769 0.0857508
4.28 0 -0.0224853 0.010269 0.16443
4.3 0 0.1538 0.184358 0.356212
4.32 0 -0.0282714 0.103914 0.181193
4.34 0 -0.117234 -0.00199867 0.0239751
4.36 0 0.0646268 0.0184843 0.0607823
4.38 0 0.120155 0.0233574 0.00797436
4.4 0 -0.064437 -0.0727199 -0.208491
4.42 0 -0.0998658 -0.113349 -0.265752
4.44 0 0.0339727 -0.0892688 -0.150413
4.46 0 0.142645 0.0440558 0.0215003
4.48 0 0.0777416 0.171996 0.120204
4.5 0 -0.29534 -0.154936 -0.126618
4.52 0 -0.21146 -0.302758 -0.0890357
4.54 0 -0.0473653 -0.287042 -0.0814858
4.56 0 -0.025803 -0.107874 -0.204516
4.58 0 -0.0704826 -0.00838316 -0.368382
4.6 0 -0.0318804 -0.126779 -0.43236
4.62 0 0.137184 -0.152381 -0.261596
4.64 0 0.187784 0.0575553 -0.00557817
4.66 0 -0.0300064 0.183715 0.108477
4.68 0 -0.249037 -0.00874124 0.119084
4.7 0 -0.225327 -0.29035 0.137328
4.72 0 -0.0202717 -0.210968 0.18136
4.74 0 0.0104198 0.0558356 0.0185981
4.76 0 -0.0299011 0.152218 -0.23138
4.78 0 0.275609 0.23921 -0.0944578
4.8 0 0.426843 0.247015 0.118202
4.82 0 0.089575 0.133819 0.114931
4.84 0 -0.274134 -0.0243003 0.102624
4.86 0 -0.174016 -0.0527586 0.327671
4.88 0 0.0437415 0.0119598 0.468553
4.9 0 -0.0866466 -0.0269924 0.163423
4.92 0 -0.100382 0.0240802 -0.120657
4.94 0 0.192259 0.151556 -0.126433
4.96 0 0.50182 0.367136 0.0845245
4.98 0 0.170909 0.207218 -0.0347764
5 0 -0.286607 -0.159079 -0.182231
5.02 0 -0.212643 -0.264422 0.0559932
5.04 0 -0.150799 -0.306181 0.116272
5.06 0 -0.0608522 -0.0402212 0.102322
5.08 0 0.136227 0.343508 0.141887
5.1 0 0.265959 0.415727 0.145696
5.12 0 0.0260085 -0.0436234 -0.123396
5.14 0 -0.00651197 -0.189083 -0.0965898
5.16 0 0.0580915 0.0275167 0.0924464
5.18 0 -0.117026 0.055092 0.0344579
5.2 0 -0.188082 -0.0945013 -0.0439927
5.22 0 -0.0352364 -0.185061 -0.0197382
5.24 0 0.0318958 -0.139992 -0.0795424
5.26 0 -0.0620928 -0.05287 -0.248318
5.28 0 0.0599276 0.117621 -0.172635
5.3 0 0.18045 0.123938 -0.0261108
5.32 0 0.149682 0.0843766 0.106715
5.34 0 -0.0363261 0.0548851 0.165298
5.36 0 -0.288342 -0.137613 0.0580936
5.38 0 -0.270677 -0.294711 -0.0118143
5.4 0 -0.0522384 -0.232433 -0.0486744
5.42 0 0.192434 0.120241 -0.0394934
5.44 0 0.145414 0.25518 -0.18863
5.46 0 0.159143 0.213544 -0.141167
5.48 0 0.186301 0.0797346 0.0639579
5.5 0 -0.114272 -0.183747 0.0437601
5.52 0 -0.253982 -0.159447 0.113513
5.54 0 -0.226581 -0.103147 0.129084
5.56 0 -0.160717 -0.18743 -0.0364416
5.58 0 0.0233509 -0.136511 -0.170788
5.6 0 0.157519 0.0337759 -0.268867
5.62 0 0.308633 0.317725 -0.141483
5.64 0 0.169836 0.237752 -0.0811362
5.66 0 -0.101551 -0.111082 -0.0465469
5.68 0 -0.100559 -0.160365 0.22557
5.7 0 -0.194441 -0.131424 0.27402
5.72 0 -0.286683 -0.121603 0.100259
5.74 0 -0.166222 -0.149765 -0.105524
5.76 0 0.1557 -0.0460117 -0.180078
5.78 0 0.228137 0.041307 -0.330413
5.8 0 0.131229 0.102124 -0.393221
5.82 0 0.0407626 0.0341051 -0.268851
5.84 0 -0.0744625 -0.178271 -0.0927482
5.86 0 -0.0604472 -0.126233 0.208316
5.88 0 0.0011891 0.179993 0.485462
5.9 0 -0.0993688 0.242189 0.44027
5.92 0 -0.0894697 0.0851251 0.286444
5.94 0 0.215841 0.146323 0.319933
5.96 0 0.286207 0.275315 0.215704
5.98 0 0.11513 0.303915 0.0176675
6 0 0.208952 0.37149 0.168657
6.02 0 0.343483 0.38147 0.467204
6.04 0 0.0532113 0.163259 0.445533
6.06 0 -0.229106 0.0106663 0.353055
6.08 0 -0.213239 -0.0533766 0.299219
6.1 0 -0.18513 -0.249226 0.00589411
6.12 0 -0.0841839 -0.288547 -0.327631
6.14 0 0.0481006 -0.1533 -0.575767
6.16 0 0.127442 -0.0516719 -0.68695
6.18 0 0.093511 -0.125701 -0.655861
6.2 0 0.0285376 -0.19832 -0.41724
6.22 0 -0.113473 -0.207492 -0.124876
6.24 0 -0.254583 -0.167355 0.111456
6.26 0 -0.26976 -0.131939 0.244818
6.28 0 -0.24845 -0.214005 0.132031
6.3 0 -0.11624 -0.205965 -0.0746939
6.32 0 -0.0529005 -0.201454 -0.409861
6.34 0 0.0528208 -0.137322 -0.619924
6.36 0 0.0600395 -0.195626 -0.736502
6.38 0 0.137084 -0.124139 -0.527859
6.4 0 0.180411 0.0894778 -0.0961657
6.42 0 -0.120277 0.022848 0.107657
6.44 0 -0.332095 -0.155505 0.253334
6.46 0 -0.235358 -0.19484 0.402663
6.48 0 0.0549004 0.0970847 0.509872
6.5 0 0.315628 0.564792 0.527376
6.52 0 0.45873 0.833446 0.509257
6.54 0 0.159036 0.347144 0.166348
6.56 0 -0.0402183 -0.181506 -0.0101244
6.58 0 0.140544 -0.0227993 0.251597
6.6 0 0.212091 0.432126 0.482942
6.62 0 -0.0644744 0.392838 0.332102
6.64 0 -0.160964 -0.0191155 0.172368
6.66 0 0.0870295 -0.165973 0.228106
6.68 0 0.0330965 -0.105844 0.0217044
6.7 0 -0.00404937 0.19345 -0.118022
6.72 0 0.0658614 0.218905 -0.157226
6.74 0 0.19657 0.0212846 -0.0694904
6.76 0 0.185519 -0.0251756 0.0644127
6.78 0 -0.0167819 0.111794 0.148129
6.8 0 -0.417052 -0.152074 -0.0794802
6.82 0 -0.293718 -0.365756 -0.0766546
6.84 0 0.0856387 -0.238836 0.0332938
6.86 0 0.0290148 -0.0644072 -0.220849
6.88 0 -0.0979732 0.0375604 -0.475083
6.9 0 -0.151617 -0.276766 -0.65923
6.92 0 0.0857191 -0.396822 -0.465927
6.94 0 0.171865 -0.120168 -0.18261
6.96 0 -0.165891 0.0415309 -0.167006
6.98 0 -0.431889 -0.209433 -0.22685
7 0 -0.111629 -0.328901 0.0472552
7.02 0 0.0732211 -0.226726 0.126787
7.04 0 -0.146445 -0.0521718 -0.164257
7.06 0 -0.261521 -0.0652162 -0.445782
7.08 0 -0.078047 -0.332801 -0.538448
7.1 0 0.362199 -0.143084 -0.223081
7.12 0 0.472087 0.451123 0.151734
7.14 0 -0.0322621 0.499207 0.148831
7.16 0 -0.510568 -0.239085 -0.0108131
7.18 0 -0.130989 -0.484854 0.362158
7.2 0 0.338931 0.150842 0.755924
7.22 0 0.160315 0.763652 0.561368
7.24 0 -0.0966317 0.585779 0.155678
7.26 0 0.140371 -0.0246573 0.0772001
7.28 0 0.591497 0.034842 0.397411
7.3 0 0.343664 0.517717 0.419234
7.32 0 -0.0916144 0.732154 0.35351
7.34 0 -0.0470802 0.331979 0.515512
7.36 0 0.211185 -0.105979 0.720215
7.38 0 -0.141564 -0.299072 0.320419
7.4 0 -0.562302 -0.233986 -0.312518
7.42 0 0.114024 0.277923 -0.131449
7.44 0 0.783192 0.517407 0.1515
7.46 0 0.367546 0.191419 -0.160225
7.48 0 -0.436573 -0.338451 -0.583919
7.5 0 -0.713752 -0.836477 -0.672711
7.52 0 -0.307184 -0.823766 -0.37571
7.54 0 -0.0302288 -0.382309 -0.275139
7.56 0 -0.136237 -0.0114671 -0.512195
7.58 0 -0.104884 -0.0135169 -0.628766
7.6 0 0.0369886 -0.367392 -0.589911
7.62 0 0.195135 -0.311139 -0.295405
7.64 0 -0.219048 -0.238464 -0.351175
7.66 0 -0.391647 -0.128102 -0.248515
7.68 0 -0.0883953 -0.103637 0.0851086
7.7 0 0.0843268 -0.154536 0.197141
7.72 0 0.0954168 0.117638 0.204419
7.74 0 0.0146077 0.347655 0.131202
7.76 0 0.364399 0.618073 0.470513
7.78 0 0.128339 0.136389 0.283903
7.8 0 -0.117796 -0.179213 0.125192
7.82 0 0.0660649 0.152746 0.353657
7.84 0 0.15239 0.421602 0.436238
7.86 0 0.400194 0.711867 0.68606
7.88 0 0.555197 0.858784 0.950805
7.9 0 0.204591 0.552805 0.819274
7.92 0 -0.219231 0.0695085 0.520406
7.94 0 -0.35298 -0.314191 0.21601
7.96 0 0.0280112 -0.104169 0.185488
7.98 0 0.166701 0.138807 -0.0964658
8 0 -0.0614455 -0.0398421 -0.641828
8.02 0 -0.0617914 -0.337782 -0.852099
8.04 0 -0.106446 -0.682886 -0.93316
8.06 0 0.042332 -0.369102 -0.573121
8.08 0 -0.0503809 0.0114168 -0.268374
8.1 0 -0.320141 -0.103166 -0.182512
8.12 0 -0.2926 -0.385266 -0.0223932
8.14 0 -0.221122 -0.522925 -0.0129844
8.16 0 -0.414025 -0.553269 -0.415013
8.18 0 -0.270351 -0.303318 -0.646267
8.2 0 0.0988063 -0.138591 -0.686541
8.22 0 0.227902 -0.192807 -0.728234
8.24 0 0.266276 0.00710164 -0.463571
8.26 0 0.196985 0.307597 0.0212045
8.28 0 0.122756 0.469123 0.613353
8.3 0 -0.21106 0.11132 0.798042
8.32 0 -0.375347 -0.192181 0.779669
8.34 0 -0.0498469 0.118418 0.843225
8.36 0 -0.0374625 0.207484 0.318774
8.38 0 -0.0509565 0.0138657 -0.369444
8.4 0 0.351461 0.0210677 -0.544286
8.42 0 0.79071 0.439744 -0.206362
8.44 0 0.558786 0.708147 0.0927345
8.46 0 -0.147515 0.319302 0.20932
8.48 0 -0.378933 -0.189058 0.594478
8.5 0 -0.271809 -0.347988 0.913043
8.52 0 -0.208945 -0.0170792 0.808187
8.54 0 -0.0824733 0.418727 0.41732
8.56 0 0.294946 0.529273 0.0782855
8.58 0 0.761942 0.518607 0.0356319
8.6 0 0.405094 0.152473 -0.300579
8.62 0 -0.0204016 0.036417 -0.301998
8.64 0 0.0114884 0.193774 0.237217
8.66 0 -0.0218487 0.114311 0.620114
8.68 0 -0.344971 -0.206522 0.496199
8.7 0 -0.59739 -0.503295 0.0493134
8.72 0 -0.139654 -0.227089 -0.0720266
8.74 0 0.184652 -0.0291466 -0.403042
8.76 0 0.366843 0.180733 -0.614744
8.78 0 0.112042 -0.0698624 -0.880304
8.8 0 -0.398277 -0.771637 -1.153
8.82 0 -0.587921 -1.1832 -1.07893
8.84 0 -0.463098 -0.961876 -0.775579
8.86 0 -0.28833 -0.41246 -0.526136
8.88 0 -0.115631 -0.0371266 -0.378444
8.9 0 0.0726417 0.00189036 -0.24196
8.92 0 -0.0040618 -0.252836 -0.2864
8.94 0 0.040405 -0.104769 -0.0883994
8.96 0 0.152908 0.313626 0.263255
8.98 0 -0.114672 0.176578 0.205652
9 0 -0.276292 -0.228334 0.0722254
9.02 0 0.1111 -0.0614626 0.335318
9.04 0 0.288216 0.349322 0.424671
9.06 0 0.135209 0.536496 0.262888
9.08 0 0.0800928 0.346791 0.180582
9.1 0 0.271075 0.160661 0.359525
9.12 0 0.372735 0.33104 0.608549
9.14 0 0.184074 0.618905 0.699977
9.16 0 0.0912415 0.701649 0.807314
9.18 0 0.189705 0.481201 0.921975
9.2 0 0.251388 0.309463 0.911443
9.22 0 0.134817 0.37741 0.706103
9.24 0 0.00953745 0.423405 0.404626
9.26 0 0.249356 0.447455 0.369613
9.28 0 0.264138 0.163097 0.170379
9.3 0 0.0259265 -0.0938674 -0.122048
9.32 0 -0.095705 -0.0873001 -0.217329
9.34 0 -0.214952 -0.24086 -0.349092
9.36 0 -0.160144 -0.376379 -0.375566
9.38 0 -0.0887363 -0.367909 -0.386116
9.4 0 -0.348361 -0.536044 -0.715258
9.42 0 -0.392232 -0.621247 -0.896421
9.44 0 -0.0526862 -0.440037 -0.716921
9.46 0 0.0470501 -0.296913 -0.62618
9.48 0 -0.159889 -0.292985 -0.661925
9.5 0 -0.327813 -0.432134 -0.632215
9.52 0 -0.112353 -0.351683 -0.276609
9.54 0 -0.203282 -0.412634 -0.256442
9.56 0 -0.192947 -0.209886 -0.190537
9.58 0 -0.212932 -0.178818 -0.272992
9.6 0 -0.280478 -0.457623 -0.530142
9.62 0 0.14618 -0.190229 -0.290462
9.64 0 0.369841 0.272849 -0.0328604
9.66 0 -0.120713 0.0889619 -0.287535
9.68 0 -0.433113 -0.422839 -0.435429
9.7 0 -0.0186389 -0.391318 -0.00228952
9.72 0 0.345588 0.205766 0.448382
9.74 0 0.169224 0.676206 0.486113
9.76 0 -0.0371265 0.548483 0.408771
9.78 0 0.263677 0.307083 0.687337
9.8 0 0.356661 0.222041 0.80421
9.82 0 0.101212 0.442478 0.668503
9.84 0 0.171923 0.837958 0.775684
9.86 0 0.344903 0.728903 0.849415
9.88 0 0.426761 0.458492 0.855136
9.9 0 0.424397 0.610761 0.930512
9.92 0 0.253151 0.833905 0.918237
9.94 0 0.0884965 0.649568 0.80426
9.96 0 0.122057 0.256202 0.716753
9.98 0 0.295278 0.252857 0.728518
10 0 -0.0644348 0.132507 0.227376
10.02 0 -0.351059 -0.148042 -0.334275
10.04 0 0.0222892 -0.224091 -0.382989
10.06 0 0.124151 -0.387303 -0.582965
10.08 0 -0.248459 -0.569637 -1.01098
10.1 0 -0.498885 -0.713023 -1.24413
10.12 0 -0.473797 -0.98324 -1.28716
10.14 0 -0.401378 -1.13281 -1.2736
10.16 0 -0.345987 -0.881913 -1.18863
10.18 0 -0.275278 -0.471368 -1.01088
10.2 0 -0.179633 -0.325237 -0.781348
10.22 0 -0.299975 -0.649472 -0.759142
10.24 0 -0.542757 -1.0335 -0.910356
10.26 0 -0.63764 -1.06474 -1.04274
10.28 0 -0.210872 -0.502034 -0.78457
10.3 0 0.493748 0.402179 -0.14435
10.32 0 0.57405 0.753309 0.218709
10.34 0 0.0956375 0.39447 0.299588
10.36 0 -0.0888189 0.0852431 0.655337
10.38 0 0.127939 0.317848 1.23543
10.4 0 0.0429262 0.560685 1.28561
10.42 0 -0.0766883 0.585401 0.96709
10.44 0 0.322566 0.665093 0.88074
10.46 0 0.625878 0.667252 0.728985
10.48 0 0.465371 0.580821 0.37828
10.5 0 0.187532 0.453087 0.143989
10.52 0 0.262686 0.428026 0.367358
10.54 0 0.656333 0.789973 1.05346
10.56 0 0.63811 1.16891 1.54649
10.58 0 0.118389 1.05703 1.55586
10.6 0 -0.186145 0.511595 1.38806
10.62 0 -0.237751 -0.145691 0.955575
10.64 0 -0.125515 -0.286354 0.332729
10.66 0 0.138752 0.152703 -0.227619
10.68 0 -0.0305256 -0.0633848 -1.1272
10.7 0 -0.116447 -0.7234 -1.71908
10.72 0 -0.0250024 -1.0854 -1.72797
10.74 0 0.089324 -0.601812 -1.17116
10.76 0 -0.481038 -0.456552 -0.982836
10.78 0 -0.751328 -0.687002 -0.682668
10.8 0 -0.468326 -0.875579 -0.213026
10.82 0 -0.409139 -0.855738 -0.222131
10.84 0 -0.301339 -0.287312 -0.353405
10.86 0 -0.0875287 0.0741283 -0.543476
10.88 0 0.31855 0.104362 -0.494771
10.9 0 0.46483 0.0256165 -0.339631
10.92 0 -0.0244375 -0.161643 -0.397513
10.94 0 -0.729867 -0.640065 -0.644938
10.96 0 -0.617856 -0.816768 -0.432263
10.98 0 -0.0753272 -0.50662 -0.0731096
11 0 0.212863 0.149899 0.0526221
11.02 0 -0.0660947 0.271542 -0.307908
11.04 0 0.0921846 0.174917 -0.230734
11.06 0 0.278375 -0.0824042 -0.0112479
11.08 0 0.337281 0.18351 0.362643
11.1 0 -0.176985 0.255814 0.287612
11.12 0 -0.399252 0.0450156 0.243618
11.14 0 -0.00283669 -0.0936255 0.462537
11.16 0 0.572282 0.442651 0.857549
11.18 0 0.833905 1.38954 1.19989
11.2 0 0.47006 1.46709 1.10435
11.22 0 0.463499 1.04181 1.34682
11.24 0 0.327741 0.394457 1.41925
11.26 0 0.187063 0.505082 1.4707
11.28 0 -0.361789 0.392366 0.83351
11.3 0 -0.208576 0.219195 0.397599
11.32 0 0.664967 0.417019 0.48807
11.34 0 0.718609 0.502475 0.14468
11.36 0 0.243832 0.529738 -0.232228
11.38 0 -0.166708 0.073733 -0.375996
11.4 0 -0.325062 -0.689187 -0.344956
11.42 0 -0.178583 -0.718086 -0.0715664
11.44 0 -0.412931 -0.432957 -0.26239
11.46 0 -0.806846 -0.628158 -0.942324
11.48 0 -0.603993 -1.0765 -1.39555
11.5 0 0.191249 -0.872707 -1.23528
11.52 0 -0.0329922 -0.754476 -1.6222
11.54 0 -0.543798 -0.732628 -1.91908
11.56 0 -0.151654 -0.482661 -1.19353
11.58 0 0.0326328 -0.569053 -0.516921
11.6 0 -0.140324 -0.35886 -0.00829157
11.62 0 -0.851561 -0.516324 -0.201712
11.64 0 -0.720412 -0.557795 -0.139446
11.66 0 0.190624 -0.165005 0.249724
11.68 0 0.427091 0.212624 0.0680676
11.7 0 0.125565 0.39962 -0.368514
11.72 0 0.310222 0.536058 -0.136986
11.74 0 0.705344 0.596973 0.566825
11.76 0 0.532512 0.662646 1.08583
11.78 0 -0.272278 0.433251 1.03003
11.8 0 -0.570395 0.104329 0.969785
11.82 0 -0.142867 -0.0586642 0.971937
11.84 0 -0.0372689 -0.22795 0.309491
11.86 0 -0.0761954 -0.121039 -0.557196
11.88 0 0.248492 0.158661 -0.935743
11.9 0 0.36869 -0.0796834 -1.13831
11.92 0 0.747411 0.243535 -0.42875
11.94 0 0.714123 0.856623 0.575052
11.96 0 -0.421013 0.355642 0.693879
11.98 0 -0.757594 -0.21672 1.06486
12 0 -0.64278 -0.714638 1.03961
12.02 0 -0.256589 -0.356559 0.651643
12.04 0 0.0370785 0.304829 -0.131312
12.06 0 0.374628 0.493919 -0.845467
12.08 0 0.690063 0.1412 -1.12359
12.1 0 0.99924 0.301433 -0.518757
12.12 0 0.481632 0.577477 0.152713
12.14 0 -0.704111 0.0352547 0.334899
12.16 0 -0.871954 -0.507263 0.878474
12.18 0 -0.160396 -0.288034 1.50979
12.2 0 0.195961 0.491358 1.36095
12.22 0 0.119404 0.983998 0.546912
12.24 0 0.619256 1.05867 0.21639
12.26 0 1.20391 0.855967 0.369578
12.28 0 1.21671 1.08248 0.828086
12.3 0 0.0922806 0.864226 0.771578
12.32 0 -1.25948 -0.51702 0.162852
12.34 0 -1.58608 -2.08523 -0.462337
12.36 0 -0.792368 -2.06689 -0.822664
12.38 0 -0.329044 -1.01027 -1.72523
12.4 0 -0.164654 -0.281841 -2.73849
12.42 0 0.567533 -0.183778 -2.65049
12.44 0 1.0286 -0.36367 -1.7282
12.46 0 0.37019 -0.247321 -0.673262
12.48 0 -1.02016 -0.350383 0.0227425
12.5 0 -1.48518 -0.745541 0.774875
12.52 0 -1.16193 -1.31835 0.959249
12.54 0 -0.917747 -1.46759 0.0113168
12.56 0 -0.11971 -0.306539 -0.876962
12.58 0 0.998391 1.01146 -1.24199
12.6 0 1.759 1.4927 -0.954836
12.62 0 1.81636 1.55046 0.159396
12.64 0 0.385795 0.799769 0.974324
12.66 0 -1.32248 -0.399967 1.41747
12.68 0 -1.93437 -1.39035 1.56004
12.7 0 -1.25745 -1.3477 1.25504
12.72 0 0.0680362 0.0210276 0.562951
12.74 0 1.0892 1.44294 -0.420354
12.76 0 1.85156 1.98208 -0.826095
12.78 0 1.99389 1.59531 -0.376885
12.8 0 1.05474 0.844489 0.478348
12.82 0 -0.41564 0.257965 1.41185
12.84 0 -1.49478 -0.310616 2.03902
12.86 0 -1.7552 -1.10957 1.77918
12.88 0 -0.805007 -0.961424 1.08157
12.9 0 0.430664 0.194195 -0.0232765
12.92 0 0.855313 0.855172 -1.59277
12.94 0 1.15486 0.692888 -2.32148
12.96 0 1.23237 0.0998151 -1.86389
12.98 0 0.26361 -0.565704 -1.08323
13 0 -1.28543 -1.08841 -0.402341
13.02 0 -1.95606 -1.49171 0.240796
13.04 0 -1.44351 -1.57499 0.559821
13.06 0 -0.524166 -0.986503 0.160331
13.08 0 0.199153 0.113287 -0.722924
13.1 0 1.07458 1.18558 -1.06492
13.12 0 2.02344 1.8651 -0.288506
13.14 0 1.93754 1.90784 0.929167
13.16 0 0.550122 1.3602 1.9078
13.18 0 -0.947273 0.480836 2.5997
13.2 0 -1.46992 -0.384088 2.85931
13.22 0 -1.02503 -0.676829 2.29853
13.24 0 -0.388603 -0.323015 0.680085
13.26 0 0.294242 0.215045 -1.28642
13.28 0 1.13107 0.463164 -2.51825
13.3 0 1.64347 0.405393 -2.56583
13.32 0 1.16491 0.266488 -1.70133
13.34 0 -0.084639 0.0193854 -0.349591
13.36 0 -1.03378 -0.293514 1.25181
13.38 0 -1.25773 -0.545194 2.42741
13.4 0 -1.16159 -0.585186 2.35533
13.42 0 -0.6463 -0.116494 1.29342
13.44 0 0.152352 0.339282 -0.265795
13.46 0 0.801492 0.226605 -1.80778
13.48 0 1.18472 0.0198911 -2.50703
13.5 0 1.14085 0.190017 -2.02485
13.52 0 0.678372 0.599871 -0.565303
13.54 0 -0.188395 0.40238 0.954744
13.56 0 -1.02494 -0.274886 1.99712
13.58 0 -1.40178 -0.788229 2.21191
13.6 0 -1.29268 -0.84978 1.37272
13.62 0 -0.37575 -0.237333 0.152712
13.64 0 0.814828 0.490149 -1.03192
13.66 0 1.59112 0.905698 -1.75327
13.68 0 1.46643 0.802639 -1.79307
13.7 0 0.463215 0.0928377 -1.27951
13.72 0 -0.851012 -1.06733 -0.587251
13.74 0 -1.75258 -2.22126 -0.264236
13.76 0 -2.2835 -2.42088 -0.453829
13.78 0 -1.67633 -1.6287 -0.76415
13.8 0 -0.352032 -0.786083 -1.30297
13.82 0 0.510532 -0.616337 -2.33285
13.84 0 0.281773 -1.0237 -3.50902
13.86 0 -0.507834 -1.82257 -4.19114
13.88 0 -0.985132 -2.49807 -3.87975
13.9 0 -1.01061 -2.49676 -2.80969
13.92 0 -0.401645 -1.03534 -0.939993
13.94 0 0.136379 0.755525 0.85418
13.96 0 0.231552 1.69425 2.15284
13.98 0 0.251889 1.48761 2.94079
14 0 -0.35158 0.706141 2.84912
14.02 0 -0.668504 0.359215 2.39004
14.04 0 -0.68199 0.0930243 1.40187
14.06 0 -0.196496 -0.0128149 0.296109
14.08 0 0.664151 0.218204 -0.540855
14.1 0 1.24788 0.57251 -1.12594
14.12 0 1.82275 1.31094 -0.777606
14.14 0 2.00461 1.87416 0.210575
14.16 0 1.9077 2.31113 1.79605
14.18 0 1.41076 2.76133 3.66411
14.2 0 0.290105 2.46325 4.81558
14.22 0 -0.346442 1.85606 5.39367
14.24 0 0.158246 1.91166 5.64769
14.26 0 1.30357 2.97444 5.4317
14.28 0 2.22453 4.16117 4.57676
14.3 0 2.72053 4.44155 3.48022
14.32 0 2.89567 3.67115 2.61399
14.34 0 2.06089 1.70517 1.26549
14.36 0 0.680896 -0.255505 -0.101007
14.38 0 -0.345345 -0.417561 -0.536978
14.4 0 -2.00174 0.0168673 -0.332632
14.42 0 -1.60798 -1.27459 0.0894924
14.44 0 -0.734355 -3.31139 -0.946059
14.46 0 -1.69542 -3.75702 -3.58424
14.48 0 -2.53445 -2.95604 -5.93442
14.5 0 -1.98808 -3.04328 -6.88993
14.52 0 -0.579275 -3.94081 -6.44339
14.54 0 -0.225899 -4.08885 -5.75034
14.56 0 -1.51655 -3.27059 -5.41094
14.58 0 -3.0976 -3.0304 -4.97181
14.6 0 -3.49672 -4.43414 -4.25205
14.62 0 -2.55975 -5.44056 -3.41136
14.64 0 -1.58666 -3.83111 -2.88353
14.66 0 -0.884182 -0.501628 -2.42747
14.68 0 0.11983 1.67452 -1.27985
14.7 0 1.48162 1.67103 0.664422
14.72 0 2.58645 1.16526 2.62132
14.74 0 1.94968 2.09372 3.58056
14.76 0 0.510478 3.68974 4.05293
14.78 0 0.461855 3.91386 5.00744
14.8 0 1.39665 2.74816 5.91138
14.82 0 1.83176 2.29901 5.84183
14.84 0 1.5433 3.50549 4.97312
14.86 0 1.31961 4.39789 3.90935
14.88 0 1.64054 3.29614 3.07606
14.9 0 2.04227 1.73982 2.68838
14.92 0 1.71301 1.80898 2.61565
14.94 0 0.6984 2.62941 2.54651
14.96 0 0.178354 2.06361 2.41594
14.98 0 0.0499802 -0.0776101 1.67754
15 0 -0.515528 -2.19842 -0.489335
15.02 0 -1.90708 -2.93946 -3.514
15.04 0 -2.35036 -3.08518 -5.67503
15.06 0 -1.11669 -3.15898 -6.0691
15.08 0 0.326281 -2.91572 -5.36884
15.1 0 0.151605 -2.31338 -4.81507
15.12 0 -1.08033 -1.77228 -4.16712
15.14 0 -1.96663 -2.01976 -2.90283
15.16 0 -2.36826 -3.05816 -1.58872
15.18 0 -2.56601 -3.86865 -1.14639
15.2 0 -2.98042 -3.88468 -2.22315
15.22 0 -2.33801 -2.81202 -3.41057
15.24 0 -0.415067 -1.23275 -3.57458
15.26 0 1.14103 -0.0618377 -3.04909
15.28 0 1.79669 0.819059 -1.7582
15.3 0 1.60518 0.806826 -0.405189
15.32 0 0.131056 0.299271 0.540777
15.34 0 -1.12326 -0.148854 1.46673
15.36 0 -1.47366 -0.319163 2.29102
15.38 0 -1.3038 -0.295049 2.42112
15.4 0 -1.16643 0.0509648 1.84777
15.42 0 0.203896 0.949523 1.5748
15.44 0 2.29309 2.4172 1.87434
15.46 0 3.36796 3.56673 1.96819
15.48 0 3.16961 3.82713 1.92869
15.5 0 2.7242 3.6169 2.6606
15.52 0 2.01378 3.26732 4.0005
15.54 0 0.372139 2.24993 4.63013
15.56 0 -1.4281 0.52347 4.08699
15.58 0 -1.51097 -0.351616 3.40981
15.6 0 -0.15017 0.25552 2.58969
15.62 0 1.00139 1.32332 0.964555
15.64 0 1.73267 2.06291 -0.663869
15.66 0 2.25179 1.97854 -1.29237
15.68 0 2.00005 1.08779 -1.018
15.7 0 1.34226 0.698775 0.230655
15.72 0 0.234048 0.630714 1.48708
15.74 0 -1.10547 0.0278176 1.88166
15.76 0 -1.74467 -0.866169 1.69964
15.78 0 -1.331 -1.04475 1.22073
15.8 0 -0.614692 -0.641534 0.106676
15.82 0 -0.280355 -0.450036 -1.62254
15.84 0 -0.113506 -0.842252 -3.12221
15.86 0 -0.0302429 -1.75994 -3.99185
15.88 0 -0.229281 -2.22138 -4.00915
15.9 0 -1.00225 -2.25523 -3.62764
15.92 0 -1.41695 -1.98683 -2.63686
15.94 0 -1.43752 -1.96555 -1.5939
15.96 0 -1.35365 -2.0554 -1.06787
15.98 0 -1.11646 -1.7253 -1.07775
16 0 -0.49986 -0.818105 -1.17411
16.02 0 0.572691 0.39613 -0.816249
16.04 0 0.840612 0.665739 -0.705632
16.06 0 0.438859 0.301667 -0.499328
16.08 0 -0.0372612 -0.0783687 0.0710541
16.1 0 -0.588921 -0.450106 0.49885
16.12 0 -0.648316 -0.321547 0.912507
16.14 0 0.132244 0.641959 1.57819
16.16 0 1.3122 2.16772 2.45047
16.18 0 2.11236 3.43456 3.24718
16.2 0 2.33251 3.91121 3.95825
16.22 0 2.06197 3.88017 4.78585
16.24 0 1.54559 3.58102 5.54581
16.26 0 1.01331 3.18595 5.88699
16.28 0 0.571045 2.71352 5.4964
16.3 0 0.862588 2.361 4.58572
16.32 0 1.59285 2.08326 3.04735
16.34 0 2.03076 1.89833 0.92367
16.36 0 1.80371 1.52224 -0.859587
16.38 0 1.45526 0.814813 -1.76389
16.4 0 0.969731 -0.197167 -1.84328
16.42 0 -0.264242 -1.2059 -1.7635
16.44 0 -1.91367 -2.00948 -1.80873
16.46 0 -3.08498 -2.81025 -1.75372
16.48 0 -3.36489 -3.75754 -1.79301
16.5 0 -3.23108 -4.41855 -2.39788
16.52 0 -2.7206 -4.2769 -3.04965
16.54 0 -2.23735 -3.44297 -4.06867
16.56 0 -1.42758 -2.65305 -5.05694
16.58 0 -0.194688 -2.24893 -5.61469
16.6 0 0.606238 -1.96081 -5.86123
16.62 0 0.399292 -1.70143 -5.76327
16.64 0 -0.65946 -2.15333 -5.05109
16.66 0 -1.80011 -3.12599 -3.82474
16.68 0 -2.66339 -3.96447 -2.60877
16.7 0 -3.21876 -4.09401 -2.03848
16.72 0 -3.32334 -3.61233 -2.24464
16.74 0 -2.92335 -3.08185 -2.9278
16.76 0 -2.09965 -2.86297 -3.65028
16.78 0 -1.19552 -2.8445 -4.25134
16.8 0 -0.621078 -2.63445 -4.71994
16.82 0 -0.602559 -2.33572 -5.08442
16.84 0 -0.506296 -2.11869 -4.91461
16.86 0 -0.0562551 -1.9256 -4.17479
16.88 0 1.65784 -1.23397 -2.80789
16.9 0 -0.269524 0.994644 -0.362494
16.92 0 -0.875478 1.72193 3.07668
16.94 0 -0.0967877 1.85797 5.84696
16.96 0 0.597942 2.11134 6.5943
16.98 0 0.881848 2.77801 6.12803
17 0 1.54515 3.97511 5.52584
17.02 0 2.50764 4.59279 4.90182
17.04 0 3.46989 4.58224 4.36905
17.06 0 3.77117 4.37539 3.8064
17.08 0 3.21247 4.14389 3.23573
17.1 0 2.55848 3.98257 3.2323
17.12 0 2.02834 3.51242 3.64456
17.14 0 1.47887 2.92822 4.35849
17.16 0 1.07008 2.74097 5.36694
17.18 0 0.744377 2.91799 6.30339
17.2 0 0.617114 3.13219 6.64991
17.22 0 0.87897 3.36659 6.21564
17.24 0 1.59146 3.51273 5.30576
17.26 0 2.62102 3.86073 4.43563
17.28 0 3.33716 4.19175 3.64978
17.3 0 3.37597 4.12487 2.96923
17.32 0 3.00647 3.71147 2.72982
17.34 0 2.45855 3.19185 2.97455
17.36 0 1.86645 2.89304 3.647
17.38 0 0.967664 2.43247 4.16235
17.4 0 0.0160281 1.78381 4.4875
17.42 0 -1.23427 0.867278 4.10401
17.44 0 -3.76848 -0.837157 3.22038
17.46 0 -1.0608 -2.54959 0.874033
17.48 0 0.560185 -1.43676 -2.90364
17.5 0 1.22342 -0.146446 -5.4073
17.52 0 1.29471 -0.440329 -5.90385
17.54 0 0.939789 -1.3232 -5.62654
17.56 0 -0.0584436 -2.24738 -4.7697
17.58 0 -1.63382 -2.90279 -3.76555
17.6 0 -3.26847 -3.66301 -2.94152
17.62 0 -4.31698 -4.62656 -2.39023
17.64 0 -4.80832 -5.6886 -2.43995
17.66 0 -4.92788 -6.25483 -3.30343
17.68 0 -4.56855 -6.02632 -4.74346
17.7 0 -3.1649 -5.33748 -6.32529
17.72 0 -1.06295 -4.23372 -7.73636
17.74 0 0.533967 -2.75714 -8.89919
17.76 0 1.15816 -1.55767 -9.51687
17.78 0 0.944078 -1.70685 -8.67906
17.8 0 0.205488 -2.73136 -6.07969
17.82 0 -1.50421 -3.42071 -3.17578
17.84 0 -3.41643 -3.17799 -0.845475
17.86 0 -4.14564 -2.60011 0.79137
17.88 0 -3.43324 -2.28097 1.64494
17.9 0 -2.40069 -2.22182 1.21417
17.92 0 -1.87472 -2.18397 -0.618769
17.94 0 -1.08309 -1.56601 -2.66291
17.96 0 0.311394 -0.886451 -3.9736
17.98 0 1.74367 -0.438392 -4.3317
18 0 2.29465 -0.00919775 -4.08468
18.02 0 1.78083 0.677535 -3.61881
18.04 0 0.975464 1.37426 -2.6382
18.06 0 0.955748 1.02235 -0.523932
18.08 0 0.779431 0.483274 2.40133
18.1 0 -0.693302 -0.112725 5.44239
18.12 0 -1.70224 0.356893 7.35779
18.14 0 -1.38525 2.24118 7.55132
18.16 0 -0.743887 4.14912 6.71325
18.18 0 1.5358 4.11062 5.85651
18.2 0 3.95805 3.70102 4.72435
18.22 0 5.07281 4.65872 3.38998
18.24 0 4.7997 6.09611 2.42436
18.26 0 4.32815 6.20987 2.88862
18.28 0 3.17716 4.8217 4.56376
18.3 0 1.15872 2.64795 5.96541
18.32 0 -1.12154 0.920679 6.2306
18.34 0 -2.32196 0.0412107 5.30892
18.36 0 -1.81107 0.0485772 3.5009
18.38 0 -0.148979 0.210045 0.915423
18.4 0 1.41501 0.191624 -2.12748
18.42 0 2.3412 0.263648 -4.38668
18.44 0 2.17578 -0.0858613 -5.34355
18.46 0 1.06307 -0.94136 -4.88135
18.48 0 -0.627685 -2.03697 -3.38219
18.5 0 -2.50687 -2.80885 -1.50061
18.52 0 -4.14742 -2.92431 0.187458
18.54 0 -3.9153 -3.07359 1.06402
18.56 0 -2.07552 -2.76224 0.593171
18.58 0 -0.165452 -1.37564 -1.28648
18.6 0 1.15562 0.623233 -3.22924
18.62 0 2.29738 1.73425 -3.73957
18.64 0 2.72147 1.52096 -2.52195
18.66 0 1.67193 0.803841 -0.270707
18.68 0 -0.514148 0.223708 2.02481
18.7 0 -2.32587 -0.208887 3.72562
18.72 0 -2.51005 -0.685804 4.34628
18.74 0 -1.3703 -0.750116 3.38654
18.76 0 0.11162 0.0940037 1.0529
18.78 0 1.39165 1.3098 -1.502
18.8 0 2.2159 1.65082 -3.03832
18.82 0 2.08105 0.7096 -3.3209
18.84 0 0.620318 -0.76636 -2.63484
18.86 0 -1.47274 -2.07004 -1.52764
18.88 0 -2.79839 -2.75291 -0.343369
18.9 0 -2.69831 -2.60704 0.387569
18.92 0 -1.41276 -1.65608 0.29088
18.94 0 0.13725 -0.153805 -0.535038
18.96 0 1.41119 1.32185 -1.25486
18.98 0 1.99675 1.83859 -1.32965
19 0 1.614 1.17869 -0.745616
19.02 0 0.578427 0.420394 0.493237
19.04 0 -0.518818 0.199181 1.95863
19.06 0 -1.11321 0.288283 3.01754
19.08 0 -0.928569 0.37463 3.24348
19.1 0 -0.0685718 0.697033 2.67397
19.12 0 0.876481 1.31151 1.53236
19.14 0 1.48249 1.82234 0.329906
19.16 0 1.6972 1.81117 -0.304815
19.18 0 1.24365 1.04776 -0.384493
19.2 0 0.257806 0.0303901 -0.0653617
19.22 0 -0.981988 -0.864693 0.213086
19.24 0 -1.81567 -1.65025 0.0602365
19.26 0 -1.76369 -2.00004 -0.489441
19.28 0 -1.06541 -1.84526 -1.47838
19.3 0 -0.130919 -1.18207 -2.50447
19.32 0 0.547183 -0.485468 -3.18089
19.34 0 0.640229 -0.339128 -3.26365
19.36 0 0.187138 -0.806545 -2.67352
19.38 0 -0.527591 -1.33135 -1.53592
19.4 0 -1.2468 -1.53071 -0.392638
19.42 0 -1.5826 -1.36216 0.307299
19.44 0 -1.04428 -0.744502 0.671143
19.46 0 -0.0147065 0.243037 0.766637
19.48 0 0.730312 0.944787 0.415285
19.5 0 0.789298 1.06671 -0.0847323
19.52 0 0.787017 0.887564 -0.0118708
19.54 0 0.800875 0.666036 0.575502
19.56 0 0.529118 0.690826 1.22475
19.58 0 0.0745883 0.888819 1.69231
19.6 0 -0.152566 0.92769 1.97155
19.62 0 -0.029024 0.712761 1.9949
19.64 0 0.312352 0.672046 1.7528
19.66 0 0.666979 1.02602 1.31886
19.68 0 1.02417 1.51196 0.959273
19.7 0 1.14585 1.5889 0.759071
19.72 0 0.996141 1.22331 0.825761
19.74 0 0.507278 0.689384 0.977783
19.76 0 -0.198867 0.146696 0.947086
19.78 0 -0.778959 -0.408224 0.609188
19.8 0 -0.881749 -0.80604 0.068123
19.82 0 -0.451462 -0.752081 -0.466227
19.84 0 -0.075755 -0.519021 -1.14168
19.86 0 0.0838632 -0.456515 -1.7932
19.88 0 0.242682 -0.461117 -1.92455
19.9 0 0.186662 -0.544562 -1.60964
19.92 0 -0.193217 -0.664672 -1.09946
19.94 0 -0.658 -0.764561 -0.549281
19.96 0 -1.14302 -1.12197 -0.373559
19.98 0 -1.27078 -1.4827 -0.545435
20 0 -0.781244 -1.31925 -0.813131
20.02 0 0.0155888 -0.500931 -1.01643
20.04 0 0.83463 0.644424 -0.845376
20.06 0 1.51251 1.6581 0.0145524
20.08 0 1.60878 2.07449 1.30193
20.1 0 0.95531 1.89176 2.5711
20.12 0 0.00888513 1.37394 3.46505
20.14 0 -0.783734 0.624033 3.52924
20.16 0 -1.01182 -0.0282004 2.67346
20.18 0 -0.389535 -0.00837968 1.37347
20.2 0 0.581414 0.461209 -0.116737
20.22 0 1.18702 0.785296 -1.46157
20.24 0 1.19045 0.54666 -2.16045
20.26 0 0.707342 -0.0819238 -1.98284
20.28 0 -0.260353 -0.964121 -1.39627
20.3 0 -1.40899 -1.80169 -0.912507
20.32 0 -2.01245 -2.27449 -0.729001
20.34 0 -1.88144 -2.11211 -0.881556
20.36 0 -0.943973 -1.50181 -1.27199
20.38 0 0.0377209 -0.791842 -1.8961
20.4 0 0.75532 -0.10097 -2.29156
20.42 0 0.942493 0.337646 -2.09965
20.44 0 0.627324 0.28358 -1.23844
20.46 0 -0.15419 -0.261599 -0.117359
20.48 0 -0.86622 -0.678608 0.958916
20.5 0 -1.18422 -0.644286 1.55519
20.52 0 -1.04389 -0.447151 1.31698
20.54 0 -0.531697 -0.320477 0.349367
20.56 0 0.263761 -0.0891736 -0.742537
20.58 0 1.09445 0.597043 -1.19412
20.6 0 1.60909 1.29947 -0.845149
20.62 0 1.63449 1.77952 0.340915
20.64 0 0.969239 1.71022 1.82029
20.66 0 -0.330767 0.848079 2.74654
20.68 0 -1.1703 -0.0194109 3.11376
20.7 0 -0.831259 0.0683971 3.11029
20.72 0 0.0913135 0.862374 2.38419
20.74 0 0.939868 1.60214 1.07999
20.76 0 1.17864 1.31504 -0.512685
20.78 0 0.778811 0.0689553 -1.83926
20.8 0 0.395878 -0.780525 -2.06193
20.82 0 -0.280235 -1.0512 -1.68039
20.84 0 -1.1297 -1.26581 -1.25801
20.86 0 -1.57357 -1.74441 -1.00861
20.88 0 -1.32084 -1.99587 -0.943942
20.9 0 -0.730791 -1.55067 -1.18311
20.92 0 -0.400367 -0.907256 -1.86705
20.94 0 -0.0871074 -0.527885 -2.35083
20.96 0 0.32627 -0.509737 -2.1718
20.98 0 0.597727 -0.335258 -1.30103
21 0 0.434737 0.265453 -0.0611724
21.02 0 -0.0342186 0.77967 1.15159
21.04 0 -0.343851 0.747419 2.10322
21.06 0 -0.34733 0.426063 2.55217
21.08 0 -0.175032 0.492741 2.41656
21.1 0 0.257955 1.11877 1.95362
21.12 0 1.05921 1.87027 1.5794
21.14 0 1.90803 2.3075 1.48567
21.16 0 2.29112 2.56899 1.7549
21.18 0 1.78422 2.62741 2.21691
21.2 0 0.937704 2.27389 2.85316
21.22 0 -0.0117005 1.46413 3.32882
21.24 0 -0.701459 0.302398 3.08108
21.26 0 -1.21095 -0.593805 1.86689
21.28 0 -1.16917 -1.14258 -0.121543
21.3 0 -0.584847 -1.35502 -2.24659
21.32 0 0.283863 -1.26412 -3.64864
21.34 0 0.763206 -1.03524 -4.30273
21.36 0 0.558172 -0.960573 -4.20036
21.38 0 -0.17999 -1.28474 -3.41842
21.4 0 -1.00559 -2.1494 -2.39475
21.42 0 -2.10785 -2.88255 -1.7026
21.44 0 -3.07028 -3.18902 -1.56736
21.46 0 -2.71843 -3.02493 -1.63426
21.48 0 -1.05042 -2.06991 -1.62743
21.5 0 0.490026 -0.567887 -1.96412
21.52 0 1.31759 0.711508 -2.25969
21.54 0 1.54329 1.30459 -1.71874
21.56 0 1.09008 0.805888 -0.502195
21.58 0 0.0387674 0.0398159 0.970653
21.6 0 -1.07952 -0.317074 2.12904
21.62 0 -1.29469 0.0546056 2.92612
21.64 0 -0.633659 0.615 2.98838
21.66 0 0.0474585 0.911951 2.04807
21.68 0 0.734332 1.14147 0.82132
21.7 0 1.21679 1.31506 -0.0648529
21.72 0 1.89961 1.54976 -0.0331503
21.74 0 2.30846 2.00711 0.798035
21.76 0 1.58458 2.29181 1.75411
21.78 0 0.418454 2.03407 2.77557
21.8 0 -0.440521 1.01526 3.49204
21.82 0 -0.800403 0.0352522 3.4688
21.84 0 -0.466993 0.264582 2.8527
21.86 0 0.27538 1.28027 1.77256
21.88 0 1.3114 1.97156 0.714099
21.9 0 2.09714 1.96545 0.107958
21.92 0 2.01912 1.56059 -0.00689173
21.94 0 0.661432 0.914174 0.108939
21.96 0 -0.620193 -0.164278 0.439314
21.98 0 -0.990183 -1.14505 0.799347
22 0 -0.814558 -1.29486 0.5983
22.02 0 -1.05755 -0.934124 -0.4875
22.04 0 -0.951396 -0.69428 -1.65873
22.06 0 -0.164337 -0.915205 -2.27758
22.08 0 0.465963 -1.27021 -2.60173
22.1 0 0.246052 -1.28208 -2.90145
22.12 0 -0.422214 -1.04878 -2.87866
22.14 0 -0.941194 -1.23845 -2.35127
22.16 0 -1.19025 -1.86846 -1.56881
22.18 0 -1.33771 -2.09045 -0.892782
22.2 0 -1.48309 -1.57988 -0.600905
22.22 0 -1.36622 -1.13418 -0.814348
22.24 0 -0.839883 -1.22471 -1.36342
22.26 0 -0.287991 -1.45499 -2.07022
22.28 0 -0.368412 -1.65223 -3.02685
22.3 0 -0.512296 -1.50757 -3.45955
22.32 0 -0.414925 -1.33558 -3.08715
22.34 0 -0.426102 -1.40218 -2.30728
22.36 0 -0.677688 -1.35888 -1.40929
22.38 0 -0.96871 -0.996656 -0.530794
22.4 0 -1.28814 -0.617653 0.141896
22.42 0 -1.27845 -0.814272 0.402168
22.44 0 -0.153526 -1.12737 0.200093
22.46 0 0.801343 -0.365088 -0.488899
22.48 0 0.671561 1.32423 -1.02892
22.5 0 0.461097 2.09626 -0.405589
22.52 0 1.20931 1.16895 1.36049
22.54 0 1.31799 0.396792 2.74807
22.56 0 0.274051 1.0231 2.94563
22.58 0 -0.521091 2.1561 2.86987
22.6 0 0.199727 2.41785 3.29178
22.62 0 1.73799 2.11973 3.91402
22.64 0 2.48618 2.41926 3.83614
22.66 0 1.93709 3.18776 2.86689
22.68 0 1.26435 3.32725 2.08478
22.7 0 1.30878 2.35962 2.19534
22.72 0 1.53774 1.41383 2.80069
22.74 0 0.950868 1.41285 2.9759
22.76 0 0.213556 1.98148 2.8147
22.78 0 0.445372 2.20683 2.90354
22.8 0 1.21468 1.75726 2.87428
22.82 0 1.72703 1.62029 2.43356
22.84 0 1.60701 1.88886 1.63608
22.86 0 1.14679 1.88865 0.824508
22.88 0 -0.226948 1.15221 0.33569
22.9 0 -1.40141 -0.786189 0.129969
22.92 0 -1.08644 -2.79016 -0.270751
22.94 0 -0.994038 -2.88888 -1.52978
22.96 0 -1.53858 -1.74124 -3.32311
22.98 0 -1.32893 -1.2404 -4.41836
23 0 -0.297164 -2.14877 -4.47863
23.02 0 0.346911 -2.83784 -4.03702
23.04 0 -0.360221 -2.37146 -3.82539
23.06 0 -1.92425 -1.92541 -3.8545
23.08 0 -2.62322 -2.51043 -3.23986
23.1 0 -2.44885 -3.7615 -2.35594
23.12 0 -2.15705 -4.2094 -2.17241
23.14 0 -1.92198 -2.9766 -2.68264
23.16 0 -1.27775 -1.3533 -3.26353
23.18 0 -0.163733 -0.776694 -3.35106
23.2 0 0.825939 -0.837066 -2.73183
23.22 0 0.841167 -0.621598 -1.81859
23.24 0 -0.158659 -0.198377 -0.975385
23.26 0 -1.07137 -0.155638 0.025185
23.28 0 -1.56985 -0.899448 0.967725
23.3 0 -1.39263 -1.11578 1.674
23.32 0 -0.882573 -0.513976 1.58766
23.34 0 0.643915 0.293722 0.706365
23.36 0 2.12172 1.88359 0.0232644
23.38 0 2.45294 3.25397 0.000442406
23.4 0 2.04331 3.06919 0.935749
23.42 0 1.56836 1.6414 2.48469
23.44 0 0.673909 0.89653 3.79314
23.46 0 -0.272602 1.58468 4.43654
23.48 0 -0.946672 1.98783 4.15123
23.5 0 -0.597061 1.27815 3.36447
23.52 0 0.959514 0.984688 2.76409
23.54 0 2.23522 1.83537 1.86706
23.56 0 2.61499 3.10175 0.795529
23.58 0 2.33513 3.61477 0.568452
23.6 0 2.20271 2.89617 1.69733
23.62 0 1.38604 1.37473 2.93762
23.64 0 -0.0263763 0.493626 3.49037
23.66 0 -1.37986 0.640078 3.29929
23.68 0 -2.16371 0.106253 2.14907
23.7 0 -1.23194 -1.03103 0.774444
23.72 0 0.289777 -1.45973 -0.91128
23.74 0 0.610868 -0.976493 -3.0587
23.76 0 0.471223 -0.164734 -4.4021
23.78 0 0.841306 -0.186938 -4.20044
23.8 0 1.40199 -0.925622 -2.8482
23.82 0 0.276954 -1.5008 -1.83141
23.84 0 -1.88233 -1.62301 -1.31838
23.86 0 -2.99506 -1.73779 -0.498875
23.88 0 -2.77793 -2.42263 0.169223
23.9 0 -1.9585 -2.69444 0.0715982
23.92 0 -1.21133 -2.17721 -1.27616
23.94 0 -0.715982 -1.3183 -3.22646
23.96 0 0.338484 -0.683635 -4.275
23.98 0 1.42373 -0.467234 -4.03394
24 0 1.3946 -0.442645 -3.05464
24.02 0 0.081866 -0.471605 -1.78036
24.04 0 -1.6141 -1.093 -0.571287
24.06 0 -2.11573 -1.72433 0.81853
24.08 0 -1.72623 -1.73484 1.73281
24.1 0 -1.49365 -1.09151 1.16395
24.12 0 -1.11201 -0.0635918 -0.148596
24.14 0 -0.0957936 0.316607 -1.17505
24.16 0 1.6116 -0.116735 -1.65795
24.18 0 2.52435 0.130024 -1.79858
24.2 0 1.86245 1.62206 -1.27998
24.22 0 0.655699 2.30936 0.139369
24.24 0 0.0564606 1.22029 2.29275
24.26 0 -0.547366 -0.324363 3.83652
24.28 0 -1.29653 -0.394741 4.0374
24.3 0 -1.43465 0.719332 3.1616
24.32 0 -0.609481 1.47351 1.93509
24.34 0 1.32765 1.50881 1.15172
24.36 0 3.05765 1.73218 0.652663
24.38 0 3.43967 2.72335 0.340161
24.4 0 2.31637 3.51486 0.564307
24.42 0 0.732151 2.39971 1.43295
24.44 0 -0.375011 0.00700849 2.62654
24.46 0 -1.13134 -1.28425 3.25897
24.48 0 -1.70585 -0.636644 2.66328
24.5 0 -1.42249 0.418761 1.2061
24.52 0 0.0447265 0.437499 -0.324978
24.54 0 1.84644 0.186045 -1.36211
24.56 0 2.28361 0.662699 -1.99349
24.58 0 1.04103 1.07245 -2.17495
24.6 0 -0.447797 -0.0091941 -1.61592
24.62 0 -1.22818 -1.77905 -0.328205
24.64 0 -1.35475 -2.2065 0.953192
24.66 0 -1.69731 -1.28498 0.972482
24.68 0 -1.78473 -0.63155 -0.221369
24.7 0 -0.677643 -0.947901 -1.5439
24.72 0 0.847799 -1.20975 -2.44506
24.74 0 1.15713 -0.578419 -3.11738
24.76 0 0.37594 0.126758 -3.22054
24.78 0 -0.19538 -0.178061 -2.19163
24.8 0 -0.609879 -1.4821 -0.764555
24.82 0 -1.29127 -2.19602 0.225993
24.84 0 -1.93459 -1.64614 0.349428
24.86 0 -1.57207 -0.760048 -0.032395
24.88 0 0.0483706 -0.0715471 -0.308394
24.9 0 1.32629 0.377046 -0.745147
24.92 0 1.33323 0.894997 -1.14515
24.94 0 0.712463 0.992556 -0.969554
24.96 0 0.112731 0.275313 -0.145957
24.98 0 -0.282814 -0.475753 0.957075
25 0 -0.67977 -0.435619 1.6837
25.02 0 -0.713246 0.363756 1.94181
25.04 0 -0.146766 1.08418 1.86553
25.06 0 0.46683 1.0877 1.37274
25.08 0 1.01561 0.874448 0.787631
25.1 0 1.23877 1.01341 0.356842
25.12 0 1.16597 1.36985 0.29057
25.14 0 1.04657 1.64816 0.87165
25.16 0 0.709774 1.3195 1.62682
25.18 0 0.119421 0.687189 2.12053
25.2 0 -0.403449 0.316931 2.18859
25.22 0 -0.600158 0.271835 1.79028
25.24 0 -0.208075 0.402386 1.17137
25.26 0 0.544039 0.59038 0.507532
25.28 0 0.867102 0.589199 -0.323433
25.3 0 0.584616 0.275882 -1.1097
25.32 0 0.23267 -0.140344 -1.30626
25.34 0 -0.215957 -0.60714 -1.03536
25.36 0 -0.897014 -1.33179 -0.954611
25.38 0 -1.52711 -1.97225 -1.21583
25.4 0 -1.58033 -2.15604 -1.61716
25.42 0 -1.05662 -1.90199 -2.08746
25.44 0 -0.413843 -1.51014 -2.63368
25.46 0 -0.13372 -1.25137 -3.14959
25.48 0 0.0396114 -1.00121 -3.06011
25.5 0 0.228293 -0.636197 -2.10566
25.52 0 0.0698122 -0.349978 -0.79575
25.54 0 -0.488908 -0.276159 0.317422
25.56 0 -0.925379 -0.379083 1.04596
25.58 0 -0.883186 -0.402665 1.33403
25.6 0 -0.314259 0.052405 1.30971
25.62 0 0.572041 0.992245 1.1753
25.64 0 0.916368 1.55382 0.755837
25.66 0 1.03124 1.43814 0.5318
25.68 0 1.31082 1.24909 0.960401
25.7 0 1.21723 1.30355 1.561
25.72 0 0.644672 1.63119 2.11085
25.74 0 0.349615 1.8619 2.78386
25.76 0 0.619146 1.85996 3.49716
25.78 0 0.832226 1.76168 3.64821
25.8 0 0.703275 1.84163 3.12096
25.82 0 0.576849 1.89497 2.3311
25.84 0 0.669413 1.39931 1.49172
25.86 0 0.663043 0.592423 0.638723
25.88 0 0.344334 0.0810902 -0.126871
25.9 0 -0.0509235 -0.204064 -0.729529
25.92 0 -0.162727 -0.623314 -1.09838
25.94 0 -0.0796188 -0.863351 -1.30029
25.96 0 -0.0785346 -0.943253 -1.51378
25.98 0 -0.490981 -1.00733 -1.85618
26 0 -0.9705 -1.3774 -2.15157
26.02 0 -1.18986 -1.92997 -2.22672
26.04 0 -1.22324 -2.25273 -2.19128
26.06 0 -1.36325 -2.2267 -2.33581
26.08 0 -1.50876 -2.09676 -2.62196
26.1 0 -1.15738 -2.02159 -2.727
26.12 0 -0.603059 -1.93914 -2.72093
26.14 0 -0.495251 -1.7697 -2.86153
26.16 0 -0.683004 -1.52152 -2.89984
26.18 0 -0.718917 -1.38243 -2.52191
26.2 0 -0.606366 -1.36566 -1.8183
26.22 0 -0.64915 -1.24455 -1.13315
26.24 0 -0.866909 -0.816997 -0.500878
26.26 0 -0.825639 -0.291568 0.143151
26.28 0 -0.253413 -0.0986013 0.647047
26.3 0 0.621544 0.082689 0.75409
26.32 0 1.07982 0.908698 0.58643
26.34 0 0.958143 1.94771 0.615356
26.36 0 1.00804 2.14416 1.2826
26.38 0 1.0355 1.66663 2.42286
26.4 0 0.878052 1.33683 3.36394
26.42 0 0.491141 1.70612 3.751
26.44 0 0.247739 2.24366 3.61985
26.46 0 0.71863 2.41258 3.45523
26.48 0 1.68571 2.39768 3.33749
26.5 0 2.0401 2.43456 2.76369
26.52 0 1.57997 2.66789 2.08665
26.54 0 1.18596 2.45937 1.91565
26.56 0 1.07317 1.62009 2.16585
26.58 0 0.640498 0.781582 2.18408
26.6 0 -0.503995 0.322772 1.55698
26.62 0 -1.15235 -0.049618 0.794431
26.64 0 -0.735043 -0.697634 0.0719358
26.66 0 -0.00396344 -1.19667 -0.927275
26.68 0 0.144241 -1.04 -2.14004
26.7 0 -0.0164646 -0.688263 -3.12276
26.72 0 0.0717677 -0.917303 -3.40224
26.74 0 0.119757 -1.42681 -2.97789
26.76 0 -0.258922 -1.61223 -2.24666
26.78 0 -1.10367 -1.47506 -1.60526
26.8 0 -1.92485 -1.63072 -1.19884
26.82 0 -2.28263 -2.29126 -1.09394
26.84 0 -2.00871 -2.76348 -1.29625
26.86 0 -1.16436 -2.36658 -1.81696
26.88 0 -0.452058 -1.35358 -2.65101
26.9 0 0.0331636 -0.651712 -3.34288
26.92 0 0.39508 -0.697188 -3.35724
26.94 0 0.419872 -1.03971 -2.66015
26.96 0 -0.147393 -1.08277 -1.62577
26.98 0 -1.02305 -0.869686 -0.539254
27 0 -1.56339 -0.808373 0.522732
27.02 0 -1.30106 -0.656244 1.37082
27.04 0 -0.627094 -0.213355 1.66805
27.06 0 0.643995 0.54701 1.35093
27.08 0 1.64852 1.64515 0.692008
27.1 0 1.89945 2.39482 0.170098
27.12 0 1.62006 2.27248 0.418621
27.14 0 1.29533 1.47152 1.4435
27.16 0 0.672682 0.998358 2.64388
27.18 0 -0.186336 1.20616 3.42874
27.2 0 -0.567531 1.44214 3.6434
27.22 0 0.0577024 1.41755 3.46747
27.24 0 1.20364 1.75099 3.04926
27.26 0 1.88235 2.53111 2.33169
27.28 0 1.80062 2.97654 1.61269
27.3 0 1.31983 2.24109 1.21957
27.32 0 0.635995 0.85405 1.25273
27.34 0 -0.289677 -0.373716 1.14167
27.36 0 -1.41427 -1.29396 0.24803
27.38 0 -1.67845 -1.74278 -0.936877
27.4 0 -0.867885 -1.59249 -1.85639
27.42 0 0.200611 -1.11639 -2.49767
27.44 0 0.418935 -0.777083 -3.18298
27.46 0 0.138185 -0.910508 -3.51438
27.48 0 -0.26519 -1.41253 -3.15657
27.5 0 -0.916415 -2.10215 -2.5202
27.52 0 -1.74202 -2.51024 -1.97606
27.54 0 -2.36061 -2.60126 -1.70224
27.56 0 -2.01554 -2.48826 -1.58956
27.58 0 -1.21047 -2.17981 -1.85939
27.6 0 -0.674023 -1.59393 -2.56492
27.62 0 0.030641 -0.884638 -2.95692
27.64 0 0.702026 -0.325734 -2.64803
27.66 0 0.998598 -0.00998397 -1.68321
27.68 0 0.474288 0.297539 -0.390835
27.7 0 -0.260545 0.521744 1.1011
27.72 0 -0.66274 0.557594 2.50798
27.74 0 -0.639595 0.490987 3.303
27.76 0 -0.614625 0.791222 3.30913
27.78 0 -0.0916014 1.1981 2.74599
27.8 0 0.710725 1.45634 1.82737
27.82 0 1.55561 1.60758 0.930752
27.84 0 2.062 1.77099 0.312967
27.86 0 2.04994 1.87542 0.157856
27.88 0 1.56069 1.71704 0.512234
27.9 0 0.747513 1.4446 1.41455
27.92 0 0.0858631 1.09439 2.54614
27.94 0 -0.414083 0.695465 3.21934
27.96 0 -0.517396 0.634859 3.24628
27.98 0 -0.157864 0.934948 2.65509
28 0 0.653349 1.42914 1.80624
28.02 0 1.63901 1.91276 1.06136
28.04 0 2.05693 2.05284 0.488469
28.06 0 1.67581 1.63295 0.176941
28.08 0 0.854948 0.741813 0.214257
28.1 0 0.00909665 -0.0940254 0.47299
28.12 0 -0.826027 -0.476378 0.682755
28.14 0 -1.71446 -0.636647 0.621799
28.16 0 -1.72327 -1.17324 0.275269
28.18 0 -1.00178 -1.79469 -0.574563
28.2 0 -0.324409 -1.62546 -1.85663
28.22 0 0.0308081 -0.932928 -3.06757
28.24 0 0.12961 -0.592497 -3.72194
28.26 0 0.393616 -0.821252 -3.36108
28.28 0 0.361275 -1.31719 -2.44048
28.3 0 -0.500758 -1.6576 -1.76276
28.32 0 -1.92279 -1.83941 -1.51111
28.34 0 -2.56858 -2.08162 -1.16155
28.36 0 -1.92967 -2.39446 -0.802634
28.38 0 -0.917535 -2.19357 -1.04195
28.4 0 -0.323862 -1.10039 -1.84604
28.42 0 0.00673456 -0.0441962 -2.60682
28.44 0 0.699998 0.0132044 -2.57947
28.46 0 1.09257 -0.304414 -1.7415
28.48 0 0.446752 -0.34626 -0.712041
28.5 0 -0.80286 -0.25039 0.151653
28.52 0 -1.35427 -0.37093 1.01701
28.54 0 -0.72815 -0.351327 1.85326
28.56 0 0.161344 0.399334 2.17319
28.58 0 0.620904 1.5853 1.83082
28.6 0 0.972719 2.39425 1.53919
28.62 0 1.6877 2.40898 1.8658
28.64 0 2.1186 2.02682 2.35114
28.66 0 1.60531 1.99212 2.5344
28.68 0 0.574025 2.26568 2.65908
28.7 0 0.264436 2.0879 3.10555
28.72 0 0.616484 1.48721 3.52504
28.74 0 0.730868 1.17977 3.2306
28.76 0 0.399742 1.48653 2.28511
28.78 0 0.337307 1.61859 1.31715
28.8 0 0.774225 1.02082 0.648631
28.82 0 0.788598 0.215005 0.0348343
28.84 0 0.186472 -0.244714 -0.624309
28.86 0 -0.414024 -0.603706 -1.15099
28.88 0 -0.55296 -0.975986 -1.36134
28.9 0 -0.331374 -1.36386 -1.53116
28.92 0 -0.514414 -1.44594 -1.90517
28.94 0 -0.911769 -1.3969 -2.32743
28.96 0 -1.14707 -1.66114 -2.57266
28.98 0 -1.04692 -2.05987 -2.50364
29 0 -0.969554 -2.1851 -2.38669
29.02 0 -0.934267 -1.7305 -2.20049
29.04 0 -0.915508 -1.27262 -2.0288
29.06 0 -0.720094 -1.2887 -1.86399
29.08 0 -0.582209 -1.53561 -1.79479
29.1 0 -0.593509 -1.47261 -1.77761
29.12 0 -0.616621 -1.05842 -1.66728
29.14 0 -0.54718 -0.794416 -1.45309
29.16 0 -0.377435 -0.779931 -1.1123
29.18 0 -0.378566 -0.787151 -0.779796
29.2 0 -0.540005 -0.57264 -0.516134
29.22 0 -0.382814 -0.213194 -0.0449724
29.24 0 0.433895 0.252573 0.586534
29.26 0 0.770998 0.724315 0.805936
29.28 0 0.620266 1.07289 0.726485
29.3 0 0.438624 1.14305 0.839183
29.32 0 0.480288 1.00602 1.32904
29.34 0 0.658665 1.02617 1.97644
29.36 0 0.619641 1.35363 2.3779
29.38 0 0.510262 1.79619 2.58348
29.4 0 0.60826 1.87576 2.65564
29.42 0 0.765297 1.45716 2.41948
29.44 0 0.806444 1.11391 1.8923
29.46 0 0.828286 1.32896 1.44105
29.48 0 1.05921 1.85614 1.43227
29.5 0 1.45809 2.21357 1.9259
29.52 0 1.39343 2.16651 2.4747
29.54 0 0.478297 1.47931 2.45563
29.56 0 -0.554618 0.405921 1.94334
29.58 0 -0.940619 -0.461022 1.24274
29.6 0 -0.820576 -1.04862 0.068331
29.62 0 -0.68351 -1.38515 -1.64477
29.64 0 -0.50566 -1.68337 -3.35879
29.66 0 -0.238819 -1.78633 -4.31803
29.68 0 0.313617 -1.36807 -4.02967
29.7 0 0.544228 -0.741284 -2.9362
29.72 0 0.10378 -0.648091 -1.76945
29.74 0 -1.18455 -1.37847 -1.1474
29.76 0 -2.40442 -2.37676 -0.889733
29.78 0 -2.65298 -2.82461 -0.731014
29.8 0 -1.85054 -2.61603 -1.04308
29.82 0 -0.50304 -1.2913 -1.54565
29.84 0 0.800074 0.380672 -1.95973
29.86 0 1.81154 1.3821 -1.75676
29.88 0 2.04636 1.59717 -0.729473
29.9 0 0.799505 0.728065 0.282799
29.92 0 -0.863893 -0.245915 1.29578
29.94 0 -1.72792 -0.814453 2.12148
29.96 0 -1.64827 -1.01183 2.0889
29.98 0 -0.700657 -0.478535 1.27329
30 0 0.878441 1.08259 0.511537
30.02 0 1.95484 2.26607 -0.153509
30.04 0 2.00451 2.10684 -0.490589
30.06 0 1.98783 1.73 0.512989
30.08 0 1.09054 1.48205 1.95173
30.1 0 -0.406676 1.12612 3.01769
30.12 0 -1.31388 0.47079 3.51366
30.14 0 -1.43736 -0.610326 2.80502
30.16 0 -0.754639 -0.86865 1.23612
30.18 0 0.571763 0.300703 -0.340657
30.2 0 1.73548 1.66948 -1.45352
30.22 0 2.05138 1.77808 -1.85448
30.24 0 1.21882 0.532437 -1.54703
30.26 0 -0.243074 -0.874487 -0.6454
30.28 0 -1.67825 -1.71828 0.215701
30.3 0 -2.39978 -2.05877 0.436799
30.32 0 -2.08038 -1.93869 -0.0460189
30.34 0 -0.713321 -1.27476 -0.891108
30.36 0 0.69508 -0.235539 -1.86035
30.38 0 1.47667 0.678031 -2.43957
30.4 0 1.43576 0.990122 -2.17215
30.42 0 0.637627 0.315085 -1.17923
30.44 0 -0.551077 -0.774908 0.104176
30.46 0 -1.70832 -1.59044 0.920594
30.48 0 -2.25154 -1.76994 0.919305
30.5 0 -1.62249 -1.40831 0.247364
30.52 0 -0.175657 -0.666135 -0.793535
30.54 0 1.32105 0.566837 -1.52678
30.56 0 2.07893 1.67019 -1.56886
30.58 0 1.85406 1.86516 -0.783495
30.6 0 0.78085 1.0432 0.557768
30.62 0 -0.697409 -0.193409 1.81212
30.64 0 -1.72785 -0.943274 2.50857
30.66 0 -1.73125 -0.872579 2.35333
30.68 0 -0.700877 -0.135935 1.43707
30.7 0 0.706992 0.924084 0.248107
30.72 0 2.03117 1.88185 -0.487961
30.74 0 2.52034 2.19916 -0.568967
30.76 0 1.76258 1.77339 -0.0374504
30.78 0 0.248801 0.762584 0.898764
30.8 0 -0.975123 -0.201344 2.02414
30.82 0 -1.45265 -0.644829 2.69513
30.84 0 -1.31304 -0.58651 2.25096
30.86 0 -0.555198 -0.092695 0.950378
30.88 0 0.526256 0.403744 -0.635903
30.9 0 1.37628 0.652577 -1.85483
30.92 0 1.65684 0.787444 -2.10019
30.94 0 1.19374 0.746858 -1.32509
30.96 0 0.0627816 0.16487 -0.120703
30.98 0 -1.1491 -0.922248 0.816511
31 0 -1.92443 -1.71747 1.09763
31.02 0 -1.95357 -1.73258 0.58121
31.04 0 -1.19041 -1.24167 -0.586498
31.06 0 0.104265 -0.611885 -1.84049
31.08 0 1.06485 -0.132878 -2.79633
31.1 0 1.25314 0.144095 -3.0489
31.12 0 0.761358 0.0683491 -2.37221
31.14 0 -0.147733 -0.468754 -1.06229
31.16 0 -0.982441 -1.03494 0.466623
31.18 0 -1.53257 -1.14692 1.45553
31.2 0 -1.45269 -0.723892 1.63407
31.22 0 -0.519293 0.0732142 1.24521
31.24 0 0.73709 0.884613 0.548863
31.26 0 1.55781 1.36309 -0.224084
31.28 0 1.59446 1.47982 -0.580667
31.3 0 1.01415 1.10545 -0.291201
31.32 0 0.048775 0.223 0.357977
31.34 0 -0.800221 -0.640666 0.987706
31.36 0 -1.27282 -0.98556 1.17466
31.38 0 -1.20041 -0.823262 0.728714
31.4 0 -0.504671 -0.423513 -0.111313
31.42 0 0.552979 0.0777066 -0.910987
31.44 0 1.24191 0.609383 -1.36335
31.46 0 1.21064 0.877223 -1.27393
31.48 0 0.578852 0.587118 -0.622165
31.5 0 -0.275117 -0.181442 0.295377
31.52 0 -0.925987 -0.763005 1.11228
31.54 0 -1.07755 -0.668168 1.49436
31.56 0 -0.779984 -0.188581 1.18419
31.58 0 -0.0966778 0.203372 0.369923
31.6 0 0.661564 0.405452 -0.511001
31.62 0 1.10682 0.571451 -1.04302
31.64 0 0.899215 0.552338 -1.13448
31.66 0 0.246507 0.167667 -0.763654
31.68 0 -0.373206 -0.397507 -0.0309921
31.7 0 -0.78006 -0.775202 0.629776
31.72 0 -0.965847 -0.76035 0.793751
31.74 0 -0.792055 -0.496277 0.411326
31.76 0 -0.166452 -0.153465 -0.188514
31.78 0 0.551469 0.166044 -0.734629
31.8 0 0.90418 0.448764 -1.01008
31.82 0 0.720173 0.506842 -0.906436
31.84 0 0.221826 0.222252 -0.39905
31.86 0 -0.263973 -0.20591 0.342628
31.88 0 -0.757294 -0.618261 0.762498
31.9 0 -0.950663 -0.697462 0.735707
31.92 0 -0.532865 -0.315824 0.47551
31.94 0 0.241671 0.270904 0.104617
31.96 0 0.976148 0.903645 -0.104121
31.98 0 1.15588 1.17918 -0.135376
32 0 0.632234 0.780438 -0.059848
32.02 0 -0.0924806 0.0228884 0.23365
32.04 0 -0.586028 -0.538771 0.622082
32.06 0 -0.68897 -0.527704 0.851404
32.08 0 -0.432598 -0.085243 0.753559
32.1 0 0.0105956 0.294564 0.327715
32.12 0 0.49292 0.44908 -0.138496
32.14 0 0.812028 0.553293 -0.344623
32.16 0 0.681137 0.568066 -0.302979
32.18 0 0.149533 0.281203 -0.122151
32.2 0 -0.435342 -0.324066 0.0829863
32.22 0 -0.726791 -0.817723 0.224649
32.24 0 -0.750569 -0.897596 0.0756862
32.26 0 -0.351759 -0.390584 -0.152739
32.28 0 0.380926 0.403049 -0.212918
32.3 0 0.702178 0.656668 -0.386428
32.32 0 0.529206 0.373557 -0.485068
32.34 0 0.108009 -0.0709716 -0.337197
32.36 0 -0.377302 -0.456087 -0.0970267
32.38 0 -0.800396 -0.797627 -0.0685544
32.4 0 -0.930995 -1.04052 -0.329947
32.42 0 -0.636682 -1.00092 -0.737527
32.44 0 -0.181705 -0.711061 -1.21145
32.46 0 0.261406 -0.248164 -1.46151
32.48 0 0.625812 0.245829 -1.18669
32.5 0 0.801021 0.656198 -0.334808
32.52 0 0.589523 0.845506 0.76233
32.54 0 -0.0868533 0.600494 1.55185
32.56 0 -0.650021 0.155094 1.92147
32.58 0 -0.673157 -0.0963721 1.84842
32.6 0 -0.165634 0.192633 1.41134
32.62 0 0.634341 0.997842 0.900065
32.64 0 1.37546 1.7543 0.584734
32.66 0 1.69479 2.00411 0.648884
32.68 0 1.36271 1.71378 1.06399
32.7 0 0.390393 1.04086 1.54793
32.72 0 -0.499235 0.275849 1.92152
32.74 0 -1.01195 -0.417464 1.76641
32.76 0 -1.01977 -0.786272 0.931379
32.78 0 -0.483241 -0.617048 -0.257275
32.8 0 0.227947 -0.285596 -1.51029
32.82 0 0.737792 -0.133167 -2.36529
32.84 0 0.878991 -0.126404 -2.47637
32.86 0 0.518005 -0.24913 -1.90257
32.88 0 -0.397785 -0.788141 -1.19427
32.9 0 -1.22732 -1.52765 -0.61235
32.92 0 -1.66694 -1.78659 -0.222298
32.94 0 -1.57148 -1.45033 -0.164503
32.96 0 -0.900409 -0.982287 -0.509542
32.98 0 -0.0135142 -0.51415 -1.06432
33 0 0.611698 -0.0726213 -1.57393
33.02 0 0.694977 0.0440066 -1.89222
33.04 0 0.400345 -0.0922979 -1.65264
33.06 0 0.0111558 -0.347695 -0.844577
33.08 0 -0.563464 -0.70001 -0.00658772
33.1 0 -1.05634 -0.866355 0.500205
33.12 0 -1.03929 -0.680904 0.676794
33.14 0 -0.482796 -0.248318 0.54142
33.16 0 0.29282 0.258746 0.169484
33.18 0 0.888366 0.714258 -0.23654
33.2 0 1.00915 0.95777 -0.411763
33.22 0 0.964144 1.05887 0.0492679
33.24 0 0.766116 1.04651 1.00016
33.26 0 0.262019 0.921567 1.90654
33.28 0 -0.314957 0.69505 2.39425
33.3 0 -0.555847 0.399716 2.32243
33.32 0 -0.179972 0.392355 1.88407
33.34 0 0.373734 0.640216 1.05574
33.36 0 0.827812 0.994679 0.18331
33.38 0 1.15186 1.22437 -0.235495
33.4 0 1.13104 1.10276 -0.103526
33.42 0 0.535066 0.572071 0.260973
33.44 0 -0.390785 -0.165195 0.558633
33.46 0 -1.05716 -0.795314 0.640029
33.48 0 -1.03093 -0.995944 0.455964
33.5 0 -0.616485 -0.747248 -0.123646
33.52 0 -0.154556 -0.424771 -1.02578
33.54 0 0.469325 -0.0444184 -1.56825
33.56 0 0.860881 0.173043 -1.58154
33.58 0 0.468146 -0.0578668 -1.40595
33.6 0 -0.378465 -0.647282 -1.06116
33.62 0 -0.872159 -1.0508 -0.376567
33.64 0 -1.11001 -1.24373 0.0346409
33.66 0 -1.21705 -1.28207 -0.217672
33.68 0 -0.750495 -0.928787 -0.670291
33.7 0 0.0922501 -0.339277 -1.05241
33.72 0 0.62743 0.071325 -1.3793
33.74 0 0.580288 0.103558 -1.5027
33.76 0 0.240227 -0.137367 -1.16186
33.78 0 -0.213338 -0.469175 -0.496278
33.8 0 -0.588729 -0.611026 0.213062
33.82 0 -0.728631 -0.466571 0.686036
33.84 0 -0.544421 -0.169539 0.788264
33.86 0 -0.109945 0.133416 0.564372
33.88 0 0.454716 0.5043 0.29007
33.9 0 0.84682 0.868778 0.13184
33.92 0 0.83437 1.02587 0.180096
33.94 0 0.728864 0.978844 0.618184
33.96 0 0.540941 0.887698 1.29406
33.98 0 0.271672 0.938193 1.94134
34 0 0.0905279 1.08803 2.36548
34.02 0 0.160258 1.1804 2.47271
34.04 0 0.429308 1.22267 2.25966
34.06 0 0.584363 1.16681 1.67462
34.08 0 0.598978 1.03252 0.955977
34.1 0 0.53923 0.75196 0.347962
34.12 0 0.429469 0.380517 -0.0130277
34.14 0 0.147504 -0.0328287 -0.246302
34.16 0 -0.242109 -0.407743 -0.43758
34.18 0 -0.356657 -0.624295 -0.519849
34.2 0 -0.50752 -0.805448 -0.760349
34.22 0 -0.517997 -0.867978 -1.00747
34.24 0 -0.390912 -0.856281 -1.21321
34.26 0 -0.274637 -0.859431 -1.42796
34.28 0 -0.320135 -0.896042 -1.61853
34.3 0 -0.482867 -1.05036 -1.74795
34.32 0 -0.704696 -1.32763 -1.8135
34.34 0 -0.795873 -1.48021 -1.72279
34.36 0 -0.746536 -1.4261 -1.57973
34.38 0 -0.69077 -1.24532 -1.51188
34.4 0 -0.525142 -0.923594 -1.386
34.42 0 -0.21518 -0.663765 -1.17915
34.44 0 -0.0299142 -0.494072 -0.951256
34.46 0 -0.130048 -0.423359 -0.778647
34.48 0 -0.281734 -0.357293 -0.531741
34.5 0 -0.136942 -0.236535 -0.11488
34.52 0 0.113297 0.10602 0.373491
34.54 0 0.262463 0.56466 0.765566
34.56 0 0.325807 0.900032 1.06076
34.58 0 0.337477 0.986571 1.32083
34.6 0 0.441353 0.923698 1.55811
34.62 0 0.533241 0.980798 1.69834
34.64 0 0.470796 1.13323 1.63912
34.66 0 0.446733 1.19889 1.51316
34.68 0 0.564581 1.12054 1.44787
34.7 0 0.694107 0.965119 1.34434
34.72 0 0.671742 0.992317 1.21527
34.74 0 0.471142 1.02721 1.05308
34.76 0 0.300326 0.867383 0.978568
34.78 0 0.292797 0.581142 1.01334
34.8 0 0.153012 0.302177 0.874619
34.82 0 -0.0918603 0.137443 0.518479
34.84 0 -0.220784 -0.0275371 0.0708714
34.86 0 -0.143255 -0.275237 -0.360019
34.88 0 -0.0582167 -0.488745 -0.766755
34.9 0 -0.104778 -0.547687 -1.09839
34.92 0 -0.132662 -0.484072 -1.18628
34.94 0 -0.07163 -0.412011 -0.977704
34.96 0 -0.135854 -0.469769 -0.714827
34.98 0 -0.416054 -0.656321 -0.607062
35 0 -0.601906 -0.761809 -0.548914
35.02 0 -0.584107 -0.78617 -0.57168
35.04 0 -0.465448 -0.794631 -0.767095
35.06 0 -0.229032 -0.646255 -0.964884
35.08 0 0.0219368 -0.369249 -1.03942
35.1 0 0.153239 -0.147108 -0.944123
35.12 0 0.112022 -0.106326 -0.682247
35.14 0 -0.0317076 -0.165818 -0.28162
35.16 0 -0.208196 -0.204331 0.126077
35.18 0 -0.400104 -0.259729 0.314925
35.2 0 -0.391503 -0.240809 0.326515
35.22 0 -0.072248 -0.010612 0.30554
35.24 0 0.229671 0.256153 0.156533
35.26 0 0.408179 0.478316 0.0268684
35.28 0 0.594316 0.729381 0.228145
35.3 0 0.648958 0.85176 0.647266
35.32 0 0.359953 0.719228 0.983025
35.34 0 -0.0308387 0.473252 1.19107
35.36 0 -0.209595 0.292603 1.28069
35.38 0 -0.0957969 0.277553 1.18975
35.4 0 0.177102 0.46243 0.912275
35.42 0 0.480351 0.745651 0.586152
35.44 0 0.665641 0.889419 0.348365
35.46 0 0.561989 0.676067 0.188987
35.48 0 0.329329 0.365557 0.251632
35.5 0 0.0301549 0.119838 0.4144
35.52 0 -0.305494 -0.109764 0.433263
35.54 0 -0.47437 -0.320882 0.264165
35.56 0 -0.388798 -0.447224 -0.0587389
35.58 0 -0.189823 -0.456338 -0.513074
35.6 0 -0.059769 -0.450437 -1.04225
35.62 0 0.0286273 -0.442215 -1.38128
35.64 0 -0.016095 -0.56444 -1.48849
35.66 0 -0.255187 -0.82043 -1.44541
35.68 0 -0.562978 -1.05825 -1.28541
35.7 0 -0.709049 -1.08491 -1.00202
35.72 0 -0.667863 -0.956709 -0.760582
35.74 0 -0.611267 -0.895421 -0.800825
35.76 0 -0.377779 -0.720081 -0.879641
35.78 0 -0.080996 -0.453073 -0.914242
35.8 0 0.150727 -0.209172 -0.86578
35.82 0 0.194884 -0.0220394 -0.664993
35.84 0 0.171868 0.126408 -0.222752
35.86 0 0.13231 0.259447 0.382393
35.88 0 -0.0270822 0.274436 0.837962
35.9 0 -0.0890997 0.356542 1.15499
35.92 0 0.112408 0.621306 1.39
35.94 0 0.350356 0.876008 1.3928
35.96 0 0.509573 1.00301 1.20471
35.98 0 0.662046 1.08707 1.07849
36 0 0.746345 1.11251 1.07403
36.02 0 0.646864 1.07758 1.15384
36.04 0 0.394391 0.932016 1.24659
36.06 0 0.103577 0.621833 1.23944
36.08 0 -0.119421 0.229661 1.03011
36.1 0 -0.19565 -0.0345093 0.62202
36.12 0 -0.0844978 -0.0577693 0.127045
36.14 0 0.093312 -0.00059467 -0.37488
36.16 0 0.201182 -0.0538626 -0.78373
36.18 0 0.127323 -0.276697 -1.03864
36.2 0 -0.153272 -0.616807 -1.15916
36.22 0 -0.411113 -0.860596 -1.08949
36.24 0 -0.554369 -0.941065 -0.933909
36.26 0 -0.703989 -1.00367 -0.931602
36.28 0 -0.729726 -1.05745 -1.0527
36.3 0 -0.563834 -1.06864 -1.2314
36.32 0 -0.348271 -0.969481 -1.42561
36.34 0 -0.145236 -0.723851 -1.49723
36.36 0 -0.0293411 -0.500969 -1.3888
36.38 0 -0.0120695 -0.371395 -1.04697
36.4 0 -0.0466945 -0.274081 -0.501994
36.42 0 -0.100945 -0.103277 0.121465
36.44 0 -0.229172 0.0191327 0.549088
36.46 0 -0.226473 0.132045 0.791411
36.48 0 0.0336078 0.350656 0.939704
36.5 0 0.363145 0.681996 0.984458
36.52 0 0.576314 1.0227 0.982546
36.54 0 0.695322 1.15074 1.01303
36.56 0 0.797848 1.18926 1.23609
36.58 0 0.75281 1.22185 1.53969
36.6 0 0.489032 1.21392 1.7623
36.62 0 0.156897 0.971459 1.76839
36.64 0 -0.0317398 0.554251 1.54239
36.66 0 -0.0152136 0.252065 1.10879
36.68 0 0.0374226 0.18045 0.47396
36.7 0 0.167788 0.220559 -0.152779
36.72 0 0.332412 0.178314 -0.575251
36.74 0 0.292028 -0.081162 -0.830736
36.76 0 -0.0336786 -0.445877 -0.957911
36.78 0 -0.435953 -0.769988 -0.954567
36.8 0 -0.663003 -0.961417 -0.84783
36.82 0 -0.643127 -0.97707 -0.745984
36.84 0 -0.5258 -0.867583 -0.800766
36.86 0 -0.354145 -0.686749 -0.962626
36.88 0 -0.190812 -0.575684 -1.14639
36.9 0 -0.0149484 -0.475796 -1.15554
36.92 0 0.0521081 -0.365914 -0.976
36.94 0 -0.0733043 -0.315573 -0.706578
36.96 0 -0.239429 -0.321458 -0.365585
36.98 0 -0.327939 -0.35878 -0.0468406
37 0 -0.332595 -0.348632 0.122826
37.02 0 -0.273092 -0.252421 0.0873908
37.04 0 -0.0762546 -0.0445049 -0.0139612
37.06 0 0.273177 0.277077 0.0135573
37.08 0 0.458736 0.481107 0.076693
37.1 0 0.428417 0.542488 0.229132
37.12 0 0.325152 0.551299 0.552153
37.14 0 0.121714 0.439487 0.844166
37.16 0 -0.0292932 0.349031 1.0501
37.18 0 -0.113949 0.272705 1.02387
37.2 0 -0.00444005 0.323421 0.863582
37.22 0 0.301335 0.547199 0.709864
37.24 0 0.504051 0.687965 0.483525
37.26 0 0.516996 0.668788 0.293815
37.28 0 0.4481 0.584459 0.320721
37.3 0 0.273183 0.452235 0.495172
37.32 0 -0.0270795 0.20396 0.591774
37.34 0 -0.271649 -0.0528801 0.554878
37.36 0 -0.321691 -0.210732 0.368396
37.38 0 -0.185081 -0.205324 0.0580735
37.4 0 0.107232 0.00614019 -0.212713
37.42 0 0.317881 0.198158 -0.41848
37.44 0 0.30699 0.169347 -0.524244
37.46 0 0.146429 -0.0224889 -0.442085
37.48 0 -0.112075 -0.262666 -0.256403
37.5 0 -0.415581 -0.483287 -0.145981
37.52 0 -0.610824 -0.670002 -0.219763
37.54 0 -0.583764 -0.739754 -0.438591
37.56 0 -0.373839 -0.679998 -0.748563
37.58 0 -0.187408 -0.626283 -1.146
37.6 0 -0.0653839 -0.591217 -1.44097
37.62 0 0.0594017 -0.485532 -1.39731
37.64 0 0.0476048 -0.382826 -1.08159
37.66 0 -0.115032 -0.327401 -0.613355
37.68 0 -0.345249 -0.370614 -0.166698
37.7 0 -0.412077 -0.355617 0.221403
37.72 0 -0.274361 -0.16974 0.46499
37.74 0 -0.117244 0.0499466 0.412134
37.76 0 0.0854656 0.24362 0.219388
37.78 0 0.377202 0.434209 0.137637
37.8 0 0.615397 0.645688 0.261777
37.82 0 0.577142 0.763764 0.486685
37.84 0 0.301076 0.677297 0.73693
37.86 0 -0.0113269 0.396059 0.944687
37.88 0 -0.197244 0.104919 1.0093
37.9 0 -0.197947 0.0347153 0.87177
37.92 0 -0.0476743 0.175676 0.540579
37.94 0 0.22411 0.370226 0.174008
37.96 0 0.516663 0.507715 -0.0400716
37.98 0 0.563847 0.486966 -0.109065
38 0 0.326937 0.336249 -0.0280873
38.02 0 0.0184746 0.143837 0.215237
38.04 0 -0.257308 -0.101828 0.424231
38.06 0 -0.372878 -0.249373 0.489664
38.08 0 -0.335595 -0.248494 0.317528
38.1 0 -0.155148 -0.134203 -0.022976
38.12 0 0.107044 -0.00478936 -0.375652
38.14 0 0.215213 -0.0444571 -0.711634
38.16 0 0.260592 -0.0566038 -0.754247
38.18 0 0.192832 -0.0251592 -0.515971
38.2 0 -0.0804993 -0.122183 -0.233635
38.22 0 -0.38003 -0.337017 -0.00828313
38.24 0 -0.557304 -0.571358 0.0455436
38.26 0 -0.454261 -0.550547 -0.0145513
38.28 0 -0.213801 -0.330865 -0.242334
38.3 0 0.0272655 -0.105557 -0.552092
38.32 0 0.211752 -0.0171749 -0.758074
38.34 0 0.271291 -0.0451267 -0.738226
38.36 0 0.151755 -0.0910623 -0.504919
38.38 0 -0.140338 -0.184836 -0.215347
38.4 0 -0.319639 -0.231836 0.127728
38.42 0 -0.337557 -0.242743 0.353091
38.44 0 -0.236683 -0.161064 0.361397
38.46 0 -0.0634049 0.0163467 0.188696
38.48 0 0.141218 0.184935 -0.0393118
38.5 0 0.353936 0.312766 -0.135691
38.52 0 0.402782 0.335545 -0.101328
38.54 0 0.274976 0.303036 0.0750562
38.56 0 0.0593635 0.222491 0.33421
38.58 0 -0.184059 0.0299294 0.495919
38.6 0 -0.299263 -0.141369 0.510924
38.62 0 -0.23565 -0.157246 0.364837
38.64 0 -0.0599384 -0.0317776 0.083803
38.66 0 0.151205 0.119475 -0.212854
38.68 0 0.343214 0.228842 -0.352412
38.7 0 0.365294 0.226543 -0.319786
38.72 0 0.172162 0.115486 -0.161381
38.74 0 -0.0331155 0.0350676 0.14889
38.76 0 -0.218337 -0.0664884 0.399822
38.78 0 -0.284972 -0.11867 0.497963
38.8 0 -0.22531 -0.0986157 0.385915
38.82 0 -0.052518 -0.000836978 0.133253
38.84 0 0.187988 0.154511 -0.106636
38.86 0 0.30064 0.20618 -0.306643
38.88 0 0.29603 0.186871 -0.321834
38.9 0 0.121968 0.0472512 -0.217779
38.92 0 -0.116229 -0.134707 -0.0445157
38.94 0 -0.248226 -0.215163 0.160932
38.96 0 -0.224558 -0.142146 0.306579
38.98 0 -0.146984 -0.0355692 0.261697
39 0 -0.0460537 0.0170302 0.0593057
39.02 0 0.162445 0.11996 -0.0707952
39.04 0 0.281042 0.195012 -0.144636
39.06 0 0.242391 0.216381 -0.130127
39.08 0 0.106115 0.15107 -0.0118442
39.1 0 -0.0436693 0.0155407 0.158923
39.12 0 -0.107968 -0.0386137 0.343432
39.14 0 -0.114303 0.0179426 0.424825
39.16 0 -0.0725422 0.107916 0.361343
39.18 0 0.0226748 0.139568 0.198878
39.2 0 0.149048 0.13555 0.0351483
39.22 0 0.17842 0.100041 -0.120158
39.24 0 0.0804942 0.0193951 -0.241349
39.26 0 0.00912848 -0.04167 -0.212875
39.28 0 -0.0147666 -0.072851 -0.0744606
39.3 0 -0.0376833 -0.0501774 0.0764382
39.32 0 -0.0662169 0.0132082 0.174979
39.34 0 -0.0997772 0.0121101 0.162545
39.36 0 -0.140387 -0.118209 0.00949054
39.38 0 -0.152737 -0.275105 -0.223551
39.4 0 -0.0446336 -0.239898 -0.362779
39.42 0 0.0892375 -0.0595067 -0.390341
39.44 0 0.132596 0.0657742 -0.342549
39.46 0 0.0845298 0.0401459 -0.217171
39.48 0 -0.0244153 -0.0770954 -0.0490108
39.5 0 -0.154251 -0.16466 0.0893737
39.52 0 -0.21367 -0.147081 0.166017
39.54 0 -0.144572 -0.0545109 0.17496
39.56 0 -0.0428226 -0.012661 0.059329
39.58 0 0.0542507 -0.000790872 -0.106141
39.6 0 0.159297 0.0714376 -0.181138
39.62 0 0.199262 0.153544 -0.149007
39.64 0 0.115655 0.130826 -0.0660208
39.66 0 0.0127321 0.053085 0.0894011
39.68 0 -0.0727583 -0.0175569 0.242974
39.7 0 -0.174341 -0.0881002 0.257039
39.72 0 -0.224299 -0.149254 0.123043
39.74 0 -0.154664 -0.181295 -0.0861852
39.76 0 0.0631304 -0.0711169 -0.21505
39.78 0 0.253071 0.131347 -0.246462
39.8 0 0.225142 0.200726 -0.25321
39.82 0 0.0486212 0.0490608 -0.204671
39.84 0 -0.109101 -0.174361 -0.0643536
39.86 0 -0.241212 -0.317641 0.038947
39.88 0 -0.364774 -0.371577 -0.0350546
39.9 0 -0.320393 -0.332887 -0.195679
39.92 0 -0.0757827 -0.216199 -0.328893
39.94 0 0.226336 0.0154683 -0.348326
39.96 0 0.343674 0.244202 -0.282355
39.98 0 0.225338 0.280778 -0.14528
40 0 0.060096 0.146279 0.121454
40.02 0 -0.0960904 -0.0324232 0.394437
40.04 0 -0.219788 -0.0893342 0.530857
40.06 0 -0.213687 0.0147409 0.508871
40.08 0 -0.0559258 0.138761 0.350553
40.1 0 0.196457 0.237626 0.160659
40.12 0 0.366009 0.31576 0.00332452
40.14 0 0.33635 0.33234 -0.0807536
40.16 0 0.179559 0.240006 -0.0341665
40.18 0 -0.00905896 0.0371659 0.102481
40.2 0 -0.133045 -0.107607 0.268658
40.22 0 -0.129168 -0.0313235 0.414717
40.24 0 -0.0680196 0.135107 0.423081
40.26 0 0.0157165 0.199731 0.282588
40.28 0 0.12531 0.1546 0.0983415
40.3 0 0.117831 0.0144124 -0.139987
40.32 0 0.0502069 -0.0724997 -0.304021
40.34 0 0.0425021 -0.040228 -0.276572
40.36 0 0.0309608 -0.0159253 -0.151788
40.38 0 -0.0316608 -0.049672 -0.0262816
40.4 0 -0.131946 -0.122593 0.0347785
40.42 0 -0.161413 -0.142291 0.0616631
40.44 0 -0.0855393 -0.074217 0.0681817
40.46 0 -0.0270362 -0.0297844 -0.0239977
40.48 0 -0.061053 -0.112003 -0.235118
40.5 0 -0.0810481 -0.2336 -0.419279
40.52 0 -0.0251306 -0.253732 -0.463322
40.54 0 -0.0362006 -0.23235 -0.464957
40.56 0 -0.112016 -0.230632 -0.441153
40.58 0 -0.120511 -0.221255 -0.321354
40.6 0 -0.0945859 -0.204689 -0.174892
40.62 0 -0.103504 -0.165965 -0.0872788
40.64 0 -0.104859 -0.0932829 -0.0442715
40.66 0 -0.0747588 -0.0549661 -0.0414474
40.68 0 -0.0300024 -0.0693097 -0.0738883
40.7 0 0.0221396 -0.0524048 -0.0950171
40.72 0 0.0512098 0.0144814 -0.0888548
40.74 0 0.0406147 0.0565052 -0.0631523
40.76 0 0.065784 0.0917473 0.0437576
40.78 0 0.122255 0.165561 0.224017
40.8 0 0.110396 0.236778 0.366981
40.82 0 0.0631694 0.277057 0.454063
40.84 0 0.0503653 0.264484 0.494853
40.86 0 0.0798985 0.232837 0.483898
40.88 0 0.114415 0.238399 0.417738
40.9 0 0.135485 0.274479 0.32038
40.92 0 0.174625 0.307742 0.260743
40.94 0 0.189921 0.280491 0.234827
40.96 0 0.143375 0.207798 0.223042
40.98 0 0.0395952 0.116045 0.19881
41 0 -0.0422143 0.0387624 0.172564
41.02 0 -0.0453873 0.00420378 0.151546
41.04 0 -0.0163776 -0.00190236 0.0933725
41.06 0 -0.00739793 -0.0101711 -0.0197661
41.08 0 -0.00280756 -0.0329854 -0.137582
41.1 0 0.00938223 -0.0706537 -0.21411
41.12 0 -0.0082477 -0.123126 -0.258462
41.14 0 -0.0678359 -0.178518 -0.284726
41.16 0 -0.132109 -0.229951 -0.293899
41.18 0 -0.128305 -0.230217 -0.252365
41.2 0 -0.0999609 -0.199742 -0.212424
41.22 0 -0.0748787 -0.148464 -0.191638
41.24 0 -0.0691888 -0.12267 -0.19872
41.26 0 -0.0681526 -0.138821 -0.215437
41.28 0 -0.0268835 -0.121167 -0.181999
41.3 0 0.00415456 -0.0641018 -0.125612
41.32 0 0.00060333 -0.00535078 -0.067965
41.34 0 -0.0230364 5.04672e-05 -0.0204661
41.36 0 -0.0315242 -0.0300628 0.0241613
41.38 0 -0.0121471 -0.0215283 0.070941
41.4 0 0.00398056 0.0328127 0.0927345
41.42 0 0.0131016 0.0788162 0.0854413
41.44 0 0.0279763 0.072405 0.0653108
41.46 0 0.0601425 0.0594468 0.0667374
41.48 0 0.0721077 0.076721 0.080594
41.5 0 0.0229643 0.0719736 0.0632633
41.52 0 -0.00524688 0.0488135 0.0636432
41.54 0 0.00205815 0.0143833 0.0768448
41.56 0 0.0294568 0.0286043 0.0982211
41.58 0 0.0280799 0.0685212 0.0911039
41.6 0 0.00820909 0.0721695 0.0580149
41.62 0 0.0223484 0.0454179 0.0461295
41.64 0 0.0298159 0.00728194 0.0317328
41.66 0 0.0143942 0.0041012 0.0134174
41.68 0 -0.0174039 0.00574577 -0.0138887
41.7 0 -0.0233998 -0.0131089 -0.0280959
41.72 0 0.00225683 -0.0291346 -0.0202031
41.74 0 -0.00197634 -0.0376499 -0.033512
41.76 0 -0.0282681 -0.0347371 -0.0603372
41.78 0 -0.0396099 -0.0450413 -0.0799147
41.8 0 -0.0372269 -0.0814555 -0.0979078
41.82 0 -0.0291462 -0.0978416 -0.109496
41.84 0 -0.0404874 -0.0913804 -0.130555
41.86 0 -0.0471855 -0.0785736 -0.142679
41.88 0 -0.0315673 -0.0761171 -0.131988
41.9 0 -0.0159182 -0.0771374 -0.110524
41.92 0 -0.0249892 -0.0702048 -0.0958369
41.94 0 -0.0365926 -0.0517969 -0.0766888
41.96 0 -0.0209946 -0.0272182 -0.0376588
41.98 0 0.00772131 -0.000960695 0.0088697
42 0 0.0140605 0.0200635 0.036064
42.02 0 0.00639946 0.0360934 0.0494563
42.04 0 0.015993 0.0514312 0.071509
42.06 0 0.0335644 0.0616065 0.0943665
42.08 0 0.031715 0.0622839 0.0973837
42.1 0 0.0198189 0.0602354 0.0882178
42.12 0 0.0259276 0.065234 0.0896124
42.14 0 0.0406111 0.0713956 0.0960989
42.16 0 0.0482649 0.0809905 0.101755
42.18 0 0.0408107 0.0849678 0.101252
42.2 0 0.0274819 0.0733778 0.096746
42.22 0 0.0235471 0.0570558 0.0960939
42.24 0 0.0189645 0.0433051 0.0876693
42.26 0 0.00632166 0.0315199 0.0627814
42.28 0 0.00165318 0.0224813 0.0345949
42.3 0 0.0112987 0.0157789 0.013669
42.32 0 0.0222625 0.014525 0.000417073
42.34 0 0.018027 0.0137569 -0.0108729
42.36 0 -0.00324018 -0.0025262 -0.0249853
42.38 0 -0.0184554 -0.0271201 -0.0305922
42.4 0 -0.0225464 -0.0444033 -0.0303918
42.42 0 -0.0312858 -0.0531818 -0.042869
42.44 0 -0.0379263 -0.0553923 -0.0647978
42.46 0 -0.0322262 -0.0588966 -0.085877
42.48 0 -0.0190221 -0.0629699 -0.100649
42.5 0 -0.0141304 -0.0628902 -0.110536
42.52 0 -0.017286 -0.0557247 -0.109142
42.54 0 -0.0221885 -0.0511944 -0.0946019
42.56 0 -0.0225674 -0.0499409 -0.0684017
42.58 0 -0.023254 -0.046126 -0.0417317
42.6 0 -0.0273136 -0.0374875 -0.0248809
42.62 0 -0.0207117 -0.0204045 -0.0106576
42.64 0 -0.00499555 -0.00396369 -6.42791e-05
42.66 0 0.0117699 0.0112669 0.00816714
42.68 0 0.022378 0.02753 0.0175232
42.7 0 0.0240965 0.0394621 0.0298017
42.72 0 0.0233975 0.0451309 0.0489517
42.74 0 0.0222855 0.0470535 0.0716376
42.76 0 0.0191989 0.0501276 0.0901022
42.78 0 0.0159804 0.0551048 0.0991856
42.8 0 0.0178709 0.0588457 0.0991339
42.82 0 0.0248954 0.0593894 0.0915356
42.84 0 0.0328238 0.0602875 0.0801427
42.86 0 0.0354164 0.0612239 0.0676297
42.88 0 0.0309088 0.056381 0.0564528
42.9 0 0.0231557 0.0440115 0.0495226
42.92 0 0.0133203 0.0276673 0.0442684
42.94 0 0.0024809 0.0138362 0.0365123
42.96 0 -0.00611513 0.00397865 0.0235893
42.98 0 -0.00907212 -0.00478965 0.00566577
43 0 -0.00702574 -0.0136516 -0.0152992
43.02 0 -0.00491313 -0.0211544 -0.0368468
43.04 0 -0.00644941 -0.0273036 -0.055556
43.06 0 -0.0119471 -0.0355145 -0.0686509
43.08 0 -0.01905 -0.0468158 -0.074855
43.1 0 -0.0266201 -0.0578969 -0.076448
43.12 0 -0.033402 -0.0644784 -0.0769731
43.14 0 -0.0368952 -0.0661118 -0.0787656
43.16 0 -0.034197 -0.0641564 -0.0810908
43.18 0 -0.0264815 -0.0590638 -0.0823264
43.2 0 -0.0184144 -0.0507994 -0.0809076
43.22 0 -0.0132359 -0.0409642 -0.0746659
43.24 0 -0.0111331 -0.0329045 -0.0621764
43.26 0 -0.0104004 -0.0269596 -0.0436443
43.28 0 -0.0104193 -0.0207813 -0.0225739
43.3 0 -0.00982441 -0.0117571 -0.00280752
43.32 0 -0.0062074 -0.000244791 0.0133724
43.34 0 0.00171113 0.0121116 0.0257428
43.36 0 0.0119135 0.024466 0.0350995
43.38 0 0.0205131 0.0362781 0.0428113
43.4 0 0.0255689 0.0460886 0.0511049
43.42 0 0.0270302 0.0517588 0.061142
43.44 0 0.0257994 0.053278 0.0721344
43.46 0 0.0227048 0.0527446 0.0813047
43.48 0 0.0193281 0.0518286 0.0857061
43.5 0 0.0179835 0.0507713 0.0841244
43.52 0 0.0195172 0.0490449 0.0769226
43.54 0 0.0220451 0.046453 0.065425
43.56 0 0.0228527 0.0425753 0.0518191
43.58 0 0.0204908 0.0362166 0.0386118
43.6 0 0.0151731 0.0264734 0.0274213
43.62 0 0.0076817 0.0142657 0.0179502
43.64 0 -0.000791921 0.00169805 0.00839466
43.66 0 -0.00831939 -0.00955242 -0.00297049
43.68 0 -0.0128585 -0.0189756 -0.0166493
43.7 0 -0.0140841 -0.0265146 -0.031974
43.72 0 -0.0135983 -0.032213 -0.0473534
43.74 0 -0.0135244 -0.0365954 -0.0605533
43.76 0 -0.0149255 -0.0407761 -0.0693728
43.78 0 -0.017844 -0.0453029 -0.0727968
43.8 0 -0.0216756 -0.0494214 -0.0715754
43.82 0 -0.0252662 -0.0516283 -0.067635
43.84 0 -0.0268342 -0.0509663 -0.0628237
43.86 0 -0.0250378 -0.0472804 -0.0581316
43.88 0 -0.0200663 -0.0408753 -0.0535432
43.9 0 -0.013624 -0.0323506 -0.0481861
43.92 0 -0.00757637 -0.0229027 -0.0406358
43.94 0 -0.0030779 -0.0139042 -0.0297081
43.96 0 -0.000389955 -0.0060756 -0.0153625
43.98 0 0.00326062 0.00389107 0.00378118
44 0 0.00265634 0.0104375 0.019468
44.02 0 0.00350905 0.0168955 0.0332481
44.04 0 0.00716494 0.0234078 0.0436335
44.06 0 0.01254 0.0306113 0.0498349
44.08 0 0.0179028 0.0380372 0.052577
44.1 0 0.0221413 0.0437954 0.0538645
44.12 0 0.0244383 0.0462299 0.0554653
