0.01 0 -5.9568e-07 -6.41053e-07 -6.24334e-07
0.02 0 -2.87029e-06 -3.23318e-06 -3.10898e-06
0.03 0 -7.05392e-06 -8.49286e-06 -8.05338e-06
0.04 0 -1.26079e-05 -1.64564e-05 -1.54769e-05
0.05 0 -1.90383e-05 -2.69836e-05 -2.55048e-05
0.06 0 -2.60192e-05 -3.9703e-05 -3.83678e-05
0.07 0 -3.33895e-05 -5.40863e-05 -5.43316e-05
0.08 0 -4.10575e-05 -6.96116e-05 -7.35828e-05
0.09 0 -4.88926e-05 -8.59209e-05 -9.61229e-05
0.1 0 -5.66891e-05 -0.000102882 -0.000121722
0.11 0 -6.42291e-05 -0.000120535 -0.000149943
0.12 0 -7.14026e-05 -0.00013896 -0.000180224
0.13 0 -7.83e-05 -0.000158163 -0.00021196
0.14 0 -8.52105e-05 -0.000178032 -0.000244563
0.15 0 -9.25158e-05 -0.000198373 -0.000277474
0.16 0 -0.000100535 -0.000218996 -0.000310148
0.17 0 -0.000109404 -0.000239775 -0.000342052
0.18 0 -0.000119044 -0.00026065 -0.000372692
0.19 0 -0.00012922 -0.000281566 -0.000401678
0.2 0 -0.000139639 -0.000302384 -0.000428773
0.21 0 -0.000150016 -0.000322804 -0.000453902
0.22 0 -0.00016008 -0.000342361 -0.000477101
0.23 0 -0.000169547 -0.000360505 -0.000498447
0.24 0 -0.000178082 -0.000376707 -0.000517974
0.25 0 -0.000185292 -0.000390549 -0.000535616
0.26 0 -0.000190811 -0.000401775 -0.000551213
0.27 0 -0.000194408 -0.000410286 -0.000564547
0.28 0 -0.000196053 -0.000416073 -0.00057537
0.29 0 -0.000195917 -0.000419162 -0.000583407
0.3 0 -0.000194325 -0.000419617 -0.00058837
0.31 0 -0.000191667 -0.000417564 -0.000589971
0.32 0 -0.000188294 -0.000413203 -0.000587933
0.33 0 -0.000184467 -0.000406791 -0.000582019
0.34 0 -0.000180351 -0.000398606 -0.000572097
0.35 0 -0.000176033 -0.000388872 -0.000558171
0.36 0 -0.000171472 -0.000377646 -0.000540348
0.37 0 -0.000166468 -0.000364746 -0.000518773
0.38 0 -0.000160692 -0.000349798 -0.000493615
0.39 0 -0.000153741 -0.000332336 -0.000465052
0.4 0 -0.000145198 -0.000311908 -0.000433241
0.41 0 -0.000134748 -0.000288218 -0.000398349
0.42 0 -0.00012227 -0.00026123 -0.000360582
0.43 0 -0.000107818 -0.000231126 -0.000320126
0.44 0 -9.15713e-05 -0.000198218 -0.000277089
0.45 0 -7.3809e-05 -0.000162881 -0.000231508
0.46 0 -5.49298e-05 -0.000125541 -0.000183411
0.47 0 -3.55181e-05 -8.67705e-05 -0.000132975
0.48 0 -1.63204e-05 -4.73452e-05 -8.06163e-05
0.49 0 2.22351e-06 -7.85355e-06 -2.66338e-05
0.5 0 2.04308e-05 3.17976e-05 2.92022e-05
0.51 0 3.87958e-05 7.19685e-05 8.71291e-05
0.52 0 5.71182e-05 0.000112494 0.000146582
0.53 0 7.48275e-05 0.000152863 0.000206502
0.54 0 9.18844e-05 0.000192902 0.000266201
0.55 0 0.000108796 0.000232756 0.00032542
0.56 0 0.000125819 0.000272247 0.000383645
0.57 0 0.000142453 0.00031048 0.000439685
0.58 0 0.000158093 0.000346494 0.000492319
0.59 0 0.000173335 0.000380584 0.000541614
0.6 0 0.000189351 0.000413881 0.000588436
0.61 0 0.00020476 0.000445245 0.000631371
0.62 0 0.000214873 0.000469889 0.000665665
0.63 0 0.00021652 0.000483353 0.000687468
0.64 0 0.000212973 0.000486702 0.000698652
0.65 0 0.000212662 0.000487145 0.000706334
0.66 0 0.000222628 0.00049363 0.000717594
0.67 0 0.000242523 0.000510907 0.000734136
0.68 0 0.000265256 0.000537313 0.00075227
0.69 0 0.000283819 0.000567782 0.000768254
0.7 0 0.000297157 0.000598147 0.000783059
0.71 0 0.000309121 0.000626333 0.000801402
0.72 0 0.000322677 0.000650856 0.000826815
0.73 0 0.000337416 0.00067136 0.000859799
0.74 0 0.000352045 0.000690952 0.00090022
0.75 0 0.000366682 0.000715811 0.00094906
0.76 0 0.000379912 0.000748762 0.00100487
0.77 0 0.000383309 0.000780711 0.00105751
0.78 0 0.000368097 0.000795831 0.00109377
0.79 0 0.000346729 0.000796003 0.00111946
0.8 0 0.000347793 0.000803855 0.00115746
0.81 0 0.000376514 0.000829875 0.00121187
0.82 0 0.000406748 0.000860723 0.00125966
0.83 0 0.000415503 0.000881971 0.00128088
0.84 0 0.00041176 0.000899457 0.00128446
0.85 0 0.000427856 0.000935586 0.00130152
0.86 0 0.000476391 0.000997486 0.00134672
0.87 0 0.000528803 0.00105985 0.00139775
0.88 0 0.000553191 0.00109618 0.00142912
0.89 0 0.000553551 0.00111095 0.00144729
0.9 0 0.00055267 0.00112355 0.0014739
0.91 0 0.000552576 0.00113389 0.00150868
0.92 0 0.000530485 0.00111862 0.00152546
0.93 0 0.000479424 0.00106798 0.00151084
0.94 0 0.000432902 0.0010114 0.00148967
0.95 0 0.000423287 0.000982924 0.00148821
0.96 0 0.000436283 0.000977992 0.00149173
0.97 0 0.000434773 0.00096831 0.00146561
0.98 0 0.000414762 0.000947733 0.00140685
0.99 0 0.000419601 0.000949503 0.00135906
1 0 0.000497243 0.00101868 0.00137625
1.01 0 0.000636658 0.00115839 0.00146397
1.02 0 0.000757697 0.00130894 0.00156388
1.03 0 0.000795741 0.00140922 0.00162588
1.04 0 0.000772407 0.00145861 0.00167126
1.05 0 0.000747469 0.00148669 0.00174919
1.06 0 0.000739259 0.00149886 0.00186645
1.07 0 0.000719883 0.00147859 0.00198603
1.08 0 0.000662377 0.00142028 0.00207058
1.09 0 0.000574921 0.00134468 0.00211265
1.1 0 0.000492898 0.00128387 0.0021281
1.11 0 0.000444974 0.00125349 0.002128
1.12 0 0.000430231 0.00123985 0.0021011
1.13 0 0.000434468 0.00122174 0.00203157
1.14 0 0.000460006 0.00120192 0.00192829
1.15 0 0.000514209 0.0011965 0.00181296
1.16 0 0.000583705 0.00120665 0.00169295
1.17 0 0.000647675 0.00122456 0.00157068
1.18 0 0.000700373 0.00124954 0.00146173
1.19 0 0.000747365 0.00128461 0.00138904
1.2 0 0.000790926 0.00132768 0.00136816
1.21 0 0.000817591 0.00136361 0.0013944
1.22 0 0.000797522 0.00136202 0.00143942
1.23 0 0.000717088 0.00130477 0.0014803
1.24 0 0.000613459 0.00122089 0.00153466
1.25 0 0.000540068 0.00116104 0.00163284
1.26 0 0.000500502 0.00113706 0.0017587
1.27 0 0.000452175 0.00111652 0.00185342
1.28 0 0.000370751 0.00107121 0.00187526
1.29 0 0.000289823 0.00101395 0.00183866
1.3 0 0.000272006 0.000986469 0.00179289
1.31 0 0.000345139 0.00101665 0.00176792
1.32 0 0.000474044 0.00109359 0.00174835
1.33 0 0.000598693 0.00118708 0.00170374
1.34 0 0.000689715 0.00128035 0.00163302
1.35 0 0.000758771 0.00137406 0.0015691
1.36 0 0.000823054 0.00146371 0.00154437
1.37 0 0.00087495 0.00152707 0.00156294
1.38 0 0.000896773 0.00154726 0.00161495
1.39 0 0.000887383 0.00153662 0.00170088
1.4 0 0.000852893 0.00151867 0.00182075
1.41 0 0.000787479 0.00149792 0.00195403
1.42 0 0.000682696 0.00145988 0.0020683
1.43 0 0.000546069 0.0013885 0.00213904
1.44 0 0.000407728 0.00128371 0.0021614
1.45 0 0.000314318 0.00117361 0.00215293
1.46 0 0.000303168 0.0011031 0.00213683
1.47 0 0.000368078 0.00109794 0.00211165
1.48 0 0.000466145 0.00115126 0.00205385
1.49 0 0.000573177 0.001255 0.00196467
1.5 0 0.000700825 0.00141001 0.00188235
1.51 0 0.000855927 0.00159903 0.00184187
1.52 0 0.00102018 0.00178616 0.00185548
1.53 0 0.00115999 0.00193736 0.00191947
1.54 0 0.0012384 0.00202917 0.00201961
1.55 0 0.00123227 0.00205349 0.00214094
1.56 0 0.00114859 0.00202239 0.00227993
1.57 0 0.00101394 0.0019548 0.00243534
1.58 0 0.000847262 0.00185388 0.00258631
1.59 0 0.000660661 0.00171404 0.00269918
1.6 0 0.000482021 0.00154926 0.00275646
1.61 0 0.000352254 0.00139655 0.0027616
1.62 0 0.000289026 0.0012821 0.00270964
1.63 0 0.000268509 0.00119601 0.00257069
1.64 0 0.000259982 0.00111343 0.00232075
1.65 0 0.000262782 0.00102517 0.00197464
1.66 0 0.000299599 0.00093991 0.00157939
1.67 0 0.000386776 0.000871628 0.00118718
1.68 0 0.000502128 0.000816505 0.000822587
1.69 0 0.000588085 0.000747215 0.000478023
1.7 0 0.000610576 0.000652707 0.000160974
1.71 0 0.000575351 0.000543135 -9.74451e-05
1.72 0 0.000472196 0.000395604 -0.000300528
1.73 0 0.000268322 0.000153179 -0.000493871
1.74 0 -3.3969e-05 -0.000210597 -0.000708031
1.75 0 -0.000377321 -0.00065906 -0.000932973
1.76 0 -0.00069127 -0.00111988 -0.00114829
1.77 0 -0.000945989 -0.00153681 -0.00136609
1.78 0 -0.0011615 -0.00189725 -0.00163687
1.79 0 -0.0013504 -0.00220113 -0.00199479
1.8 0 -0.00147673 -0.00242933 -0.0024163
1.81 0 -0.00150097 -0.00257256 -0.00285871
1.82 0 -0.00142697 -0.00265307 -0.00330062
1.83 0 -0.00128757 -0.00269658 -0.00372822
1.84 0 -0.00112272 -0.00271418 -0.00412103
1.85 0 -0.000972804 -0.00271117 -0.00445661
1.86 0 -0.000869578 -0.00269549 -0.00471303
1.87 0 -0.00082787 -0.00267915 -0.00486912
1.88 0 -0.000846246 -0.00267592 -0.00490872
1.89 0 -0.000917235 -0.00269954 -0.00483012
1.9 0 -0.00103303 -0.0027571 -0.00464872
1.91 0 -0.00117965 -0.00283767 -0.0043875
1.92 0 -0.0013401 -0.00291837 -0.00407618
1.93 0 -0.0015048 -0.00298419 -0.00375783
1.94 0 -0.00165937 -0.00302574 -0.0034727
1.95 0 -0.00176734 -0.00302382 -0.00323484
1.96 0 -0.00178918 -0.00295916 -0.00304216
1.97 0 -0.00170869 -0.00282617 -0.00289463
1.98 0 -0.00152829 -0.00262162 -0.00278567
1.99 0 -0.00126836 -0.00234715 -0.00270342
2 0 -0.000970312 -0.00202281 -0.00264048
2.01 0 -0.0006781 -0.0016807 -0.0025855
2.02 0 -0.000428378 -0.0013609 -0.00252317
2.03 0 -0.000244037 -0.00110088 -0.00243518
2.04 0 -0.000124298 -0.0009138 -0.00229378
2.05 0 -5.47408e-05 -0.000785914 -0.00207189
2.06 0 -2.82359e-05 -0.000693484 -0.00176306
2.07 0 -5.39871e-05 -0.000621685 -0.0013912
2.08 0 -0.000145676 -0.000571563 -0.00100104
2.09 0 -0.000298807 -0.000551783 -0.000636119
2.1 0 -0.000474899 -0.000560438 -0.000317691
2.11 0 -0.000612664 -0.000576133 -4.4106e-05
2.12 0 -0.000669893 -0.00057582 0.000181212
2.13 0 -0.000647425 -0.000549484 0.000334294
2.14 0 -0.000563942 -0.000486332 0.000395971
2.15 0 -0.000431719 -0.000371174 0.000371471
2.16 0 -0.000261746 -0.00020435 0.000280283
2.17 0 -6.33936e-05 -2.8714e-06 0.000152744
2.18 0 0.0001591 0.000214227 3.1228e-05
2.19 0 0.000387456 0.000422044 -5.14275e-05
2.2 0 0.000579229 0.00058688 -8.75561e-05
2.21 0 0.000694353 0.000687037 -7.70903e-05
2.22 0 0.000720316 0.000726379 -1.08065e-05
2.23 0 0.000669084 0.000723342 0.000122815
2.24 0 0.000561873 0.000694734 0.000323726
2.25 0 0.000419575 0.000649746 0.00057535
2.26 0 0.000262735 0.000594762 0.000850617
2.27 0 0.000112426 0.000538272 0.0011194
2.28 0 -1.27027e-05 0.000490151 0.00135201
2.29 0 -9.90653e-05 0.00045897 0.00152211
2.3 0 -0.000136686 0.000452002 0.00161233
2.31 0 -0.000116209 0.000477281 0.00162034
2.32 0 -3.4361e-05 0.000538818 0.00155504
2.33 0 9.13816e-05 0.000622372 0.00142127
2.34 0 0.000223296 0.000693638 0.00121584
2.35 0 0.000333976 0.000725948 0.000951277
2.36 0 0.000423994 0.000720073 0.000668288
2.37 0 0.000499742 0.000688828 0.000411299
2.38 0 0.000554642 0.000641822 0.000207717
2.39 0 0.000573069 0.000584396 6.80239e-05
2.4 0 0.000540591 0.000517254 -8.86544e-06
2.41 0 0.000451903 0.000435601 -3.11857e-05
2.42 0 0.000311943 0.000329035 -1.35219e-05
2.43 0 0.000134506 0.000187105 2.49452e-05
2.44 0 -6.00381e-05 8.13549e-06 6.38296e-05
2.45 0 -0.000251713 -0.000198716 8.10663e-05
2.46 0 -0.000427398 -0.000418104 5.18783e-05
2.47 0 -0.000579835 -0.000633499 -4.68498e-05
2.48 0 -0.000699736 -0.000828267 -0.00022671
2.49 0 -0.000770215 -0.000985012 -0.000480073
2.5 0 -0.000773656 -0.00108984 -0.000784047
2.51 0 -0.000705432 -0.00113899 -0.00111197
2.52 0 -0.000580864 -0.00114066 -0.00144117
2.53 0 -0.000432628 -0.00111355 -0.00175538
2.54 0 -0.000303127 -0.00108611 -0.00204561
2.55 0 -0.000230125 -0.00109003 -0.00230543
2.56 0 -0.000228731 -0.00114487 -0.00252037
2.57 0 -0.000292425 -0.00125395 -0.00267183
2.58 0 -0.000418482 -0.00142167 -0.002762
2.59 0 -0.00060349 -0.0016456 -0.00280796
2.6 0 -0.000821863 -0.00189656 -0.0028176
2.61 0 -0.00104449 -0.00214056 -0.00280348
2.62 0 -0.00123771 -0.00234113 -0.00277549
2.63 0 -0.00135511 -0.00245158 -0.00272505
2.64 0 -0.00138256 -0.00245844 -0.00266287
2.65 0 -0.00135831 -0.00240439 -0.00263723
2.66 0 -0.00132324 -0.00234468 -0.00268812
2.67 0 -0.00126623 -0.0022897 -0.00279557
2.68 0 -0.00114816 -0.00221233 -0.00290098
2.69 0 -0.000975331 -0.00210635 -0.00297741
2.7 0 -0.000804495 -0.00199656 -0.00303922
2.71 0 -0.000692715 -0.00191142 -0.00310404
2.72 0 -0.000659754 -0.0018653 -0.00316643
2.73 0 -0.000675746 -0.00184621 -0.00318869
2.74 0 -0.000697374 -0.00183322 -0.00313188
2.75 0 -0.000718981 -0.00182847 -0.00300009
2.76 0 -0.000757294 -0.00183885 -0.00282328
2.77 0 -0.000800435 -0.0018352 -0.00260723
2.78 0 -0.000817302 -0.00177222 -0.00234155
2.79 0 -0.000806702 -0.00164464 -0.00204595
2.8 0 -0.000806336 -0.00150298 -0.00177924
2.81 0 -0.000854697 -0.00141887 -0.001604
2.82 0 -0.000944097 -0.00142913 -0.00153994
2.83 0 -0.00102454 -0.00151651 -0.00156134
2.84 0 -0.00106944 -0.00165372 -0.00165381
2.85 0 -0.0010948 -0.00182259 -0.00183042
2.86 0 -0.00110072 -0.00197673 -0.00207674
2.87 0 -0.00106258 -0.00205531 -0.00234569
2.88 0 -0.00098492 -0.00204924 -0.0026132
2.89 0 -0.000896892 -0.00199871 -0.00287665
2.9 0 -0.000799766 -0.00193086 -0.00310529
2.91 0 -0.000658477 -0.00182877 -0.00323044
2.92 0 -0.00044966 -0.00165732 -0.00318977
2.93 0 -0.000212764 -0.00141354 -0.00298019
2.94 0 -3.53786e-05 -0.00113998 -0.00265518
2.95 0 3.18021e-05 -0.000875596 -0.00225543
2.96 0 3.35885e-05 -0.000607512 -0.00175595
2.97 0 7.63098e-05 -0.000277421 -0.00108898
2.98 0 0.000261029 0.000195191 -0.000190299
2.99 0 0.000633842 0.000887698 0.000967888
3 0 0.00116466 0.0018378 0.00235913
3.01 0 0.00178622 0.00303681 0.00393182
3.02 0 0.00245747 0.0044511 0.00565913
3.03 0 0.00317258 0.0060237 0.00754143
3.04 0 0.00395559 0.00769967 0.00960314
3.05 0 0.00486874 0.00948637 0.011911
3.06 0 0.00594148 0.0114245 0.0145146
3.07 0 0.00708127 0.0134929 0.0173549
3.08 0 0.00812321 0.015595 0.0202898
3.09 0 0.00895749 0.0176128 0.0231881
3.1 0 0.00958046 0.0194444 0.0259722
3.11 0 0.0100684 0.0210368 0.0286127
3.12 0 0.0105219 0.0224013 0.0311016
3.13 0 0.0109866 0.023571 0.0333917
3.14 0 0.0114281 0.0245637 0.0353764
3.15 0 0.0118037 0.0254055 0.0369588
3.16 0 0.0121126 0.0261317 0.0380979
3.17 0 0.0123915 0.0267601 0.0388031
3.18 0 0.0127025 0.0272931 0.0391289
3.19 0 0.0130987 0.0277232 0.0391475
3.2 0 0.0136018 0.0280529 0.0389321
3.21 0 0.0141802 0.028291 0.0385348
3.22 0 0.0147064 0.0283941 0.0379332
3.23 0 0.0149919 0.028255 0.0370464
3.24 0 0.014888 0.0277568 0.0358138
3.25 0 0.0143531 0.0268147 0.0342398
3.26 0 0.0134489 0.0253903 0.0323791
3.27 0 0.0122806 0.0234933 0.0302881
3.28 0 0.0109389 0.021186 0.0279873
3.29 0 0.00951104 0.0186139 0.0254903
3.3 0 0.00810109 0.0159989 0.0228357
3.31 0 0.00676042 0.0135123 0.0200247
3.32 0 0.00544966 0.011169 0.0169833
3.33 0 0.00414729 0.00889716 0.013666
3.34 0 0.00293062 0.00664265 0.0101372
3.35 0 0.00190883 0.00438991 0.00652201
3.36 0 0.00113463 0.00216736 0.00293977
3.37 0 0.000539806 1.07642e-05 -0.000558155
3.38 0 -8.44459e-05 -0.00211704 -0.00403356
3.39 0 -0.000986714 -0.00433884 -0.00760648
3.4 0 -0.00232858 -0.00682739 -0.0113729
3.41 0 -0.00411174 -0.00973437 -0.0153495
3.42 0 -0.00614477 -0.0130552 -0.0194176
3.43 0 -0.00813894 -0.0165834 -0.0233681
3.44 0 -0.00995821 -0.0200844 -0.0271081
3.45 0 -0.0117369 -0.0234688 -0.0307728
3.46 0 -0.0136571 -0.0267279 -0.0345389
3.47 0 -0.0157043 -0.0298144 -0.0384121
3.48 0 -0.0176791 -0.0326587 -0.0422332
3.49 0 -0.0193188 -0.035192 -0.0457757
3.5 0 -0.0204088 -0.037325 -0.0488265
3.51 0 -0.0209154 -0.0389953 -0.051301
3.52 0 -0.0210465 -0.0402401 -0.0533055
3.53 0 -0.0210948 -0.0411428 -0.0550081
3.54 0 -0.0212135 -0.0417378 -0.0564554
3.55 0 -0.021367 -0.0420251 -0.0575494
3.56 0 -0.0214204 -0.0420136 -0.0581318
3.57 0 -0.0212652 -0.0417353 -0.0580842
3.58 0 -0.0209161 -0.0412474 -0.0574052
3.59 0 -0.0204947 -0.0406019 -0.0561957
3.6 0 -0.0201266 -0.0398061 -0.0545767
3.61 0 -0.0198539 -0.0388233 -0.0526244
3.62 0 -0.0196125 -0.0376031 -0.0503541
3.63 0 -0.0192882 -0.0361275 -0.0477644
3.64 0 -0.0188116 -0.0344491 -0.0449066
3.65 0 -0.0182061 -0.0326835 -0.0419134
3.66 0 -0.017567 -0.0309657 -0.0389721
3.67 0 -0.0169991 -0.0294067 -0.0362678
3.68 0 -0.0165322 -0.0280425 -0.0339084
3.69 0 -0.0160804 -0.0268071 -0.0318813
3.7 0 -0.0155094 -0.0255839 -0.0301039
3.71 0 -0.0147611 -0.0243067 -0.0285302
3.72 0 -0.0139198 -0.0230272 -0.0272135
3.73 0 -0.01315 -0.021884 -0.0262594
3.74 0 -0.0125805 -0.0210187 -0.0257324
3.75 0 -0.01223 -0.0205014 -0.0255964
3.76 0 -0.0120091 -0.0202932 -0.0257158
3.77 0 -0.0118131 -0.0202878 -0.0259376
3.78 0 -0.0116083 -0.0203761 -0.0261704
3.79 0 -0.0114241 -0.0204668 -0.0263813
3.8 0 -0.0112731 -0.0204639 -0.0265276
3.81 0 -0.0110898 -0.0202512 -0.0265033
3.82 0 -0.0107687 -0.0197338 -0.0261745
3.83 0 -0.0102452 -0.018889 -0.0254502
3.84 0 -0.00952115 -0.0177528 -0.0243009
3.85 0 -0.00861847 -0.016351 -0.0227119
3.86 0 -0.00754069 -0.0146577 -0.0206499
3.87 0 -0.0063238 -0.0126621 -0.0181205
3.88 0 -0.00508689 -0.0104499 -0.0152293
3.89 0 -0.00393965 -0.00814067 -0.0120999
3.9 0 -0.00286841 -0.00577432 -0.00876026
3.91 0 -0.00178085 -0.00332397 -0.00517559
3.92 0 -0.0006042 -0.000761062 -0.00133573
3.93 0 0.000696601 0.00194668 0.0027372
3.94 0 0.00213895 0.00485529 0.0070191
3.95 0 0.00372566 0.00801999 0.011488
3.96 0 0.00545757 0.0114665 0.0161283
3.97 0 0.00737006 0.0152054 0.0209605
3.98 0 0.00952544 0.0192347 0.0260303
3.99 0 0.0119384 0.0234963 0.0313336
4 0 0.0145176 0.0278583 0.0367675
4.01 0 0.0170883 0.032151 0.0421596
4.02 0 0.0194552 0.036203 0.0473197
4.03 0 0.0214767 0.0398747 0.0520968
4.04 0 0.0231406 0.0431159 0.0564461
4.05 0 0.0245688 0.0459861 0.0604361
4.06 0 0.0259297 0.0486071 0.0641761
4.07 0 0.0273166 0.0510758 0.0677115
4.08 0 0.0286792 0.0533915 0.0709612
4.09 0 0.029897 0.0554902 0.0737874
4.1 0 0.0308966 0.0573155 0.0761022
4.11 0 0.0316325 0.0587805 0.0778442
4.12 0 0.0320288 0.0597224 0.0789179
4.13 0 0.0319999 0.0599527 0.0792119
4.14 0 0.0314875 0.0593224 0.0786292
4.15 0 0.0304587 0.0577376 0.0770771
4.16 0 0.0288959 0.0551595 0.0744576
4.17 0 0.0268259 0.0516295 0.0707034
4.18 0 0.024356 0.0472946 0.0658273
4.19 0 0.0216587 0.0423852 0.0599295
4.2 0 0.0189185 0.0371565 0.053168
4.21 0 0.0162447 0.031788 0.0456835
4.22 0 0.0136239 0.0263162 0.0375517
4.23 0 0.0110028 0.0207058 0.0288574
4.24 0 0.00837205 0.0149505 0.0197741
4.25 0 0.00572005 0.00906149 0.0105113
4.26 0 0.00295963 0.00301057 0.00121884
4.27 0 -3.04561e-05 -0.00326179 -0.00801772
4.28 0 -0.00328088 -0.00976916 -0.0171027
4.29 0 -0.00669437 -0.0164177 -0.0258934
4.3 0 -0.0101709 -0.0230579 -0.0342797
4.31 0 -0.0137303 -0.0295819 -0.0422664
4.32 0 -0.0174595 -0.0359391 -0.0499264
4.33 0 -0.0213532 -0.0420827 -0.0572775
4.34 0 -0.0252394 -0.0479232 -0.0642161
4.35 0 -0.0288827 -0.0533671 -0.0705971
4.36 0 -0.0321833 -0.0584315 -0.0764074
4.37 0 -0.0352382 -0.0632578 -0.0818167
4.38 0 -0.0381699 -0.0679489 -0.0870087
4.39 0 -0.0409861 -0.0724664 -0.0920454
4.4 0 -0.0436327 -0.0767226 -0.0969229
4.41 0 -0.046045 -0.0806504 -0.101619
4.42 0 -0.0481298 -0.0841794 -0.106071
4.43 0 -0.0498082 -0.087255 -0.110209
4.44 0 -0.0510879 -0.0898893 -0.114022
4.45 0 -0.0520324 -0.0921259 -0.11753
4.46 0 -0.0526743 -0.0939583 -0.120703
4.47 0 -0.0530019 -0.0953258 -0.123455
4.48 0 -0.0530083 -0.0961697 -0.125697
4.49 0 -0.0527473 -0.0964993 -0.12739
4.5 0 -0.0523533 -0.0964293 -0.12857
4.51 0 -0.0519751 -0.0961322 -0.1293
4.52 0 -0.0516805 -0.0957434 -0.129592
4.53 0 -0.0514392 -0.0953103 -0.129384
4.54 0 -0.0512021 -0.0948237 -0.128619
4.55 0 -0.0509789 -0.0942675 -0.127314
4.56 0 -0.0508187 -0.0936169 -0.125556
4.57 0 -0.0507214 -0.0928033 -0.12342
4.58 0 -0.0505737 -0.091696 -0.120901
4.59 0 -0.0501839 -0.0901373 -0.117934
4.6 0 -0.0493889 -0.0880154 -0.114468
4.61 0 -0.0481289 -0.0853005 -0.110518
4.62 0 -0.0464329 -0.0820195 -0.106139
4.63 0 -0.0443565 -0.0782117 -0.101371
4.64 0 -0.0419369 -0.0739088 -0.0962087
4.65 0 -0.0391932 -0.0691484 -0.0906197
4.66 0 -0.0361557 -0.0639932 -0.0845779
4.67 0 -0.0328739 -0.058521 -0.0780793
4.68 0 -0.0293962 -0.052786 -0.0711224
4.69 0 -0.0257535 -0.0467945 -0.0636936
4.7 0 -0.0219693 -0.0405208 -0.0557792
4.71 0 -0.0180836 -0.0339535 -0.047394
4.72 0 -0.0141653 -0.0271308 -0.0385973
4.73 0 -0.0102806 -0.0201288 -0.0294666
4.74 0 -0.00645108 -0.0130244 -0.0200592
4.75 0 -0.00268146 -0.00590078 -0.0104331
4.76 0 0.000949977 0.00112153 -0.000708108
4.77 0 0.00427199 0.00788549 0.00892427
4.78 0 0.00714114 0.014234 0.0182615
4.79 0 0.00957809 0.0200749 0.0271747
4.8 0 0.0117804 0.0254311 0.0356387
4.81 0 0.0139768 0.0303995 0.0436466
4.82 0 0.0162618 0.0350638 0.0511052
4.83 0 0.0185974 0.0394725 0.0578598
4.84 0 0.0209044 0.0436466 0.0637713
4.85 0 0.0231139 0.0475611 0.0687484
4.86 0 0.0252036 0.051156 0.0727732
4.87 0 0.0272229 0.0543821 0.075925
4.88 0 0.0292512 0.0572223 0.07835
4.89 0 0.0312857 0.0596483 0.0801579
4.9 0 0.0331687 0.0615732 0.0813441
4.91 0 0.0346582 0.0628871 0.0818395
4.92 0 0.0355703 0.0635289 0.081621
4.93 0 0.035861 0.0635132 0.0807705
4.94 0 0.0356218 0.0629142 0.0794577
4.95 0 0.0349873 0.0618025 0.0778447
4.96 0 0.0340189 0.0601763 0.075975
4.97 0 0.0326898 0.0579827 0.0737678
4.98 0 0.030982 0.0552183 0.0711198
4.99 0 0.0289583 0.0519804 0.0679845
5 0 0.0267292 0.048414 0.0643535
5.01 0 0.0243846 0.0446277 0.0602067
5.02 0 0.0219616 0.0406512 0.0554948
5.03 0 0.0194724 0.036459 0.050174
5.04 0 0.0169653 0.0320443 0.0442721
5.05 0 0.0145416 0.0274662 0.0379098
5.06 0 0.0122961 0.0228253 0.0312478
5.07 0 0.0102439 0.0182124 0.0244198
5.08 0 0.00832708 0.013701 0.0175334
5.09 0 0.00651989 0.00940504 0.0107553
5.1 0 0.0048713 0.00547685 0.00433396
5.11 0 0.00341206 0.00200114 -0.00150712
5.12 0 0.00211125 -0.00103844 -0.00662511
5.13 0 0.000934329 -0.00368606 -0.0109162
5.14 0 -0.000123565 -0.00595821 -0.0142943
5.15 0 -0.00105605 -0.00783287 -0.0167067
5.16 0 -0.00186033 -0.00925984 -0.0181466
5.17 0 -0.0025261 -0.0101782 -0.0186451
5.18 0 -0.00302035 -0.0105326 -0.0182546
5.19 0 -0.00328784 -0.0102892 -0.0170394
5.2 0 -0.00326785 -0.00944806 -0.0150767
5.21 0 -0.00291187 -0.00803801 -0.0124549
5.22 0 -0.00218798 -0.00608954 -0.00925735
5.23 0 -0.00107975 -0.00361063 -0.00554429
5.24 0 0.000400283 -0.00059949 -0.00135995
5.25 0 0.00219617 0.00291481 0.0032455
5.26 0 0.00422283 0.00685229 0.00821373
5.27 0 0.00639874 0.0110935 0.0134926
5.28 0 0.00866992 0.0155028 0.0190407
5.29 0 0.011011 0.0199641 0.024823
5.3 0 0.0133834 0.0243903 0.0307769
5.31 0 0.0156872 0.0286895 0.036767
5.32 0 0.0177864 0.0327592 0.0426069
5.33 0 0.0195771 0.0365074 0.0481199
5.34 0 0.0210256 0.0398594 0.0531729
5.35 0 0.0221733 0.0427667 0.0576879
5.36 0 0.0231123 0.0452187 0.0616303
5.37 0 0.0239409 0.0472424 0.0649838
5.38 0 0.0247279 0.0488946 0.0677296
5.39 0 0.0254918 0.0502371 0.0698351
5.4 0 0.0262039 0.0513096 0.0712574
5.41 0 0.0268394 0.0521391 0.0719878
5.42 0 0.0274149 0.0527542 0.0720861
5.43 0 0.0279402 0.0531425 0.0716307
5.44 0 0.0283663 0.0532239 0.0706646
5.45 0 0.0286214 0.0529129 0.0692259
5.46 0 0.0286636 0.0521893 0.0673919
5.47 0 0.0284776 0.0510974 0.0652663
5.48 0 0.0280469 0.0497 0.0629384
5.49 0 0.0273508 0.0480426 0.0604641
5.5 0 0.0263884 0.0461491 0.0578782
5.51 0 0.0252036 0.044045 0.0552185
5.52 0 0.0238898 0.0417857 0.0525414
5.53 0 0.0225569 0.0394591 0.0499062
5.54 0 0.0212664 0.0371432 0.0473263
5.55 0 0.0199975 0.0348625 0.0447423
5.56 0 0.0187058 0.0326107 0.0420771
5.57 0 0.0174031 0.0304003 0.0393126
5.58 0 0.0161586 0.028262 0.0364927
5.59 0 0.0150578 0.0262343 0.0336937
5.6 0 0.0141756 0.0243736 0.0310085
5.61 0 0.0135494 0.0227486 0.0285242
5.62 0 0.013142 0.0213955 0.0262811
5.63 0 0.01286 0.020303 0.0242788
5.64 0 0.0126394 0.0194593 0.0225455
5.65 0 0.0124705 0.0188583 0.02115
5.66 0 0.012359 0.018473 0.0201589
5.67 0 0.0123185 0.0182781 0.0196272
5.68 0 0.0123619 0.0182736 0.0195934
5.69 0 0.0124717 0.0184656 0.0200494
5.7 0 0.0125998 0.0188495 0.0209367
5.71 0 0.0127119 0.0194182 0.0221826
5.72 0 0.0128262 0.020175 0.0237365
5.73 0 0.0129999 0.0211214 0.0255635
5.74 0 0.0132768 0.0222312 0.0276067
5.75 0 0.0136549 0.0234455 0.0297688
5.76 0 0.0140977 0.0246955 0.0319316
5.77 0 0.0145696 0.0259315 0.0339922
5.78 0 0.0150599 0.0271344 0.0358874
5.79 0 0.0155664 0.0282923 0.0375783
5.8 0 0.0160691 0.0293691 0.0390239
5.81 0 0.0165413 0.0303176 0.040191
5.82 0 0.016974 0.0311081 0.0410767
5.83 0 0.017369 0.031733 0.041701
5.84 0 0.017722 0.0321969 0.04209
5.85 0 0.0180118 0.0325044 0.0422613
5.86 0 0.0181901 0.0326365 0.0422076
5.87 0 0.0181875 0.0325382 0.0418922
5.88 0 0.0179487 0.0321394 0.0412746
5.89 0 0.0174628 0.031387 0.0403348
5.9 0 0.0167555 0.0302575 0.039068
5.91 0 0.0158588 0.0287535 0.0374626
5.92 0 0.0147831 0.0268894 0.0354808
5.93 0 0.0135157 0.0246822 0.0330629
5.94 0 0.01206 0.0221672 0.0301687
5.95 0 0.0104775 0.0194251 0.0268261
5.96 0 0.0088758 0.0165696 0.0231266
5.97 0 0.00735448 0.0137039 0.0191807
5.98 0 0.00596612 0.0108929 0.0150851
5.99 0 0.00469712 0.00814813 0.0109016
6 0 0.00348101 0.00543664 0.00666218
6.01 0 0.0022741 0.00274132 0.00242785
6.02 0 0.00110122 9.91306e-05 -0.00168203
6.03 0 -2.09705e-05 -0.00245856 -0.00556732
6.04 0 -0.00115531 -0.00496412 -0.00921839
6.05 0 -0.0023943 -0.00748117 -0.0126798
6.06 0 -0.00377376 -0.010041 -0.0159774
6.07 0 -0.00524362 -0.012613 -0.0190892
6.08 0 -0.00671514 -0.0151268 -0.0219758
6.09 0 -0.00816024 -0.017551 -0.0246629
6.1 0 -0.00966527 -0.019958 -0.0272889
6.11 0 -0.0113636 -0.022482 -0.0300383
6.12 0 -0.0133218 -0.0252319 -0.0330388
6.13 0 -0.0155098 -0.028268 -0.0363403
6.14 0 -0.0178651 -0.0316312 -0.0399719
6.15 0 -0.0203439 -0.0353499 -0.0439786
6.16 0 -0.0229007 -0.0393919 -0.0483898
6.17 0 -0.0254517 -0.043628 -0.0531729
6.18 0 -0.0278813 -0.0478615 -0.0582337
6.19 0 -0.0300926 -0.0519121 -0.0634641
6.2 0 -0.0320328 -0.055669 -0.0687675
6.21 0 -0.0336567 -0.0590644 -0.0740232
6.22 0 -0.0349178 -0.0620532 -0.0790779
6.23 0 -0.0358256 -0.0646442 -0.0838071
6.24 0 -0.0364717 -0.0669052 -0.0881516
6.25 0 -0.0369675 -0.0688967 -0.0920728
6.26 0 -0.0373757 -0.0706154 -0.0954991
6.27 0 -0.0377267 -0.0720314 -0.0983478
6.28 0 -0.0380692 -0.0731567 -0.100582
6.29 0 -0.0384673 -0.0740526 -0.102214
6.3 0 -0.0389614 -0.0747914 -0.103268
6.31 0 -0.0395369 -0.0754099 -0.103747
6.32 0 -0.0401263 -0.0758852 -0.103637
6.33 0 -0.0406625 -0.0761654 -0.102953
6.34 0 -0.0411045 -0.0761951 -0.101756
6.35 0 -0.0414062 -0.0759047 -0.10012
6.36 0 -0.0414911 -0.0752116 -0.0980959
6.37 0 -0.0412648 -0.0740462 -0.0957129
6.38 0 -0.0406477 -0.0723722 -0.0929939
6.39 0 -0.0396022 -0.0701851 -0.0899606
6.4 0 -0.0381248 -0.0674862 -0.0866136
6.41 0 -0.0362253 -0.0642639 -0.0829148
6.42 0 -0.0339296 -0.0605104 -0.0788002
6.43 0 -0.0312787 -0.0562376 -0.0741955
6.44 0 -0.028311 -0.0514708 -0.0690177
6.45 0 -0.025072 -0.0462559 -0.0631987
6.46 0 -0.0216303 -0.0406642 -0.0567113
6.47 0 -0.0180444 -0.0347477 -0.0495435
6.48 0 -0.0143554 -0.0285238 -0.0416924
6.49 0 -0.0106411 -0.0220373 -0.0332208
6.5 0 -0.00702078 -0.0153914 -0.0242707
6.51 0 -0.00360148 -0.00872517 -0.0150162
6.52 0 -0.000463855 -0.00218669 -0.00563063
6.53 0 0.00233037 0.00409333 0.00372101
6.54 0 0.00475531 0.0100045 0.0128736
6.55 0 0.0068318 0.0154447 0.0216493
6.56 0 0.00863264 0.0203464 0.0298758
6.57 0 0.0102758 0.0247173 0.0374165
6.58 0 0.011879 0.0286278 0.0441626
6.59 0 0.0135148 0.0321659 0.0500191
6.6 0 0.0152184 0.0354166 0.0549209
6.61 0 0.0170185 0.0384583 0.0588589
6.62 0 0.0189433 0.0413483 0.0618829
6.63 0 0.0210057 0.0441021 0.0640853
6.64 0 0.0231836 0.0466868 0.0655826
6.65 0 0.0254127 0.0490394 0.0665016
6.66 0 0.027607 0.0511101 0.0669861
6.67 0 0.0296792 0.052894 0.0672001
6.68 0 0.0315453 0.0544257 0.0673125
6.69 0 0.0331345 0.0557608 0.0674841
6.7 0 0.0343986 0.0569528 0.0678568
6.71 0 0.0352899 0.0580063 0.0685148
6.72 0 0.0357354 0.0588434 0.0694462
6.73 0 0.0356602 0.0593289 0.0705563
6.74 0 0.0350301 0.0593179 0.0716986
6.75 0 0.0338621 0.0586849 0.0726842
6.76 0 0.0322124 0.0573522 0.0732913
6.77 0 0.0301595 0.0553115 0.0732809
6.78 0 0.0277858 0.052616 0.0724149
6.79 0 0.0251791 0.0493592 0.0704865
6.8 0 0.0224568 0.0456612 0.0673689
6.81 0 0.0197608 0.0416375 0.0630281
6.82 0 0.0172117 0.0373538 0.0574916
6.83 0 0.0148782 0.0328186 0.0508277
6.84 0 0.0127659 0.0280121 0.0431412
6.85 0 0.0108109 0.0229093 0.0345633
6.86 0 0.00888572 0.0174903 0.0252417
6.87 0 0.00681809 0.0117388 0.0153404
6.88 0 0.00442521 0.00562666 0.00503744
6.89 0 0.00156036 -0.000892493 -0.00547973
6.9 0 -0.00182644 -0.00786475 -0.0160158
6.91 0 -0.00565885 -0.0152967 -0.0263854
6.92 0 -0.00981064 -0.0231242 -0.0364572
6.93 0 -0.014221 -0.031202 -0.0461796
6.94 0 -0.0189018 -0.0393327 -0.0555632
6.95 0 -0.0238568 -0.0473405 -0.0646491
6.96 0 -0.029023 -0.0551267 -0.0734725
6.97 0 -0.034244 -0.0626556 -0.082025
6.98 0 -0.0392934 -0.0699178 -0.0902553
6.99 0 -0.0439639 -0.0769106 -0.098125
7 0 -0.0481409 -0.0836139 -0.105652
7.01 0 -0.0517979 -0.0899519 -0.11289
7.02 0 -0.0549412 -0.0957766 -0.119871
7.03 0 -0.0575618 -0.100904 -0.126571
7.04 0 -0.059627 -0.105184 -0.132909
7.05 0 -0.0610936 -0.108548 -0.138772
7.06 0 -0.0619239 -0.111012 -0.144029
7.07 0 -0.0621034 -0.112639 -0.148543
7.08 0 -0.0616718 -0.1135 -0.152198
7.09 0 -0.0607464 -0.113648 -0.154907
7.1 0 -0.0594981 -0.11312 -0.156608
7.11 0 -0.0581043 -0.11196 -0.157253
7.12 0 -0.0567144 -0.11026 -0.156807
7.13 0 -0.0554333 -0.108165 -0.155253
7.14 0 -0.0543167 -0.105846 -0.152595
7.15 0 -0.0533646 -0.103429 -0.148857
7.16 0 -0.0525238 -0.100926 -0.144081
7.17 0 -0.0517199 -0.0982381 -0.138351
7.18 0 -0.0509084 -0.0952444 -0.131831
7.19 0 -0.0500937 -0.0918979 -0.124777
7.2 0 -0.0492835 -0.08825 -0.117479
7.21 0 -0.0484358 -0.08442 -0.110191
7.22 0 -0.0474482 -0.0805389 -0.103098
7.23 0 -0.0461972 -0.0766981 -0.0963233
7.24 0 -0.0446018 -0.0729306 -0.0899624
7.25 0 -0.0426593 -0.0692159 -0.0841062
7.26 0 -0.0404318 -0.0655004 -0.0788341
7.27 0 -0.0380107 -0.0617361 -0.0741977
7.28 0 -0.0354839 -0.0579223 -0.0702085
7.29 0 -0.0329141 -0.0541254 -0.0668288
7.3 0 -0.030318 -0.0504457 -0.0639515
7.31 0 -0.0276466 -0.0469318 -0.0613767
7.32 0 -0.0248064 -0.043514 -0.0588277
7.33 0 -0.0217232 -0.0400147 -0.0560142
7.34 0 -0.0183965 -0.0362144 -0.0526973
7.35 0 -0.0149147 -0.0319397 -0.0487249
7.36 0 -0.0114037 -0.027111 -0.0440061
7.37 0 -0.00793017 -0.0217262 -0.0384433
7.38 0 -0.00446771 -0.0158274 -0.0319076
7.39 0 -0.000958955 -0.00946246 -0.0242691
7.4 0 0.00260606 -0.00266284 -0.0154401
7.41 0 0.00616904 0.00451304 -0.00542748
7.42 0 0.00964498 0.0119341 0.00563704
7.43 0 0.0129763 0.019426 0.0175377
7.44 0 0.01615 0.0268465 0.0300204
7.45 0 0.0191838 0.0341495 0.0427862
7.46 0 0.0221068 0.0413816 0.0554919
7.47 0 0.024968 0.0486077 0.0678149
7.48 0 0.0278761 0.0558543 0.0795461
7.49 0 0.0309877 0.0630898 0.0906032
7.5 0 0.0343998 0.0702038 0.100932
7.51 0 0.0380731 0.0770344 0.110425
7.52 0 0.0418881 0.0834677 0.118962
7.53 0 0.0457366 0.0895005 0.126499
7.54 0 0.0495357 0.0951933 0.133059
7.55 0 0.0531914 0.100569 0.138678
7.56 0 0.0566001 0.105567 0.143393
7.57 0 0.0596834 0.110062 0.147272
7.58 0 0.0623748 0.113892 0.150388
7.59 0 0.0645813 0.116881 0.152785
7.6 0 0.0661891 0.118902 0.15447
7.61 0 0.0670942 0.119906 0.155437
7.62 0 0.0672316 0.119931 0.155677
7.63 0 0.0666125 0.119073 0.155201
7.64 0 0.0653442 0.117449 0.154039
7.65 0 0.063607 0.115174 0.152226
7.66 0 0.0616031 0.112358 0.14979
7.67 0 0.0595016 0.109118 0.146734
7.68 0 0.0574032 0.105575 0.143034
7.69 0 0.0553453 0.101835 0.138654
7.7 0 0.0533429 0.0979893 0.133593
7.71 0 0.0514153 0.0940971 0.127899
7.72 0 0.0495667 0.0901539 0.121651
7.73 0 0.0477488 0.0860733 0.114916
7.74 0 0.0458541 0.0817123 0.107729
7.75 0 0.0437463 0.0769276 0.100112
7.76 0 0.0413112 0.0716376 0.0921063
7.77 0 0.0384926 0.065851 0.0837917
7.78 0 0.0352765 0.0596313 0.0752587
7.79 0 0.0316556 0.0530371 0.066565
7.8 0 0.0276252 0.046096 0.0577263
7.81 0 0.0232207 0.0388364 0.0487552
7.82 0 0.0185549 0.031336 0.0397091
7.83 0 0.0138043 0.023727 0.0306863
7.84 0 0.00914893 0.0161601 0.0217802
7.85 0 0.00470839 0.00876153 0.0130335
7.86 0 0.000542897 0.00162061 0.00443247
7.87 0 -0.00326551 -0.00518099 -0.00403741
7.88 0 -0.00659604 -0.0115367 -0.0123427
7.89 0 -0.00937906 -0.0173188 -0.0204132
7.9 0 -0.0116532 -0.0224335 -0.0281727
7.91 0 -0.0135308 -0.026877 -0.0355433
7.92 0 -0.0151274 -0.030737 -0.0424269
7.93 0 -0.0165205 -0.0341489 -0.0487018
7.94 0 -0.0177592 -0.03724 -0.0542507
7.95 0 -0.0188887 -0.0400791 -0.0589837
7.96 0 -0.0199577 -0.0426614 -0.0628411
7.97 0 -0.0210125 -0.0449281 -0.0657945
7.98 0 -0.0220823 -0.0468026 -0.0678425
7.99 0 -0.0231582 -0.048218 -0.0689977
8 0 -0.0241873 -0.0491378 -0.0692834
8.01 0 -0.0250961 -0.0495721 -0.0687509
8.02 0 -0.0258237 -0.0495788 -0.0674974
8.03 0 -0.0263314 -0.0492329 -0.0656596
8.04 0 -0.0266016 -0.048596 -0.0633979
8.05 0 -0.0266372 -0.0477082 -0.0608838
8.06 0 -0.0264479 -0.046588 -0.0582779
8.07 0 -0.0260378 -0.0452412 -0.0557084
8.08 0 -0.0254155 -0.0436859 -0.0532709
8.09 0 -0.0246074 -0.0419749 -0.0510375
8.1 0 -0.0236528 -0.0401903 -0.0490517
8.11 0 -0.0225968 -0.0384226 -0.0473247
8.12 0 -0.0214898 -0.0367503 -0.0458396
8.13 0 -0.0203807 -0.0352177 -0.0445541
8.14 0 -0.0193091 -0.0338254 -0.0434042
8.15 0 -0.0183228 -0.0325594 -0.0423332
8.16 0 -0.0174916 -0.03143 -0.0413201
8.17 0 -0.0168883 -0.0304786 -0.0403733
8.18 0 -0.016569 -0.0297735 -0.0395224
8.19 0 -0.0165746 -0.0294068 -0.0388234
8.2 0 -0.0169248 -0.0294741 -0.0383564
8.21 0 -0.0176162 -0.030049 -0.0382208
8.22 0 -0.0186254 -0.0311637 -0.0385284
8.23 0 -0.0198851 -0.0327716 -0.0393637
8.24 0 -0.0212584 -0.0347194 -0.0407361
8.25 0 -0.0225702 -0.0367853 -0.0425872
8.26 0 -0.0236537 -0.038742 -0.0448173
8.27 0 -0.0243638 -0.0403893 -0.0472865
8.28 0 -0.024575 -0.0415591 -0.0498038
8.29 0 -0.0241918 -0.0421089 -0.0521295
8.3 0 -0.0231822 -0.0419234 -0.0540005
8.31 0 -0.0216046 -0.0409371 -0.0551717
8.32 0 -0.0195833 -0.0391436 -0.0554278
8.33 0 -0.0172511 -0.0365798 -0.0545706
8.34 0 -0.014746 -0.0333444 -0.0524546
8.35 0 -0.0122421 -0.0296248 -0.0490459
8.36 0 -0.00993211 -0.0256602 -0.0444208
8.37 0 -0.0079701 -0.0216659 -0.0387219
8.38 0 -0.00640499 -0.0177505 -0.0320961
8.39 0 -0.00515912 -0.0138803 -0.0246677
8.4 0 -0.00410034 -0.00995323 -0.0165908
8.41 0 -0.00308981 -0.00586338 -0.00807911
8.42 0 -0.00195406 -0.00149595 0.000646817
8.43 0 -0.000487196 0.00326154 0.0094017
8.44 0 0.00150007 0.00848664 0.0180397
8.45 0 0.00412445 0.0142083 0.0264564
8.46 0 0.00738811 0.0204018 0.0345812
8.47 0 0.0112001 0.0269793 0.0423632
8.48 0 0.0154424 0.0337891 0.0497724
8.49 0 0.0199851 0.0406379 0.0567995
8.5 0 0.0246579 0.0473294 0.0634404
8.51 0 0.0292517 0.0536932 0.0696882
8.52 0 0.03355 0.0595994 0.0755373
8.53 0 0.0373583 0.0649539 0.0809859
8.54 0 0.0405202 0.0696745 0.0860285
8.55 0 0.0429349 0.0736782 0.090653
8.56 0 0.0445811 0.0769004 0.0948566
8.57 0 0.0455175 0.0793203 0.098649
8.58 0 0.0458437 0.0809622 0.102026
8.59 0 0.0456656 0.0818814 0.104946
8.6 0 0.0450897 0.0821502 0.10733
8.61 0 0.0442221 0.0818477 0.109082
8.62 0 0.0431585 0.0810509 0.110103
8.63 0 0.0419803 0.0798343 0.110295
8.64 0 0.0407625 0.0782772 0.109587
8.65 0 0.0395713 0.0764541 0.107933
8.66 0 0.0384364 0.0743968 0.1053
8.67 0 0.0373425 0.0720739 0.101668
8.68 0 0.0362703 0.0694335 0.0970744
8.69 0 0.0352241 0.0664552 0.091643
8.7 0 0.0341982 0.0631501 0.0855421
8.71 0 0.0331456 0.0595481 0.0789424
8.72 0 0.0319968 0.0557062 0.0720163
8.73 0 0.0306927 0.0517079 0.0649469
8.74 0 0.0292022 0.0476419 0.0579264
8.75 0 0.0275235 0.0435779 0.0511469
8.76 0 0.025663 0.0395439 0.0447695
8.77 0 0.0236187 0.0355296 0.0389006
8.78 0 0.0213942 0.0315261 0.0336029
8.79 0 0.0190086 0.0275534 0.0289063
8.8 0 0.0164758 0.0236454 0.0247891
8.81 0 0.013777 0.0198035 0.0211474
8.82 0 0.0108649 0.0159679 0.0177951
8.83 0 0.00770531 0.0120345 0.0145084
8.84 0 0.00432031 0.00790545 0.0110828
8.85 0 0.000820167 0.00352482 0.00736159
8.86 0 -0.00259396 -0.00111591 0.00322975
8.87 0 -0.00570651 -0.00595024 -0.001402
8.88 0 -0.00839823 -0.0108057 -0.00659773
8.89 0 -0.0106732 -0.0154539 -0.012386
8.9 0 -0.0126033 -0.0197253 -0.0187463
8.91 0 -0.0142669 -0.0235974 -0.0255939
8.92 0 -0.0157086 -0.0271891 -0.0327605
8.93 0 -0.0169327 -0.0306726 -0.0399957
8.94 0 -0.0179434 -0.034171 -0.0470155
8.95 0 -0.0188014 -0.0377061 -0.0535797
8.96 0 -0.019642 -0.0412032 -0.0595418
8.97 0 -0.0206351 -0.0445358 -0.0648326
8.98 0 -0.0219168 -0.0475929 -0.0694183
8.99 0 -0.023537 -0.0503369 -0.0732713
9 0 -0.0254472 -0.0528157 -0.0763638
9.01 0 -0.0275275 -0.0551283 -0.0786765
9.02 0 -0.029639 -0.0573665 -0.0802238
9.03 0 -0.0316691 -0.0595531 -0.0810772
9.04 0 -0.0335427 -0.0616069 -0.0813596
9.05 0 -0.0352022 -0.0633582 -0.0812151
9.06 0 -0.036586 -0.0646166 -0.0807798
9.07 0 -0.0376235 -0.065258 -0.0801693
9.08 0 -0.0382438 -0.0652792 -0.0794763
9.09 0 -0.0383656 -0.0647642 -0.0787439
9.1 0 -0.0378711 -0.0637712 -0.0779147
9.11 0 -0.0366488 -0.062258 -0.0768369
9.12 0 -0.0347024 -0.0601229 -0.0753533
9.13 0 -0.0321739 -0.0572739 -0.0733476
9.14 0 -0.0292542 -0.0536674 -0.0707114
9.15 0 -0.0261107 -0.0493523 -0.0673309
9.16 0 -0.0228698 -0.0444881 -0.0631045
9.17 0 -0.0196138 -0.0392878 -0.0579519
9.18 0 -0.0164047 -0.0339449 -0.0518355
9.19 0 -0.0133306 -0.0285983 -0.0448026
9.2 0 -0.010496 -0.023306 -0.0369821
9.21 0 -0.00797121 -0.018045 -0.0285428
9.22 0 -0.00577447 -0.0127768 -0.019683
9.23 0 -0.00387711 -0.00752013 -0.0106379
9.24 0 -0.00220378 -0.00235313 -0.00166107
9.25 0 -0.000631632 0.00263926 0.00701953
9.26 0 0.001014 0.00743427 0.0152468
9.27 0 0.00291003 0.0120919 0.0229319
9.28 0 0.00511996 0.0166833 0.0299862
9.29 0 0.00755749 0.0212168 0.0362859
9.3 0 0.0100807 0.0256382 0.0417206
9.31 0 0.0125939 0.0298489 0.0462483
9.32 0 0.0150669 0.0337176 0.0499023
9.33 0 0.017486 0.0371157 0.0527633
9.34 0 0.0197969 0.0399497 0.0549165
9.35 0 0.021864 0.0421512 0.0564003
9.36 0 0.0234895 0.0436653 0.0572021
9.37 0 0.0245201 0.0444867 0.057335
9.38 0 0.0249381 0.0446875 0.0569056
9.39 0 0.0248427 0.0443789 0.056087
9.4 0 0.0243895 0.0436684 0.0550576
9.41 0 0.0237288 0.0426436 0.0539471
9.42 0 0.0229461 0.041365 0.0527952
9.43 0 0.0220687 0.0398931 0.0515729
9.44 0 0.0211231 0.0383232 0.0502452
9.45 0 0.0201516 0.0367589 0.0487897
9.46 0 0.0191862 0.0352497 0.0471739
9.47 0 0.0182422 0.0337733 0.0453548
9.48 0 0.0173401 0.0322745 0.0433094
9.49 0 0.0165239 0.0307232 0.0410617
9.5 0 0.0158472 0.029144 0.0386789
9.51 0 0.0153362 0.0276011 0.0362385
9.52 0 0.014957 0.0261531 0.0337915
9.53 0 0.0146256 0.0248186 0.0313584
9.54 0 0.0142606 0.0235822 0.0289667
9.55 0 0.0138209 0.0224074 0.0266717
9.56 0 0.0132926 0.0212347 0.0245349
9.57 0 0.0126607 0.0199898 0.0225908
9.58 0 0.0118943 0.0186064 0.0208322
9.59 0 0.0109534 0.0170504 0.0192145
9.6 0 0.00981474 0.0153346 0.0176793
9.61 0 0.00850142 0.0135194 0.0161826
9.62 0 0.00708551 0.0116874 0.0147028
9.63 0 0.00565247 0.00989829 0.0132161
9.64 0 0.00425465 0.00814882 0.0116643
9.65 0 0.00291198 0.0063819 0.00995961
9.66 0 0.00166278 0.00455195 0.00803849
9.67 0 0.000572422 0.00267398 0.00588885
9.68 0 -0.000323676 0.000797302 0.00351276
9.69 0 -0.00105443 -0.00103844 0.000896868
9.7 0 -0.00168626 -0.00281372 -0.00196606
9.71 0 -0.00227694 -0.00452803 -0.0050448
9.72 0 -0.00285066 -0.00619836 -0.00825924
9.73 0 -0.00340523 -0.00785215 -0.0114955
9.74 0 -0.00393602 -0.00951193 -0.0146329
9.75 0 -0.00445252 -0.0111754 -0.0175642
9.76 0 -0.00497594 -0.0128021 -0.0202005
9.77 0 -0.00552902 -0.0143231 -0.0224727
9.78 0 -0.00613471 -0.0156774 -0.024342
9.79 0 -0.00681003 -0.0168436 -0.0258034
9.8 0 -0.00754265 -0.0178343 -0.0268671
9.81 0 -0.00828054 -0.0186692 -0.0275414
9.82 0 -0.00895377 -0.0193527 -0.0278381
9.83 0 -0.00950658 -0.0198654 -0.0277856
9.84 0 -0.0099213 -0.0201829 -0.0274455
9.85 0 -0.0102245 -0.0203072 -0.0269206
9.86 0 -0.010457 -0.0202699 -0.0263259
9.87 0 -0.0106132 -0.0200933 -0.0257279
9.88 0 -0.0106162 -0.0197583 -0.0251116
9.89 0 -0.0103876 -0.0192413 -0.024438
9.9 0 -0.00993753 -0.0185682 -0.0237195
9.91 0 -0.00935819 -0.017802 -0.0230122
9.92 0 -0.00875902 -0.0170062 -0.0223654
9.93 0 -0.00820844 -0.0162216 -0.0217831
9.94 0 -0.00769652 -0.0154425 -0.021198
9.95 0 -0.00714862 -0.0146127 -0.0204858
9.96 0 -0.00649026 -0.0136554 -0.0195217
9.97 0 -0.00568406 -0.0124869 -0.0182091
9.98 0 -0.00472289 -0.0110171 -0.0164735
9.99 0 -0.00362949 -0.00918525 -0.0142714
10 0 -0.00243304 -0.00697536 -0.0115795
10.01 0 -0.00114034 -0.00440259 -0.00837188
10.02 0 0.000230322 -0.00153382 -0.0046542
10.03 0 0.00160554 0.00148912 -0.000511038
10.04 0 0.00287384 0.00448299 0.00390372
10.05 0 0.00392576 0.00726814 0.00839734
10.06 0 0.00468666 0.00969922 0.0127645
10.07 0 0.00515916 0.0117124 0.0168361
10.08 0 0.00544261 0.0133549 0.0205159
10.09 0 0.00569192 0.0147559 0.023768
10.1 0 0.00604088 0.0160556 0.0265713
10.11 0 0.0065466 0.0173401 0.0288808
10.12 0 0.00721614 0.0186451 0.0306586
10.13 0 0.00807197 0.0200041 0.0319399
10.14 0 0.00914701 0.0214386 0.0328228
10.15 0 0.0104262 0.0229092 0.0334003
10.16 0 0.0118344 0.0243311 0.0337415
10.17 0 0.0132708 0.0256327 0.0339187
10.18 0 0.014623 0.0267713 0.0340058
10.19 0 0.0157782 0.027723 0.0340691
10.2 0 0.0166607 0.0284926 0.0341845
10.21 0 0.0172534 0.0291128 0.0344442
10.22 0 0.0175789 0.029619 0.0349293
10.23 0 0.0176628 0.0300204 0.0356708
10.24 0 0.0175118 0.0302873 0.0366282
10.25 0 0.0171341 0.030376 0.0377095
10.26 0 0.0165697 0.0302678 0.0388097
10.27 0 0.0159076 0.0300002 0.0398444
10.28 0 0.0152766 0.0296727 0.0407657
10.29 0 0.0147935 0.0294018 0.0415336
10.3 0 0.014523 0.0292741 0.0420947
10.31 0 0.0144763 0.0293222 0.0423902
10.32 0 0.0145952 0.0294856 0.0423403
10.33 0 0.0147664 0.0296114 0.0418525
10.34 0 0.0149034 0.0295445 0.0408927
10.35 0 0.014991 0.0292049 0.0395235
10.36 0 0.0150228 0.0285688 0.0378389
10.37 0 0.0149254 0.0276117 0.0358814
10.38 0 0.0145628 0.0262865 0.0336282
10.39 0 0.0137994 0.0245292 0.0310262
10.4 0 0.0125735 0.0222869 0.0280436
10.41 0 0.0109466 0.0195662 0.0247165
10.42 0 0.00906126 0.0164415 0.0211253
10.43 0 0.00702675 0.0130019 0.0173073
10.44 0 0.0048729 0.00932249 0.0132299
10.45 0 0.00260653 0.00547574 0.00884269
10.46 0 0.00027284 0.00152465 0.0041218
10.47 0 -0.00202909 -0.00248446 -0.000916286
10.48 0 -0.00418611 -0.00651663 -0.00622843
10.49 0 -0.00614684 -0.010548 -0.0117809
10.5 0 -0.00795278 -0.0145662 -0.0175635
10.51 0 -0.00970828 -0.0185701 -0.0235692
10.52 0 -0.0115277 -0.0225759 -0.0297643
10.53 0 -0.0134649 -0.0266031 -0.0360528
10.54 0 -0.0154854 -0.0306464 -0.0422736
10.55 0 -0.0175133 -0.0346711 -0.0482498
10.56 0 -0.0194625 -0.038593 -0.0538101
10.57 0 -0.0212436 -0.0422599 -0.0587885
10.58 0 -0.0228062 -0.0455053 -0.0630664
10.59 0 -0.0241537 -0.0482063 -0.0665923
10.6 0 -0.0253083 -0.0503023 -0.0693545
10.61 0 -0.0263009 -0.0518216 -0.0713767
10.62 0 -0.0271493 -0.0528594 -0.0726983
10.63 0 -0.0278114 -0.0534929 -0.0733216
10.64 0 -0.0281896 -0.053725 -0.0732057
10.65 0 -0.0281883 -0.0534894 -0.0723105
10.66 0 -0.0277899 -0.0527078 -0.0706599
10.67 0 -0.0270881 -0.0513565 -0.0683689
10.68 0 -0.0262151 -0.0494764 -0.0655857
10.69 0 -0.0252376 -0.0471416 -0.0624065
10.7 0 -0.0241357 -0.0444474 -0.0588609
10.71 0 -0.0228691 -0.0415162 -0.0549658
10.72 0 -0.02144 -0.0384781 -0.0507735
10.73 0 -0.0199062 -0.0354318 -0.0463775
10.74 0 -0.0183647 -0.0324327 -0.0419019
10.75 0 -0.0169175 -0.0295094 -0.0374801
10.76 0 -0.0156305 -0.0266853 -0.0332272
10.77 0 -0.0145121 -0.0239956 -0.0292254
10.78 0 -0.0135221 -0.0214918 -0.0255288
10.79 0 -0.0125972 -0.0192261 -0.0221736
10.8 0 -0.0116816 -0.0172278 -0.0191894
10.81 0 -0.0107535 -0.0154951 -0.0166117
10.82 0 -0.00983803 -0.0140074 -0.0144898
10.83 0 -0.0089911 -0.0127438 -0.0128747
10.84 0 -0.0082399 -0.0116715 -0.0117684
10.85 0 -0.00752678 -0.0107152 -0.0110725
10.86 0 -0.0067357 -0.00977245 -0.0106112
10.87 0 -0.00579053 -0.0087767 -0.0102231
10.88 0 -0.0047129 -0.00772557 -0.00981788
10.89 0 -0.00357711 -0.00663073 -0.00933893
10.9 0 -0.00246177 -0.00547984 -0.00872199
10.91 0 -0.00145944 -0.00427594 -0.00791914
10.92 0 -0.00066623 -0.0030752 -0.00691746
10.93 0 -0.000138369 -0.00196646 -0.00571832
10.94 0 0.000139215 -0.00101882 -0.00431186
10.95 0 0.000248223 -0.000239776 -0.00267629
10.96 0 0.000288614 0.000425953 -0.000810048
10.97 0 0.000321101 0.00106013 0.00122959
10.98 0 0.000349929 0.00172716 0.00332015
10.99 0 0.000361189 0.00245456 0.00531472
11 0 0.000374796 0.00323763 0.00709673
11.01 0 0.000462157 0.00405656 0.00861072
11.02 0 0.00071336 0.00489161 0.00985307
11.03 0 0.00116592 0.00571474 0.0108242
11.04 0 0.00176353 0.0064799 0.0114954
11.05 0 0.00240724 0.00715504 0.0118472
11.06 0 0.00301993 0.00773937 0.0119098
11.07 0 0.0035439 0.00822158 0.0117397
11.08 0 0.00394401 0.00857028 0.0114075
11.09 0 0.00423331 0.00877595 0.0110177
11.1 0 0.00445721 0.00886969 0.0106919
11.11 0 0.00464441 0.00890324 0.0105227
11.12 0 0.00477565 0.00891795 0.0105399
11.13 0 0.00480156 0.0089321 0.0107192
11.14 0 0.00468918 0.00894612 0.0110187
11.15 0 0.00445013 0.00894516 0.0114003
11.16 0 0.00412586 0.00889307 0.0118205
11.17 0 0.00374796 0.00873009 0.0122051
11.18 0 0.00331332 0.00838544 0.0124405
11.19 0 0.00279801 0.00780588 0.0123967
11.2 0 0.00221929 0.00700966 0.0119949
11.21 0 0.0016839 0.0061232 0.0112644
11.22 0 0.00132214 0.00531289 0.0102945
11.23 0 0.00117507 0.00466858 0.00913538
11.24 0 0.00118705 0.0041784 0.0077919
11.25 0 0.00128755 0.00378883 0.00629229
11.26 0 0.00144909 0.00346081 0.00473209
11.27 0 0.00166836 0.00317566 0.00324609
11.28 0 0.00189049 0.00288853 0.00192375
11.29 0 0.00198235 0.00250489 0.000764319
11.3 0 0.00182551 0.00194699 -0.000256845
11.31 0 0.00141226 0.00122212 -0.00111328
11.32 0 0.000814949 0.000388823 -0.00176135
11.33 0 0.0001138 -0.000497584 -0.00220004
11.34 0 -0.000600153 -0.00136258 -0.00244889
11.35 0 -0.00120495 -0.00208043 -0.00250579
11.36 0 -0.00156701 -0.00248977 -0.00234231
11.37 0 -0.00158286 -0.00244184 -0.00192393
11.38 0 -0.00123629 -0.00187613 -0.00125501
11.39 0 -0.000613387 -0.000861792 -0.000395558
11.4 0 0.000164825 0.000448866 0.000591631
11.41 0 0.00100539 0.00188814 0.00168636
11.42 0 0.00185403 0.00331935 0.00290964
11.43 0 0.00268779 0.00467653 0.00431035
11.44 0 0.00347739 0.0059538 0.00592217
11.45 0 0.0041503 0.00715227 0.00771474
11.46 0 0.00463778 0.00827535 0.00962348
11.47 0 0.0049546 0.0093611 0.0116198
11.48 0 0.00519541 0.0104686 0.0137145
11.49 0 0.00545711 0.0116253 0.0158985
11.5 0 0.0057782 0.012803 0.0181026
11.51 0 0.0061361 0.013937 0.0202076
11.52 0 0.00646994 0.0149483 0.0220714
11.53 0 0.00669954 0.0157427 0.0235445
11.54 0 0.00676235 0.0162279 0.0245015
11.55 0 0.00668579 0.0163815 0.0249124
11.56 0 0.00660539 0.0162961 0.0248718
11.57 0 0.00664632 0.016103 0.024502
11.58 0 0.00680321 0.0158663 0.0238447
11.59 0 0.00696616 0.0155737 0.0228777
11.6 0 0.00703113 0.0151865 0.0216003
11.61 0 0.00696858 0.014676 0.0200811
11.62 0 0.00681561 0.0140324 0.0184432
11.63 0 0.00662269 0.0132625 0.016815
11.64 0 0.00638249 0.0123647 0.0152629
11.65 0 0.0060158 0.0113176 0.0137709
11.66 0 0.00544641 0.010116 0.0122978
11.67 0 0.00464957 0.00877058 0.0108104
11.68 0 0.00366073 0.00729309 0.00928744
11.69 0 0.00259911 0.00573467 0.00775467
11.7 0 0.00163733 0.00420474 0.00628055
11.71 0 0.000904812 0.00282838 0.00491429
11.72 0 0.000420185 0.00168997 0.00363908
11.73 0 0.000117946 0.000816146 0.00239663
11.74 0 -5.15184e-05 0.000214052 0.00117255
11.75 0 -5.61114e-05 -9.17707e-05 5.21738e-05
11.76 0 0.000165253 -8.66513e-05 -0.000829195
11.77 0 0.000584775 0.000166799 -0.00139868
11.78 0 0.00106315 0.000533199 -0.00167756
11.79 0 0.00147134 0.000915084 -0.00168403
11.8 0 0.0017681 0.00130556 -0.00138009
11.81 0 0.00194214 0.00171353 -0.000742917
11.82 0 0.00196969 0.00211159 0.000187012
11.83 0 0.00184276 0.0024594 0.00133295
11.84 0 0.00158844 0.00272831 0.00260684
11.85 0 0.00125481 0.00290366 0.00390906
11.86 0 0.000890256 0.00298196 0.00512628
11.87 0 0.000531908 0.00296794 0.00613807
11.88 0 0.000203145 0.00286781 0.00682913
11.89 0 -8.52303e-05 0.00267862 0.00710093
11.9 0 -0.000332014 0.00238101 0.00688188
11.91 0 -0.000539763 0.00194429 0.00613786
11.92 0 -0.000714051 0.00133728 0.00487575
11.93 0 -0.000873987 0.000532812 0.00313256
11.94 0 -0.00105586 -0.000486451 0.000965987
11.95 0 -0.00129371 -0.00171027 -0.0015372
11.96 0 -0.00159653 -0.00308751 -0.00425161
11.97 0 -0.00194673 -0.00453472 -0.00702321
11.98 0 -0.00231548 -0.00595854 -0.00969292
11.99 0 -0.00268984 -0.00728838 -0.0121307
12 0 -0.00309263 -0.00850459 -0.014264
12.01 0 -0.00355739 -0.00962206 -0.0160619
12.02 0 -0.00408988 -0.0106531 -0.0175024
12.03 0 -0.00467298 -0.0116036 -0.0185779
12.04 0 -0.00528403 -0.0124764 -0.0193074
12.05 0 -0.00589016 -0.0132553 -0.0197247
12.06 0 -0.00645122 -0.0139037 -0.0198723
12.07 0 -0.00692728 -0.0143789 -0.0198001
12.08 0 -0.00726338 -0.0146246 -0.0195395
12.09 0 -0.007381 -0.0145664 -0.0190833
12.1 0 -0.00720163 -0.0141316 -0.0183978
12.11 0 -0.00667603 -0.0132689 -0.0174407
12.12 0 -0.00579765 -0.0119498 -0.0161651
12.13 0 -0.00461443 -0.010183 -0.0145328
12.14 0 -0.00323313 -0.00803959 -0.0125355
12.15 0 -0.00178968 -0.00564571 -0.0101895
12.16 0 -0.000417118 -0.00315895 -0.00752524
12.17 0 0.000762261 -0.000756884 -0.00460242
12.18 0 0.00165262 0.00139174 -0.0015115
12.19 0 0.00224614 0.00321207 0.00168139
12.2 0 0.00267755 0.00480714 0.00499977
12.21 0 0.00313661 0.00639262 0.00849483
12.22 0 0.00371308 0.00813166 0.0121163
12.23 0 0.00438552 0.0100697 0.0157119
12.24 0 0.00512186 0.0121723 0.019128
12.25 0 0.00596485 0.0143933 0.0223004
12.26 0 0.00702557 0.0167133 0.0252664
12.27 0 0.00836002 0.0190916 0.0280613
12.28 0 0.00989493 0.0214328 0.0306429
12.29 0 0.0115088 0.0236588 0.0329554
12.3 0 0.01312 0.0257691 0.0350059
12.31 0 0.0146741 0.0277934 0.0368417
12.32 0 0.0161083 0.0297211 0.0385004
12.33 0 0.0173587 0.0314945 0.0400059
12.34 0 0.0183843 0.0330398 0.0413851
12.35 0 0.0191778 0.0343056 0.0426747
12.36 0 0.019754 0.0352808 0.0439098
12.37 0 0.0201084 0.0359708 0.0450839
12.38 0 0.0201972 0.0363669 0.0461278
12.39 0 0.0199939 0.0364689 0.0469585
12.4 0 0.0195603 0.0363227 0.0475457
12.41 0 0.0190243 0.0360013 0.0479003
12.42 0 0.0184982 0.0355572 0.0480165
12.43 0 0.0180313 0.0350069 0.0478469
12.44 0 0.0176172 0.0343459 0.0473208
12.45 0 0.0172282 0.033569 0.0463804
12.46 0 0.0168415 0.0326724 0.0450024
12.47 0 0.0164347 0.0316353 0.0431895
12.48 0 0.0159707 0.0304031 0.0409516
12.49 0 0.0154018 0.0289036 0.038304
12.5 0 0.0146835 0.0270786 0.0352764
12.51 0 0.0137844 0.0249082 0.0319181
12.52 0 0.0126967 0.0224238 0.0282999
12.53 0 0.0114363 0.0196997 0.0245069
12.54 0 0.0100198 0.0168169 0.0206113
12.55 0 0.00845452 0.0138352 0.0166585
12.56 0 0.00675559 0.0107927 0.012683
12.57 0 0.00495116 0.00770644 0.00871553
12.58 0 0.00308145 0.0045794 0.00478133
12.59 0 0.00119725 0.00140747 0.000893558
12.6 0 -0.000663927 -0.00182432 -0.00296938
12.61 0 -0.00249484 -0.00513053 -0.00686682
12.62 0 -0.0043116 -0.00850846 -0.0108752
12.63 0 -0.00614235 -0.0119381 -0.0150655
12.64 0 -0.00800918 -0.0153934 -0.0194806
12.65 0 -0.00991714 -0.0188578 -0.0241225
12.66 0 -0.011861 -0.0223386 -0.028959
12.67 0 -0.0138149 -0.0258566 -0.033927
12.68 0 -0.0157127 -0.0293965 -0.0389201
12.69 0 -0.0174607 -0.032874 -0.043793
12.7 0 -0.018979 -0.0361529 -0.0483964
12.71 0 -0.0202465 -0.0391007 -0.0526227
12.72 0 -0.02132 -0.0416504 -0.056434
12.73 0 -0.0222972 -0.0438184 -0.0598412
12.74 0 -0.0232557 -0.0456785 -0.0628562
12.75 0 -0.024221 -0.0473248 -0.065467
12.76 0 -0.0251914 -0.0488544 -0.0676602
12.77 0 -0.0261983 -0.0503781 -0.0694775
12.78 0 -0.0273311 -0.0520176 -0.0710383
12.79 0 -0.0286871 -0.0538604 -0.0724943
12.8 0 -0.0303013 -0.0559165 -0.073964
12.81 0 -0.0321308 -0.0581356 -0.0755193
12.82 0 -0.0341005 -0.0604705 -0.0772224
12.83 0 -0.036121 -0.062893 -0.0791318
12.84 0 -0.0380696 -0.0653541 -0.0812647
12.85 0 -0.0398051 -0.0677686 -0.0835937
12.86 0 -0.0412072 -0.0700288 -0.0860684
12.87 0 -0.0421973 -0.0720174 -0.0886252
12.88 0 -0.0427485 -0.07363 -0.0911948
12.89 0 -0.0428863 -0.0748036 -0.0937061
12.9 0 -0.0426731 -0.0755217 -0.0960769
12.91 0 -0.0421862 -0.0758051 -0.0982032
12.92 0 -0.0415041 -0.0757053 -0.0999649
12.93 0 -0.0407026 -0.0752927 -0.101242
12.94 0 -0.0398501 -0.0746358 -0.101926
12.95 0 -0.0389898 -0.073767 -0.101913
12.96 0 -0.0381226 -0.0726576 -0.101089
12.97 0 -0.0372209 -0.0712305 -0.0993501
12.98 0 -0.0362612 -0.0694013 -0.0966387
12.99 0 -0.0352442 -0.0671198 -0.0929732
13 0 -0.0341838 -0.0643869 -0.0884385
13.01 0 -0.033071 -0.0612392 -0.0831477
13.02 0 -0.0318464 -0.0577123 -0.0772033
13.03 0 -0.0304182 -0.0538264 -0.0706962
13.04 0 -0.0287139 -0.049601 -0.0637377
13.05 0 -0.0267001 -0.0450542 -0.056464
13.06 0 -0.0243499 -0.0401694 -0.0489938
13.07 0 -0.021606 -0.0348752 -0.0413827
13.08 0 -0.0183918 -0.0290783 -0.0336281
13.09 0 -0.0146576 -0.0227202 -0.025707
13.1 0 -0.0104086 -0.015806 -0.0176017
13.11 0 -0.00567981 -0.00838186 -0.0092805
13.12 0 -0.00052727 -0.000495947 -0.000671486
13.13 0 0.00487829 0.00779177 0.00829106
13.14 0 0.0102524 0.0163401 0.017612
13.15 0 0.015377 0.0249063 0.027261
13.16 0 0.020173 0.0332437 0.0372147
13.17 0 0.0246445 0.0412104 0.0474576
13.18 0 0.0288255 0.0487916 0.0579532
13.19 0 0.0327327 0.0560638 0.0686155
13.2 0 0.0363481 0.0631238 0.0793006
13.21 0 0.0396343 0.0700086 0.089821
13.22 0 0.0425727 0.0766695 0.099992
13.23 0 0.0452017 0.0830004 0.109681
13.24 0 0.047626 0.0888976 0.118827
13.25 0 0.0499759 0.0943133 0.127412
13.26 0 0.0523381 0.0992655 0.135413
13.27 0 0.0547173 0.103819 0.142772
13.28 0 0.0570598 0.108065 0.149417
13.29 0 0.0593028 0.112083 0.155295
13.3 0 0.0614095 0.115909 0.160384
13.31 0 0.0633756 0.119516 0.164694
13.32 0 0.0652166 0.122813 0.168255
13.33 0 0.0669572 0.125696 0.17112
13.34 0 0.0686167 0.128094 0.173356
13.35 0 0.0701644 0.12998 0.175013
13.36 0 0.0714879 0.131336 0.17608
13.37 0 0.0724199 0.132133 0.176497
13.38 0 0.0728008 0.132318 0.1762
13.39 0 0.0725538 0.13183 0.175165
13.4 0 0.0717528 0.130656 0.17347
13.41 0 0.0705896 0.128849 0.171257
13.42 0 0.0692302 0.126483 0.168626
13.43 0 0.0677145 0.123619 0.16556
13.44 0 0.0659777 0.120305 0.16195
13.45 0 0.0639302 0.11658 0.157669
13.46 0 0.0615434 0.112473 0.152643
13.47 0 0.0588785 0.108005 0.14688
13.48 0 0.0560186 0.103148 0.140422
13.49 0 0.0529926 0.0978185 0.133276
13.5 0 0.049785 0.0919378 0.125436
13.51 0 0.0463711 0.085496 0.116912
13.52 0 0.042711 0.078532 0.107717
13.53 0 0.0387605 0.0711043 0.0978704
13.54 0 0.0345283 0.0633024 0.0874371
13.55 0 0.030101 0.0552463 0.0765525
13.56 0 0.0256025 0.0470536 0.0653806
13.57 0 0.021136 0.0388142 0.0540624
13.58 0 0.0167595 0.0305967 0.0426979
13.59 0 0.0125024 0.0224707 0.0313664
13.6 0 0.00837055 0.0145028 0.0201363
13.61 0 0.00432513 0.00671229 0.00904374
13.62 0 0.000299003 -0.000953732 -0.00190536
13.63 0 -0.00373945 -0.00859991 -0.0127054
13.64 0 -0.00777287 -0.0163278 -0.0233368
13.65 0 -0.011799 -0.0241455 -0.0337598
13.66 0 -0.0158537 -0.0319337 -0.043909
13.67 0 -0.0199598 -0.0395276 -0.053704
13.68 0 -0.0240883 -0.0467974 -0.0630607
13.69 0 -0.0281641 -0.0536667 -0.0718946
13.7 0 -0.0320956 -0.0601106 -0.0801352
13.71 0 -0.0358018 -0.0661451 -0.087744
13.72 0 -0.0392286 -0.0717989 -0.0947195
13.73 0 -0.0423687 -0.0770984 -0.101105
13.74 0 -0.0452748 -0.0820725 -0.106995
13.75 0 -0.048032 -0.0867515 -0.112516
13.76 0 -0.0507077 -0.091162 -0.117777
13.77 0 -0.0533201 -0.0953306 -0.122849
13.78 0 -0.0558468 -0.0992958 -0.127769
13.79 0 -0.0582485 -0.103107 -0.13256
13.8 0 -0.0604787 -0.106798 -0.137227
13.81 0 -0.0624888 -0.110351 -0.141756
13.82 0 -0.0642528 -0.113717 -0.146132
13.83 0 -0.0657978 -0.11685 -0.150368
13.84 0 -0.0671966 -0.119747 -0.154512
13.85 0 -0.068521 -0.122438 -0.15861
13.86 0 -0.0698054 -0.124971 -0.162674
13.87 0 -0.0710494 -0.127406 -0.166688
13.88 0 -0.0722419 -0.129807 -0.170625
13.89 0 -0.0733704 -0.132211 -0.174451
13.9 0 -0.0744077 -0.134584 -0.178111
13.91 0 -0.0753034 -0.136816 -0.181515
13.92 0 -0.0760017 -0.138754 -0.184559
13.93 0 -0.076469 -0.140262 -0.187155
13.94 0 -0.0767066 -0.141267 -0.189249
13.95 0 -0.0767276 -0.141759 -0.190808
13.96 0 -0.0765235 -0.141756 -0.191779
13.97 0 -0.0760687 -0.141278 -0.192089
13.98 0 -0.0753471 -0.14034 -0.191664
13.99 0 -0.0743745 -0.138951 -0.190447
14 0 -0.073205 -0.13712 -0.188414
14.01 0 -0.0719147 -0.134863 -0.185573
14.02 0 -0.0705686 -0.132205 -0.181957
14.03 0 -0.0691895 -0.129173 -0.177598
14.04 0 -0.0677428 -0.125778 -0.172519
14.05 0 -0.0661495 -0.122012 -0.166731
14.06 0 -0.0643173 -0.117838 -0.160252
14.07 0 -0.0621673 -0.113201 -0.153114
14.08 0 -0.059655 -0.108045 -0.145375
14.09 0 -0.0567778 -0.102347 -0.137121
14.1 0 -0.0535496 -0.0961156 -0.128438
14.11 0 -0.0499679 -0.0893736 -0.119379
14.12 0 -0.0460119 -0.0821502 -0.109957
14.13 0 -0.0416666 -0.0744803 -0.100168
14.14 0 -0.0369503 -0.0664085 -0.0900093
14.15 0 -0.0319223 -0.0579849 -0.0794974
14.16 0 -0.0266639 -0.0492502 -0.0686506
14.17 0 -0.0212523 -0.0402334 -0.0574729
14.18 0 -0.0157553 -0.0309729 -0.0459563
14.19 0 -0.0102379 -0.0215271 -0.0340924
14.2 0 -0.00475213 -0.0119607 -0.0218722
14.21 0 0.000636847 -0.00232555 -0.0092864
14.22 0 0.00579629 0.00731808 0.00365285
14.23 0 0.0105895 0.0168355 0.0168726
14.24 0 0.0149719 0.0260147 0.0302153
14.25 0 0.0189619 0.0346662 0.0434487
14.26 0 0.022587 0.0427133 0.0563001
14.27 0 0.0258777 0.0501744 0.0685066
14.28 0 0.0288754 0.0570899 0.0798552
14.29 0 0.0316553 0.0634936 0.0902193
14.3 0 0.0343365 0.0694299 0.0995747
14.31 0 0.0370509 0.0749703 0.107957
14.32 0 0.0399017 0.0802132 0.115422
14.33 0 0.0429487 0.0852704 0.122035
14.34 0 0.0462001 0.0902397 0.127866
14.35 0 0.0496187 0.0951784 0.132984
14.36 0 0.053161 0.100107 0.137489
14.37 0 0.0567965 0.105012 0.141532
14.38 0 0.0604612 0.10982 0.145254
14.39 0 0.0640196 0.11439 0.148746
14.4 0 0.0672876 0.118559 0.152047
14.41 0 0.0700738 0.122187 0.155165
14.42 0 0.0722283 0.125181 0.158101
14.43 0 0.07369 0.127525 0.160881
14.44 0 0.0744859 0.129263 0.163541
14.45 0 0.0746932 0.13046 0.1661
14.46 0 0.0744204 0.131182 0.168545
14.47 0 0.0738037 0.131502 0.170837
14.48 0 0.0729835 0.131483 0.172912
14.49 0 0.0720732 0.131175 0.174675
14.5 0 0.0711425 0.13061 0.176015
14.51 0 0.0702256 0.129824 0.176816
14.52 0 0.0693432 0.128866 0.17698
14.53 0 0.068514 0.127782 0.176436
14.54 0 0.0677564 0.126597 0.175139
14.55 0 0.0670974 0.12531 0.17309
14.56 0 0.0665754 0.123907 0.170354
14.57 0 0.0662189 0.122375 0.167043
14.58 0 0.0660091 0.120707 0.163286
14.59 0 0.0658631 0.118898 0.159197
14.6 0 0.0656555 0.116946 0.154878
14.61 0 0.0652523 0.114833 0.150418
14.62 0 0.0645241 0.112489 0.145873
14.63 0 0.0633563 0.109782 0.14125
14.64 0 0.0616656 0.10655 0.136514
14.65 0 0.0593946 0.102645 0.131594
14.66 0 0.0564842 0.0979556 0.126369
14.67 0 0.0528662 0.0924148 0.120674
14.68 0 0.0485061 0.0860121 0.114337
14.69 0 0.0434634 0.0788088 0.107236
14.7 0 0.0379031 0.0709223 0.0993203
14.71 0 0.0320635 0.0625027 0.0905989
14.72 0 0.0262184 0.0537314 0.0811304
14.73 0 0.0206355 0.044827 0.0710126
14.74 0 0.0155308 0.0360312 0.0603613
14.75 0 0.011016 0.0275484 0.0492691
14.76 0 0.00706297 0.0194716 0.0377703
14.77 0 0.00354966 0.0117766 0.0258682
14.78 0 0.000350386 0.00436858 0.0135853
14.79 0 -0.00262649 -0.00287854 0.000974283
14.8 0 -0.00547295 -0.0101074 -0.011884
14.81 0 -0.00832167 -0.0174761 -0.0248577
14.82 0 -0.0113398 -0.0251169 -0.0377578
14.83 0 -0.014688 -0.0330706 -0.0503747
14.84 0 -0.0184707 -0.0412743 -0.0625214
14.85 0 -0.0227133 -0.0495922 -0.0740491
14.86 0 -0.0273614 -0.0578591 -0.0848432
14.87 0 -0.0322898 -0.0659235 -0.094814
14.88 0 -0.0373377 -0.0736875 -0.103905
14.89 0 -0.0423617 -0.0811287 -0.112124
14.9 0 -0.0472656 -0.0882743 -0.119555
14.91 0 -0.0519874 -0.0951377 -0.126324
14.92 0 -0.056447 -0.10165 -0.132544
14.93 0 -0.0605058 -0.107636 -0.138258
14.94 0 -0.0639996 -0.112882 -0.143459
14.95 0 -0.0668089 -0.117235 -0.148149
14.96 0 -0.0688747 -0.120641 -0.152344
14.97 0 -0.0701446 -0.123085 -0.156012
14.98 0 -0.070527 -0.124516 -0.159025
14.99 0 -0.0699313 -0.124824 -0.161189
15 0 -0.0683801 -0.123901 -0.162333
15.01 0 -0.0661281 -0.121813 -0.162444
15.02 0 -0.0636319 -0.11889 -0.161694
15.03 0 -0.0613004 -0.115578 -0.160263
15.04 0 -0.0593197 -0.112269 -0.15819
15.05 0 -0.0577339 -0.109283 -0.155453
15.06 0 -0.056576 -0.106856 -0.152081
15.07 0 -0.0558918 -0.105061 -0.148175
15.08 0 -0.0556975 -0.103764 -0.143876
15.09 0 -0.0559388 -0.102697 -0.139332
15.1 0 -0.0564644 -0.101583 -0.134674
15.11 0 -0.057027 -0.10022 -0.130002
15.12 0 -0.0573591 -0.0985365 -0.125406
15.13 0 -0.0572692 -0.0965829 -0.121009
15.14 0 -0.0566586 -0.0944346 -0.116938
15.15 0 -0.0554837 -0.0920839 -0.113254
15.16 0 -0.0537481 -0.0894332 -0.109946
15.17 0 -0.051534 -0.0863993 -0.106982
15.18 0 -0.0490021 -0.0830212 -0.104351
15.19 0 -0.0463286 -0.079466 -0.102037
15.2 0 -0.0436381 -0.0759482 -0.0999601
15.21 0 -0.0409769 -0.0726222 -0.097961
15.22 0 -0.0383419 -0.0695199 -0.0958281
15.23 0 -0.0357558 -0.0665738 -0.0933783
15.24 0 -0.0332983 -0.0636688 -0.0905034
15.25 0 -0.0310519 -0.0606679 -0.0871381
15.26 0 -0.0290327 -0.0574368 -0.0832115
15.27 0 -0.0271819 -0.0538916 -0.0786484
15.28 0 -0.0254242 -0.050054 -0.0734243
15.29 0 -0.0237244 -0.0460538 -0.0676073
15.3 0 -0.0220901 -0.0420623 -0.0613432
15.31 0 -0.0205603 -0.0382249 -0.054828
15.32 0 -0.0191869 -0.0346284 -0.0482765
15.33 0 -0.0179751 -0.0312656 -0.0418557
15.34 0 -0.0168382 -0.0280298 -0.0356356
15.35 0 -0.0156276 -0.0247707 -0.0296173
15.36 0 -0.0141837 -0.0213408 -0.0237772
15.37 0 -0.012361 -0.0175993 -0.0180803
15.38 0 -0.0100427 -0.0134232 -0.012476
15.39 0 -0.00715848 -0.00873379 -0.00690335
15.4 0 -0.00371264 -0.0035289 -0.00131646
15.41 0 0.000168087 0.00209255 0.00428896
15.42 0 0.0042061 0.00795107 0.00988069
15.43 0 0.00806226 0.0138097 0.0154246
15.44 0 0.0114836 0.0193616 0.0208956
15.45 0 0.0143202 0.0242536 0.0262417
15.46 0 0.0164542 0.0281838 0.0313543
15.47 0 0.0178261 0.0310386 0.0361204
15.48 0 0.0185084 0.0329701 0.0404977
15.49 0 0.0186866 0.0343138 0.0445016
15.5 0 0.0185965 0.0354319 0.0481525
15.51 0 0.018488 0.0366053 0.0514641
15.52 0 0.0186023 0.0380057 0.05446
15.53 0 0.0191465 0.0397245 0.0571921
15.54 0 0.020234 0.0417817 0.0597062
15.55 0 0.0218347 0.0441122 0.061991
15.56 0 0.0238051 0.0465894 0.06399
15.57 0 0.0259479 0.0490656 0.0656461
15.58 0 0.0280673 0.051404 0.0669395
15.59 0 0.0300242 0.0535126 0.0679218
15.6 0 0.031753 0.0553568 0.0687148
15.61 0 0.033223 0.0569303 0.0694561
15.62 0 0.0343953 0.058225 0.0702443
15.63 0 0.0352259 0.0592372 0.0711323
15.64 0 0.0357022 0.0599946 0.072155
15.65 0 0.0358613 0.0605617 0.0733439
15.66 0 0.0357851 0.0610218 0.0747219
15.67 0 0.0355765 0.0614481 0.0762847
15.68 0 0.0353018 0.0618555 0.0779579
15.69 0 0.034949 0.0621703 0.0795713
15.7 0 0.0344519 0.0622546 0.080895
15.71 0 0.0337444 0.0619564 0.0816971
15.72 0 0.0328291 0.0611862 0.0818179
15.73 0 0.0318296 0.0599956 0.0812354
15.74 0 0.0309422 0.0585666 0.0800404
15.75 0 0.030325 0.0571226 0.0783483
15.76 0 0.0300294 0.0558392 0.0762434
15.77 0 0.0300164 0.0548062 0.0737926
15.78 0 0.0302275 0.0540471 0.0711021
15.79 0 0.0306208 0.0535364 0.0683376
15.8 0 0.0311429 0.0531939 0.0656799
15.81 0 0.0316823 0.0528812 0.0632629
15.82 0 0.0320631 0.0524284 0.0611419
15.83 0 0.0320819 0.0516759 0.0593
15.84 0 0.0315476 0.0504846 0.0576535
15.85 0 0.0303331 0.0487386 0.0560728
15.86 0 0.0284635 0.0464088 0.0544598
15.87 0 0.0261532 0.0436198 0.0528091
15.88 0 0.0236823 0.0405904 0.0511367
15.89 0 0.0212447 0.0375182 0.0493774
15.9 0 0.018941 0.0345479 0.0474057
15.91 0 0.0168374 0.0317721 0.0451045
15.92 0 0.0149878 0.029211 0.0423912
15.93 0 0.0134297 0.0268105 0.0392214
15.94 0 0.0121719 0.0244698 0.0355873
15.95 0 0.0111807 0.0220813 0.0315096
15.96 0 0.0103885 0.0195817 0.0270473
15.97 0 0.00972181 0.0169912 0.0223147
15.98 0 0.00911419 0.0143978 0.0174733
15.99 0 0.00850277 0.0118992 0.0127032
16 0 0.00783306 0.00955874 0.00818152
16.01 0 0.0070763 0.00739833 0.00407899
16.02 0 0.00622948 0.00540793 0.000546688
16.03 0 0.00527172 0.00353472 -0.00233483
16.04 0 0.00412536 0.00167485 -0.00459986
16.05 0 0.00268278 -0.000291536 -0.00637741
16.06 0 0.000864305 -0.00246945 -0.00784896
16.07 0 -0.00134379 -0.0049539 -0.00923086
16.08 0 -0.00388824 -0.00783784 -0.010771
16.09 0 -0.00669092 -0.0112001 -0.0127457
16.1 0 -0.0097025 -0.0150694 -0.0154344
16.11 0 -0.0128945 -0.0194027 -0.019063
16.12 0 -0.0162058 -0.0241175 -0.0237588
16.13 0 -0.0195369 -0.029152 -0.0295556
16.14 0 -0.0227939 -0.0344954 -0.0364252
16.15 0 -0.0259319 -0.0401795 -0.044305
16.16 0 -0.0289709 -0.0462498 -0.0531137
16.17 0 -0.0319594 -0.0527081 -0.0627312
16.18 0 -0.0349015 -0.0594391 -0.0729433
16.19 0 -0.0377256 -0.0661995 -0.0834255
16.2 0 -0.0403364 -0.0727087 -0.0938159
16.21 0 -0.0426769 -0.078742 -0.103804
16.22 0 -0.044729 -0.0841495 -0.113145
16.23 0 -0.0464797 -0.088838 -0.121633
16.24 0 -0.0479141 -0.0927685 -0.129085
16.25 0 -0.04903 -0.0959532 -0.135361
16.26 0 -0.0498406 -0.0984295 -0.140367
16.27 0 -0.0504015 -0.100262 -0.144073
16.28 0 -0.0508475 -0.101576 -0.146549
16.29 0 -0.0513593 -0.102545 -0.147946
16.3 0 -0.0520626 -0.103305 -0.148404
16.31 0 -0.0529572 -0.103896 -0.147999
16.32 0 -0.0539405 -0.104271 -0.146769
16.33 0 -0.0548744 -0.104342 -0.14477
16.34 0 -0.0556299 -0.104024 -0.142099
16.35 0 -0.0560972 -0.103239 -0.138883
16.36 0 -0.0561624 -0.101912 -0.135235
16.37 0 -0.0556946 -0.099951 -0.131221
16.38 0 -0.0545743 -0.0972609 -0.126858
16.39 0 -0.0527288 -0.0937525 -0.122122
16.4 0 -0.0501459 -0.0893593 -0.116957
16.41 0 -0.0468884 -0.0840889 -0.111308
16.42 0 -0.0430908 -0.0780605 -0.105147
16.43 0 -0.0389124 -0.0714757 -0.0984615
16.44 0 -0.0345021 -0.0645568 -0.0912355
16.45 0 -0.0300056 -0.057502 -0.0834681
16.46 0 -0.0255798 -0.0504643 -0.0751947
16.47 0 -0.0213892 -0.0435512 -0.066496
16.48 0 -0.0175862 -0.0368411 -0.0574902
16.49 0 -0.0142856 -0.0304065 -0.0483183
16.5 0 -0.0115488 -0.0243393 -0.0391306
16.51 0 -0.0093816 -0.0187641 -0.030085
16.52 0 -0.00773987 -0.0138188 -0.021345
16.53 0 -0.00652636 -0.00959073 -0.0130555
16.54 0 -0.00559229 -0.00604538 -0.0053307
16.55 0 -0.00477697 -0.0030195 0.00170543
16.56 0 -0.00396133 -0.000294312 0.00788625
16.57 0 -0.00307721 0.0023037 0.0130291
16.58 0 -0.00206018 0.00485027 0.0170088
16.59 0 -0.000803297 0.00734643 0.0198255
16.6 0 0.000815294 0.00976514 0.0216075
16.61 0 0.00285193 0.012087 0.0225625
16.62 0 0.00524281 0.0143268 0.0229319
16.63 0 0.00782029 0.0165272 0.0229649
16.64 0 0.0103927 0.0187131 0.0229047
16.65 0 0.0128088 0.020865 0.0229832
16.66 0 0.0149635 0.022941 0.0234147
16.67 0 0.0167832 0.0249077 0.0243789
16.68 0 0.0182119 0.0267452 0.0259904
16.69 0 0.0191979 0.0284359 0.0282735
16.7 0 0.0197048 0.0299625 0.031165
16.71 0 0.0197404 0.0313112 0.0345369
16.72 0 0.0193777 0.0324687 0.0382174
16.73 0 0.018752 0.0334259 0.042007
16.74 0 0.0180348 0.0341953 0.0456964
16.75 0 0.0173932 0.0348257 0.0490817
16.76 0 0.016954 0.0353912 0.0519795
16.77 0 0.0167926 0.0359673 0.0542409
16.78 0 0.016941 0.0366095 0.0557648
16.79 0 0.017397 0.0373385 0.0565062
16.8 0 0.0181288 0.038128 0.0564787
16.81 0 0.0190761 0.0389028 0.0557527
16.82 0 0.020152 0.0395543 0.0544428
16.83 0 0.0212454 0.0399675 0.0526873
16.84 0 0.0222231 0.0400436 0.0506259
16.85 0 0.0229378 0.039714 0.0483812
16.86 0 0.0232428 0.0389447 0.0460498
16.87 0 0.0230176 0.0377305 0.0437022
16.88 0 0.0222024 0.0360785 0.0413866
16.89 0 0.020822 0.0339942 0.0391269
16.9 0 0.0189705 0.0314809 0.0369097
16.91 0 0.0167619 0.0285493 0.0346645
16.92 0 0.014293 0.0252328 0.0322627
16.93 0 0.0116498 0.0216153 0.0295577
16.94 0 0.00893102 0.0178313 0.0264307
16.95 0 0.00623762 0.0140082 0.0227964
16.96 0 0.00365394 0.0102004 0.0185898
16.97 0 0.00126351 0.00638171 0.0137765
16.98 0 -0.000843546 0.00249116 0.00836714
16.99 0 -0.00261865 -0.00151156 0.00240579
17 0 -0.00410549 -0.00561655 -0.00404902
17.01 0 -0.00542683 -0.00976593 -0.0109184
17.02 0 -0.0067218 -0.0138839 -0.0180788
17.03 0 -0.00808852 -0.0179237 -0.0253544
17.04 0 -0.00956763 -0.0218875 -0.0325374
17.05 0 -0.0111641 -0.0258042 -0.0394175
17.06 0 -0.0128785 -0.0297021 -0.0458127
17.07 0 -0.0147295 -0.0335951 -0.0516012
17.08 0 -0.0167566 -0.0374733 -0.0567351
17.09 0 -0.0189984 -0.0413031 -0.0612242
17.1 0 -0.0214659 -0.0450428 -0.0651136
17.11 0 -0.0241293 -0.0486599 -0.0684695
17.12 0 -0.0269162 -0.0521348 -0.0713686
17.13 0 -0.0297144 -0.0554473 -0.0738852
17.14 0 -0.0323826 -0.058559 -0.0760834
17.15 0 -0.0347784 -0.0614082 -0.0780236
17.16 0 -0.036786 -0.0639144 -0.0797683
17.17 0 -0.0383299 -0.0659937 -0.0813785
17.18 0 -0.0393771 -0.0675813 -0.0829062
17.19 0 -0.0399263 -0.0686464 -0.0843792
17.2 0 -0.0399895 -0.0691924 -0.0857835
17.21 0 -0.039588 -0.0692416 -0.0870545
17.22 0 -0.0387687 -0.0688233 -0.0880894
17.23 0 -0.0376227 -0.0679794 -0.0887772
17.24 0 -0.0362808 -0.0667736 -0.089022
17.25 0 -0.0348822 -0.0652859 -0.0887429
17.26 0 -0.0335448 -0.0636034 -0.0878727
17.27 0 -0.032351 -0.0618122 -0.0863618
17.28 0 -0.0313436 -0.0599811 -0.0841824
17.29 0 -0.0305293 -0.0581436 -0.0813357
17.3 0 -0.0298913 -0.0562924 -0.0778631
17.31 0 -0.029396 -0.0543885 -0.0738475
17.32 0 -0.0289908 -0.0523772 -0.0694025
17.33 0 -0.0285993 -0.0502069 -0.0646559
17.34 0 -0.0281211 -0.0478368 -0.059734
17.35 0 -0.0274392 -0.0452343 -0.0547471
17.36 0 -0.0264409 -0.0423718 -0.0497822
17.37 0 -0.0250479 -0.0392324 -0.0449119
17.38 0 -0.023239 -0.0358192 -0.0402026
17.39 0 -0.0210457 -0.0321554 -0.035709
17.4 0 -0.0185328 -0.0282828 -0.0314608
17.41 0 -0.0157839 -0.0242666 -0.0274572
17.42 0 -0.0128917 -0.0201897 -0.0236668
17.43 0 -0.00993938 -0.0161267 -0.0200199
17.44 0 -0.00698651 -0.0121183 -0.0164083
17.45 0 -0.00407839 -0.00817428 -0.0127096
17.46 0 -0.00127916 -0.00428218 -0.00881396
17.47 0 0.00130657 -0.000410836 -0.00463644
17.48 0 0.00357178 0.00345954 -0.000116505
17.49 0 0.00547617 0.0073043 0.00478836
17.5 0 0.00706837 0.0110602 0.0100995
17.51 0 0.00844284 0.0146571 0.0157916
17.52 0 0.00968306 0.0180472 0.0217635
17.53 0 0.010834 0.0212286 0.0278399
17.54 0 0.0119116 0.0242506 0.0338062
17.55 0 0.0129305 0.0271874 0.0394544
17.56 0 0.0139266 0.0300936 0.0446213
17.57 0 0.0149675 0.0329714 0.0492056
17.58 0 0.0161348 0.035768 0.0531588
17.59 0 0.0174834 0.0383979 0.0564568
17.6 0 0.019011 0.0407777 0.0590819
17.61 0 0.0206507 0.0428523 0.0610177
17.62 0 0.022289 0.0445998 0.0622591
17.63 0 0.0238012 0.0460189 0.0628299
17.64 0 0.0250831 0.0471049 0.0627922
17.65 0 0.0260651 0.0478313 0.0622412
17.66 0 0.0267197 0.048161 0.0613013
17.67 0 0.0270593 0.0480762 0.0601171
17.68 0 0.0271134 0.0475975 0.0588282
17.69 0 0.0269051 0.0467863 0.0575415
17.7 0 0.0264417 0.0457264 0.0563134
17.71 0 0.0257192 0.0444875 0.0551422
17.72 0 0.0247371 0.0430976 0.0539761
17.73 0 0.0235098 0.0415338 0.052728
17.74 0 0.0220666 0.0397335 0.0512875
17.75 0 0.020445 0.0376238 0.0495333
17.76 0 0.0186797 0.0351519 0.0473439
17.77 0 0.0167944 0.0323003 0.0446053
17.78 0 0.0148033 0.0290869 0.0412234
17.79 0 0.0127393 0.0255734 0.0371577
17.8 0 0.0106894 0.0218791 0.0324622
17.81 0 0.00878385 0.0181625 0.02728
17.82 0 0.00714739 0.0145814 0.0218037
17.83 0 0.00584298 0.0112473 0.0162251
17.84 0 0.00483781 0.00819398 0.0106978
17.85 0 0.00402776 0.00539298 0.00534277
17.86 0 0.00328789 0.00278933 0.000272979
17.87 0 0.00250666 0.000322957 -0.00439983
17.88 0 0.00160822 -0.00205452 -0.00856862
17.89 0 0.000554726 -0.00437199 -0.0121488
17.9 0 -0.000666269 -0.00664068 -0.0151
17.91 0 -0.00203286 -0.00884297 -0.0174195
17.92 0 -0.00347708 -0.0109234 -0.0191286
17.93 0 -0.00490792 -0.0128062 -0.0202813
17.94 0 -0.0062459 -0.0144196 -0.020972
17.95 0 -0.00742895 -0.0157062 -0.0213179
17.96 0 -0.0083905 -0.0166207 -0.0214223
17.97 0 -0.00905168 -0.0171269 -0.0213482
17.98 0 -0.00934466 -0.0172121 -0.0211266
17.99 0 -0.00923891 -0.0169025 -0.0207804
18 0 -0.00875248 -0.0162495 -0.0203272
18.01 0 -0.00794906 -0.0153031 -0.019769
18.02 0 -0.00692264 -0.0141029 -0.0190853
18.03 0 -0.00577901 -0.0126867 -0.0182334
18.04 0 -0.00461834 -0.0111044 -0.0171569
18.05 0 -0.00351798 -0.00942201 -0.0157945
18.06 0 -0.00252672 -0.00771143 -0.0140927
18.07 0 -0.00167566 -0.00603722 -0.0120237
18.08 0 -0.000994655 -0.00445226 -0.0096072
18.09 0 -0.000516544 -0.00299851 -0.00692014
18.1 0 -0.000263498 -0.00170596 -0.0040851
18.11 0 -0.000229489 -0.000595556 -0.00125031
18.12 0 -0.00037074 0.00031759 0.00142987
18.13 0 -0.000607745 0.00102961 0.00381355
18.14 0 -0.000840721 0.00155783 0.00578472
18.15 0 -0.000968348 0.00195135 0.00726543
18.16 0 -0.000905215 0.00229155 0.00822475
18.17 0 -0.000600212 0.00267175 0.00867729
18.18 0 -4.22242e-05 0.00317139 0.00868252
18.19 0 0.000749 0.00383824 0.00834739
18.2 0 0.00172927 0.0046764 0.0078177
18.21 0 0.00283163 0.00564662 0.00725916
18.22 0 0.00397646 0.00668635 0.00684132
18.23 0 0.00508587 0.0077392 0.00672407
18.24 0 0.00608613 0.00877329 0.0070378
18.25 0 0.00690081 0.00977359 0.00785619
18.26 0 0.00745468 0.0107218 0.00917933
18.27 0 0.00769773 0.0115955 0.0109481
18.28 0 0.00763844 0.0123857 0.0130784
18.29 0 0.00736001 0.0131077 0.0154843
18.3 0 0.00699529 0.013795 0.0180722
18.31 0 0.00667431 0.0144837 0.0207208
18.32 0 0.00648245 0.015201 0.0232746
18.33 0 0.00645454 0.0159644 0.025567
18.34 0 0.00659772 0.0167837 0.0274589
18.35 0 0.00691291 0.0176549 0.028864
18.36 0 0.00739937 0.0185529 0.0297551
18.37 0 0.00805024 0.019436 0.03016
18.38 0 0.00884633 0.0202596 0.0301515
18.39 0 0.00974877 0.0209866 0.0298283
18.4 0 0.0106951 0.0215951 0.0292957
18.41 0 0.0116024 0.0220765 0.0286521
18.42 0 0.0123752 0.0224239 0.0279788
18.43 0 0.0129219 0.0226226 0.0273387
18.44 0 0.013175 0.0226481 0.0267793
18.45 0 0.0131033 0.02247 0.0263328
18.46 0 0.0127149 0.0220574 0.0260103
18.47 0 0.0120494 0.0213871 0.0257908
18.48 0 0.0111596 0.0204529 0.0256132
18.49 0 0.0100983 0.0192761 0.0253802
18.5 0 0.00891869 0.0179064 0.0249757
18.51 0 0.0076814 0.0164104 0.0242889
18.52 0 0.00645743 0.0148533 0.0232336
18.53 0 0.0053312 0.0132866 0.0217638
18.54 0 0.00439702 0.0117495 0.0198823
18.55 0 0.00372959 0.0102734 0.0176307
18.56 0 0.00334871 0.00888288 0.0150708
18.57 0 0.00321448 0.00760016 0.0122811
18.58 0 0.00325269 0.00645106 0.00936901
18.59 0 0.0033855 0.00545962 0.00647677
18.6 0 0.0035451 0.00463034 0.00376684
18.61 0 0.00366261 0.00392592 0.00138489
18.62 0 0.00365615 0.00326341 -0.000574226
18.63 0 0.00344657 0.00254651 -0.00206954
18.64 0 0.00297894 0.00170165 -0.00310703
18.65 0 0.0022275 0.000689033 -0.00374264
18.66 0 0.00119387 -0.000503011 -0.00408395
18.67 0 -8.75232e-05 -0.00186493 -0.00427687
18.68 0 -0.00152667 -0.00335501 -0.00446701
18.69 0 -0.00296477 -0.00487946 -0.00475685
18.7 0 -0.00420827 -0.00629789 -0.00519648
18.71 0 -0.00508753 -0.00745438 -0.00579952
18.72 0 -0.00550157 -0.00822141 -0.00656202
18.73 0 -0.00544167 -0.00854577 -0.00747852
18.74 0 -0.00498316 -0.00846305 -0.00853605
18.75 0 -0.00424961 -0.00807629 -0.00969179
18.76 0 -0.0033833 -0.00752931 -0.0108686
18.77 0 -0.00252893 -0.00697709 -0.011968
18.78 0 -0.00181235 -0.00654547 -0.0128806
18.79 0 -0.00132414 -0.0063022 -0.0135012
18.8 0 -0.00112177 -0.0062592 -0.0137547
18.81 0 -0.00122954 -0.00638983 -0.0136131
18.82 0 -0.00162699 -0.00664298 -0.0130915
18.83 0 -0.00224456 -0.00695567 -0.0122409
18.84 0 -0.00297989 -0.0072687 -0.011147
18.85 0 -0.00372516 -0.00753877 -0.00992861
18.86 0 -0.00438713 -0.00773639 -0.00872249
18.87 0 -0.00489499 -0.00783924 -0.00766243
18.88 0 -0.00519895 -0.00783189 -0.00685902
18.89 0 -0.00526648 -0.00770659 -0.00638331
18.9 0 -0.00508485 -0.00746486 -0.00625962
18.91 0 -0.00467033 -0.00712137 -0.00646995
18.92 0 -0.00407292 -0.00670601 -0.0069626
18.93 0 -0.00336976 -0.00626131 -0.00765984
18.94 0 -0.00265033 -0.00583405 -0.00846323
18.95 0 -0.00199722 -0.00546269 -0.00925766
18.96 0 -0.0014706 -0.00516917 -0.00992097
18.97 0 -0.00110422 -0.00495708 -0.0103407
18.98 0 -0.000909931 -0.00481341 -0.0104319
18.99 0 -0.00088906 -0.00471885 -0.0101562
19 0 -0.00103822 -0.00465898 -0.00953027
19.01 0 -0.00133747 -0.00462183 -0.00861361
19.02 0 -0.00174067 -0.00459273 -0.00749001
19.03 0 -0.00218305 -0.0045565 -0.00625897
19.04 0 -0.00259262 -0.0044957 -0.00502549
19.05 0 -0.00289093 -0.0043763 -0.00387724
19.06 0 -0.00299335 -0.00413563 -0.00286202
19.07 0 -0.00282676 -0.00369492 -0.00198668
19.08 0 -0.00235275 -0.0029856 -0.00122769
19.09 0 -0.00157811 -0.00197057 -0.000537901
19.1 0 -0.000547902 -0.000653265 0.000153029
19.11 0 0.000672506 0.00092807 0.000940019
19.12 0 0.00200752 0.00271 0.00193217
19.13 0 0.00337265 0.00461117 0.00322931
19.14 0 0.00467942 0.00654566 0.00490195
19.15 0 0.00584366 0.00844162 0.00698167
19.16 0 0.00679737 0.0102505 0.00945727
19.17 0 0.00750126 0.0119443 0.0122752
19.18 0 0.00794832 0.0135093 0.0153446
19.19 0 0.00816372 0.0149418 0.0185483
19.2 0 0.008211 0.0162492 0.0217613
19.21 0 0.00818993 0.0174544 0.0248678
19.22 0 0.00821058 0.0185921 0.0277638
19.23 0 0.00836404 0.0197032 0.0303585
19.24 0 0.00870927 0.02083 0.0325801
19.25 0 0.00927028 0.0220077 0.0343835
19.26 0 0.0100371 0.0232506 0.0357526
19.27 0 0.0109731 0.0245394 0.0366991
19.28 0 0.0120302 0.0258222 0.0372652
19.29 0 0.0131578 0.02703 0.0375218
19.3 0 0.0142969 0.0280924 0.037552
19.31 0 0.0153584 0.0289408 0.0374208
19.32 0 0.0162112 0.0295003 0.0371482
19.33 0 0.016712 0.0296989 0.0367206
19.34 0 0.0167629 0.0294932 0.0361304
19.35 0 0.0163488 0.0288759 0.0353944
19.36 0 0.015529 0.0278569 0.034535
19.37 0 0.014405 0.0264579 0.0335546
19.38 0 0.0130878 0.0247267 0.0324263
19.39 0 0.0116744 0.0227459 0.0310969
19.4 0 0.0102405 0.020625 0.0295002
19.41 0 0.00884758 0.0184784 0.0275775
19.42 0 0.00755146 0.0163947 0.0252945
19.43 0 0.00640034 0.0144108 0.0226475
19.44 0 0.00542515 0.012508 0.0196608
19.45 0 0.00463459 0.0106343 0.016385
19.46 0 0.00400625 0.00873298 0.0128862
19.47 0 0.00347197 0.00676114 0.00922923
19.48 0 0.00292321 0.00469276 0.00546808
19.49 0 0.0022401 0.00250942 0.00164857
19.5 0 0.00132852 0.000190344 -0.00218191
19.51 0 0.000147254 -0.00228984 -0.00596866
19.52 0 -0.00128979 -0.00495938 -0.00966054
19.53 0 -0.00293786 -0.00784373 -0.0132345
19.54 0 -0.00474776 -0.0109424 -0.0167058
19.55 0 -0.00666965 -0.0141977 -0.0201096
19.56 0 -0.00865092 -0.0174947 -0.023479
19.57 0 -0.0106413 -0.0207025 -0.0268371
19.58 0 -0.0125859 -0.0237168 -0.0301872
19.59 0 -0.0144078 -0.0264803 -0.0335024
19.6 0 -0.0160109 -0.028975 -0.0367253
19.61 0 -0.0173022 -0.0311948 -0.0397777
19.62 0 -0.0182219 -0.0331203 -0.0425818
19.63 0 -0.0187767 -0.034723 -0.0450892
19.64 0 -0.0190505 -0.0359904 -0.0472972
19.65 0 -0.0191706 -0.0369406 -0.0492293
19.66 0 -0.0192542 -0.0376236 -0.0509002
19.67 0 -0.0193667 -0.0381123 -0.0522937
19.68 0 -0.0195111 -0.0384808 -0.0533601
19.69 0 -0.0196557 -0.0387819 -0.0540416
19.7 0 -0.0197689 -0.0390259 -0.0542969
19.71 0 -0.0198337 -0.0391685 -0.0541113
19.72 0 -0.0198472 -0.0391269 -0.0534964
19.73 0 -0.0198117 -0.0388188 -0.0524873
19.74 0 -0.0197227 -0.038202 -0.051134
19.75 0 -0.019555 -0.0372863 -0.0494863
19.76 0 -0.019262 -0.0361178 -0.0475832
19.77 0 -0.0187955 -0.0347515 -0.0454569
19.78 0 -0.0181314 -0.0332268 -0.043142
19.79 0 -0.0172838 -0.0315573 -0.0406819
19.8 0 -0.0162997 -0.0297386 -0.0381256
19.81 0 -0.0152368 -0.0277678 -0.0355174
19.82 0 -0.0141383 -0.0256605 -0.0328837
19.83 0 -0.0130159 -0.0234534 -0.0302248
19.84 0 -0.0118544 -0.0211935 -0.02752
19.85 0 -0.0106339 -0.0189216 -0.0247438
19.86 0 -0.00935052 -0.0166573 -0.0218812
19.87 0 -0.00802376 -0.0143974 -0.0189356
19.88 0 -0.0066908 -0.0121271 -0.0159276
19.89 0 -0.00539135 -0.00983671 -0.0128877
19.9 0 -0.00415167 -0.00753123 -0.00984491
19.91 0 -0.00297986 -0.00523134 -0.00681878
19.92 0 -0.00186941 -0.00296575 -0.00381735
19.93 0 -0.000803906 -0.000763134 -0.000842956
19.94 0 0.000231431 0.00135617 0.00209843
19.95 0 0.00123744 0.00338712 0.00499131
19.96 0 0.00220276 0.00533864 0.00781217
19.97 0 0.00311628 0.00722527 0.0105366
19.98 0 0.00397599 0.0090561 0.0131448
19.99 0 0.00478505 0.0108204 0.0156167
20 0 0.00554039 0.0124782 0.0179203
20.01 0 0.00623506 0.0139784 0.0200181
20.02 0 0.00687732 0.0152992 0.0218927
20.03 0 0.00749564 0.016468 0.0235573
20.04 0 0.00811903 0.0175409 0.0250382
20.05 0 0.00876315 0.018573 0.0263586
20.06 0 0.00943493 0.0196014 0.0275388
20.07 0 0.0101437 0.020649 0.0286089
20.08 0 0.0109022 0.0217291 0.0296115
20.09 0 0.0117134 0.0228423 0.03059
20.1 0 0.0125649 0.0239785 0.03158
20.11 0 0.013433 0.0251268 0.0326111
20.12 0 0.0142894 0.0262802 0.0337072
20.13 0 0.0151069 0.0274354 0.0348876
20.14 0 0.0158661 0.028592 0.0361679
20.15 0 0.0165567 0.0297478 0.0375578
20.16 0 0.0171676 0.0308864 0.039049
20.17 0 0.017676 0.0319688 0.0406039
20.18 0 0.0180594 0.0329471 0.0421668
20.19 0 0.0183114 0.0337857 0.0436819
20.2 0 0.0184381 0.0344614 0.0450922
20.21 0 0.0184467 0.0349551 0.0463323
20.22 0 0.0183454 0.0352479 0.0473303
20.23 0 0.0181448 0.0353226 0.0480148
20.24 0 0.0178579 0.0351661 0.0483207
20.25 0 0.0174981 0.03477 0.0481936
20.26 0 0.0170756 0.0341295 0.0475921
20.27 0 0.016596 0.0332417 0.04649
20.28 0 0.0160647 0.032111 0.044884
20.29 0 0.0154896 0.0307519 0.0427975
20.3 0 0.0148743 0.0291824 0.0402729
20.31 0 0.0142076 0.027414 0.0373599
20.32 0 0.0134622 0.0254448 0.0341076
20.33 0 0.0126015 0.0232632 0.0305655
20.34 0 0.0115881 0.0208539 0.0267838
20.35 0 0.0103862 0.0182019 0.0228089
20.36 0 0.00896504 0.0152963 0.0186772
20.37 0 0.0073074 0.0121358 0.0144167
20.38 0 0.00541634 0.0087348 0.0100513
20.39 0 0.00331887 0.00512241 0.00560193
20.4 0 0.00107123 0.00133383 0.00108263
20.41 0 -0.00124222 -0.00259322 -0.00350429
20.42 0 -0.00353068 -0.0066099 -0.00817018
20.43 0 -0.00573016 -0.0106456 -0.0129373
20.44 0 -0.00781843 -0.0146135 -0.0178278
20.45 0 -0.0098061 -0.0184356 -0.0228473
20.46 0 -0.0117155 -0.0220727 -0.0279699
20.47 0 -0.0135512 -0.0255365 -0.0331314
20.48 0 -0.0152883 -0.028868 -0.0382357
20.49 0 -0.0168894 -0.032099 -0.0431723
20.5 0 -0.0183342 -0.0352256 -0.0478403
20.51 0 -0.0196349 -0.0382031 -0.0521621
20.52 0 -0.0208262 -0.0409564 -0.056081
20.53 0 -0.0219439 -0.0434054 -0.0595516
20.54 0 -0.0230085 -0.0454983 -0.0625356
20.55 0 -0.0240197 -0.0472306 -0.0650019
20.56 0 -0.0249541 -0.0486356 -0.0669243
20.57 0 -0.0257742 -0.0497573 -0.0682839
20.58 0 -0.0264455 -0.0506258 -0.069079
20.59 0 -0.0269508 -0.051241 -0.0693328
20.6 0 -0.02729 -0.0515722 -0.0690917
20.61 0 -0.0274688 -0.0515726 -0.0684139
20.62 0 -0.0274835 -0.0512027 -0.0673552
20.63 0 -0.0273126 -0.0504478 -0.0659583
20.64 0 -0.0269203 -0.0493205 -0.0642489
20.65 0 -0.0262741 -0.04785 -0.0622393
20.66 0 -0.0253615 -0.046066 -0.0599358
20.67 0 -0.0241997 -0.0439896 -0.0573437
20.68 0 -0.0228324 -0.0416335 -0.05447
20.69 0 -0.021316 -0.0390127 -0.0513204
20.7 0 -0.0197018 -0.0361536 -0.0478965
20.71 0 -0.0180254 -0.0330974 -0.0441946
20.72 0 -0.0163058 -0.0298947 -0.0402102
20.73 0 -0.0145525 -0.0265941 -0.0359459
20.74 0 -0.0127736 -0.0232307 -0.0314189
20.75 0 -0.0109811 -0.0198206 -0.0266637
20.76 0 -0.00918798 -0.0163644 -0.0217311
20.77 0 -0.00740104 -0.012859 -0.0166833
20.78 0 -0.00561464 -0.00930819 -0.0115869
20.79 0 -0.00381165 -0.00572613 -0.00650581
20.8 0 -0.00197865 -0.00213246 -0.00149805
20.81 0 -0.000123651 0.00145207 0.00338504
20.82 0 0.00172445 0.00500311 0.00810119
20.83 0 0.00352925 0.00848814 0.0126218
20.84 0 0.00526601 0.011866 0.0169364
20.85 0 0.00693212 0.0150917 0.02105
20.86 0 0.00853608 0.0181255 0.0249701
20.87 0 0.0100855 0.0209422 0.0286938
20.88 0 0.0115818 0.0235399 0.0322027
20.89 0 0.013011 0.0259424 0.0354665
20.9 0 0.0143472 0.0281842 0.0384533
20.91 0 0.0155687 0.0302875 0.0411411
20.92 0 0.016669 0.0322481 0.0435225
20.93 0 0.0176574 0.0340365 0.045605
20.94 0 0.018547 0.0356092 0.0474017
20.95 0 0.0193386 0.0369235 0.0489186
20.96 0 0.0200125 0.0379514 0.050148
20.97 0 0.0205324 0.0386839 0.0510706
20.98 0 0.0208563 0.0391246 0.051661
20.99 0 0.0209514 0.039277 0.0518962
21 0 0.0208072 0.0391347 0.0517619
21.01 0 0.0204404 0.0386782 0.0512528
21.02 0 0.019887 0.0378829 0.0503668
21.03 0 0.0191842 0.0367338 0.0490967
21.04 0 0.0183556 0.0352386 0.0474262
21.05 0 0.0174091 0.033429 0.0453327
21.06 0 0.0163446 0.0313509 0.0427963
21.07 0 0.0151642 0.0290468 0.0398091
21.08 0 0.0138793 0.0265416 0.0363813
21.09 0 0.0125099 0.0238403 0.0325431
21.1 0 0.0110748 0.0209364 0.0283404
21.11 0 0.00958101 0.0178279 0.0238289
21.12 0 0.00801935 0.0145297 0.0190683
21.13 0 0.00636897 0.0110723 0.0141188
21.14 0 0.00460632 0.00749157 0.0090408
21.15 0 0.00272169 0.00381656 0.00389538
21.16 0 0.000736743 6.38435e-05 -0.0012555
21.17 0 -0.00129598 -0.00375437 -0.00635449
21.18 0 -0.00331361 -0.00761192 -0.0113568
21.19 0 -0.00527055 -0.0114539 -0.0162359
21.2 0 -0.00715231 -0.0151986 -0.0209808
21.21 0 -0.00896579 -0.018759 -0.0255822
21.22 0 -0.0107218 -0.0220726 -0.0300198
21.23 0 -0.0124225 -0.0251239 -0.0342615
21.24 0 -0.0140557 -0.0279475 -0.0382703
21.25 0 -0.0155958 -0.0306002 -0.0420058
21.26 0 -0.0170138 -0.0331206 -0.0454259
21.27 0 -0.018293 -0.0355066 -0.0484985
21.28 0 -0.0194402 -0.0377181 -0.0512117
21.29 0 -0.0204785 -0.0396944 -0.0535702
21.3 0 -0.0214268 -0.0413793 -0.0555829
21.31 0 -0.0222824 -0.0427403 -0.0572498
21.32 0 -0.0230158 -0.0437755 -0.0585572
21.33 0 -0.0235821 -0.0445055 -0.0594837
21.34 0 -0.0239447 -0.0449602 -0.060016
21.35 0 -0.0240936 -0.0451639 -0.0601614
21.36 0 -0.0240476 -0.0451236 -0.0599468
21.37 0 -0.0238451 -0.044829 -0.0594095
21.38 0 -0.0235297 -0.0442677 -0.0585864
21.39 0 -0.0231327 -0.0434436 -0.0575046
21.4 0 -0.0226628 -0.0423851 -0.0561769
21.41 0 -0.0221092 -0.0411372 -0.0546034
21.42 0 -0.0214548 -0.0397429 -0.0527796
21.43 0 -0.0206926 -0.0382266 -0.0507061
21.44 0 -0.0198326 -0.0365879 -0.0483941
21.45 0 -0.0188981 -0.0348088 -0.0458639
21.46 0 -0.0179129 -0.0328697 -0.0431394
21.47 0 -0.0168875 -0.0307643 -0.0402401
21.48 0 -0.015815 -0.0285059 -0.0371781
21.49 0 -0.0146763 -0.0261226 -0.0339611
21.5 0 -0.0134525 -0.0236451 -0.0305979
21.51 0 -0.0121353 -0.0210935 -0.0271051
21.52 0 -0.0107303 -0.0184723 -0.0235095
21.53 0 -0.00925272 -0.0157755 -0.0198456
21.54 0 -0.00771881 -0.0129989 -0.0161472
21.55 0 -0.00613911 -0.0101498 -0.0124415
21.56 0 -0.00451721 -0.00724839 -0.00874682
21.57 0 -0.00285838 -0.00432172 -0.00507512
21.58 0 -0.00118525 -0.00139521 -0.00143549
21.59 0 0.000459641 0.0015094 0.00216428
21.6 0 0.00202752 0.00436789 0.00571878
21.61 0 0.00347891 0.00714728 0.00922563
21.62 0 0.00479519 0.00980475 0.0126832
21.63 0 0.00598007 0.012295 0.0160846
21.64 0 0.00704771 0.0145846 0.0194101
21.65 0 0.00800832 0.0166626 0.0226221
21.66 0 0.00886698 0.0185409 0.0256672
21.67 0 0.0096316 0.0202436 0.0284842
21.68 0 0.0103158 0.0217949 0.0310145
21.69 0 0.0109383 0.0232101 0.0332121
21.7 0 0.0115219 0.02449 0.0350493
21.71 0 0.0120902 0.0256226 0.0365164
21.72 0 0.0126593 0.0265902 0.0376166
21.73 0 0.0132301 0.0273788 0.038361
21.74 0 0.0137845 0.0279824 0.0387651
21.75 0 0.0142886 0.0284023 0.0388479
21.76 0 0.0147013 0.0286409 0.0386339
21.77 0 0.0149838 0.0286949 0.0381543
21.78 0 0.0151069 0.0285522 0.0374467
21.79 0 0.0150526 0.0281941 0.0365508
21.8 0 0.0148141 0.0276014 0.0355032
21.81 0 0.0143949 0.0267626 0.0343303
21.82 0 0.0138052 0.0256805 0.0330435
21.83 0 0.0130589 0.0243747 0.0316379
21.84 0 0.012174 0.022878 0.0300949
21.85 0 0.0111751 0.0212287 0.0283894
21.86 0 0.0100951 0.0194631 0.0264966
21.87 0 0.0089727 0.0176114 0.0243981
21.88 0 0.00784765 0.0156956 0.0220854
21.89 0 0.00675359 0.013731 0.0195615
21.9 0 0.0057117 0.0117297 0.0168401
21.91 0 0.00472977 0.00970249 0.013945
21.92 0 0.00380583 0.00765924 0.0109085
21.93 0 0.00292963 0.00560933 0.0077703
21.94 0 0.00208314 0.00356201 0.00457538
21.95 0 0.00124375 0.00152537 0.00137245
21.96 0 0.000390713 -0.000495347 -0.00178795
21.97 0 -0.000487979 -0.00249819 -0.00485608
21.98 0 -0.00139431 -0.00448146 -0.00778709
21.99 0 -0.00232424 -0.0064385 -0.0105454
22 0 -0.0032707 -0.00835408 -0.0131076
22.01 0 -0.00422361 -0.0102048 -0.0154625
22.02 0 -0.00517075 -0.0119618 -0.0176089
22.03 0 -0.0060977 -0.0135961 -0.0195514
22.04 0 -0.00698295 -0.0150849 -0.0212959
22.05 0 -0.00779749 -0.0164143 -0.0228466
22.06 0 -0.00851398 -0.0175766 -0.0242062
22.07 0 -0.00911507 -0.0185657 -0.0253764
22.08 0 -0.00959257 -0.0193758 -0.0263584
22.09 0 -0.00994345 -0.0200014 -0.0271519
22.1 0 -0.0101681 -0.0204392 -0.0277548
22.11 0 -0.0102694 -0.0206882 -0.0281626
22.12 0 -0.0102525 -0.0207505 -0.0283686
22.13 0 -0.0101262 -0.02063 -0.0283646
22.14 0 -0.00990352 -0.0203324 -0.0281413
22.15 0 -0.00959988 -0.0198649 -0.02769
22.16 0 -0.00923051 -0.0192367 -0.0270023
22.17 0 -0.00880809 -0.0184594 -0.0260723
22.18 0 -0.00834171 -0.017545 -0.0248977
22.19 0 -0.00783664 -0.0165051 -0.0234817
22.2 0 -0.0072949 -0.0153497 -0.0218346
22.21 0 -0.00671664 -0.0140862 -0.0199736
22.22 0 -0.00610218 -0.012719 -0.0179228
22.23 0 -0.00545204 -0.0112512 -0.0157109
22.24 0 -0.00476485 -0.00968735 -0.0133686
22.25 0 -0.00403683 -0.00803536 -0.0109264
22.26 0 -0.00326271 -0.00630716 -0.00841269
22.27 0 -0.00243822 -0.00451732 -0.005854
22.28 0 -0.00156369 -0.00268083 -0.00327478
22.29 0 -0.00065158 -0.000815493 -0.000701563
22.3 0 0.000274504 0.00105707 0.00183782
22.31 0 0.00119378 0.00291611 0.00432338
22.32 0 0.00209253 0.00474035 0.0067431
22.33 0 0.00296027 0.00650578 0.00908754
22.34 0 0.00378835 0.00818921 0.0113473
22.35 0 0.00456988 0.00977145 0.0135109
22.36 0 0.00529883 0.0112396 0.015563
