0.01 0 -1.87098e-06 -2.01349e-06 -1.96098e-06
0.02 0 -9.01836e-06 -1.01584e-05 -9.7682e-06
0.03 0 -2.21759e-05 -2.66978e-05 -2.53166e-05
0.04 0 -3.96667e-05 -5.17656e-05 -4.86856e-05
0.05 0 -5.99509e-05 -8.49421e-05 -8.02872e-05
0.06 0 -8.20127e-05 -0.000125081 -0.000120867
0.07 0 -0.000105354 -0.000170544 -0.000171283
0.08 0 -0.000129691 -0.000219709 -0.000232148
0.09 0 -0.000154621 -0.000271466 -0.000303498
0.1 0 -0.000179506 -0.000325419 -0.000384644
0.11 0 -0.000203672 -0.00038171 -0.000474256
0.12 0 -0.000226783 -0.000440618 -0.000570605
0.13 0 -0.000249134 -0.00050219 -0.000671836
0.14 0 -0.000271646 -0.000566107 -0.000776147
0.15 0 -0.000295542 -0.000631809 -0.000881836
0.16 0 -0.000321854 -0.00069875 -0.000987255
0.17 0 -0.00035104 -0.000766588 -0.00109079
0.18 0 -0.000382861 -0.000835168 -0.00119095
0.19 0 -0.000416553 -0.000904311 -0.0012865
0.2 0 -0.000451151 -0.000973536 -0.00137669
0.21 0 -0.000485752 -0.00104188 -0.00146129
0.22 0 -0.000519597 -0.00110797 -0.00154051
0.23 0 -0.000551959 -0.00117024 -0.00161478
0.24 0 -0.000581968 -0.0012273 -0.00168442
0.25 0 -0.000608563 -0.00127815 -0.00174949
0.26 0 -0.000630674 -0.00132226 -0.00180971
0.27 0 -0.00064752 -0.00135942 -0.00186453
0.28 0 -0.000658842 -0.0013895 -0.00191324
0.29 0 -0.000664983 -0.00141234 -0.00195494
0.3 0 -0.000666762 -0.0014278 -0.00198866
0.31 0 -0.000665188 -0.00143587 -0.00201336
0.32 0 -0.000661166 -0.00143681 -0.00202788
0.33 0 -0.000655344 -0.00143116 -0.00203116
0.34 0 -0.000648066 -0.00141953 -0.00202228
0.35 0 -0.000639405 -0.00140231 -0.00200061
0.36 0 -0.000629613 -0.00137987 -0.00196631
0.37 0 -0.000619743 -0.00135325 -0.00192095
0.38 0 -0.00061076 -0.00132361 -0.00186685
0.39 0 -0.000602024 -0.001291 -0.00180545
0.4 0 -0.000591748 -0.00125463 -0.00173761
0.41 0 -0.000578039 -0.00121346 -0.00166412
0.42 0 -0.00055957 -0.00116645 -0.00158595
0.43 0 -0.000536739 -0.00111385 -0.00150516
0.44 0 -0.000512091 -0.00105817 -0.00142534
0.45 0 -0.000488523 -0.00100318 -0.00135019
0.46 0 -0.000464903 -0.000949496 -0.00127926
0.47 0 -0.000435066 -0.000892257 -0.00120647
0.48 0 -0.000395226 -0.00082667 -0.00112675
0.49 0 -0.000348831 -0.000752797 -0.00104068
0.5 0 -0.0003024 -0.000673606 -0.000951219
0.51 0 -0.000260183 -0.000592252 -0.000859647
0.52 0 -0.000222408 -0.000511098 -0.000764546
0.53 0 -0.000187694 -0.000432582 -0.000664187
0.54 0 -0.000156104 -0.000359826 -0.000559178
0.55 0 -0.000129004 -0.000295013 -0.000452107
0.56 0 -0.000104888 -0.000235207 -0.000343309
0.57 0 -7.95149e-05 -0.000173357 -0.000230778
0.58 0 -5.61436e-05 -0.000110253 -0.000120282
0.59 0 -4.47043e-05 -5.64869e-05 -2.52069e-05
0.6 0 -4.32645e-05 -1.53076e-05 5.13849e-05
0.61 0 -3.28479e-05 2.59594e-05 0.000123341
0.62 0 1.01027e-06 8.05805e-05 0.000202878
0.63 0 5.19501e-05 0.000148369 0.000285884
0.64 0 0.00010163 0.000219636 0.000359165
0.65 0 0.000132737 0.000280283 0.000410008
0.66 0 0.000143557 0.000322553 0.000438275
0.67 0 0.000148297 0.000349567 0.000457204
0.68 0 0.000152103 0.000358732 0.000470717
0.69 0 0.00014642 0.000341669 0.000469854
0.7 0 0.000119737 0.000292562 0.00044233
0.71 0 6.06088e-05 0.000204728 0.000373351
0.72 0 -2.68046e-05 8.11551e-05 0.000259843
0.73 0 -0.000119649 -6.11182e-05 0.000115099
0.74 0 -0.000203985 -0.00021275 -5.52405e-05
0.75 0 -0.000277933 -0.000371256 -0.000253684
0.76 0 -0.000332624 -0.000521782 -0.000470729
0.77 0 -0.000359371 -0.00064586 -0.000691399
0.78 0 -0.000365482 -0.000740616 -0.000911477
0.79 0 -0.000371574 -0.000821542 -0.0011374
0.8 0 -0.000392702 -0.00090754 -0.00137102
0.81 0 -0.000422075 -0.00100184 -0.00159503
0.82 0 -0.00043711 -0.00108828 -0.00177754
0.83 0 -0.000428963 -0.00115187 -0.00189907
0.84 0 -0.000428116 -0.00120664 -0.00197914
0.85 0 -0.000477598 -0.00128335 -0.00205567
0.86 0 -0.000567642 -0.00137607 -0.00212467
0.87 0 -0.000630906 -0.00143138 -0.00213208
0.88 0 -0.000635555 -0.00142413 -0.00205773
0.89 0 -0.000640574 -0.00140881 -0.00196776
0.9 0 -0.000702996 -0.00144158 -0.00192856
0.91 0 -0.00078032 -0.00149167 -0.00191334
0.92 0 -0.000781845 -0.00147908 -0.0018458
0.93 0 -0.00068855 -0.00137608 -0.00170884
0.94 0 -0.00057571 -0.00123486 -0.00156713
0.95 0 -0.000491799 -0.00109034 -0.00145632
0.96 0 -0.000396445 -0.000909386 -0.00132689
0.97 0 -0.00026959 -0.000688662 -0.00115031
0.98 0 -0.000168787 -0.00050019 -0.00097509
0.99 0 -0.000146689 -0.000409531 -0.000850209
1 0 -0.000174633 -0.000399112 -0.000752723
1.01 0 -0.000155686 -0.000368076 -0.000594417
1.02 0 -2.02854e-05 -0.000213747 -0.000305295
1.03 0 0.000169567 5.30607e-05 6.5262e-05
1.04 0 0.000253586 0.000297636 0.00036666
1.05 0 0.000169742 0.000418886 0.000523481
1.06 0 5.48307e-05 0.000467421 0.000636624
1.07 0 8.217e-05 0.000554621 0.000847112
1.08 0 0.000244526 0.00069077 0.00114304
1.09 0 0.000386891 0.000798427 0.00138787
1.1 0 0.000458637 0.000897409 0.00154978
1.11 0 0.000554483 0.00110359 0.0017321
1.12 0 0.000724226 0.0014449 0.00199011
1.13 0 0.000931322 0.00184417 0.00229701
1.14 0 0.00111841 0.00220393 0.00260803
1.15 0 0.00125432 0.00246671 0.00290254
1.16 0 0.0013902 0.00268384 0.00323948
1.17 0 0.00161168 0.00297877 0.00371624
1.18 0 0.00190337 0.00340257 0.00433729
1.19 0 0.00213899 0.00388181 0.0049937
1.2 0 0.00221792 0.00430529 0.00557942
1.21 0 0.0021737 0.00462455 0.00609096
1.22 0 0.0021243 0.00485508 0.00659139
1.23 0 0.00212892 0.00500196 0.00709105
1.24 0 0.00217055 0.00507235 0.00754362
1.25 0 0.00222987 0.0051249 0.00791805
1.26 0 0.00227735 0.00520739 0.00818113
1.27 0 0.00227271 0.00530492 0.00828639
1.28 0 0.00220632 0.00536195 0.00820968
1.29 0 0.00211645 0.00532663 0.00797111
1.3 0 0.00208034 0.00520172 0.00764056
1.31 0 0.0021632 0.00504957 0.00730307
1.32 0 0.00235052 0.00493673 0.00699668
1.33 0 0.0025294 0.00486798 0.00667986
1.34 0 0.00256017 0.0047783 0.00627444
1.35 0 0.00238321 0.0045844 0.00574666
1.36 0 0.00206415 0.00424423 0.00514815
1.37 0 0.00173438 0.00377494 0.00457579
1.38 0 0.00147648 0.00322171 0.00408432
1.39 0 0.00125828 0.00261704 0.00363291
1.4 0 0.000989755 0.00198675 0.00313214
1.41 0 0.000641245 0.00138533 0.00254312
1.42 0 0.00026787 0.000869459 0.00189374
1.43 0 -6.99231e-05 0.000427787 0.00120771
1.44 0 -0.000357232 -2.07014e-05 0.000469042
1.45 0 -0.00058269 -0.000529646 -0.000323612
1.46 0 -0.000705093 -0.00105448 -0.0011152
1.47 0 -0.000715169 -0.00151088 -0.00185364
1.48 0 -0.000675993 -0.00185456 -0.00253951
1.49 0 -0.000667596 -0.00208916 -0.00319055
1.5 0 -0.000733944 -0.00225863 -0.00380736
1.51 0 -0.000858662 -0.00241837 -0.00435545
1.52 0 -0.000967998 -0.00258506 -0.00475931
1.53 0 -0.00101549 -0.00275595 -0.00497128
1.54 0 -0.0010568 -0.00295685 -0.0050402
1.55 0 -0.00118318 -0.0032074 -0.00505565
1.56 0 -0.00140768 -0.00346512 -0.00504991
1.57 0 -0.00165907 -0.00365408 -0.00499548
1.58 0 -0.00186235 -0.00373933 -0.00487439
1.59 0 -0.00198321 -0.00374154 -0.00470649
1.6 0 -0.00201656 -0.00369563 -0.00452592
1.61 0 -0.0019756 -0.00362435 -0.00436483
1.62 0 -0.00187487 -0.00352376 -0.00423704
1.63 0 -0.0017149 -0.003362 -0.00412609
1.64 0 -0.00150514 -0.00311918 -0.00401258
1.65 0 -0.00128572 -0.00282378 -0.00390209
1.66 0 -0.00110142 -0.00253427 -0.00380706
1.67 0 -0.000951257 -0.00228095 -0.00370145
1.68 0 -0.000803754 -0.00205767 -0.00353435
1.69 0 -0.000666651 -0.00187082 -0.00329646
1.7 0 -0.000540829 -0.00169204 -0.00297481
1.71 0 -0.000378016 -0.00142831 -0.00251147
1.72 0 -0.000181396 -0.00104091 -0.00190436
1.73 0 -2.31282e-05 -0.000588641 -0.00123013
1.74 0 4.94245e-05 -0.000153657 -0.000559151
1.75 0 6.99028e-05 0.000225478 0.000100336
1.76 0 0.000139154 0.000583938 0.000802125
1.77 0 0.00033666 0.000989733 0.00159354
1.78 0 0.000636567 0.00146994 0.00244156
1.79 0 0.000929666 0.00199044 0.00324558
1.8 0 0.00112384 0.00249284 0.00391735
1.81 0 0.0012231 0.00294117 0.00444688
1.82 0 0.00130857 0.00332908 0.00488918
1.83 0 0.00144348 0.00364689 0.00528726
1.84 0 0.00162578 0.00388199 0.00563859
1.85 0 0.00181926 0.00405224 0.00592633
1.86 0 0.00198365 0.00419799 0.00613885
1.87 0 0.00209014 0.00434739 0.00627173
1.88 0 0.00213601 0.00449959 0.00633366
1.89 0 0.00214311 0.00462756 0.00634484
1.9 0 0.0021415 0.00469664 0.00632805
1.91 0 0.00214644 0.00468329 0.00629499
1.92 0 0.0021422 0.00458035 0.00623419
1.93 0 0.00209254 0.00439668 0.00611761
1.94 0 0.00197568 0.00415909 0.00592696
1.95 0 0.00180442 0.00390219 0.00566767
1.96 0 0.00160205 0.00363457 0.00534532
1.97 0 0.00139446 0.00334352 0.00496363
1.98 0 0.00121566 0.00302637 0.00453867
1.99 0 0.00106596 0.00267129 0.00406404
2 0 0.000907849 0.00225618 0.00350703
2.01 0 0.00071676 0.00178349 0.00285338
2.02 0 0.000501396 0.0012825 0.00212215
2.03 0 0.000289976 0.000788533 0.00135136
2.04 0 0.000111567 0.000329304 0.000582525
2.05 0 -2.32241e-05 -8.47322e-05 -0.000155233
2.06 0 -0.000131924 -0.000464937 -0.000854695
2.07 0 -0.000234949 -0.000821516 -0.00150901
2.08 0 -0.000330041 -0.00114198 -0.00209025
2.09 0 -0.000416454 -0.00141686 -0.00257594
2.1 0 -0.000520425 -0.00166766 -0.00297715
2.11 0 -0.000660565 -0.00191661 -0.00330785
2.12 0 -0.000829553 -0.00216823 -0.00356844
2.13 0 -0.00103094 -0.00244101 -0.0037813
2.14 0 -0.00128343 -0.00276844 -0.00399405
2.15 0 -0.00158169 -0.00315953 -0.00423934
2.16 0 -0.00187851 -0.00357699 -0.00451214
2.17 0 -0.0021276 -0.00397316 -0.00480377
2.18 0 -0.00232748 -0.00433411 -0.00513903
2.19 0 -0.00250179 -0.00467161 -0.00555591
2.2 0 -0.00265646 -0.00499284 -0.00606536
2.21 0 -0.00275199 -0.00527076 -0.00662247
2.22 0 -0.00271894 -0.00544063 -0.00713481
2.23 0 -0.00253645 -0.00545932 -0.00753387
2.24 0 -0.00228812 -0.00536604 -0.00783505
2.25 0 -0.00205267 -0.00520137 -0.00804492
2.26 0 -0.00182948 -0.00495403 -0.00810181
2.27 0 -0.00165842 -0.00468028 -0.00800309
2.28 0 -0.00160028 -0.00447545 -0.00779202
2.29 0 -0.00161936 -0.00434026 -0.00744274
2.3 0 -0.00166294 -0.00423678 -0.00693294
2.31 0 -0.00175982 -0.00418007 -0.00633607
2.32 0 -0.00194083 -0.00418041 -0.00574322
2.33 0 -0.00215437 -0.00418392 -0.00517863
2.34 0 -0.00230695 -0.00411581 -0.00462908
2.35 0 -0.00232115 -0.00392148 -0.00408369
2.36 0 -0.00216978 -0.00358349 -0.00355289
2.37 0 -0.00188312 -0.00312576 -0.00307022
2.38 0 -0.00150091 -0.00257561 -0.00264859
2.39 0 -0.00103184 -0.00193214 -0.0022468
2.4 0 -0.000492433 -0.00120454 -0.00181405
2.41 0 5.78698e-05 -0.000445112 -0.0013332
2.42 0 0.00055744 0.000289222 -0.000792177
2.43 0 0.000961608 0.00095333 -0.000177498
2.44 0 0.00122352 0.00149374 0.000496336
2.45 0 0.00132758 0.00188242 0.00121355
2.46 0 0.00131653 0.00214939 0.00198462
2.47 0 0.00121962 0.00231809 0.00278132
2.48 0 0.00103406 0.00238385 0.00352485
2.49 0 0.000810554 0.00239026 0.00417799
2.5 0 0.000650209 0.0024275 0.0047554
2.51 0 0.000625602 0.00256425 0.00526266
2.52 0 0.000746543 0.00281782 0.00567474
2.53 0 0.00097696 0.00316232 0.00595501
2.54 0 0.0012641 0.00354443 0.00607827
2.55 0 0.00157713 0.003918 0.0060612
2.56 0 0.00193431 0.00428503 0.00598531
2.57 0 0.00234357 0.00465906 0.00593676
2.58 0 0.00274265 0.00501317 0.00594066
2.59 0 0.00303998 0.00530131 0.00598579
2.6 0 0.00316411 0.00547637 0.00605395
2.61 0 0.00307843 0.00548666 0.00612094
2.62 0 0.00280785 0.00530921 0.00618074
2.63 0 0.002424 0.0049629 0.00623975
2.64 0 0.00197188 0.0044653 0.00625914
2.65 0 0.00147186 0.00384305 0.00616945
2.66 0 0.000974554 0.00317263 0.0059343
2.67 0 0.00054443 0.00254409 0.00554337
2.68 0 0.00022254 0.00200946 0.0049854
2.69 0 2.54479e-05 0.00157674 0.00425479
2.7 0 -4.61056e-05 0.00122525 0.00336466
2.71 0 -6.07793e-06 0.000922442 0.00234893
2.72 0 0.000123258 0.000646869 0.00126558
2.73 0 0.000327559 0.00041398 0.000205996
2.74 0 0.000559442 0.000230733 -0.000757435
2.75 0 0.000658463 -1.2194e-05 -0.00167292
2.76 0 0.000466569 -0.000466872 -0.00262468
2.77 0 2.15085e-05 -0.00114708 -0.0035588
2.78 0 -0.000513174 -0.00195455 -0.00434341
2.79 0 -0.00100036 -0.00276774 -0.00489298
2.8 0 -0.0013889 -0.00347669 -0.00520593
2.81 0 -0.00171988 -0.00402613 -0.0053673
2.82 0 -0.00205517 -0.00441581 -0.00548759
2.83 0 -0.00241222 -0.00468828 -0.00564702
2.84 0 -0.00275206 -0.0049117 -0.00587937
2.85 0 -0.00297685 -0.00511461 -0.00615009
2.86 0 -0.0029614 -0.00523387 -0.00636031
2.87 0 -0.00266995 -0.00518215 -0.00644396
2.88 0 -0.00223957 -0.00495999 -0.00645719
2.89 0 -0.001893 -0.0046663 -0.00652673
2.9 0 -0.00177565 -0.00443131 -0.00672988
2.91 0 -0.00184959 -0.00432628 -0.00700868
2.92 0 -0.0019187 -0.00430428 -0.00717836
2.93 0 -0.00176623 -0.00421141 -0.00702496
2.94 0 -0.00136489 -0.00392842 -0.00648619
2.95 0 -0.000982467 -0.0035365 -0.0057709
2.96 0 -0.00089207 -0.00317951 -0.00512103
2.97 0 -0.00106523 -0.002866 -0.00454464
2.98 0 -0.00128684 -0.00255445 -0.00392055
2.99 0 -0.00137032 -0.00223876 -0.00316716
3 0 -0.00120876 -0.00187592 -0.00224813
3.01 0 -0.00074815 -0.00131705 -0.00112182
3.02 0 -6.87804e-05 -0.000447198 0.000172704
3.03 0 0.000549378 0.000614032 0.0014144
3.04 0 0.000899636 0.00165453 0.00242351
3.05 0 0.00110199 0.00261035 0.00329595
3.06 0 0.00143904 0.00353675 0.00427284
3.07 0 0.0020275 0.00445185 0.00546394
3.08 0 0.00270616 0.00528715 0.00675271
3.09 0 0.00324482 0.00600873 0.00797296
3.1 0 0.00355643 0.00668129 0.00907368
3.11 0 0.00371978 0.00740034 0.0101198
3.12 0 0.00388394 0.00821072 0.0112094
3.13 0 0.00412644 0.00904824 0.012361
3.14 0 0.00442006 0.00979055 0.0135032
3.15 0 0.00473063 0.0103944 0.014579
3.16 0 0.00507561 0.0109453 0.0156025
3.17 0 0.00549005 0.011584 0.0166211
3.18 0 0.00599573 0.0124237 0.0176803
3.19 0 0.00658054 0.0134879 0.0187975
3.2 0 0.00719324 0.0146911 0.0199514
3.21 0 0.00781484 0.0159301 0.0211494
3.22 0 0.00855075 0.0172303 0.0225228
3.23 0 0.0095325 0.0187002 0.0242344
3.24 0 0.010716 0.0203472 0.0262738
3.25 0 0.0119185 0.0220871 0.0284912
3.26 0 0.0129988 0.0238635 0.0307662
3.27 0 0.013936 0.0256712 0.0330737
3.28 0 0.0147743 0.0274933 0.0354283
3.29 0 0.0155403 0.029253 0.037809
3.3 0 0.0162387 0.0308595 0.0401648
3.31 0 0.0168975 0.0322931 0.0424666
3.32 0 0.0175895 0.0336424 0.0447362
3.33 0 0.0183459 0.0350042 0.0469655
3.34 0 0.0190566 0.0363395 0.0490139
3.35 0 0.0195302 0.0374756 0.050657
3.36 0 0.0197161 0.0382962 0.051799
3.37 0 0.0198388 0.0389064 0.0526125
3.38 0 0.0201226 0.0394391 0.0532871
3.39 0 0.0204915 0.0398143 0.0537452
3.4 0 0.0207106 0.0398663 0.0537774
3.41 0 0.0206473 0.039543 0.0532831
3.42 0 0.0203444 0.0389248 0.0523275
3.43 0 0.0199182 0.0381086 0.0510356
3.44 0 0.0194176 0.0370964 0.0494602
3.45 0 0.0187954 0.035801 0.0475613
3.46 0 0.017955 0.0341063 0.0452499
3.47 0 0.0167958 0.0319036 0.042422
3.48 0 0.015324 0.0291909 0.0390624
3.49 0 0.013737 0.0261691 0.0353373
3.5 0 0.0122575 0.0231058 0.0314533
3.51 0 0.0109132 0.0201224 0.0274577
3.52 0 0.00956846 0.0171839 0.0232667
3.53 0 0.00813317 0.0142473 0.0188546
3.54 0 0.00664221 0.0113177 0.0143188
3.55 0 0.00514486 0.00837105 0.00977146
3.56 0 0.00364596 0.00535414 0.00528532
3.57 0 0.00213255 0.0022441 0.00091258
3.58 0 0.000582445 -0.000943705 -0.0033205
3.59 0 -0.00103326 -0.0041687 -0.00741598
3.6 0 -0.0027301 -0.0073815 -0.0113902
3.61 0 -0.00449166 -0.0105424 -0.0152599
3.62 0 -0.00628551 -0.0136383 -0.0190459
3.63 0 -0.00809518 -0.0166942 -0.022788
3.64 0 -0.00993093 -0.01976 -0.0265403
3.65 0 -0.0118229 -0.0228867 -0.0303564
3.66 0 -0.0138173 -0.0261356 -0.0342974
3.67 0 -0.0159687 -0.0295858 -0.0384401
3.68 0 -0.0182143 -0.0332029 -0.0427505
3.69 0 -0.020256 -0.0366939 -0.0469542
3.7 0 -0.0217593 -0.0396681 -0.0507115
3.71 0 -0.0226483 -0.0419259 -0.0538957
3.72 0 -0.0231233 -0.0435271 -0.0566173
3.73 0 -0.023467 -0.0446804 -0.0590545
3.74 0 -0.0238539 -0.0456021 -0.0612895
3.75 0 -0.0242689 -0.0464103 -0.0632388
3.76 0 -0.024593 -0.0471237 -0.0647335
3.77 0 -0.0247801 -0.0477479 -0.0656858
3.78 0 -0.0249517 -0.0483407 -0.0661827
3.79 0 -0.0253111 -0.0489772 -0.0664148
3.8 0 -0.0259862 -0.049684 -0.0665395
3.81 0 -0.0269815 -0.0504622 -0.0666435
3.82 0 -0.0282187 -0.0513399 -0.0667797
3.83 0 -0.0295812 -0.0523699 -0.0669939
3.84 0 -0.0309557 -0.0535947 -0.0673418
3.85 0 -0.0322676 -0.0550199 -0.0679028
3.86 0 -0.0334806 -0.0565951 -0.0687642
3.87 0 -0.0345659 -0.0582117 -0.0699837
3.88 0 -0.0354848 -0.0597403 -0.0715704
3.89 0 -0.0362162 -0.0611086 -0.0735125
3.9 0 -0.0368011 -0.0623696 -0.0758227
3.91 0 -0.0373032 -0.0636516 -0.078503
3.92 0 -0.0377294 -0.065037 -0.081467
3.93 0 -0.0380505 -0.0665269 -0.0845616
3.94 0 -0.0382671 -0.0680691 -0.0876363
3.95 0 -0.0384158 -0.0695655 -0.0905587
3.96 0 -0.0385395 -0.070891 -0.093206
3.97 0 -0.0386751 -0.0719511 -0.0954784
3.98 0 -0.038857 -0.0727338 -0.097316
3.99 0 -0.039111 -0.0733061 -0.0986969
4 0 -0.0394205 -0.0737465 -0.0996016
4.01 0 -0.0395995 -0.0739565 -0.0998628
4.02 0 -0.03936 -0.0736522 -0.0992014
4.03 0 -0.0386668 -0.0726832 -0.0975645
4.04 0 -0.0377506 -0.0711062 -0.0951503
4.05 0 -0.0367516 -0.0689508 -0.092085
4.06 0 -0.0355565 -0.0661285 -0.0882791
4.07 0 -0.0340152 -0.0626184 -0.083631
4.08 0 -0.0321639 -0.0586069 -0.0782296
4.09 0 -0.0301071 -0.0543082 -0.0722306
4.1 0 -0.0278626 -0.0497827 -0.0657064
4.11 0 -0.0254187 -0.0449969 -0.0587055
4.12 0 -0.0228306 -0.0399512 -0.0513515
4.13 0 -0.0202008 -0.0347133 -0.0438293
4.14 0 -0.0175707 -0.029351 -0.0362809
4.15 0 -0.0148734 -0.0238837 -0.0287495
4.16 0 -0.0120362 -0.0183469 -0.0212685
4.17 0 -0.00900335 -0.0127747 -0.0138699
4.18 0 -0.00563076 -0.00705666 -0.00646453
4.19 0 -0.00175853 -0.000970485 0.00111053
4.2 0 0.00260406 0.00567508 0.0089585
4.21 0 0.00726076 0.0129591 0.0171102
4.22 0 0.0120384 0.020819 0.0256094
4.23 0 0.0169509 0.0291091 0.034584
4.24 0 0.0220521 0.0376307 0.0441444
4.25 0 0.0272273 0.0461054 0.0542198
4.26 0 0.032201 0.0542445 0.0645636
4.27 0 0.0366394 0.0618237 0.0748424
4.28 0 0.0402546 0.0686801 0.0847131
4.29 0 0.042916 0.074708 0.0939122
4.3 0 0.0446764 0.0798408 0.10229
4.31 0 0.0456984 0.0840111 0.109768
4.32 0 0.0460911 0.0870586 0.1162
4.33 0 0.0458924 0.0887951 0.121373
4.34 0 0.0452439 0.0892628 0.125194
4.35 0 0.0443454 0.0887285 0.127658
4.36 0 0.0433184 0.0875079 0.128735
4.37 0 0.0421934 0.0858507 0.128347
4.38 0 0.0409668 0.0838863 0.126411
4.39 0 0.0397704 0.0817303 0.12301
4.4 0 0.0389219 0.0795626 0.118483
4.41 0 0.0386975 0.0775272 0.113246
4.42 0 0.039077 0.0756158 0.107567
4.43 0 0.0397326 0.073694 0.101539
4.44 0 0.0402167 0.0715928 0.0951911
4.45 0 0.0401172 0.0691086 0.0885529
4.46 0 0.0391253 0.0659602 0.081636
4.47 0 0.0371227 0.061868 0.07448
4.48 0 0.0342645 0.0567466 0.0672502
4.49 0 0.0308544 0.0507556 0.0601748
4.5 0 0.0270573 0.0441319 0.0533192
4.51 0 0.0228148 0.0370768 0.0465156
4.52 0 0.0180642 0.029811 0.0395607
4.53 0 0.0129973 0.0226544 0.0324538
4.54 0 0.00809955 0.0159973 0.0254475
4.55 0 0.00388813 0.0101219 0.0188336
4.56 0 0.000578807 0.00499049 0.0126383
4.57 0 -0.00195495 0.000295822 0.00659217
4.58 0 -0.00389803 -0.00416205 0.000455849
4.59 0 -0.00529529 -0.00824967 -0.00574637
4.6 0 -0.00617026 -0.0117018 -0.0118549
4.61 0 -0.00668672 -0.0144318 -0.017778
4.62 0 -0.00713241 -0.0166526 -0.0235268
4.63 0 -0.00769598 -0.018689 -0.0290303
4.64 0 -0.00829535 -0.0206967 -0.0339805
4.65 0 -0.0087189 -0.0226109 -0.0379699
4.66 0 -0.00890206 -0.0242837 -0.0407545
4.67 0 -0.00907593 -0.0256563 -0.0424096
4.68 0 -0.00959567 -0.0267736 -0.043205
4.69 0 -0.0105724 -0.0276181 -0.0432912
4.7 0 -0.0117698 -0.0280557 -0.0425905
4.71 0 -0.0129167 -0.0280593 -0.0410627
4.72 0 -0.0139713 -0.0278609 -0.0389363
4.73 0 -0.0150252 -0.0277691 -0.0365946
4.74 0 -0.0160606 -0.0278801 -0.0343158
4.75 0 -0.0168694 -0.0279888 -0.0321681
4.76 0 -0.0173317 -0.0279005 -0.0302619
4.77 0 -0.0176429 -0.0277362 -0.0289655
4.78 0 -0.0180811 -0.0277926 -0.0286814
4.79 0 -0.0187021 -0.0282734 -0.0295501
4.8 0 -0.0193222 -0.029206 -0.0314226
4.81 0 -0.0197122 -0.0305048 -0.0340303
4.82 0 -0.0197424 -0.0320026 -0.0371058
4.83 0 -0.0194004 -0.0334393 -0.0403901
4.84 0 -0.0187477 -0.0345059 -0.0436117
4.85 0 -0.0178505 -0.0349312 -0.0464676
4.86 0 -0.0168008 -0.0346316 -0.0486968
4.87 0 -0.0157641 -0.0337971 -0.0501669
4.88 0 -0.0149036 -0.03276 -0.0508238
4.89 0 -0.014332 -0.031838 -0.0506533
4.9 0 -0.0141713 -0.0312923 -0.049738
4.91 0 -0.0145729 -0.0313038 -0.0482844
4.92 0 -0.0155504 -0.0318328 -0.0464723
4.93 0 -0.0168211 -0.0325123 -0.0442889
4.94 0 -0.0180579 -0.0329404 -0.0417434
4.95 0 -0.0191603 -0.0329939 -0.0390937
4.96 0 -0.0200632 -0.0326858 -0.0366228
4.97 0 -0.0205564 -0.031984 -0.0344254
4.98 0 -0.0204072 -0.0308624 -0.0324896
4.99 0 -0.0194975 -0.02933 -0.0307908
5 0 -0.017861 -0.0273875 -0.0292964
5.01 0 -0.015656 -0.0250197 -0.027949
5.02 0 -0.0130943 -0.0222329 -0.0266487
5.03 0 -0.010365 -0.0190879 -0.0252402
5.04 0 -0.0076041 -0.0157095 -0.023533
5.05 0 -0.00495638 -0.0123061 -0.021389
5.06 0 -0.00265556 -0.00916135 -0.0188076
5.07 0 -0.000996133 -0.00655164 -0.0159075
5.08 0 -0.000173872 -0.00462992 -0.0128146
5.09 0 -0.000159234 -0.00337128 -0.00958152
5.1 0 -0.000749993 -0.00265121 -0.00624667
5.11 0 -0.00167499 -0.00231346 -0.00289918
5.12 0 -0.00264456 -0.00215885 0.000338695
5.13 0 -0.00339281 -0.00195204 0.00333688
5.14 0 -0.00371253 -0.00146165 0.00597974
5.15 0 -0.00347782 -0.000515397 0.00818303
5.16 0 -0.0026426 0.000967862 0.00991408
5.17 0 -0.00121708 0.00298452 0.0112199
5.18 0 0.000741472 0.00546001 0.0122285
5.19 0 0.00311831 0.00826855 0.0131222
5.2 0 0.00574759 0.0112667 0.0141112
5.21 0 0.00845637 0.0143327 0.0154141
5.22 0 0.0111187 0.0174017 0.0172442
5.23 0 0.0136617 0.0204802 0.0197866
5.24 0 0.016036 0.0236417 0.0231735
5.25 0 0.0182149 0.0270053 0.0274809
5.26 0 0.0201877 0.0306676 0.0327102
5.27 0 0.0219335 0.0346219 0.0387561
5.28 0 0.0234428 0.038761 0.0454361
5.29 0 0.0247491 0.0429352 0.0525443
5.3 0 0.0259096 0.0469885 0.0598546
5.31 0 0.0269692 0.0507872 0.0671108
5.32 0 0.027958 0.0542556 0.0740509
5.33 0 0.0289002 0.0573831 0.080445
5.34 0 0.0298038 0.0601838 0.0860989
5.35 0 0.0306787 0.0626789 0.0908693
5.36 0 0.0315775 0.0649146 0.0947004
5.37 0 0.0325859 0.0669511 0.0976146
5.38 0 0.0337845 0.0688421 0.0996791
5.39 0 0.0352202 0.0706262 0.100986
5.4 0 0.0368755 0.0723072 0.101629
5.41 0 0.0386595 0.0738483 0.101691
5.42 0 0.0404471 0.0752019 0.101269
5.43 0 0.0421112 0.0763242 0.100481
5.44 0 0.0435127 0.077149 0.0994359
5.45 0 0.0445076 0.0775827 0.0982128
5.46 0 0.0450143 0.0775691 0.0969119
5.47 0 0.0450585 0.0771453 0.0956848
5.48 0 0.0447293 0.0764135 0.0946858
5.49 0 0.0440528 0.0754157 0.0939386
5.5 0 0.0429305 0.0740522 0.0932669
5.51 0 0.0413233 0.0722408 0.0924744
5.52 0 0.0393916 0.0700591 0.0914997
5.53 0 0.0373776 0.067671 0.0903379
5.54 0 0.0354872 0.0652524 0.0889663
5.55 0 0.0338339 0.0629423 0.0873179
5.56 0 0.0324356 0.0608048 0.085289
5.57 0 0.0313168 0.0588862 0.0828413
5.58 0 0.0305557 0.0572441 0.080051
5.59 0 0.0302139 0.0558978 0.077043
5.6 0 0.0302611 0.0547976 0.0739212
5.61 0 0.0305969 0.0538835 0.0707886
5.62 0 0.0311438 0.0531817 0.0678235
5.63 0 0.0318314 0.0527628 0.0652367
5.64 0 0.0324726 0.0525698 0.0631143
5.65 0 0.032789 0.052382 0.0613973
5.66 0 0.0326317 0.0519978 0.0600634
5.67 0 0.032073 0.0513569 0.0592077
5.68 0 0.0312174 0.0504376 0.0588678
5.69 0 0.0300435 0.0491704 0.0588869
5.7 0 0.0285038 0.0475383 0.0590254
5.71 0 0.0266236 0.045625 0.059071
5.72 0 0.0244731 0.043525 0.0588264
5.73 0 0.0222113 0.0413501 0.0581753
5.74 0 0.0200909 0.0392387 0.0571156
5.75 0 0.0182915 0.0372322 0.0556192
5.76 0 0.0168496 0.0352565 0.0535844
5.77 0 0.0157613 0.033259 0.050949
5.78 0 0.0150233 0.0312624 0.047737
5.79 0 0.014596 0.0293148 0.0440177
5.8 0 0.0143898 0.0274461 0.0398824
5.81 0 0.014265 0.0256288 0.0354245
5.82 0 0.0140523 0.023759 0.0307276
5.83 0 0.0136131 0.0216975 0.0258927
5.84 0 0.0128967 0.019347 0.0210723
5.85 0 0.0119275 0.0167019 0.0164538
5.86 0 0.0107378 0.0138396 0.0122019
5.87 0 0.00933593 0.0108933 0.00842861
5.88 0 0.00772913 0.00802359 0.00519832
5.89 0 0.00595876 0.00538287 0.00254679
5.9 0 0.00412437 0.00308885 0.000502847
5.91 0 0.00237972 0.00121583 -0.000904303
5.92 0 0.00092203 -0.000185871 -0.0016442
5.93 0 -3.67865e-05 -0.0010501 -0.00168875
5.94 0 -0.000380472 -0.00130983 -0.00107106
5.95 0 -0.000185029 -0.000963713 5.19177e-05
5.96 0 0.000411533 -1.11529e-05 0.00152635
5.97 0 0.00144413 0.00169299 0.00342169
5.98 0 0.00300377 0.00427678 0.00590849
5.99 0 0.00496308 0.00757366 0.00897569
6 0 0.00712735 0.0112842 0.0125542
6.01 0 0.0094538 0.0152449 0.0167133
6.02 0 0.0119606 0.0194146 0.0215676
6.03 0 0.0146207 0.0238078 0.0271678
6.04 0 0.0173194 0.0284249 0.0334461
6.05 0 0.0198579 0.0331813 0.0402013
6.06 0 0.0221033 0.0379748 0.0472319
6.07 0 0.0241268 0.0427895 0.0544719
6.08 0 0.026145 0.0476779 0.0619561
6.09 0 0.0283592 0.0526861 0.0696973
6.1 0 0.0308082 0.0577764 0.0775709
6.11 0 0.0333511 0.0628177 0.0853077
6.12 0 0.0358617 0.0677308 0.0926814
6.13 0 0.0383634 0.0725694 0.099637
6.14 0 0.0408485 0.0773111 0.106107
6.15 0 0.0431196 0.0816914 0.111851
6.16 0 0.0449034 0.0853205 0.116557
6.17 0 0.0459905 0.0878412 0.119969
6.18 0 0.0462921 0.0890236 0.121942
6.19 0 0.0457893 0.088745 0.122385
6.2 0 0.0444375 0.0869018 0.121149
6.21 0 0.0421772 0.0834138 0.118041
6.22 0 0.0389589 0.0782366 0.112849
6.23 0 0.0347201 0.0713231 0.105338
6.24 0 0.0294863 0.0627094 0.09538
6.25 0 0.0235435 0.0526853 0.0831478
6.26 0 0.017303 0.0416781 0.0690097
6.27 0 0.0110118 0.029979 0.0532508
6.28 0 0.00476691 0.0177546 0.0360832
6.29 0 -0.00131435 0.00516035 0.0177577
6.3 0 -0.00708728 -0.00762829 -0.00144856
6.31 0 -0.0125218 -0.0203806 -0.0212457
6.32 0 -0.0177281 -0.0328565 -0.0412837
6.33 0 -0.0228383 -0.044933 -0.061148
6.34 0 -0.0279626 -0.0566348 -0.0804633
6.35 0 -0.0331809 -0.0680246 -0.0989622
6.36 0 -0.0385102 -0.0791218 -0.116445
6.37 0 -0.0439175 -0.0899136 -0.132753
6.38 0 -0.0493699 -0.10038 -0.147791
6.39 0 -0.0548631 -0.110505 -0.161546
6.4 0 -0.0604092 -0.120273 -0.174065
6.41 0 -0.0659994 -0.129649 -0.185417
6.42 0 -0.0715328 -0.138527 -0.195617
6.43 0 -0.076804 -0.146716 -0.204609
6.44 0 -0.0816392 -0.154067 -0.21238
6.45 0 -0.0859727 -0.160539 -0.21903
6.46 0 -0.0897813 -0.166133 -0.224697
6.47 0 -0.0930746 -0.170858 -0.229509
6.48 0 -0.0959685 -0.174727 -0.233588
6.49 0 -0.0985742 -0.177797 -0.237007
6.5 0 -0.100817 -0.180215 -0.239767
6.51 0 -0.102566 -0.182185 -0.241879
6.52 0 -0.103816 -0.183898 -0.243441
6.53 0 -0.104662 -0.185441 -0.244605
6.54 0 -0.10523 -0.186766 -0.245515
6.55 0 -0.10565 -0.187773 -0.246291
6.56 0 -0.105991 -0.188382 -0.246999
6.57 0 -0.106208 -0.188552 -0.247599
6.58 0 -0.106203 -0.188322 -0.247997
6.59 0 -0.105912 -0.187817 -0.248128
6.6 0 -0.105341 -0.187174 -0.247978
6.61 0 -0.104562 -0.186473 -0.247573
6.62 0 -0.103681 -0.185724 -0.246956
6.63 0 -0.102813 -0.184894 -0.246167
6.64 0 -0.102069 -0.183973 -0.245256
6.65 0 -0.101529 -0.183006 -0.244268
6.66 0 -0.101214 -0.182083 -0.24323
6.67 0 -0.101106 -0.181321 -0.242162
6.68 0 -0.101181 -0.180836 -0.241103
6.69 0 -0.101408 -0.180679 -0.2401
6.7 0 -0.101728 -0.180781 -0.239173
6.71 0 -0.102054 -0.180977 -0.238315
6.72 0 -0.102308 -0.18108 -0.237517
6.73 0 -0.102421 -0.180948 -0.236775
6.74 0 -0.102331 -0.180507 -0.236074
6.75 0 -0.101966 -0.179744 -0.235372
6.76 0 -0.101258 -0.178676 -0.2346
6.77 0 -0.100192 -0.177349 -0.233705
6.78 0 -0.098832 -0.175829 -0.232672
6.79 0 -0.0972735 -0.174148 -0.231489
6.8 0 -0.0955765 -0.172266 -0.230089
6.81 0 -0.0937481 -0.17009 -0.22835
6.82 0 -0.0917462 -0.167504 -0.226106
6.83 0 -0.0894953 -0.164392 -0.223171
6.84 0 -0.0869063 -0.160646 -0.219353
6.85 0 -0.0838897 -0.156156 -0.214473
6.86 0 -0.0803618 -0.150797 -0.208361
6.87 0 -0.0762448 -0.144426 -0.200862
6.88 0 -0.0715025 -0.136924 -0.191868
6.89 0 -0.066182 -0.128265 -0.181367
6.9 0 -0.0603622 -0.118497 -0.169397
6.91 0 -0.0540243 -0.107617 -0.155921
6.92 0 -0.0470284 -0.0955317 -0.140799
6.93 0 -0.0393189 -0.082219 -0.123973
6.94 0 -0.031059 -0.0678499 -0.105602
6.95 0 -0.0225054 -0.0526834 -0.0859349
6.96 0 -0.0138482 -0.0369397 -0.0651621
6.97 0 -0.0051694 -0.0207469 -0.0433538
6.98 0 0.00340674 -0.00421503 -0.0205611
6.99 0 0.0116689 0.0124088 0.00305811
7 0 0.0195132 0.0287347 0.0272543
7.01 0 0.026999 0.0444854 0.0517296
7.02 0 0.0342666 0.0597232 0.076148
7.03 0 0.0414392 0.0747073 0.100171
7.04 0 0.0485414 0.0895864 0.12349
7.05 0 0.0555141 0.104284 0.14582
7.06 0 0.0622899 0.118574 0.166921
7.07 0 0.0688228 0.132169 0.186606
7.08 0 0.0750488 0.144765 0.204705
7.09 0 0.0808689 0.156108 0.221053
7.1 0 0.0861523 0.166034 0.235496
7.11 0 0.0907375 0.174459 0.247881
7.12 0 0.0944476 0.181328 0.258051
7.13 0 0.0971179 0.186564 0.265854
7.14 0 0.0986639 0.190082 0.271187
7.15 0 0.0992002 0.191904 0.27412
7.16 0 0.0990488 0.192224 0.274919
7.17 0 0.0985417 0.191312 0.273884
7.18 0 0.0978274 0.189375 0.271183
7.19 0 0.096885 0.186561 0.26689
7.2 0 0.0956732 0.183034 0.261119
7.21 0 0.0942009 0.178969 0.254076
7.22 0 0.0924673 0.174443 0.245983
7.23 0 0.0904224 0.169406 0.237018
7.24 0 0.0880023 0.163756 0.227341
7.25 0 0.0851426 0.157405 0.217088
7.26 0 0.0817621 0.150299 0.206346
7.27 0 0.0778046 0.142454 0.195188
7.28 0 0.0733006 0.133999 0.183724
7.29 0 0.0683311 0.125099 0.172065
7.3 0 0.0629676 0.115872 0.160267
7.31 0 0.0573362 0.106443 0.1484
7.32 0 0.0516842 0.0970228 0.136629
7.33 0 0.0463143 0.0878866 0.125171
7.34 0 0.0414831 0.0793108 0.114218
7.35 0 0.037294 0.0714764 0.103847
7.36 0 0.0336701 0.0644115 0.0939877
7.37 0 0.0305262 0.058109 0.0845872
7.38 0 0.0279014 0.0526256 0.0757333
7.39 0 0.0258388 0.0479701 0.0675381
7.4 0 0.024223 0.0439656 0.0599785
7.41 0 0.0228352 0.0403264 0.0529464
7.42 0 0.0215157 0.0368458 0.0463994
7.43 0 0.0201712 0.0334249 0.0403574
7.44 0 0.0186786 0.0299798 0.0348005
7.45 0 0.0168675 0.0263952 0.0296387
7.46 0 0.0145938 0.022552 0.0247637
7.47 0 0.0117978 0.0183646 0.0200885
7.48 0 0.00849011 0.0137779 0.0155266
7.49 0 0.00472721 0.00875571 0.0109657
7.5 0 0.00065903 0.00330302 0.00628789
7.51 0 -0.00345832 -0.0024912 0.00139009
7.52 0 -0.00739234 -0.0084194 -0.0038247
7.53 0 -0.0110108 -0.0141779 -0.00942575
7.54 0 -0.0142126 -0.0194596 -0.0154112
7.55 0 -0.0168628 -0.0240417 -0.0216786
7.56 0 -0.0188365 -0.0278568 -0.0280598
7.57 0 -0.020121 -0.0310284 -0.0344114
7.58 0 -0.0207696 -0.0337287 -0.0405715
7.59 0 -0.0207866 -0.035981 -0.0462484
7.6 0 -0.0202361 -0.0377173 -0.0511453
7.61 0 -0.0193915 -0.0389511 -0.0551559
7.62 0 -0.0186396 -0.0397849 -0.0583289
7.63 0 -0.0183186 -0.0403766 -0.0607522
7.64 0 -0.0186282 -0.040936 -0.0624922
7.65 0 -0.0195748 -0.0416639 -0.063547
7.66 0 -0.0210268 -0.0427027 -0.0638875
7.67 0 -0.0228593 -0.0441412 -0.0635794
7.68 0 -0.025032 -0.0460053 -0.0628385
7.69 0 -0.0275607 -0.0482466 -0.0619881
7.7 0 -0.0304276 -0.0507497 -0.0613618
7.71 0 -0.0334844 -0.0533394 -0.061194
7.72 0 -0.0364797 -0.0558651 -0.0616211
7.73 0 -0.0391727 -0.0582957 -0.0627565
7.74 0 -0.0413362 -0.0606392 -0.0646456
7.75 0 -0.0427376 -0.0628163 -0.0672034
7.76 0 -0.043224 -0.0646669 -0.0702701
7.77 0 -0.042768 -0.0659884 -0.0736524
7.78 0 -0.0414332 -0.0665653 -0.0771101
7.79 0 -0.0393595 -0.0662548 -0.0803788
7.8 0 -0.036753 -0.0650607 -0.0832067
7.81 0 -0.0338286 -0.0631111 -0.0853492
7.82 0 -0.0307626 -0.0605844 -0.0865681
7.83 0 -0.0277265 -0.0576851 -0.0866909
7.84 0 -0.0249578 -0.0546791 -0.0856829
7.85 0 -0.0227578 -0.0518823 -0.083649
7.86 0 -0.0213646 -0.0495389 -0.0807275
7.87 0 -0.0208215 -0.0476947 -0.0769852
7.88 0 -0.0209997 -0.0462221 -0.0724545
7.89 0 -0.0217083 -0.044942 -0.0672314
7.9 0 -0.0227349 -0.0436865 -0.0614844
7.91 0 -0.023817 -0.0422874 -0.0553888
7.92 0 -0.0246475 -0.0405759 -0.0490917
7.93 0 -0.0249411 -0.0384053 -0.0427373
7.94 0 -0.0244825 -0.0356556 -0.036484
7.95 0 -0.0231214 -0.0322203 -0.0304728
7.96 0 -0.020767 -0.0280169 -0.0247909
7.97 0 -0.0174159 -0.0230339 -0.0194722
7.98 0 -0.0131689 -0.0173574 -0.0145045
7.99 0 -0.00820686 -0.0111497 -0.00981637
8 0 -0.00277427 -0.00460177 -0.00526945
8.01 0 0.00281245 0.00214825 -0.000648505
8.02 0 0.00823474 0.00900934 0.00431829
8.03 0 0.0132597 0.0158063 0.00985604
8.04 0 0.0177201 0.0222898 0.016084
8.05 0 0.0215196 0.0283018 0.0230644
8.06 0 0.0246612 0.0338541 0.0308299
8.07 0 0.0272056 0.0390789 0.0393442
8.08 0 0.0292284 0.0441391 0.0484651
8.09 0 0.0308051 0.0491396 0.0579412
8.1 0 0.0320389 0.0540989 0.0674746
8.11 0 0.0331108 0.0589911 0.076822
8.12 0 0.0342498 0.0637677 0.0858106
8.13 0 0.0356503 0.0683725 0.0943042
8.14 0 0.0374419 0.0728026 0.102207
8.15 0 0.0396876 0.0771488 0.109462
8.16 0 0.0423645 0.0815484 0.116013
8.17 0 0.0453619 0.0860938 0.12179
8.18 0 0.0485603 0.0908106 0.126762
8.19 0 0.0519367 0.095695 0.131027
8.2 0 0.0555451 0.100702 0.134797
8.21 0 0.0594104 0.105725 0.138305
8.22 0 0.0634589 0.110634 0.14173
8.23 0 0.0675245 0.115336 0.145194
8.24 0 0.0713816 0.119793 0.148767
8.25 0 0.0747571 0.12395 0.152437
8.26 0 0.0774038 0.127707 0.156144
8.27 0 0.0792386 0.130992 0.159896
8.28 0 0.0803622 0.13379 0.163775
8.29 0 0.0809105 0.136067 0.167813
8.3 0 0.0809216 0.137722 0.171883
8.31 0 0.0803397 0.138629 0.175726
8.32 0 0.0790856 0.138682 0.179031
8.33 0 0.0771635 0.137854 0.181548
8.34 0 0.0747345 0.136243 0.183173
8.35 0 0.0720256 0.133998 0.183867
8.36 0 0.0692404 0.131264 0.183589
8.37 0 0.0665782 0.128222 0.182327
8.38 0 0.0642268 0.125085 0.18011
8.39 0 0.0622829 0.122008 0.176937
8.4 0 0.060704 0.119004 0.172744
8.41 0 0.0593726 0.115961 0.167473
8.42 0 0.0581572 0.112696 0.16113
8.43 0 0.0569552 0.109034 0.153818
8.44 0 0.0557385 0.104919 0.145762
8.45 0 0.0544752 0.100389 0.137223
8.46 0 0.0530499 0.095497 0.128387
8.47 0 0.0513333 0.0903336 0.119411
8.48 0 0.0492512 0.0850146 0.110461
8.49 0 0.0467738 0.0796118 0.101685
8.5 0 0.0438937 0.0741088 0.0931877
8.51 0 0.0406402 0.0684392 0.0850468
8.52 0 0.0371073 0.0625764 0.0773513
8.53 0 0.0333947 0.056543 0.0701572
8.54 0 0.0294786 0.0503153 0.0633705
8.55 0 0.0251948 0.0437852 0.0567252
8.56 0 0.0203634 0.0368257 0.0498935
8.57 0 0.0149228 0.0293514 0.0426052
8.58 0 0.00896856 0.0213222 0.0346896
8.59 0 0.00272296 0.0126943 0.0260266
8.6 0 -0.00349623 0.00344569 0.0165137
8.61 0 -0.00939654 -0.00627011 0.00609026
8.62 0 -0.0148368 -0.0160824 -0.00524891
8.63 0 -0.019776 -0.0255634 -0.0174451
8.64 0 -0.0241713 -0.0343795 -0.0303366
8.65 0 -0.0279443 -0.0423454 -0.043645
8.66 0 -0.030988 -0.0494361 -0.0569843
8.67 0 -0.0331861 -0.0557441 -0.0698599
8.68 0 -0.034473 -0.0613522 -0.0817521
8.69 0 -0.034961 -0.066257 -0.0923039
8.7 0 -0.0349908 -0.0704101 -0.101414
8.71 0 -0.0349885 -0.0737667 -0.109118
8.72 0 -0.0352945 -0.0763527 -0.115455
8.73 0 -0.0360776 -0.0783144 -0.120421
8.74 0 -0.0372976 -0.0798655 -0.123942
8.75 0 -0.0387755 -0.0812182 -0.125909
8.76 0 -0.0403802 -0.0825747 -0.126329
8.77 0 -0.0421419 -0.0840879 -0.125426
8.78 0 -0.0441648 -0.0857523 -0.123559
8.79 0 -0.046473 -0.0873723 -0.121074
8.8 0 -0.048951 -0.0886801 -0.118235
8.81 0 -0.0513756 -0.0894891 -0.115244
8.82 0 -0.0534909 -0.0897795 -0.112276
8.83 0 -0.0550763 -0.0896732 -0.109509
8.84 0 -0.0559794 -0.0893292 -0.10711
8.85 0 -0.056149 -0.0888591 -0.105234
8.86 0 -0.0556656 -0.0883165 -0.104044
8.87 0 -0.0547145 -0.0877166 -0.103692
8.88 0 -0.0534567 -0.0870158 -0.104215
8.89 0 -0.0519603 -0.086148 -0.105481
8.9 0 -0.0502941 -0.0851579 -0.107303
8.91 0 -0.048536 -0.084178 -0.109464
8.92 0 -0.0467174 -0.083294 -0.11168
8.93 0 -0.0448664 -0.0825088 -0.11365
8.94 0 -0.0430492 -0.0817496 -0.115124
8.95 0 -0.0413584 -0.0808878 -0.115905
8.96 0 -0.039891 -0.0797968 -0.115857
8.97 0 -0.038713 -0.0784019 -0.114893
8.98 0 -0.0378186 -0.0766864 -0.112941
8.99 0 -0.0371336 -0.0746813 -0.109956
9 0 -0.0365516 -0.0724359 -0.105942
9.01 0 -0.0359445 -0.0699518 -0.100943
9.02 0 -0.0351704 -0.0671421 -0.0950326
9.03 0 -0.0341113 -0.0638674 -0.088321
9.04 0 -0.0327061 -0.0600124 -0.0809748
9.05 0 -0.0309342 -0.0555321 -0.0731872
9.06 0 -0.0287497 -0.0504281 -0.0651036
9.07 0 -0.0260479 -0.0447081 -0.0567752
9.08 0 -0.0227407 -0.0384143 -0.0482219
9.09 0 -0.0188444 -0.0316558 -0.0395106
9.1 0 -0.0144697 -0.0245632 -0.0307418
9.11 0 -0.0097733 -0.0172381 -0.0220046
9.12 0 -0.00490688 -0.00973602 -0.0133394
9.13 0 -5.14281e-05 -0.00210176 -0.00474693
9.14 0 0.00453841 0.00553991 0.00376108
9.15 0 0.00868022 0.0129507 0.0121716
9.16 0 0.0123473 0.0198291 0.0204755
9.17 0 0.0155621 0.0259187 0.0286288
9.18 0 0.0183596 0.0311584 0.0365715
9.19 0 0.0208098 0.0357375 0.0442563
9.2 0 0.0229831 0.0399663 0.0516141
9.21 0 0.0249363 0.0441158 0.0585503
9.22 0 0.0267585 0.0483401 0.0650058
9.23 0 0.0285726 0.0526368 0.0709627
9.24 0 0.0304666 0.0568441 0.0763873
9.25 0 0.0324568 0.0607289 0.0812129
9.26 0 0.0345206 0.0641324 0.0853903
9.27 0 0.0366486 0.0670764 0.0889445
9.28 0 0.0387902 0.0696851 0.0919104
9.29 0 0.040766 0.0720079 0.0942241
9.3 0 0.0423483 0.0739793 0.0957757
9.31 0 0.0434083 0.075481 0.0965337
9.32 0 0.044 0.0764329 0.0966215
9.33 0 0.0443149 0.0768447 0.0962806
9.34 0 0.0444948 0.0767528 0.0957025
9.35 0 0.0445383 0.0762004 0.0949452
9.36 0 0.0443928 0.0753105 0.0940198
9.37 0 0.0440379 0.0742802 0.0929597
9.38 0 0.0435033 0.0732947 0.0918255
9.39 0 0.042867 0.0724616 0.0906977
9.4 0 0.0421832 0.0717399 0.0896091
9.41 0 0.0414135 0.0709272 0.0884846
9.42 0 0.0404594 0.0697664 0.0871809
9.43 0 0.0392148 0.0680556 0.0855409
9.44 0 0.0375959 0.0657 0.0834227
9.45 0 0.0355517 0.0627 0.0807061
9.46 0 0.0330478 0.0590863 0.0772724
9.47 0 0.0300946 0.054896 0.0730316
9.48 0 0.0268193 0.0502194 0.0679993
9.49 0 0.0234589 0.045216 0.0623084
9.5 0 0.0202174 0.0400235 0.0560889
9.51 0 0.0171502 0.0346834 0.04937
9.52 0 0.0142101 0.0291922 0.0421289
9.53 0 0.0113307 0.0235622 0.0343702
9.54 0 0.00846163 0.0178217 0.0261512
9.55 0 0.0055603 0.0119758 0.0175602
9.56 0 0.00258477 0.00597724 0.00868478
9.57 0 -0.000469295 -0.000237313 -0.000382304
9.58 0 -0.00356784 -0.00667966 -0.00953076
9.59 0 -0.00668631 -0.013264 -0.0186374
9.6 0 -0.00983274 -0.0198107 -0.0275686
9.61 0 -0.0130199 -0.0261124 -0.0361822
9.62 0 -0.0162105 -0.0320063 -0.0443243
9.63 0 -0.0193394 -0.0374418 -0.0518653
9.64 0 -0.0223879 -0.0425082 -0.0587606
9.65 0 -0.025377 -0.0473554 -0.0650319
9.66 0 -0.0282815 -0.0520437 -0.0706757
9.67 0 -0.0309767 -0.0564525 -0.075603
9.68 0 -0.033329 -0.0603674 -0.0797207
9.69 0 -0.0353255 -0.0636488 -0.0830571
9.7 0 -0.0370595 -0.0662877 -0.0857517
9.71 0 -0.0386094 -0.0683521 -0.0879416
9.72 0 -0.0399567 -0.0699226 -0.0896808
9.73 0 -0.0410159 -0.0710763 -0.0909601
9.74 0 -0.0417003 -0.0718701 -0.0917574
9.75 0 -0.0419423 -0.0722899 -0.0920421
9.76 0 -0.0417087 -0.072242 -0.091784
9.77 0 -0.0410193 -0.0716058 -0.0909734
9.78 0 -0.0399437 -0.0703035 -0.0896292
9.79 0 -0.0385747 -0.0683491 -0.0877864
9.8 0 -0.0369894 -0.0658462 -0.0854686
9.81 0 -0.0352266 -0.0629466 -0.0826713
9.82 0 -0.0332267 -0.0597236 -0.0792974
9.83 0 -0.0308311 -0.0560858 -0.0751463
9.84 0 -0.0279932 -0.0519345 -0.0701151
9.85 0 -0.0249006 -0.0473105 -0.0643288
9.86 0 -0.0217982 -0.0423091 -0.0579867
9.87 0 -0.0187925 -0.036978 -0.0511894
9.88 0 -0.0158296 -0.0313279 -0.0439214
9.89 0 -0.012842 -0.0254431 -0.0361911
9.9 0 -0.00990125 -0.0195658 -0.0281705
9.91 0 -0.00710781 -0.0139276 -0.0200778
9.92 0 -0.004418 -0.00853757 -0.0119944
9.93 0 -0.00172986 -0.00324066 -0.00392736
9.94 0 0.000964923 0.00210828 0.00405847
9.95 0 0.00356937 0.00751963 0.0118095
9.96 0 0.00599904 0.0128675 0.0191602
9.97 0 0.00830393 0.0179956 0.0260389
9.98 0 0.010628 0.0227819 0.0324514
9.99 0 0.0130817 0.0271776 0.0384074
10 0 0.0156832 0.0312382 0.0438961
10.01 0 0.0183712 0.0350922 0.0488906
10.02 0 0.0210297 0.0388529 0.053349
10.03 0 0.0235275 0.0425369 0.0572256
10.04 0 0.0257773 0.0460527 0.0605128
10.05 0 0.0277544 0.0492357 0.0632552
10.06 0 0.0294502 0.0518889 0.0655077
10.07 0 0.0308242 0.0538412 0.067292
10.08 0 0.0318586 0.0550718 0.0686523
10.09 0 0.0326237 0.0557807 0.0697176
10.1 0 0.0331465 0.0562006 0.0705637
10.11 0 0.0333469 0.0564332 0.0711382
10.12 0 0.033249 0.0565711 0.0714596
10.13 0 0.0330323 0.0567283 0.0716724
10.14 0 0.0328393 0.0569016 0.0718697
10.15 0 0.0327632 0.0570475 0.072101
10.16 0 0.0329121 0.0572216 0.0724517
10.17 0 0.0333046 0.0575035 0.0729476
10.18 0 0.0338363 0.0579268 0.0735166
10.19 0 0.0343863 0.0585047 0.0740802
10.2 0 0.0349084 0.0592487 0.0746301
10.21 0 0.0354605 0.0601762 0.0752515
10.22 0 0.0361421 0.0612871 0.0760665
10.23 0 0.0369943 0.0625318 0.0771437
10.24 0 0.0379673 0.0638331 0.0784708
10.25 0 0.0389572 0.0651314 0.0799857
10.26 0 0.0398052 0.0663497 0.0815643
10.27 0 0.0403096 0.0673441 0.0830132
10.28 0 0.0403588 0.0679862 0.0841885
10.29 0 0.0400035 0.0682312 0.0850654
10.3 0 0.039341 0.0680447 0.0856338
10.31 0 0.0384047 0.0673505 0.0858039
10.32 0 0.0371647 0.0660659 0.0854201
10.33 0 0.0355525 0.0641232 0.0842895
10.34 0 0.0335175 0.061492 0.0822392
10.35 0 0.0311554 0.0582728 0.0792454
10.36 0 0.0287194 0.0547044 0.0754587
10.37 0 0.0263842 0.0509462 0.0709876
10.38 0 0.0240854 0.0469315 0.0657512
10.39 0 0.0217086 0.0425483 0.0596668
10.4 0 0.0192824 0.0378282 0.0528359
10.41 0 0.016906 0.0328874 0.0454681
10.42 0 0.0146159 0.0278146 0.0377477
10.43 0 0.0123408 0.0226272 0.0297816
10.44 0 0.00992529 0.0172728 0.0216124
10.45 0 0.00719228 0.0116578 0.0132613
10.46 0 0.004052 0.00572456 0.00480108
10.47 0 0.000613592 -0.000469948 -0.00358272
10.48 0 -0.00289489 -0.006805 -0.0116838
10.49 0 -0.00633821 -0.0131754 -0.0194222
10.5 0 -0.00974299 -0.019464 -0.0268387
10.51 0 -0.0132002 -0.0255316 -0.0340021
10.52 0 -0.0167707 -0.0313073 -0.040973
10.53 0 -0.0204308 -0.0368199 -0.047774
10.54 0 -0.0240224 -0.0420959 -0.0543235
10.55 0 -0.0273053 -0.0470982 -0.0604592
10.56 0 -0.03012 -0.0517747 -0.0660732
10.57 0 -0.0324808 -0.0560992 -0.0711933
10.58 0 -0.0345138 -0.0600415 -0.0759236
10.59 0 -0.036358 -0.0635668 -0.0803658
10.6 0 -0.0381387 -0.0667081 -0.0846131
10.61 0 -0.0399613 -0.0696138 -0.0887605
10.62 0 -0.0419029 -0.0725209 -0.0929006
10.63 0 -0.0440154 -0.0756832 -0.0971223
10.64 0 -0.0462621 -0.0792184 -0.101435
10.65 0 -0.0484784 -0.082999 -0.105711
10.66 0 -0.0505744 -0.0868341 -0.109882
10.67 0 -0.052659 -0.0906475 -0.11406
10.68 0 -0.0548204 -0.0943629 -0.11834
10.69 0 -0.0569829 -0.0978473 -0.122664
10.7 0 -0.0590217 -0.101042 -0.126934
10.71 0 -0.0608637 -0.104012 -0.1311
10.72 0 -0.0624851 -0.106864 -0.135147
10.73 0 -0.0639065 -0.109674 -0.139084
10.74 0 -0.0651642 -0.11244 -0.14291
10.75 0 -0.0662487 -0.115039 -0.146562
10.76 0 -0.0671074 -0.117279 -0.149924
10.77 0 -0.0676723 -0.118976 -0.152859
10.78 0 -0.0678498 -0.119976 -0.155208
10.79 0 -0.0675163 -0.120146 -0.156774
10.8 0 -0.0665919 -0.119428 -0.157397
10.81 0 -0.065153 -0.117918 -0.157055
10.82 0 -0.0634226 -0.115847 -0.155864
10.83 0 -0.0616237 -0.113445 -0.153947
10.84 0 -0.0598275 -0.110794 -0.151295
10.85 0 -0.0579822 -0.107849 -0.147806
10.86 0 -0.0560953 -0.104603 -0.143469
10.87 0 -0.0542777 -0.101139 -0.138423
10.88 0 -0.0526388 -0.0975563 -0.13285
10.89 0 -0.0511659 -0.0938792 -0.126864
10.9 0 -0.049696 -0.0900245 -0.120466
10.91 0 -0.0480819 -0.0859387 -0.113695
10.92 0 -0.046316 -0.081692 -0.106724
10.93 0 -0.0444626 -0.0774048 -0.0997863
10.94 0 -0.0425315 -0.0731275 -0.0930412
10.95 0 -0.0404064 -0.0687741 -0.0864932
10.96 0 -0.0379759 -0.0642441 -0.0801131
10.97 0 -0.0352905 -0.0595796 -0.0739897
10.98 0 -0.0324943 -0.0549144 -0.0682664
10.99 0 -0.0296266 -0.0502914 -0.0629516
11 0 -0.026547 -0.0455817 -0.0578456
11.01 0 -0.0231507 -0.0406718 -0.05275
11.02 0 -0.0195343 -0.0356113 -0.0476323
11.03 0 -0.0158709 -0.0304982 -0.0425114
11.04 0 -0.0122618 -0.0253569 -0.0373254
11.05 0 -0.00870225 -0.0201292 -0.0319176
11.06 0 -0.00516084 -0.0147382 -0.0261127
11.07 0 -0.00171938 -0.00918124 -0.019832
11.08 0 0.00141142 -0.00358098 -0.013124
11.09 0 0.00408816 0.00189478 -0.00604309
11.1 0 0.0064041 0.00717196 0.00147057
11.11 0 0.0085711 0.0122518 0.00949036
11.12 0 0.0106684 0.0170917 0.0178989
11.13 0 0.0126059 0.0216233 0.0263812
11.14 0 0.0143081 0.0258881 0.0346124
11.15 0 0.0158439 0.03006 0.0423883
11.16 0 0.0173845 0.0343133 0.0496126
11.17 0 0.0191361 0.038733 0.0562699
11.18 0 0.0212994 0.0433221 0.0624058
11.19 0 0.0240136 0.0480447 0.0680864
11.2 0 0.0273263 0.0528894 0.0733826
11.21 0 0.0311733 0.0578826 0.0783517
11.22 0 0.0353521 0.0630182 0.0829952
11.23 0 0.0395585 0.0681971 0.0872644
11.24 0 0.043513 0.073258 0.0911461
11.25 0 0.0470861 0.078066 0.0947565
11.26 0 0.0502903 0.0825403 0.0983148
11.27 0 0.0531163 0.0865731 0.101976
11.28 0 0.0554211 0.089988 0.10571
11.29 0 0.0569906 0.0926147 0.109355
11.3 0 0.0577096 0.0944154 0.112769
11.31 0 0.0576913 0.0955587 0.115955
11.32 0 0.0571729 0.0962832 0.118981
11.33 0 0.056296 0.0966724 0.121777
11.34 0 0.0551146 0.0966691 0.124173
11.35 0 0.0537708 0.0962783 0.126088
11.36 0 0.0524928 0.0956242 0.127549
11.37 0 0.0514523 0.0948573 0.128568
11.38 0 0.0506487 0.0940386 0.129032
11.39 0 0.0498968 0.0930731 0.128688
11.4 0 0.0490335 0.0918435 0.127331
11.41 0 0.0481003 0.0903493 0.124986
11.42 0 0.0472561 0.0886427 0.121831
11.43 0 0.0466217 0.0867486 0.118066
11.44 0 0.046192 0.0846536 0.113828
11.45 0 0.0458222 0.0823127 0.10917
11.46 0 0.0453168 0.0797004 0.104129
11.47 0 0.0445798 0.07689 0.0988376
11.48 0 0.0436888 0.074077 0.0935838
11.49 0 0.0427844 0.071459 0.0886875
11.5 0 0.0418556 0.069039 0.0842852
11.51 0 0.0406725 0.0665721 0.0802553
11.52 0 0.0389936 0.0637697 0.0764096
11.53 0 0.0367935 0.0605354 0.0727119
11.54 0 0.0342584 0.056993 0.0692794
11.55 0 0.0316299 0.0533745 0.0662426
11.56 0 0.0290038 0.0498289 0.0635608
11.57 0 0.0262251 0.0462673 0.0609206
11.58 0 0.0230401 0.0424313 0.0578809
11.59 0 0.0193986 0.0381423 0.0541693
11.6 0 0.0155997 0.0334782 0.0498426
11.61 0 0.0120729 0.0286655 0.0451085
11.62 0 0.00905988 0.0238773 0.0400555
11.63 0 0.00655537 0.0192004 0.0346141
11.64 0 0.00450971 0.0147585 0.0287457
11.65 0 0.00289852 0.010693 0.0225009
11.66 0 0.00157441 0.00695955 0.0158666
11.67 0 0.000378274 0.00340772 0.00885865
11.68 0 -0.000683672 -2.82094e-05 0.0016845
11.69 0 -0.00159939 -0.00341024 -0.0054065
11.7 0 -0.00254254 -0.00691471 -0.01231
11.71 0 -0.00382783 -0.0107829 -0.0190596
11.72 0 -0.0057011 -0.0151525 -0.025676
11.73 0 -0.00816729 -0.0199237 -0.0320281
11.74 0 -0.0111044 -0.0248824 -0.03794
11.75 0 -0.0144878 -0.0299523 -0.0434123
11.76 0 -0.0183873 -0.0352412 -0.0486293
11.77 0 -0.0228452 -0.0409229 -0.0538342
11.78 0 -0.0277563 -0.0470703 -0.0591881
11.79 0 -0.0328112 -0.0535336 -0.0646821
11.8 0 -0.0376264 -0.0600064 -0.0702274
11.81 0 -0.0419242 -0.0661792 -0.0757949
11.82 0 -0.0456161 -0.0718591 -0.0814714
11.83 0 -0.0486927 -0.076937 -0.0873421
11.84 0 -0.0510241 -0.0812426 -0.0932888
11.85 0 -0.0523787 -0.0845571 -0.0990019
11.86 0 -0.0526414 -0.0867786 -0.104192
11.87 0 -0.051946 -0.0880003 -0.108732
11.88 0 -0.0505751 -0.0883975 -0.112593
11.89 0 -0.0488227 -0.0881202 -0.115748
11.9 0 -0.0469296 -0.0872778 -0.118141
11.91 0 -0.0450545 -0.0859652 -0.119673
11.92 0 -0.0433205 -0.0843302 -0.120263
11.93 0 -0.0418568 -0.0825888 -0.119894
11.94 0 -0.0407846 -0.0809638 -0.118601
11.95 0 -0.040177 -0.0795984 -0.116441
11.96 0 -0.0400481 -0.0785133 -0.113495
11.97 0 -0.0404088 -0.0776729 -0.109931
11.98 0 -0.0412742 -0.0770492 -0.106011
11.99 0 -0.0425464 -0.07657 -0.101962
12 0 -0.0439561 -0.0760858 -0.0978899
12.01 0 -0.0452182 -0.0754924 -0.0938956
12.02 0 -0.0461735 -0.0748123 -0.090173
12.03 0 -0.0467592 -0.0741132 -0.0869491
12.04 0 -0.0469612 -0.0734369 -0.0844198
12.05 0 -0.0467603 -0.0727507 -0.0826895
12.06 0 -0.046107 -0.0719459 -0.0817468
12.07 0 -0.0450057 -0.0709556 -0.0815473
12.08 0 -0.0435465 -0.0698189 -0.0820459
12.09 0 -0.0418363 -0.0686259 -0.0831399
12.1 0 -0.039942 -0.0674399 -0.0846285
12.11 0 -0.0378877 -0.0662547 -0.0862265
12.12 0 -0.035699 -0.0650039 -0.0876265
12.13 0 -0.0334255 -0.0635767 -0.0885423
12.14 0 -0.0311532 -0.061865 -0.0887462
12.15 0 -0.0290127 -0.0598284 -0.0881022
12.16 0 -0.0271215 -0.0574942 -0.0865318
12.17 0 -0.0255363 -0.0549345 -0.0839824
12.18 0 -0.0242375 -0.0522252 -0.0804164
12.19 0 -0.0230801 -0.0493348 -0.075757
12.2 0 -0.0218408 -0.0461035 -0.069917
12.21 0 -0.0204267 -0.0424245 -0.0629847
12.22 0 -0.0189548 -0.0383613 -0.05529
12.23 0 -0.0175883 -0.0340683 -0.0472397
12.24 0 -0.0162974 -0.0296154 -0.0390778
12.25 0 -0.0147632 -0.0248715 -0.0307727
12.26 0 -0.0126183 -0.0196455 -0.0222198
12.27 0 -0.00972866 -0.0138802 -0.0134894
12.28 0 -0.00618395 -0.00763764 -0.00480628
12.29 0 -0.00215721 -0.000992869 0.0036133
12.3 0 0.00217933 0.00602808 0.011691
12.31 0 0.00667166 0.0133656 0.0194676
12.32 0 0.0111942 0.0207831 0.0269905
12.33 0 0.0157284 0.0280006 0.0343554
12.34 0 0.0203863 0.0349549 0.0417873
12.35 0 0.0252041 0.0417342 0.0494613
12.36 0 0.0300032 0.0484087 0.0573497
12.37 0 0.0345226 0.0550285 0.065327
12.38 0 0.0385794 0.0616194 0.0732993
12.39 0 0.0421591 0.0681705 0.0812741
12.4 0 0.0454318 0.0746688 0.0893764
12.41 0 0.0486329 0.0810983 0.0977516
12.42 0 0.0518804 0.0873948 0.106418
12.43 0 0.0550946 0.0934395 0.115213
12.44 0 0.0581202 0.09916 0.123914
12.45 0 0.0609185 0.104638 0.132419
12.46 0 0.0636125 0.11008 0.140792
12.47 0 0.0663076 0.115606 0.149075
12.48 0 0.0689261 0.121094 0.157123
12.49 0 0.0713725 0.126353 0.164776
12.5 0 0.0737345 0.131352 0.172055
12.51 0 0.0761307 0.136125 0.179029
12.52 0 0.0785608 0.140654 0.185672
12.53 0 0.0809971 0.144965 0.19196
12.54 0 0.0834133 0.149131 0.197888
12.55 0 0.0857274 0.153161 0.203405
12.56 0 0.0878383 0.156993 0.208433
12.57 0 0.0896806 0.160524 0.212917
12.58 0 0.0912242 0.163622 0.216821
12.59 0 0.092455 0.166153 0.220117
12.6 0 0.0933484 0.168002 0.222764
12.61 0 0.0938516 0.169088 0.224696
12.62 0 0.0939178 0.169398 0.225851
12.63 0 0.0935585 0.169015 0.226227
12.64 0 0.0928102 0.168049 0.225831
12.65 0 0.091679 0.16655 0.224631
12.66 0 0.0901642 0.16451 0.222571
12.67 0 0.0882842 0.161882 0.219606
12.68 0 0.0861007 0.158634 0.215736
12.69 0 0.0837437 0.154819 0.21105
12.7 0 0.0813125 0.150518 0.205635
12.71 0 0.0787311 0.14571 0.19944
12.72 0 0.0757936 0.140278 0.192308
12.73 0 0.072395 0.134176 0.184189
12.74 0 0.0686717 0.127552 0.175271
12.75 0 0.0648543 0.120618 0.165837
12.76 0 0.0610412 0.113471 0.156051
12.77 0 0.0571375 0.106052 0.145896
12.78 0 0.0529849 0.0982615 0.135294
12.79 0 0.0485733 0.0901354 0.124301
12.8 0 0.0440488 0.0818494 0.113112
12.81 0 0.0394635 0.0734746 0.101813
12.82 0 0.0346961 0.0648996 0.0903058
12.83 0 0.0296447 0.0560134 0.0784909
12.84 0 0.0243462 0.0468208 0.066391
12.85 0 0.0189251 0.0374078 0.0541033
12.86 0 0.0135174 0.0278965 0.0417314
12.87 0 0.00822309 0.0184124 0.0293459
12.88 0 0.00309373 0.00903754 0.0169619
12.89 0 -0.00179942 -0.000180768 0.00457334
12.9 0 -0.00637873 -0.00918099 -0.00781839
12.91 0 -0.010671 -0.0178789 -0.0201947
12.92 0 -0.0147849 -0.0262077 -0.0324848
12.93 0 -0.0187856 -0.0341462 -0.0445271
12.94 0 -0.0226723 -0.0417355 -0.0561036
12.95 0 -0.0264759 -0.0491018 -0.0670662
12.96 0 -0.0303123 -0.0564133 -0.0774012
12.97 0 -0.0343412 -0.0638055 -0.08719
12.98 0 -0.0387244 -0.0713722 -0.0965761
12.99 0 -0.0435765 -0.0791801 -0.105722
13 0 -0.0488994 -0.0872532 -0.114742
13.01 0 -0.0545853 -0.0955755 -0.123691
13.02 0 -0.0604813 -0.104118 -0.132619
13.03 0 -0.0664539 -0.112855 -0.141608
13.04 0 -0.0724354 -0.121779 -0.150807
13.05 0 -0.0784111 -0.130888 -0.160399
13.06 0 -0.0842888 -0.140083 -0.170469
13.07 0 -0.0898198 -0.149103 -0.180908
13.08 0 -0.094792 -0.157716 -0.191593
13.09 0 -0.0991899 -0.165871 -0.202546
13.1 0 -0.103092 -0.173605 -0.213833
13.11 0 -0.106519 -0.180916 -0.22542
13.12 0 -0.109401 -0.187733 -0.237137
13.13 0 -0.111717 -0.194022 -0.248828
13.14 0 -0.113589 -0.199878 -0.260442
13.15 0 -0.115208 -0.205452 -0.271963
13.16 0 -0.116738 -0.21088 -0.283341
13.17 0 -0.118269 -0.21624 -0.29445
13.18 0 -0.119826 -0.221515 -0.305105
13.19 0 -0.121417 -0.226642 -0.31512
13.2 0 -0.123044 -0.231597 -0.324323
13.21 0 -0.124691 -0.236378 -0.332564
13.22 0 -0.126327 -0.240863 -0.339717
13.23 0 -0.127859 -0.24481 -0.345697
13.24 0 -0.129121 -0.247951 -0.35046
13.25 0 -0.129973 -0.250047 -0.353925
13.26 0 -0.130346 -0.250989 -0.355999
13.27 0 -0.130234 -0.250843 -0.356659
13.28 0 -0.129649 -0.249746 -0.355917
13.29 0 -0.128595 -0.247822 -0.353778
13.3 0 -0.127107 -0.245171 -0.350275
13.31 0 -0.125302 -0.241889 -0.345527
13.32 0 -0.123338 -0.23806 -0.339709
13.33 0 -0.121297 -0.233696 -0.332945
13.34 0 -0.119134 -0.228743 -0.325271
13.35 0 -0.116737 -0.223144 -0.316682
13.36 0 -0.113975 -0.216864 -0.307167
13.37 0 -0.110725 -0.209874 -0.296722
13.38 0 -0.106897 -0.202135 -0.285355
13.39 0 -0.102435 -0.193587 -0.273076
13.4 0 -0.0973058 -0.184138 -0.259879
13.41 0 -0.0915631 -0.173773 -0.245817
13.42 0 -0.0854519 -0.162695 -0.231108
13.43 0 -0.0792652 -0.15123 -0.216018
13.44 0 -0.0730981 -0.139586 -0.200631
13.45 0 -0.0668658 -0.127827 -0.18486
13.46 0 -0.0605071 -0.115997 -0.168639
13.47 0 -0.0541188 -0.104211 -0.15205
13.48 0 -0.0478949 -0.092599 -0.135268
13.49 0 -0.0419507 -0.0811874 -0.118402
13.5 0 -0.036274 -0.0699033 -0.101464
13.51 0 -0.0308127 -0.0586954 -0.0844636
13.52 0 -0.0255454 -0.0476101 -0.0674809
13.53 0 -0.02048 -0.0367722 -0.0506641
13.54 0 -0.015615 -0.0263066 -0.0341909
13.55 0 -0.0108738 -0.0162335 -0.0182097
13.56 0 -0.0060774 -0.00641988 -0.00281226
13.57 0 -0.00107835 0.00332864 0.0118938
13.58 0 0.00407863 0.0131304 0.0257441
13.59 0 0.00925047 0.0229694 0.0386071
13.6 0 0.0144774 0.0327766 0.0505366
13.61 0 0.0199898 0.042504 0.0617693
13.62 0 0.0259077 0.0520458 0.0724928
13.63 0 0.0321638 0.0613042 0.0827863
13.64 0 0.0386581 0.0703722 0.0927667
13.65 0 0.0452471 0.0794394 0.102555
13.66 0 0.0516872 0.0885854 0.11218
13.67 0 0.057748 0.0977542 0.121656
13.68 0 0.0633102 0.106788 0.131048
13.69 0 0.068351 0.115462 0.140457
13.7 0 0.0729072 0.123572 0.149989
13.71 0 0.0770245 0.131014 0.159718
13.72 0 0.080726 0.137816 0.169674
13.73 0 0.0840175 0.144118 0.179858
13.74 0 0.0869029 0.150123 0.190243
13.75 0 0.0894131 0.156034 0.200795
13.76 0 0.0916425 0.162005 0.211495
13.77 0 0.0937567 0.168126 0.222355
13.78 0 0.095968 0.174443 0.233415
13.79 0 0.0984682 0.180977 0.244695
13.8 0 0.10135 0.187719 0.25615
13.81 0 0.104601 0.194655 0.26767
13.82 0 0.108145 0.201792 0.279122
13.83 0 0.111887 0.209136 0.290383
13.84 0 0.115737 0.216658 0.301347
13.85 0 0.119636 0.224279 0.311941
13.86 0 0.123538 0.231858 0.322111
13.87 0 0.127375 0.239187 0.331777
13.88 0 0.131022 0.246019 0.340821
13.89 0 0.134344 0.25214 0.349117
13.9 0 0.137226 0.257424 0.356572
13.91 0 0.139568 0.26181 0.363101
13.92 0 0.14126 0.265246 0.368601
13.93 0 0.14223 0.267697 0.372979
13.94 0 0.142491 0.269161 0.376196
13.95 0 0.142104 0.269646 0.378234
13.96 0 0.141174 0.269055 0.379186
13.97 0 0.139793 0.267251 0.379223
13.98 0 0.137936 0.264314 0.378338
13.99 0 0.135485 0.260494 0.376365
14 0 0.132349 0.25601 0.373135
14.01 0 0.128541 0.250976 0.368533
14.02 0 0.124205 0.245382 0.362519
14.03 0 0.119595 0.239145 0.355132
14.04 0 0.114981 0.232183 0.346447
14.05 0 0.110557 0.224483 0.33652
14.06 0 0.106366 0.216114 0.325349
14.07 0 0.102285 0.207187 0.312848
14.08 0 0.0981088 0.197807 0.298907
14.09 0 0.093705 0.188082 0.283506
14.1 0 0.0890947 0.178104 0.266769
14.11 0 0.0843886 0.167878 0.248903
14.12 0 0.0796804 0.157306 0.230102
14.13 0 0.0750253 0.146277 0.210552
14.14 0 0.0704781 0.134809 0.190486
14.15 0 0.0660972 0.123097 0.170194
14.16 0 0.0618651 0.111401 0.149935
14.17 0 0.0576399 0.0999032 0.129863
14.18 0 0.0532425 0.0886687 0.110094
14.19 0 0.0485799 0.077677 0.0908172
14.2 0 0.0436592 0.0668147 0.072328
14.21 0 0.0384838 0.055877 0.0549592
14.22 0 0.0329524 0.0446882 0.0389411
14.23 0 0.0269028 0.0332664 0.0243678
14.24 0 0.0202329 0.021835 0.0112604
14.25 0 0.0129557 0.010684 -0.000411945
14.26 0 0.00522697 5.33673e-05 -0.0107123
14.27 0 -0.00256954 -0.00990273 -0.0196911
14.28 0 -0.00986906 -0.0190862 -0.0273941
14.29 0 -0.0162506 -0.0274155 -0.0339671
14.3 0 -0.0216267 -0.0348291 -0.0397287
14.31 0 -0.026109 -0.041275 -0.0450821
14.32 0 -0.0298764 -0.0467697 -0.0504162
14.33 0 -0.0330835 -0.0514613 -0.0560267
14.34 0 -0.0357502 -0.0555571 -0.0620099
14.35 0 -0.0378275 -0.0592989 -0.0683194
14.36 0 -0.0393623 -0.0629659 -0.0749232
14.37 0 -0.0405344 -0.0667884 -0.08185
14.38 0 -0.041625 -0.0709018 -0.0891876
14.39 0 -0.0429275 -0.075346 -0.0970265
14.4 0 -0.0445813 -0.0800332 -0.105318
14.41 0 -0.0465486 -0.08482 -0.11387
14.42 0 -0.0487643 -0.0896707 -0.122514
14.43 0 -0.0511917 -0.0946668 -0.131157
14.44 0 -0.0537652 -0.0998774 -0.139699
14.45 0 -0.0563824 -0.105277 -0.148008
14.46 0 -0.0589701 -0.110763 -0.155976
14.47 0 -0.0615447 -0.116228 -0.163575
14.48 0 -0.0641748 -0.121572 -0.170834
14.49 0 -0.0668849 -0.126691 -0.177758
14.5 0 -0.0696241 -0.131493 -0.184306
14.51 0 -0.072312 -0.135956 -0.190438
14.52 0 -0.0748826 -0.140135 -0.196145
14.53 0 -0.0772743 -0.144093 -0.201426
14.54 0 -0.0794096 -0.147824 -0.206252
14.55 0 -0.0812199 -0.15125 -0.210581
14.56 0 -0.0826705 -0.154243 -0.21438
14.57 0 -0.0837486 -0.156661 -0.217616
14.58 0 -0.0844394 -0.158371 -0.220247
14.59 0 -0.0847097 -0.159284 -0.222209
14.6 0 -0.0844947 -0.159346 -0.223405
14.61 0 -0.0837022 -0.158523 -0.223701
14.62 0 -0.0822622 -0.156802 -0.22297
14.63 0 -0.0801883 -0.154212 -0.221138
14.64 0 -0.0775822 -0.150815 -0.218196
14.65 0 -0.0745733 -0.146664 -0.214147
14.66 0 -0.071262 -0.141777 -0.208966
14.67 0 -0.0677314 -0.136185 -0.202624
14.68 0 -0.0640862 -0.129989 -0.19514
14.69 0 -0.0604288 -0.123336 -0.18656
14.7 0 -0.0567992 -0.11634 -0.176905
14.71 0 -0.0531783 -0.109058 -0.166165
14.72 0 -0.0495722 -0.101535 -0.15438
14.73 0 -0.0460431 -0.0938379 -0.141671
14.74 0 -0.042666 -0.08602 -0.128198
14.75 0 -0.0395001 -0.0781332 -0.114143
14.76 0 -0.0365514 -0.0702175 -0.0996782
14.77 0 -0.0337347 -0.0622668 -0.0849304
14.78 0 -0.0309142 -0.0542467 -0.0700216
14.79 0 -0.0279681 -0.0461254 -0.0551296
14.8 0 -0.0247765 -0.0378344 -0.0404948
14.81 0 -0.0211753 -0.0292479 -0.0263646
14.82 0 -0.0169557 -0.0202537 -0.0129156
14.83 0 -0.011916 -0.0108111 -0.000208817
14.84 0 -0.0059241 -0.000932764 0.0118046
14.85 0 0.00096668 0.00934682 0.0232126
14.86 0 0.00842946 0.0199631 0.0340621
14.87 0 0.0160341 0.0307838 0.0443775
14.88 0 0.0234756 0.0415804 0.0542229
14.89 0 0.0306213 0.0520921 0.0637614
14.9 0 0.0374679 0.0621401 0.0732645
14.91 0 0.0439802 0.071613 0.0829548
14.92 0 0.0499531 0.0803964 0.092858
14.93 0 0.0550799 0.0883917 0.102846
14.94 0 0.0590759 0.095515 0.112725
14.95 0 0.061803 0.101688 0.122341
14.96 0 0.0633725 0.106899 0.131673
14.97 0 0.0640841 0.111218 0.140799
14.98 0 0.0642319 0.114712 0.149745
14.99 0 0.063954 0.117387 0.158371
15 0 0.0632964 0.119278 0.166456
15.01 0 0.0623533 0.120566 0.173837
15.02 0 0.0612022 0.121443 0.180341
15.03 0 0.0598725 0.122 0.185752
15.04 0 0.0584699 0.122301 0.189929
15.05 0 0.0571578 0.122372 0.192805
15.06 0 0.0560503 0.122141 0.194298
15.07 0 0.0552008 0.121504 0.194324
15.08 0 0.0546632 0.120442 0.192875
15.09 0 0.0545306 0.119088 0.190066
15.1 0 0.0548341 0.117619 0.186035
15.11 0 0.0554434 0.116098 0.18083
15.12 0 0.0561383 0.114469 0.174453
15.13 0 0.0567362 0.112617 0.166964
15.14 0 0.0571571 0.110424 0.158531
15.15 0 0.0573729 0.107764 0.149371
15.16 0 0.0573082 0.104481 0.139667
15.17 0 0.0568234 0.100427 0.129542
15.18 0 0.0557414 0.0955103 0.119088
15.19 0 0.0538953 0.0897071 0.108396
15.2 0 0.0511984 0.0830916 0.0975993
15.21 0 0.0476641 0.0757944 0.0868754
15.22 0 0.0433754 0.0679488 0.0764086
15.23 0 0.0384221 0.0596551 0.0663247
15.24 0 0.032879 0.050981 0.0566549
15.25 0 0.0268887 0.0420631 0.0474137
15.26 0 0.0207047 0.0331567 0.0386547
15.27 0 0.0146017 0.0245339 0.0304057
15.28 0 0.00873948 0.0163289 0.0225581
15.29 0 0.00314476 0.00848888 0.0148501
15.3 0 -0.00209785 0.000904178 0.00702444
15.31 0 -0.00678266 -0.00643383 -0.00104416
15.32 0 -0.0107835 -0.0134157 -0.00939587
15.33 0 -0.014154 -0.0199383 -0.018069
15.34 0 -0.0170436 -0.0260019 -0.0270877
15.35 0 -0.0195584 -0.0316506 -0.0363584
15.36 0 -0.0217118 -0.0369149 -0.0456556
15.37 0 -0.0235139 -0.0418398 -0.0547439
15.38 0 -0.0250209 -0.046457 -0.0634451
15.39 0 -0.0263171 -0.0507487 -0.0716348
15.4 0 -0.0275284 -0.0547148 -0.0792537
15.41 0 -0.0288184 -0.0584283 -0.0863055
15.42 0 -0.030322 -0.0620001 -0.092808
15.43 0 -0.0320872 -0.0655266 -0.0987472
15.44 0 -0.0340835 -0.0690732 -0.104081
15.45 0 -0.0362533 -0.0726758 -0.108778
15.46 0 -0.0385416 -0.076324 -0.112832
15.47 0 -0.0408976 -0.0799452 -0.116253
15.48 0 -0.0432739 -0.0834197 -0.119073
15.49 0 -0.0456151 -0.0866104 -0.121328
15.5 0 -0.0478579 -0.0894053 -0.123065
15.51 0 -0.0499724 -0.0917873 -0.124382
15.52 0 -0.0519768 -0.093855 -0.125437
15.53 0 -0.0538767 -0.0957439 -0.126383
15.54 0 -0.0556367 -0.0975593 -0.127327
15.55 0 -0.0572319 -0.0993808 -0.128369
15.56 0 -0.0586665 -0.101252 -0.129611
15.57 0 -0.0599082 -0.103113 -0.131089
15.58 0 -0.0608623 -0.104796 -0.132746
15.59 0 -0.0614671 -0.106151 -0.134526
15.6 0 -0.0617248 -0.107112 -0.136409
15.61 0 -0.0616196 -0.107635 -0.138332
15.62 0 -0.0611037 -0.107686 -0.140178
15.63 0 -0.0601369 -0.107248 -0.141813
15.64 0 -0.0587271 -0.106339 -0.143122
15.65 0 -0.0569609 -0.105021 -0.144041
15.66 0 -0.0549727 -0.103371 -0.144531
15.67 0 -0.0529066 -0.101468 -0.144564
15.68 0 -0.0509107 -0.0994048 -0.144123
15.69 0 -0.0491269 -0.0973052 -0.143216
15.7 0 -0.0476748 -0.0953108 -0.141864
15.71 0 -0.0466489 -0.09357 -0.140108
15.72 0 -0.0460894 -0.0921879 -0.137979
15.73 0 -0.0459453 -0.0911625 -0.135459
15.74 0 -0.0461367 -0.0904259 -0.132536
15.75 0 -0.0466331 -0.0899216 -0.129278
15.76 0 -0.0473985 -0.0895713 -0.125774
15.77 0 -0.0483099 -0.0892235 -0.12206
15.78 0 -0.0491967 -0.0887105 -0.11814
15.79 0 -0.0499381 -0.087946 -0.114082
15.8 0 -0.0504827 -0.0869383 -0.11003
15.81 0 -0.0508041 -0.0857413 -0.106148
15.82 0 -0.0508835 -0.0844273 -0.102584
15.83 0 -0.0507088 -0.0830671 -0.0994612
15.84 0 -0.0502669 -0.0817015 -0.0968586
15.85 0 -0.0495461 -0.0803312 -0.0948131
15.86 0 -0.0485305 -0.0789146 -0.0933092
15.87 0 -0.0472028 -0.0773875 -0.0922788
15.88 0 -0.0455672 -0.0756986 -0.0916275
15.89 0 -0.043652 -0.0738166 -0.0912476
15.9 0 -0.0414795 -0.071707 -0.0909966
15.91 0 -0.0390474 -0.0693176 -0.0906841
15.92 0 -0.0363543 -0.0665987 -0.0901026
15.93 0 -0.0334494 -0.063544 -0.0890827
15.94 0 -0.030448 -0.0602062 -0.0875206
15.95 0 -0.0274853 -0.0566595 -0.0853475
15.96 0 -0.0246731 -0.0529736 -0.0825021
15.97 0 -0.0220959 -0.0492241 -0.0789366
15.98 0 -0.0198229 -0.0454993 -0.0746333
15.99 0 -0.0179135 -0.0418885 -0.0696117
16 0 -0.0163859 -0.0384408 -0.0639013
16.01 0 -0.0151968 -0.0351321 -0.0575228
16.02 0 -0.0142693 -0.0318848 -0.0505146
16.03 0 -0.0135109 -0.028599 -0.042948
16.04 0 -0.0128052 -0.0251594 -0.0349258
16.05 0 -0.0120145 -0.0214324 -0.0265938
16.06 0 -0.0109768 -0.0172807 -0.0181351
16.07 0 -0.00950378 -0.0126101 -0.00973398
16.08 0 -0.00741291 -0.00741337 -0.00153782
16.09 0 -0.00456388 -0.00174584 0.00636464
16.1 0 -0.000891001 0.00436638 0.0139637
16.11 0 0.0035372 0.0109805 0.021327
16.12 0 0.00853045 0.0181537 0.0285552
16.13 0 0.0138969 0.0258371 0.0357534
16.14 0 0.0195064 0.0338888 0.0430477
16.15 0 0.0252602 0.0421316 0.0505877
16.16 0 0.0310666 0.0504079 0.0585266
16.17 0 0.0368312 0.0586391 0.0670054
16.18 0 0.0424439 0.0668368 0.0761255
16.19 0 0.0477937 0.0750712 0.0859431
16.2 0 0.0528085 0.0834291 0.0964924
16.21 0 0.0574432 0.0919363 0.107766
16.22 0 0.0616448 0.100479 0.119679
16.23 0 0.0653918 0.108855 0.132117
16.24 0 0.0687351 0.116894 0.144987
16.25 0 0.0717455 0.124503 0.158191
16.26 0 0.07446 0.131651 0.171594
16.27 0 0.0768816 0.138372 0.185026
16.28 0 0.0790058 0.144746 0.198307
16.29 0 0.080859 0.150878 0.211272
16.3 0 0.0825379 0.156878 0.223807
16.31 0 0.0842236 0.16286 0.235874
16.32 0 0.0861418 0.16893 0.247487
16.33 0 0.0885098 0.175189 0.258683
16.34 0 0.0914633 0.181713 0.269477
16.35 0 0.0949979 0.188519 0.279808
16.36 0 0.0990142 0.195582 0.289587
16.37 0 0.103381 0.202857 0.298744
16.38 0 0.107928 0.210222 0.307204
16.39 0 0.112444 0.217439 0.314866
16.4 0 0.116717 0.22421 0.321637
16.41 0 0.120604 0.230266 0.327488
16.42 0 0.124025 0.235424 0.332454
16.43 0 0.126879 0.239546 0.336548
16.44 0 0.129014 0.242522 0.339723
16.45 0 0.130299 0.244318 0.341936
16.46 0 0.130749 0.245047 0.34325
16.47 0 0.130538 0.24496 0.343851
16.48 0 0.129868 0.244297 0.343912
16.49 0 0.128872 0.243201 0.343519
16.5 0 0.127663 0.241777 0.342719
16.51 0 0.126359 0.240127 0.341562
16.52 0 0.125074 0.238354 0.340095
16.53 0 0.123884 0.236545 0.338345
16.54 0 0.12279 0.23472 0.336278
16.55 0 0.121723 0.232828 0.333803
16.56 0 0.120598 0.23078 0.330825
16.57 0 0.119337 0.228461 0.327256
16.58 0 0.117865 0.225735 0.323014
16.59 0 0.116153 0.222501 0.318063
16.6 0 0.114263 0.218772 0.312463
16.61 0 0.112288 0.214643 0.306321
16.62 0 0.110295 0.210243 0.299736
16.63 0 0.10833 0.205723 0.292805
16.64 0 0.106438 0.201243 0.285634
16.65 0 0.104658 0.196931 0.278333
16.66 0 0.102984 0.192822 0.270969
16.67 0 0.101352 0.188834 0.263546
16.68 0 0.0996789 0.184826 0.256049
16.69 0 0.0978901 0.180645 0.248463
16.7 0 0.0959193 0.176167 0.240782
16.71 0 0.0937173 0.171323 0.233008
16.72 0 0.0912241 0.166084 0.225129
16.73 0 0.0883429 0.160408 0.21708
16.74 0 0.0849727 0.154244 0.208764
16.75 0 0.0810899 0.147576 0.200127
16.76 0 0.0767891 0.140463 0.191198
16.77 0 0.072202 0.132973 0.182017
16.78 0 0.0674149 0.125136 0.172564
16.79 0 0.0624948 0.11699 0.1628
16.8 0 0.0575269 0.108626 0.152709
16.81 0 0.0525987 0.100165 0.142291
16.82 0 0.0477543 0.0916937 0.131513
16.83 0 0.0429634 0.0832068 0.120286
16.84 0 0.0381577 0.0746216 0.108491
16.85 0 0.0332771 0.0658182 0.0960245
16.86 0 0.0282648 0.0566497 0.0827992
16.87 0 0.0230513 0.0469568 0.0687379
16.88 0 0.017588 0.0366299 0.0538061
16.89 0 0.011872 0.0256576 0.038038
16.9 0 0.00588777 0.0140609 0.0214955
16.91 0 -0.000384044 0.00182234 0.00425154
16.92 0 -0.00690721 -0.0110447 -0.0135691
16.93 0 -0.0136714 -0.024411 -0.0317983
16.94 0 -0.0207358 -0.0380782 -0.0502843
16.95 0 -0.0281471 -0.0518628 -0.0689264
16.96 0 -0.0358985 -0.065659 -0.0876752
16.97 0 -0.0439278 -0.0794798 -0.106505
16.98 0 -0.0520918 -0.0933859 -0.125362
16.99 0 -0.0601657 -0.107367 -0.144134
17 0 -0.0679202 -0.121308 -0.162692
17.01 0 -0.0752169 -0.135028 -0.180958
17.02 0 -0.0820522 -0.14834 -0.19894
17.03 0 -0.0885028 -0.161092 -0.216694
17.04 0 -0.0946111 -0.173153 -0.23423
17.05 0 -0.100332 -0.184436 -0.251476
17.06 0 -0.105561 -0.194924 -0.268301
17.07 0 -0.110179 -0.204649 -0.284546
17.08 0 -0.114093 -0.213642 -0.300043
17.09 0 -0.11727 -0.22189 -0.314635
17.1 0 -0.119746 -0.229319 -0.328184
17.11 0 -0.121626 -0.23583 -0.340579
17.12 0 -0.123077 -0.241376 -0.35176
17.13 0 -0.124303 -0.246015 -0.361721
17.14 0 -0.125468 -0.249896 -0.370456
17.15 0 -0.12665 -0.253206 -0.377924
17.16 0 -0.127854 -0.256121 -0.384058
17.17 0 -0.129067 -0.258775 -0.388806
17.18 0 -0.130331 -0.261262 -0.392193
17.19 0 -0.131751 -0.263639 -0.394332
17.2 0 -0.133458 -0.265925 -0.395394
17.21 0 -0.135539 -0.268111 -0.395562
17.22 0 -0.137975 -0.270164 -0.394973
17.23 0 -0.140636 -0.272042 -0.393721
17.24 0 -0.143332 -0.273714 -0.391878
17.25 0 -0.145835 -0.27512 -0.389497
17.26 0 -0.147915 -0.276144 -0.386617
17.27 0 -0.149439 -0.276673 -0.383335
17.28 0 -0.150404 -0.276643 -0.379834
17.29 0 -0.150838 -0.276003 -0.376288
17.3 0 -0.150716 -0.27468 -0.372783
17.31 0 -0.149978 -0.272634 -0.36934
17.32 0 -0.148585 -0.269902 -0.36596
17.33 0 -0.146534 -0.26658 -0.362634
17.34 0 -0.14386 -0.262776 -0.359342
17.35 0 -0.140645 -0.258586 -0.356046
17.36 0 -0.136998 -0.254067 -0.352693
17.37 0 -0.133046 -0.24924 -0.349203
17.38 0 -0.128923 -0.244123 -0.345491
17.39 0 -0.12477 -0.238765 -0.341473
17.4 0 -0.120713 -0.233254 -0.337074
17.41 0 -0.116847 -0.227698 -0.332211
17.42 0 -0.113209 -0.222177 -0.326776
17.43 0 -0.109781 -0.216713 -0.320643
17.44 0 -0.106535 -0.211273 -0.313699
17.45 0 -0.103451 -0.205783 -0.305865
17.46 0 -0.100509 -0.200132 -0.297094
17.47 0 -0.0976749 -0.194194 -0.287361
17.48 0 -0.0948905 -0.187857 -0.276654
17.49 0 -0.0920767 -0.181042 -0.264979
17.5 0 -0.0891594 -0.173734 -0.252382
17.51 0 -0.0861124 -0.166 -0.238976
17.52 0 -0.0829627 -0.157972 -0.224944
17.53 0 -0.0797562 -0.149792 -0.210493
17.54 0 -0.0765112 -0.14155 -0.195808
17.55 0 -0.0731948 -0.133259 -0.181017
17.56 0 -0.0697549 -0.124886 -0.166226
17.57 0 -0.066126 -0.116366 -0.151512
17.58 0 -0.0622077 -0.10759 -0.136907
17.59 0 -0.0578869 -0.0984348 -0.122411
17.6 0 -0.0530573 -0.0887866 -0.108013
17.61 0 -0.0476156 -0.0785461 -0.0936767
17.62 0 -0.0415078 -0.067662 -0.0793744
17.63 0 -0.034776 -0.0561734 -0.0651402
17.64 0 -0.0275218 -0.0442038 -0.051034
17.65 0 -0.0198633 -0.0319244 -0.0370876
17.66 0 -0.0119456 -0.0195329 -0.023315
17.67 0 -0.00395933 -0.00723875 -0.0097325
17.68 0 0.00384217 0.00481681 0.0036874
17.69 0 0.0112488 0.0166094 0.0170697
17.7 0 0.0182414 0.0281471 0.0305897
17.71 0 0.0249168 0.0394419 0.0443922
17.72 0 0.031354 0.0505289 0.0585559
17.73 0 0.0375816 0.0614574 0.0730881
17.74 0 0.0436005 0.0722975 0.0879617
17.75 0 0.0494077 0.0831108 0.103147
17.76 0 0.0549885 0.0938966 0.118597
17.77 0 0.0603157 0.104589 0.134226
17.78 0 0.0653694 0.115089 0.149939
17.79 0 0.0701466 0.125291 0.165646
17.8 0 0.0746631 0.135122 0.181269
17.81 0 0.0789527 0.144567 0.19674
17.82 0 0.0830463 0.15366 0.211989
17.83 0 0.0869614 0.162455 0.226934
17.84 0 0.0907141 0.171009 0.241488
17.85 0 0.0943539 0.179389 0.255593
17.86 0 0.0979929 0.187685 0.269255
17.87 0 0.101781 0.195999 0.282525
17.88 0 0.105846 0.204416 0.295459
17.89 0 0.11024 0.212971 0.308068
17.9 0 0.114924 0.221641 0.320312
17.91 0 0.11981 0.230373 0.332134
17.92 0 0.124791 0.239093 0.343487
17.93 0 0.129752 0.247689 0.354324
17.94 0 0.134575 0.256019 0.364603
17.95 0 0.13915 0.263921 0.37429
17.96 0 0.143408 0.271274 0.383387
17.97 0 0.147354 0.278051 0.391967
17.98 0 0.151004 0.284282 0.400112
17.99 0 0.154314 0.289983 0.407842
18 0 0.157212 0.295158 0.415132
18.01 0 0.159649 0.299819 0.421964
18.02 0 0.161624 0.303979 0.428334
18.03 0 0.16315 0.307616 0.434223
18.04 0 0.164239 0.310671 0.439585
18.05 0 0.164903 0.313074 0.444351
18.06 0 0.165159 0.314781 0.448449
18.07 0 0.165036 0.315787 0.451811
18.08 0 0.16456 0.316124 0.454366
18.09 0 0.163741 0.315824 0.456026
18.1 0 0.162582 0.314909 0.456692
18.11 0 0.161097 0.313383 0.456277
18.12 0 0.159313 0.311232 0.454705
18.13 0 0.157266 0.308426 0.451915
18.14 0 0.154998 0.304935 0.447862
18.15 0 0.152541 0.300748 0.442519
18.16 0 0.149927 0.295882 0.435883
18.17 0 0.147182 0.290396 0.427976
18.18 0 0.144323 0.284362 0.418839
18.19 0 0.141355 0.27785 0.408528
18.2 0 0.138289 0.270924 0.397127
18.21 0 0.135155 0.263641 0.384753
18.22 0 0.131966 0.256032 0.371526
18.23 0 0.128693 0.248073 0.357542
18.24 0 0.125273 0.239716 0.342873
18.25 0 0.121632 0.230909 0.327589
18.26 0 0.117688 0.221605 0.311752
18.27 0 0.113364 0.211765 0.295422
18.28 0 0.1086 0.201363 0.278655
18.29 0 0.103349 0.190378 0.261501
18.3 0 0.0975821 0.178792 0.243997
18.31 0 0.0912899 0.166595 0.226168
18.32 0 0.0845034 0.153811 0.208051
18.33 0 0.0773027 0.140517 0.189703
18.34 0 0.0697905 0.126823 0.171186
18.35 0 0.0620698 0.112857 0.152547
18.36 0 0.0542418 0.0987565 0.133824
18.37 0 0.0463982 0.084648 0.115044
18.38 0 0.0386186 0.0706369 0.096227
18.39 0 0.0309796 0.0568075 0.0774106
18.4 0 0.0235582 0.043233 0.0586543
18.41 0 0.0164118 0.0299713 0.0400349
18.42 0 0.00955997 0.0170347 0.0216631
18.43 0 0.0029963 0.00440285 0.00369872
18.44 0 -0.00326176 -0.00793339 -0.013679
18.45 0 -0.00920005 -0.019942 -0.0303455
18.46 0 -0.0149149 -0.0315275 -0.0462746
18.47 0 -0.0205675 -0.0425724 -0.0615049
18.48 0 -0.0262578 -0.0530154 -0.0760792
18.49 0 -0.0319948 -0.0629063 -0.0900174
18.5 0 -0.0377232 -0.072406 -0.103329
18.51 0 -0.0433631 -0.0817162 -0.116038
18.52 0 -0.0488592 -0.0910063 -0.128201
18.53 0 -0.0542183 -0.100366 -0.13992
18.54 0 -0.0594832 -0.109765 -0.151307
18.55 0 -0.0646839 -0.119058 -0.162446
18.56 0 -0.0698244 -0.128066 -0.173395
18.57 0 -0.0748694 -0.136658 -0.184191
18.58 0 -0.0797254 -0.144763 -0.194825
18.59 0 -0.0842536 -0.152375 -0.205255
18.6 0 -0.0883064 -0.15951 -0.215412
18.61 0 -0.091777 -0.16618 -0.225233
18.62 0 -0.0946511 -0.172384 -0.234694
18.63 0 -0.0970137 -0.178113 -0.243819
18.64 0 -0.099001 -0.183354 -0.252648
18.65 0 -0.100746 -0.188109 -0.261199
18.66 0 -0.10235 -0.192419 -0.269464
18.67 0 -0.103868 -0.196375 -0.277407
18.68 0 -0.10533 -0.200109 -0.284973
18.69 0 -0.106748 -0.203745 -0.292107
18.7 0 -0.108135 -0.207362 -0.298749
18.71 0 -0.109529 -0.21098 -0.304865
18.72 0 -0.110992 -0.214573 -0.310445
18.73 0 -0.112596 -0.218089 -0.315505
18.74 0 -0.114382 -0.221474 -0.32006
18.75 0 -0.116332 -0.224682 -0.324102
18.76 0 -0.118359 -0.227666 -0.327593
18.77 0 -0.120333 -0.230391 -0.330482
18.78 0 -0.122123 -0.232808 -0.332722
18.79 0 -0.123636 -0.234866 -0.334301
18.8 0 -0.124857 -0.236533 -0.335274
18.81 0 -0.125833 -0.237795 -0.335741
18.82 0 -0.12661 -0.238641 -0.3358
18.83 0 -0.127185 -0.239051 -0.335502
18.84 0 -0.127516 -0.239015 -0.334858
18.85 0 -0.12756 -0.238561 -0.333882
18.86 0 -0.127296 -0.237745 -0.332591
18.87 0 -0.126723 -0.236617 -0.331008
18.88 0 -0.125866 -0.23521 -0.329156
18.89 0 -0.124774 -0.233541 -0.327064
18.9 0 -0.123499 -0.231612 -0.324748
18.91 0 -0.122082 -0.229414 -0.32221
18.92 0 -0.12055 -0.226953 -0.319433
18.93 0 -0.11891 -0.224245 -0.316388
18.94 0 -0.117142 -0.221297 -0.313018
18.95 0 -0.115209 -0.218101 -0.309252
18.96 0 -0.113087 -0.214634 -0.305021
18.97 0 -0.110765 -0.210854 -0.300266
18.98 0 -0.108242 -0.206708 -0.294932
18.99 0 -0.105525 -0.202135 -0.28897
19 0 -0.102611 -0.197081 -0.282328
19.01 0 -0.0994877 -0.19151 -0.274952
19.02 0 -0.0961489 -0.185419 -0.266804
19.03 0 -0.0925992 -0.178839 -0.257865
19.04 0 -0.0888385 -0.171799 -0.248117
19.05 0 -0.084858 -0.16431 -0.23754
19.06 0 -0.0806537 -0.156364 -0.226119
19.07 0 -0.0762288 -0.147942 -0.213849
19.08 0 -0.0715858 -0.139011 -0.200729
19.09 0 -0.0667358 -0.129556 -0.186776
19.1 0 -0.0617152 -0.119606 -0.172042
19.11 0 -0.056573 -0.109235 -0.156607
19.12 0 -0.0513483 -0.0985367 -0.140559
19.13 0 -0.0460692 -0.0876107 -0.123989
19.14 0 -0.0407622 -0.0765539 -0.107
19.15 0 -0.0354515 -0.0654452 -0.0897096
19.16 0 -0.0301458 -0.0543231 -0.0722453
19.17 0 -0.0248216 -0.0431755 -0.0547303
19.18 0 -0.0194141 -0.0319334 -0.0372969
19.19 0 -0.0138166 -0.0204798 -0.0201109
19.2 0 -0.00788239 -0.00871894 -0.0033363
19.21 0 -0.00147676 0.00334709 0.0129213
19.22 0 0.00537905 0.0156168 0.0286079
19.23 0 0.0125103 0.0279266 0.0436995
19.24 0 0.0197664 0.0400836 0.0582015
19.25 0 0.0270488 0.0519157 0.0721497
19.26 0 0.0342501 0.0633186 0.0855968
19.27 0 0.0412363 0.074252 0.0985853
19.28 0 0.0478478 0.0846997 0.111132
19.29 0 0.0539286 0.0946312 0.123235
19.3 0 0.0593613 0.103981 0.134893
19.31 0 0.0640976 0.112662 0.146128
19.32 0 0.0681709 0.120599 0.156992
19.33 0 0.0716622 0.12776 0.167548
19.34 0 0.0746497 0.134159 0.177827
19.35 0 0.0771923 0.139872 0.18783
19.36 0 0.0793405 0.145029 0.197536
19.37 0 0.0811514 0.149791 0.206914
19.38 0 0.0826982 0.154308 0.215933
19.39 0 0.0840742 0.158682 0.224559
19.4 0 0.0853922 0.162968 0.232768
19.41 0 0.0867742 0.167182 0.240546
19.42 0 0.0883248 0.171327 0.247879
19.43 0 0.0901095 0.175409 0.254748
19.44 0 0.09215 0.179454 0.261131
19.45 0 0.094416 0.183491 0.266995
19.46 0 0.0968251 0.187515 0.27229
19.47 0 0.0992778 0.191484 0.276968
19.48 0 0.1017 0.19533 0.281018
19.49 0 0.104054 0.198972 0.284469
19.5 0 0.106323 0.202324 0.287379
19.51 0 0.108474 0.205299 0.289796
19.52 0 0.110443 0.207828 0.291754
19.53 0 0.112143 0.209862 0.293265
19.54 0 0.113476 0.211377 0.294328
19.55 0 0.114363 0.212365 0.294945
19.56 0 0.114756 0.212817 0.29512
19.57 0 0.114622 0.212691 0.29484
19.58 0 0.113953 0.211929 0.294081
19.59 0 0.112784 0.210495 0.292833
19.6 0 0.111181 0.208395 0.291096
19.61 0 0.109208 0.205665 0.288855
19.62 0 0.106902 0.202359 0.286062
19.63 0 0.104276 0.198529 0.28264
19.64 0 0.101353 0.194231 0.278516
19.65 0 0.0982011 0.18954 0.273654
19.66 0 0.09492 0.184524 0.268046
19.67 0 0.0916143 0.179237 0.261701
19.68 0 0.0883816 0.173729 0.254637
19.69 0 0.0852873 0.168042 0.246872
19.7 0 0.0823473 0.162207 0.238407
19.71 0 0.0795415 0.156244 0.229246
19.72 0 0.0768334 0.15017 0.219402
19.73 0 0.0741851 0.143985 0.208914
19.74 0 0.0715714 0.137685 0.197849
19.75 0 0.0689804 0.131258 0.186301
19.76 0 0.0663997 0.12469 0.174381
19.77 0 0.0638068 0.117971 0.1622
19.78 0 0.0611673 0.1111 0.149869
19.79 0 0.0584282 0.104085 0.137488
19.8 0 0.0555141 0.0969164 0.125132
19.81 0 0.0523417 0.089567 0.11286
19.82 0 0.0488399 0.081994 0.100734
19.83 0 0.0449578 0.0741508 0.0888097
19.84 0 0.0406668 0.0659885 0.0771376
19.85 0 0.0359516 0.0574618 0.0657636
19.86 0 0.0307968 0.0485549 0.0547087
19.87 0 0.025195 0.0393059 0.0439562
19.88 0 0.0191728 0.0298126 0.033467
19.89 0 0.0128095 0.0202025 0.0231978
19.9 0 0.00624074 0.0106001 0.0131032
19.91 0 -0.000304072 0.00109907 0.00313015
19.92 0 -0.00651886 -0.00824212 -0.00679075
19.93 0 -0.0121965 -0.0173322 -0.0167499
19.94 0 -0.0173058 -0.0260308 -0.0268373
19.95 0 -0.0218951 -0.0342189 -0.0371044
19.96 0 -0.0260178 -0.0418457 -0.0475397
19.97 0 -0.0297037 -0.0489376 -0.0580684
19.98 0 -0.0329628 -0.0555773 -0.0685728
19.99 0 -0.0358137 -0.0618576 -0.0789338
20 0 -0.038305 -0.0678426 -0.0890649
20.01 0 -0.0405042 -0.0735434 -0.0988892
20.02 0 -0.0424749 -0.0789171 -0.10831
20.03 0 -0.0442884 -0.0839153 -0.117244
20.04 0 -0.0460372 -0.0885419 -0.125652
20.05 0 -0.0478034 -0.092854 -0.133511
20.06 0 -0.0496306 -0.096936 -0.140791
20.07 0 -0.0515293 -0.100877 -0.14746
20.08 0 -0.0534968 -0.104751 -0.153493
20.09 0 -0.0555378 -0.108601 -0.15889
20.1 0 -0.0576719 -0.112434 -0.163682
20.11 0 -0.0599274 -0.116224 -0.167923
20.12 0 -0.0623198 -0.11993 -0.171678
20.13 0 -0.0648276 -0.123502 -0.175004
20.14 0 -0.0673889 -0.126896 -0.177942
20.15 0 -0.0699132 -0.130084 -0.180528
20.16 0 -0.0722921 -0.133039 -0.182788
20.17 0 -0.0744138 -0.135717 -0.184737
20.18 0 -0.076185 -0.138052 -0.186391
20.19 0 -0.0775554 -0.139977 -0.187781
20.2 0 -0.0785255 -0.141444 -0.18896
20.21 0 -0.0791239 -0.142435 -0.189986
20.22 0 -0.0793858 -0.142967 -0.190906
20.23 0 -0.0793428 -0.143092 -0.191744
20.24 0 -0.0790195 -0.142892 -0.192508
20.25 0 -0.0784371 -0.142448 -0.19318
20.26 0 -0.077621 -0.141824 -0.193729
20.27 0 -0.0766158 -0.141058 -0.194119
20.28 0 -0.0754893 -0.14017 -0.194325
20.29 0 -0.0743206 -0.139166 -0.194322
20.3 0 -0.0731839 -0.138053 -0.194089
20.31 0 -0.0721363 -0.136853 -0.1936
20.32 0 -0.071214 -0.135607 -0.19283
20.33 0 -0.0704337 -0.134368 -0.19176
20.34 0 -0.0697995 -0.133191 -0.190376
20.35 0 -0.0693136 -0.132114 -0.188681
20.36 0 -0.068984 -0.131155 -0.186699
20.37 0 -0.0688151 -0.130303 -0.184464
20.38 0 -0.068787 -0.129508 -0.182004
20.39 0 -0.0688494 -0.128695 -0.17933
20.4 0 -0.068933 -0.127787 -0.176451
20.41 0 -0.0689557 -0.126715 -0.173372
20.42 0 -0.0688281 -0.125417 -0.170095
20.43 0 -0.0684621 -0.123837 -0.166615
20.44 0 -0.0677861 -0.121922 -0.162928
20.45 0 -0.0667556 -0.119629 -0.159038
20.46 0 -0.0653491 -0.116918 -0.154945
20.47 0 -0.0635588 -0.113757 -0.150644
20.48 0 -0.0613859 -0.110121 -0.14611
20.49 0 -0.0588417 -0.106007 -0.141311
20.5 0 -0.0559547 -0.101438 -0.136214
20.51 0 -0.05277 -0.0964631 -0.130785
20.52 0 -0.0493429 -0.091139 -0.124989
20.53 0 -0.0457354 -0.0855237 -0.118787
20.54 0 -0.0420027 -0.079657 -0.112132
20.55 0 -0.0381782 -0.0735471 -0.104958
20.56 0 -0.0342836 -0.0671825 -0.0971906
20.57 0 -0.0303361 -0.0605449 -0.0887687
20.58 0 -0.026346 -0.0536136 -0.0796415
20.59 0 -0.0223283 -0.0463856 -0.0697876
20.6 0 -0.0183143 -0.0388903 -0.0592278
20.61 0 -0.0143369 -0.0311711 -0.0480084
20.62 0 -0.0104104 -0.0232723 -0.0361909
20.63 0 -0.00652732 -0.0152317 -0.0238686
20.64 0 -0.00268638 -0.00706277 -0.0111865
20.65 0 0.00108407 0.00124398 0.00166347
20.66 0 0.00477302 0.0096812 0.0144795
20.67 0 0.00845469 0.0181741 0.0271017
20.68 0 0.0122704 0.026596 0.0394302
20.69 0 0.0163403 0.0348347 0.0514031
20.7 0 0.0206958 0.0428372 0.0629688
20.71 0 0.0252689 0.0506244 0.0740649
20.72 0 0.0299279 0.0582688 0.0846179
20.73 0 0.0345339 0.0658427 0.094571
20.74 0 0.0389901 0.0733689 0.103912
20.75 0 0.0432641 0.0807948 0.112679
20.76 0 0.0473757 0.0880065 0.120948
20.77 0 0.0513616 0.0948713 0.128812
20.78 0 0.0552353 0.101284 0.136348
20.79 0 0.0589597 0.107198 0.143601
20.8 0 0.0624466 0.11263 0.150579
20.81 0 0.065584 0.117633 0.157268
20.82 0 0.0682757 0.122262 0.163645
20.83 0 0.0704755 0.126536 0.169696
20.84 0 0.0722021 0.130432 0.175428
20.85 0 0.073527 0.133894 0.180862
20.86 0 0.0745415 0.136869 0.186013
20.87 0 0.0753216 0.139331 0.190872
20.88 0 0.0759073 0.141305 0.195404
20.89 0 0.0763047 0.142863 0.199547
20.9 0 0.0765053 0.1441 0.203227
20.91 0 0.0765121 0.145101 0.20638
20.92 0 0.0763579 0.14592 0.208959
20.93 0 0.0761081 0.146565 0.210942
20.94 0 0.0758491 0.147019 0.212329
20.95 0 0.0756694 0.147263 0.213138
20.96 0 0.0756368 0.147307 0.213398
20.97 0 0.0757776 0.147195 0.213135
20.98 0 0.0760757 0.146992 0.212371
20.99 0 0.0764895 0.146769 0.211132
21 0 0.076978 0.14658 0.209462
21.01 0 0.0775164 0.146447 0.207429
21.02 0 0.0780771 0.146329 0.205103
21.03 0 0.078616 0.146132 0.202535
21.04 0 0.0790972 0.145762 0.199791
21.05 0 0.0794875 0.145158 0.196941
21.06 0 0.0797311 0.144287 0.194041
21.07 0 0.0797551 0.143144 0.191122
21.08 0 0.0794867 0.141739 0.188205
21.09 0 0.0788708 0.140087 0.185301
21.1 0 0.0778858 0.13819 0.182422
21.11 0 0.0765467 0.136037 0.179577
21.12 0 0.0748965 0.13361 0.176771
21.13 0 0.0729906 0.130899 0.173997
21.14 0 0.0708764 0.127907 0.171225
21.15 0 0.0685805 0.124648 0.168393
21.16 0 0.0661168 0.121156 0.165421
21.17 0 0.0634996 0.117467 0.162222
21.18 0 0.0607538 0.113616 0.158714
21.19 0 0.0579196 0.109616 0.154823
21.2 0 0.0550499 0.105469 0.150487
21.21 0 0.0522011 0.101162 0.145657
21.22 0 0.0494196 0.0966868 0.14029
21.23 0 0.0467318 0.0920388 0.134352
21.24 0 0.044142 0.0872268 0.127813
21.25 0 0.0416397 0.0822703 0.120657
21.26 0 0.0392061 0.0771903 0.112888
21.27 0 0.0368194 0.0719979 0.104527
21.28 0 0.0344578 0.0666873 0.0956133
21.29 0 0.0320992 0.0612353 0.0862084
21.3 0 0.0297176 0.0556031 0.0763929
21.31 0 0.0272765 0.0497493 0.066257
21.32 0 0.0247223 0.0436461 0.0558921
21.33 0 0.0219852 0.0372717 0.0454041
21.34 0 0.0189872 0.0305974 0.0349237
21.35 0 0.0156475 0.0236013 0.0245911
21.36 0 0.0118885 0.0162923 0.0145289
21.37 0 0.00765351 0.00871932 0.00481958
21.38 0 0.00293626 0.000958126 -0.00450078
21.39 0 -0.00214594 -0.00692841 -0.0134299
21.4 0 -0.00736322 -0.0148909 -0.0219963
21.41 0 -0.0125316 -0.0228439 -0.0302693
21.42 0 -0.0175744 -0.0306604 -0.0383513
21.43 0 -0.0224515 -0.0382114 -0.0463491
21.44 0 -0.0271144 -0.0454008 -0.0543462
21.45 0 -0.0314939 -0.0521867 -0.062386
21.46 0 -0.0355038 -0.0585843 -0.0704679
21.47 0 -0.039063 -0.064642 -0.0785599
21.48 0 -0.0421267 -0.0703987 -0.0866269
21.49 0 -0.0447074 -0.0758521 -0.0946503
21.5 0 -0.0468701 -0.0809651 -0.102621
21.51 0 -0.0487082 -0.0856956 -0.110521
21.52 0 -0.0503121 -0.0900262 -0.118312
21.53 0 -0.0517466 -0.0939788 -0.125934
21.54 0 -0.0530457 -0.0976097 -0.13331
21.55 0 -0.0542237 -0.100996 -0.140356
21.56 0 -0.0552941 -0.104212 -0.146989
21.57 0 -0.0562862 -0.107312 -0.15314
21.58 0 -0.0572509 -0.110315 -0.158764
21.59 0 -0.058253 -0.113209 -0.163837
21.6 0 -0.0593531 -0.115964 -0.168344
21.61 0 -0.0605899 -0.118557 -0.17228
21.62 0 -0.0619692 -0.120978 -0.175639
21.63 0 -0.0634625 -0.123237 -0.178418
21.64 0 -0.0650174 -0.125354 -0.180618
21.65 0 -0.0665742 -0.127341 -0.182253
21.66 0 -0.0680816 -0.129189 -0.183355
21.67 0 -0.0695036 -0.130865 -0.183975
21.68 0 -0.0708187 -0.132318 -0.184176
21.69 0 -0.0720092 -0.133496 -0.184031
21.7 0 -0.0730493 -0.134355 -0.183604
21.71 0 -0.0738986 -0.134873 -0.182946
21.72 0 -0.0745048 -0.135047 -0.182095
21.73 0 -0.0748147 -0.134889 -0.181075
21.74 0 -0.0747871 -0.13441 -0.179902
21.75 0 -0.0744039 -0.133613 -0.178587
21.76 0 -0.0736728 -0.132492 -0.177139
21.77 0 -0.0726231 -0.131034 -0.175562
21.78 0 -0.0712947 -0.129228 -0.173848
21.79 0 -0.0697276 -0.12708 -0.171976
21.8 0 -0.067955 -0.124611 -0.169908
21.81 0 -0.066004 -0.12186 -0.167596
21.82 0 -0.063901 -0.118873 -0.164987
21.83 0 -0.0616772 -0.115694 -0.162026
21.84 0 -0.0593732 -0.112352 -0.158668
21.85 0 -0.0570373 -0.108866 -0.154877
21.86 0 -0.0547201 -0.10524 -0.150626
21.87 0 -0.0524643 -0.101479 -0.145898
21.88 0 -0.050297 -0.0975864 -0.140678
21.89 0 -0.0482257 -0.0935746 -0.134961
21.9 0 -0.0462401 -0.0894573 -0.128745
21.91 0 -0.0443175 -0.0852449 -0.122042
21.92 0 -0.0424305 -0.0809384 -0.114873
21.93 0 -0.0405512 -0.0765264 -0.107275
21.94 0 -0.0386522 -0.0719865 -0.0992978
21.95 0 -0.0367037 -0.0672862 -0.0910044
21.96 0 -0.0346716 -0.0623879 -0.0824703
21.97 0 -0.0325142 -0.0572601 -0.0737704
21.98 0 -0.0301814 -0.0518854 -0.0649719
21.99 0 -0.0276171 -0.0462549 -0.0561457
22 0 -0.0247653 -0.0403609 -0.0473733
22.01 0 -0.0215793 -0.0341992 -0.0387335
22.02 0 -0.018026 -0.0277754 -0.0302915
22.03 0 -0.0140896 -0.0211094 -0.0220908
22.04 0 -0.00978388 -0.0142368 -0.0141438
22.05 0 -0.00515493 -0.00721214 -0.00642973
22.06 0 -0.000326701 -9.20379e-05 0.00109578
22.07 0 0.00447051 0.00707582 0.00849326
22.08 0 0.00903658 0.0142044 0.0158479
22.09 0 0.013313 0.0211473 0.0232636
22.1 0 0.0173119 0.0277636 0.0308252
22.11 0 0.0210331 0.0339774 0.0385638
22.12 0 0.0244456 0.0397913 0.0464483
22.13 0 0.0274984 0.0452659 0.054402
22.14 0 0.0301545 0.0504747 0.0623296
22.15 0 0.0324212 0.0554623 0.0701445
22.16 0 0.0343576 0.0602256 0.0777899
22.17 0 0.0360582 0.0647265 0.085236
22.18 0 0.0376244 0.0689252 0.0924549
22.19 0 0.0391365 0.0728095 0.0994028
22.2 0 0.0406357 0.076407 0.106018
22.21 0 0.0421261 0.0797756 0.112232
22.22 0 0.0435901 0.0829837 0.117978
22.23 0 0.045012 0.0860862 0.123207
22.24 0 0.0463958 0.0891061 0.12789
22.25 0 0.0477694 0.0920287 0.132026
22.26 0 0.049173 0.0948122 0.135633
22.27 0 0.0506394 0.0974089 0.138741
22.28 0 0.0521751 0.0997854 0.141379
22.29 0 0.0537495 0.101932 0.143567
22.3 0 0.0553004 0.103856 0.145316
22.31 0 0.0567555 0.105577 0.146642
22.32 0 0.0580527 0.107102 0.147569
22.33 0 0.0591511 0.108416 0.148133
22.34 0 0.0600348 0.109481 0.148383
22.35 0 0.0607038 0.110248 0.14837
22.36 0 0.0611612 0.110673 0.148139
