0.01 0 -0.0748391 -0.0805395 -0.0784391
0.02 0 -0.0613781 -0.0841774 -0.0769716
0.03 0 -0.042813 -0.0868857 -0.0772664
0.04 0 -0.0263232 -0.0831883 -0.0813167
0.05 0 -0.0162789 -0.0710831 -0.0894061
0.06 0 -0.0122215 -0.0531618 -0.0989921
0.07 0 -0.0104405 -0.0355299 -0.106074
0.08 0 -0.006749 -0.0238594 -0.106816
0.09 0 0.000217755 -0.020452 -0.099681
0.1 0 0.00810466 -0.0230611 -0.0856709
0.11 0 0.0123448 -0.0269304 -0.0676184
0.12 0 0.00941627 -0.0277592 -0.048576
0.13 0 -0.000760295 -0.0241409 -0.0305003
0.14 0 -0.0143795 -0.0177564 -0.0136462
0.15 0 -0.0258037 -0.0117265 0.00271403
0.16 0 -0.0306852 -0.00836194 0.0190016
0.17 0 -0.0277689 -0.00743128 0.03453
0.18 0 -0.019182 -0.00646325 0.047267
0.19 0 -0.00872284 -0.00215289 0.0550854
0.2 0 0.000432399 0.00751452 0.0570361
0.21 0 0.00770844 0.0221766 0.0543196
0.22 0 0.0143784 0.0386066 0.0493269
0.23 0 0.0228626 0.0532122 0.0454058
0.24 0 0.034034 0.0634049 0.0448862
0.25 0 0.045636 0.0683435 0.0478584
0.26 0 0.0540207 0.069621 0.0533513
0.27 0 0.0569318 0.0705475 0.0610021
0.28 0 0.0530928 0.0722648 0.069753
0.29 0 0.0441217 0.074291 0.0794838
0.3 0 0.0331411 0.0746379 0.0901326
0.31 0 0.023722 0.072062 0.101762
0.32 0 0.0172979 0.066285 0.113026
0.33 0 0.0137042 0.0590533 0.122116
0.34 0 0.0135524 0.0548782 0.128988
0.35 0 0.0144718 0.0546949 0.131185
0.36 0 0.00276645 0.044465 0.114463
0.37 0 -0.0168798 0.0238071 0.0817099
0.38 0 -0.00449504 0.0286668 0.0722594
0.39 0 0.0159982 0.037651 0.0652275
0.4 0 0.0341066 0.0462234 0.0552055
0.41 0 0.0530861 0.0621878 0.0503821
0.42 0 0.050136 0.0626003 0.0310884
0.43 0 0.0211158 0.0364182 -0.00748907
0.44 0 -0.0196625 -0.0121927 -0.0552846
0.45 0 -0.0250209 -0.0392858 -0.0686623
0.46 0 0.0717866 0.0380184 0.0241195
0.47 0 0.130117 0.105603 0.0945383
0.48 0 0.0681109 0.0847202 0.0640823
0.49 0 -0.00410606 0.0563741 0.0313401
0.5 0 -0.058486 0.0152371 0.00876765
0.51 0 -0.0475041 -0.000296606 0.0356509
0.52 0 -0.0241536 -0.0226596 0.0610621
0.53 0 -0.0266442 -0.0598934 0.0525395
0.54 0 -0.0475033 -0.0879659 0.0198602
0.55 0 -0.0579831 -0.0818724 -0.00974753
0.56 0 0.0441371 0.0514133 0.0686762
0.57 0 0.0200049 0.0607761 0.0217162
0.58 0 -0.164233 -0.12276 -0.193485
0.59 0 -0.168821 -0.188787 -0.251593
0.6 0 0.101899 -0.00314054 -0.0426619
0.61 0 0.32409 0.198579 0.151477
0.62 0 0.187586 0.140145 0.0429755
0.63 0 -0.0159985 0.0478215 -0.0986828
0.64 0 -0.205997 -0.0966514 -0.234605
0.65 0 -0.314905 -0.279292 -0.329642
0.66 0 0.0243188 -0.0798596 -0.00917268
0.67 0 0.0230931 -0.171211 -0.025501
0.68 0 -0.107928 -0.291725 -0.156457
0.69 0 -0.186724 -0.294404 -0.236637
0.7 0 -0.358692 -0.401271 -0.436702
0.71 0 -0.393651 -0.452109 -0.548176
0.72 0 0.0145695 -0.124065 -0.248107
0.73 0 0.147259 -0.047782 -0.205029
0.74 0 0.0312974 -0.154695 -0.365684
0.75 0 0.205601 0.0821792 -0.187748
0.76 0 0.327821 0.309549 -0.00287917
0.77 0 0.256538 0.356605 0.0484867
0.78 0 -0.015479 0.150179 -0.0703627
0.79 0 -0.224837 -0.103788 -0.141765
0.8 0 -0.136274 -0.145505 0.0464148
0.81 0 0.167596 0.0627968 0.433121
0.82 0 0.374574 0.334183 0.747111
0.83 0 0.0105587 0.182807 0.512371
0.84 0 -0.687677 -0.346962 -0.114048
0.85 0 -0.648382 -0.366026 -0.142417
0.86 0 0.361932 0.437911 0.700214
0.87 0 0.995761 0.987159 1.20563
0.88 0 -0.00885234 0.0899883 0.158856
0.89 0 -0.992869 -0.844711 -0.898668
0.9 0 -0.301564 -0.323532 -0.392241
0.91 0 0.999948 0.798388 0.723705
0.92 0 1.33365 1.23424 1.0379
0.93 0 0.125532 0.349697 -0.0226346
0.94 0 -0.802929 -0.405189 -0.802876
0.95 0 0.323183 0.592906 0.392903
0.96 0 0.614237 0.676696 0.761282
0.97 0 -0.291561 -0.35553 -0.0293006
0.98 0 -1.07323 -1.25567 -0.756943
0.99 0 -0.710155 -1.04572 -0.470448
1 0 0.491854 0.137565 0.602013
1.01 0 1.60209 1.59522 1.69922
1.02 0 0.962117 1.60372 1.23221
1.03 0 -1.34827 -0.303483 -0.906241
1.04 0 -2.49892 -1.88606 -2.18607
1.05 0 -0.368423 -0.857418 -0.504732
1.06 0 1.99309 0.692296 1.44845
1.07 0 2.07226 1.01945 1.50161
1.08 0 -0.736936 -0.773261 -1.03387
1.09 0 -1.39803 -0.612596 -1.47834
1.1 0 0.708233 1.65143 0.67443
1.11 0 0.945567 1.59791 0.945459
1.12 0 0.356491 0.55755 0.462509
1.13 0 -0.164444 -0.394566 0.0847625
1.14 0 -0.828079 -1.34857 -0.466911
1.15 0 -0.226076 -0.78781 0.188654
1.16 0 1.27866 1.09844 1.78666
1.17 0 1.09305 1.70304 1.83081
1.18 0 -0.656674 0.64982 0.323449
1.19 0 -2.02219 -0.784692 -1.06337
1.2 0 -1.56695 -1.3111 -1.02419
1.21 0 0.230233 -0.761659 0.144402
1.22 0 0.899505 -0.714699 0.290825
1.23 0 0.131197 -1.15532 -0.756671
1.24 0 0.31871 -0.0339303 -0.661122
1.25 0 -0.0607285 0.509468 -1.04655
1.26 0 -0.6714 0.212626 -1.69994
1.27 0 -0.68078 -0.333118 -1.86627
1.28 0 -0.437573 -1.16675 -1.84643
1.29 0 0.617205 -1.02685 -0.915208
1.3 0 1.35339 -0.363511 -0.00219919
1.31 0 1.43475 0.664522 0.641772
1.32 0 -0.0442696 0.606421 -0.0373718
1.33 0 -1.68408 -0.113206 -0.983857
1.34 0 -2.51193 -1.21735 -1.53951
1.35 0 -1.60125 -1.62126 -0.830837
1.36 0 0.0306322 -1.39067 0.371284
1.37 0 1.11147 -0.762098 1.13493
1.38 0 0.620994 -0.442877 0.594083
1.39 0 -0.76514 -0.40986 -0.720481
1.4 0 -1.1039 0.238241 -1.12766
1.41 0 -0.226417 1.08773 -0.554201
1.42 0 0.562187 1.00844 -0.178653
1.43 0 0.525264 -0.136654 -0.553831
1.44 0 0.40668 -1.0078 -0.819699
1.45 0 1.13541 -0.26596 0.033919
1.46 0 1.44471 0.904159 0.794478
1.47 0 0.468248 1.19483 0.503268
1.48 0 -0.411134 1.21533 0.301452
1.49 0 -0.877148 0.737338 0.287027
1.5 0 -0.824343 -0.0846941 0.493991
1.51 0 0.191039 -0.178772 1.47355
1.52 0 1.05751 0.164428 2.32835
1.53 0 0.167649 -0.31803 1.54511
1.54 0 -1.14538 -0.728818 0.303499
1.55 0 -1.27961 -0.210461 -0.013114
1.56 0 -0.220599 0.862615 0.570328
1.57 0 0.645391 1.23621 0.819789
1.58 0 0.854341 0.813018 0.456523
1.59 0 0.942951 0.459601 0.139784
1.6 0 0.759665 0.192171 -0.229447
1.61 0 0.510495 0.17123 -0.460188
1.62 0 0.609829 0.63775 -0.182093
1.63 0 0.639605 0.99977 0.150754
1.64 0 0.102796 0.605643 -0.0167938
1.65 0 -0.459255 -0.108375 -0.238169
1.66 0 -0.588563 -0.624258 -0.125172
1.67 0 0.270464 -0.090627 0.911508
1.68 0 -0.0585838 -0.396192 0.761954
1.69 0 -0.569361 -0.574371 0.395856
1.7 0 0.746098 1.22222 1.79732
1.71 0 0.556831 1.52791 1.67666
1.72 0 -0.507535 0.668998 0.600269
1.73 0 -1.07581 -0.271226 -0.192564
1.74 0 -0.76946 -0.818046 -0.344855
1.75 0 0.531753 -0.326577 0.422424
1.76 0 1.65688 0.644157 1.1921
1.77 0 1.28467 0.931672 0.778239
1.78 0 -0.130193 0.468912 -0.484178
1.79 0 -1.29658 -0.257441 -1.56978
1.8 0 -1.23366 -0.678383 -1.66653
1.81 0 -0.032702 -0.548695 -0.786489
1.82 0 0.747332 -0.640495 -0.249819
1.83 0 0.515795 -0.974924 -0.482521
1.84 0 0.116744 -0.717688 -0.655491
1.85 0 -0.30231 -0.183649 -0.749887
1.86 0 -0.675341 0.104838 -0.853587
1.87 0 -0.663502 0.119906 -0.728622
1.88 0 -0.422182 -0.232573 -0.526892
1.89 0 -0.0425959 -0.624039 -0.247887
1.9 0 0.158469 -0.874745 -0.0958464
1.91 0 -0.0120978 -0.923895 -0.211375
1.92 0 -0.501777 -0.860839 -0.591261
1.93 0 -0.800823 -0.583876 -0.836709
1.94 0 -0.584864 -0.128119 -0.698526
1.95 0 -0.205165 0.067831 -0.511766
1.96 0 -0.249292 -0.436507 -0.800577
1.97 0 0.494806 -0.132162 -0.260267
1.98 0 0.41163 -0.342714 -0.409922
1.99 0 -0.154635 -0.699871 -0.906808
2 0 -0.438299 -0.658795 -1.07118
2.01 0 -0.288061 -0.285817 -0.817007
2.02 0 0.0434147 0.0986641 -0.397866
2.03 0 0.359006 0.369398 0.0306712
2.04 0 0.558991 0.552006 0.414508
2.05 0 0.267746 0.334267 0.383412
2.06 0 -0.0508463 0.132737 0.350492
2.07 0 0.0609397 0.345272 0.721549
2.08 0 0.246314 0.621291 1.12909
2.09 0 -0.206418 0.235572 0.842568
2.1 0 -0.535811 -0.129281 0.565016
2.11 0 -0.168702 0.0972289 0.84758
2.12 0 -0.280732 -0.172254 0.544617
2.13 0 -0.565938 -0.59907 -0.0279958
2.14 0 -0.631114 -0.815824 -0.483984
2.15 0 -0.00308424 -0.315394 -0.305812
2.16 0 0.695168 0.391837 -0.00471605
2.17 0 0.522089 0.383074 -0.43811
2.18 0 0.228535 0.251034 -0.864093
2.19 0 0.044155 0.0528872 -1.09858
2.2 0 0.468572 0.293853 -0.641566
2.21 0 1.38405 1.09201 0.475501
2.22 0 1.90675 1.84402 1.48108
2.23 0 0.780221 1.26697 1.09402
2.24 0 -0.833853 0.100926 0.245616
2.25 0 0.372323 1.38669 2.06707
2.26 0 -0.40099 0.432923 1.74003
2.27 0 -1.65571 -1.19668 0.676792
2.28 0 -0.804454 -0.79616 1.40031
2.29 0 0.175773 0.00357969 2.05121
2.3 0 -0.526763 -0.479365 0.917902
2.31 0 -1.25436 -0.916039 -0.403894
2.32 0 -0.330096 0.0296326 -0.27145
2.33 0 0.613696 0.730013 -0.183047
2.34 0 1.54102 1.37515 0.0357178
2.35 0 1.83968 1.56873 -0.0551458
2.36 0 1.40203 1.23346 -0.508636
2.37 0 0.768088 0.754068 -0.852682
2.38 0 0.884113 0.954926 -0.227972
2.39 0 0.937587 1.06934 0.515559
2.4 0 0.0543883 0.271338 0.434595
2.41 0 -0.610545 -0.33887 0.539647
2.42 0 -0.86259 -0.597335 0.893095
2.43 0 -1.4804 -1.27551 0.620257
2.44 0 -1.86681 -1.79946 0.232611
2.45 0 -1.1001 -1.19489 0.649877
2.46 0 -0.537233 -0.679104 0.62168
2.47 0 -1.26007 -1.37766 -0.868202
2.48 0 -0.48846 -0.683623 -1.01191
2.49 0 0.719062 0.371302 -0.723329
2.5 0 1.57684 1.17446 -0.570744
2.51 0 1.55675 1.25974 -0.941472
2.52 0 1.1316 0.979252 -1.35312
2.53 0 0.559124 0.418674 -1.62487
2.54 0 0.0189418 -0.312275 -1.67774
2.55 0 0.438658 -0.135358 -0.632664
2.56 0 0.869914 0.320985 0.590286
2.57 0 -0.0952902 -0.226369 0.545886
2.58 0 -1.08693 -0.665279 0.415705
2.59 0 -1.80053 -1.08167 0.272112
2.6 0 -2.24005 -1.69447 -0.0391314
2.61 0 -2.11158 -2.12028 -0.240358
2.62 0 -0.932946 -1.57476 0.232177
2.63 0 -0.553603 -1.48448 -0.255343
2.64 0 -0.690009 -1.50775 -1.30667
2.65 0 0.0170967 -0.485881 -1.49412
2.66 0 0.764442 0.552554 -1.52396
2.67 0 1.14137 1.05589 -1.68865
2.68 0 1.28217 1.092 -1.78076
2.69 0 1.28622 0.836649 -1.65551
2.7 0 1.16692 0.483725 -1.28873
2.71 0 0.843195 0.143337 -0.790896
2.72 0 0.719008 0.31896 0.165583
2.73 0 0.717429 0.926113 1.41016
2.74 0 -1.05065 -0.185494 0.860372
2.75 0 -3.93057 -2.94235 -1.21312
2.76 0 -2.7248 -2.39982 0.115046
2.77 0 -0.746542 -1.27929 1.68826
2.78 0 0.632998 -0.131984 2.48934
2.79 0 1.38028 1.31436 2.73447
2.8 0 0.552617 1.67312 1.50637
2.81 0 -0.18347 1.71948 0.316104
2.82 0 -0.357731 1.27841 -0.49566
2.83 0 0.0283013 0.41195 -0.88998
2.84 0 0.989709 -0.139876 -0.641281
2.85 0 2.59399 0.687574 0.637546
2.86 0 3.43228 2.11118 1.78628
2.87 0 1.58124 1.92904 0.852789
2.88 0 -1.03731 0.848599 -0.675129
2.89 0 -2.85954 -0.765257 -1.75483
2.9 0 -2.4119 -1.66575 -1.15961
2.91 0 0.0317299 -1.1019 1.04783
2.92 0 2.54137 0.548151 3.42894
2.93 0 3.74869 2.84086 5.01758
2.94 0 -0.0836191 1.3747 1.95052
2.95 0 -4.33844 -1.23309 -1.85799
2.96 0 -2.92044 -0.305892 -0.851166
2.97 0 -0.362988 0.105986 0.621172
2.98 0 1.70832 0.0151572 1.51699
2.99 0 2.47173 0.0297484 1.51658
3 0 3.14981 1.81117 2.07553
3.01 0 3.19066 4.18885 2.62327
3.02 0 -0.780802 2.25065 -0.593156
3.03 0 -4.07752 -1.03512 -3.55033
3.04 0 -1.78017 -1.00959 -1.60941
3.05 0 1.72174 -0.332829 1.30241
3.06 0 3.72464 0.498414 3.18259
3.07 0 0.884914 -1.11605 0.900764
3.08 0 -1.88608 -1.45844 -1.07745
3.09 0 -2.7127 -0.515513 -1.48671
3.1 0 -1.77082 0.528349 -0.730124
3.11 0 0.324352 1.31845 0.763269
3.12 0 1.15417 0.488199 0.94111
3.13 0 0.500792 -1.20938 -0.16353
3.14 0 -0.110727 -1.87766 -0.991808
3.15 0 0.39896 -0.575622 -0.507519
3.16 0 0.688884 0.91482 -0.0836237
3.17 0 1.00145 2.25633 0.4781
3.18 0 0.958249 2.61071 0.747343
3.19 0 0.246844 1.50559 0.350315
3.2 0 -0.33616 -0.065342 0.0225851
3.21 0 0.781798 0.0597913 1.36233
3.22 0 3.34452 2.38934 4.27534
3.23 0 2.36307 1.95408 3.60932
3.24 0 -0.000588052 0.785055 1.62228
3.25 0 -1.60437 0.190947 0.263615
3.26 0 -1.6725 0.296319 0.156663
3.27 0 -0.779505 0.465564 0.722096
3.28 0 -0.72401 -0.653411 0.280106
3.29 0 -0.662998 -1.65266 -0.233178
3.3 0 -0.655774 -2.16776 -0.814435
3.31 0 0.391633 -0.927947 -0.296515
3.32 0 1.19762 0.64902 0.120077
3.33 0 -0.205255 0.13271 -1.55195
3.34 0 -2.6178 -1.97666 -4.25559
3.35 0 -4.04641 -4.14622 -6.15066
3.36 0 -0.791994 -2.34781 -3.48679
3.37 0 3.09743 0.420878 -0.0142882
3.38 0 1.0446 -1.59136 -2.04143
3.39 0 -1.7852 -3.5384 -4.55958
3.4 0 -3.46305 -4.26174 -5.87796
3.41 0 -2.5844 -2.94863 -4.74509
3.42 0 -0.955899 -1.63954 -3.08259
3.43 0 -0.435449 -1.68766 -2.54304
3.44 0 -1.14705 -2.82965 -3.17182
3.45 0 -2.13531 -3.97863 -4.05131
3.46 0 -3.30921 -5.18438 -5.22762
3.47 0 -3.99783 -5.97366 -6.14963
3.48 0 -1.20158 -3.26624 -3.74684
3.49 0 1.79525 0.139745 -0.973617
3.5 0 1.90992 1.32546 -0.659698
3.51 0 -0.20803 0.407119 -2.17565
3.52 0 -1.50994 -0.3428 -2.79992
3.53 0 -0.394523 0.354218 -1.07381
3.54 0 0.072082 -0.086706 0.00276627
3.55 0 -0.0053405 -0.862615 0.606513
3.56 0 -0.123021 -0.99816 1.23177
3.57 0 -0.329625 -0.866122 1.46594
3.58 0 -0.685048 -0.380617 1.42275
3.59 0 -0.924531 0.139789 1.19259
3.6 0 -0.711004 0.588917 1.04288
3.61 0 -0.242693 0.758361 0.90168
3.62 0 -0.0947418 0.49554 0.50083
3.63 0 -0.200788 -0.152928 -0.14392
3.64 0 -0.547157 -0.581885 -0.624405
3.65 0 -0.952608 -1.12149 -1.15672
3.66 0 -1.64448 -2.0605 -2.06154
3.67 0 -2.04262 -2.81417 -2.78423
3.68 0 1.96741 1.01697 0.919947
3.69 0 6.2611 5.82507 5.21044
3.7 0 7.04487 8.00036 6.51918
3.71 0 4.22121 6.83486 4.67099
3.72 0 1.0757 4.58928 2.64815
3.73 0 -1.12104 1.90477 1.40588
3.74 0 -0.563792 0.865146 2.62542
3.75 0 1.12683 0.905076 4.77528
3.76 0 1.94402 1.117 6.00433
3.77 0 0.46425 0.430328 4.91363
3.78 0 -2.24942 -0.723597 2.38763
3.79 0 -3.4777 -0.732873 0.89899
3.8 0 -3.42594 -0.620948 0.113294
3.81 0 -2.47827 -0.879312 -0.299974
3.82 0 -1.2912 -1.60342 -0.801175
3.83 0 0.0482489 -2.00228 -1.21427
3.84 0 0.715429 -2.18553 -2.12317
3.85 0 1.02505 -1.64449 -3.06267
3.86 0 1.1892 -0.524273 -3.7651
3.87 0 1.70189 1.03505 -3.73219
3.88 0 2.06777 1.97778 -3.45636
3.89 0 1.65946 1.41916 -3.57192
3.9 0 0.476242 -0.52269 -4.12778
3.91 0 0.698357 -1.21708 -2.97392
3.92 0 1.16033 -1.17443 -1.27059
3.93 0 1.18837 -0.617504 0.290132
3.94 0 0.643403 0.320252 1.48472
3.95 0 0.238718 1.80803 2.83393
3.96 0 -0.119355 2.89898 3.85236
3.97 0 -0.475788 3.00881 4.45435
3.98 0 -0.783556 2.17972 4.63321
3.99 0 -0.840211 1.04764 4.54353
4 0 0.246088 1.00471 5.33096
4.01 0 5.56675 6.15573 10.5341
4.02 0 5.35959 7.25586 10.5072
4.03 0 1.86224 5.9218 7.47063
4.04 0 -0.163219 5.21865 5.64132
4.05 0 1.77618 6.77771 7.2899
4.06 0 4.45625 7.90021 9.40679
4.07 0 3.1563 4.93891 7.58006
4.08 0 1.63371 2.27331 5.56777
4.09 0 1.79523 2.0046 5.18659
4.1 0 2.28206 2.78861 5.06854
4.11 0 1.61725 2.83112 3.74443
4.12 0 0.253658 1.94364 1.56966
4.13 0 -0.457329 0.971009 -0.161645
4.14 0 0.671072 1.0877 -0.194572
4.15 0 1.8074 1.05798 -0.131361
4.16 0 1.30681 -0.427073 -1.55522
4.17 0 3.40482 1.21266 -0.0571831
4.18 0 5.47362 3.8369 1.9392
4.19 0 5.63404 5.83806 2.96815
4.2 0 2.87242 6.86267 3.04081
4.21 0 0.385813 5.97254 3.09996
4.22 0 1.19483 4.23118 4.65884
4.23 0 2.61474 2.77088 6.59606
4.24 0 1.12699 -0.509888 5.58642
4.25 0 -1.90921 -3.63126 2.82758
4.26 0 -5.36797 -5.65012 -0.507039
4.27 0 -8.76979 -7.46359 -4.40951
4.28 0 -10.0161 -8.33714 -7.00103
4.29 0 -9.35113 -8.99722 -8.45144
4.3 0 -7.32551 -9.47753 -8.92958
4.31 0 -5.52945 -10.5453 -9.71952
4.32 0 -6.78929 -14.3455 -13.4645
4.33 0 -4.54688 -13.2004 -13.6708
4.34 0 -2.11005 -10.0092 -13.3161
4.35 0 -1.23111 -6.86037 -13.957
4.36 0 -0.57133 -3.71806 -14.2821
4.37 0 -1.54333 -3.17336 -16.0393
4.38 0 -0.405948 -2.22041 -15.5487
4.39 0 3.5603 -0.0504142 -11.4913
4.4 0 7.20375 1.85637 -6.52898
4.41 0 6.99621 1.62476 -3.83371
4.42 0 2.96096 -0.144935 -3.45623
4.43 0 -1.87701 -1.74964 -3.25188
4.44 0 -6.06361 -3.5305 -2.80459
4.45 0 -9.34187 -6.50888 -2.76266
4.46 0 -10.9495 -10.022 -2.82167
4.47 0 -9.18488 -11.2014 -1.15404
4.48 0 -4.90688 -8.73853 2.17308
4.49 0 -3.07631 -6.10932 2.98817
4.5 0 -4.42164 -4.34806 0.638786
4.51 0 -5.89668 -2.45305 -2.18224
4.52 0 -4.10738 0.829808 -2.32804
4.53 0 1.45997 5.16014 0.757703
4.54 0 7.95149 8.82735 4.83956
4.55 0 10.0912 8.4551 5.25517
4.56 0 7.95 4.02155 1.39794
4.57 0 5.03159 0.971474 -2.08666
4.58 0 5.61389 3.50745 -0.831747
4.59 0 5.57318 6.82379 1.11436
4.6 0 4.13173 8.26617 2.35163
4.61 0 0.503633 5.52751 1.59783
4.62 0 -2.30823 1.04309 1.42358
4.63 0 -0.602644 -0.233184 5.37074
4.64 0 2.08189 0.572311 9.96346
4.65 0 3.47138 2.82612 13.1373
4.66 0 0.591242 3.43207 11.9498
4.67 0 -4.2825 2.31824 8.14817
4.68 0 -5.86098 2.14012 6.13854
4.69 0 -2.2742 4.31993 7.94339
4.7 0 1.57945 5.49097 9.4494
4.71 0 1.14047 2.05779 6.2453
4.72 0 -0.174108 -1.52397 1.99905
4.73 0 -0.761565 -3.275 -1.62614
4.74 0 2.43647 -0.0359447 -1.2666
4.75 0 4.95594 3.43743 -1.08485
4.76 0 1.51034 1.03847 -6.2184
4.77 0 -1.93635 -2.47188 -10.8741
4.78 0 -2.71602 -4.92346 -12.5278
4.79 0 0.0582982 -4.65633 -10.1785
4.8 0 2.63325 -3.83521 -7.26898
4.81 0 3.8827 -2.32292 -4.69197
4.82 0 3.98974 0.51994 -2.05808
4.83 0 3.02778 3.72843 0.455378
4.84 0 2.3834 6.82902 3.65553
4.85 0 1.98282 8.26502 6.8626
4.86 0 -0.249476 5.63376 7.68471
4.87 0 -2.00089 1.86646 8.13256
4.88 0 -2.79611 -1.26103 8.57892
4.89 0 -3.96769 -3.95418 7.80559
4.9 0 -5.70115 -5.87762 5.60409
4.91 0 -7.12073 -6.58026 2.51527
4.92 0 -3.09788 -1.66023 3.70939
4.93 0 1.5936 3.87717 4.91477
4.94 0 1.26265 3.96389 0.942524
4.95 0 1.25822 3.1816 -2.62759
4.96 0 4.2027 4.1336 -2.84137
4.97 0 6.72141 4.29788 -2.62886
4.98 0 8.05503 4.06401 -2.36356
4.99 0 7.58525 4.0066 -2.12605
5 0 5.8459 4.32955 -1.56053
5.01 0 3.46551 4.34376 -0.633738
5.02 0 1.48586 3.74321 0.947671
5.03 0 0.27344 2.4971 3.06254
5.04 0 -0.772935 0.597635 4.87757
5.05 0 -3.25354 -2.69166 4.65413
5.06 0 -6.59609 -5.55855 3.30882
5.07 0 -9.21002 -7.59387 1.47688
5.08 0 -8.47045 -6.77327 1.44952
5.09 0 -6.15404 -5.38314 1.23276
5.1 0 -3.43729 -4.00281 0.154729
5.11 0 -0.34101 -1.90461 -1.03716
5.12 0 2.33638 0.486974 -2.46457
5.13 0 4.52132 3.01847 -3.62142
5.14 0 5.76184 4.81911 -4.50575
5.15 0 6.13262 5.57808 -4.94962
5.16 0 5.99288 5.50489 -4.48473
5.17 0 5.49395 4.74787 -3.08883
5.18 0 4.34015 3.35316 -1.22843
5.19 0 2.55742 1.86747 0.951171
5.2 0 0.642702 0.497528 3.13694
5.21 0 -0.662876 -0.150211 5.32884
5.22 0 -1.17565 -0.0776508 7.29607
5.23 0 -1.7571 0.688519 8.57315
5.24 0 -2.05865 2.01657 9.33299
5.25 0 -1.94193 3.363 9.58503
5.26 0 -2.30254 3.20821 8.37208
5.27 0 -2.53355 1.89949 6.33063
5.28 0 -2.0891 0.384428 4.33623
5.29 0 -1.40652 -1.26526 2.1195
5.3 0 -0.9344 -2.68811 -0.485752
5.31 0 -0.756254 -3.54367 -3.31423
5.32 0 -0.386837 -3.43376 -5.52923
5.33 0 -0.336585 -3.22673 -7.47032
5.34 0 -0.480631 -3.18602 -9.13633
5.35 0 0.14847 -2.62444 -9.59405
5.36 0 1.14039 -1.94352 -9.25052
5.37 0 1.95763 -1.45473 -8.58125
5.38 0 2.54733 -0.965475 -7.57657
5.39 0 2.43527 -0.889206 -6.56572
5.4 0 1.36173 -1.3848 -5.85214
5.41 0 -0.00790427 -1.93426 -4.95169
5.42 0 -1.20016 -2.248 -3.62472
5.43 0 -2.53309 -2.82098 -2.42575
5.44 0 -4.23691 -4.00765 -1.83249
5.45 0 -5.26183 -4.81104 -1.01403
5.46 0 -4.76368 -4.26093 0.747449
5.47 0 -3.70961 -3.07301 2.47516
5.48 0 -2.75377 -1.91562 3.4229
5.49 0 -4.67386 -3.73845 0.753608
5.5 0 -5.73359 -5.22942 -1.91095
5.51 0 -3.25515 -3.72492 -1.76603
5.52 0 -0.733643 -2.1269 -1.84062
5.53 0 1.42788 -0.28201 -2.04081
5.54 0 2.82513 1.47541 -2.46835
5.55 0 2.40612 1.66749 -4.09282
5.56 0 2.55966 2.09233 -4.56924
5.57 0 3.6533 2.90682 -3.51781
5.58 0 4.44766 3.15614 -2.09898
5.59 0 4.21926 2.609 -0.995952
5.6 0 2.67249 1.47152 -0.457881
5.61 0 1.98182 1.89053 1.47912
5.62 0 1.80969 3.24223 4.19711
5.63 0 0.0215449 2.93743 5.26278
5.64 0 -3.70518 -0.0784666 3.85266
5.65 0 -5.60056 -2.57238 3.24721
5.66 0 -4.04721 -2.6334 4.97398
5.67 0 -2.3559 -2.42829 5.9346
5.68 0 -3.12222 -3.65034 3.79065
5.69 0 -4.12646 -4.1831 0.844722
5.7 0 -3.26236 -2.57748 -0.708804
5.71 0 -2.96335 -1.91275 -3.13816
5.72 0 -1.62511 -1.06366 -4.62515
5.73 0 1.75788 1.04026 -3.86971
5.74 0 3.77214 1.52644 -3.98424
5.75 0 3.53408 0.102346 -5.62579
5.76 0 3.45998 -0.498111 -6.30133
5.77 0 3.68732 0.0222217 -5.79307
5.78 0 3.18343 0.48867 -5.17884
5.79 0 2.36994 0.959056 -4.14238
5.8 0 0.91998 0.749972 -3.17379
5.81 0 -0.950922 -0.404117 -2.41446
5.82 0 -2.53922 -2.03724 -1.55801
5.83 0 -3.02717 -3.19222 0.00740886
5.84 0 -2.49298 -3.1412 2.12714
5.85 0 -2.09901 -2.30687 3.81575
5.86 0 -2.13295 -0.93243 4.90181
5.87 0 -2.11884 0.813224 5.52524
5.88 0 -1.82734 2.36578 5.76878
5.89 0 -0.768962 3.61656 6.08734
5.9 0 0.804192 4.26932 6.36012
5.91 0 2.7506 4.68468 6.66416
5.92 0 5.17252 5.21398 7.0015
5.93 0 6.85948 6.38633 7.14698
5.94 0 5.71374 6.19333 5.19389
5.95 0 3.27817 5.4608 2.67705
5.96 0 3.77467 7.14284 3.50993
5.97 0 6.61392 10.3169 7.13959
5.98 0 4.07937 7.40876 5.86898
5.99 0 1.21383 3.38977 4.3389
6 0 1.69131 2.3585 5.90366
6.01 0 1.89115 1.8964 7.08251
6.02 0 1.73843 2.21326 7.73425
6.03 0 0.767298 2.61629 7.28615
6.04 0 -1.72982 1.50864 4.81722
6.05 0 -3.71706 -0.0609797 2.15699
6.06 0 -2.55819 0.0961696 1.88272
6.07 0 -0.0465592 0.714583 2.45657
6.08 0 2.44321 1.42769 2.97097
6.09 0 3.00101 1.21747 1.88007
6.1 0 0.943113 -0.575092 -1.434
6.11 0 -1.13034 -2.02605 -4.48474
6.12 0 0.0261916 -0.50403 -4.11817
6.13 0 0.724465 0.0553468 -4.00711
6.14 0 -2.14478 -3.48503 -7.28014
6.15 0 -4.98934 -7.53677 -10.4797
6.16 0 -7.3707 -11.4951 -13.3048
6.17 0 -8.13938 -13.8037 -14.649
6.18 0 -7.76617 -14.4324 -14.9403
6.19 0 -8.50571 -15.7716 -16.7065
6.2 0 -9.18698 -16.6097 -18.7584
6.21 0 -9.45614 -16.7984 -20.6956
6.22 0 -10.2183 -17.36 -23.2222
6.23 0 -10.9313 -17.9363 -25.5718
6.24 0 -7.71909 -14.7776 -23.5506
6.25 0 -1.98847 -8.9202 -18.2821
6.26 0 -0.213191 -6.70807 -16.1242
6.27 0 0.385049 -5.34028 -14.3023
6.28 0 1.2995 -3.62228 -11.6179
6.29 0 3.55956 -2.20828 -8.77903
6.3 0 3.91395 0.262041 -6.05317
6.31 0 2.14771 3.13643 -2.74953
6.32 0 0.922549 4.52475 1.91473
6.33 0 -0.149725 3.7865 5.87191
6.34 0 -1.18772 2.8939 8.29961
6.35 0 -1.23524 2.90285 10.1869
6.36 0 -0.780936 3.00251 11.954
6.37 0 -0.322024 3.31365 12.9379
6.38 0 -0.380978 3.39501 12.952
6.39 0 -0.549991 3.54572 12.449
6.4 0 -0.63055 3.78717 11.5971
6.41 0 0.0440747 4.53525 11.0683
6.42 0 2.81786 7.10394 12.319
6.43 0 4.80547 8.80811 12.6476
6.44 0 5.01079 8.78114 11.1931
6.45 0 5.23989 8.80109 9.80107
6.46 0 5.50687 8.71602 8.5608
6.47 0 4.36072 8.56907 7.25
6.48 0 1.74712 8.37399 6.26085
6.49 0 3.67054 6.60772 6.61853
6.5 0 5.41153 4.52785 6.86306
6.51 0 5.27315 2.26789 5.62575
6.52 0 4.02028 1.1904 3.84492
6.53 0 2.84627 2.12904 2.57806
6.54 0 1.36368 3.29458 1.21333
6.55 0 0.379745 4.01272 0.300865
6.56 0 1.05941 4.60811 0.931955
6.57 0 2.40819 4.31746 2.17028
6.58 0 3.03129 2.7415 2.7907
6.59 0 2.96861 1.18965 2.93157
6.6 0 2.223 0.4247 2.60781
6.61 0 0.937217 0.277185 2.02292
6.62 0 -0.0585855 0.951215 1.82212
6.63 0 -1.3247 1.06889 1.21821
6.64 0 -2.25049 0.538803 0.65726
6.65 0 -2.33818 -0.327791 0.50789
6.66 0 -2.07746 -1.6195 0.345111
6.67 0 -1.7753 -2.89286 -0.00983208
6.68 0 -1.67536 -3.66972 -0.695501
6.69 0 -0.98934 -2.86796 -0.831803
6.7 0 -0.0269002 -0.966293 -0.662785
6.71 0 0.755452 1.0394 -0.603227
6.72 0 1.43202 2.58347 -0.557
6.73 0 1.99157 3.23095 -0.504053
6.74 0 2.72267 3.2817 -0.0894648
6.75 0 3.57614 3.12419 0.745783
6.76 0 3.84011 2.66578 1.39065
6.77 0 3.0535 1.87034 1.40487
6.78 0 1.80475 1.3311 1.28293
6.79 0 1.28795 1.91646 2.06376
6.8 0 1.15441 2.86187 3.25158
6.81 0 1.6637 4.12653 5.0038
6.82 0 2.4569 5.2845 6.91735
6.83 0 3.38352 6.33962 8.84511
6.84 0 4.29936 7.40614 10.6694
6.85 0 5.11833 8.61298 12.3301
6.86 0 5.92012 10.1058 13.9177
6.87 0 6.60486 11.6801 15.3276
6.88 0 5.87972 11.7676 15.2219
6.89 0 4.76921 11.0303 14.5306
6.9 0 4.54761 10.5691 14.4656
6.91 0 6.8613 12.2936 16.7494
6.92 0 8.05107 13.0833 17.9191
6.93 0 5.57962 10.6157 15.5333
6.94 0 2.80653 7.94415 12.8556
6.95 0 0.554685 5.38866 10.5766
6.96 0 0.228524 4.36801 10.2227
6.97 0 -0.146003 3.84094 10.3959
6.98 0 -4.04499 1.51229 8.36371
6.99 0 -4.32456 -3.18537 5.93556
7 0 -4.01509 -7.06241 2.84523
7.01 0 -1.99254 -5.69547 -0.461715
7.02 0 -0.722357 -2.06621 -4.20046
7.03 0 -0.364316 -0.315596 -6.96186
7.04 0 -1.36381 -1.50281 -10.0337
7.05 0 -2.09287 -3.95635 -12.5035
7.06 0 -2.32141 -6.85814 -14.1301
7.07 0 -2.98222 -10.141 -15.8851
7.08 0 -3.98897 -12.8162 -17.5483
7.09 0 -5.27606 -14.3734 -19.0478
7.1 0 -6.93076 -15.0855 -20.5629
7.11 0 -8.7851 -15.5007 -22.1458
7.12 0 -10.5053 -16.1695 -23.7117
7.13 0 -11.7977 -17.4552 -25.1598
7.14 0 -10.8691 -17.6382 -24.738
7.15 0 -6.85196 -15.1518 -21.3714
7.16 0 -2.93605 -12.0808 -17.8756
7.17 0 -1.50587 -10.0021 -16.2826
7.18 0 -2.33716 -8.92044 -16.1359
7.19 0 -2.94477 -7.23544 -15.1397
7.2 0 -2.54644 -5.08682 -12.7191
7.21 0 -2.38467 -4.15639 -10.2975
7.22 0 -3.13743 -5.03269 -8.71181
7.23 0 -3.7933 -6.22065 -7.11496
7.24 0 -4.28347 -7.0406 -5.56845
7.25 0 -5.22183 -7.71322 -4.78986
7.26 0 -6.10335 -7.76969 -4.37554
7.27 0 -5.65463 -6.26702 -3.12732
7.28 0 -4.44726 -4.13615 -1.6211
7.29 0 -4.06864 -3.24948 -1.41254
7.3 0 -3.17878 -2.425 -1.11821
7.31 0 -0.286591 -0.00946439 0.887718
7.32 0 2.92736 2.80793 3.17881
7.33 0 5.71387 5.75491 5.28038
7.34 0 7.19246 8.09624 6.48468
7.35 0 5.58866 7.71271 4.9994
7.36 0 4.23504 7.25224 3.99622
7.37 0 5.14388 8.28126 5.35752
7.38 0 6.23958 8.95055 7.1485
7.39 0 4.86638 6.93635 6.69778
7.4 0 1.89694 3.21173 4.87884
7.41 0 0.461063 1.25371 4.6451
7.42 0 -0.0857135 0.626686 5.23469
7.43 0 -1.2903 -0.121219 5.08638
7.44 0 -3.25888 -1.35279 3.99573
7.45 0 -4.93211 -2.75092 2.72527
7.46 0 -5.37891 -3.49101 2.02534
7.47 0 -5.20039 -4.03352 1.2162
7.48 0 -4.69228 -4.41883 0.0743604
7.49 0 -3.62178 -4.54261 -1.32404
7.5 0 -0.27545 -3.71787 -2.10104
7.51 0 2.20606 -1.68321 -3.27524
7.52 0 3.19634 1.72533 -4.02818
7.53 0 4.02534 5.01949 -4.11892
7.54 0 5.4149 7.30952 -3.11081
7.55 0 7.2123 8.34384 -0.936021
7.56 0 7.22069 6.68559 0.431902
7.57 0 5.91385 4.0228 1.25235
7.58 0 6.38842 4.11969 4.72526
7.59 0 6.57076 5.65969 8.6256
7.6 0 3.17328 5.19959 9.22517
7.61 0 -1.15442 4.04529 8.37371
7.62 0 -4.57653 2.70384 7.53404
7.63 0 -6.92465 0.233986 6.54369
7.64 0 -6.7963 -1.88085 6.70964
7.65 0 -4.96562 -3.20998 7.44913
7.66 0 -3.487 -4.13559 6.96018
7.67 0 -3.28084 -4.51051 4.57558
7.68 0 -3.56213 -3.86282 1.20092
7.69 0 -3.83294 -2.85529 -2.59858
7.7 0 -2.29784 -0.89526 -4.96486
7.71 0 0.829633 1.17791 -5.81143
7.72 0 3.1003 1.10353 -7.21375
7.73 0 5.06307 0.416244 -8.08931
7.74 0 7.9512 1.5457 -6.75629
7.75 0 9.51617 3.15276 -5.14355
7.76 0 9.62066 5.20699 -3.31355
7.77 0 8.93965 7.5987 -0.855283
7.78 0 7.64894 9.37654 2.00709
7.79 0 5.31703 9.1475 4.40313
7.8 0 3.03087 7.67052 6.81766
7.81 0 1.34014 5.73116 9.3809
7.82 0 -0.0515001 3.95501 11.363
7.83 0 -2.43173 1.25798 11.7343
7.84 0 -5.7783 -2.20103 10.4014
7.85 0 -8.76247 -5.22508 8.49837
7.86 0 -8.96893 -5.48258 8.10896
7.87 0 -7.30336 -3.78094 8.1155
7.88 0 -5.27577 -1.81633 7.1925
7.89 0 -3.36165 -0.288032 5.19775
7.9 0 -0.72183 1.41121 3.36655
7.91 0 2.58667 3.20526 2.0137
7.92 0 5.61132 4.67586 0.669159
7.93 0 7.66872 5.80786 -1.06333
7.94 0 9.13855 6.87189 -2.58581
7.95 0 10.155 7.87417 -3.44959
7.96 0 10.2822 8.10253 -3.68792
7.97 0 9.14775 7.10451 -3.69876
7.98 0 7.25959 5.42532 -2.96058
7.99 0 4.93408 3.29611 -1.55763
8 0 1.69432 1.59185 0.426047
8.01 0 -2.15745 1.60334 3.66614
8.02 0 -3.95675 -0.355797 6.07583
8.03 0 -5.82218 -3.45742 7.0202
8.04 0 -6.97954 -5.26544 7.4931
8.05 0 -6.65635 -4.87428 8.08835
8.06 0 -6.02408 -3.37378 7.73728
8.07 0 -5.18552 -1.4782 6.38794
8.08 0 -4.46627 -0.253639 3.75326
8.09 0 -3.72529 -0.399737 0.311148
8.1 0 -1.80161 -0.598169 -2.08384
8.11 0 0.853654 -1.08733 -3.58576
8.12 0 2.78196 -1.8496 -5.09386
8.13 0 4.0373 -2.08884 -6.02319
8.14 0 4.78858 -0.95917 -6.47751
8.15 0 4.54891 0.6511 -6.98116
8.16 0 3.36501 1.79369 -7.69205
8.17 0 1.54 1.59447 -8.58177
8.18 0 1.59447 1.87135 -7.35863
8.19 0 2.39003 1.37052 -4.99144
8.2 0 2.90451 0.279586 -2.42718
8.21 0 2.07747 -1.27994 -0.673052
8.22 0 0.270824 -2.2886 0.475417
8.23 0 -1.93662 -2.4019 1.31038
8.24 0 -4.73876 -2.72323 1.22996
8.25 0 -7.8491 -4.16111 0.0909652
8.26 0 -8.71364 -4.94163 0.12535
8.27 0 -7.19921 -4.82092 1.4145
8.28 0 -5.33857 -4.9073 2.14467
8.29 0 -5.13239 -6.19888 0.644196
8.3 0 -5.88599 -7.57607 -2.1553
8.31 0 -6.81575 -8.60107 -5.40957
8.32 0 -7.37403 -9.37313 -8.54569
8.33 0 -5.15254 -7.87277 -9.00968
8.34 0 -2.59539 -6.1935 -9.14369
8.35 0 -0.857321 -5.10337 -9.91521
8.36 0 1.26048 -3.17182 -9.93387
8.37 0 3.25906 -0.88287 -9.55336
8.38 0 4.6501 1.15298 -9.16105
8.39 0 3.74163 0.981899 -10.3406
8.4 0 2.46753 -0.21562 -10.9875
8.41 0 1.22011 -2.09208 -10.8174
8.42 0 -0.265309 -4.48718 -10.2262
8.43 0 -0.153331 -4.81242 -7.52599
8.44 0 -0.0151132 -4.00343 -4.4275
8.45 0 -1.68363 -3.81258 -2.98712
8.46 0 -3.09673 -2.81589 -1.4646
8.47 0 -3.77239 -1.42102 0.31061
8.48 0 -3.98123 -0.566353 1.88438
8.49 0 -4.0761 -0.799788 2.89726
8.5 0 -3.97376 -1.84085 3.46484
8.51 0 -2.91344 -2.18423 4.42504
8.52 0 -1.37268 -1.51706 5.49658
8.53 0 -1.53242 -1.60343 4.64317
8.54 0 -3.70282 -3.05167 1.51096
8.55 0 -5.77 -4.38763 -2.00904
8.56 0 -6.65729 -5.35157 -4.95228
8.57 0 -5.28835 -5.49846 -6.34489
8.58 0 -3.30766 -5.84671 -7.45212
8.59 0 0.247636 -6.75758 -8.64828
8.6 0 3.86882 -5.46762 -9.24733
8.61 0 4.76987 -0.993685 -9.27659
8.62 0 4.9937 3.59634 -8.83001
8.63 0 5.28442 7.05082 -7.34183
8.64 0 6.19509 8.89773 -4.30063
8.65 0 7.21717 9.16307 -0.734706
8.66 0 8.53951 7.78246 4.53355
8.67 0 9.53079 6.58111 10.2203
8.68 0 8.84464 7.05349 14.3604
8.69 0 4.7373 7.44079 14.6718
8.7 0 0.0115961 8.13591 13.9634
8.71 0 -3.47888 8.14534 13.6317
8.72 0 -5.38808 6.39675 13.4749
8.73 0 -4.82797 4.03268 14.2541
8.74 0 -2.42832 1.96415 15.8278
8.75 0 -0.6365 -0.0263473 16.2348
8.76 0 -1.36638 -2.06144 13.5926
8.77 0 -2.91472 -2.1187 9.49932
8.78 0 -3.25132 0.249678 5.94972
8.79 0 -1.99196 3.39167 3.35369
8.8 0 0.442119 5.46074 1.46312
8.81 0 3.24181 5.6335 -0.171725
8.82 0 5.44728 4.01915 -2.06461
8.83 0 7.06269 2.19645 -3.72914
8.84 0 7.71527 1.09868 -5.178
8.85 0 6.84783 0.64468 -6.8359
8.86 0 4.70874 0.514427 -8.58753
8.87 0 2.44452 0.621238 -9.55254
8.88 0 2.67004 2.27541 -7.27867
8.89 0 1.75592 1.50892 -5.59806
8.9 0 0.616445 -0.400875 -3.75925
8.91 0 0.681605 -1.11496 -0.487938
8.92 0 0.441434 -1.20664 2.58254
8.93 0 -0.265872 -0.423358 5.11821
8.94 0 -1.2637 1.0155 7.06899
8.95 0 -2.26483 2.49409 8.45342
8.96 0 -3.13845 3.16417 9.15483
8.97 0 -3.03817 3.33489 9.90462
8.98 0 -2.12801 2.98866 10.5207
8.99 0 -1.08055 2.27199 10.4042
9 0 0.168417 2.0818 9.8498
9.01 0 1.74892 3.11037 9.24063
9.02 0 3.01492 4.72112 8.16625
9.03 0 3.61721 6.04761 6.46494
9.04 0 3.59567 6.39749 4.28636
9.05 0 3.8631 6.16713 2.61681
9.06 0 5.1769 6.21408 2.32418
9.07 0 6.47796 6.04888 2.52402
9.08 0 6.08073 4.64046 1.62458
9.09 0 4.92717 3.25538 0.546353
9.1 0 3.20093 2.21611 -0.418116
9.11 0 1.53919 1.60875 -0.972214
9.12 0 0.520573 1.64723 -0.51816
9.13 0 -3.01911 0.383938 -0.900119
9.14 0 -5.10698 -2.11883 -1.0605
9.15 0 -4.68771 -5.38081 -0.88023
9.16 0 -4.50764 -8.41512 -1.44013
9.17 0 -4.38497 -9.3446 -2.26517
9.18 0 -3.41931 -6.88537 -2.45626
9.19 0 -2.66696 -3.31363 -3.13418
9.2 0 -2.32009 -0.495989 -4.35872
9.21 0 -1.49998 1.13164 -5.00794
9.22 0 0.0814571 1.22461 -4.85911
9.23 0 1.01345 -0.687113 -5.21445
9.24 0 1.08887 -3.42175 -6.00447
9.25 0 0.651912 -5.37263 -6.73645
9.26 0 0.555415 -5.0825 -6.45008
9.27 0 0.806237 -2.84427 -5.29332
9.28 0 -1.62627 -2.63984 -6.49139
9.29 0 -4.18531 -3.31366 -7.81443
9.3 0 -5.74277 -4.7883 -8.36719
9.31 0 -5.22285 -5.89633 -7.18973
9.32 0 -2.54219 -5.41057 -4.06602
9.33 0 -0.762237 -4.88933 -1.82093
9.34 0 -1.33662 -4.95603 -1.78264
9.35 0 -2.02025 -3.61893 -1.78501
9.36 0 -2.18033 -1.30569 -1.36781
9.37 0 -1.99876 0.611078 -0.866263
9.38 0 -1.00946 1.87873 0.133917
9.39 0 -0.048747 1.72387 0.853779
9.4 0 -0.792062 -0.866741 -0.272844
9.41 0 -1.80629 -3.63088 -1.7428
9.42 0 -2.96671 -5.79895 -3.40737
9.43 0 -3.88451 -6.7664 -4.8969
9.44 0 -4.23559 -6.46265 -5.92894
9.45 0 -4.65451 -6.08307 -7.18136
9.46 0 -4.8457 -5.9212 -8.38785
9.47 0 -3.62572 -5.14031 -8.33091
9.48 0 -0.786781 -3.24515 -6.6068
9.49 0 1.79908 -1.44383 -4.80495
9.5 0 1.94054 -1.4334 -4.92385
9.51 0 1.29434 -1.58887 -5.32222
9.52 0 0.5512 -1.43497 -5.32177
9.53 0 0.0326504 -1.09186 -4.73463
9.54 0 -0.201652 -0.805396 -3.6267
9.55 0 -0.920803 -1.50903 -2.88808
9.56 0 -0.92455 -2.28557 -1.97518
9.57 0 -0.371622 -2.55837 -0.827677
9.58 0 -0.111433 -1.70966 0.375617
9.59 0 -0.202526 0.299813 1.74924
9.6 0 -0.601689 2.61052 3.14446
9.61 0 -0.222445 4.28474 4.66144
9.62 0 0.908732 5.12888 6.39826
9.63 0 0.871795 3.79566 6.58158
9.64 0 0.564145 2.03993 6.26804
9.65 0 0.375786 0.895682 5.84527
9.66 0 2.06522 2.52304 7.1387
9.67 0 3.87082 5.24154 8.53808
9.68 0 3.90711 6.74611 8.16899
9.69 0 2.54634 6.60962 6.37536
9.7 0 1.50364 5.73243 4.75291
9.71 0 1.80691 4.90516 4.30344
9.72 0 2.98717 4.2149 4.67263
9.73 0 3.74323 3.33562 4.74417
9.74 0 4.51631 3.50753 5.1234
9.75 0 4.92313 4.61451 5.50938
9.76 0 4.65994 5.96762 5.57094
9.77 0 3.98938 6.98584 5.44758
9.78 0 2.80873 6.70036 4.87802
9.79 0 2.12895 5.6984 4.74429
9.8 0 1.58577 3.84579 4.62831
9.81 0 1.79902 2.47737 5.18253
9.82 0 4.30218 4.13504 8.06919
9.83 0 5.42227 5.84325 9.76722
9.84 0 2.54623 4.71817 7.59862
9.85 0 -0.326166 3.62804 5.24346
9.86 0 -1.50064 3.12236 4.14152
9.87 0 -0.542113 3.31623 4.68681
9.88 0 0.873105 3.00764 5.30845
9.89 0 -0.218144 0.0534549 3.19291
9.9 0 -2.30804 -3.41559 -0.0853957
9.91 0 -1.05962 -2.7852 -0.140627
9.92 0 0.282465 -0.940503 0.000361608
9.93 0 0.428233 0.94124 -0.518784
9.94 0 -0.873727 1.13957 -2.20962
9.95 0 -2.29418 -0.724398 -4.45308
9.96 0 -1.52862 -2.23041 -4.89862
9.97 0 0.360002 -3.60432 -4.62926
9.98 0 1.57509 -4.23349 -4.49396
9.99 0 1.6753 -3.5536 -4.63946
10 0 0.988299 -2.06199 -4.91992
10.01 0 -0.195532 -0.587728 -5.28664
10.02 0 -1.77351 -0.493692 -5.95487
10.03 0 -2.68651 -1.49399 -6.07241
10.04 0 -2.77327 -3.24292 -5.47669
10.05 0 -2.67612 -5.33476 -4.76459
10.06 0 -3.12677 -7.28135 -4.59277
10.07 0 -3.94389 -8.13728 -4.77991
10.08 0 -2.56474 -5.31086 -2.80285
10.09 0 -1.70131 -2.10694 -1.41743
10.1 0 -3.72667 -2.03878 -3.12772
10.11 0 -3.73719 -1.30612 -3.19601
10.12 0 -0.735199 0.861644 -0.599949
10.13 0 0.460519 0.355439 0.0526612
10.14 0 0.758999 -0.926607 -0.127496
10.15 0 2.69943 0.39952 1.56067
10.16 0 2.8402 1.25679 1.78522
10.17 0 1.36179 1.39762 0.674561
10.18 0 0.0100332 1.60479 -0.206874
10.19 0 -0.65571 1.57435 -0.479895
10.2 0 0.188158 1.89278 0.618305
10.21 0 1.48116 1.98295 2.10533
10.22 0 2.02713 1.47112 2.91272
10.23 0 1.28911 0.433575 2.56104
10.24 0 0.230242 -0.0784622 1.95794
10.25 0 -1.08015 -0.396929 1.03841
10.26 0 -3.74205 -2.32469 -1.49104
10.27 0 -5.18043 -3.91544 -3.24385
10.28 0 -4.10541 -3.93201 -2.96251
10.29 0 -2.78732 -4.10465 -2.76699
10.3 0 -2.60707 -5.11737 -3.84788
10.31 0 -2.95282 -5.97308 -5.46406
10.32 0 -3.63634 -6.54727 -7.38449
10.33 0 -4.66209 -7.25896 -9.63349
10.34 0 -3.94775 -6.47731 -10.1413
10.35 0 -0.532729 -3.30047 -7.82208
10.36 0 2.06187 -0.896053 -5.93057
10.37 0 0.442142 -2.49412 -7.69497
10.38 0 -1.49225 -4.37916 -9.28889
10.39 0 -0.581672 -3.48841 -7.64733
10.4 0 0.686217 -2.11593 -5.27644
10.41 0 1.19621 -1.10873 -3.27774
10.42 0 0.377089 -0.950434 -2.2705
10.43 0 -1.35294 -1.57039 -2.00786
10.44 0 -3.2857 -2.58947 -1.84084
10.45 0 -4.77628 -3.67573 -1.58396
10.46 0 -3.45273 -2.78857 0.641882
10.47 0 -0.243575 -1.19749 3.35789
10.48 0 1.13714 -0.438067 3.95068
10.49 0 0.57566 0.661146 3.2474
10.5 0 -0.746961 2.38498 2.43418
10.51 0 -1.17928 3.40751 2.0032
10.52 0 -1.42384 2.47866 1.26392
10.53 0 0.439779 2.16117 2.26205
10.54 0 3.2877 2.66196 4.27278
10.55 0 5.32749 3.46196 5.74625
10.56 0 4.79213 3.4441 5.09912
10.57 0 3.23773 3.73422 3.81535
10.58 0 1.84754 4.3698 2.85811
10.59 0 0.619383 4.20988 1.99512
10.6 0 -0.545159 2.56985 0.946036
10.61 0 -1.20779 0.073475 0.111815
10.62 0 -1.79683 -2.77047 -0.879166
10.63 0 -2.03431 -4.74154 -1.61866
10.64 0 0.49589 -2.66222 0.48867
10.65 0 2.25674 0.251087 2.06853
10.66 0 -0.195615 -0.0223295 -0.377041
10.67 0 -1.41051 0.661049 -1.61954
10.68 0 -0.0539958 2.62095 -0.456733
10.69 0 1.47711 3.33888 0.773721
10.7 0 2.0447 2.29022 1.07446
10.71 0 2.30629 1.06476 1.22705
10.72 0 2.16553 0.306733 1.21492
10.73 0 1.3648 -0.0239157 0.788763
10.74 0 1.64978 1.52218 1.62596
10.75 0 2.26368 3.66334 2.90076
10.76 0 2.85919 5.51058 4.19338
10.77 0 3.76729 7.02353 5.7592
10.78 0 5.10215 8.35152 7.78044
10.79 0 6.46801 9.4301 9.95353
10.8 0 5.59604 8.33558 10.07
10.81 0 2.92164 5.60306 8.50454
10.82 0 0.220234 2.86496 6.85311
10.83 0 -0.620479 1.90193 6.8324
10.84 0 0.913504 3.29265 8.88565
10.85 0 0.755354 3.29123 8.90688
10.86 0 -0.758872 2.16014 7.1643
10.87 0 -2.01014 1.1042 5.17768
10.88 0 -2.37212 0.367572 3.53085
10.89 0 0.116883 1.94919 4.30085
10.9 0 2.02199 2.83561 4.31424
10.91 0 1.60274 1.62389 2.03806
10.92 0 0.847305 0.350102 -0.41155
10.93 0 0.197551 -0.697618 -2.56858
10.94 0 1.87129 0.642277 -2.13902
10.95 0 3.8163 2.46095 -1.03765
10.96 0 2.71429 1.50084 -2.50224
10.97 0 0.952232 -0.0870888 -4.22311
10.98 0 -0.19138 -1.29505 -5.0563
10.99 0 2.29272 0.987685 -2.00493
11 0 4.08245 2.78956 0.712144
11.01 0 2.21086 1.44146 0.167366
11.02 0 0.302528 0.34842 -0.163024
11.03 0 -0.941233 -0.0336743 0.286865
11.04 0 -0.587928 0.847044 2.18882
11.05 0 0.131295 1.79581 4.21243
11.06 0 -0.398232 2.09751 5.26897
11.07 0 -3.33311 0.641927 4.28365
11.08 0 -5.36189 -1.64744 3.2528
11.09 0 -4.10565 -2.32693 4.12771
11.1 0 -0.858637 -1.64176 5.80203
11.11 0 -0.134828 -2.28274 4.51385
11.12 0 -1.6575 -3.39295 0.720048
11.13 0 -2.9477 -3.25921 -3.00559
11.14 0 -1.85333 -0.763838 -4.74943
11.15 0 -0.0036999 1.07397 -5.70996
11.16 0 2.05005 1.86912 -5.89353
11.17 0 4.34801 1.84265 -5.18387
11.18 0 5.72053 1.22522 -4.59324
11.19 0 6.24428 1.04314 -3.84239
11.2 0 5.73424 1.57558 -3.09755
11.21 0 3.65834 1.74308 -3.04812
11.22 0 0.217781 0.636983 -3.82692
11.23 0 -2.98456 -1.28563 -4.27436
11.24 0 -4.32842 -2.78608 -3.12203
11.25 0 -3.61079 -3.25682 -0.333175
11.26 0 -3.21153 -4.05159 1.70557
11.27 0 -5.0903 -6.29721 1.01725
11.28 0 -7.45495 -8.07181 -0.786108
11.29 0 -9.41486 -9.08834 -3.01296
11.3 0 -7.73487 -6.78591 -2.47043
11.31 0 -4.60682 -3.64089 -1.12575
11.32 0 -3.0537 -2.68527 -1.71396
11.33 0 -3.62582 -4.39439 -4.60643
11.34 0 -1.8794 -4.23296 -5.10597
11.35 0 0.892203 -2.63657 -4.40534
11.36 0 2.72615 -1.0258 -4.21762
11.37 0 3.15569 0.177348 -4.87879
11.38 0 0.442363 -1.40212 -8.21273
11.39 0 -1.97807 -3.2454 -11.0226
11.4 0 -0.939222 -2.67123 -10.2341
11.41 0 1.05833 -1.99443 -8.06997
11.42 0 2.38617 -1.83869 -5.9914
11.43 0 2.55517 -1.8236 -4.37401
11.44 0 0.696768 -2.55459 -4.17485
11.45 0 -1.55572 -2.90052 -4.03878
11.46 0 -3.00611 -2.5041 -3.12049
11.47 0 -1.69823 -0.0117869 0.295303
11.48 0 0.243728 2.42378 4.02552
11.49 0 0.675623 2.95972 5.95228
11.5 0 -2.57516 -0.417626 3.83088
11.51 0 -5.69145 -4.00276 1.28244
11.52 0 -5.87721 -4.99595 0.970019
11.53 0 -3.4039 -3.28532 2.70106
11.54 0 -0.712452 -0.751409 4.23381
11.55 0 1.09203 1.74117 4.66099
11.56 0 -1.37622 0.185293 0.639981
11.57 0 -4.44274 -2.75174 -4.27279
11.58 0 -5.99016 -5.66004 -8.07536
11.59 0 -1.83875 -4.04617 -6.45414
11.6 0 3.37376 -1.24878 -3.61878
11.61 0 5.97623 0.593347 -2.60654
11.62 0 5.22233 1.04893 -3.924
11.63 0 3.92046 1.75549 -5.0788
11.64 0 5.29104 4.84376 -2.99977
11.65 0 2.8761 3.60979 -3.97793
11.66 0 0.43983 1.22091 -4.62391
11.67 0 1.36331 1.21257 -1.71924
11.68 0 2.20114 0.989883 1.41343
11.69 0 0.0835477 -1.03625 2.21853
11.7 0 -3.46575 -3.81511 1.64759
11.71 0 -6.83732 -5.8816 0.647351
11.72 0 -6.37871 -4.48034 2.37906
11.73 0 -4.12232 -1.21973 5.17164
11.74 0 -4.21183 -0.580911 4.88468
11.75 0 -5.3074 -2.06695 2.64098
11.76 0 -5.81679 -4.04252 0.0475156
11.77 0 -5.39553 -5.5603 -2.25547
11.78 0 -1.52102 -3.46935 -1.49375
11.79 0 2.68461 -0.132492 -0.358547
11.8 0 5.74437 3.35262 0.15311
11.81 0 6.51948 5.42712 -0.832771
11.82 0 5.45261 5.50897 -2.84622
11.83 0 7.1883 7.63393 -1.24348
11.84 0 9.97626 10.117 2.29088
11.85 0 11.9354 11.7784 6.00945
11.86 0 9.82767 10.0402 6.61749
11.87 0 6.72928 8.13768 6.74587
11.88 0 3.73846 6.66433 7.05758
11.89 0 1.05191 5.51039 7.37085
11.9 0 -0.214278 4.921 8.69755
11.91 0 -1.34234 3.45854 9.64468
11.92 0 -2.74606 1.05513 9.70656
11.93 0 -3.97914 -1.31252 9.32856
11.94 0 -4.95235 -3.08768 8.57909
11.95 0 -4.70278 -2.8938 8.18024
11.96 0 -4.78849 -2.33835 6.51314
11.97 0 -5.30448 -2.21804 3.50805
11.98 0 -4.79195 -1.89125 0.706736
11.99 0 -1.38061 0.217135 0.247443
12 0 2.05204 1.66029 -0.289422
12.01 0 3.17703 0.827699 -2.77504
12.02 0 3.86786 0.15358 -5.02445
12.03 0 3.87566 -0.372332 -7.12468
12.04 0 3.72188 -0.324091 -8.51127
12.05 0 4.80053 1.41817 -7.81291
12.06 0 4.77527 2.22863 -7.36689
12.07 0 3.56228 1.54811 -7.18249
12.08 0 2.42301 0.529103 -6.18814
12.09 0 1.62848 -0.35273 -4.26163
12.1 0 1.68464 -0.102289 -1.07096
12.11 0 1.4023 0.52023 2.03045
12.12 0 0.882769 1.69102 4.92733
12.13 0 0.231 3.14861 7.48202
12.14 0 -1.39741 3.39637 8.58472
12.15 0 -2.70893 3.05475 9.26867
12.16 0 -3.15449 2.3931 9.92906
12.17 0 -3.22065 1.18572 10.0355
12.18 0 -1.86117 1.21397 10.6614
12.19 0 1.28712 3.63354 12.3807
12.2 0 2.56053 5.15238 11.8025
12.21 0 0.583613 3.97094 7.70352
12.22 0 -1.41143 2.27365 3.28632
12.23 0 -1.97859 0.675407 -0.0499634
12.24 0 2.34206 2.77147 1.27574
12.25 0 7.03057 5.41824 3.22975
12.26 0 8.02072 5.67889 2.17372
12.27 0 6.71967 4.79649 -0.477377
12.28 0 4.74257 3.81532 -3.1086
12.29 0 3.0761 3.66347 -3.84758
12.3 0 1.49765 3.90464 -2.87069
12.31 0 0.160077 1.19017 -2.45564
12.32 0 -0.610906 -3.08667 -2.36917
12.33 0 1.53135 -3.01672 0.880599
12.34 0 2.49348 -1.40609 3.28224
12.35 0 -0.119569 -1.17021 2.24275
12.36 0 -3.00587 -0.448004 0.806095
12.37 0 -5.05264 -0.120176 -0.299248
12.38 0 -5.39622 -0.470253 -0.409066
12.39 0 -3.23873 -0.529003 1.22187
12.4 0 -0.406266 -0.584514 3.06021
12.41 0 1.18771 -1.05327 3.57663
12.42 0 -0.113099 -2.63238 1.44641
12.43 0 -2.29068 -3.74896 -1.34393
12.44 0 -2.85269 -2.84271 -2.53462
12.45 0 -1.09593 -0.248806 -1.37213
12.46 0 0.871769 1.8583 -0.0383625
12.47 0 -0.598935 -0.0715652 -2.16657
12.48 0 -2.74296 -3.2372 -4.97953
12.49 0 -0.799196 -2.63869 -3.7221
12.5 0 0.969496 -1.83952 -2.5064
12.51 0 0.223496 -2.759 -3.49255
12.52 0 -0.0555037 -2.40674 -3.71958
12.53 0 0.133545 -1.10989 -3.28363
12.54 0 -1.01913 -1.20395 -4.10111
12.55 0 -2.17495 -1.90537 -4.98557
12.56 0 -2.7616 -2.9142 -5.47117
12.57 0 -3.04236 -4.3276 -5.82435
12.58 0 -3.10359 -5.73435 -6.05759
12.59 0 -3.26629 -6.88702 -6.39693
12.6 0 -3.85441 -7.75424 -7.11516
12.61 0 -4.63321 -8.12029 -8.00498
12.62 0 -4.36275 -7.05406 -7.89155
12.63 0 -3.65856 -5.51198 -7.44158
12.64 0 -3.88316 -5.23021 -8.05633
12.65 0 -3.88575 -5.32612 -8.61678
12.66 0 -3.69225 -5.81241 -9.10306
12.67 0 -3.33768 -6.53365 -9.3907
12.68 0 -1.7759 -5.89859 -8.2961
12.69 0 -0.0459365 -4.38003 -6.69107
12.7 0 -1.1025 -4.76584 -7.46699
12.71 0 -3.75391 -6.35323 -9.56637
12.72 0 -5.63805 -7.53889 -10.8728
12.73 0 -3.40964 -5.30895 -8.1594
12.74 0 -0.535422 -2.76317 -4.79378
12.75 0 0.718133 -1.57538 -2.88847
12.76 0 -0.726207 -2.58855 -3.51044
12.77 0 -2.89247 -4.08983 -4.8357
12.78 0 -3.44427 -4.14235 -4.71573
12.79 0 -0.578001 -1.03304 -1.38002
12.8 0 0.0844639 -0.186437 -0.368654
12.81 0 -2.0233 -2.14901 -2.24074
12.82 0 -3.32104 -3.5199 -3.50825
12.83 0 -2.69901 -3.26022 -3.04598
12.84 0 -1.15816 -2.21783 -1.79881
12.85 0 0.104669 -1.1179 -0.869838
12.86 0 1.48777 0.521403 0.175166
12.87 0 1.45644 1.15993 -0.0317886
12.88 0 2.19642 1.53186 -0.0476113
12.89 0 3.5993 2.03733 -0.0540437
12.9 0 3.15806 3.11688 0.0274963
12.91 0 1.5677 3.82149 0.614007
12.92 0 0.840414 4.00398 2.19603
12.93 0 1.2765 3.78318 4.9056
12.94 0 1.1719 2.39864 6.62258
12.95 0 -0.300309 0.338691 6.4083
12.96 0 -1.88335 -0.885724 5.6618
12.97 0 -3.63026 -1.79078 4.1158
12.98 0 -5.02913 -2.51773 2.21629
12.99 0 -5.06584 -2.82049 1.0518
13 0 -3.67503 -2.44891 0.746831
13.01 0 -2.10395 -2.24927 0.250589
13.02 0 -0.517231 -1.84855 -0.3775
13.03 0 0.0713594 -1.84754 -1.96831
13.04 0 0.0207682 -1.936 -4.03385
13.05 0 0.117878 -1.7018 -5.72961
13.06 0 3.66231 1.93283 -3.61872
13.07 0 6.42829 4.83755 -1.76119
13.08 0 5.82966 4.64453 -2.71743
13.09 0 4.88656 4.2185 -3.52978
13.1 0 4.22526 3.76593 -3.6101
13.11 0 5.66009 5.11827 -1.18853
13.12 0 6.2599 5.81965 0.741451
13.13 0 4.47099 4.32654 0.741123
13.14 0 2.54498 2.84432 0.897956
13.15 0 0.591748 1.30439 1.14645
13.16 0 -0.196632 0.329911 2.52837
13.17 0 -0.253348 0.788481 4.57193
13.18 0 -0.304353 1.47781 6.49046
13.19 0 -0.499132 2.18918 8.06089
13.2 0 -0.171351 1.02724 9.84751
13.21 0 0.0674972 2.70579 10.7148
13.22 0 0.481678 5.41864 12.2481
13.23 0 3.11852 7.96317 11.7306
13.24 0 4.08217 10.8901 12.941
13.25 0 5.11856 12.0938 14.3023
13.26 0 4.82757 11.0204 14.1429
13.27 0 4.64508 9.41725 13.9376
13.28 0 4.7858 8.19683 14.0514
13.29 0 4.56402 7.23941 13.8688
13.3 0 3.43077 6.42105 12.7439
13.31 0 1.26672 5.17748 10.4616
13.32 0 0.367303 5.10169 9.13346
13.33 0 1.10604 5.97412 9.07311
13.34 0 2.29592 6.53674 9.15192
13.35 0 3.66088 6.80637 9.25342
13.36 0 4.98758 7.08662 9.35311
13.37 0 5.87716 7.41633 9.23676
13.38 0 6.3674 8.00665 9.05611
13.39 0 6.73221 8.99656 9.13089
13.4 0 6.90106 9.99778 9.37153
13.41 0 3.98514 7.63973 6.77091
13.42 0 -0.128196 3.24558 2.968
13.43 0 -0.711494 1.37436 2.49576
13.44 0 0.769372 1.1443 3.9443
13.45 0 1.77932 0.95111 4.97251
13.46 0 0.72944 -0.229262 4.09592
13.47 0 -2.05633 -2.21933 1.56251
13.48 0 -3.1884 -2.30791 0.521907
13.49 0 -2.75882 -1.1829 0.727403
13.5 0 -1.99348 -0.424446 0.915288
13.51 0 -1.86987 -1.01734 -0.0472033
13.52 0 -2.02874 -2.44379 -1.54668
13.53 0 -2.14348 -3.98972 -3.49302
13.54 0 -1.70444 -4.47085 -5.21108
13.55 0 0.599718 -2.77054 -5.76628
13.56 0 2.71592 -0.3644 -6.60487
13.57 0 2.07339 0.894605 -8.68108
13.58 0 -0.545915 0.703631 -10.263
13.59 0 -0.38698 -0.81192 -10.2849
13.6 0 3.52308 -0.348966 -6.50334
13.61 0 4.76124 -1.68598 -4.58356
13.62 0 3.17144 -3.70048 -4.7003
13.63 0 2.42628 -2.24894 -3.21363
13.64 0 1.50301 0.581146 -1.39464
13.65 0 -1.64299 1.05499 -1.69325
13.66 0 -4.17399 0.460982 -1.72394
13.67 0 -5.17914 -1.06625 -0.852849
13.68 0 -5.41524 -3.71077 0.0974472
13.69 0 -4.84323 -5.92111 1.33429
13.7 0 -4.28543 -7.03172 2.14071
13.71 0 -4.13999 -6.70568 2.28389
13.72 0 -4.06843 -5.15939 2.36291
13.73 0 -4.11964 -2.96161 2.07224
13.74 0 -3.94056 -0.813421 1.59915
13.75 0 -3.00373 0.812512 1.37996
13.76 0 -1.28637 1.60134 1.5386
13.77 0 0.970921 1.97754 1.97623
13.78 0 3.22841 2.30177 2.46679
13.79 0 4.12815 2.09167 1.93955
13.8 0 3.79424 1.83179 0.645008
13.81 0 3.01237 2.0222 -0.667534
13.82 0 1.94384 2.15756 -1.98038
13.83 0 0.998701 1.92935 -3.05157
13.84 0 0.383976 1.10692 -3.78808
13.85 0 0.154715 -0.203977 -4.15133
13.86 0 -0.5039 -2.36833 -4.89754
13.87 0 -1.8173 -5.0431 -6.18911
13.88 0 -3.38631 -7.41287 -7.6181
13.89 0 -4.45895 -8.57906 -8.47786
13.9 0 -5.28465 -8.91776 -9.09823
13.91 0 -6.59207 -9.52661 -10.3269
13.92 0 -7.5198 -10.0181 -11.4384
13.93 0 -7.20785 -9.83107 -11.6464
13.94 0 -6.4913 -9.76515 -11.753
13.95 0 -5.68893 -9.84943 -11.9697
13.96 0 -3.86536 -13.5608 -7.76908
13.97 0 -4.59931 -11.5194 -9.09753
13.98 0 -5.99979 -8.75283 -10.8789
13.99 0 -7.14527 -6.31132 -12.7101
14 0 -7.09274 -5.13638 -13.9275
14.01 0 -5.60943 -5.43539 -14.3687
14.02 0 -2.76626 -6.41366 -13.791
14.03 0 0.184961 -7.44628 -12.9418
14.04 0 2.25275 -7.68976 -12.297
14.05 0 2.8816 -6.7078 -12.124
14.06 0 1.31094 -5.60183 -13.2251
14.07 0 -1.1277 -4.48179 -14.6132
14.08 0 -2.83832 -3.50913 -15.1327
14.09 0 -2.30421 -2.28922 -13.5533
14.1 0 -0.812983 -2.08103 -11.1661
14.11 0 0.099854 -3.43075 -9.30529
14.12 0 0.529355 -4.92573 -7.6133
14.13 0 0.960962 -4.98134 -5.42029
14.14 0 1.87012 -2.64225 -2.17969
14.15 0 1.94801 0.482366 0.729585
14.16 0 0.185679 2.30793 2.02522
14.17 0 -2.04421 2.82097 2.71738
14.18 0 -2.98252 2.59856 4.66815
14.19 0 -2.60167 1.68807 7.60806
14.2 0 -2.13594 -0.793279 11.6347
14.21 0 -3.31336 -3.12405 13.9372
14.22 0 -5.47833 -2.99843 14.519
14.23 0 -6.46022 -0.19881 14.8171
14.24 0 -6.4135 3.01403 14.4792
14.25 0 -5.0013 5.38185 13.6312
14.26 0 -1.6472 7.04006 13.1384
14.27 0 5.58474 7.51863 12.9518
14.28 0 10.3573 8.82745 11.9915
14.29 0 10.4189 8.99491 8.26136
14.3 0 9.02515 9.80688 3.94806
14.31 0 7.28042 10.1052 0.165952
14.32 0 5.00991 8.02428 -3.50823
14.33 0 5.11314 5.97559 -4.20275
14.34 0 6.37837 3.85114 -2.99417
14.35 0 5.7082 0.485291 -2.86154
14.36 0 3.90557 -1.82682 -3.05501
14.37 0 0.986189 -3.05788 -3.94809
14.38 0 -2.61683 -3.68956 -5.48209
14.39 0 -4.23139 -2.79405 -5.141
14.4 0 -2.9698 -0.44533 -2.31942
14.41 0 -2.3677 -0.297147 -0.666299
14.42 0 -2.23207 -1.51804 -0.0456234
14.43 0 -1.6345 -2.4806 0.840727
14.44 0 -0.34673 -2.10119 2.38898
14.45 0 0.583232 -0.865362 3.68004
14.46 0 0.358302 0.336268 3.92118
14.47 0 -0.776398 1.08524 3.23175
14.48 0 -1.02421 2.29112 3.21032
14.49 0 -0.374996 3.35581 3.7499
14.5 0 0.611715 3.66055 4.31129
14.51 0 1.20296 2.88511 4.28793
14.52 0 1.67143 1.94861 4.10866
14.53 0 2.61175 2.0669 4.53269
14.54 0 3.36361 2.95077 5.01689
14.55 0 3.65854 4.2742 5.31835
14.56 0 3.70616 5.78804 5.57773
14.57 0 3.83247 7.19506 6.00958
14.58 0 4.11855 8.09186 6.60788
14.59 0 4.74743 8.53142 7.54139
14.6 0 5.80426 8.87705 8.96937
14.61 0 6.74004 9.11876 10.4726
14.62 0 6.6174 8.80293 11.2125
14.63 0 5.38272 8.02382 11.1226
14.64 0 3.90367 7.42139 10.9463
14.65 0 2.91985 7.33265 11.2552
14.66 0 2.35738 7.33821 11.8342
14.67 0 1.13266 6.16545 11.4961
14.68 0 -0.0361064 4.50575 10.8815
14.69 0 -0.573585 3.11897 10.5388
14.7 0 0.0738817 2.93696 11.0708
14.71 0 0.0752109 2.50247 10.7244
14.72 0 -0.815143 1.64129 9.26872
14.73 0 -1.52738 1.22877 7.7207
14.74 0 -2.20983 0.711458 5.83155
14.75 0 -2.49616 0.105036 3.88621
14.76 0 -1.49028 0.232591 2.8123
14.77 0 0.19801 0.829543 1.79745
14.78 0 1.24516 0.888729 0.0333312
14.79 0 2.33667 1.43786 -2.53627
14.8 0 3.90144 3.02381 -5.25201
14.81 0 6.24506 4.33476 -7.14235
14.82 0 8.3438 4.61491 -7.71047
14.83 0 9.87004 4.36977 -7.12448
14.84 0 10.0071 4.07696 -5.77708
14.85 0 6.06938 3.52546 -5.53653
14.86 0 0.734314 2.34153 -5.48931
14.87 0 -1.86216 -0.0351468 -4.85183
14.88 0 -3.53802 -3.23331 -3.6052
14.89 0 -2.89193 -4.89278 -0.214747
14.9 0 -2.64492 -5.53247 2.62282
14.91 0 -5.18878 -7.04184 2.45285
14.92 0 -8.55079 -7.96644 0.989495
14.93 0 -11.5591 -8.54762 -1.05503
14.94 0 -13.5573 -9.82228 -3.20908
14.95 0 -12.0876 -9.82361 -3.08246
14.96 0 -8.56978 -8.98274 -1.9505
14.97 0 -5.08494 -7.92926 -1.25773
14.98 0 -3.81489 -8.12043 -2.77285
14.99 0 -4.31563 -8.62083 -5.96764
15 0 -2.73902 -5.98922 -6.94149
15.01 0 -1.6299 -3.5174 -8.3151
15.02 0 -2.31667 -3.43125 -11.4659
15.03 0 -0.883342 -2.4197 -12.5179
15.04 0 1.16866 -1.92578 -12.841
15.05 0 2.16682 -2.97152 -13.8581
15.06 0 2.67958 -4.19531 -14.7594
15.07 0 2.79443 -4.88721 -15.2905
15.08 0 4.20634 -3.04622 -13.663
15.09 0 4.99383 -0.667079 -11.7756
15.1 0 3.25 -0.237061 -11.6687
15.11 0 0.741966 -0.918688 -11.8666
15.12 0 -1.31295 -2.26165 -11.4562
15.13 0 -1.99778 -3.47102 -9.68187
15.14 0 -1.77027 -4.44267 -6.9928
15.15 0 -2.66653 -6.32016 -5.35643
15.16 0 -4.11348 -7.86831 -4.1129
15.17 0 -5.91491 -8.72331 -3.23281
15.18 0 -7.94091 -9.24159 -2.57586
15.19 0 -8.76746 -8.23966 -1.13895
15.2 0 -8.56088 -6.76686 0.685483
15.21 0 -7.60088 -5.49635 2.66298
15.22 0 -6.41515 -4.17458 4.27054
15.23 0 -6.1543 -4.08198 4.11335
15.24 0 -4.87021 -2.87295 4.06935
15.25 0 -1.98732 0.0715059 4.88888
15.26 0 1.09295 3.19192 5.43946
15.27 0 3.04119 4.8897 4.63658
15.28 0 2.45694 3.74182 1.33866
15.29 0 2.74449 2.22197 -1.72562
15.3 0 6.13893 2.02884 -2.59692
15.31 0 7.28931 3.58806 -2.79738
15.32 0 6.64004 5.04163 -3.13244
15.33 0 4.64601 4.69661 -3.79608
15.34 0 3.30538 3.9275 -3.09378
15.35 0 3.73367 4.04225 -0.0995015
15.36 0 3.68227 3.36896 2.23102
15.37 0 2.95219 2.7916 3.99509
15.38 0 2.22265 3.35499 5.26305
15.39 0 1.03079 3.52271 5.94099
15.4 0 -0.888354 2.61849 5.68318
15.41 0 -2.40003 1.34737 5.38024
15.42 0 -2.85793 0.355134 5.5244
15.43 0 -2.34485 -0.245648 6.10825
15.44 0 -1.70031 -0.669335 6.45749
15.45 0 -1.19304 -0.655358 6.46274
15.46 0 -0.652532 0.155155 6.36951
15.47 0 -0.212655 1.4283 6.05021
15.48 0 0.269822 2.85379 5.61442
15.49 0 1.07464 4.21511 5.3133
15.5 0 1.51773 4.54857 4.47395
15.51 0 1.0219 3.20573 2.55691
15.52 0 0.839835 1.61229 0.874143
15.53 0 1.48215 0.718007 0.0560084
15.54 0 1.79073 -0.10431 -0.903769
15.55 0 1.52853 -0.755923 -2.15271
15.56 0 1.57475 -0.370268 -2.79819
15.57 0 3.04115 1.90376 -1.70631
15.58 0 3.84413 3.6839 -0.950774
15.59 0 3.24118 3.84287 -1.31171
15.6 0 3.56016 4.41394 -0.52153
15.61 0 4.15423 4.8071 0.753626
15.62 0 4.56066 4.88711 2.07878
15.63 0 4.75726 4.94268 3.51057
15.64 0 3.64499 4.08989 3.94098
15.65 0 2.21267 3.26906 4.25744
15.66 0 0.805654 2.6012 4.64362
15.67 0 -0.706443 1.68825 4.79542
15.68 0 -2.20234 0.399208 4.68005
15.69 0 -3.3708 -1.01875 4.50452
15.7 0 -4.32422 -2.5682 4.09603
15.71 0 -5.02926 -3.99294 3.47031
15.72 0 -4.27073 -3.79062 3.88001
15.73 0 -3.04783 -2.69519 4.4098
15.74 0 -3.05546 -2.37138 3.42661
15.75 0 -3.04028 -1.84937 2.17064
15.76 0 -1.62333 -0.0967239 2.00512
15.77 0 0.449281 1.94538 2.27793
15.78 0 1.70557 2.81498 1.6568
15.79 0 1.95944 2.48701 -0.0840771
15.8 0 2.24383 1.93689 -1.7397
15.81 0 2.4817 1.20946 -3.20804
15.82 0 2.47423 0.322734 -4.5792
15.83 0 2.7326 -0.00141327 -5.25945
15.84 0 2.74947 -0.106888 -5.72529
15.85 0 2.92349 0.400216 -5.57559
15.86 0 3.19366 1.16287 -4.78754
15.87 0 3.17429 1.69465 -3.78687
15.88 0 2.77502 1.91776 -2.80416
15.89 0 2.4596 2.19142 -1.46067
15.9 0 2.5989 2.80583 0.570947
15.91 0 2.7263 3.3888 2.77565
15.92 0 2.38506 3.59801 4.64291
15.93 0 0.977232 2.8446 5.46946
15.94 0 -0.477678 2.03743 6.10596
15.95 0 -1.57065 1.43847 6.7606
15.96 0 -2.40341 0.652882 7.26515
15.97 0 -3.01814 -0.202696 7.51451
15.98 0 -3.73225 -1.2329 7.21719
15.99 0 -4.05713 -1.89252 6.78003
16 0 -3.428 -1.50642 6.77644
16.01 0 -2.62694 -0.650843 6.39399
16.02 0 -1.7848 0.348805 5.62065
16.03 0 -0.564043 1.48974 4.70108
16.04 0 0.806357 2.8284 3.20207
16.05 0 2.34874 4.34974 1.28517
16.06 0 4.37397 5.45908 -0.706704
16.07 0 6.31972 5.48644 -2.17032
16.08 0 7.6994 4.61531 -3.15263
16.09 0 8.60779 4.11431 -3.27223
16.1 0 8.03938 4.94381 -2.4383
16.11 0 5.52619 6.07278 -1.28278
16.12 0 3.51012 5.2776 -0.399379
16.13 0 2.38289 3.7777 0.880082
16.14 0 1.4434 1.89643 2.48496
16.15 0 0.504737 0.0755708 3.9764
16.16 0 -0.350497 -0.706282 5.52079
16.17 0 -1.47566 -0.468693 6.57314
16.18 0 -2.77527 0.303994 6.9885
16.19 0 -3.48554 1.32874 7.35171
16.2 0 -3.6588 1.97832 7.57221
16.21 0 -4.39524 0.689398 6.47222
16.22 0 -4.87947 -1.92389 5.06589
16.23 0 -4.02897 -3.53917 4.38262
16.24 0 -3.2106 -4.45689 3.46217
16.25 0 -2.86357 -4.76842 2.06919
16.26 0 -2.89745 -4.41466 0.337733
16.27 0 -3.06227 -3.5204 -1.56229
16.28 0 -2.87153 -2.39797 -3.27613
16.29 0 -2.03418 -1.37493 -4.54275
16.3 0 -0.0314088 -0.128409 -4.79736
16.31 0 2.36482 0.909271 -4.59155
16.32 0 4.60721 1.83446 -4.20306
16.33 0 6.40904 2.98256 -3.65808
16.34 0 5.99692 2.83067 -4.60278
16.35 0 4.84053 2.58079 -5.62106
16.36 0 3.58921 2.31985 -6.22065
16.37 0 1.99482 1.26581 -6.82758
16.38 0 -0.345985 -1.3007 -8.01419
16.39 0 -2.57735 -4.52089 -9.05899
16.4 0 -4.19812 -7.53629 -9.52753
16.41 0 -4.47247 -8.99167 -8.66726
16.42 0 -5.49385 -10.415 -8.53789
16.43 0 -7.20637 -11.6093 -9.1416
16.44 0 -8.88063 -12.1957 -9.91521
16.45 0 -9.00794 -11.225 -9.52846
16.46 0 -6.54661 -8.01444 -6.99533
16.47 0 -4.27928 -5.37451 -5.01074
16.48 0 -3.29659 -4.30993 -4.5497
16.49 0 -2.15949 -3.2967 -4.08196
16.5 0 -0.908422 -2.24328 -3.55127
16.51 0 0.206518 -1.24209 -3.10362
16.52 0 1.21211 -0.157783 -2.62296
16.53 0 1.19336 0.0761748 -2.98095
16.54 0 0.245075 -0.632079 -4.11389
16.55 0 -0.610892 -1.49895 -5.07373
16.56 0 -1.33811 -2.6035 -5.88203
16.57 0 -2.15418 -4.09938 -6.7801
16.58 0 -2.80218 -5.53224 -7.5095
16.59 0 -1.81662 -5.11921 -6.5542
16.6 0 -0.715683 -4.03718 -5.33739
16.61 0 -0.151096 -2.80993 -4.44896
16.62 0 0.303382 -1.20065 -3.47828
16.63 0 0.683023 0.430693 -2.452
16.64 0 1.23847 1.93997 -1.18684
16.65 0 1.31088 2.42401 -0.38626
16.66 0 0.394594 1.31299 -0.59236
16.67 0 -0.438779 -0.197762 -0.762642
16.68 0 -1.13543 -1.74672 -0.846681
16.69 0 -1.93246 -3.20411 -1.06897
16.7 0 -2.27832 -3.74913 -0.872247
16.71 0 -2.7601 -3.89156 -0.866413
16.72 0 -3.84897 -4.31085 -1.60665
16.73 0 -5.06141 -4.93822 -2.74008
16.74 0 -5.58864 -5.35572 -3.57242
16.75 0 -4.26534 -4.47665 -2.94306
16.76 0 -2.60187 -3.53087 -2.23804
16.77 0 -1.98137 -3.53402 -2.69262
16.78 0 -1.43388 -3.28376 -3.22852
16.79 0 -0.472707 -2.24402 -3.28762
16.8 0 0.465489 -0.936925 -3.25396
16.81 0 1.13169 0.229076 -3.33121
16.82 0 0.623975 0.0543709 -4.42989
16.83 0 -0.240172 -0.953616 -5.7908
16.84 0 -0.73797 -2.08334 -6.72739
16.85 0 -1.27667 -3.60511 -7.6089
16.86 0 -1.98099 -5.30764 -8.40063
16.87 0 -2.80396 -6.75975 -9.02972
16.88 0 -2.40813 -6.53269 -8.35946
16.89 0 -2.48415 -5.98976 -7.70347
16.9 0 -3.35331 -6.46113 -7.20888
16.91 0 -2.31299 -6.76621 -5.93841
16.92 0 -2.07475 -5.14301 -3.98123
16.93 0 -3.17758 -2.92045 -2.44234
16.94 0 -3.57971 -1.05329 -1.4063
16.95 0 -3.53838 0.334496 -0.98825
16.96 0 -2.94921 -0.0815983 -0.883841
16.97 0 -1.67774 -1.15513 -0.499916
16.98 0 0.916709 -1.01908 0.823482
16.99 0 3.44584 0.199385 2.25211
17 0 4.973 2.213 3.19895
17.01 0 4.91431 4.23016 3.05112
17.02 0 3.65957 5.60593 2.07399
17.03 0 3.14914 7.0056 1.91929
17.04 0 3.73744 8.01082 2.77973
17.05 0 4.87853 8.09242 4.1394
17.06 0 6.1716 7.60337 5.77327
17.07 0 7.21736 7.19905 7.52071
17.08 0 7.56428 7.28595 9.09941
17.09 0 7.14102 8.06159 10.4692
17.1 0 6.15361 9.31961 11.6932
17.11 0 4.44335 10.0234 12.3364
17.12 0 2.079 9.25473 12.1441
17.13 0 0.406406 7.7256 12.1966
17.14 0 -0.430161 5.6259 12.5299
17.15 0 -0.260956 3.83217 13.3795
17.16 0 0.0959038 2.53287 14.0926
17.17 0 -0.300101 1.56032 13.8626
17.18 0 -1.50378 0.996261 12.6314
17.19 0 -2.95685 0.871315 10.8124
17.2 0 -4.07562 0.891057 8.78411
17.21 0 -3.85922 1.30997 7.40721
17.22 0 -2.35633 1.85248 6.6579
17.23 0 -0.450101 1.98804 5.84658
17.24 0 1.84046 2.40327 5.24796
17.25 0 4.50071 3.82965 5.16924
17.26 0 6.04999 5.21835 4.3851
17.27 0 5.65618 5.57402 2.14869
17.28 0 5.03561 5.94892 0.0995499
17.29 0 5.48198 6.94386 -0.567564
17.3 0 6.24428 7.4841 -0.617087
17.31 0 6.64238 7.00556 -0.661008
17.32 0 6.68348 5.93477 -0.592033
17.33 0 6.34187 4.76254 -0.349066
17.34 0 5.51428 3.77031 -0.00708702
17.35 0 4.31288 3.16217 0.486362
17.36 0 3.09072 3.07718 1.34313
17.37 0 1.73078 2.9935 2.25626
17.38 0 0.282852 2.5288 3.07194
17.39 0 -1.05971 1.58983 3.80581
17.4 0 -2.05154 0.398581 4.5852
17.41 0 -2.46858 -0.568256 5.59204
17.42 0 -2.09982 -0.672546 7.0641
17.43 0 -1.77556 -0.352517 8.22335
17.44 0 -1.61877 0.401412 8.96315
17.45 0 -1.45841 1.56953 9.41616
17.46 0 -1.14628 2.89627 9.66342
17.47 0 -0.553683 4.10168 9.78338
17.48 0 0.260266 4.88975 9.72121
17.49 0 1.20512 5.19964 9.45827
17.5 0 1.46761 4.45212 8.28675
17.51 0 1.04971 2.93279 6.30226
17.52 0 0.54115 1.4419 4.16287
17.53 0 0.13763 0.291511 2.09568
17.54 0 0.729351 0.429179 1.05149
17.55 0 1.25585 0.796173 0.000643907
17.56 0 1.69772 1.2675 -1.00265
17.57 0 2.90764 2.56879 -1.12362
17.58 0 4.06921 3.81431 -1.0713
17.59 0 5.04779 4.96127 -1.10063
17.6 0 6.19203 5.99823 -0.669195
17.61 0 7.04811 6.73208 -0.0237172
17.62 0 6.3555 6.28343 -0.639735
17.63 0 5.2059 4.88035 -1.41948
17.64 0 4.12437 3.19485 -1.64171
17.65 0 2.71717 1.12306 -1.68473
17.66 0 0.811541 -0.955834 -1.94522
17.67 0 -1.59808 -3.10818 -2.0291
17.68 0 -5.00676 -2.36983 -0.499575
17.69 0 -4.18205 -2.67036 1.5265
17.7 0 -3.19021 -2.48676 2.94956
17.71 0 -2.12744 -2.07146 3.87801
17.72 0 -2.08214 -1.67933 3.74164
17.73 0 -2.09087 -0.912118 3.38047
17.74 0 -2.08848 -0.0344313 3.15175
17.75 0 -2.19339 -0.0889679 2.8014
17.76 0 -2.5856 -0.887503 1.79282
17.77 0 -2.78018 -1.87834 0.800091
17.78 0 -2.79138 -3.04819 -0.0402755
17.79 0 -2.69869 -3.93079 -0.938792
17.8 0 -2.23503 -3.95846 -1.47917
17.81 0 -1.9117 -3.57418 -2.16937
17.82 0 -1.77927 -2.9836 -3.03222
17.83 0 -1.67121 -2.37303 -3.94717
17.84 0 -1.37426 -1.88005 -4.72408
17.85 0 -0.0948818 -0.85521 -4.5446
17.86 0 1.53018 0.218025 -3.93335
17.87 0 2.98396 1.15627 -3.2495
17.88 0 3.61174 1.59888 -3.02394
17.89 0 2.94878 1.15012 -3.68638
17.9 0 2.05951 0.684327 -4.22819
17.91 0 1.01146 -0.00291121 -4.68396
17.92 0 -0.235086 -1.17301 -5.20176
17.93 0 -1.38305 -2.60692 -5.57485
17.94 0 -2.50465 -4.28265 -5.93506
17.95 0 -3.52794 -5.91441 -6.2449
17.96 0 -3.11753 -5.8766 -5.16456
17.97 0 -2.72101 -5.34741 -4.10477
17.98 0 -3.2983 -5.26478 -4.03487
17.99 0 -4.24174 -5.32329 -4.44206
18 0 -4.75265 -5.15975 -4.65362
18.01 0 -4.65184 -4.89831 -4.56929
18.02 0 -4.44866 -5.09428 -4.7031
18.03 0 -4.38431 -5.81371 -5.24714
18.04 0 -4.25739 -6.56492 -5.92533
18.05 0 -4.12179 -7.11289 -6.71174
18.06 0 -3.8062 -7.10661 -7.36875
18.07 0 -3.44579 -6.66781 -7.98853
18.08 0 -3.4145 -6.33718 -8.93654
18.09 0 -3.43866 -6.11974 -9.95855
18.1 0 -3.30912 -6.05254 -10.8607
18.11 0 -3.00056 -6.19404 -11.5971
18.12 0 -2.63546 -6.55669 -12.2289
18.13 0 -2.2125 -6.89245 -12.6669
18.14 0 -1.84727 -7.04725 -12.9384
18.15 0 -1.59758 -6.90336 -13.0383
18.16 0 -1.26506 -6.24384 -12.7436
18.17 0 -1.09529 -5.44543 -12.3115
18.18 0 -1.12711 -4.77916 -11.8247
18.19 0 -1.02376 -4.13236 -10.9995
18.2 0 -0.687889 -3.50671 -9.76981
18.21 0 -0.371909 -3.09042 -8.38798
18.22 0 -0.757792 -3.42406 -7.53614
18.23 0 -1.45969 -4.00765 -6.85934
18.24 0 -2.19091 -4.50016 -6.1303
18.25 0 -3.03843 -4.99504 -5.51293
18.26 0 -3.8344 -5.38716 -4.93039
18.27 0 -4.45934 -5.64419 -4.35419
18.28 0 -4.89733 -5.82905 -3.8344
18.29 0 -5.19955 -6.01766 -3.46555
18.3 0 -5.33926 -6.17856 -3.25294
18.31 0 -5.13747 -6.06867 -3.00828
18.32 0 -4.16117 -5.16111 -2.27094
18.33 0 -3.10327 -4.02718 -1.64791
18.34 0 -2.09691 -2.75957 -1.21709
18.35 0 -1.04016 -1.3207 -0.805437
18.36 0 -0.114699 -0.00332369 -0.526944
18.37 0 0.644353 1.014 -0.426188
18.38 0 1.38494 1.87103 -0.0786459
18.39 0 2.21127 2.51349 0.595492
18.4 0 2.89575 3.29794 1.28763
18.41 0 2.99768 3.40204 2.30899
18.42 0 2.89263 2.90148 3.99469
18.43 0 2.74257 2.98486 6.00169
18.44 0 3.84639 2.95387 7.4667
18.45 0 2.35595 4.21235 7.51521
18.46 0 0.380683 5.54716 6.99633
18.47 0 -0.63094 6.31615 6.44823
18.48 0 -0.624553 5.89482 6.34516
18.49 0 0.0127192 3.98058 6.30489
18.5 0 0.940138 1.79173 6.10812
18.51 0 1.65158 0.0146417 5.603
18.52 0 1.50376 -1.01642 4.49697
18.53 0 0.824222 -0.783637 3.16081
18.54 0 0.614119 1.03202 2.46564
18.55 0 0.515956 2.98525 1.84856
18.56 0 0.763722 4.34133 1.40534
18.57 0 1.77665 5.03661 1.51444
18.58 0 3.24149 5.00104 1.97972
18.59 0 4.8508 4.72034 2.72684
18.6 0 6.07669 4.60978 3.47851
18.61 0 6.28173 4.68073 3.77234
18.62 0 5.21971 4.69158 3.36105
18.63 0 3.73668 4.90798 2.91913
18.64 0 2.32282 4.9881 2.68889
18.65 0 1.29657 4.59587 2.78141
18.66 0 0.763297 3.63146 3.19269
18.67 0 0.552594 2.23915 3.75677
18.68 0 0.419101 0.816652 4.31143
18.69 0 0.379621 0.0386832 4.96969
18.7 0 0.0243459 -0.132688 5.36237
18.71 0 -0.680291 0.184611 5.40225
18.72 0 -1.45347 0.785606 5.23072
18.73 0 -2.01159 1.31072 4.96917
18.74 0 -1.84921 1.78788 5.01491
18.75 0 -0.841075 2.2677 5.50009
18.76 0 0.496847 2.57234 6.03077
18.77 0 1.90748 2.99687 6.53319
18.78 0 3.07308 3.7126 6.86394
18.79 0 3.06337 3.95696 6.18448
18.8 0 2.43455 4.03758 5.02436
18.81 0 1.85501 4.13395 3.95501
18.82 0 1.84561 4.33884 3.41472
18.83 0 2.52147 4.63619 3.51465
18.84 0 2.90801 4.23473 3.35004
18.85 0 3.10864 3.58566 3.11869
18.86 0 3.17667 3.08778 2.95488
18.87 0 2.91369 2.74391 2.70019
18.88 0 2.36217 2.56596 2.37578
18.89 0 1.78143 2.58494 2.16891
18.9 0 1.3889 2.72207 2.20884
18.91 0 1.10737 2.6783 2.34852
18.92 0 0.980232 2.43407 2.59681
18.93 0 1.25536 2.36081 3.21248
18.94 0 1.66948 2.4479 3.97962
18.95 0 1.94055 2.65918 4.66685
18.96 0 2.04507 3.07943 5.26988
18.97 0 2.00852 3.66068 5.79169
18.98 0 1.92093 4.28118 6.2681
18.99 0 1.92746 4.84366 6.78431
19 0 2.11018 5.27352 7.38335
19.01 0 2.21729 5.30752 7.80685
19.02 0 2.07548 4.87422 7.89377
19.03 0 2.06966 4.52382 8.04924
19.04 0 2.22814 4.4652 8.32985
19.05 0 2.26254 4.53017 8.47072
19.06 0 2.1967 4.7332 8.49298
19.07 0 2.17262 5.08479 8.5094
19.08 0 2.18107 5.41342 8.47606
19.09 0 1.74285 5.06943 7.88384
19.1 0 1.15981 4.23233 6.98962
19.11 0 0.800197 3.30231 6.14715
19.12 0 0.539757 2.26394 5.25516
19.13 0 0.296282 1.2776 4.22458
19.14 0 -0.0176331 0.410446 3.05523
19.15 0 -0.112595 -0.0188436 1.71447
19.16 0 0.0460002 0.162701 0.477721
19.17 0 0.75899 0.715212 -0.646975
19.18 0 1.76809 2.18354 -2.44458
19.19 0 3.30292 3.38029 -4.36122
19.2 0 5.09548 3.34479 -5.2861
19.21 0 5.3633 2.13727 -5.74993
19.22 0 2.18509 0.528945 -6.05063
19.23 0 1.28607 -1.59328 -5.95274
19.24 0 0.232993 -3.4554 -5.62338
19.25 0 -0.700181 -4.487 -4.95677
19.26 0 -2.07416 -4.7431 -4.50723
19.27 0 -3.75282 -4.80764 -4.3689
19.28 0 -5.41306 -5.06626 -4.43906
19.29 0 -6.64582 -5.70999 -4.49481
19.3 0 -7.22183 -6.76666 -4.35846
19.31 0 -6.76519 -7.54772 -3.73111
19.32 0 -5.77031 -7.86347 -2.98148
19.33 0 -4.97203 -7.77742 -2.66664
19.34 0 -4.43525 -7.03659 -2.72489
19.35 0 -3.9591 -5.63541 -2.94895
19.36 0 -3.41715 -3.90846 -3.26792
19.37 0 -2.69993 -2.33228 -3.6068
19.38 0 -1.74854 -1.26144 -3.92414
19.39 0 -0.633402 -0.821385 -4.22465
19.4 0 0.694569 -0.663108 -4.30637
19.41 0 1.80096 -0.701612 -4.42066
19.42 0 2.45055 -0.700317 -4.6429
19.43 0 2.66407 -0.416696 -4.86281
19.44 0 2.45143 0.0521061 -5.07337
19.45 0 1.45246 -0.0361834 -5.72415
19.46 0 0.367825 -0.469409 -6.25615
19.47 0 -0.44295 -1.2182 -6.43117
19.48 0 -0.721415 -2.02227 -6.04124
19.49 0 -0.797328 -2.89014 -5.39203
19.5 0 -1.10615 -3.81124 -4.86861
19.51 0 -1.73835 -4.54412 -4.54293
19.52 0 -2.65826 -4.993 -4.4266
19.53 0 -3.71526 -5.22789 -4.47931
19.54 0 -4.60281 -5.32184 -4.535
19.55 0 -4.9151 -5.2055 -4.30348
19.56 0 -5.32701 -5.71234 -4.52177
19.57 0 -5.50412 -6.45869 -4.86449
19.58 0 -5.0796 -6.83382 -4.91623
19.59 0 -4.32421 -6.7562 -4.85041
19.6 0 -3.62426 -6.32744 -4.95084
19.61 0 -3.23479 -5.7375 -5.40959
19.62 0 -3.21882 -5.24412 -6.28572
19.63 0 -3.15636 -4.77155 -7.19141
19.64 0 -2.33557 -3.88782 -7.42424
19.65 0 -1.30339 -3.19439 -7.4766
19.66 0 -0.243302 -2.71616 -7.42722
19.67 0 0.804889 -2.21504 -7.1902
19.68 0 1.55473 -1.71373 -6.93924
19.69 0 1.62068 -1.48788 -7.00012
19.7 0 1.37501 -1.26006 -7.01211
19.71 0 0.996459 -1.0716 -6.855
19.72 0 0.544438 -1.08822 -6.54521
19.73 0 0.302735 -1.14555 -5.85282
19.74 0 0.236353 -1.24519 -4.84395
19.75 0 0.132871 -1.42185 -3.73829
19.76 0 -0.0930554 -1.55899 -2.60447
19.77 0 -0.432415 -1.53793 -1.4784
19.78 0 -0.907556 -1.39385 -0.412199
19.79 0 -1.73259 -1.47467 0.296212
19.8 0 -2.62977 -1.76957 0.794802
19.81 0 -3.34176 -2.23159 1.48965
19.82 0 -3.86056 -2.71219 2.05587
19.83 0 -4.14856 -3.14927 2.4767
19.84 0 -4.20278 -3.75486 3.07653
19.85 0 -4.40785 -3.91593 3.29436
19.86 0 -4.5696 -3.62213 3.09739
19.87 0 -4.33025 -2.52024 2.60893
19.88 0 -3.58644 -1.11243 2.21554
19.89 0 -2.14272 0.0706298 1.76018
19.9 0 -0.345785 1.28401 1.24959
19.91 0 3.79243 1.41187 0.600568
19.92 0 5.96197 2.28766 -0.36366
19.93 0 5.77025 4.05805 -1.40215
19.94 0 5.23108 5.25472 -1.96611
19.95 0 4.56504 5.85102 -1.85146
19.96 0 4.30389 5.49795 -1.05541
19.97 0 4.30097 4.54871 0.219907
19.98 0 4.16803 3.49145 1.59258
19.99 0 3.68473 2.84195 2.32899
20 0 2.85035 2.64239 2.94586
20.01 0 2.29822 3.23706 4.05053
20.02 0 1.69665 3.96895 5.08243
20.03 0 0.590965 3.84324 5.26986
20.04 0 -0.290026 3.21078 5.44488
20.05 0 -0.703137 2.31292 5.76968
20.06 0 -0.74723 1.37139 6.14998
20.07 0 -0.659227 0.585493 6.42221
20.08 0 -0.690161 0.130758 6.42715
20.09 0 -0.899296 0.103253 6.12938
20.1 0 -1.23335 0.384007 5.54706
20.11 0 -1.49073 0.803351 4.80918
20.12 0 -1.26143 1.3748 4.26502
20.13 0 -0.600976 1.83301 3.85917
20.14 0 0.322203 2.06467 3.49578
20.15 0 1.43473 2.27394 3.23083
20.16 0 2.6235 2.71315 3.10681
20.17 0 3.60865 3.39531 2.98408
20.18 0 4.1824 4.19132 2.74004
20.19 0 4.05241 4.62669 2.09147
20.2 0 3.73033 4.86091 1.49654
20.21 0 3.35237 4.7047 1.02546
20.22 0 3.02101 4.12005 0.740174
20.23 0 2.80575 3.28268 0.712249
20.24 0 2.57873 2.35713 0.847466
20.25 0 2.40428 1.74829 1.24886
20.26 0 1.9564 1.35643 1.60003
20.27 0 1.24636 1.19173 1.86573
20.28 0 0.404947 1.15905 2.07612
20.29 0 -0.368061 1.1261 2.30117
20.3 0 -0.948054 0.933513 2.55786
20.31 0 -1.30233 0.505414 2.81295
20.32 0 -1.45737 -0.0876376 3.02629
20.33 0 -1.46261 -0.650195 3.17673
20.34 0 -1.46152 -1.05791 3.16388
20.35 0 -1.54855 -1.24229 2.92257
20.36 0 -1.69204 -1.18671 2.48207
20.37 0 -1.49708 -0.652871 2.21545
20.38 0 -0.94185 0.19151 2.13553
20.39 0 -0.243758 0.983931 2.04356
20.4 0 0.584852 1.6649 1.97597
20.41 0 1.50692 2.26407 1.97399
20.42 0 2.41792 2.82409 2.02744
20.43 0 3.19106 3.37682 2.10217
20.44 0 3.59833 3.79157 2.03007
20.45 0 3.79202 4.1842 1.98634
20.46 0 3.86005 4.54135 2.062
20.47 0 3.83761 4.77984 2.27786
20.48 0 3.77038 4.86736 2.65624
20.49 0 3.47462 4.61098 2.9939
20.5 0 2.99038 4.08068 3.30231
20.51 0 2.45149 3.4974 3.68297
20.52 0 1.80735 2.88543 4.04431
20.53 0 1.14622 2.38064 4.42571
20.54 0 0.909691 2.40485 5.21187
20.55 0 0.704021 2.54219 5.9612
20.56 0 0.489302 2.69792 6.55653
20.57 0 0.430796 2.9776 7.11967
20.58 0 0.355228 3.10058 7.41866
20.59 0 -0.0405245 2.68591 7.10728
20.6 0 -0.419479 2.22128 6.60656
20.61 0 -0.583963 1.82393 6.06414
20.62 0 -0.450841 1.31778 5.1885
20.63 0 -0.24984 1.21561 3.74745
20.64 0 -0.735264 1.37909 1.71207
20.65 0 -1.09927 1.54096 -0.457931
20.66 0 -0.325914 0.757857 -2.15249
20.67 0 1.4597 -0.829242 -2.9909
20.68 0 2.76848 -1.94206 -3.615
20.69 0 3.16934 -2.61056 -4.00424
20.7 0 2.32042 -2.28655 -4.6602
20.71 0 0.890167 -1.4285 -5.46319
20.72 0 -0.663611 -0.568824 -6.13758
20.73 0 -1.68234 -0.252553 -6.25511
20.74 0 -1.96611 -0.833982 -5.8489
20.75 0 -1.66937 -2.09209 -5.00244
20.76 0 -1.19263 -3.5504 -4.02442
20.77 0 -0.973584 -4.68452 -3.18909
20.78 0 -1.349 -5.1626 -2.72895
20.79 0 -2.30257 -4.93123 -2.6668
20.8 0 -3.54299 -4.28019 -2.88921
20.81 0 -4.59152 -3.63919 -3.15538
20.82 0 -5.10228 -3.41985 -3.31171
20.83 0 -4.87958 -3.70243 -3.22382
20.84 0 -4.06772 -4.32837 -2.97506
20.85 0 -3.05159 -4.96095 -2.77219
20.86 0 -2.24472 -5.26693 -2.82917
20.87 0 -1.83775 -4.99877 -3.1998
20.88 0 -1.85113 -4.23796 -3.87673
20.89 0 -1.99582 -3.18698 -4.63108
20.9 0 -2.02749 -2.25698 -5.332
20.91 0 -1.7009 -1.70376 -5.80223
20.92 0 -1.01355 -1.64725 -6.02088
20.93 0 -0.0948575 -1.92079 -6.00668
20.94 0 0.835304 -2.18879 -5.81527
20.95 0 1.59877 -2.07726 -5.46648
20.96 0 1.84806 -1.64182 -5.21731
20.97 0 1.64502 -0.915117 -5.01619
20.98 0 1.14999 -0.156834 -4.80085
20.99 0 0.684996 0.429041 -4.38341
21 0 0.464862 0.680408 -3.66
21.01 0 0.383513 0.425389 -2.78438
21.02 0 -0.339179 -0.904851 -2.5404
21.03 0 -0.578536 -1.81295 -1.78493
21.04 0 -0.809276 -2.37662 -0.96347
21.05 0 -1.44035 -2.77237 -0.484153
21.06 0 -2.18081 -2.76636 -0.129895
21.07 0 -2.97685 -2.61107 0.0322669
21.08 0 -3.56357 -2.44182 0.136433
21.09 0 -3.79634 -2.41453 0.232638
21.1 0 -3.60956 -2.53179 0.359941
21.11 0 -3.14793 -2.75686 0.419474
21.12 0 -2.53654 -2.88764 0.378726
21.13 0 -2.00707 -2.84344 0.107251
21.14 0 -1.78481 -2.70312 -0.550389
21.15 0 -1.68732 -2.36978 -1.39025
21.16 0 -1.55618 -1.93009 -2.26482
21.17 0 -1.33552 -1.59571 -3.13002
21.18 0 -0.918901 -1.42517 -3.8665
21.19 0 -0.36587 -1.45661 -4.4774
21.2 0 0.235849 -1.5859 -4.95919
21.21 0 0.726925 -1.71681 -5.37028
21.22 0 1.00236 -1.75385 -5.73406
21.23 0 1.01536 -1.67565 -6.05186
21.24 0 0.891312 -1.45153 -6.21108
21.25 0 0.697353 -1.20427 -6.175
21.26 0 0.463607 -1.07548 -5.96721
21.27 0 0.251133 -1.14329 -5.57446
21.28 0 0.0381448 -1.36744 -4.97605
21.29 0 -0.20647 -1.77932 -4.13443
21.3 0 -0.544378 -2.27959 -3.17815
21.31 0 -1.08418 -2.52184 -2.32317
21.32 0 -1.81345 -2.6569 -1.33718
21.33 0 -2.60804 -3.01191 0.0693791
21.34 0 -3.40028 -3.3165 1.508
21.35 0 -4.26452 -3.22319 2.82426
21.36 0 -4.83823 -2.75557 3.65986
21.37 0 -5.10155 -1.82632 3.97067
21.38 0 -4.24818 -1.11904 3.95759
21.39 0 -0.99989 -0.949052 3.76247
21.4 0 0.844116 -0.022241 3.02967
21.41 0 1.26868 1.37402 1.91295
21.42 0 1.64059 2.73673 0.780614
21.43 0 2.07728 3.76851 -0.103816
21.44 0 2.77596 4.19303 -0.544535
21.45 0 3.70376 3.98341 -0.513448
21.46 0 4.60241 3.37456 -0.112953
21.47 0 5.1191 2.86275 0.331474
21.48 0 4.97726 2.93901 0.454081
21.49 0 4.25113 3.38909 0.503999
21.5 0 3.23482 3.90087 0.645319
21.51 0 2.26562 4.11289 1.02223
21.52 0 1.60393 3.86551 1.67232
21.53 0 1.30171 3.27668 2.42333
21.54 0 1.20866 2.44914 3.301
21.55 0 1.12298 1.62458 4.17497
21.56 0 0.848482 1.07075 4.87773
21.57 0 0.316931 0.892412 5.32388
21.58 0 -0.388999 1.0424 5.5484
21.59 0 -1.03603 1.39276 5.66561
21.6 0 -1.45676 1.68572 5.72018
21.61 0 -1.52049 1.76791 5.76346
21.62 0 -1.20278 1.63901 5.81642
21.63 0 -0.632261 1.40481 5.8189
21.64 0 0.00541437 1.24748 5.69437
21.65 0 0.540146 1.31895 5.37989
21.66 0 0.894808 1.67186 4.86831
21.67 0 1.08197 2.21462 4.19222
21.68 0 1.22019 2.78852 3.45354
21.69 0 1.46097 3.24301 2.78436
21.7 0 1.87443 3.4721 2.26127
21.71 0 2.42442 3.46838 1.90018
21.72 0 2.99663 3.32768 1.67376
21.73 0 3.4367 3.18213 1.52447
21.74 0 3.62811 3.13942 1.40819
21.75 0 3.53454 3.2276 1.31358
21.76 0 3.21451 3.38849 1.27095
21.77 0 2.78245 3.5066 1.32988
21.78 0 2.36722 3.4784 1.544
21.79 0 2.03521 3.24787 1.92127
21.8 0 1.78044 2.84057 2.42558
21.81 0 1.53594 2.34725 2.98408
21.82 0 1.23278 1.8948 3.52734
21.83 0 0.827326 1.5805 3.9982
21.84 0 0.324005 1.42327 4.35953
21.85 0 -0.205565 1.38118 4.61531
21.86 0 -0.655769 1.37093 4.79383
21.87 0 -0.938258 1.32206 4.91934
21.88 0 -1.00913 1.20572 4.99685
21.89 0 -0.886611 1.04778 5.00719
21.9 0 -0.641497 0.92345 4.91504
21.91 0 -0.352965 0.907869 4.68564
21.92 0 -0.0722803 1.02509 4.3179
21.93 0 0.186211 1.25946 3.83311
21.94 0 0.488002 1.5742 3.20596
21.95 0 0.814776 2.00517 2.39582
21.96 0 1.22956 2.33773 1.62966
21.97 0 1.73827 2.5024 0.978151
21.98 0 2.31023 2.52932 0.356962
21.99 0 2.90135 2.66991 -0.583504
22 0 3.38793 2.67491 -1.34202
22.01 0 3.68684 2.68491 -2.03807
22.02 0 3.93525 2.4403 -2.4925
22.03 0 3.76419 2.12453 -2.62825
22.04 0 3.30766 1.57214 -2.39961
22.05 0 2.55127 0.815954 -1.8916
22.06 0 -0.439032 0.612074 -1.35756
22.07 0 -2.91414 -0.129775 -0.515167
22.08 0 -2.97777 -1.92362 0.674823
22.09 0 -2.71611 -3.45033 1.60819
22.1 0 -2.69245 -4.23929 1.94464
22.11 0 -3.00584 -4.17324 1.58195
22.12 0 -3.64404 -3.40694 0.728654
22.13 0 -4.09202 -2.58462 -0.273422
22.14 0 -4.04365 -2.05916 -1.22537
22.15 0 -3.3938 -2.14401 -1.78433
22.16 0 -2.38153 -2.62409 -1.98215
22.17 0 -1.2783 -3.10306 -2.22662
22.18 0 -0.432302 -3.25979 -2.65229
22.19 0 -0.0269443 -2.94977 -3.30701
22.2 0 -0.0254588 -2.31667 -4.03675
22.21 0 -0.275131 -1.57006 -4.70019
22.22 0 -0.480056 -0.966775 -5.23726
22.23 0 -0.450424 -0.718316 -5.52847
22.24 0 -0.140101 -0.89881 -5.5322
22.25 0 0.319713 -1.37642 -5.31206
22.26 0 0.701007 -1.91304 -4.98641
22.27 0 0.790449 -2.27375 -4.67906
22.28 0 0.491294 -2.3409 -4.45781
22.29 0 -0.225461 -2.25641 -4.40493
22.3 0 -0.980536 -2.00831 -4.26037
22.31 0 -1.6428 -1.89153 -4.02835
22.32 0 -2.05554 -2.04228 -3.65332
22.33 0 -2.19308 -2.4535 -3.15501
22.34 0 -2.15061 -2.99796 -2.61278
22.35 0 -2.08795 -3.48276 -2.1361
22.36 0 -2.14297 -3.7406 -1.82071
