0.02 0 -0.0367718 -0.0444706 -0.0426311
0.04 0 -0.0245487 -0.0494674 -0.0480253
0.06 0 0.0277463 0.00385641 -0.0110274
0.08 0 0.0433541 0.0531115 0.013473
0.1 0 0.0560708 0.0993087 0.0637287
0.12 0 0.0221885 0.0666767 0.0819558
0.14 0 -0.0305952 -0.010981 0.069389
0.16 0 -0.0356712 -0.0330735 0.0692236
0.18 0 -0.0268801 -0.0152987 0.0430527
0.2 0 0.0310532 0.0573099 0.0428569
0.22 0 0.0697249 0.0945981 0.03302
0.24 0 0.0505595 0.0580901 0.00088497
0.26 0 0.0166814 0.00607145 -0.0104995
0.28 0 -0.0336505 -0.0494981 -0.024876
0.3 0 -0.00193533 -0.00287527 0.0358919
0.32 0 0.027502 0.0607824 0.0859092
0.34 0 -0.0362248 0.00885157 0.0260009
0.36 0 -0.0710323 -0.0780553 -0.0445206
0.38 0 -0.0347617 -0.106217 -0.0776521
0.4 0 -0.024109 -0.0964307 -0.13529
0.42 0 -0.00559741 -0.0403928 -0.160881
0.44 0 0.0363136 0.0115231 -0.125012
0.46 0 0.0400604 0.00295492 -0.0743684
0.48 0 -0.0133234 -0.0415369 -0.0371393
0.5 0 -0.102732 -0.108398 -0.0420825
0.52 0 -0.145605 -0.161002 -0.0676698
0.54 0 -0.0996112 -0.153812 -0.0886902
0.56 0 0.00133064 -0.0624491 -0.0929451
0.58 0 0.054553 0.0259134 -0.116633
0.6 0 0.0539675 0.0458175 -0.129726
0.62 0 0.117103 0.10172 9.5292e-05
0.64 0 0.118918 0.142381 0.154067
0.66 0 -0.0775779 0.0154254 0.133604
0.68 0 -0.121247 -0.0334777 0.176649
0.7 0 -0.062372 -0.035995 0.189929
0.72 0 0.00747313 0.0202044 0.128068
0.74 0 0.036263 0.0737845 0.000515527
0.76 0 0.069438 0.0784091 -0.0987332
0.78 0 0.232345 0.194389 0.0272445
0.8 0 0.161095 0.169302 0.070667
0.82 0 -0.0828108 -0.00441461 0.0199816
0.84 0 -0.112755 -0.063437 0.123265
0.86 0 -0.0509076 -0.0498852 0.209185
0.88 0 -0.0745964 -0.0414834 0.117104
0.9 0 -0.0828012 -0.031804 -0.0450236
0.92 0 0.0655573 0.037794 -0.0898797
0.94 0 0.226028 0.144658 -0.0387629
0.96 0 0.13771 0.124029 -0.0696704
0.98 0 -0.059528 -0.0149796 -0.107284
1 0 -0.0944679 -0.105172 0.000881122
1.02 0 -0.0757652 -0.129989 0.0976178
1.04 0 -0.166601 -0.166244 -0.000106144
1.06 0 -0.087289 -0.0488603 -0.0338407
1.08 0 0.0881649 0.0820633 -0.0220582
1.1 0 0.102851 0.0461343 -0.11479
1.12 0 0.0813045 0.0255851 -0.133113
1.14 0 0.0200713 -0.00329386 -0.0976567
1.16 0 -0.0864595 -0.0974136 -0.0787124
1.18 0 -0.0466193 -0.0612202 0.0554096
1.2 0 -0.0950813 -0.0886792 0.0427282
1.22 0 -0.103139 -0.0829629 -0.00901453
1.24 0 0.0588123 0.0631744 0.053823
1.26 0 0.0684835 0.065692 -0.0195002
1.28 0 0.055413 0.0515894 -0.0599755
1.3 0 0.0465878 0.0314038 -0.0397843
1.32 0 0.0254769 0.0133917 0.012858
1.34 0 -0.106715 -0.106249 -0.0451211
1.36 0 -0.154748 -0.179253 -0.0847235
1.38 0 0.0379708 -0.00467411 0.0544832
1.4 0 -0.000505512 0.00165914 -0.0408649
1.42 0 -0.00740813 0.0149024 -0.0934437
1.44 0 0.184266 0.181201 0.0924617
1.46 0 0.149161 0.181544 0.147324
1.48 0 0.0161461 0.123305 0.167073
1.5 0 -0.140085 -0.0495114 0.112004
1.52 0 -0.0977287 -0.104484 0.132951
1.54 0 0.0208451 -0.00477044 0.144189
1.56 0 -0.0757379 -0.0439027 -0.0961871
1.58 0 0.0135694 0.0113514 -0.169192
1.6 0 0.207334 0.116885 -0.0718108
1.62 0 0.133205 0.0693811 -0.0836043
1.64 0 0.0024894 0.0411382 -0.0314758
1.66 0 -0.0559883 0.0152028 0.0974678
1.68 0 -0.0787742 -0.0438696 0.186615
1.7 0 -0.129801 -0.112118 0.136652
1.72 0 -0.083825 -0.0553974 0.0664644
1.74 0 0.0261681 0.0441399 -0.0109562
1.76 0 0.124523 0.103033 -0.0772779
1.78 0 0.193663 0.156094 -0.0555879
1.8 0 0.120428 0.120018 -0.0269185
1.82 0 0.0357402 0.0844865 0.0838805
1.84 0 -0.313032 -0.297433 -0.115118
1.86 0 -0.38877 -0.518206 -0.233004
1.88 0 0.020888 -0.158254 -0.0195883
1.9 0 0.182494 0.191384 -0.024195
1.92 0 0.0695811 0.214228 -0.198187
1.94 0 0.0252022 -0.00582551 -0.232186
1.96 0 0.168279 -0.0465745 0.0239416
1.98 0 0.077166 0.0447677 0.182427
2 0 -0.375435 -0.152648 -0.0560476
2.02 0 -0.248132 -0.155607 0.0333671
2.04 0 0.281336 0.152959 0.376906
2.06 0 0.166599 0.180471 0.164359
2.08 0 -0.238916 -0.0600445 -0.294544
2.1 0 0.057619 0.0277779 -0.115972
2.12 0 0.360035 0.153256 0.155898
2.14 0 -0.0728772 -0.0903836 -0.122693
2.16 0 -0.339945 -0.217021 -0.25515
2.18 0 -0.0436348 -0.0892164 0.015312
2.2 0 0.192072 0.0592894 0.198505
2.22 0 -0.129868 -0.094756 -0.119577
2.24 0 -0.134104 -0.0408356 -0.165531
2.26 0 0.19442 0.145852 0.0834967
2.28 0 0.205167 0.13962 0.121095
2.3 0 0.03944 0.138312 0.103308
2.32 0 -0.0846195 0.077924 0.115964
2.34 0 0.0168611 0.0669407 0.263461
2.36 0 0.0543971 0.0533514 0.29242
2.38 0 -0.132284 -0.062527 0.0485529
2.4 0 -0.0511681 0.0119906 -0.0167162
2.42 0 0.244007 0.22534 0.121375
2.44 0 0.249469 0.255986 0.10505
2.46 0 0.0366144 0.126645 0.00829124
2.48 0 -0.199996 -0.170918 -0.115246
2.5 0 -0.140778 -0.265876 -0.0417373
2.52 0 0.0451813 -0.0529927 0.105396
2.54 0 0.127382 0.255626 0.171034
2.56 0 0.058895 0.283007 0.101526
2.58 0 -0.00516954 0.0215749 0.0160473
2.6 0 -0.122785 -0.324276 -0.142216
2.62 0 -0.0286453 -0.188108 -0.0825791
2.64 0 -0.0605853 -0.00630905 -0.141801
2.66 0 -0.275432 -0.238901 -0.446922
2.68 0 -0.0277958 -0.274019 -0.354424
2.7 0 0.192587 -0.112815 -0.18426
2.72 0 0.0043489 -0.00108892 -0.23422
2.74 0 -0.320148 -0.19396 -0.403314
2.76 0 -0.0690209 -0.19307 -0.113029
2.78 0 0.0890264 -0.152224 0.0723232
2.8 0 -0.10732 -0.0873857 -0.0450367
2.82 0 -0.201698 -0.0102313 -0.133484
2.84 0 0.145595 0.164646 0.11629
2.86 0 0.480841 0.418122 0.452534
2.88 0 0.0560986 0.222137 0.2165
2.9 0 -0.262826 -0.0135994 0.0542903
2.92 0 0.0190186 0.0332478 0.312241
2.94 0 0.126273 0.0411383 0.33025
2.96 0 -0.114624 -0.0297459 0.000466602
2.98 0 -0.131872 -0.0190265 -0.184295
3 0 0.0572815 -0.0687828 -0.217206
3.02 0 0.0632417 -0.215032 -0.338719
3.04 0 0.186119 0.0697068 -0.150351
3.06 0 0.294826 0.482034 0.2189
3.08 0 0.0370754 0.328844 0.308582
3.1 0 -0.256297 -0.166979 0.255272
3.12 0 -0.405481 -0.550804 0.0938537
3.14 0 -0.315428 -0.460234 -0.0967457
3.16 0 -0.0107431 -0.0184439 -0.231316
3.18 0 0.4585 0.502397 -0.124885
3.2 0 0.512022 0.510602 -0.110242
3.22 0 0.178645 0.13414 -0.120149
3.24 0 -0.276304 -0.335107 -0.11186
3.26 0 -0.382057 -0.421691 0.101174
3.28 0 -0.0916882 -0.0118684 0.456057
3.3 0 0.116934 0.383121 0.544663
3.32 0 0.017762 0.283582 0.212916
3.34 0 -0.0304204 -0.0663461 -0.139315
3.36 0 0.291987 0.0276593 -0.0439628
3.38 0 0.421053 0.379616 0.130443
3.4 0 0.146986 0.467832 0.147693
3.42 0 -0.110549 0.152312 0.190199
3.44 0 -0.237186 -0.34317 0.199736
3.46 0 -0.54229 -0.816782 -0.200426
3.48 0 -0.188551 -0.305314 -0.171308
3.5 0 0.346217 0.462594 -0.0117585
3.52 0 0.298367 0.416866 -0.262329
3.54 0 0.0295995 -0.143637 -0.506604
3.56 0 -0.14657 -0.552935 -0.490045
3.58 0 -0.0545542 -0.269952 -0.104868
3.6 0 -0.216564 -0.031887 0.00166534
3.62 0 -0.326684 -0.109333 -0.0510542
3.64 0 -0.155537 -0.300194 -0.0690574
3.66 0 -0.00348458 -0.328505 -0.175838
3.68 0 0.0513022 -0.0423607 -0.289875
3.7 0 -0.0509237 0.0429733 -0.470757
3.72 0 0.353959 0.321702 -0.0340681
3.74 0 0.433787 0.359515 0.32752
3.76 0 -0.0998006 0.0619799 0.265739
3.78 0 -0.386504 -0.110558 0.304214
3.8 0 -0.202883 -0.102699 0.459127
3.82 0 0.0362267 0.0182809 0.418542
3.84 0 -0.107827 -0.0632838 -0.104796
3.86 0 0.198067 0.227819 -0.178911
3.88 0 0.470439 0.395784 -0.0946916
3.9 0 0.400108 0.353694 0.00380305
3.92 0 -0.0298735 0.052596 0.00119925
3.94 0 -0.391397 -0.318335 0.0191715
3.96 0 -0.333601 -0.389627 0.185471
3.98 0 -0.345674 -0.433133 -0.0126179
4 0 -0.0318934 -0.0440272 -0.0805154
4.02 0 0.421975 0.479603 0.0194456
4.04 0 0.582596 0.678629 0.10923
4.06 0 0.316899 0.417834 0.123626
4.08 0 -0.2815 -0.262147 -0.0553423
4.1 0 -0.301744 -0.377671 0.203142
4.12 0 -0.196955 -0.183298 0.343565
4.14 0 -0.219296 -0.0445679 0.113808
4.16 0 0.0909119 0.20404 0.041491
4.18 0 0.338757 0.252875 -0.0481481
4.2 0 0.108241 -0.0614661 -0.387702
4.22 0 -0.0616855 -0.210135 -0.46689
4.24 0 0.173662 0.105153 -0.00980748
4.26 0 0.084767 0.182346 0.224493
4.28 0 -0.171825 0.0295586 0.258206
4.3 0 -0.119443 0.0111513 0.41373
4.32 0 0.181382 0.279087 0.658563
4.34 0 0.103825 0.328912 0.46714
4.36 0 -0.287092 -0.106514 -0.145001
4.38 0 -0.226624 -0.440939 -0.471659
4.4 0 0.156695 -0.318563 -0.453444
4.42 0 0.0285497 -0.23389 -0.704879
4.44 0 -0.223613 -0.266507 -0.89342
4.46 0 -0.141278 -0.363715 -0.695777
4.48 0 -0.0119219 -0.42155 -0.369932
4.5 0 -0.183529 -0.36744 -0.245606
4.52 0 -0.394208 -0.264723 -0.23758
4.54 0 0.0284663 0.150235 0.205143
4.56 0 0.294848 0.315089 0.436254
4.58 0 0.102433 0.207862 0.285113
4.6 0 -0.0352921 0.158229 0.193476
4.62 0 -0.113469 -0.0444973 0.0618289
4.64 0 0.0231696 -0.0857085 0.0656424
4.66 0 0.330027 0.305612 0.301392
4.68 0 0.460193 0.759929 0.543091
4.7 0 0.0487703 0.4624 0.347613
4.72 0 -0.394222 -0.350295 -0.0111548
4.74 0 0.0501811 -0.245752 0.33769
4.76 0 0.291273 0.302776 0.500037
4.78 0 0.0604875 0.568145 0.24462
4.8 0 -0.0633111 0.255788 -0.000614839
4.82 0 0.281873 0.00671726 0.187533
4.84 0 0.357846 0.0913999 0.321101
4.86 0 -0.26368 0.00454175 -0.0847974
4.88 0 -0.389572 -0.0787951 -0.18568
4.9 0 -0.0961516 -0.340369 -0.132785
4.92 0 0.256497 -0.185316 0.00745282
4.94 0 -0.10373 -0.108793 -0.378537
4.96 0 -0.356045 -0.166407 -0.661427
4.98 0 0.225014 0.0353789 -0.172494
5 0 0.298651 -0.0550806 -0.00225601
5.02 0 -0.111753 -0.0841765 -0.0873933
5.04 0 -0.176192 0.146876 0.131721
5.06 0 -0.284238 -0.178699 0.0639717
5.08 0 -0.543329 -0.87478 -0.433597
5.1 0 -0.198108 -0.657982 -0.501586
5.12 0 0.21041 0.0619082 -0.445779
5.14 0 0.24441 0.367046 -0.532815
5.16 0 0.279221 0.249493 -0.349338
5.18 0 -0.00522784 -0.292738 -0.242165
5.2 0 -0.344691 -0.553971 -0.10774
5.22 0 -0.324621 -0.205079 0.220114
5.24 0 0.0378125 0.378039 0.616502
5.26 0 0.252517 0.567848 0.689545
5.28 0 0.115951 0.261047 0.363347
5.3 0 0.0787792 0.0666559 0.144434
5.32 0 0.13687 0.107474 0.0751183
5.34 0 0.201387 0.275165 0.114399
5.36 0 0.0930952 0.22058 0.0739563
5.38 0 0.0119306 0.0541185 0.0935022
5.4 0 0.0244297 -0.00714253 0.202195
5.42 0 0.0218348 0.0805189 0.279153
5.44 0 -0.123349 0.0443038 0.138999
5.46 0 -0.0554273 0.0276054 0.0839031
5.48 0 0.205318 0.150064 0.18117
5.5 0 0.201007 0.200496 0.117849
5.52 0 0.122392 0.265919 0.101808
5.54 0 -0.0332212 0.0827598 0.0387177
5.56 0 0.0298146 -0.00655766 0.167989
5.58 0 0.00908958 -0.0299263 0.2008
5.6 0 -0.16581 -0.0746395 0.0289139
5.62 0 -0.258105 -0.208137 -0.206889
5.64 0 0.109446 -0.0373739 -0.0800327
5.66 0 0.377708 0.25568 0.0776409
5.68 0 -0.162865 -0.0982634 -0.390865
5.7 0 -0.733147 -0.863799 -0.97521
5.72 0 -0.393594 -1.00951 -0.871667
5.74 0 0.366843 -0.175729 -0.275726
5.76 0 0.178374 0.32873 -0.312031
5.78 0 0.141736 0.603859 -0.0193564
5.8 0 0.243175 0.331827 0.4475
5.82 0 -0.360392 -0.594479 0.185716
5.84 0 -0.424534 -0.487454 0.261654
5.86 0 -0.125884 0.16456 0.381584
5.88 0 0.0973911 0.407428 0.189093
5.9 0 0.298485 0.256821 -0.0397487
5.92 0 0.230346 -0.069163 -0.315427
5.94 0 0.0647006 -0.131108 -0.399238
5.96 0 0.207204 0.285932 0.0340264
5.98 0 0.160863 0.410308 0.383765
6 0 -0.103213 0.11077 0.473522
6.02 0 -0.173409 -0.0727999 0.561621
6.04 0 -0.358276 -0.301147 0.24944
6.06 0 -0.33366 -0.337927 -0.162238
6.08 0 0.303069 0.199733 -0.0847106
6.1 0 0.586651 0.525179 -0.117397
6.12 0 0.191653 0.215664 -0.433062
6.14 0 -0.12844 -0.230886 -0.445134
6.16 0 -0.0605209 -0.298409 -0.0106906
6.18 0 -0.141598 -0.171641 0.251728
6.2 0 -0.373413 -0.103038 0.175491
6.22 0 -0.184453 0.0135301 0.195498
6.24 0 -0.208296 -0.374649 -0.243573
6.26 0 -0.120564 -0.523438 -0.624996
6.28 0 0.0218538 -0.312117 -0.823574
6.3 0 0.424269 0.314152 -0.469626
6.32 0 0.517713 0.604054 -0.0211766
6.34 0 0.188914 0.366089 0.323856
6.36 0 -0.0157725 0.210908 0.842939
6.38 0 -0.431237 -0.124451 0.879994
6.4 0 -0.456455 -0.144131 0.781972
6.42 0 -0.366076 -0.236735 0.247494
6.44 0 0.239655 0.126988 -0.0356821
6.46 0 0.911239 0.811241 0.00490752
6.48 0 0.742964 0.879656 -0.172834
6.5 0 0.140091 0.284397 -0.275911
6.52 0 -0.207536 -0.34066 0.0293927
6.54 0 -0.411032 -0.592879 0.346834
6.56 0 -0.508671 -0.354084 0.422368
6.58 0 -0.524491 -0.204926 0.0726421
6.6 0 -0.0130228 -0.0382974 -0.150301
6.62 0 0.553943 0.187847 -0.255856
6.64 0 0.361214 0.11387 -0.65897
6.66 0 0.183477 0.179424 -0.589792
6.68 0 0.123157 0.120382 -0.136537
6.7 0 -0.0103268 -0.0486114 0.347232
6.72 0 -0.515154 -0.420061 0.320852
6.74 0 -0.840187 -0.711708 -0.00239906
6.76 0 -0.492856 -0.622622 -0.235473
6.78 0 0.276308 -0.0445647 -0.271381
6.8 0 0.395446 0.207043 -0.695218
6.82 0 0.154181 0.0449892 -1.04706
6.84 0 0.308407 0.0234613 -0.599542
6.86 0 0.339567 0.103927 0.122599
6.88 0 -0.147399 0.0887242 0.522137
6.9 0 -0.521986 0.0283101 0.756296
6.92 0 -0.719523 -0.454688 0.509752
6.94 0 -0.500714 -0.756666 0.0327091
6.96 0 0.235223 -0.108807 -0.168855
6.98 0 0.64151 0.662744 -0.435573
7 0 0.403267 0.530753 -0.853941
7.02 0 0.158217 -0.158675 -0.828586
7.04 0 0.391641 -0.114202 0.0964979
7.06 0 -0.0195958 0.132343 0.660029
7.08 0 -0.80884 -0.0379587 0.576677
7.1 0 -0.764545 -0.386161 0.524798
7.12 0 0.259329 -0.0348602 0.844011
7.14 0 0.938939 0.932968 0.905367
7.16 0 0.476537 1.20901 0.219973
7.18 0 0.105292 0.595645 -0.195833
7.2 0 0.436906 0.00406068 0.222453
7.22 0 0.260996 -0.202635 0.456536
7.24 0 -0.379184 0.0547764 0.347081
7.26 0 -0.515697 0.229529 0.33435
7.28 0 0.186333 0.263782 0.670248
7.3 0 0.229675 -0.154191 0.275549
7.32 0 -0.495299 -0.673471 -0.795918
7.34 0 -0.418645 -0.530757 -1.15198
7.36 0 0.52649 0.134263 -0.572949
7.38 0 0.837089 0.54185 -0.0948588
7.4 0 -0.0841805 0.09383 -0.310899
7.42 0 -0.794189 -0.614809 -0.362885
7.44 0 -0.608991 -0.916613 0.0122141
7.46 0 -0.321966 -0.708933 0.0984966
7.48 0 -0.338505 -0.285804 -0.350492
7.5 0 0.169303 0.372966 -0.399081
7.52 0 0.374471 0.181995 -0.609222
7.54 0 0.182398 -0.367085 -0.813283
7.56 0 0.215299 -0.126557 -0.346718
7.58 0 0.0379863 0.266145 0.170972
7.6 0 -0.576822 -0.170431 0.110356
7.62 0 -0.415904 -0.419331 0.371629
7.64 0 0.0389988 -0.179852 0.586641
7.66 0 0.145056 0.315204 0.373902
7.68 0 0.334831 0.831654 0.265271
7.7 0 0.312087 0.506386 0.0261222
7.72 0 0.48884 0.234414 0.225557
7.74 0 0.194068 0.0762687 0.276576
7.76 0 -0.0380281 0.351477 0.505557
7.78 0 0.0705772 0.633673 0.904185
7.8 0 -0.271395 -0.0358551 0.544594
7.82 0 -0.281059 -0.448883 0.20172
7.84 0 0.383387 0.272004 0.424483
7.86 0 0.111827 0.355295 -0.177749
7.88 0 -0.00895377 0.128695 -0.539428
7.9 0 0.531864 0.212418 -0.0605462
7.92 0 0.275539 -0.0028998 0.00614601
7.94 0 -0.353721 -0.167191 -0.103264
7.96 0 -0.778657 -0.571082 -0.298906
7.98 0 0.13209 -0.0454111 0.450028
8 0 0.441144 0.356391 0.583686
8.02 0 -0.322944 -0.00169397 -0.271651
8.04 0 -0.720601 -0.706301 -0.989534
8.06 0 -0.278237 -1.09626 -1.10572
8.08 0 0.125572 -0.808592 -1.07428
8.1 0 -0.0327875 -0.239174 -1.18568
8.12 0 0.219238 0.469693 -0.590201
8.14 0 0.106314 0.0831468 -0.184278
8.16 0 -0.553791 -0.95959 -0.294133
8.18 0 -1.04008 -1.42615 -0.516251
8.2 0 -0.296352 -0.344801 0.0361589
8.22 0 0.561683 0.885036 0.509588
8.24 0 0.350022 0.707489 0.0402104
8.26 0 0.350069 0.321157 0.00853494
8.28 0 0.478847 0.264462 0.409606
8.3 0 0.183491 0.387212 0.65675
8.32 0 -0.123021 0.521581 0.843592
8.34 0 -0.141766 0.354516 0.954919
8.36 0 0.278447 0.40702 1.18027
8.38 0 0.142682 0.298225 0.740971
8.4 0 0.502993 0.94102 0.811617
8.42 0 0.571046 1.06644 0.699671
8.44 0 0.144153 0.313641 0.228438
8.46 0 0.120305 -0.0512779 0.252951
8.48 0 -0.322017 -0.464936 -0.125885
8.5 0 -0.209532 -0.149455 -0.0734745
8.52 0 0.0676028 0.164842 0.00968509
8.54 0 0.385925 0.401986 0.181892
8.56 0 0.188522 0.197052 0.0301638
8.58 0 -0.214231 -0.21172 -0.226004
8.6 0 -0.252546 -0.363723 -0.195613
8.62 0 -0.280946 -0.483058 -0.290606
8.64 0 -0.0944353 -0.240825 -0.257522
8.66 0 -0.0958605 -0.153943 -0.430631
8.68 0 -0.254025 -0.420547 -0.763467
8.7 0 -0.408146 -0.873611 -1.10751
8.72 0 -0.367933 -1.01314 -1.23309
8.74 0 -0.022373 -0.480892 -0.917371
8.76 0 -0.312294 -0.475854 -1.07916
8.78 0 -0.625829 -0.903617 -1.282
8.8 0 -0.30551 -0.937406 -0.940025
8.82 0 -0.182532 -0.732192 -0.742875
8.84 0 -0.150409 -0.203118 -0.539076
8.86 0 -0.258393 -0.111687 -0.507955
8.88 0 0.278308 0.189964 0.132384
8.9 0 0.521405 0.457659 0.657724
8.92 0 -0.228599 0.103509 0.324314
8.94 0 -0.0589976 0.408322 0.730656
8.96 0 0.524878 0.869811 1.3631
8.98 0 0.734554 1.18341 1.63936
9 0 0.248865 0.95906 1.26389
9.02 0 0.390309 1.03842 1.39506
9.04 0 0.611428 1.01141 1.52017
9.06 0 0.286691 0.638954 1.11065
9.08 0 0.329578 0.776578 1.04884
9.1 0 0.599938 1.08552 1.20541
9.12 0 0.64822 1.14036 1.25375
9.14 0 0.222266 0.685935 0.945199
9.16 0 -0.397893 -0.204907 0.294082
9.18 0 -0.68836 -0.949413 -0.391121
9.2 0 -0.0137393 -0.475693 -0.363839
9.22 0 0.511552 0.378664 -0.327706
9.24 0 0.284064 0.471132 -0.660861
9.26 0 -0.392331 -0.570669 -1.20833
9.28 0 -0.470137 -1.34315 -1.14052
9.3 0 -0.540479 -1.38413 -1.03528
9.32 0 -0.739551 -0.918124 -1.12782
9.34 0 -0.735573 -0.72884 -1.3007
9.36 0 -0.300239 -0.874998 -1.27591
9.38 0 -0.0467426 -0.998585 -1.29973
9.4 0 -0.143304 -0.697487 -1.31202
9.42 0 -0.616252 -0.718876 -1.51096
9.44 0 -0.56591 -0.909782 -1.2812
9.46 0 -0.169293 -0.941843 -0.800348
9.48 0 0.0782771 -0.338037 -0.29733
9.5 0 -0.142268 0.198159 -0.141439
9.52 0 -0.311455 0.0933336 -0.0957212
9.54 0 0.264388 0.121883 0.499963
9.56 0 0.723356 0.626701 1.12218
9.58 0 0.561382 1.29771 1.39474
9.6 0 -0.289753 0.765878 0.866875
9.62 0 -0.230047 0.0240812 0.781677
9.64 0 0.400143 0.00273267 1.00855
9.66 0 0.986368 1.21212 1.39071
9.68 0 0.904093 2.15046 1.43594
9.7 0 0.890704 2.07212 1.70159
9.72 0 0.966137 1.3407 2.17864
9.74 0 0.296988 0.573117 2.06697
9.76 0 -0.607434 0.235474 1.45665
9.78 0 -0.688232 0.078132 0.837566
9.8 0 -0.0861498 -0.209802 0.166492
9.82 0 0.354446 -0.368533 -0.722085
9.84 0 0.451512 -0.0521493 -1.41014
9.86 0 0.141795 -0.0771899 -1.83421
9.88 0 -0.26373 -0.805377 -1.8661
9.9 0 -0.602495 -1.60716 -1.57701
9.92 0 -0.982928 -1.82666 -1.33632
9.94 0 -1.18722 -1.43062 -1.22655
9.96 0 -0.926198 -1.0391 -1.20506
9.98 0 -0.236815 -0.779532 -1.11751
10 0 0.249293 -0.528053 -1.12232
10.02 0 0.410821 0.0596439 -0.920412
10.04 0 0.10504 0.234198 -0.697052
10.06 0 -0.0722251 0.000573198 -0.150286
10.08 0 -0.148906 -0.304487 0.456122
10.1 0 -0.290362 -0.214468 0.807612
10.12 0 0.107517 0.725575 1.36808
10.14 0 0.280671 1.12071 1.36467
10.16 0 0.512388 1.01781 1.21748
10.18 0 0.232636 0.286138 0.557233
10.2 0 -0.426191 -0.627955 -0.478136
10.22 0 0.248515 0.0237154 -0.174583
10.24 0 1.05625 1.17896 0.577314
10.26 0 0.2088 0.702409 0.11514
10.28 0 -0.648483 -0.501002 -0.349351
10.3 0 -0.902412 -1.5364 -0.602127
10.32 0 -0.0495489 -0.719646 -0.0289035
10.34 0 0.904726 1.26536 0.787549
10.36 0 1.00246 2.21928 1.10215
10.38 0 1.21861 2.16561 1.86867
10.4 0 1.0665 1.49407 2.60942
10.42 0 0.10894 0.837662 2.64517
10.44 0 -1.36538 -0.256551 1.46077
10.46 0 -1.201 -0.793829 0.558165
10.48 0 0.210236 -0.44158 0.00400732
10.5 0 0.590833 -0.164598 -1.37408
10.52 0 0.151474 -0.283589 -2.80539
10.54 0 0.66141 -0.0563948 -2.4148
10.56 0 0.772212 -0.220815 -1.3568
10.58 0 -0.838608 -1.37161 -1.2547
10.6 0 -2.50045 -2.64961 -1.58054
10.62 0 -2.15591 -2.68408 -1.17667
10.64 0 -1.16881 -2.16116 -1.30884
10.66 0 -0.731829 -1.62827 -2.45859
10.68 0 0.734803 0.0890313 -2.29249
10.7 0 1.99421 1.49117 -1.25813
10.72 0 1.67223 1.67341 -0.119768
10.74 0 0.212187 0.817813 0.984206
10.76 0 -1.045 -0.221403 2.10195
10.78 0 -1.58685 -0.898452 2.58662
10.8 0 -1.3445 -0.777485 2.0798
10.82 0 -0.431564 -0.0300428 0.79564
10.84 0 0.64659 0.578881 -0.80884
10.86 0 2.298 1.77723 -0.983881
10.88 0 2.17639 1.79622 -1.04878
10.9 0 0.731266 0.75446 -0.736278
10.92 0 -0.000861544 0.344398 1.07723
10.94 0 -0.732014 -0.0488762 2.5556
10.96 0 -1.31529 -0.218501 2.95334
10.98 0 -1.2609 -0.216056 2.22838
11 0 0.410048 0.907042 1.77039
11.02 0 1.53046 1.6401 0.624741
11.04 0 1.24872 1.23809 -1.02676
11.06 0 0.72065 0.315742 -1.77904
11.08 0 0.185574 -0.681945 -1.55011
11.1 0 -0.19986 -0.843116 -0.549439
11.12 0 -0.5298 -0.25881 0.564679
11.14 0 -1.01844 -0.201408 0.873206
11.16 0 -1.14662 -0.846269 0.444877
11.18 0 -0.581309 -1.15765 -0.213417
11.2 0 -0.635699 -1.50525 -1.84215
11.22 0 -0.240192 -1.06582 -2.89223
11.24 0 0.640756 -0.298577 -2.80743
11.26 0 0.860532 -0.096866 -2.21978
11.28 0 0.525775 0.0485825 -0.977811
11.3 0 -0.186564 0.106063 0.483922
11.32 0 -0.875262 -0.106655 1.61732
11.34 0 -0.654705 0.151252 2.60406
11.36 0 -0.304024 0.482777 2.55862
11.38 0 -0.29199 0.394999 1.24122
11.4 0 0.256614 0.411746 -0.0405672
11.42 0 1.08476 0.59101 -0.774566
11.44 0 1.80265 1.3443 -0.488723
11.46 0 1.38269 1.66349 0.0932524
11.48 0 -0.148234 0.546279 0.357158
11.5 0 -0.655577 -0.322419 1.41497
11.52 0 -0.491591 -0.29686 2.36919
11.54 0 -1.37912 -0.738322 1.21382
11.56 0 -1.71341 -1.33319 -0.767011
11.58 0 -0.363676 -1.34273 -2.03973
11.6 0 0.961304 -0.870822 -2.94096
11.62 0 1.24734 0.0318777 -3.28387
11.64 0 0.854681 0.608533 -2.55221
11.66 0 -0.0760775 -0.223878 -1.26854
11.68 0 -0.362521 -0.691079 0.926289
11.7 0 -1.12773 -0.779792 2.12909
11.72 0 -2.24971 -1.09739 1.49611
11.74 0 -1.09686 -0.386124 1.17709
11.76 0 0.863114 0.562251 0.633929
11.78 0 1.96696 1.66946 -0.117989
11.8 0 1.73935 2.00048 -0.805431
11.82 0 1.2242 1.50447 -0.408719
11.84 0 0.741229 0.677029 0.939235
11.86 0 -0.328234 -0.0256146 1.98989
11.88 0 -0.598229 0.717692 3.24579
11.9 0 -0.570755 1.19192 3.44333
11.92 0 -0.592655 0.41444 2.10866
11.94 0 0.0878654 -0.136332 0.543889
11.96 0 0.819757 0.0997366 -0.890193
11.98 0 1.30299 0.934251 -1.60218
12 0 1.17635 1.08558 -1.59609
12.02 0 -0.113505 -0.557395 -1.69856
12.04 0 -0.765707 -1.617 -0.781889
12.06 0 -1.24939 -1.7597 -0.0481222
12.08 0 -2.13334 -1.90448 -0.632482
12.1 0 -1.72546 -1.75021 -1.2937
12.12 0 -0.358276 -1.42779 -1.85235
12.14 0 0.868933 -0.573929 -2.23543
12.16 0 0.553985 -0.235304 -2.97755
12.18 0 0.660504 0.394286 -2.07784
12.2 0 1.14874 1.004 0.228248
12.22 0 0.739044 1.21564 2.35777
12.24 0 -0.355207 1.23052 3.66109
12.26 0 -1.13185 0.804174 3.92202
12.28 0 -0.560655 0.687881 3.71322
12.3 0 -0.0843054 0.311061 2.02586
12.32 0 0.0666284 -0.0516589 -0.540039
12.34 0 0.130097 -0.615606 -2.9838
12.36 0 0.116589 -1.58546 -4.63715
12.38 0 0.752008 -1.38648 -4.1708
12.4 0 0.87031 -0.329172 -2.45182
12.42 0 -0.529331 -0.2939 -1.1318
12.44 0 -1.93745 -1.45322 -0.151268
12.46 0 -1.98534 -2.30967 0.756443
12.48 0 -1.41495 -1.94097 0.748279
12.5 0 -1.23735 -1.19046 -0.838451
12.52 0 0.443116 0.488126 -1.45896
12.54 0 2.38639 1.92663 -0.957741
12.56 0 2.47103 1.97441 -0.458081
12.58 0 1.31996 1.65024 0.655046
12.6 0 -0.384763 0.708915 1.8518
12.62 0 -0.738388 0.482541 3.63321
12.64 0 -0.350242 0.933708 4.70169
12.66 0 -0.149856 1.51809 4.20817
12.68 0 0.649095 2.2806 3.16227
12.7 0 1.49014 2.28459 1.73671
12.72 0 2.13338 2.06454 0.761579
12.74 0 2.12738 2.09491 0.557815
12.76 0 1.39669 2.06034 1.01945
12.78 0 0.182208 1.37319 1.77479
12.8 0 -1.05009 -0.314975 1.98347
12.82 0 -1.51525 -1.55011 1.5989
12.84 0 -1.63613 -1.85121 0.114913
12.86 0 -0.950593 -1.19144 -1.64532
12.88 0 0.447456 -0.359975 -2.84555
12.9 0 1.12373 -0.476472 -3.73606
12.92 0 1.62287 -0.456451 -3.47713
12.94 0 0.969294 -0.543812 -2.85985
12.96 0 -0.680227 -1.0505 -2.18823
12.98 0 -2.30192 -2.1491 -1.41557
13 0 -3.36937 -3.49889 -0.964857
13.02 0 -3.63805 -4.12013 -1.17487
13.04 0 -2.89426 -4.03202 -2.43979
13.06 0 -1.24225 -2.77361 -3.87301
13.08 0 0.38518 -1.23793 -4.96157
13.1 0 0.901394 -0.655689 -5.56006
13.12 0 0.911346 -0.697207 -4.56157
13.14 0 0.694245 -0.911875 -2.20059
13.16 0 -0.247263 -0.644326 0.317618
13.18 0 -1.36162 0.0103992 2.31388
13.2 0 -1.40419 0.564928 3.70562
13.22 0 -0.674499 0.850732 4.05124
13.24 0 -0.231238 1.15042 3.3533
13.26 0 0.441083 1.80569 2.43473
13.28 0 1.38261 1.97761 1.45269
13.3 0 2.345 2.04042 0.878728
13.32 0 3.61166 3.3215 1.71149
13.34 0 3.80962 4.56143 2.88081
13.36 0 2.44865 4.75836 4.04942
13.38 0 1.02021 3.6719 5.51938
13.4 0 -0.663692 1.12637 5.77648
13.42 0 -1.44065 -0.297827 5.14038
13.44 0 -1.21273 0.119313 3.57356
13.46 0 0.43349 1.7944 1.90935
13.48 0 2.40805 2.63961 0.105127
13.5 0 3.0476 1.703 -1.73468
13.52 0 2.71202 0.827119 -2.43703
13.54 0 1.23353 0.42186 -2.01788
13.56 0 -1.7916 -0.334104 -0.993448
13.58 0 -3.76569 -3.35408 -0.477399
13.6 0 -3.58618 -5.64536 -0.613695
13.62 0 -3.20988 -4.73183 -2.07953
13.64 0 -2.57639 -2.33177 -4.22934
13.66 0 -0.153804 -1.00955 -5.23275
13.68 0 2.81007 -0.278009 -4.49236
13.7 0 3.38953 0.757991 -3.1155
13.72 0 0.753508 0.972591 -2.12157
13.74 0 -0.832699 0.342937 0.33681
13.76 0 -2.02298 -1.6713 2.3439
13.78 0 -3.58975 -3.31391 2.32543
13.8 0 -3.71447 -2.84974 1.15351
13.82 0 -1.55827 -1.16149 -0.379691
13.84 0 1.33071 0.550816 -1.8839
13.86 0 2.29319 0.749328 -3.85017
13.88 0 2.64691 0.945377 -3.96114
13.9 0 2.271 1.12088 -2.17707
13.92 0 0.0585024 0.237764 -0.224798
13.94 0 -2.39982 -1.48071 1.30545
13.96 0 -3.47519 -2.74042 2.2131
13.98 0 -2.4224 -2.15038 2.4018
14 0 -0.886331 -0.530281 0.983032
14.02 0 1.10234 1.35127 -0.761031
14.04 0 3.29173 3.05556 -1.13543
14.06 0 4.03395 3.53095 -0.41358
14.08 0 3.32043 3.46539 1.56572
14.1 0 1.15747 2.96236 3.97748
14.12 0 -1.82716 0.934239 5.13842
14.14 0 -3.48657 -1.7379 4.72801
14.16 0 -2.92898 -2.8932 2.90014
14.18 0 -0.560621 -1.07449 0.371212
14.2 0 2.36545 2.41535 -1.6544
14.22 0 4.99491 5.10108 -1.7965
14.24 0 5.62024 5.4042 -0.101394
14.26 0 3.22842 3.93668 2.61021
14.28 0 -1.09703 0.660645 4.37743
14.3 0 -4.88326 -3.94185 3.52498
14.32 0 -6.27569 -6.12466 1.02802
14.34 0 -4.00448 -3.96643 -1.25079
14.36 0 0.398764 -0.677061 -3.44112
14.38 0 3.10582 0.732449 -5.92011
14.4 0 3.07796 0.0978243 -7.85238
14.42 0 1.00022 -1.84521 -8.07913
14.44 0 -0.961598 -3.28645 -5.67455
14.46 0 -2.21229 -3.53636 -1.80256
14.48 0 -3.92683 -3.50183 0.7419
14.5 0 -5.08895 -3.73976 0.980694
14.52 0 -4.17309 -3.86824 -0.39161
14.54 0 -1.43044 -2.90393 -2.31454
14.56 0 2.09731 -0.491316 -3.9162
14.58 0 3.82992 2.92565 -4.0709
14.6 0 3.45373 4.28566 -2.37579
14.62 0 2.09004 1.84632 0.408989
14.64 0 0.353218 -0.406822 3.48706
14.66 0 -1.38266 0.316358 5.96268
14.68 0 -2.20793 2.42299 7.3199
14.7 0 -1.73444 2.70453 6.99514
14.72 0 0.0521255 1.54477 5.43877
14.74 0 2.0761 1.4703 3.1616
14.76 0 3.5956 3.37267 0.989383
14.78 0 5.23354 6.01069 0.503942
14.8 0 6.32716 7.49174 2.42123
14.82 0 5.18263 6.65891 5.24807
14.84 0 2.02477 3.86381 7.12582
14.86 0 -0.630023 1.64339 8.1426
14.88 0 -2.64548 0.570554 7.64592
14.9 0 -4.56971 -0.143138 4.92398
14.92 0 -3.36803 -2.53139 0.620657
14.94 0 -1.27589 -4.918 -4.94727
14.96 0 0.0540711 -4.91101 -9.98624
14.98 0 0.847744 -3.49129 -12.9683
15 0 1.04585 -3.03989 -13.0894
15.02 0 0.0198642 -4.40994 -11.4596
15.04 0 -2.1474 -6.25033 -8.41262
15.06 0 -4.69824 -6.59428 -4.87584
15.08 0 -5.99631 -5.17814 -1.18412
15.1 0 -4.25547 -2.87274 2.25029
15.12 0 -0.907482 -0.112281 4.16387
15.14 0 1.21928 2.70798 3.68942
15.16 0 1.09194 3.13636 1.0343
15.18 0 1.503 1.23336 -1.18375
15.2 0 3.18732 0.320184 -1.22428
15.22 0 2.95159 1.58947 -0.492316
15.24 0 1.17348 3.22607 0.841568
15.26 0 -0.284908 2.46055 2.7296
15.28 0 -1.06816 -0.504659 4.00081
15.3 0 -1.71246 -2.16765 3.71674
15.32 0 -2.25697 -1.16552 1.89061
15.34 0 -1.09727 0.942349 0.250824
15.36 0 0.965412 1.67401 -0.701766
15.38 0 3.2088 1.29374 -0.820133
15.4 0 4.0924 1.90383 -0.290003
15.42 0 2.48746 3.02917 0.277978
15.44 0 0.0336204 2.65838 1.34007
15.46 0 -0.642109 0.800852 3.47175
15.48 0 -0.107508 -0.0118029 5.60198
15.5 0 -0.913228 0.402413 5.05687
15.52 0 -2.04659 0.718098 2.33599
15.54 0 0.0504981 1.23234 0.842395
15.56 0 3.38462 1.95204 0.54896
15.58 0 4.10336 2.85081 -0.0704759
15.6 0 2.2911 3.13038 -0.580057
15.62 0 0.123204 1.59105 -0.0118879
15.64 0 -1.00617 -0.806412 1.66811
15.66 0 -1.0364 -2.01103 2.91497
15.68 0 -1.04844 -1.01347 2.30227
15.7 0 -1.40349 0.633483 0.309873
15.72 0 -0.129519 1.14858 -0.747314
15.74 0 1.85524 0.275969 -1.05649
15.76 0 2.42503 -0.239867 -1.49715
15.78 0 0.494934 -0.516021 -2.90344
15.8 0 -2.43676 -2.13892 -4.60369
15.82 0 -3.65149 -4.58506 -4.88106
15.84 0 -2.96807 -5.66969 -3.81974
15.86 0 -2.36986 -4.49559 -3.16875
15.88 0 -2.77528 -3.0576 -4.03464
15.9 0 -2.58753 -3.17612 -5.34287
15.92 0 -1.20656 -3.99256 -5.83988
15.94 0 -0.0577133 -3.56209 -5.56774
15.96 0 -0.104318 -1.74385 -4.82701
15.98 0 -0.510522 -0.270993 -3.28639
16 0 -0.358692 -0.13826 -0.75496
16.02 0 -0.153786 -0.438095 2.08493
16.04 0 -0.844182 0.0500681 3.58975
16.06 0 -2.21627 0.316478 3.08833
16.08 0 -2.83087 -1.09669 1.04849
16.1 0 0.281954 -2.26637 -0.65665
16.12 0 1.25247 -0.706979 -2.67117
16.14 0 0.236945 0.825843 -4.41236
16.16 0 0.389891 0.353161 -3.98361
16.18 0 1.13294 -1.35439 -2.03359
16.2 0 1.59374 -0.484004 0.850699
16.22 0 1.28951 2.94819 3.57708
16.24 0 0.999401 5.29585 5.63822
16.26 0 2.14778 5.61512 7.65204
16.28 0 3.26586 4.93344 8.87032
16.3 0 2.17485 3.67199 7.92086
16.32 0 -0.185109 2.58345 5.36364
16.34 0 -0.650984 2.11186 3.42926
16.36 0 1.04152 1.76239 2.59856
16.38 0 2.47974 1.47822 1.51404
16.4 0 2.58849 2.32633 0.452135
16.42 0 2.45436 3.82031 0.732205
16.44 0 2.53131 3.96431 2.24962
16.46 0 2.32656 2.65619 3.97234
16.48 0 1.15085 1.46356 4.7034
16.5 0 -1.05539 0.554068 3.62748
16.52 0 -2.45494 -0.34839 1.78053
16.54 0 -1.88379 -1.18806 0.263062
16.56 0 -0.679504 -2.07884 -1.52951
16.58 0 -0.0192446 -2.33939 -3.81584
16.6 0 0.0783669 -1.82128 -5.92853
16.62 0 0.352432 -1.12757 -6.20202
16.64 0 0.205607 -0.983086 -4.56024
16.66 0 -0.359457 -1.42723 -1.86842
16.68 0 -0.440008 -1.12089 1.14062
16.7 0 -0.564838 -0.139165 2.85781
16.72 0 -1.30918 0.887017 2.90521
16.74 0 -1.07078 1.21437 2.45193
16.76 0 0.167558 0.560668 1.77678
16.78 0 1.04491 -0.0474334 0.470155
16.8 0 1.34156 0.634154 -0.727401
16.82 0 1.41776 1.61239 -1.17271
16.84 0 1.47878 1.55139 -0.765421
16.86 0 1.10487 0.478769 -0.0328594
16.88 0 -0.606076 -1.16623 -0.171721
16.9 0 -3.1199 -2.95773 -1.41862
16.92 0 -4.75712 -4.56423 -2.94478
16.94 0 -4.40962 -5.55792 -3.93765
16.96 0 -2.63003 -5.51032 -4.71558
16.98 0 -1.05698 -4.08731 -5.94708
17 0 -0.309029 -2.31945 -7.13358
17.02 0 -0.194365 -1.63789 -7.92295
17.04 0 -0.162727 -2.75063 -7.23002
17.06 0 -0.438129 -3.71713 -5.22958
17.08 0 -1.9918 -3.73293 -3.27496
17.1 0 -3.81029 -3.08267 -1.81329
17.12 0 -3.52324 -2.05867 0.317854
17.14 0 -2.38412 -1.79395 1.61122
17.16 0 -1.55849 -1.64031 1.16091
17.18 0 0.303059 -0.0416474 0.162867
17.2 0 3.50911 1.65777 -0.940987
17.22 0 2.83809 3.98063 -1.36459
17.24 0 2.13888 3.2903 -0.300293
17.26 0 1.4866 0.675965 1.4343
17.28 0 0.268584 -0.392322 2.81726
17.3 0 -1.49613 0.239803 3.12239
17.32 0 -2.25142 0.8283 2.76291
17.34 0 -1.35456 0.112434 2.41201
17.36 0 0.28263 -0.557963 1.88596
17.38 0 1.53782 0.586264 1.0723
17.4 0 2.72953 3.4561 0.845659
17.42 0 3.8497 5.31671 1.49054
17.44 0 4.56941 5.17144 2.90144
17.46 0 3.62918 4.04581 3.47847
17.48 0 0.709495 2.28954 3.16383
17.5 0 -1.48544 0.568445 3.2486
17.52 0 -2.0907 -1.07355 3.54444
17.54 0 -1.42821 -1.40617 3.71809
17.56 0 -0.463663 0.252356 2.7866
17.58 0 0.988162 2.62943 1.55957
17.6 0 3.02963 4.2059 1.22095
17.62 0 4.53823 4.46473 1.79718
17.64 0 4.57435 4.91313 3.39364
17.66 0 2.97469 5.00063 5.08616
17.68 0 1.27431 3.98614 6.48917
17.7 0 0.0315315 2.10897 6.92754
17.72 0 -1.27502 0.311156 5.54291
17.74 0 -1.86286 -0.303458 3.13451
17.76 0 -1.50019 -0.573748 0.31905
17.78 0 -0.126495 -0.957203 -1.87263
17.8 0 1.53254 -0.880641 -3.11157
17.82 0 2.10766 -0.126834 -4.18354
17.84 0 1.13452 0.272175 -5.17667
17.86 0 0.457856 -0.549705 -4.74601
17.88 0 -0.145696 -1.66058 -2.36894
17.9 0 -2.22599 -1.57433 0.49956
17.92 0 -2.0202 -1.59252 2.69217
17.94 0 -1.91575 -1.37822 2.69793
17.96 0 -2.4424 -1.14161 0.48805
17.98 0 -2.12128 -1.56456 -2.23554
18 0 -0.570779 -2.27604 -3.90735
18.02 0 0.742443 -2.56242 -4.97151
18.04 0 0.672352 -2.11022 -5.75884
18.06 0 -0.465229 -1.77285 -6.2064
18.08 0 -1.41539 -2.5054 -5.54977
18.1 0 -2.21343 -4.18543 -4.29487
18.12 0 -3.52851 -5.51171 -3.62051
18.14 0 -4.45227 -5.5028 -3.63652
18.16 0 -3.38013 -4.16775 -3.51901
18.18 0 -1.01924 -2.0918 -3.06389
18.2 0 0.413147 -0.580888 -3.00135
18.22 0 1.00741 0.308511 -2.5674
18.24 0 0.908974 0.374079 -1.55802
18.26 0 0.288662 0.182269 -0.0485986
18.28 0 -0.0364379 0.549943 1.98482
18.3 0 -0.0116595 1.1582 3.61015
18.32 0 0.726423 1.87577 4.4055
18.34 0 1.21093 2.63596 4.10933
18.36 0 1.41551 3.38484 3.59876
18.38 0 2.14256 3.87445 3.797
18.4 0 2.7706 3.86662 4.28764
18.42 0 2.87094 3.77891 4.64999
18.44 0 1.7163 3.66822 4.51456
18.46 0 0.789418 3.28029 4.53949
18.48 0 0.959214 2.81652 5.11254
18.5 0 0.933732 2.01354 4.82538
18.52 0 -0.103235 1.04561 2.94265
18.54 0 -0.890176 0.0660715 0.474821
18.56 0 -0.0571352 -0.495786 -1.0883
18.58 0 1.51826 -0.227357 -1.71648
18.6 0 1.86365 0.40983 -2.27971
18.62 0 0.799561 0.0904297 -3.0688
18.64 0 -1.03522 -1.80022 -3.77014
18.66 0 -2.28196 -3.86255 -3.66523
18.68 0 -2.85066 -4.58232 -3.1375
18.7 0 -3.10095 -3.90876 -2.93074
18.72 0 -3.34959 -3.4614 -3.5898
18.74 0 -2.76249 -4.21633 -4.79897
18.76 0 -1.59635 -4.77866 -5.93688
18.78 0 -1.10821 -4.2896 -7.05209
18.8 0 -1.1285 -3.0507 -7.3412
18.82 0 -0.745718 -2.10781 -5.96826
18.84 0 -0.31202 -1.59581 -3.22024
18.86 0 -0.47754 -1.21609 -0.336551
18.88 0 -0.659746 -0.843385 1.5082
18.9 0 -1.25167 -0.37434 1.71247
18.92 0 -1.70633 0.315131 1.4974
18.94 0 -1.17236 0.626324 1.70388
18.96 0 0.171174 0.156742 1.72149
18.98 0 1.57905 0.966076 1.82216
19 0 2.16408 2.6028 1.56521
19.02 0 2.38939 3.71025 1.5271
19.04 0 2.81616 3.68347 2.18267
19.06 0 2.95096 3.14547 3.20194
19.08 0 2.44307 3.17619 4.20718
19.1 0 1.00423 3.07556 4.4706
19.12 0 0.204791 2.89971 4.96983
19.14 0 0.558084 2.52171 5.73454
19.16 0 0.978903 2.25098 5.85151
19.18 0 0.899702 2.63306 4.85534
19.2 0 1.41138 3.6066 3.9917
19.22 0 2.78489 4.44217 3.938
19.24 0 3.41949 4.25936 3.82285
19.26 0 2.86487 3.50756 3.40981
19.28 0 1.66034 2.37679 2.74464
19.3 0 0.49317 1.12888 2.00536
19.32 0 0.0934973 0.497367 1.66336
19.34 0 0.292062 0.747378 1.69506
19.36 0 0.663899 1.37961 1.68745
19.38 0 0.156007 1.44346 1.47044
19.4 0 -0.770043 0.932428 1.29097
19.42 0 0.969102 -0.491599 1.05688
19.44 0 0.844241 -0.978078 -0.816468
19.46 0 -0.540896 -0.514422 -2.82777
19.48 0 -0.781272 -0.562112 -3.27812
19.5 0 -0.563614 -1.84405 -2.92556
19.52 0 -1.22803 -3.38031 -3.04285
19.54 0 -2.37988 -3.91395 -3.32737
19.56 0 -3.00978 -3.33769 -3.3584
19.58 0 -2.67644 -2.84583 -3.09676
19.6 0 -1.61994 -2.72392 -2.70418
19.62 0 -0.98772 -2.67673 -2.79055
19.64 0 -1.08335 -2.38395 -3.42202
19.66 0 -1.54451 -2.34623 -4.33018
19.68 0 -2.15863 -3.45294 -5.4702
19.7 0 -2.06992 -4.77495 -6.27401
19.72 0 -2.02015 -5.43583 -7.03442
19.74 0 -2.43105 -5.26953 -7.76249
19.76 0 -2.35079 -4.41057 -7.53567
19.78 0 -1.8558 -3.77128 -6.39665
19.8 0 -1.39776 -3.25228 -4.65341
19.82 0 -1.03025 -2.10308 -2.49757
19.84 0 -0.724725 -0.4997 -0.317802
19.86 0 -0.616981 0.467946 1.23464
19.88 0 -0.729754 0.29207 1.80919
19.9 0 -0.811005 -0.219407 1.64049
19.92 0 -0.798025 -0.487649 1.12264
19.94 0 0.267022 0.302538 1.19278
19.96 0 1.75087 1.83675 1.39209
19.98 0 3.80872 2.97355 1.33902
20 0 3.25867 4.53206 1.68157
20.02 0 1.64186 4.31589 2.85743
20.04 0 0.960006 2.31211 4.80912
20.06 0 0.851186 1.29006 6.34564
20.08 0 0.148324 2.2417 6.46249
20.1 0 0.0585249 3.86574 6.0133
20.12 0 1.61413 4.73092 5.8667
20.14 0 3.83887 4.74429 5.80925
20.16 0 4.50687 4.59743 4.78508
20.18 0 2.56332 4.41659 2.93145
20.2 0 0.875246 3.27562 2.03311
20.22 0 0.863287 1.34382 2.58186
20.24 0 1.458 0.623712 3.4467
20.26 0 1.10523 1.48864 3.23157
20.28 0 0.333627 2.46288 2.15912
20.3 0 -0.216057 2.10367 1.40153
20.32 0 -0.410673 0.200911 1.08601
20.34 0 0.0141862 -1.86526 0.254124
20.36 0 -0.139529 -2.29331 -1.54709
20.38 0 -1.45205 -1.72419 -4.01915
20.4 0 -2.12858 -2.23471 -5.75391
20.42 0 -1.34639 -3.82315 -5.90641
20.44 0 -0.0228117 -3.86704 -4.69894
20.46 0 -0.439502 -2.50066 -4.09115
20.48 0 -2.47908 -2.11542 -4.58923
20.5 0 -3.07246 -3.02253 -4.01692
20.52 0 -1.96403 -3.88768 -2.35063
20.54 0 -1.2789 -3.59072 -1.58775
20.56 0 -2.1754 -2.61269 -2.71534
20.58 0 -2.2494 -1.87904 -3.78026
20.6 0 -0.759108 -1.97891 -3.76667
20.62 0 0.429144 -2.13906 -3.35458
20.64 0 0.450879 -1.09318 -2.71856
20.66 0 -0.180067 0.185047 -1.75781
20.68 0 -1.04657 -0.311893 -0.913677
20.7 0 -1.52071 -1.80405 -0.0792334
20.72 0 -1.80752 -2.36078 0.57201
20.74 0 -1.46618 -1.01733 0.799797
20.76 0 1.05754 0.871816 0.969467
20.78 0 2.19849 2.34211 0.397446
20.8 0 1.74512 3.27038 0.448749
20.82 0 2.44627 3.27522 2.41052
20.84 0 3.27738 3.35228 5.0364
20.86 0 2.5403 4.03135 6.43653
20.88 0 0.678971 4.48127 6.52203
20.9 0 -0.0790616 3.66416 6.4419
20.92 0 0.902536 2.44663 6.50158
20.94 0 1.8505 2.47152 5.75859
20.96 0 1.50274 3.31964 3.67632
20.98 0 0.97148 3.09281 1.29645
21 0 1.23578 1.08163 -0.353426
21.02 0 1.39983 -0.919816 -1.29348
21.04 0 0.635432 -1.11249 -1.96296
21.06 0 -1.06174 -0.535783 -2.44534
21.08 0 -2.228 -1.25435 -2.29022
21.1 0 -1.39387 -2.54645 -1.07522
21.12 0 -0.598552 -2.80652 -0.552088
21.14 0 -1.16812 -1.61026 -1.51777
21.16 0 -1.42241 -0.469495 -2.57708
21.18 0 -0.464234 -0.933358 -2.75931
21.2 0 0.866892 -1.53589 -2.17275
21.22 0 1.24853 -0.608338 -1.41903
21.24 0 0.456441 0.946131 -0.830894
21.26 0 -0.539332 0.92827 -0.223136
21.28 0 -0.583042 -0.340303 0.949806
21.3 0 -0.509824 -1.21649 1.76946
21.32 0 -1.30636 -1.02865 1.1417
21.34 0 -2.03423 -0.668501 -0.33499
21.36 0 -1.38872 -1.42233 -1.79562
21.38 0 -0.0931711 -2.37165 -3.0322
21.4 0 0.552252 -1.97103 -3.99866
21.42 0 0.467344 -0.505246 -4.21009
21.44 0 0.29056 0.136883 -3.32855
21.46 0 -0.0468059 -0.828837 -1.82195
21.48 0 -0.650796 -1.71759 0.00434781
21.5 0 -1.43558 -1.12488 1.34445
21.52 0 -1.97537 -0.225775 1.71736
21.54 0 -1.25947 0.0194581 1.56364
21.56 0 0.519477 -0.0262696 1.06346
21.58 0 1.81995 0.731077 0.122912
21.6 0 1.49708 1.68023 -1.11347
21.62 0 0.7024 1.50067 -1.51507
21.64 0 0.674392 0.251526 -0.456046
21.66 0 0.24974 -0.818268 0.763165
21.68 0 -0.731333 -0.398772 1.53483
21.7 0 -1.15649 0.839791 2.12646
21.72 0 -0.634252 1.19613 2.47312
21.74 0 0.320426 0.599479 2.2776
21.76 0 0.860329 0.39963 1.38392
21.78 0 1.17004 1.33349 0.499901
21.8 0 1.41943 2.10623 0.0436044
21.82 0 1.56677 1.6851 0.111786
21.84 0 1.21847 0.796499 0.591808
21.86 0 0.383817 0.536236 1.29958
21.88 0 -0.549083 0.582422 1.80382
21.9 0 -0.74328 0.509562 2.17562
21.92 0 -0.0526876 0.541635 2.39178
21.94 0 0.219985 0.408134 1.55204
21.96 0 0.266347 0.530594 0.272048
21.98 0 0.486406 0.566431 -0.731928
22 0 0.809521 0.258494 -1.16125
22.02 0 0.839536 -0.0414421 -1.08887
22.04 0 0.192586 -0.300752 -0.949034
22.06 0 -0.719047 -0.654949 -0.784612
22.08 0 -1.37499 -1.11301 -0.493895
22.1 0 -1.32586 -1.56693 -0.280938
22.12 0 -1.0449 -1.63311 -0.57752
22.14 0 -0.305898 -0.708687 -0.860525
22.16 0 0.465877 0.372874 -1.05004
22.18 0 0.442057 0.182617 -1.56397
22.2 0 0.223831 -0.515892 -1.59632
22.22 0 0.217445 -0.536242 -0.772294
22.24 0 0.0879802 0.148369 0.357882
22.26 0 -0.607476 0.200469 0.776711
22.28 0 -1.28462 -0.767659 0.429581
22.3 0 -0.911743 -1.34216 0.124444
22.32 0 -0.190085 -0.88178 -0.366724
22.34 0 0.422192 0.31044 -0.885402
22.36 0 1.00434 1.2349 -0.899014
22.38 0 1.40142 1.32092 -0.2264
22.4 0 1.07225 0.898108 0.72127
22.42 0 0.0642445 0.558466 1.5541
22.44 0 -0.850164 0.2953 2.06815
22.46 0 -1.3877 -0.482829 1.71513
22.48 0 -0.945928 -0.911066 0.942971
22.5 0 0.167492 -0.260226 0.0824756
22.52 0 0.830062 0.624373 -1.04395
22.54 0 0.994785 0.844367 -1.84207
22.56 0 1.49353 0.967286 -1.10484
22.58 0 1.25752 0.848615 0.227684
22.6 0 -0.26144 0.175172 0.969846
22.62 0 -1.58298 -0.553972 1.4143
22.64 0 -1.59512 -0.975873 1.66712
22.66 0 -0.771577 -0.809855 1.25902
22.68 0 -0.384963 -0.623363 -0.454814
22.7 0 0.187423 -0.183581 -2.06947
22.72 0 1.16126 0.302242 -2.54606
22.74 0 1.44807 0.34447 -2.20209
22.76 0 0.61529 0.0386695 -1.37581
22.78 0 -0.768228 -0.631583 -0.399589
22.8 0 -1.57957 -1.28822 0.603436
22.82 0 -1.89677 -1.84878 0.770203
22.84 0 -1.30239 -1.46283 0.338212
22.86 0 -0.21539 -0.365286 -0.527849
22.88 0 0.332207 0.0914723 -1.89887
22.9 0 1.30802 0.560827 -2.04126
22.92 0 2.00563 1.15574 -0.947905
22.94 0 1.37116 1.45049 0.444899
22.96 0 -0.0352584 1.1718 1.81725
22.98 0 -1.12238 0.220487 2.84486
23 0 -1.169 -0.362898 3.37274
23.02 0 -0.907443 -0.327279 2.56336
23.04 0 -0.246366 0.385096 0.949239
23.06 0 1.1508 1.39163 -0.255799
23.08 0 2.42455 2.03086 -0.653229
23.1 0 2.0544 1.54924 -0.88769
23.12 0 0.178489 0.0477764 -1.06182
23.14 0 -1.15195 -1.21199 -0.372895
23.16 0 -1.11251 -1.13689 1.0933
23.18 0 -0.354369 0.195079 2.34144
23.2 0 -0.0768332 1.19406 2.21661
23.22 0 -0.0587207 0.944467 1.06111
23.24 0 0.273949 0.0416121 -0.146894
23.26 0 0.819337 -0.189153 -0.798008
23.28 0 0.433644 -0.156583 -1.53865
23.3 0 -0.285038 -0.375465 -1.95921
23.32 0 -0.106366 -0.523607 -1.21743
23.34 0 -0.623314 -1.51805 -1.10189
23.36 0 -2.01621 -2.76235 -2.02898
23.38 0 -1.94575 -2.51445 -2.19129
23.4 0 -0.482022 -1.27198 -1.66901
23.42 0 0.697581 -0.0485764 -1.30805
23.44 0 0.245352 -0.156892 -1.9048
23.46 0 -0.601587 -1.0582 -2.32351
23.48 0 -0.0777093 -0.928973 -1.10117
23.5 0 -0.520384 -1.12679 -0.652145
23.52 0 -1.48184 -1.4657 -0.973163
23.54 0 -1.05366 -0.967869 -0.57754
23.56 0 -0.0848102 -0.281892 -0.0686755
23.58 0 0.0149046 -0.0239115 -0.252471
23.6 0 0.644065 1.09956 0.539831
23.62 0 1.69538 2.34208 2.05276
23.64 0 1.25824 1.9652 2.39966
23.66 0 1.51506 2.52791 3.53961
23.68 0 2.15713 3.81799 5.07758
23.7 0 0.811666 3.16059 4.60301
23.72 0 -0.170534 1.73317 3.77801
23.74 0 0.716528 1.52319 3.91139
23.76 0 1.00743 1.49738 2.95709
23.78 0 0.000445837 0.75709 0.497231
23.8 0 0.751024 0.990845 -0.279347
23.82 0 2.0717 1.41364 0.0485404
23.84 0 0.97678 0.359248 -0.846493
23.86 0 -0.371549 -0.122053 -0.899768
23.88 0 -0.747443 -0.203768 0.183778
23.9 0 -0.91362 -1.09391 0.647427
23.92 0 -0.771688 -1.25902 0.565041
23.94 0 -0.491436 -0.602626 -0.247588
23.96 0 -0.311485 -0.141284 -1.32374
23.98 0 0.373734 -0.062203 -1.68683
24 0 0.860262 -0.375206 -1.69703
24.02 0 0.629131 -0.496804 -1.5904
24.04 0 -0.622984 -0.954623 -1.88148
24.06 0 -1.81424 -1.86728 -2.08369
24.08 0 -1.65268 -2.1956 -1.35837
24.1 0 -1.18063 -1.9598 -0.788906
24.12 0 -1.04164 -1.27128 -0.882398
24.14 0 -1.00724 -0.908886 -1.47972
24.16 0 -0.659786 -1.28566 -2.14686
24.18 0 -0.0973801 -1.59574 -2.48608
24.2 0 -0.281666 -1.70644 -2.98571
24.22 0 -0.55415 -1.31407 -2.973
24.24 0 -0.51935 -1.02661 -2.31278
24.26 0 -0.760036 -1.49618 -1.77247
24.28 0 -1.55425 -2.39187 -1.84245
24.3 0 -1.96479 -2.5602 -1.84057
24.32 0 -1.48619 -1.65836 -1.30167
24.34 0 -0.817161 -0.667509 -0.914799
24.36 0 0.0216767 -0.22759 -0.703593
24.38 0 1.40682 -0.0374131 -0.537573
24.4 0 1.9659 1.30761 -0.0650008
24.42 0 1.52278 2.94838 0.975054
24.44 0 0.611299 2.69321 2.28827
24.46 0 -0.0281574 0.813739 3.43919
24.48 0 -0.525789 -0.312753 3.84
24.5 0 -0.713294 0.573581 3.63148
24.52 0 -0.485515 1.78732 2.72191
24.54 0 0.200942 1.46571 1.29988
24.56 0 1.54189 0.763576 0.349089
24.58 0 2.58399 1.18864 -0.0316138
24.6 0 3.08136 2.94067 0.447251
24.62 0 2.51191 3.991 1.45358
24.64 0 1.1741 2.91163 2.65483
24.66 0 0.403808 1.33415 4.34363
24.68 0 -0.155202 0.846871 5.47253
24.7 0 -0.829165 1.34417 5.10747
24.72 0 -0.64939 1.87059 3.83509
24.74 0 0.640544 1.72613 2.25578
24.76 0 1.98502 1.12659 0.358515
24.78 0 2.29945 0.844147 -1.46625
24.8 0 1.67239 0.816309 -2.62337
24.82 0 1.08391 0.701628 -2.2117
24.84 0 -0.65108 -0.0473862 -0.876136
24.86 0 -2.02652 -1.7944 0.501381
24.88 0 -2.04449 -2.93321 1.20465
24.9 0 -1.96369 -2.28425 0.357306
24.92 0 -1.92385 -1.0179 -1.48594
24.94 0 -1.03312 -0.919671 -2.99802
24.96 0 0.443652 -1.76899 -3.76047
24.98 0 0.846666 -2.3021 -4.42636
25 0 -0.405591 -2.28777 -5.27101
25.02 0 -1.86195 -2.50254 -5.39061
25.04 0 -2.08868 -3.13 -4.07754
25.06 0 -1.73576 -3.66418 -2.46044
25.08 0 -1.79601 -3.17474 -1.67344
25.1 0 -2.14371 -2.09066 -1.83549
25.12 0 -2.09033 -1.85913 -2.52714
25.14 0 -1.09875 -2.02317 -2.67254
25.16 0 0.0469872 -1.51568 -2.33511
25.18 0 0.896327 -0.824095 -2.22019
25.2 0 0.949087 0.357802 -1.87007
25.22 0 0.992835 1.9465 -0.0663952
25.24 0 0.57029 2.09101 2.19367
25.26 0 0.255537 1.16781 4.05573
25.28 0 0.181856 1.31632 5.31327
25.3 0 -0.346631 1.92213 5.09294
25.32 0 -0.0957041 2.5422 4.38184
25.34 0 1.48283 2.98853 3.98618
25.36 0 3.16042 3.43481 3.60819
25.38 0 3.45791 3.68379 2.60826
25.4 0 2.4037 3.3907 1.46308
25.42 0 1.62548 2.96406 1.75248
25.44 0 1.41646 2.22854 3.10403
25.46 0 1.0022 1.70287 4.27546
25.48 0 0.147934 1.68386 4.46898
25.5 0 -0.316316 1.76801 3.89146
25.52 0 0.206486 1.5767 3.00851
25.54 0 1.13874 1.05628 1.67288
25.56 0 1.64642 0.987702 0.122992
25.58 0 0.620638 0.976349 -1.40921
25.6 0 -0.934198 -0.216388 -2.25436
25.62 0 -0.659795 -2.20466 -1.88956
25.64 0 -0.147468 -3.11921 -1.82591
25.66 0 -1.30841 -2.37878 -2.86726
25.68 0 -2.23102 -1.44229 -3.62223
25.7 0 -1.6744 -1.89209 -3.35901
25.72 0 -0.855176 -3.24293 -2.97695
25.74 0 -1.20694 -3.72719 -3.40737
25.76 0 -2.21047 -2.93977 -4.17976
25.78 0 -2.51957 -2.46628 -4.46337
25.8 0 -1.36879 -3.11561 -4.04026
25.82 0 -0.543413 -3.52929 -3.7579
25.84 0 -1.0643 -2.83301 -4.0788
25.86 0 -1.70293 -1.82712 -4.12562
25.88 0 -1.19011 -1.54318 -3.08049
25.9 0 -0.399403 -1.79033 -1.53334
25.92 0 -0.710759 -1.50192 -0.534722
25.94 0 -1.38745 -0.444063 0.0187876
25.96 0 -0.323784 0.362874 0.908721
25.98 0 1.67834 0.875789 1.62331
26 0 1.77066 2.11915 1.69667
26.02 0 0.617242 2.97812 1.7886
26.04 0 0.780166 2.46797 2.8096
26.06 0 1.6304 1.76383 4.12206
26.08 0 1.33605 1.73284 4.2734
26.1 0 0.385037 2.43413 3.55558
26.12 0 0.252653 2.66766 2.98465
26.14 0 1.16836 2.01006 2.82729
26.16 0 2.15463 1.7264 2.75237
26.18 0 2.07719 2.31193 2.20019
26.2 0 0.972561 2.72721 1.44616
26.22 0 0.231546 1.61891 1.10267
26.24 0 0.324201 -0.0113933 1.37724
26.26 0 0.237596 -0.504476 1.44625
26.28 0 -0.272483 0.348369 1.00459
26.3 0 -0.14518 1.28658 0.690484
26.32 0 0.749303 1.12515 0.655036
26.34 0 1.69609 0.806054 0.895272
26.36 0 1.52979 1.03063 0.789996
26.38 0 0.3525 1.07755 0.206335
26.4 0 -0.863552 0.319192 -0.0971561
26.42 0 -1.25522 -0.951505 0.227128
26.44 0 -1.08999 -1.83337 0.395688
26.46 0 -1.10712 -1.7856 -0.43066
26.48 0 -0.889984 -0.929074 -1.61636
26.5 0 0.04292 -0.17856 -2.24547
26.52 0 0.83574 -0.424076 -2.54712
26.54 0 0.775677 -1.08622 -2.7439
26.56 0 0.0888621 -1.08618 -2.50242
26.58 0 -0.481535 -0.560509 -1.52042
26.6 0 -0.669713 -0.311287 -0.109246
26.62 0 -0.746748 -0.501115 1.0378
26.64 0 -1.10364 -0.776202 1.27094
26.66 0 -1.52166 -0.923677 0.596756
26.68 0 -1.05113 -0.646033 -0.0708182
26.7 0 0.257556 -0.22778 -0.532431
26.72 0 0.948336 0.0460282 -1.2402
26.74 0 0.517077 -0.0846362 -2.17359
26.76 0 -0.254135 -0.753407 -2.66091
26.78 0 -0.559403 -1.53837 -2.26793
26.8 0 -0.591179 -1.69252 -1.36054
26.82 0 -0.955115 -1.32368 -0.779965
26.84 0 -1.23575 -0.908737 -0.565173
26.86 0 -1.21016 -1.18343 -0.811014
26.88 0 -0.671668 -1.44435 -1.10274
26.9 0 -0.0751358 -0.987066 -1.3409
26.92 0 0.207704 -0.105621 -1.47064
26.94 0 0.392306 0.47723 -1.1108
26.96 0 0.357906 0.254526 -0.47043
26.98 0 0.172179 -0.0699745 0.365233
27 0 -0.344413 -0.141625 0.918375
27.02 0 -1.06025 -0.280816 0.851827
27.04 0 -1.10051 -0.676749 0.428242
27.06 0 -0.347913 -0.902294 -0.166206
27.08 0 0.750133 -0.212788 -0.688854
27.1 0 1.54864 1.47685 -0.612021
27.12 0 1.83149 2.68133 0.234472
27.14 0 1.47385 2.0966 1.33837
27.16 0 0.631668 0.868968 2.44647
27.18 0 -0.339653 0.492993 3.23674
27.2 0 -1.06064 0.619748 3.17817
27.22 0 -0.714898 0.770766 2.70791
27.24 0 0.0980011 0.704589 1.75547
27.26 0 0.948964 0.913899 0.681026
27.28 0 1.54963 1.27998 -0.240916
27.3 0 1.7617 1.45492 -0.662928
27.32 0 1.50316 1.5119 -0.181652
27.34 0 0.891872 1.24672 0.932053
27.36 0 0.150519 0.935636 2.28209
27.38 0 -0.834395 0.364703 2.88672
27.4 0 -1.61982 -0.574853 2.26387
27.42 0 -1.44278 -1.13443 0.941528
27.44 0 -0.552656 -1.09445 -0.816417
27.46 0 0.47391 -0.558115 -2.50837
27.48 0 1.1158 -0.0126509 -3.51277
27.5 0 1.06056 -0.0528038 -3.51283
27.52 0 0.356741 -0.650473 -2.53978
27.54 0 -1.09177 -1.79289 -1.52739
27.56 0 -2.39834 -2.74153 -0.841749
27.58 0 -2.48261 -2.69773 -0.398501
27.6 0 -1.53427 -1.91001 -0.58585
27.62 0 -0.45473 -1.02206 -1.5648
27.64 0 0.697246 0.0269563 -2.25461
27.66 0 1.23013 0.532911 -2.38358
27.68 0 1.2827 0.595302 -1.54396
27.7 0 0.943763 0.741884 0.191638
27.72 0 -0.0674058 0.643259 1.7653
27.74 0 -0.969886 0.404544 2.84945
27.76 0 -1.27458 -0.0618368 3.01611
27.78 0 -0.95083 -0.253569 2.29134
27.8 0 -0.28167 0.196491 1.0402
27.82 0 0.689592 0.968842 -0.0820198
27.84 0 1.76162 1.52572 -0.5908
27.86 0 2.35773 1.64403 -0.472172
27.88 0 1.78617 1.40242 -0.0691978
27.9 0 0.656223 1.34468 0.985803
27.92 0 -0.043918 1.23202 2.52583
27.94 0 -0.298321 0.935782 3.7549
27.96 0 -0.0160609 1.21191 4.45535
27.98 0 0.0997577 1.64176 3.87776
28 0 -0.0961196 1.22121 1.93177
28.02 0 0.395186 0.510236 0.0879169
28.04 0 1.33347 0.371112 -0.905973
28.06 0 1.54455 0.699957 -1.37981
28.08 0 0.813567 0.774923 -1.39337
28.1 0 -0.281506 -0.00363209 -0.864343
28.12 0 -0.84865 -1.28719 -0.041429
28.14 0 -1.34182 -2.06593 0.174813
28.16 0 -1.51667 -1.74515 -0.387113
28.18 0 -1.46485 -1.09927 -1.47901
28.2 0 -0.979562 -1.30095 -2.58943
28.22 0 -0.245969 -1.98363 -3.2979
28.24 0 -0.0519811 -2.28927 -3.83867
28.26 0 -0.539947 -1.90813 -4.06523
28.28 0 -0.491833 -1.06487 -3.10506
28.3 0 -0.057166 -0.587841 -1.37362
28.32 0 -0.413619 -0.866005 -0.159781
28.34 0 -1.07156 -0.922137 0.53456
28.36 0 -1.29992 -0.620478 0.793207
28.38 0 -0.751669 -0.242595 0.769831
28.4 0 0.370099 0.26821 0.609798
28.42 0 1.19544 0.955126 0.267505
28.44 0 1.3876 1.64305 0.100236
28.46 0 1.19804 1.73208 0.415634
28.48 0 0.913516 1.27593 1.26532
28.5 0 0.24629 0.684358 2.03061
28.52 0 -0.703023 0.149804 2.12825
28.54 0 -0.946746 0.0142191 1.89171
28.56 0 -0.357932 0.107495 1.33892
28.58 0 0.467745 0.370066 0.453706
28.6 0 1.02738 0.839591 -0.401254
28.62 0 0.911317 0.830977 -1.09421
28.64 0 0.675975 0.453996 -0.98344
28.66 0 0.469629 0.118447 -0.111355
28.68 0 -0.243389 -0.235702 0.567145
28.7 0 -1.109 -0.584172 0.725411
28.72 0 -1.47789 -1.0732 0.349378
28.74 0 -1.20911 -1.5694 -0.542532
28.76 0 -0.51337 -1.48576 -1.6383
28.78 0 0.248885 -0.705083 -2.47174
28.8 0 0.866979 0.15317 -2.59931
28.82 0 1.16682 0.596574 -1.78001
28.84 0 0.651308 0.34011 -0.550429
28.86 0 -0.539966 -0.358017 0.53049
28.88 0 -1.52147 -0.987207 1.22464
28.9 0 -1.52457 -1.05499 1.47632
28.92 0 -0.456736 -0.185182 1.40452
28.94 0 0.669038 0.993848 0.799594
28.96 0 1.66582 2.09617 0.414801
28.98 0 2.16616 2.51233 0.59096
29 0 1.16734 1.41689 0.525193
29.02 0 -0.0448713 0.232417 0.931585
29.04 0 -0.675361 -0.234842 1.68054
29.06 0 -0.623363 0.10741 2.23963
29.08 0 -0.516244 0.33929 1.78704
29.1 0 -0.455509 -0.0647546 0.373906
29.12 0 0.428018 -0.00587956 -0.56325
29.14 0 1.2189 0.504643 -1.01748
29.16 0 1.54528 1.3869 -0.680134
29.18 0 0.851184 1.24451 -0.204733
29.2 0 -0.659623 -0.533813 -0.1867
29.22 0 -1.92155 -2.45939 -0.435395
29.24 0 -2.1542 -2.89647 -0.76307
29.26 0 -1.49762 -1.92386 -1.34808
29.28 0 -0.548264 -0.997448 -2.35096
29.3 0 0.106707 -1.02477 -3.48421
29.32 0 0.22251 -1.61861 -4.19217
29.34 0 0.142081 -1.64955 -3.79994
29.36 0 -0.115586 -1.00276 -2.43703
29.38 0 -0.178004 -0.0434068 -0.325988
29.4 0 0.350281 1.182 2.32993
29.42 0 1.03896 2.57828 4.79441
29.44 0 0.897026 3.24325 5.82967
29.46 0 0.176542 2.66322 5.25139
29.48 0 -0.387538 1.07257 3.46818
29.5 0 -1.16348 -1.31781 0.224771
29.52 0 -0.916592 -2.29834 -2.65854
29.54 0 0.214188 -1.43032 -4.22258
29.56 0 1.3851 -0.0949939 -4.41217
29.58 0 1.65917 0.413645 -3.51834
29.6 0 0.83629 0.0892513 -1.76678
29.62 0 0.142601 0.369119 1.18713
29.64 0 -0.219466 1.29599 4.25733
29.66 0 -1.48365 0.8601 4.92384
29.68 0 -2.3997 -0.721245 3.42006
29.7 0 -0.834218 -0.707526 2.00786
29.72 0 1.2986 0.808888 0.357732
29.74 0 2.82093 2.86629 -0.876402
29.76 0 3.14992 3.4342 -1.24013
29.78 0 2.36739 2.29043 -0.309553
29.8 0 0.230705 0.0284137 0.844531
29.82 0 -1.8126 -1.22443 2.13468
29.84 0 -2.27799 -0.972066 3.165
29.86 0 -2.06942 -0.926953 2.31994
29.88 0 -0.48796 -0.231871 0.92006
29.9 0 1.48197 0.94755 -0.531685
29.92 0 1.94658 1.26114 -2.29322
29.94 0 0.833366 -0.0130214 -3.79403
29.96 0 -0.0871665 -1.575 -3.64469
29.98 0 -0.676574 -2.44494 -2.44398
30 0 -1.67118 -2.69519 -1.7033
30.02 0 -2.30251 -2.01183 -1.11279
30.04 0 -2.59884 -2.14648 -1.34503
30.06 0 -2.20228 -3.30984 -2.41833
30.08 0 -1.13825 -3.37728 -3.48974
30.1 0 0.788392 -1.00056 -3.40001
30.12 0 2.50355 2.35471 -1.87897
30.14 0 2.38632 3.07623 -0.340972
30.16 0 0.926445 1.45227 1.34855
30.18 0 -1.32949 -1.02642 2.35861
30.2 0 -2.8133 -2.14615 2.62998
30.22 0 -2.10363 -1.1011 2.53362
30.24 0 0.00943824 0.934663 1.88382
30.26 0 1.30818 1.88536 0.182043
30.28 0 1.76366 1.51161 -1.39633
30.3 0 1.66855 0.69585 -1.81799
30.32 0 1.17711 0.0105489 -1.26391
30.34 0 0.379551 0.166922 0.0352228
30.36 0 -0.280381 0.804209 1.68951
30.38 0 -0.566843 0.929693 2.91994
30.4 0 -0.483025 0.585438 3.34243
30.42 0 0.0205951 0.794645 3.17228
30.44 0 0.542283 1.54073 2.41208
30.46 0 1.57459 2.63928 1.95313
30.48 0 2.33785 2.93851 1.62329
30.5 0 2.20395 2.48824 1.49985
30.52 0 1.32145 1.76287 1.65752
30.54 0 -0.0472287 0.973973 1.89446
30.56 0 -1.12843 -0.162584 1.80565
30.58 0 -1.28628 -0.862862 1.51761
30.6 0 -0.683049 -0.82761 0.738209
30.62 0 -0.479435 -0.783127 -1.07704
30.64 0 -0.0994004 -0.850646 -2.842
30.66 0 0.148761 -1.34755 -4.06281
30.68 0 0.151957 -1.82256 -4.35495
30.7 0 0.00750339 -1.81326 -3.79546
30.72 0 -0.259909 -1.29136 -2.53812
30.74 0 -0.826586 -0.930981 -1.18525
30.76 0 -1.40011 -1.06035 -0.0464497
30.78 0 -1.5551 -1.24409 0.733764
30.8 0 -1.21244 -1.00653 0.962702
30.82 0 -0.814458 -0.73353 0.195479
30.84 0 -0.660851 -0.902817 -1.41568
30.86 0 -0.392549 -1.35967 -2.95943
30.88 0 0.337621 -1.24034 -3.40332
30.9 0 0.843623 -0.52275 -2.87306
30.92 0 0.32018 -0.243775 -2.12163
30.94 0 -0.210615 -0.237688 -0.732764
30.96 0 -1.02105 -0.962282 0.275789
30.98 0 -1.79111 -1.74679 0.508614
31 0 -1.49529 -1.34576 0.595294
31.02 0 0.120407 0.248221 0.834162
31.04 0 1.63603 2.11441 1.02725
31.06 0 2.44203 3.35095 1.4727
31.08 0 2.6289 3.50743 2.41417
31.1 0 1.6486 2.49956 3.12312
31.12 0 0.00227435 1.33025 3.47823
31.14 0 -0.91092 0.683643 3.66645
31.16 0 -0.540945 0.735569 3.61585
31.18 0 0.146044 0.912503 2.57852
31.2 0 0.656525 1.05389 0.847219
31.22 0 1.42077 1.44284 -0.300387
31.24 0 1.9413 1.68658 -0.554524
31.26 0 1.41989 1.24912 -0.372892
31.28 0 0.0216495 0.225244 0.0187789
31.3 0 -0.866734 -0.614569 0.826652
31.32 0 -1.17674 -1.11192 1.22
31.34 0 -1.35295 -1.19179 0.601438
31.36 0 -1.01533 -0.87757 -0.538824
31.38 0 -0.240033 -0.685205 -1.7556
31.4 0 0.297807 -0.978015 -2.91702
31.42 0 0.13213 -1.55119 -3.84739
31.44 0 -0.419461 -2.00542 -4.18291
31.46 0 -0.911121 -2.18335 -3.70366
31.48 0 -1.19341 -2.14105 -2.64561
31.5 0 -1.41808 -1.99621 -1.54227
31.52 0 -1.52081 -1.84739 -0.885561
31.54 0 -1.48819 -1.67101 -0.892422
31.56 0 -0.781231 -1.15018 -1.00399
31.58 0 0.146566 -0.496048 -1.19029
31.6 0 0.618562 0.0302629 -1.42982
31.62 0 0.878061 0.562163 -1.09679
31.64 0 0.950166 0.995015 -0.0410785
31.66 0 0.434174 0.913328 1.09602
31.68 0 -0.301399 0.492514 1.98567
31.7 0 -0.53606 0.410728 2.67847
31.72 0 -0.400487 0.765176 2.88453
31.74 0 -0.0251165 1.25126 2.5999
31.76 0 0.613008 1.45522 1.97745
31.78 0 1.11079 1.29357 1.08336
31.8 0 1.27377 1.0524 0.197177
31.82 0 1.40884 1.20048 -0.0471334
31.84 0 1.25177 1.31484 0.201948
31.86 0 0.821361 1.32094 0.945511
31.88 0 0.666634 1.46302 2.2277
31.9 0 0.491678 1.59925 3.3444
31.92 0 0.159413 1.58807 3.73558
31.94 0 -0.212028 1.15595 3.1621
31.96 0 -0.213974 0.542367 1.94382
31.98 0 0.449106 0.484097 0.809819
32 0 1.29656 1.01938 -0.00303561
32.02 0 1.49906 1.44677 -0.544629
32.04 0 0.894623 1.03577 -0.744907
32.06 0 -0.284502 -0.294513 -0.66376
32.08 0 -0.96822 -1.49722 -0.217905
32.1 0 -1.13793 -1.74208 0.0258764
32.12 0 -1.32077 -1.50694 -0.725809
32.14 0 -1.37852 -1.35215 -1.98739
32.16 0 -0.804168 -1.50415 -2.78308
32.18 0 0.0691815 -1.62681 -2.98541
32.2 0 0.553604 -1.12247 -2.76154
32.22 0 0.205874 -0.489125 -2.45224
32.24 0 -0.889584 -0.993035 -2.34643
32.26 0 -1.80004 -2.35033 -2.06606
32.28 0 -1.70027 -2.75032 -1.18813
32.3 0 -1.24926 -1.96975 -0.66733
32.32 0 -0.872554 -0.713916 -0.793321
32.34 0 -0.606006 -0.402106 -1.45292
32.36 0 -0.10983 -0.847278 -1.89971
32.38 0 0.604165 -0.630434 -1.53423
32.4 0 0.706824 0.131259 -0.916594
32.42 0 0.482009 0.811287 -0.0865788
32.44 0 0.21553 0.889134 0.939239
32.46 0 0.0917069 0.608237 1.94819
32.48 0 -0.25443 0.223435 2.20229
32.5 0 -0.599448 0.15401 1.72461
32.52 0 -0.404772 0.294341 0.961553
32.54 0 0.572773 0.778723 0.590917
32.56 0 1.62417 1.57969 0.699429
32.58 0 2.06457 2.29628 1.07891
32.6 0 1.43574 2.20252 1.37909
32.62 0 0.437968 1.44883 1.88169
32.64 0 0.265598 1.13971 3.04815
32.66 0 0.25027 1.29443 3.80495
32.68 0 -0.0719869 1.42642 3.4261
32.7 0 -0.395657 0.929657 2.05779
32.72 0 -0.340073 -0.24565 0.179446
32.74 0 0.374116 -0.699024 -1.20291
32.76 0 1.09591 0.0735568 -1.79379
32.78 0 0.620804 0.322566 -2.3605
32.8 0 -0.0254076 -0.329828 -2.18227
32.82 0 -0.489866 -1.48211 -1.43091
32.84 0 -1.23532 -2.27194 -0.997537
32.86 0 -1.93219 -2.10968 -1.02339
32.88 0 -1.77922 -1.56286 -1.21162
32.9 0 -0.828866 -1.44448 -1.6185
32.92 0 -0.122492 -1.57596 -2.42616
32.94 0 0.19985 -1.09175 -2.95592
32.96 0 0.23217 -0.455131 -2.85665
32.98 0 0.0646284 -0.443313 -2.14079
33 0 -0.0848214 -0.675754 -0.848711
33.02 0 -0.155487 -0.297424 0.732432
33.04 0 -0.4989 0.314989 1.74128
33.06 0 -0.397787 0.914122 2.36308
33.08 0 0.263754 1.26394 2.64312
33.1 0 0.633356 1.28325 2.22937
33.12 0 0.93589 1.47665 1.65233
33.14 0 1.12007 1.67758 1.18706
33.16 0 1.12517 1.55116 0.952566
33.18 0 1.0732 1.40593 1.20824
33.2 0 0.668252 1.17945 1.55347
33.22 0 -0.254872 0.45737 1.37672
33.24 0 -0.930195 -0.477902 0.84326
33.26 0 -0.6888 -0.786137 0.408539
33.28 0 0.0440444 -0.258933 -0.0140631
33.3 0 0.565021 0.501443 -0.550761
33.32 0 1.1763 1.28874 -0.414228
33.34 0 1.16781 1.23638 -0.00242949
33.36 0 0.260098 0.262133 0.222595
33.38 0 -0.739 -0.674609 0.435861
33.4 0 -1.2612 -1.11477 0.485875
33.42 0 -1.13962 -1.09679 0.150488
33.44 0 -0.593255 -0.764565 -0.533867
33.46 0 -0.0805274 -0.584845 -1.51541
33.48 0 0.382172 -0.452324 -2.18153
33.5 0 0.703914 -0.194403 -2.10825
33.52 0 0.144097 -0.494857 -1.925
33.54 0 -0.797674 -1.23448 -1.60988
33.56 0 -1.1898 -1.64249 -0.900908
33.58 0 -0.986737 -1.33248 -0.155206
33.6 0 -1.01916 -1.05442 -0.326707
33.62 0 -0.913637 -0.97434 -1.02943
33.64 0 0.069709 -0.566374 -1.25418
33.66 0 0.905725 0.12489 -1.14993
33.68 0 0.78714 0.546076 -1.0424
33.7 0 0.34092 0.570776 -0.467377
33.72 0 0.431364 0.689845 0.995851
33.74 0 0.351509 0.846977 2.33199
33.76 0 -0.14186 1.00113 2.87526
33.78 0 -0.368233 1.07718 2.8091
33.8 0 0.225915 1.22957 2.6024
33.82 0 1.19873 1.70239 2.3491
33.84 0 1.69943 2.26844 1.88786
33.86 0 1.34462 2.25115 1.26842
33.88 0 0.487396 1.1674 0.696421
33.9 0 -0.132184 -0.219276 0.484485
33.92 0 -0.462683 -0.877496 0.394255
33.94 0 -0.621231 -0.592199 0.126754
33.96 0 -0.712468 -0.414949 -0.585649
33.98 0 -0.366856 -0.715091 -1.30639
34 0 0.0517326 -1.08369 -1.86241
34.02 0 0.00470991 -1.13524 -2.31722
34.04 0 -0.0719254 -0.653525 -2.14685
34.06 0 -0.0565434 -0.316688 -1.41797
34.08 0 -0.188219 -0.490585 -0.587089
34.1 0 -0.438043 -0.669092 0.106813
34.12 0 -0.772636 -0.587728 0.412974
34.14 0 -1.02562 -0.61299 0.16856
34.16 0 -1.00556 -1.11269 -0.640881
34.18 0 -0.373206 -1.22529 -1.32812
34.2 0 0.165329 -0.834125 -1.94407
34.22 0 0.13605 -0.502369 -2.4763
34.24 0 0.201674 -0.32721 -2.18523
34.26 0 0.173071 -0.505962 -1.32788
34.28 0 -0.197633 -0.67229 -0.38779
34.3 0 -0.708201 -0.503466 0.382784
34.32 0 -0.989012 -0.386364 0.734899
34.34 0 -0.681291 -0.352471 0.7662
34.36 0 0.283678 0.256352 0.876695
34.38 0 0.957874 1.29312 0.907282
34.4 0 0.981004 1.63571 0.64989
34.42 0 0.894698 1.32429 0.730876
34.44 0 1.00138 1.08761 1.40435
34.46 0 0.729308 1.14526 2.00977
34.48 0 0.178986 1.37001 2.33452
34.5 0 0.0575404 1.41524 2.57095
34.52 0 0.41094 1.22138 2.62356
34.54 0 0.602533 1.04466 2.14903
34.56 0 0.541434 1.12156 1.35025
34.58 0 0.593455 1.19613 0.713414
34.6 0 0.546657 0.674269 0.148106
34.62 0 0.210847 -0.194557 -0.405164
34.64 0 -0.264287 -0.663583 -0.742488
34.66 0 -0.379339 -0.545973 -0.670982
34.68 0 -0.484803 -0.611124 -0.726728
34.7 0 -0.5361 -0.908113 -0.931306
34.72 0 -0.485486 -1.07352 -1.15807
34.74 0 -0.423136 -1.03067 -1.42418
34.76 0 -0.471714 -0.985812 -1.72561
34.78 0 -0.58794 -1.19219 -1.99942
34.8 0 -0.45306 -1.26658 -1.88841
34.82 0 -0.461997 -1.28762 -1.7559
34.84 0 -0.612627 -1.17733 -1.62921
34.86 0 -0.594276 -0.971658 -1.35422
34.88 0 -0.380585 -0.813582 -1.00698
34.9 0 -0.347217 -0.782731 -0.873998
34.92 0 -0.446102 -0.745415 -0.896415
34.94 0 -0.400015 -0.62362 -0.848565
34.96 0 -0.0115056 -0.245572 -0.478872
34.98 0 0.200081 0.170025 -0.0673553
35 0 0.169909 0.405412 0.287266
35.02 0 0.294593 0.659766 0.863613
35.04 0 0.408329 0.946788 1.50085
35.06 0 0.31658 1.09912 1.9045
35.08 0 0.281399 1.1046 2.05741
35.1 0 0.63425 1.35307 2.28251
35.12 0 1.10206 1.83999 2.44735
35.14 0 1.2622 2.12485 2.3036
35.16 0 1.14707 2.09244 2.08418
35.18 0 1.06246 1.87617 2.11252
35.2 0 0.751468 1.35352 2.04349
35.22 0 0.377343 0.934518 1.863
35.24 0 0.176601 0.838272 1.64994
35.26 0 -0.158685 0.514954 1.0563
35.28 0 -0.258032 -0.0999424 0.269366
35.3 0 -0.0565291 -0.428537 -0.371495
35.32 0 0.0410307 -0.433739 -0.970666
35.34 0 -0.0996284 -0.488466 -1.53193
35.36 0 -0.151438 -0.698699 -1.73301
35.38 0 -0.205689 -1.11487 -1.74441
35.4 0 -0.671175 -1.50315 -1.86959
35.42 0 -0.957101 -1.58555 -1.87869
35.44 0 -0.780134 -1.28901 -1.58389
35.46 0 -0.663693 -1.10961 -1.39387
35.48 0 -0.879668 -1.34521 -1.58389
35.5 0 -0.911836 -1.54733 -1.73083
35.52 0 -0.72783 -1.54249 -1.80859
35.54 0 -0.604186 -1.38391 -1.94736
35.56 0 -0.383291 -0.956136 -1.85726
35.58 0 -0.127574 -0.672314 -1.57852
35.6 0 -0.0880367 -0.632162 -1.24198
35.62 0 -0.154259 -0.510861 -0.746966
35.64 0 -0.125302 -0.106696 -0.0287209
35.66 0 -0.0491927 0.204743 0.581017
35.68 0 -0.110448 0.235224 0.823647
35.7 0 -0.0676162 0.255744 0.881974
35.72 0 0.313571 0.640345 1.06877
35.74 0 0.575535 1.13055 1.22068
35.76 0 0.719495 1.32867 1.30999
35.78 0 0.825384 1.3177 1.49008
35.8 0 0.788891 1.28211 1.70374
35.82 0 0.61089 1.27068 1.84015
35.84 0 0.310142 1.0942 1.75549
35.86 0 0.237449 0.91275 1.66085
35.88 0 0.506947 0.987188 1.67987
35.9 0 0.738909 1.2479 1.62326
35.92 0 0.685536 1.36153 1.38897
35.94 0 0.569101 1.17721 1.18893
35.96 0 0.53156 0.849631 1.13758
35.98 0 0.410428 0.639838 1.10353
36 0 0.0859774 0.541062 0.932458
36.02 0 -0.172311 0.240413 0.586688
36.04 0 -0.192189 -0.183049 0.17181
36.06 0 0.0483991 -0.362375 -0.223646
36.08 0 -0.0465699 -0.451224 -0.891672
36.1 0 -0.278679 -0.614717 -1.5551
36.12 0 -0.336136 -1.09591 -2.04777
36.14 0 -0.384865 -1.47758 -2.23875
36.16 0 -0.56773 -1.51709 -2.2113
36.18 0 -0.78989 -1.33951 -2.00648
36.2 0 -1.04131 -1.42951 -1.81803
36.22 0 -1.44748 -2.03976 -1.95668
36.24 0 -1.36738 -2.35305 -2.02704
36.26 0 -0.973386 -2.01128 -2.10393
36.28 0 -0.659064 -1.38336 -2.31304
36.3 0 -0.284176 -0.807677 -2.25465
36.32 0 0.133332 -0.437737 -1.72694
36.34 0 0.249437 -0.356329 -0.992217
36.36 0 0.159101 -0.149239 -0.138204
36.38 0 -0.24798 0.107684 0.529292
36.4 0 -0.400204 0.274172 1.08863
36.42 0 0.132665 0.588375 1.71103
36.44 0 0.728294 1.22003 2.11182
36.46 0 0.905055 1.83986 2.09901
36.48 0 0.807234 1.97953 1.9305
36.5 0 1.12524 1.85569 2.17492
36.52 0 1.29776 1.72655 2.4579
36.54 0 0.905767 1.75683 2.45118
36.56 0 0.531081 1.8897 2.48555
36.58 0 0.456167 1.58812 2.48677
36.6 0 0.493776 1.04019 2.25547
36.62 0 0.428852 0.840379 1.765
36.64 0 0.280292 0.916146 1.10867
36.66 0 0.291445 0.758435 0.489092
36.68 0 0.324907 0.197926 -0.0741285
36.7 0 0.223327 -0.327398 -0.560213
36.72 0 -0.0424468 -0.562481 -0.989382
36.74 0 -0.451332 -0.758685 -1.39225
36.76 0 -0.400271 -1.00794 -1.53279
36.78 0 -0.323585 -1.11301 -1.55133
36.8 0 -0.595739 -1.24161 -1.71954
36.82 0 -1.00291 -1.47035 -1.95694
36.84 0 -1.25775 -1.85674 -2.14825
36.86 0 -1.32476 -2.21619 -2.31244
36.88 0 -1.16626 -2.29425 -2.50094
36.9 0 -0.957124 -2.03334 -2.74308
36.92 0 -0.751283 -1.6916 -2.92486
36.94 0 -0.519743 -1.44913 -2.80608
36.96 0 -0.407596 -1.28754 -2.3661
36.98 0 -0.534787 -1.15069 -1.74986
37 0 -0.391657 -0.843427 -0.87152
37.02 0 -0.208888 -0.333177 -0.0206912
37.04 0 0.0369894 0.245281 0.638763
37.06 0 0.256007 0.782854 1.11823
37.08 0 0.32003 1.06594 1.41852
37.1 0 0.434197 1.17161 1.72174
37.12 0 0.541541 1.40181 2.15826
37.14 0 0.645397 1.50193 2.44205
37.16 0 0.764056 1.56006 2.46046
37.18 0 0.855128 1.65079 2.28608
37.2 0 0.724434 1.45037 1.78079
37.22 0 0.975302 1.48817 1.63263
37.24 0 1.48148 1.87271 1.88857
37.26 0 1.14788 1.86432 1.76568
37.28 0 0.513288 1.45694 1.60581
37.3 0 0.308151 0.978375 1.77865
37.32 0 0.221276 0.548594 1.77648
37.34 0 0.0690908 0.420839 1.41007
37.36 0 0.0761038 0.570832 0.876156
37.38 0 0.234733 0.504695 0.268974
37.4 0 0.416559 0.160248 -0.297845
37.42 0 0.419951 0.0044944 -0.601508
37.44 0 0.168264 0.0624404 -0.609937
37.46 0 -0.245825 -0.165022 -0.510419
37.48 0 -0.73382 -0.802649 -0.49302
37.5 0 -0.848944 -1.27925 -0.49273
37.52 0 -0.920854 -1.4374 -0.894111
37.54 0 -0.898287 -1.36883 -1.62297
37.56 0 -0.488739 -1.06407 -2.08569
37.58 0 0.10111 -0.781372 -2.14036
37.6 0 0.193319 -0.763473 -2.09126
37.62 0 -0.35794 -1.06658 -2.07269
37.64 0 -0.886657 -1.36544 -1.75046
37.66 0 -1.08517 -1.55873 -1.24541
37.68 0 -1.06279 -1.61087 -0.98019
37.7 0 -0.905098 -1.36522 -1.05831
37.72 0 -0.415395 -0.737462 -1.11919
37.74 0 0.146384 -0.22884 -1.1458
37.76 0 0.438589 -0.0126853 -1.06915
37.78 0 0.390845 0.0881254 -0.728592
37.8 0 0.233625 0.257318 -0.0160361
37.82 0 0.100911 0.459484 0.88517
37.84 0 -0.0496675 0.591626 1.61958
37.86 0 0.0251188 0.855382 2.17063
37.88 0 0.232572 1.10717 2.32089
37.9 0 0.599955 1.42284 2.21926
37.92 0 0.99135 1.74782 2.01775
37.94 0 1.14552 1.78797 1.70139
37.96 0 1.17719 1.73228 1.59503
37.98 0 0.969647 1.58822 1.66963
38 0 0.509513 1.23694 1.72805
38.02 0 0.117259 0.798188 1.73782
38.04 0 -0.0871655 0.406358 1.54394
38.06 0 -0.212668 0.14306 1.00438
38.08 0 -0.320354 -0.171737 0.0871639
38.1 0 -0.0830263 -0.34797 -0.71669
38.12 0 0.283425 -0.330361 -1.22682
38.14 0 0.224485 -0.420441 -1.64535
38.16 0 -0.252209 -0.845187 -1.96952
38.18 0 -0.504583 -1.2516 -1.83575
38.2 0 -0.641463 -1.36514 -1.43802
38.22 0 -0.821825 -1.23821 -1.13339
38.24 0 -0.927435 -1.09931 -1.02531
38.26 0 -0.965846 -1.27167 -1.23051
38.28 0 -0.661394 -1.38305 -1.45708
38.3 0 -0.21941 -1.06361 -1.58416
38.32 0 -0.066701 -0.614012 -1.71406
38.34 0 -0.10483 -0.445867 -1.66404
38.36 0 -0.074793 -0.538942 -1.22046
38.38 0 -0.184133 -0.68226 -0.663346
38.4 0 -0.300673 -0.467064 -0.0815966
38.42 0 -0.391491 -0.0801955 0.341029
38.44 0 -0.243091 0.168652 0.609329
38.46 0 0.139418 0.334465 0.787791
38.48 0 0.437722 0.566467 0.809844
38.5 0 0.558418 1.00069 0.874896
38.52 0 0.563919 1.13987 0.959661
38.54 0 0.551482 0.94747 1.12997
38.56 0 0.638749 0.932022 1.49324
38.58 0 0.441134 0.998328 1.62543
38.6 0 0.135185 0.942111 1.50503
38.62 0 0.325975 0.99582 1.60038
38.64 0 0.681111 1.10021 1.69237
38.66 0 0.653971 1.13351 1.46232
38.68 0 0.348914 0.954373 1.01991
38.7 0 0.265536 0.664599 0.768087
38.72 0 0.317177 0.361507 0.634513
38.74 0 0.0944065 0.121626 0.336586
38.76 0 -0.199971 -0.0616861 -0.0457594
38.78 0 -0.358897 -0.398307 -0.45674
38.8 0 -0.203019 -0.617217 -0.688267
38.82 0 -0.224632 -0.773875 -1.05197
38.84 0 -0.34606 -0.785343 -1.39009
38.86 0 -0.449292 -0.893975 -1.61452
38.88 0 -0.476678 -1.17496 -1.71809
38.9 0 -0.432211 -1.21742 -1.60334
38.92 0 -0.584264 -1.15497 -1.5585
38.94 0 -0.722339 -1.11228 -1.51787
38.96 0 -0.570563 -1.06396 -1.32485
38.98 0 -0.170415 -0.749825 -0.932072
39 0 -0.0983141 -0.43888 -0.760728
39.02 0 -0.274593 -0.3148 -0.733586
39.04 0 -0.276757 -0.380838 -0.573468
39.06 0 -0.133933 -0.443541 -0.315161
39.08 0 -0.00209965 -0.191972 -0.0360107
39.1 0 0.0323771 0.231138 0.185435
39.12 0 0.113659 0.541353 0.465187
39.14 0 0.317622 0.62814 0.836189
39.16 0 0.460326 0.675577 1.15686
39.18 0 0.557439 1.02015 1.48775
39.2 0 0.651094 1.47615 1.82272
39.22 0 0.726802 1.64602 2.08104
39.24 0 0.672083 1.40824 2.11702
39.26 0 0.580201 1.21837 2.05905
39.28 0 0.477121 1.20108 1.89813
39.3 0 0.249939 0.959804 1.43662
39.32 0 0.271381 0.674904 1.02236
39.34 0 0.415912 0.494049 0.676685
39.36 0 0.4654 0.528357 0.395746
39.38 0 0.233594 0.477653 0.104183
39.4 0 -0.0883433 -0.00785533 -0.21398
39.42 0 -0.171336 -0.47091 -0.316202
39.44 0 -0.24877 -0.654087 -0.439816
39.46 0 -0.401093 -0.685678 -0.777587
39.48 0 -0.502997 -0.720758 -1.15646
39.5 0 -0.406111 -0.871868 -1.3967
39.52 0 -0.327984 -1.08851 -1.58325
39.54 0 -0.339641 -1.08373 -1.65815
39.56 0 -0.304279 -0.828039 -1.5068
39.58 0 -0.486319 -0.831124 -1.41387
39.6 0 -0.648472 -1.0293 -1.24994
39.62 0 -0.62533 -1.11605 -0.980148
39.64 0 -0.590612 -1.01692 -0.855074
39.66 0 -0.628063 -0.87589 -0.97775
39.68 0 -0.345123 -0.655302 -1.00588
39.7 0 0.0690374 -0.365315 -0.868045
39.72 0 0.198363 -0.158058 -0.748181
39.74 0 -0.0272255 -0.144623 -0.657849
39.76 0 -0.27022 -0.320685 -0.462167
39.78 0 -0.24247 -0.405616 -0.0843416
39.8 0 -0.102603 -0.210933 0.256638
39.82 0 -0.062875 0.161685 0.392227
39.84 0 0.00751076 0.390869 0.400912
39.86 0 0.453766 0.683578 0.711577
39.88 0 0.809001 1.05069 1.13801
39.9 0 0.735593 1.29303 1.41283
39.92 0 0.546169 1.34036 1.66964
39.94 0 0.447355 1.18036 1.91925
39.96 0 0.401068 1.00059 2.0212
39.98 0 0.315353 0.968072 1.86894
40 0 0.290066 0.996736 1.52813
40.02 0 0.39792 0.911272 1.12765
40.04 0 0.483326 0.665702 0.690844
40.06 0 0.512834 0.542259 0.392379
40.08 0 0.348289 0.506394 0.223098
40.1 0 -0.0315857 0.138776 -0.0128632
40.12 0 -0.278688 -0.368029 -0.169909
40.14 0 -0.318701 -0.635505 -0.265912
40.16 0 -0.345701 -0.592108 -0.478156
40.18 0 -0.317453 -0.440577 -0.753122
40.2 0 -0.278843 -0.5581 -1.08344
40.22 0 -0.228844 -0.862578 -1.36451
40.24 0 -0.29674 -1.03785 -1.55314
40.26 0 -0.452087 -1.00916 -1.61393
40.28 0 -0.538497 -0.946884 -1.50052
40.3 0 -0.521186 -1.00551 -1.2976
40.32 0 -0.505733 -1.07112 -1.13989
40.34 0 -0.536998 -0.992714 -1.08503
40.36 0 -0.38098 -0.682364 -0.943112
40.38 0 -0.14619 -0.402077 -0.772813
40.4 0 0.038164 -0.19671 -0.556453
40.42 0 -0.00280481 -0.154154 -0.404372
40.44 0 -0.118302 -0.162534 -0.225935
40.46 0 -0.0170068 0.021704 0.166958
40.48 0 0.147546 0.32121 0.5908
40.5 0 0.15409 0.580322 0.872728
40.52 0 0.19479 0.687948 1.05918
40.54 0 0.398539 0.811055 1.28307
40.56 0 0.521929 0.931181 1.3733
40.58 0 0.516815 1.06075 1.35021
40.6 0 0.556444 1.14953 1.36526
40.62 0 0.712301 1.21922 1.50794
40.64 0 0.649126 1.16529 1.53935
40.66 0 0.330268 0.92249 1.35836
40.68 0 0.141998 0.668578 1.1917
40.7 0 0.137084 0.445245 1.00014
40.72 0 0.258908 0.439797 0.802577
40.74 0 0.312911 0.53052 0.527511
40.76 0 0.241102 0.451865 0.196581
40.78 0 0.161164 0.232249 0.0074177
40.8 0 0.0710697 -0.0783829 -0.0996799
40.82 0 -0.1196 -0.306233 -0.229506
40.84 0 -0.367734 -0.476716 -0.45635
40.86 0 -0.441114 -0.600424 -0.658856
40.88 0 -0.302938 -0.722631 -0.849458
40.9 0 -0.319016 -0.851649 -1.18398
40.92 0 -0.376415 -0.865461 -1.461
40.94 0 -0.366131 -0.849363 -1.54203
40.96 0 -0.29171 -0.852747 -1.41413
40.98 0 -0.341978 -0.882556 -1.24434
41 0 -0.543393 -0.936888 -1.14399
41.02 0 -0.660526 -0.981663 -1.0578
41.04 0 -0.596193 -0.998879 -0.997715
41.06 0 -0.383939 -0.836319 -0.935478
41.08 0 -0.202035 -0.553147 -0.914367
41.1 0 -0.0937852 -0.314943 -0.867521
41.12 0 0.125426 -0.104089 -0.58209
41.14 0 0.213204 0.044415 -0.196867
41.16 0 0.102138 0.176723 0.193486
41.18 0 -0.0463239 0.265698 0.560911
41.2 0 -0.0634016 0.291732 0.865365
41.22 0 0.0729762 0.387089 1.06537
41.24 0 0.231275 0.590604 1.08494
41.26 0 0.387687 0.861942 1.028
41.28 0 0.556339 1.03414 1.01419
41.3 0 0.73094 1.08117 1.11565
41.32 0 0.694012 1.03177 1.20576
41.34 0 0.455297 0.980818 1.27936
41.36 0 0.23792 0.867434 1.35356
41.38 0 0.151821 0.661138 1.36127
41.4 0 0.157791 0.523689 1.23963
41.42 0 0.140672 0.475829 0.914322
41.44 0 0.172885 0.451502 0.510262
41.46 0 0.240247 0.3268 0.12967
41.48 0 0.23425 0.103849 -0.189453
41.5 0 0.0811563 -0.13081 -0.438113
41.52 0 -0.165936 -0.363893 -0.619173
41.54 0 -0.397788 -0.640182 -0.765047
41.56 0 -0.494287 -0.907067 -0.911136
41.58 0 -0.518224 -1.0083 -1.08882
41.6 0 -0.493803 -0.936826 -1.27424
41.62 0 -0.3866 -0.816491 -1.37599
41.64 0 -0.301991 -0.824816 -1.42368
41.66 0 -0.294968 -0.891309 -1.40234
41.68 0 -0.33063 -0.850763 -1.26272
41.7 0 -0.393029 -0.748541 -1.05849
41.72 0 -0.428363 -0.693275 -0.849205
41.74 0 -0.369985 -0.64723 -0.646904
41.76 0 -0.194915 -0.470214 -0.442492
41.78 0 -0.0669974 -0.17584 -0.289576
41.8 0 0.0613625 0.122181 -0.103778
41.82 0 0.189326 0.291604 0.148917
41.84 0 0.24397 0.34395 0.418658
41.86 0 0.208562 0.416877 0.674183
41.88 0 0.157518 0.534647 0.893291
41.9 0 0.169468 0.66135 1.08783
41.92 0 0.288367 0.745934 1.23262
41.94 0 0.422736 0.827378 1.28048
41.96 0 0.474619 0.908286 1.20843
41.98 0 0.47841 0.947331 1.09898
42 0 0.502571 0.928036 1.05858
42.02 0 0.4681 0.829243 1.04247
42.04 0 0.339073 0.689844 0.993187
42.06 0 0.193053 0.558754 0.910977
42.08 0 0.092059 0.425315 0.784737
42.1 0 0.0420541 0.275695 0.58981
42.12 0 0.0549765 0.142344 0.334552
42.14 0 0.0610487 0.0493661 0.0331697
42.16 0 0.016705 -0.0627703 -0.286433
42.18 0 -0.0397946 -0.21547 -0.537985
42.2 0 -0.116823 -0.40801 -0.709718
42.22 0 -0.240369 -0.589469 -0.832549
42.24 0 -0.351034 -0.719566 -0.923347
42.26 0 -0.415701 -0.790086 -0.995832
42.28 0 -0.454522 -0.829412 -1.07018
42.3 0 -0.454388 -0.862008 -1.13986
42.32 0 -0.419157 -0.873919 -1.18796
42.34 0 -0.347688 -0.827543 -1.18779
42.36 0 -0.279763 -0.713631 -1.12415
42.38 0 -0.252407 -0.606797 -1.01305
42.4 0 -0.226586 -0.520609 -0.826009
42.42 0 -0.181481 -0.444279 -0.590871
42.44 0 -0.152953 -0.327861 -0.358839
42.46 0 -0.128421 -0.16101 -0.145141
42.48 0 -0.0568137 0.00859833 0.0612993
42.5 0 0.0620278 0.154458 0.258663
42.52 0 0.163613 0.293308 0.423859
42.54 0 0.225201 0.4422 0.565363
42.56 0 0.267504 0.569477 0.706282
42.58 0 0.314787 0.649935 0.859084
42.6 0 0.333205 0.699148 0.998435
42.62 0 0.322322 0.728325 1.09061
42.64 0 0.315898 0.741632 1.12543
42.66 0 0.326307 0.738603 1.10188
42.68 0 0.333204 0.720739 1.025
42.7 0 0.334743 0.686066 0.917946
42.72 0 0.312038 0.620134 0.793331
42.74 0 0.242395 0.514461 0.658149
42.76 0 0.166059 0.367961 0.519713
42.78 0 0.089957 0.211094 0.366943
42.8 0 0.0142861 0.0705878 0.183894
42.82 0 -0.0516911 -0.0535883 -0.0273881
42.84 0 -0.0910571 -0.176294 -0.246324
42.86 0 -0.112854 -0.294193 -0.451035
42.88 0 -0.144522 -0.398317 -0.631044
42.9 0 -0.199738 -0.490043 -0.775993
42.92 0 -0.259173 -0.578376 -0.872304
42.94 0 -0.296346 -0.661255 -0.922775
42.96 0 -0.331159 -0.708142 -0.946094
42.98 0 -0.366756 -0.710377 -0.951589
43 0 -0.368323 -0.692484 -0.932165
43.02 0 -0.318985 -0.66505 -0.88711
43.04 0 -0.257928 -0.600935 -0.825684
43.06 0 -0.199155 -0.495646 -0.74636
43.08 0 -0.149738 -0.375302 -0.634167
43.1 0 -0.103079 -0.267097 -0.473028
43.12 0 -0.0616941 -0.171856 -0.271316
43.14 0 -0.0332239 -0.0693119 -0.056911
43.16 0 -0.0106134 0.0490389 0.144423
43.18 0 0.0317055 0.169304 0.320809
43.2 0 0.103014 0.282922 0.468062
43.22 0 0.184212 0.393899 0.582444
43.24 0 0.249645 0.501558 0.668298
43.26 0 0.292873 0.586594 0.740266
43.28 0 0.315465 0.630423 0.808908
43.3 0 0.314598 0.637211 0.869334
43.32 0 0.290021 0.623664 0.904755
43.34 0 0.249049 0.598563 0.900925
43.36 0 0.216462 0.555469 0.854172
43.38 0 0.203173 0.493335 0.764204
43.4 0 0.194833 0.423926 0.632433
43.42 0 0.173693 0.352078 0.470241
43.44 0 0.138694 0.265408 0.300517
43.46 0 0.0934957 0.153279 0.142543
43.48 0 0.0340827 0.0244381 -0.000705099
43.5 0 -0.0410367 -0.102103 -0.136588
43.52 0 -0.11692 -0.217282 -0.270333
43.54 0 -0.172828 -0.321224 -0.401974
43.56 0 -0.202632 -0.409487 -0.530207
43.58 0 -0.217201 -0.473296 -0.651484
43.6 0 -0.227217 -0.512915 -0.754555
43.62 0 -0.234691 -0.53926 -0.822837
43.64 0 -0.239532 -0.559618 -0.845874
43.66 0 -0.249027 -0.567744 -0.826313
43.68 0 -0.257333 -0.55625 -0.77388
43.7 0 -0.254089 -0.521471 -0.699286
43.72 0 -0.229655 -0.463896 -0.61064
43.74 0 -0.18584 -0.384316 -0.512824
43.76 0 -0.130142 -0.286666 -0.405881
43.78 0 -0.0724946 -0.179132 -0.285803
43.8 0 -0.0193556 -0.0720947 -0.148507
43.82 0 0.0245154 0.0282787 0.0045432
43.84 0 0.0584207 0.121247 0.164706
43.86 0 0.0860505 0.208476 0.319089
43.88 0 0.115064 0.290194 0.455215
43.9 0 0.150192 0.365563 0.563923
43.92 0 0.189945 0.432913 0.641127
43.94 0 0.227288 0.488751 0.688548
43.96 0 0.254743 0.526888 0.712483
43.98 0 0.264271 0.538842 0.717163
44 0 0.257927 0.528445 0.710936
44.02 0 0.230187 0.495792 0.688683
44.04 0 0.192549 0.442832 0.646208
44.06 0 0.155105 0.375235 0.577534
44.08 0 0.122552 0.301311 0.478171
44.1 0 0.0940824 0.226375 0.350168
44.12 0 0.0685853 0.148544 0.204126
