0.01 0 -0.00319067 -0.0034337 -0.00334415
0.02 0 -0.00253309 -0.00349875 -0.00319388
0.03 0 -0.00172346 -0.00357445 -0.00317334
0.04 0 -0.00107921 -0.00344662 -0.0033799
0.05 0 -5.43882e-05 -0.00227047 -0.00307222
0.06 0 0.00123437 -0.000160889 -0.00218513
0.07 0 0.00225206 0.00207002 -0.00111263
0.08 0 0.00262281 0.00358452 -0.000186903
0.09 0 0.00133151 0.00284749 -0.000540369
0.1 0 -0.00139483 -0.000346247 -0.00224729
0.11 0 -0.0042433 -0.00478733 -0.00438972
0.12 0 -0.00571445 -0.0085023 -0.00576083
0.13 0 -0.00361413 -0.00816908 -0.00410957
0.14 0 -0.000494901 -0.00505077 -0.00156447
0.15 0 0.00108848 -0.00130693 -0.000273568
0.16 0 0.00156932 0.00249662 0.000278232
0.17 0 0.00312884 0.00689702 0.00217434
0.18 0 0.00254991 0.00736921 0.00208978
0.19 0 0.000180051 0.00370741 0.000179627
0.2 0 -0.000586156 -0.000120221 -0.000309298
0.21 0 -0.00222309 -0.00505089 -0.00183215
0.22 0 0.00120713 -0.003261 0.00180097
0.23 0 0.00568775 0.00277299 0.0071101
0.24 0 0.0108199 0.0128763 0.0142288
0.25 0 0.0194137 0.0287909 0.0264424
0.26 0 0.0254374 0.0427816 0.0381424
0.27 0 0.0215873 0.0450965 0.0417626
0.28 0 0.00579924 0.0304322 0.0336029
0.29 0 -0.0131716 0.00505374 0.0197339
0.3 0 -0.0171616 -0.011412 0.0163971
0.31 0 -0.0110918 -0.0174964 0.018997
0.32 0 -0.00613054 -0.0174007 0.0180528
0.33 0 0.00223313 -0.00398589 0.0196415
0.34 0 0.0177014 0.0241613 0.0288642
0.35 0 0.0313088 0.0527554 0.0381813
0.36 0 0.023502 0.0548794 0.0283202
0.37 0 -0.00171851 0.0267564 0.00127567
0.38 0 -0.0349783 -0.0262501 -0.0370589
0.39 0 -0.0638473 -0.088324 -0.0772962
0.4 0 -0.0722578 -0.132293 -0.104087
0.41 0 -0.0701494 -0.154125 -0.125406
0.42 0 -0.0565387 -0.143927 -0.137019
0.43 0 -0.0319788 -0.10282 -0.13598
0.44 0 -0.0119122 -0.0558937 -0.134757
0.45 0 0.00690041 -0.0138418 -0.128106
0.46 0 0.0322306 0.0215474 -0.106054
0.47 0 0.0590502 0.0462865 -0.0701496
0.48 0 0.0814905 0.0648451 -0.0223119
0.49 0 0.0792361 0.0683778 0.0188669
0.5 0 0.0271391 0.0333664 0.0237547
0.51 0 -0.0516435 -0.0289238 0.00345216
0.52 0 -0.102017 -0.0778561 -0.00125747
0.53 0 -0.099396 -0.0903797 0.025802
0.54 0 -0.0683477 -0.0771409 0.0604831
0.55 0 -0.0297997 -0.0416874 0.0876457
0.56 0 0.00542068 0.0125763 0.102976
0.57 0 0.0102285 0.0493223 0.0830204
0.58 0 0.00564623 0.0681428 0.0487065
0.59 0 0.0422441 0.103808 0.0518018
0.6 0 0.107144 0.148482 0.0871966
0.61 0 0.145048 0.16686 0.110896
0.62 0 0.171706 0.193234 0.147126
0.63 0 0.183649 0.231528 0.195667
0.64 0 0.131532 0.222367 0.202538
0.65 0 -0.0034231 0.117311 0.132559
0.66 0 -0.162201 -0.0598263 0.019444
0.67 0 -0.275336 -0.253454 -0.0901516
0.68 0 -0.283232 -0.378151 -0.144698
0.69 0 -0.166742 -0.354994 -0.112416
0.7 0 -0.0345481 -0.234495 -0.0758406
0.71 0 0.0145842 -0.106319 -0.112597
0.72 0 -0.0107776 -0.0171371 -0.21022
0.73 0 -0.0614437 -0.0020212 -0.328284
0.74 0 -0.0535581 -0.0303843 -0.388991
0.75 0 0.0652827 -0.0284466 -0.328454
0.76 0 0.259174 0.0577487 -0.151237
0.77 0 0.399573 0.198052 0.0490051
0.78 0 0.375005 0.31259 0.173248
0.79 0 0.183549 0.332185 0.194133
0.8 0 -0.0704988 0.235548 0.161266
0.81 0 -0.309524 -0.00170883 0.093033
0.82 0 -0.439475 -0.297802 0.0438999
0.83 0 -0.450625 -0.555175 0.0158327
0.84 0 -0.374313 -0.670033 -0.00353962
0.85 0 -0.276083 -0.608231 -0.0509977
0.86 0 -0.161435 -0.368879 -0.108439
0.87 0 -0.00995679 -0.0139161 -0.139064
0.88 0 0.183466 0.348114 -0.120397
0.89 0 0.405605 0.628373 -0.0388427
0.9 0 0.602672 0.774897 0.0885794
0.91 0 0.695772 0.775604 0.218414
0.92 0 0.649615 0.676782 0.332353
0.93 0 0.435938 0.492365 0.386989
0.94 0 0.069663 0.211425 0.345371
0.95 0 -0.318437 -0.110463 0.26136
0.96 0 -0.533873 -0.341129 0.257627
0.97 0 -0.520069 -0.417519 0.354508
0.98 0 -0.370266 -0.362085 0.464736
0.99 0 -0.219597 -0.235909 0.482597
1 0 -0.129341 -0.0848759 0.375682
1.01 0 -0.0293023 0.109512 0.234709
1.02 0 0.110527 0.303625 0.110808
1.03 0 0.256016 0.418989 -0.000510526
1.04 0 0.370674 0.426996 -0.0995214
1.05 0 0.407835 0.33038 -0.199208
1.06 0 0.372842 0.194129 -0.273409
1.07 0 0.264803 0.0553298 -0.321559
1.08 0 0.119844 -0.0505253 -0.32613
1.09 0 0.0326607 -0.057275 -0.222219
1.1 0 0.0430121 0.0471455 0.00357679
1.11 0 0.0948156 0.195754 0.279087
1.12 0 0.131009 0.329982 0.536646
1.13 0 0.11363 0.405106 0.725276
1.14 0 -0.0173212 0.338455 0.762832
1.15 0 -0.263151 0.0897858 0.613392
1.16 0 -0.551253 -0.305215 0.308526
1.17 0 -0.720878 -0.686774 -0.0203191
1.18 0 -0.703531 -0.92928 -0.302532
1.19 0 -0.563306 -1.00434 -0.566028
1.2 0 -0.290231 -0.824402 -0.742155
1.21 0 0.072212 -0.406145 -0.804848
1.22 0 0.371073 0.0587381 -0.841689
1.23 0 0.552583 0.42467 -0.860988
1.24 0 0.64789 0.628698 -0.808392
1.25 0 0.70165 0.680317 -0.629212
1.26 0 0.643973 0.552671 -0.393565
1.27 0 0.393687 0.243574 -0.205266
1.28 0 -0.00597199 -0.150489 -0.0781654
1.29 0 -0.430438 -0.506031 0.0266347
1.3 0 -0.76576 -0.750485 0.130474
1.31 0 -0.943725 -0.863453 0.226251
1.32 0 -0.906276 -0.809249 0.332872
1.33 0 -0.684995 -0.603903 0.424101
1.34 0 -0.362095 -0.292781 0.46087
1.35 0 -0.0516597 0.0344932 0.39174
1.36 0 0.138241 0.254571 0.169081
1.37 0 0.1968 0.303929 -0.173799
1.38 0 0.187418 0.193768 -0.544562
1.39 0 0.183986 -0.00629744 -0.844458
1.4 0 0.191237 -0.231081 -1.04089
1.41 0 0.173897 -0.421661 -1.14358
1.42 0 0.121214 -0.515824 -1.15177
1.43 0 0.0743542 -0.458009 -1.03248
1.44 0 0.0368887 -0.289947 -0.806757
1.45 0 -0.0662477 -0.170749 -0.587519
1.46 0 -0.19991 -0.152875 -0.386659
1.47 0 -0.265158 -0.180394 -0.147668
1.48 0 -0.286397 -0.250561 0.0798243
1.49 0 -0.347114 -0.378288 0.199723
1.5 0 -0.436274 -0.496642 0.210887
1.51 0 -0.476969 -0.515011 0.176847
1.52 0 -0.36937 -0.351506 0.194362
1.53 0 -0.11851 -0.0328732 0.277831
1.54 0 0.213079 0.368964 0.407207
1.55 0 0.505442 0.732587 0.515604
1.56 0 0.659199 0.949726 0.548341
1.57 0 0.649704 0.972661 0.502706
1.58 0 0.565594 0.868922 0.466555
1.59 0 0.46631 0.704415 0.48685
1.6 0 0.336984 0.50115 0.531422
1.61 0 0.188505 0.313243 0.587967
1.62 0 0.0531213 0.196598 0.659365
1.63 0 -0.0247226 0.19017 0.759405
1.64 0 -0.0655801 0.243611 0.841365
1.65 0 -0.0913181 0.292205 0.864009
1.66 0 -0.054125 0.348858 0.866527
1.67 0 0.038316 0.400857 0.849011
1.68 0 0.12255 0.408817 0.769687
1.69 0 0.129856 0.332558 0.583533
1.7 0 0.0418505 0.161749 0.286104
1.71 0 -0.092373 -0.0696732 -0.0716477
1.72 0 -0.182707 -0.287684 -0.400711
1.73 0 -0.164174 -0.416686 -0.626785
1.74 0 -0.051421 -0.428034 -0.738765
1.75 0 0.0949161 -0.330683 -0.761872
1.76 0 0.201167 -0.174708 -0.739201
1.77 0 0.264118 0.0139542 -0.659135
1.78 0 0.299105 0.196896 -0.507529
1.79 0 0.349536 0.369299 -0.250468
1.8 0 0.408099 0.511397 0.0946175
1.81 0 0.466929 0.64193 0.510534
1.82 0 0.485106 0.761983 0.94295
1.83 0 0.395799 0.824408 1.29805
1.84 0 0.190953 0.792421 1.52003
1.85 0 -0.0994551 0.626478 1.57384
1.86 0 -0.417001 0.311252 1.44908
1.87 0 -0.619981 -0.0416155 1.23594
1.88 0 -0.648272 -0.328415 0.980606
1.89 0 -0.561591 -0.512448 0.650022
1.9 0 -0.403112 -0.546858 0.254136
1.91 0 -0.225592 -0.452324 -0.197305
1.92 0 -0.0810909 -0.321583 -0.697191
1.93 0 0.0612634 -0.205458 -1.16202
1.94 0 0.212775 -0.155072 -1.52875
1.95 0 0.3847 -0.155148 -1.73058
1.96 0 0.54126 -0.167722 -1.74787
1.97 0 0.577736 -0.201141 -1.64625
1.98 0 0.436698 -0.261425 -1.48189
1.99 0 0.112889 -0.386533 -1.30819
2 0 -0.286418 -0.567768 -1.1068
2.01 0 -0.574348 -0.713582 -0.79091
2.02 0 -0.65997 -0.755389 -0.346108
2.03 0 -0.597267 -0.68619 0.135573
2.04 0 -0.471419 -0.501605 0.559813
2.05 0 -0.427418 -0.306001 0.778942
2.06 0 -0.57233 -0.265389 0.667501
2.07 0 -0.867717 -0.482223 0.224514
2.08 0 -1.13497 -0.911599 -0.410405
2.09 0 -1.2015 -1.40305 -1.06757
2.1 0 -1.0323 -1.79335 -1.65675
2.11 0 -0.630219 -1.86365 -2.07306
2.12 0 -0.130409 -1.55089 -2.31943
2.13 0 0.394195 -0.859427 -2.347
2.14 0 0.995335 0.182629 -2.0095
2.15 0 1.51552 1.2522 -1.39914
2.16 0 1.85435 2.08217 -0.585708
2.17 0 1.93687 2.50137 0.346033
2.18 0 1.62457 2.36682 1.19835
2.19 0 0.941508 1.75438 1.87611
2.2 0 -0.0374427 0.792417 2.27714
2.21 0 -1.06901 -0.256158 2.43232
2.22 0 -1.85534 -1.10011 2.4368
2.23 0 -2.20777 -1.55216 2.33706
2.24 0 -2.0339 -1.49549 2.1793
2.25 0 -1.33613 -0.883461 2.02387
2.26 0 -0.282628 0.166228 1.86184
2.27 0 0.798128 1.33444 1.57959
2.28 0 1.61308 2.28023 1.11121
2.29 0 2.086 2.80582 0.552376
2.3 0 2.26812 2.81894 0.0355249
2.31 0 2.11947 2.30271 -0.409203
2.32 0 1.56661 1.29737 -0.851033
2.33 0 0.907368 0.273116 -1.03647
2.34 0 0.324212 -0.401187 -0.843122
2.35 0 -0.243934 -0.793639 -0.493161
2.36 0 -0.735747 -0.909069 -0.0630874
2.37 0 -0.999221 -0.763957 0.450274
2.38 0 -1.0373 -0.499218 0.946926
2.39 0 -0.959696 -0.307961 1.26149
2.4 0 -0.859283 -0.274198 1.29987
2.41 0 -0.688037 -0.293212 1.13742
2.42 0 -0.385628 -0.206473 0.900148
2.43 0 0.00684755 0.0341631 0.635002
2.44 0 0.426743 0.418061 0.382686
2.45 0 0.853903 0.913193 0.220006
2.46 0 1.24282 1.42513 0.188608
2.47 0 1.47757 1.77697 0.236293
2.48 0 1.41032 1.7703 0.242686
2.49 0 0.999387 1.32394 0.139498
2.5 0 0.3055 0.480088 -0.0921959
2.51 0 -0.422731 -0.495256 -0.317755
2.52 0 -0.963059 -1.34497 -0.454113
2.53 0 -1.30936 -1.91151 -0.549021
2.54 0 -1.58987 -2.23801 -0.772216
2.55 0 -1.79662 -2.35819 -1.15533
2.56 0 -1.81032 -2.28951 -1.60474
2.57 0 -1.56011 -2.08588 -2.02972
2.58 0 -0.974512 -1.70364 -2.27878
2.59 0 -0.120431 -1.10209 -2.2726
2.6 0 0.673991 -0.438667 -2.1639
2.61 0 1.13263 0.0947816 -2.10158
2.62 0 1.11744 0.367503 -2.12651
2.63 0 0.714199 0.282861 -2.18704
2.64 0 0.201552 -0.071442 -2.09812
2.65 0 -0.128811 -0.478056 -1.68079
2.66 0 -0.244104 -0.772712 -0.972989
2.67 0 -0.358242 -0.948338 -0.238771
2.68 0 -0.680298 -1.06737 0.252939
2.69 0 -1.22495 -1.21042 0.37735
2.7 0 -1.74849 -1.37099 0.238215
2.71 0 -1.92067 -1.4595 0.054389
2.72 0 -1.52072 -1.31003 0.035217
2.73 0 -0.68381 -0.879043 0.154952
2.74 0 0.300266 -0.160289 0.317708
2.75 0 1.14455 0.770238 0.438766
2.76 0 1.7192 1.77672 0.537836
2.77 0 2.03865 2.66409 0.702255
2.78 0 2.08491 3.13927 0.922585
2.79 0 1.93148 3.09576 1.23931
2.8 0 1.62197 2.59191 1.64369
2.81 0 1.06416 1.71494 1.97188
2.82 0 0.0406069 0.441238 1.88747
2.83 0 -1.16618 -0.882342 1.48986
2.84 0 -2.11854 -1.88787 1.01176
2.85 0 -2.49543 -2.35582 0.623302
2.86 0 -2.30566 -2.33496 0.27329
2.87 0 -1.68723 -1.92512 -0.103637
2.88 0 -0.801273 -1.21159 -0.50773
2.89 0 0.225991 -0.242757 -0.842871
2.9 0 1.20471 0.849148 -1.04298
2.91 0 2.02986 1.82124 -1.08265
2.92 0 2.51197 2.44318 -0.996859
2.93 0 2.57313 2.58332 -0.803135
2.94 0 2.24696 2.28908 -0.468881
2.95 0 1.56652 1.62046 -0.0549374
2.96 0 0.662393 0.761554 0.419209
2.97 0 -0.248894 -0.0295819 0.980323
2.98 0 -1.06092 -0.61256 1.55363
2.99 0 -1.60318 -0.944714 2.06057
3 0 -1.86893 -1.05356 2.37916
3.01 0 -1.85362 -0.991732 2.4304
3.02 0 -1.54283 -0.743407 2.24444
3.03 0 -0.956035 -0.316156 1.87915
3.04 0 -0.197507 0.246312 1.38718
3.05 0 0.565653 0.822331 0.785465
3.06 0 1.21902 1.33021 0.156242
3.07 0 1.72054 1.73056 -0.369147
3.08 0 2.0972 2.01826 -0.649103
3.09 0 2.33203 2.18852 -0.617262
3.1 0 2.30615 2.21161 -0.322862
3.11 0 1.9578 2.02495 0.124617
3.12 0 1.29925 1.61461 0.630455
3.13 0 0.45318 1.0161 1.13482
3.14 0 -0.518423 0.204941 1.48837
3.15 0 -1.48866 -0.768117 1.59311
3.16 0 -2.23603 -1.71101 1.47107
3.17 0 -2.54979 -2.37288 1.19902
3.18 0 -2.4667 -2.58889 0.778619
3.19 0 -2.03745 -2.34357 0.209666
3.2 0 -1.36936 -1.73246 -0.481813
3.21 0 -0.581454 -0.966929 -1.25676
3.22 0 0.271119 -0.200026 -1.97744
3.23 0 1.13896 0.445421 -2.51133
3.24 0 1.76787 0.829994 -2.8725
3.25 0 1.97381 0.852678 -3.10651
3.26 0 1.66622 0.494983 -3.24351
3.27 0 0.958347 -0.165589 -3.244
3.28 0 0.135684 -0.933418 -2.99499
3.29 0 -0.606692 -1.58142 -2.44301
3.3 0 -1.19259 -2.01934 -1.69299
3.31 0 -1.65335 -2.24317 -0.930313
3.32 0 -2.04441 -2.33338 -0.356558
3.33 0 -2.36349 -2.36938 -0.088336
3.34 0 -2.52398 -2.38876 -0.128979
3.35 0 -2.44212 -2.38977 -0.422691
3.36 0 -2.03741 -2.283 -0.843104
3.37 0 -1.33292 -1.97674 -1.28753
3.38 0 -0.356719 -1.42811 -1.67339
3.39 0 0.660614 -0.533392 -1.89558
3.4 0 1.54771 0.559542 -1.93651
3.41 0 2.05421 1.52728 -1.87414
3.42 0 2.154 2.08685 -1.69825
3.43 0 1.9058 2.10507 -1.36311
3.44 0 1.3214 1.4924 -0.959413
3.45 0 0.504195 0.447427 -0.509192
3.46 0 -0.23586 -0.532848 0.131306
3.47 0 -0.852389 -1.17626 0.855276
3.48 0 -1.32831 -1.3689 1.51945
3.49 0 -1.56107 -1.07757 2.08735
3.5 0 -1.53396 -0.495003 2.47163
3.51 0 -1.31335 0.113651 2.59124
3.52 0 -0.834713 0.602565 2.50039
3.53 0 -0.1779 0.922778 2.23327
3.54 0 0.550407 1.13723 1.84578
3.55 0 1.19101 1.37856 1.40999
3.56 0 1.54487 1.72484 0.980993
3.57 0 1.61186 2.10653 0.659183
3.58 0 1.75573 2.3882 0.604337
3.59 0 2.05025 2.55222 0.877877
3.6 0 2.41686 2.64342 1.43079
3.61 0 2.54929 2.75569 2.11057
3.62 0 2.32089 2.8692 2.7628
3.63 0 1.78552 2.95005 3.35312
3.64 0 1.08257 2.94662 3.90972
3.65 0 0.426937 2.77311 4.44065
3.66 0 0.02126 2.43618 4.9651
3.67 0 -0.0723291 2.04448 5.421
3.68 0 0.00631439 1.71339 5.64975
3.69 0 0.0179974 1.51761 5.48006
3.7 0 -0.045906 1.48372 4.9103
3.71 0 -0.0783743 1.54845 4.03934
3.72 0 0.0414844 1.60308 3.01511
3.73 0 0.39202 1.59072 1.99968
3.74 0 0.951015 1.5337 1.11664
3.75 0 1.57619 1.50252 0.416115
3.76 0 2.17944 1.56984 -0.0706919
3.77 0 2.54224 1.71579 -0.409259
3.78 0 2.52561 1.8362 -0.66261
3.79 0 2.50337 1.69129 -0.863689
3.8 0 2.15117 1.13278 -1.19083
3.81 0 1.19149 0.128215 -1.82129
3.82 0 -0.17452 -1.15392 -2.6164
3.83 0 -1.35671 -2.23759 -3.10842
3.84 0 -2.11982 -2.98123 -3.18764
3.85 0 -2.51784 -3.49824 -3.04934
3.86 0 -2.69833 -3.74636 -2.82237
3.87 0 -2.72521 -3.71158 -2.59759
3.88 0 -2.65082 -3.44635 -2.44276
3.89 0 -2.56093 -3.12097 -2.45153
3.9 0 -2.58605 -3.0023 -2.75641
3.91 0 -2.70734 -3.19781 -3.3337
3.92 0 -2.74804 -3.57725 -3.98608
3.93 0 -2.56969 -3.92219 -4.52406
3.94 0 -2.13002 -4.19266 -4.96465
3.95 0 -1.69712 -4.32256 -5.42473
3.96 0 -1.38008 -4.22966 -5.90515
3.97 0 -1.24081 -3.94327 -6.37819
3.98 0 -1.31125 -3.67493 -6.85474
3.99 0 -1.58701 -3.68892 -7.34078
4 0 -2.0167 -4.16161 -7.82206
4.01 0 -2.48127 -5.00219 -8.20388
4.02 0 -2.67231 -5.70874 -8.16934
4.03 0 -2.39316 -5.73123 -7.47927
4.04 0 -1.27428 -4.35744 -5.69218
4.05 0 0.650053 -1.43036 -2.75691
4.06 0 1.49132 1.00838 -0.535523
4.07 0 1.17647 2.32182 0.814587
4.08 0 0.620011 2.93799 2.10857
4.09 0 0.277903 2.98719 3.52122
4.1 0 0.0428554 2.50495 4.79186
4.11 0 -0.354855 1.52803 5.56237
4.12 0 -0.866667 0.561727 5.82464
4.13 0 -1.21048 0.175954 5.80581
4.14 0 -1.19749 0.569323 5.65739
4.15 0 -0.661384 1.5237 5.44086
4.16 0 0.744555 2.57939 5.1644
4.17 0 2.42084 3.64854 4.76033
4.18 0 3.82993 4.62278 4.15109
4.19 0 4.48142 5.41497 3.34929
4.2 0 4.3165 5.62667 2.35657
4.21 0 2.63995 3.9735 0.325671
4.22 0 0.274201 0.918531 -2.09304
4.23 0 -0.944586 -1.62941 -3.21635
4.24 0 -1.2768 -3.41214 -3.38607
4.25 0 -1.59524 -4.44663 -3.34855
4.26 0 -1.86895 -4.46416 -3.17306
4.27 0 -1.91603 -3.46417 -2.74518
4.28 0 -1.43389 -1.63673 -1.83608
4.29 0 -0.270861 0.648208 -0.330703
4.3 0 1.23864 2.70695 1.43252
4.31 0 2.06397 3.50817 2.51126
4.32 0 2.12176 3.18371 2.89337
4.33 0 1.81906 2.44141 2.99478
4.34 0 1.38682 1.78382 3.01919
4.35 0 1.14892 1.64964 3.26532
4.36 0 1.61235 2.55455 4.20538
4.37 0 2.59696 4.28132 5.69349
4.38 0 3.17639 5.82406 6.88662
4.39 0 3.19297 6.71021 7.59579
4.4 0 3.25989 7.25376 8.36606
4.41 0 3.50427 7.48436 9.26726
4.42 0 3.59339 7.2338 9.94505
4.43 0 3.4223 6.6563 10.2588
4.44 0 2.98968 5.93658 10.1344
4.45 0 2.51174 5.18113 9.69641
4.46 0 1.65591 4.70636 8.79955
4.47 0 0.573955 4.25575 7.55376
4.48 0 -0.490349 3.42606 6.00822
4.49 0 -0.75108 1.979 4.36938
4.5 0 -0.15983 0.429769 2.83526
4.51 0 1.21305 -0.410769 1.52046
4.52 0 2.27283 -0.219154 0.253257
4.53 0 2.68079 0.505272 -1.15717
4.54 0 2.46614 1.32925 -2.71296
4.55 0 1.91717 1.63719 -4.16662
4.56 0 1.06698 0.734689 -5.50198
4.57 0 -0.286224 -1.5198 -6.84938
4.58 0 -1.64876 -4.23157 -7.76724
4.59 0 -2.78828 -6.5519 -8.27296
4.6 0 -3.97823 -8.29955 -8.70492
4.61 0 -5.28246 -9.47263 -9.20466
4.62 0 -6.56426 -10.1077 -9.7569
4.63 0 -7.61619 -10.3992 -10.3082
4.64 0 -8.33638 -10.6746 -10.8933
4.65 0 -8.59169 -11.0625 -11.455
4.66 0 -8.0517 -11.6424 -11.9851
4.67 0 -7.14144 -12.3662 -12.7893
4.68 0 -6.40491 -12.9791 -14.0745
4.69 0 -5.84415 -12.7989 -15.4369
4.7 0 -5.20869 -11.4245 -16.3382
4.71 0 -4.3506 -9.13861 -16.5383
4.72 0 -3.44095 -7.00864 -16.1492
4.73 0 -2.73169 -5.95133 -15.4312
4.74 0 -1.95842 -5.70528 -14.1202
4.75 0 -0.695078 -5.385 -11.7524
4.76 0 0.65441 -4.67053 -8.78377
4.77 0 1.24296 -3.54485 -5.95701
4.78 0 0.877304 -1.97134 -3.49412
4.79 0 0.492639 -0.525599 -1.5183
4.8 0 0.218022 0.471862 0.39182
4.81 0 -0.765756 1.15573 2.28314
4.82 0 -2.65851 1.58153 3.91665
4.83 0 -3.49673 1.11965 5.10721
4.84 0 -3.56388 0.393388 6.0321
4.85 0 -3.09774 -0.207584 6.22306
4.86 0 -2.30881 -0.774062 6.15951
4.87 0 -1.35481 -1.00282 5.87508
4.88 0 -0.578317 -0.59958 5.21617
4.89 0 -0.0717934 0.325529 4.16934
4.9 0 0.340021 1.48903 2.90748
4.91 0 0.85692 2.59658 1.65064
4.92 0 1.64453 3.36333 0.612514
4.93 0 2.71121 3.69728 -0.114261
4.94 0 3.96565 3.76519 -0.465098
4.95 0 1.03075 5.12819 -0.559929
4.96 0 3.97623 4.99086 0.922486
4.97 0 8.39626 6.26639 4.19339
4.98 0 12.1691 8.65684 7.67533
4.99 0 12.2017 9.95542 8.55467
5 0 9.38565 10.4578 7.57294
5.01 0 6.81172 11.6099 7.3682
5.02 0 5.46635 12.7486 8.48046
5.03 0 4.82511 12.4916 10.0976
5.04 0 4.30035 10.4343 11.558
5.05 0 3.85859 7.50389 12.9285
5.06 0 3.22467 4.81505 14.0897
5.07 0 2.10648 3.13943 14.8444
5.08 0 0.557742 2.81393 15.1826
5.09 0 -1.17569 3.49101 15.1201
5.1 0 -2.44627 4.79851 14.8757
5.11 0 -2.43529 6.40928 14.7056
5.12 0 -1.17591 7.51502 14.5613
5.13 0 0.422653 7.28113 13.7098
5.14 0 1.32668 5.41749 11.4714
5.15 0 2.15419 3.53452 8.86678
5.16 0 2.93218 2.46351 6.33498
5.17 0 3.32664 2.18465 3.86494
5.18 0 3.16962 2.3003 1.44196
5.19 0 2.67463 2.46864 -0.754405
5.2 0 2.67795 2.94832 -2.01343
5.21 0 2.81021 3.02018 -2.81189
5.22 0 2.68661 2.26585 -3.57241
5.23 0 2.54365 1.14964 -4.03202
5.24 0 2.10853 -0.205339 -4.42275
5.25 0 1.20852 -1.62241 -4.90491
5.26 0 -0.194928 -3.00817 -5.57355
5.27 0 -1.74259 -4.12421 -6.17853
5.28 0 -3.15081 -4.96824 -6.58343
5.29 0 -4.3576 -5.7865 -6.87476
5.3 0 -5.18082 -6.59577 -6.99132
5.31 0 -5.41227 -7.199 -6.77898
5.32 0 -5.06597 -7.35442 -6.23006
5.33 0 -4.34559 -6.95617 -5.49525
5.34 0 -3.43353 -5.97257 -4.71059
5.35 0 -2.63497 -4.6447 -4.09673
5.36 0 -2.12744 -3.33479 -3.81122
5.37 0 -1.66069 -2.12676 -3.62406
5.38 0 -1.0284 -1.05803 -3.38349
5.39 0 -0.144792 -0.241332 -2.93788
5.4 0 0.959386 0.407529 -2.22755
5.41 0 2.05175 0.98126 -1.36397
5.42 0 2.90004 1.60743 -0.464444
5.43 0 3.318 2.28043 0.352328
5.44 0 3.21568 2.8757 1.00625
5.45 0 2.91726 3.49901 1.80658
5.46 0 2.56647 4.01019 2.80929
5.47 0 1.92262 3.88763 3.61606
5.48 0 1.09456 3.16508 4.20459
5.49 0 0.195866 2.05792 4.56844
5.5 0 -0.763991 0.829649 4.6444
5.51 0 -2.28096 0.0130118 4.48947
5.52 0 -3.37182 -0.466307 4.38801
5.53 0 -3.54213 -0.620219 4.55541
5.54 0 -2.82481 -0.758008 4.75109
5.55 0 -1.45925 -0.993666 4.86835
5.56 0 -0.0681323 -0.796429 4.76395
5.57 0 0.941939 0.0539356 4.30393
5.58 0 1.68841 1.58228 3.34961
5.59 0 2.35308 3.68339 1.61102
5.6 0 3.10393 5.60488 -0.0959065
5.61 0 4.2991 6.51717 -1.13626
5.62 0 5.80293 6.2646 -1.34467
5.63 0 7.08448 5.29777 -0.904024
5.64 0 7.46938 4.44369 -0.198841
5.65 0 6.75467 3.66037 0.31876
5.66 0 4.86583 3.03708 0.514279
5.67 0 2.30691 2.44587 0.587794
5.68 0 -0.332858 1.62493 0.745983
5.69 0 -2.55765 0.413772 1.1205
5.7 0 -4.05501 -1.20465 1.72814
5.71 0 -4.81106 -2.96831 2.42481
5.72 0 -5.09653 -4.4311 2.89058
5.73 0 -5.31035 -5.27276 2.76494
5.74 0 -5.82592 -5.64039 1.80132
5.75 0 -6.58949 -6.05266 0.0491156
5.76 0 -7.2114 -6.6031 -2.1211
5.77 0 -7.24551 -7.4515 -4.05724
5.78 0 -6.7204 -8.19468 -5.82702
5.79 0 -5.87421 -8.69428 -7.54326
5.8 0 -4.75548 -8.79078 -9.09285
5.81 0 -3.48508 -8.31912 -10.3967
5.82 0 -2.23426 -7.20755 -11.5205
5.83 0 -0.92078 -5.53001 -12.2915
5.84 0 0.675103 -3.35663 -12.4261
5.85 0 2.51016 -1.02551 -11.8932
5.86 0 4.25459 0.974345 -10.9295
5.87 0 5.52247 2.27997 -9.81133
5.88 0 6.12065 2.61919 -8.23785
5.89 0 6.07818 2.41849 -6.16834
5.9 0 5.22955 1.9597 -3.86232
5.91 0 3.3427 1.25118 -1.82845
5.92 0 0.394588 0.0733706 -0.49282
5.93 0 -2.85186 -1.34696 0.405376
5.94 0 -5.71625 -2.95135 1.08666
5.95 0 -7.90512 -4.84258 1.51572
5.96 0 -9.06248 -6.66218 1.90768
5.97 0 -9.33233 -8.14755 2.11628
5.98 0 -9.12073 -9.11407 1.84353
5.99 0 -8.59326 -9.17356 0.993217
6 0 -7.71366 -8.08032 -0.457977
6.01 0 -6.19178 -6.01013 -2.0618
6.02 0 -3.61516 -3.16281 -3.18632
6.03 0 -0.320349 -0.315162 -3.83002
6.04 0 2.83566 1.69126 -4.43921
6.05 0 5.40318 2.80156 -5.04465
6.06 0 7.40417 3.61604 -5.26951
6.07 0 8.59576 4.38405 -5.09094
6.08 0 8.79612 5.04953 -4.54117
6.09 0 8.0381 5.46137 -3.66016
6.1 0 6.51716 5.38472 -2.50235
6.11 0 4.63086 4.80051 -1.06797
6.12 0 2.7275 3.83322 0.546838
6.13 0 1.01914 2.71118 2.18745
6.14 0 -0.497696 1.58464 3.7506
6.15 0 -1.84621 0.281922 5.20885
6.16 0 -3.10925 -1.01023 6.28889
6.17 0 -4.28223 -2.10858 6.90473
6.18 0 -5.32358 -2.91822 7.00612
6.19 0 -6.09773 -3.47011 6.68551
6.2 0 -6.41027 -3.60194 6.05085
6.21 0 -6.00953 -3.09205 5.09487
6.22 0 -4.8107 -2.11217 3.92596
6.23 0 -2.96767 -0.946598 2.63879
6.24 0 -0.748954 0.191826 1.24848
6.25 0 1.58568 1.13734 -0.220074
6.26 0 3.72032 1.99765 -1.64085
6.27 0 5.48177 2.96653 -2.79476
6.28 0 6.77677 4.05576 -3.53214
6.29 0 7.99792 4.89638 -3.82816
6.3 0 8.18948 5.74476 -3.64502
6.31 0 7.60691 6.41385 -2.78587
6.32 0 6.40269 6.62713 -1.28345
6.33 0 4.88265 6.16177 0.714165
6.34 0 3.63188 5.09853 3.1142
6.35 0 2.48104 3.71663 5.5597
6.36 0 0.982221 2.19149 7.72189
6.37 0 -1.03347 0.829527 9.14467
6.38 0 -3.59472 -0.400975 9.64702
6.39 0 -6.16245 -1.43503 9.11587
6.4 0 -7.9361 -2.369 7.9242
6.41 0 -8.56622 -3.27728 6.24686
6.42 0 -8.03335 -4.22357 4.18651
6.43 0 -6.70402 -5.0964 1.73285
6.44 0 -4.94851 -5.82726 -1.18236
6.45 0 -3.03046 -5.93968 -4.32407
6.46 0 -1.15623 -5.28168 -7.45816
6.47 0 0.51114 -4.34327 -10.2779
6.48 0 2.69836 -3.56142 -12.6389
6.49 0 4.24036 -2.84891 -14.6667
6.5 0 4.40013 -2.14049 -16.3344
6.51 0 3.53694 -1.71451 -17.3403
6.52 0 2.47658 -1.88374 -17.0092
6.53 0 1.38206 -2.60978 -15.362
6.54 0 0.365606 -3.9292 -12.7523
6.55 0 -0.723633 -5.23619 -9.68477
6.56 0 -2.14048 -6.22444 -6.17551
6.57 0 -3.91755 -6.59884 -2.3677
6.58 0 -6.02446 -6.26665 0.77986
6.59 0 -8.07793 -5.42918 2.66387
6.6 0 -9.35713 -4.65301 3.65957
6.61 0 -9.39543 -4.22378 4.23461
6.62 0 -8.08001 -4.03186 4.72271
6.63 0 -5.86743 -3.79976 5.07651
6.64 0 -3.44256 -3.30499 4.96071
6.65 0 -1.36112 -2.1719 4.06003
6.66 0 0.255622 -0.484269 2.50149
6.67 0 1.43552 1.52181 0.514309
6.68 0 2.48845 3.26178 -1.44388
6.69 0 3.67912 4.30086 -2.97073
6.7 0 5.09226 4.57967 -3.7971
6.71 0 6.57105 4.36089 -3.8469
6.72 0 7.73688 4.07447 -3.27704
6.73 0 8.4593 4.39648 -2.10622
6.74 0 8.42592 5.39884 -0.71948
6.75 0 7.71941 6.90173 0.691877
6.76 0 6.7015 8.54032 2.30684
6.77 0 5.74256 9.73979 4.18151
6.78 0 4.84661 9.85031 6.05684
6.79 0 4.26001 8.93498 8.16354
6.8 0 4.09523 7.67363 10.5907
6.81 0 3.86245 6.42282 12.9367
6.82 0 3.04373 5.43906 14.7278
6.83 0 1.64822 5.00436 15.9117
6.84 0 -0.0868319 5.04314 16.5269
6.85 0 -1.81798 5.16074 16.6491
6.86 0 -3.11473 4.98932 16.4472
6.87 0 -3.64349 4.39656 15.9281
6.88 0 -3.24266 3.73742 14.95
6.89 0 -2.03357 3.25448 13.5815
6.9 0 -0.428977 3.10537 11.7206
6.91 0 1.16154 3.29649 9.37936
6.92 0 2.42259 3.63871 6.66582
6.93 0 3.03555 3.63076 3.61529
6.94 0 2.8357 2.82923 0.249337
6.95 0 2.50694 1.72626 -2.72056
6.96 0 2.4985 0.779674 -4.8757
6.97 0 2.53367 -0.127164 -6.47827
6.98 0 2.52759 -0.859099 -7.58486
6.99 0 2.56386 -1.15665 -8.09827
7 0 2.62841 -0.971358 -8.03488
7.01 0 2.83972 -0.242386 -7.2751
7.02 0 3.45653 1.17006 -5.59021
7.03 0 4.12277 2.7365 -3.33601
7.04 0 4.08943 3.47997 -1.2181
7.05 0 3.24286 3.3402 0.577423
7.06 0 1.79686 2.53622 2.07368
7.07 0 -0.21434 1.10574 3.04274
7.08 0 -2.80817 -1.05949 3.17002
7.09 0 -5.25323 -3.29219 2.90044
7.1 0 -6.97436 -5.08892 2.54326
7.11 0 -7.94182 -6.36017 1.97929
7.12 0 -8.13548 -6.89303 1.28408
7.13 0 -7.56307 -6.69057 0.560725
7.14 0 -6.4819 -6.15791 -0.28839
7.15 0 -4.99465 -5.48613 -1.18929
7.16 0 -3.0365 -4.51983 -1.85444
7.17 0 -1.05848 -3.15538 -2.52066
7.18 0 0.512676 -1.53068 -3.52925
7.19 0 1.66502 0.00996105 -4.68559
7.2 0 2.66131 1.21856 -5.90252
7.21 0 3.42075 2.35544 -7.27521
7.22 0 4.32779 2.73012 -7.84206
7.23 0 5.32771 2.6057 -7.55453
7.24 0 6.13938 2.16083 -6.43334
7.25 0 6.42592 1.95523 -4.65362
7.26 0 6.04906 2.33726 -2.35697
7.27 0 4.89852 3.19604 0.121121
7.28 0 3.17344 4.10863 2.6308
7.29 0 -0.094135 4.91854 4.98983
7.3 0 -3.21057 4.75714 7.39806
7.31 0 -3.79238 2.85812 10.0954
7.32 0 -2.83792 0.363396 12.4717
7.33 0 -2.13932 -1.50584 13.6668
7.34 0 -2.26257 -1.86458 13.2495
7.35 0 -2.96753 -0.577117 11.4635
7.36 0 -3.46801 1.64219 9.04504
7.37 0 -3.0086 3.67214 6.3185
7.38 0 -1.32305 4.68151 3.71215
7.39 0 1.37119 4.75391 1.46696
7.4 0 4.53699 4.00933 -0.0785007
7.41 0 7.15936 3.12167 -0.869822
7.42 0 8.65936 2.73265 -1.55831
7.43 0 8.28903 2.76248 -2.39205
7.44 0 6.46935 3.28252 -3.47765
7.45 0 3.99912 3.90544 -4.43342
7.46 0 0.980316 3.08776 -5.6063
7.47 0 -1.6907 0.611234 -6.476
7.48 0 -2.87404 -2.5898 -5.93192
7.49 0 -2.96075 -5.57 -4.40237
7.5 0 -3.12972 -7.8457 -2.98559
7.51 0 -3.86496 -8.66493 -2.15777
7.52 0 -5.21148 -7.99475 -2.08152
7.53 0 -6.74405 -6.47903 -2.577
7.54 0 -7.85188 -5.11984 -3.22943
7.55 0 -7.97515 -4.65835 -3.63503
7.56 0 -7.00744 -5.20708 -3.70625
7.57 0 -5.42428 -6.40474 -3.74835
7.58 0 -3.94255 -7.64189 -4.17061
7.59 0 -3.08802 -8.40076 -5.13762
7.6 0 -3.14836 -8.4235 -6.80165
7.61 0 -3.9814 -7.89268 -9.05605
7.62 0 -4.98978 -7.2277 -11.4793
7.63 0 -5.73514 -7.12488 -13.812
7.64 0 -5.90144 -7.91465 -15.8462
7.65 0 -5.08624 -9.1054 -17.1076
7.66 0 -3.34542 -9.94801 -17.4096
7.67 0 -0.980769 -9.60603 -16.5494
7.68 0 1.34844 -7.79431 -14.7459
7.69 0 2.54818 -5.23333 -12.9307
7.7 0 2.73285 -2.32584 -11.039
7.71 0 2.0818 0.0142857 -9.14711
7.72 0 0.955 1.03274 -7.2699
7.73 0 0.0762906 0.919462 -5.06264
7.74 0 -0.36199 0.0997564 -2.62692
7.75 0 -0.589655 -0.897833 -0.325732
7.76 0 -0.907144 -1.57409 1.607
7.77 0 -1.48023 -1.81108 3.24146
7.78 0 -2.2902 -1.6459 4.42329
7.79 0 -3.25285 -1.25122 5.0552
7.8 0 -4.32067 -0.864657 5.37013
7.81 0 -4.90817 -1.06202 5.72822
7.82 0 -4.84977 -1.44129 5.74721
7.83 0 -4.32771 -1.90735 5.71801
7.84 0 -3.2904 -2.01946 5.1451
7.85 0 0.272054 -1.69004 4.14871
7.86 0 1.70343 0.276399 2.43157
7.87 0 1.6492 3.13399 0.471242
7.88 0 1.99164 5.28342 -0.975197
7.89 0 3.03042 5.9316 -1.41962
7.9 0 4.67319 5.39154 -0.915245
7.91 0 6.33031 4.33712 0.249814
7.92 0 7.33134 3.61119 1.57194
7.93 0 7.32103 3.6872 2.58995
7.94 0 6.2685 4.63095 3.38259
7.95 0 4.62082 6.01665 4.10135
7.96 0 3.06912 7.23948 4.86787
7.97 0 2.15287 7.79935 6.00702
7.98 0 1.90486 7.50323 7.36488
7.99 0 2.15439 6.49499 8.76611
8 0 2.55071 5.08098 10.0924
8.01 0 2.54701 3.77777 10.9367
8.02 0 1.77805 2.86027 10.9886
8.03 0 0.401263 2.49835 10.3603
8.04 0 -0.988264 2.69889 9.48803
8.05 0 -1.88413 3.24173 8.56022
8.06 0 -1.9584 3.57398 7.66539
8.07 0 -1.13484 3.48466 6.9111
8.08 0 0.395438 3.13304 6.29646
8.09 0 2.15498 2.86415 5.64117
8.1 0 3.65036 2.98914 4.76687
8.11 0 4.57031 3.62167 3.63815
8.12 0 4.90032 4.57976 2.38347
8.13 0 4.81223 5.44089 1.2042
8.14 0 4.56352 5.79419 0.329099
8.15 0 4.35119 5.44909 -0.0886407
8.16 0 4.16746 4.46017 -0.067047
8.17 0 3.92781 3.19414 0.33987
8.18 0 3.46104 2.0554 0.981225
8.19 0 2.65658 1.38275 1.6892
8.2 0 1.54364 1.25212 2.36329
8.21 0 0.278658 1.40172 2.9653
8.22 0 -0.889436 1.53745 3.50346
8.23 0 -1.7326 1.39732 4.01667
8.24 0 -2.23949 0.932444 4.46797
8.25 0 -2.2905 0.251043 4.81889
8.26 0 -2.01732 -0.36029 4.96974
8.27 0 -1.76275 -0.617639 4.79446
8.28 0 -2.10004 -0.306251 4.2205
8.29 0 -2.32893 -0.00971416 3.54503
8.3 0 -1.86878 0.0514576 2.99515
8.31 0 -0.671551 -0.14805 2.41102
8.32 0 0.989308 0.0463815 1.34862
8.33 0 2.54031 0.661491 0.00837111
8.34 0 3.34214 1.59745 -1.81993
8.35 0 3.51183 2.41735 -3.59102
8.36 0 3.20389 2.81887 -4.8371
8.37 0 2.93951 2.22687 -5.41544
8.38 0 2.65585 0.903711 -5.55322
8.39 0 2.34326 -0.561207 -5.14346
8.4 0 1.83773 -1.64401 -4.3651
8.41 0 0.963717 -2.15569 -3.40878
8.42 0 -0.278313 -2.02129 -2.49942
8.43 0 -1.63366 -1.65387 -1.6082
8.44 0 -2.87204 -1.47149 -0.764535
8.45 0 -3.79447 -1.74835 0.0257732
8.46 0 -4.4144 -2.58512 0.603192
8.47 0 -4.86142 -3.81958 0.774541
8.48 0 -5.25358 -5.13343 0.412171
8.49 0 -5.59013 -6.15347 -0.443854
8.5 0 -5.79745 -6.72454 -1.62866
8.51 0 -5.83649 -6.99613 -2.96816
8.52 0 -5.61548 -7.07362 -4.24346
8.53 0 -5.21919 -6.87904 -5.5975
8.54 0 -4.61162 -6.52161 -6.93268
8.55 0 -3.81134 -6.15371 -8.2194
8.56 0 -2.88662 -5.92496 -9.34596
8.57 0 -1.97142 -5.69554 -10.3949
8.58 0 -1.12136 -5.37445 -11.305
8.59 0 -0.385835 -4.92195 -12.0189
8.6 0 0.267661 -4.30143 -12.427
8.61 0 1.00264 -3.38398 -12.2813
8.62 0 2.07994 -2.06191 -11.0588
8.63 0 3.22639 -0.639251 -8.91053
8.64 0 3.75536 0.395763 -6.51829
8.65 0 3.37965 0.897622 -4.27411
8.66 0 2.33232 1.08029 -2.16422
8.67 0 0.906005 1.0452 -0.20334
8.68 0 -0.623528 0.79668 1.55116
8.69 0 -2.06155 0.276436 3.00438
8.7 0 -3.27095 -0.519035 4.10903
8.71 0 -4.28324 -1.66195 4.81791
8.72 0 -5.26514 -3.1054 4.83754
8.73 0 -6.20542 -4.60972 4.14091
8.74 0 -6.77653 -5.67856 3.05169
8.75 0 -6.79217 -6.0443 1.75351
8.76 0 -6.41004 -5.8051 0.0359202
8.77 0 -5.62644 -5.27793 -2.0136
8.78 0 -4.37456 -4.65834 -4.14439
8.79 0 -2.59718 -4.00173 -6.0358
8.8 0 -0.483846 -3.19268 -7.5356
8.81 0 1.98038 -2.11601 -8.41445
8.82 0 4.50833 -0.404043 -8.42285
8.83 0 7.88665 1.411 -7.68895
8.84 0 10.3244 3.43704 -6.74284
8.85 0 9.92404 5.83622 -6.0148
8.86 0 7.80735 7.87131 -5.15491
8.87 0 5.53775 8.54634 -3.5165
8.88 0 3.62986 7.70751 -1.12355
8.89 0 1.97011 5.11499 2.04917
8.9 0 0.362261 0.727421 6.19581
8.91 0 -1.60532 -2.93152 9.71878
8.92 0 -3.87194 -4.04044 11.5145
8.93 0 -6.3162 -2.93516 11.8681
8.94 0 -8.05261 -1.10908 11.7571
8.95 0 -8.29468 0.500902 11.5501
8.96 0 -6.97612 1.49214 11.3557
8.97 0 -4.41993 1.82886 10.8328
8.98 0 -1.35946 1.86261 9.74555
8.99 0 1.48193 2.05751 7.87953
9 0 3.6552 2.67704 5.22928
9.01 0 4.84131 3.56693 1.96656
9.02 0 5.39853 4.59352 -1.38731
9.03 0 5.81886 5.38996 -4.16552
9.04 0 6.34879 5.52085 -5.9778
9.05 0 7.00166 4.92363 -6.65143
9.06 0 7.47524 3.84527 -6.31181
9.07 0 7.32563 2.65295 -5.27514
9.08 0 6.23897 1.71834 -3.90582
9.09 0 4.19198 1.16356 -2.47954
9.1 0 1.5396 0.859832 -1.07787
9.11 0 -1.17178 0.577817 0.1895
9.12 0 -3.38162 -0.0739481 1.46549
9.13 0 -4.80745 -1.15305 2.7695
9.14 0 -5.38502 -2.44925 4.06426
9.15 0 -5.29917 -3.55205 5.20972
9.16 0 -4.83892 -4.02359 6.03283
9.17 0 -4.20799 -3.57304 6.457
9.18 0 -3.48026 -2.04663 6.31695
9.19 0 -2.61344 0.0850014 5.61674
9.2 0 -1.43819 2.17063 4.59779
9.21 0 0.0533688 3.5516 3.41357
9.22 0 1.84387 4.07631 2.28981
9.23 0 3.72825 3.98188 1.33936
9.24 0 5.22427 3.57405 0.415753
9.25 0 5.95832 3.19603 -0.580517
9.26 0 5.80553 3.01978 -1.63243
9.27 0 5.11782 3.186 -2.39353
9.28 0 4.23623 3.47869 -2.63565
9.29 0 3.4098 3.51937 -2.22692
9.3 0 2.76298 3.13539 -1.19099
9.31 0 2.21811 2.3741 0.266992
9.32 0 1.58928 1.48022 1.84487
9.33 0 0.738985 0.750466 3.27416
9.34 0 -0.372373 0.334812 4.35689
9.35 0 -1.59097 0.220898 5.05978
9.36 0 -2.65248 0.251739 5.4509
9.37 0 -3.29256 0.238578 5.63087
9.38 0 -3.34082 0.153828 5.64032
9.39 0 -2.81662 0.0399342 5.46736
9.4 0 -1.8508 0.0655118 5.09369
9.41 0 -0.686862 0.356256 4.4624
9.42 0 0.482556 0.970751 3.5969
9.43 0 1.51087 1.8043 2.56166
9.44 0 2.42144 2.72202 1.55854
9.45 0 3.30951 3.5581 0.758235
9.46 0 4.14057 4.18325 0.27134
9.47 0 4.85097 4.56731 0.122917
9.48 0 5.28725 4.81586 0.187317
9.49 0 5.24419 4.81894 0.422375
9.5 0 4.72694 4.49788 0.774624
9.51 0 3.81979 3.88746 1.23845
9.52 0 2.13727 2.8176 1.69265
9.53 0 -1.31402 1.69067 1.9593
9.54 0 -3.55279 -0.220657 2.40095
9.55 0 -3.61989 -2.74987 2.97547
9.56 0 -3.2889 -4.54862 3.29212
9.57 0 -3.16789 -4.97476 2.9261
9.58 0 -3.46935 -4.14299 1.73283
9.59 0 -3.77729 -2.85325 0.0607364
9.6 0 -3.83174 -1.59364 -1.99524
9.61 0 -3.23007 -1.11722 -3.78191
9.62 0 -2.03443 -1.46565 -4.95451
9.63 0 -0.341376 -2.40957 -5.60706
9.64 0 1.24326 -3.33952 -5.94288
9.65 0 2.16813 -3.65213 -6.23246
9.66 0 2.12782 -3.14889 -6.64524
9.67 0 1.36069 -2.11512 -7.1234
9.68 0 0.3086 -1.14947 -7.35676
9.69 0 -0.630598 -0.627831 -7.29043
9.7 0 -1.09014 -0.9452 -6.6225
9.71 0 -1.03786 -1.93016 -5.32312
9.72 0 -0.782108 -3.0866 -3.68088
9.73 0 -0.738125 -3.84348 -2.07418
9.74 0 -1.18113 -3.84564 -0.816731
9.75 0 -2.165 -3.19621 -0.112762
9.76 0 -3.38227 -2.31642 0.122549
9.77 0 -4.34583 -1.69406 0.134472
9.78 0 -4.72137 -1.70928 0.0910813
9.79 0 -4.464 -2.41483 -0.000937452
9.8 0 -3.7848 -3.49608 -0.258087
9.81 0 -2.97833 -4.40197 -0.795477
9.82 0 -2.2535 -4.61628 -1.62378
9.83 0 -1.79702 -4.09888 -2.76942
9.84 0 -1.56795 -3.1787 -4.06833
9.85 0 -1.35328 -2.2768 -5.26668
9.86 0 -0.983498 -1.73767 -6.19641
9.87 0 -0.398147 -1.66874 -6.77629
9.88 0 0.321608 -1.93564 -7.00078
9.89 0 0.92378 -2.3871 -6.92065
9.9 0 1.22439 -2.6994 -6.60022
9.91 0 1.16286 -2.60717 -6.05882
9.92 0 0.749462 -2.12383 -5.34497
9.93 0 0.112168 -1.44044 -4.46144
9.94 0 -0.599898 -0.896535 -3.44471
9.95 0 -1.23693 -0.795562 -2.23388
9.96 0 -1.71912 -1.10725 -0.975664
9.97 0 -2.07296 -1.67391 0.209695
9.98 0 -2.45908 -2.34942 1.08058
9.99 0 -2.88333 -2.85749 1.60162
10 0 -3.21624 -2.91224 1.79079
10.01 0 -3.32496 -2.48974 1.76535
10.02 0 -3.05968 -1.70193 1.62485
10.03 0 -2.37066 -0.80465 1.41183
10.04 0 -1.23845 0.0227736 1.08965
10.05 0 1.33608 0.357653 0.66839
10.06 0 3.4671 0.875101 -0.0126234
10.07 0 3.86908 2.06202 -0.947202
10.08 0 3.12109 3.40036 -1.81322
10.09 0 2.36468 3.98143 -2.24261
10.1 0 1.98828 3.51168 -1.96883
10.11 0 2.1119 2.26093 -0.917226
10.12 0 2.40061 0.897512 0.613071
10.13 0 2.43254 0.239254 2.23429
10.14 0 2.13269 0.612787 3.58073
10.15 0 1.34062 1.85986 4.53935
10.16 0 0.40498 3.39159 5.22029
10.17 0 -0.176711 4.59311 5.9256
10.18 0 -0.12342 5.03495 6.74847
10.19 0 0.45666 4.66631 7.5884
10.2 0 1.31509 3.90719 8.25275
10.21 0 2.04516 3.26051 8.57274
10.22 0 2.31061 3.05752 8.3428
10.23 0 2.01102 3.34508 7.43992
10.24 0 1.42529 3.88105 6.1125
10.25 0 1.0226 4.33376 4.76413
10.26 0 1.15723 4.41401 3.71079
10.27 0 1.90799 4.103 3.12493
10.28 0 2.9706 3.55445 2.87659
10.29 0 3.89376 3.06904 2.71907
10.3 0 4.31491 2.90632 2.45701
10.31 0 4.12009 3.13135 2.0516
10.32 0 3.45874 3.55562 1.61087
10.33 0 2.63216 3.84891 1.31904
10.34 0 1.94767 3.74488 1.34826
10.35 0 1.5072 3.12577 1.70042
10.36 0 1.19273 2.12109 2.22962
10.37 0 0.718476 0.971181 2.65613
10.38 0 -0.027126 -0.0782305 2.76701
10.39 0 -0.972172 -0.780693 2.55043
10.4 0 -1.92868 -1.16979 2.07496
10.41 0 -3.09692 -1.34698 1.37093
10.42 0 -4.14058 -1.59898 0.565971
10.43 0 -4.43797 -2.22162 -0.238988
10.44 0 -3.73477 -3.19353 -0.973815
10.45 0 -2.52825 -4.10364 -1.79742
10.46 0 -1.32939 -4.47019 -2.8583
10.47 0 -0.539411 -4.05665 -4.20099
10.48 0 -0.180603 -3.05614 -5.68636
10.49 0 -0.0651297 -1.92089 -7.0205
10.5 0 0.11092 -1.18168 -7.83895
10.51 0 0.532694 -0.969002 -7.9482
10.52 0 1.25938 -1.06062 -7.23825
10.53 0 1.92972 -1.26168 -5.95443
10.54 0 2.20323 -1.39217 -4.47743
10.55 0 1.92463 -1.24798 -3.03356
10.56 0 0.870763 -0.901972 -1.84059
10.57 0 -0.679396 -0.591018 -0.901432
10.58 0 -2.15223 -0.478741 0.0215279
10.59 0 -3.15386 -0.72163 1.03065
10.6 0 -3.54822 -1.3061 2.06859
10.61 0 -3.43513 -1.98224 2.96005
10.62 0 -3.07741 -2.42944 3.45893
10.63 0 -2.72594 -2.42481 3.37278
10.64 0 -2.50916 -1.98838 2.63212
10.65 0 -2.34766 -1.34179 1.36897
10.66 0 -2.0324 -0.779368 -0.142796
10.67 0 -1.36724 -0.484394 -1.59308
10.68 0 -0.343048 -0.51516 -2.79064
10.69 0 0.89057 -0.701194 -3.63456
10.7 0 2.02804 -0.796065 -4.16023
10.71 0 2.82728 -0.594384 -4.44447
10.72 0 3.30931 -0.0340384 -4.48074
10.73 0 3.16707 0.803753 -4.27464
10.74 0 2.57087 1.59423 -3.72697
10.75 0 1.82574 1.99683 -2.71171
10.76 0 1.14297 1.76346 -1.27527
10.77 0 0.569075 0.898844 0.32259
10.78 0 -0.212901 -0.292105 1.70822
10.79 0 -1.41193 -1.49931 2.54248
10.8 0 -2.85458 -2.37578 2.80464
10.81 0 -4.18116 -2.78668 2.63639
10.82 0 -5.08071 -2.89538 2.1547
10.83 0 -5.1831 -2.77816 1.61933
10.84 0 -4.42378 -2.5405 1.11479
10.85 0 -2.48935 -2.37019 0.583283
10.86 0 -0.108858 -1.90478 -0.109941
10.87 0 2.04177 -0.906822 -1.09436
10.88 0 3.02624 0.643223 -2.41677
10.89 0 3.15525 2.21107 -3.75338
10.9 0 2.7844 3.22872 -4.66778
10.91 0 2.45588 3.18291 -4.84385
10.92 0 2.42413 2.0652 -4.2086
10.93 0 2.48555 0.447743 -2.94429
10.94 0 2.19069 -0.984826 -1.48591
10.95 0 1.18973 -1.75685 -0.259954
10.96 0 -0.426998 -1.72037 0.607115
10.97 0 -2.26147 -1.23024 1.13981
10.98 0 -3.71178 -0.763505 1.51738
10.99 0 -4.41595 -0.722242 1.93556
11 0 -4.29026 -1.25565 2.38561
11.01 0 -3.557 -2.07333 2.70759
11.02 0 -2.55118 -2.66643 2.73057
11.03 0 -1.62939 -2.61411 2.28491
11.04 0 -0.882928 -1.73688 1.43681
11.05 0 -0.163311 -0.186497 0.454235
11.06 0 0.673706 1.60081 -0.385902
11.07 0 1.732 2.99899 -0.943896
11.08 0 2.90311 3.59563 -1.1778
11.09 0 4.00094 3.46341 -1.0915
11.1 0 4.78336 2.99295 -0.745005
11.11 0 4.962 2.56685 -0.30937
11.12 0 4.38984 2.37485 0.076437
11.13 0 3.22192 2.4318 0.434773
11.14 0 1.84995 2.58225 0.935806
11.15 0 0.69823 2.61674 1.75703
11.16 0 0.0201492 2.42255 2.93334
11.17 0 -0.194996 2.0339 4.31275
11.18 0 -0.205217 1.57792 5.55758
11.19 0 -0.228894 1.26596 6.45949
11.2 0 -0.381239 1.25821 6.89151
11.21 0 -0.633437 1.5502 6.84598
11.22 0 -0.860377 1.99168 6.35572
11.23 0 -0.876763 2.33845 5.57766
11.24 0 -0.513128 2.45836 4.70389
11.25 0 0.258627 2.35936 3.86209
11.26 0 1.26394 2.16998 3.05488
11.27 0 2.26224 2.08051 2.25288
11.28 0 3.03825 2.22397 1.44219
11.29 0 3.46067 2.58002 0.63485
11.3 0 3.51505 3.01673 -0.14426
11.31 0 3.38517 3.3109 -0.659272
11.32 0 3.20235 3.34796 -0.790903
11.33 0 2.98847 3.00904 -0.540585
11.34 0 2.71745 2.41549 0.0423887
11.35 0 2.30773 1.76467 0.836111
11.36 0 1.71158 1.17212 1.70378
11.37 0 0.0617161 1.05595 2.44939
11.38 0 -2.12488 1.09973 3.1184
11.39 0 -3.2319 0.599679 3.86468
11.4 0 -2.94251 -0.53263 4.5432
11.41 0 -2.07392 -1.75515 4.74694
11.42 0 -1.63289 -2.49727 4.03722
11.43 0 -1.87491 -2.63189 2.28878
11.44 0 -2.4735 -2.20369 -0.125299
11.45 0 -2.80808 -1.64488 -2.58583
11.46 0 -2.45272 -1.3758 -4.50375
11.47 0 -1.30884 -1.58307 -5.54655
11.48 0 0.328321 -2.08852 -5.9215
11.49 0 1.88915 -2.40697 -5.9309
11.5 0 2.85355 -2.2178 -5.85819
11.51 0 2.87739 -1.58798 -5.92355
11.52 0 2.02055 -0.835218 -6.15193
11.53 0 0.688555 -0.398886 -6.3271
11.54 0 -0.610282 -0.653096 -6.11783
11.55 0 -1.52354 -1.62216 -5.36202
11.56 0 -2.03598 -3.01609 -4.16695
11.57 0 -2.33937 -4.30757 -2.78616
11.58 0 -2.71978 -5.013 -1.55805
11.59 0 -3.31565 -4.92719 -0.705281
11.6 0 -4.04187 -4.20353 -0.289799
11.61 0 -4.5871 -3.20047 -0.169355
11.62 0 -4.70548 -2.40707 -0.23186
11.63 0 -4.21367 -2.06516 -0.330271
11.64 0 -3.14442 -2.10434 -0.410241
11.65 0 -1.78323 -2.25716 -0.565104
11.66 0 -0.492225 -2.18985 -0.91693
11.67 0 0.452274 -1.70858 -1.52895
11.68 0 0.955968 -0.882131 -2.34974
11.69 0 1.08156 -0.029918 -3.24397
11.7 0 1.03492 0.516856 -4.00447
11.71 0 1.0509 0.590177 -4.40227
11.72 0 1.15151 0.142823 -4.38729
11.73 0 1.20899 -0.640058 -4.04626
11.74 0 1.08524 -1.39279 -3.48625
11.75 0 0.653095 -1.83495 -2.84487
11.76 0 -0.052358 -1.82749 -2.18509
11.77 0 -0.904366 -1.49797 -1.53349
11.78 0 -1.66162 -1.07261 -0.834356
11.79 0 -2.13082 -0.815192 -0.0450702
11.8 0 -2.28423 -0.872055 0.744718
11.81 0 -2.14568 -1.14862 1.44045
11.82 0 -1.89867 -1.41694 1.93266
11.83 0 -1.67162 -1.50032 2.05428
11.84 0 -1.50867 -1.27921 1.81456
11.85 0 -1.34362 -0.803805 1.29095
11.86 0 -1.09453 -0.151904 0.604483
11.87 0 -0.615912 0.373002 -0.0612525
11.88 0 0.825692 0.442699 -0.581434
11.89 0 2.35459 0.425724 -1.0645
11.9 0 3.31841 0.654554 -1.62004
11.91 0 3.15989 1.2703 -2.24351
11.92 0 2.48459 1.91863 -2.66043
11.93 0 1.6338 2.26089 -2.61051
11.94 0 0.930175 2.048 -1.95052
11.95 0 0.620164 1.25581 -0.748226
11.96 0 0.524603 0.256 0.748949
11.97 0 0.373165 -0.453999 2.22627
11.98 0 -0.0563512 -0.565762 3.38998
11.99 0 -0.747541 -0.10295 4.07694
12 0 -1.42753 0.651743 4.32233
12.01 0 -1.87098 1.34511 4.34837
12.02 0 -1.87579 1.64181 4.25642
12.03 0 -1.40741 1.46497 4.09455
12.04 0 -0.606425 1.00455 3.81513
12.05 0 0.280834 0.600599 3.3402
12.06 0 1.01 0.541905 2.61449
12.07 0 1.42859 0.938201 1.65845
12.08 0 1.65229 1.62679 0.624729
12.09 0 1.85147 2.30528 -0.257373
12.1 0 2.19709 2.73812 -0.770195
12.11 0 2.71097 2.82742 -0.826448
12.12 0 3.22869 2.62879 -0.50737
12.13 0 3.52804 2.33889 0.0398363
12.14 0 3.41014 2.13557 0.64229
12.15 0 2.8109 2.08016 1.18511
12.16 0 1.90122 2.16084 1.70707
12.17 0 0.941981 2.25918 2.28186
12.18 0 0.119795 2.17536 2.90853
12.19 0 -0.431476 1.82522 3.58372
12.2 0 -0.707461 1.30854 4.23436
12.21 0 -0.808902 0.791363 4.72247
12.22 0 -0.85582 0.432328 4.90226
12.23 0 -0.943733 0.315093 4.67134
12.24 0 -1.00749 0.45924 4.09493
12.25 0 -0.947067 0.739185 3.2827
12.26 0 -0.676029 0.979852 2.35726
12.27 0 -0.10671 1.16192 1.46036
12.28 0 0.765511 1.25703 0.689415
12.29 0 1.71539 1.28459 0.0156272
12.3 0 2.53179 1.37996 -0.528907
12.31 0 3.10733 1.65063 -0.897096
12.32 0 3.38743 2.04623 -1.04773
12.33 0 3.32183 2.43426 -1.0054
12.34 0 2.96394 2.63273 -0.754872
12.35 0 2.06899 2.65061 -0.264974
12.36 0 0.663681 2.3674 0.473639
12.37 0 -0.712312 1.58544 1.45758
12.38 0 -1.31492 0.241411 2.58721
12.39 0 -1.32458 -1.20633 3.55736
12.4 0 -1.05063 -2.18306 4.03638
12.41 0 -1.27653 -2.2158 3.74224
12.42 0 -1.91502 -1.45908 2.72181
12.43 0 -2.57896 -0.442046 1.26651
12.44 0 -2.81262 0.155511 -0.24892
12.45 0 -2.36687 -0.0794633 -1.525
12.46 0 -1.38503 -1.03695 -2.41557
12.47 0 -0.171525 -2.24832 -3.05885
12.48 0 0.743549 -3.13398 -3.74001
12.49 0 1.00937 -3.35207 -4.61827
12.5 0 0.6361 -2.91968 -5.63468
12.51 0 -0.0669848 -2.17024 -6.52367
12.52 0 -0.739944 -1.60153 -7.05321
12.53 0 -1.12033 -1.60344 -7.09401
12.54 0 -1.1167 -2.22423 -6.5837
12.55 0 -0.926126 -3.19015 -5.68618
12.56 0 -0.88174 -4.06977 -4.69753
12.57 0 -1.19246 -4.45344 -3.82271
12.58 0 -1.86949 -4.19897 -3.1594
12.59 0 -2.7474 -3.52163 -2.70521
12.6 0 -3.50773 -2.80538 -2.33711
12.61 0 -3.85462 -2.39119 -1.92316
12.62 0 -3.67817 -2.41671 -1.43173
12.63 0 -3.09362 -2.75691 -0.953935
12.64 0 -2.39917 -3.14676 -0.688768
12.65 0 -1.85014 -3.27729 -0.77078
12.66 0 -1.567 -2.99517 -1.22903
12.67 0 -1.49393 -2.38577 -1.96428
12.68 0 -1.39681 -1.72391 -2.78346
12.69 0 -1.14835 -1.2568 -3.4895
12.7 0 -0.64709 -1.09667 -3.92035
12.71 0 0.0495597 -1.18486 -4.03246
12.72 0 0.72305 -1.33467 -3.91823
12.73 0 1.44284 -1.31252 -3.64883
12.74 0 2.21201 -0.989694 -3.24875
12.75 0 2.53802 -0.252764 -2.75201
12.76 0 2.18695 0.840377 -2.18213
12.77 0 1.50963 1.89096 -1.3861
12.78 0 0.748076 2.52086 -0.263352
12.79 0 0.372967 2.48218 1.2369
12.8 0 0.283822 1.93815 2.94346
12.81 0 0.117284 1.29704 4.56811
12.82 0 -0.203677 0.857327 5.8
12.83 0 -0.656784 0.775342 6.34965
12.84 0 -1.17098 0.97324 6.43413
12.85 0 -1.53286 1.39295 6.16695
12.86 0 -1.5124 1.83174 5.73207
12.87 0 -1.02766 2.12485 5.20054
12.88 0 -0.110343 2.24469 4.63484
12.89 0 1.02916 2.28635 4.001
12.9 0 2.06092 2.37529 3.22671
12.91 0 2.8432 2.62855 2.32756
12.92 0 3.38048 3.08417 1.43545
12.93 0 3.73378 3.62354 0.721432
12.94 0 3.97317 4.06183 0.321894
12.95 0 4.11806 4.24024 0.290984
12.96 0 4.1363 4.11056 0.611657
12.97 0 3.97934 3.77369 1.22637
12.98 0 3.55265 3.35149 1.995
12.99 0 2.79111 2.9306 2.7529
13 0 1.73582 2.53697 3.38729
13.01 0 0.515551 2.16329 3.88477
13.02 0 -0.64452 1.68389 4.25232
13.03 0 -1.55726 1.03937 4.48124
13.04 0 -2.04856 0.364521 4.62729
13.05 0 -2.10143 -0.159322 4.66009
13.06 0 -1.85001 -0.407314 4.46477
13.07 0 -1.47932 -0.365762 3.92125
13.08 0 -1.04915 -0.112097 3.02209
13.09 0 -0.532692 0.290187 1.79974
13.1 0 0.0344389 0.633337 0.442262
13.11 0 0.531136 0.830127 -0.881251
13.12 0 1.06411 0.741957 -2.02776
13.13 0 1.52145 0.435216 -2.91551
13.14 0 1.83216 0.0438753 -3.49664
13.15 0 1.72806 -0.27368 -3.81042
13.16 0 1.24234 -0.494884 -3.85566
13.17 0 0.533103 -0.709271 -3.63639
13.18 0 -0.0707496 -1.10397 -3.19802
13.19 0 -0.613397 -1.58175 -2.59371
13.2 0 -0.758906 -2.11366 -1.90851
13.21 0 -0.970297 -2.3886 -1.31332
13.22 0 -1.37151 -2.30763 -0.916381
13.23 0 -1.87646 -1.97883 -0.727251
13.24 0 -2.31458 -1.62366 -0.686687
13.25 0 -2.50022 -1.42946 -0.695735
13.26 0 -2.31018 -1.46084 -0.66186
13.27 0 -1.77581 -1.5976 -0.57344
13.28 0 -1.08357 -1.66216 -0.514936
13.29 0 -0.500283 -1.54932 -0.630504
13.3 0 -0.137865 -1.20018 -0.9412
13.31 0 0.0236728 -0.67634 -1.34386
13.32 0 0.115251 -0.148939 -1.71844
13.33 0 0.223809 0.175059 -1.97354
13.34 0 0.382315 0.183064 -2.06117
13.35 0 0.579018 -0.0490769 -1.9637
13.36 0 0.695286 -0.396605 -1.76148
13.37 0 0.584455 -0.741245 -1.57239
13.38 0 0.18854 -0.997406 -1.47541
13.39 0 -0.401783 -1.13627 -1.44281
13.4 0 -1.02569 -1.21313 -1.41133
13.41 0 -1.53537 -1.33308 -1.33245
13.42 0 -1.82967 -1.54476 -1.18333
13.43 0 -1.94281 -1.85941 -1.02533
13.44 0 -1.88962 -2.14988 -0.901572
13.45 0 -1.75548 -2.298 -0.875631
13.46 0 -1.58951 -2.21825 -0.971131
13.47 0 -1.39924 -1.91093 -1.16553
13.48 0 -1.19924 -1.50919 -1.44751
13.49 0 -0.944393 -1.13441 -1.74053
13.5 0 -0.630749 -0.885014 -1.99777
13.51 0 -0.302657 -0.798055 -2.20603
13.52 0 -0.000153104 -0.861612 -2.34178
13.53 0 0.208892 -0.970317 -2.41159
13.54 0 0.448424 -1.07554 -2.40456
13.55 0 0.720381 -1.05383 -2.31759
13.56 0 0.720258 -0.788463 -2.18615
13.57 0 0.574986 -0.42383 -2.00977
13.58 0 0.292458 -0.0954496 -1.76129
13.59 0 0.0201345 0.0870287 -1.36719
13.6 0 -0.143335 0.0790569 -0.806619
13.61 0 -0.227067 -0.117959 -0.175458
13.62 0 -0.376282 -0.294178 0.471262
13.63 0 -0.497974 -0.38795 1.05018
13.64 0 -0.643226 -0.315345 1.4987
13.65 0 -0.837871 0.0347534 1.87762
13.66 0 -0.897316 0.568626 2.26647
13.67 0 -0.673836 1.0244 2.63345
13.68 0 -0.252496 1.24097 2.9072
13.69 0 0.213707 1.28723 2.97817
13.7 0 0.570212 1.23269 2.79412
13.71 0 0.78932 1.21142 2.39863
13.72 0 0.904762 1.28709 1.87949
13.73 0 0.968714 1.42043 1.32428
13.74 0 1.05331 1.54257 0.83794
13.75 0 1.17481 1.57888 0.480021
13.76 0 1.379 1.55166 0.325976
13.77 0 1.62806 1.4992 0.366779
13.78 0 1.82666 1.48178 0.546121
13.79 0 1.86272 1.51499 0.771616
13.8 0 1.7418 1.63569 1.0378
13.81 0 1.52981 1.82862 1.37089
13.82 0 1.27383 2.00193 1.75575
13.83 0 1.00271 2.05155 2.15212
13.84 0 0.74548 1.92716 2.53334
13.85 0 0.521426 1.67248 2.86931
13.86 0 0.328765 1.37888 3.12346
13.87 0 0.164669 1.1503 3.26705
13.88 0 0.0581966 1.07473 3.30681
13.89 0 0.0323918 1.16479 3.24715
13.9 0 0.0858702 1.35467 3.0911
13.91 0 0.268207 1.58407 2.89015
13.92 0 0.589731 1.80063 2.68583
13.93 0 0.991925 1.96172 2.47081
13.94 0 1.4173 2.09449 2.24994
13.95 0 1.78071 2.19641 2.02067
13.96 0 1.9771 2.23682 1.73984
13.97 0 2.0081 2.20111 1.41292
13.98 0 1.87659 2.08013 1.09139
13.99 0 1.66104 1.88864 0.850567
14 0 1.43302 1.63166 0.754917
14.01 0 1.2675 1.35761 0.855348
14.02 0 1.01849 1.18387 1.08935
14.03 0 0.172183 1.17148 1.32027
14.04 0 -0.765545 1.02461 1.57423
14.05 0 -1.41362 0.579197 1.88737
14.06 0 -1.41328 -0.217156 2.1927
14.07 0 -1.12813 -1.01808 2.30541
14.08 0 -0.658479 -1.59131 2.02425
14.09 0 -0.469274 -1.68257 1.21001
14.1 0 -0.71702 -1.3636 -0.100845
14.11 0 -1.1231 -0.91273 -1.6288
14.12 0 -1.2966 -0.623372 -2.9823
14.13 0 -1.02208 -0.701809 -3.82685
14.14 0 -0.342465 -1.164 -4.14695
14.15 0 0.444572 -1.76451 -4.16929
14.16 0 0.988429 -2.17994 -4.08848
14.17 0 1.07872 -2.17355 -4.02371
14.18 0 0.689958 -1.78112 -4.00796
14.19 0 -0.0074596 -1.29621 -3.99979
14.2 0 -0.792598 -1.05575 -3.89506
14.21 0 -1.42987 -1.26527 -3.57783
14.22 0 -1.8133 -1.90791 -3.04237
14.23 0 -2.00072 -2.75575 -2.39477
14.24 0 -2.14105 -3.47938 -1.8007
14.25 0 -2.35287 -3.80232 -1.39536
14.26 0 -2.675 -3.66178 -1.25947
14.27 0 -2.97989 -3.16176 -1.33307
14.28 0 -3.06652 -2.52444 -1.48283
14.29 0 -2.82289 -2.02091 -1.62709
14.3 0 -2.23062 -1.76999 -1.7149
14.31 0 -1.37955 -1.69233 -1.73807
14.32 0 -0.506098 -1.65042 -1.79346
14.33 0 0.16314 -1.49907 -1.96772
14.34 0 0.494136 -1.19366 -2.29285
14.35 0 0.502153 -0.809569 -2.70825
14.36 0 0.313827 -0.50645 -3.09175
14.37 0 0.124245 -0.423379 -3.29487
14.38 0 0.000378854 -0.628936 -3.26511
14.39 0 -0.0775443 -1.05549 -3.02447
14.4 0 -0.181067 -1.53142 -2.64675
14.41 0 -0.41242 -1.89812 -2.24941
14.42 0 -0.809688 -2.06762 -1.91
14.43 0 -1.34654 -2.06887 -1.6336
14.44 0 -1.88468 -1.95918 -1.39442
14.45 0 -2.25812 -1.79995 -1.14962
14.46 0 -2.32843 -1.67922 -0.86119
14.47 0 -2.08412 -1.62198 -0.540073
14.48 0 -1.16457 -1.67726 -0.225879
14.49 0 0.00250133 -1.59534 -0.10333
14.5 0 0.981248 -1.13103 -0.296946
14.51 0 1.19701 -0.125256 -0.780901
14.52 0 0.914384 1.09825 -1.29323
14.53 0 0.396744 2.12293 -1.49689
14.54 0 0.266885 2.47186 -1.12512
14.55 0 0.732549 2.04367 -0.169042
14.56 0 1.47016 1.16013 1.11055
14.57 0 1.93847 0.409166 2.27519
14.58 0 1.80987 0.228159 2.98851
14.59 0 1.07159 0.689452 3.1558
14.6 0 0.00827088 1.4931 2.96575
14.61 0 -0.873416 2.15309 2.73416
14.62 0 -1.18007 2.32738 2.71773
14.63 0 -0.840058 1.93963 2.96005
14.64 0 -0.0374558 1.25073 3.34187
14.65 0 0.818061 0.665863 3.60973
14.66 0 1.36838 0.543613 3.55881
14.67 0 1.46052 0.993084 3.10869
14.68 0 1.21815 1.80891 2.3827
14.69 0 0.958175 2.61646 1.64742
14.7 0 0.981901 3.06563 1.16037
14.71 0 1.4023 3.01586 1.04915
14.72 0 2.05196 2.55784 1.23133
14.73 0 2.63257 1.99416 1.52939
14.74 0 2.85959 1.64415 1.76045
14.75 0 2.61129 1.66676 1.83139
14.76 0 1.99673 2.00654 1.79616
14.77 0 1.26348 2.41021 1.78154
14.78 0 0.670117 2.58581 1.90985
14.79 0 0.38487 2.38992 2.2461
14.8 0 0.411137 1.89893 2.75153
14.81 0 0.59743 1.34754 3.28666
14.82 0 0.704485 0.962225 3.64566
14.83 0 0.62811 0.925731 3.73997
14.84 0 0.405027 1.23982 3.5848
14.85 0 0.209767 1.75852 3.30885
14.86 0 0.179618 2.20722 3.00778
14.87 0 0.379211 2.37099 2.73989
14.88 0 0.771727 2.20648 2.51255
14.89 0 1.18158 1.79003 2.23588
14.9 0 1.46563 1.35715 1.87718
14.91 0 1.53909 1.12744 1.43286
14.92 0 1.43586 1.15921 0.956599
14.93 0 1.22723 1.33174 0.508745
14.94 0 1.02421 1.44397 0.130121
14.95 0 0.909948 1.39273 -0.0654212
14.96 0 0.878387 1.09952 -0.0896908
14.97 0 0.860184 0.573063 0.00641229
14.98 0 0.174293 0.196697 0.0910304
14.99 0 -0.730788 -0.0812607 0.224977
15 0 -1.59658 -0.399386 0.412979
15.01 0 -1.84776 -0.945846 0.663765
15.02 0 -1.65421 -1.54678 0.851936
15.03 0 -1.1388 -2.03719 0.78749
15.04 0 -0.738198 -2.15744 0.309706
15.05 0 -0.677475 -1.79193 -0.543229
15.06 0 -0.815204 -1.16696 -1.60332
15.07 0 -0.88169 -0.593215 -2.59972
15.08 0 -0.731665 -0.378772 -3.32637
15.09 0 -0.35087 -0.655678 -3.65785
15.1 0 0.209658 -1.20416 -3.67779
15.11 0 0.658305 -1.75057 -3.55208
15.12 0 0.768142 -2.03002 -3.42753
15.13 0 0.50036 -1.90936 -3.32622
15.14 0 -0.0187291 -1.51051 -3.21692
15.15 0 -0.623688 -1.09466 -3.02975
15.16 0 -1.1113 -0.903986 -2.66684
15.17 0 -1.3769 -1.06277 -2.12095
15.18 0 -1.47317 -1.53337 -1.49789
15.19 0 -1.53733 -2.12211 -0.952083
15.2 0 -1.7029 -2.59533 -0.62404
15.21 0 -1.98723 -2.76853 -0.552863
15.22 0 -2.32649 -2.63947 -0.719146
15.23 0 -2.58157 -2.34401 -1.03843
15.24 0 -2.6332 -2.09128 -1.42922
15.25 0 -2.40011 -2.00484 -1.80621
15.26 0 -1.89354 -2.07098 -2.12193
15.27 0 -1.20984 -2.1486 -2.3674
15.28 0 -0.538131 -2.10621 -2.60554
15.29 0 -0.074959 -1.90644 -2.9206
15.3 0 0.150281 -1.5445 -3.26908
15.31 0 0.22042 -1.09888 -3.53892
15.32 0 0.22003 -0.73502 -3.64679
15.33 0 0.206711 -0.595145 -3.5465
15.34 0 0.17111 -0.730286 -3.26029
15.35 0 0.11048 -1.03524 -2.81344
15.36 0 0.00187245 -1.31011 -2.24214
15.37 0 -0.251645 -1.45801 -1.67132
15.38 0 -0.659035 -1.45421 -1.16417
15.39 0 -1.0908 -1.28955 -0.672052
15.4 0 -1.4695 -1.04304 -0.167439
15.41 0 -1.69104 -0.860301 0.297742
15.42 0 -1.67473 -0.753137 0.736997
15.43 0 -1.4698 -0.658386 1.07513
15.44 0 -1.1816 -0.618576 1.22681
15.45 0 -0.882915 -0.54923 1.1596
15.46 0 -0.492475 -0.458637 0.891635
15.47 0 0.291202 -0.405046 0.448694
15.48 0 1.02604 -0.144174 -0.137945
15.49 0 1.57873 0.420709 -0.751862
15.5 0 1.73319 1.19536 -1.28992
15.51 0 1.62436 1.90672 -1.56943
15.52 0 1.59256 2.25835 -1.41968
15.53 0 1.55208 2.23395 -0.796482
15.54 0 1.60227 1.85862 0.199561
15.55 0 1.62625 1.34826 1.34991
15.56 0 1.41781 0.984341 2.41476
15.57 0 0.884032 0.916536 3.22168
15.58 0 0.125129 1.10678 3.71083
15.59 0 -0.644468 1.32916 3.8902
15.6 0 -1.24414 1.41236 3.88226
15.61 0 -1.47055 1.24267 3.80265
15.62 0 -1.30371 0.852172 3.6607
15.63 0 -0.830288 0.423209 3.43362
15.64 0 -0.240231 0.187948 3.03387
15.65 0 0.301985 0.294014 2.41962
15.66 0 0.753766 0.763666 1.65671
15.67 0 1.13682 1.42215 0.850954
15.68 0 1.51954 2.01743 0.14408
15.69 0 1.96412 2.3665 -0.335725
15.7 0 2.43717 2.39777 -0.546468
15.71 0 2.834 2.21814 -0.480247
15.72 0 3.03136 1.98616 -0.206338
15.73 0 2.93658 1.86941 0.210603
15.74 0 2.52109 1.91665 0.708691
15.75 0 1.86359 2.03782 1.24024
15.76 0 1.11634 2.10092 1.82561
15.77 0 0.421506 1.97338 2.45462
15.78 0 -0.117809 1.63409 3.09512
15.79 0 -0.478094 1.16487 3.67227
15.8 0 -0.682599 0.730114 4.1077
15.81 0 -0.792526 0.47263 4.3095
15.82 0 -0.832329 0.474946 4.23842
15.83 0 -0.819565 0.643727 3.87167
15.84 0 -0.728316 0.833997 3.22225
15.85 0 -0.45864 0.97922 2.41136
15.86 0 -0.156735 1.02209 1.52085
15.87 0 0.305244 0.898331 0.658273
15.88 0 0.820513 0.693635 -0.118072
15.89 0 1.28439 0.506983 -0.786465
15.9 0 1.57661 0.451667 -1.31949
15.91 0 1.47174 0.543647 -1.72457
15.92 0 1.14343 0.603004 -1.96017
15.93 0 0.698732 0.479255 -1.98985
15.94 0 0.408738 0.0905193 -1.77563
15.95 0 0.172562 -0.492088 -1.42672
15.96 0 0.0188481 -1.13384 -1.06694
15.97 0 -0.106398 -1.64033 -0.83003
15.98 0 -0.512176 -1.75653 -0.78319
15.99 0 -1.09689 -1.54046 -0.900586
16 0 -1.63378 -1.20881 -1.06104
16.01 0 -1.93297 -0.995967 -1.16947
16.02 0 -1.88669 -1.08851 -1.16662
16.03 0 -1.5693 -1.44618 -1.1048
16.04 0 -1.17027 -1.88398 -1.09427
16.05 0 -0.882345 -2.17948 -1.24419
16.06 0 -0.819258 -2.19891 -1.58553
16.07 0 -0.92424 -1.94823 -2.04988
16.08 0 -1.07204 -1.60256 -2.53321
16.09 0 -1.11294 -1.35098 -2.9033
16.1 0 -0.999273 -1.33302 -3.12039
16.11 0 -0.764272 -1.55199 -3.18638
16.12 0 -0.488297 -1.85511 -3.12758
16.13 0 -0.339548 -2.11402 -3.0556
16.14 0 -0.405653 -2.21192 -3.02666
16.15 0 -0.646514 -2.10814 -3.01393
16.16 0 -0.953447 -1.87706 -2.95837
16.17 0 -1.22477 -1.6775 -2.82425
16.18 0 -1.35359 -1.60521 -2.55686
16.19 0 -1.34088 -1.6904 -2.19061
16.2 0 -1.26801 -1.85912 -1.78583
16.21 0 -1.18471 -1.97533 -1.41269
16.22 0 -1.20821 -1.9943 -1.19053
16.23 0 -1.35491 -1.90648 -1.15169
16.24 0 -1.52945 -1.67697 -1.23719
16.25 0 -1.59882 -1.45681 -1.35047
16.26 0 -1.50809 -1.3283 -1.44912
16.27 0 -1.14855 -1.32067 -1.47141
16.28 0 -0.199251 -1.44567 -1.43696
16.29 0 0.675951 -1.35827 -1.48364
16.3 0 1.33019 -0.848875 -1.60249
16.31 0 1.47114 0.0970819 -1.75166
16.32 0 1.13087 1.15258 -1.80971
16.33 0 0.819702 1.82226 -1.5811
16.34 0 0.617204 1.92952 -0.955093
16.35 0 0.494045 1.49161 0.00220764
16.36 0 0.485205 0.677084 1.08549
16.37 0 0.370026 -0.112639 2.0595
16.38 0 0.036994 -0.529135 2.7411
16.39 0 -0.48779 -0.392265 3.02617
16.4 0 -1.04976 0.20965 3.05541
16.41 0 -1.33119 0.970211 3.0429
16.42 0 -1.1237 1.60414 3.12806
16.43 0 -0.464867 1.90053 3.2839
16.44 0 0.443226 1.89405 3.40926
16.45 0 1.32863 1.82223 3.40462
16.46 0 1.98711 1.92219 3.20445
16.47 0 2.34162 2.27459 2.81232
16.48 0 2.40963 2.77846 2.29615
16.49 0 2.32271 3.22452 1.79257
16.5 0 2.22744 3.40421 1.43434
16.51 0 2.22356 3.23937 1.31644
16.52 0 2.31839 2.82994 1.46247
16.53 0 2.36817 2.32821 1.75634
16.54 0 2.25819 1.95165 2.0987
16.55 0 1.95447 1.84913 2.43425
16.56 0 1.4767 1.98226 2.71668
16.57 0 0.940463 2.20423 2.96152
16.58 0 0.504197 2.35071 3.22017
16.59 0 0.255982 2.29219 3.49631
16.6 0 0.191573 2.03849 3.76252
16.61 0 0.24448 1.67912 3.93875
16.62 0 0.318872 1.35061 3.93775
16.63 0 0.327254 1.15833 3.69864
16.64 0 0.256416 1.12976 3.22751
16.65 0 0.172507 1.21671 2.59438
16.66 0 0.177028 1.32913 1.90127
16.67 0 0.345602 1.32367 1.21674
16.68 0 0.667337 1.15359 0.593861
16.69 0 1.07494 0.833596 0.0947516
16.7 0 1.38777 0.530747 -0.341933
16.71 0 1.21195 0.447689 -0.744539
16.72 0 0.648443 0.476318 -1.07757
16.73 0 -0.146237 0.393551 -1.28155
16.74 0 -0.755638 -0.029294 -1.27667
16.75 0 -0.940516 -0.791168 -1.06277
16.76 0 -0.826015 -1.67164 -0.798215
16.77 0 -0.691833 -2.36238 -0.702597
16.78 0 -0.577204 -2.63373 -0.884808
16.79 0 -0.825433 -2.33368 -1.36672
16.8 0 -1.24408 -1.68876 -1.99993
16.81 0 -1.57373 -1.10694 -2.59645
16.82 0 -1.59856 -0.898024 -2.98507
16.83 0 -1.24726 -1.13618 -3.06666
16.84 0 -0.645202 -1.63968 -2.88266
16.85 0 -0.0948675 -2.10675 -2.61455
16.86 0 0.144151 -2.28388 -2.45957
16.87 0 -0.018861 -2.07284 -2.47545
16.88 0 -0.479357 -1.61193 -2.60146
16.89 0 -1.02299 -1.17774 -2.7269
16.9 0 -1.39711 -1.01262 -2.70514
16.91 0 -1.47867 -1.2156 -2.46886
16.92 0 -1.31349 -1.69134 -2.07411
16.93 0 -1.10201 -2.21664 -1.67129
16.94 0 -1.02233 -2.52241 -1.4061
16.95 0 -1.13475 -2.45505 -1.32851
16.96 0 -1.37664 -2.0581 -1.40749
16.97 0 -1.58652 -1.52648 -1.53598
16.98 0 -1.60225 -1.09733 -1.60538
16.99 0 -1.33817 -0.907866 -1.54563
17 0 -0.895394 -0.986574 -1.41732
17.01 0 -0.441977 -1.2044 -1.31268
17.02 0 -0.138505 -1.3716 -1.3118
17.03 0 -0.112795 -1.40627 -1.49047
17.04 0 -0.352788 -1.32085 -1.81895
17.05 0 -0.681338 -1.17592 -2.15226
17.06 0 -0.891434 -1.06001 -2.33274
17.07 0 -0.878369 -1.03597 -2.28489
17.08 0 -0.719568 -1.11597 -2.07516
17.09 0 -0.482444 -1.24313 -1.75452
17.1 0 -0.275495 -1.26245 -1.40229
17.11 0 -0.180223 -1.11405 -1.08477
17.12 0 0.011064 -0.893782 -0.848721
17.13 0 0.144522 -0.583461 -0.714576
17.14 0 0.164836 -0.182355 -0.62949
17.15 0 0.290757 0.180627 -0.514532
17.16 0 0.40332 0.507061 -0.319429
17.17 0 0.546885 0.736903 -0.0251327
17.18 0 0.582298 0.877214 0.331496
17.19 0 0.536602 0.931292 0.733596
17.2 0 0.506141 0.93492 1.17826
17.21 0 0.432585 0.986243 1.64783
17.22 0 0.207939 1.1457 2.11197
17.23 0 0.0820181 1.27987 2.5489
17.24 0 0.0774944 1.35713 2.92805
17.25 0 0.199025 1.39865 3.2373
17.26 0 0.403829 1.4837 3.42794
17.27 0 0.618377 1.65312 3.48281
17.28 0 0.801714 1.88263 3.38832
17.29 0 0.934363 2.09941 3.14875
17.3 0 1.05676 2.24686 2.82583
17.31 0 1.22241 2.3078 2.50295
17.32 0 1.42513 2.27084 2.215
17.33 0 1.62464 2.16647 1.97085
17.34 0 1.78698 2.06593 1.78561
17.35 0 1.84149 1.98544 1.62051
17.36 0 1.75855 1.92334 1.46297
17.37 0 1.54109 1.84047 1.31445
17.38 0 1.24277 1.6969 1.19991
17.39 0 0.907999 1.44849 1.12367
17.4 0 0.612728 1.13254 1.12016
17.41 0 0.354769 0.775285 1.15229
17.42 0 0.149521 0.463888 1.20682
17.43 0 -0.00541833 0.266692 1.25625
17.44 0 -0.107557 0.181166 1.28201
17.45 0 -0.164869 0.225859 1.26179
17.46 0 -0.159356 0.352751 1.20479
17.47 0 -0.0931774 0.495196 1.10754
17.48 0 -0.159043 0.636414 0.971015
17.49 0 -0.159932 0.649635 0.833379
17.5 0 -0.0851645 0.481119 0.679574
17.51 0 0.00395073 0.155525 0.461909
17.52 0 -0.0365563 -0.192745 0.154632
17.53 0 -0.189237 -0.485778 -0.230742
17.54 0 -0.384244 -0.706433 -0.660379
17.55 0 -0.551682 -0.868418 -1.08271
17.56 0 -0.642821 -1.00327 -1.45436
17.57 0 -0.648276 -1.14964 -1.76414
17.58 0 -0.588045 -1.30524 -2.01069
17.59 0 -0.467214 -1.45681 -2.20838
17.6 0 -0.383338 -1.52881 -2.36355
17.61 0 -0.354204 -1.48472 -2.46114
17.62 0 -0.392434 -1.36835 -2.50521
17.63 0 -0.46591 -1.24845 -2.48122
17.64 0 -0.527797 -1.17371 -2.36476
17.65 0 -0.548816 -1.16212 -2.14982
17.66 0 -0.555932 -1.23062 -1.8931
17.67 0 -0.602065 -1.32238 -1.63866
17.68 0 -0.714565 -1.39507 -1.43154
17.69 0 -0.873964 -1.41699 -1.28266
17.7 0 -1.05762 -1.41615 -1.20881
17.71 0 -1.19224 -1.40358 -1.17681
17.72 0 -1.18817 -1.35477 -1.1229
17.73 0 -1.00215 -1.26348 -1.02836
17.74 0 -0.760348 -1.17221 -0.979472
17.75 0 -0.550656 -1.07231 -1.01376
17.76 0 -0.374665 -0.914831 -1.09056
17.77 0 -0.177363 -0.716794 -1.17103
17.78 0 0.0267151 -0.509969 -1.23542
17.79 0 0.158089 -0.317899 -1.27427
17.8 0 0.236046 -0.165438 -1.25227
17.81 0 0.313299 -0.0264277 -1.10509
17.82 0 0.392751 0.0991784 -0.829141
17.83 0 0.428233 0.199089 -0.471059
17.84 0 0.366184 0.294093 -0.0680884
17.85 0 0.249288 0.395109 0.368463
17.86 0 0.123928 0.473901 0.803817
17.87 0 0.017922 0.53307 1.21563
17.88 0 -0.0480131 0.58299 1.57988
17.89 0 -0.0907214 0.613895 1.84707
17.9 0 -0.113547 0.653639 2.00761
17.91 0 -0.0709262 0.749136 2.0983
17.92 0 -0.00605559 0.904872 2.12362
17.93 0 0.0791255 1.05542 2.07416
17.94 0 0.249389 1.1605 1.97916
17.95 0 0.508885 1.23899 1.87497
17.96 0 0.787099 1.29195 1.73831
17.97 0 1.0184 1.33571 1.55539
17.98 0 1.20924 1.42899 1.37901
17.99 0 1.36451 1.58246 1.25003
18 0 1.48202 1.76043 1.19074
18.01 0 1.53109 1.88167 1.18322
18.02 0 1.54976 1.94588 1.26838
18.03 0 1.51247 1.91947 1.41537
18.04 0 1.40749 1.81209 1.59885
18.05 0 1.25907 1.69417 1.82042
18.06 0 0.991716 1.57838 2.01862
18.07 0 0.45622 1.49763 2.16249
18.08 0 -0.0185553 1.35363 2.3087
18.09 0 -0.32068 1.08804 2.44622
18.1 0 -0.565811 0.752389 2.52103
18.11 0 -0.603547 0.374087 2.50033
18.12 0 -0.543451 0.0547608 2.31005
18.13 0 -0.451853 -0.12631 1.91251
18.14 0 -0.359515 -0.121631 1.33941
18.15 0 -0.222007 -0.0380863 0.622803
18.16 0 -0.0328841 0.0639844 -0.139503
18.17 0 0.184944 0.106016 -0.868374
18.18 0 0.410235 0.0343976 -1.50404
18.19 0 0.634036 -0.134052 -1.99178
18.2 0 0.802702 -0.37395 -2.34289
18.21 0 0.951636 -0.656476 -2.58415
18.22 0 0.876431 -0.822901 -2.72715
18.23 0 0.566273 -0.872713 -2.78749
18.24 0 0.12352 -0.859437 -2.72097
18.25 0 -0.327686 -0.864013 -2.4865
18.26 0 -0.703881 -0.949498 -2.08625
18.27 0 -0.97891 -1.17348 -1.57287
18.28 0 -1.18284 -1.46918 -1.03516
18.29 0 -1.37409 -1.73831 -0.578876
18.3 0 -1.59117 -1.89285 -0.285817
18.31 0 -1.8176 -1.89972 -0.184322
18.32 0 -2.00273 -1.80575 -0.266645
18.33 0 -2.07429 -1.69525 -0.489948
18.34 0 -1.96745 -1.628 -0.789441
18.35 0 -1.67654 -1.62424 -1.12451
18.36 0 -1.25078 -1.64396 -1.47362
18.37 0 -0.759145 -1.59934 -1.81025
18.38 0 -0.320654 -1.4567 -2.14357
18.39 0 -0.00299647 -1.23395 -2.48301
18.4 0 0.181084 -0.97935 -2.78599
18.41 0 0.262199 -0.768887 -2.99464
18.42 0 0.297582 -0.650357 -3.03854
18.43 0 0.294431 -0.663187 -2.90936
18.44 0 0.207425 -0.8065 -2.64285
18.45 0 0.0191143 -1.01164 -2.27252
18.46 0 -0.238085 -1.15476 -1.81403
18.47 0 -0.563129 -1.18819 -1.3237
18.48 0 -0.888668 -1.12781 -0.825928
18.49 0 -1.16903 -1.0217 -0.356371
18.5 0 -1.37587 -0.943841 0.0378638
18.51 0 -1.46885 -0.922176 0.342907
18.52 0 -1.43914 -0.938919 0.539517
18.53 0 -1.30931 -0.981027 0.582451
18.54 0 -0.782578 -1.06818 0.474536
18.55 0 -0.286718 -0.9615 0.180962
18.56 0 0.260884 -0.633033 -0.247428
18.57 0 0.621242 -0.0775589 -0.763702
18.58 0 0.852668 0.543996 -1.23643
18.59 0 0.918277 1.10769 -1.50354
18.6 0 1.04682 1.36606 -1.46712
18.61 0 1.20801 1.27933 -1.12851
18.62 0 1.24052 1.02042 -0.536576
18.63 0 1.13458 0.729543 0.194605
18.64 0 0.878004 0.511532 0.920567
18.65 0 0.452285 0.451719 1.54861
18.66 0 -0.033668 0.573623 2.07986
18.67 0 -0.478955 0.737784 2.48551
18.68 0 -0.774962 0.835837 2.74926
18.69 0 -0.856382 0.849638 2.93062
18.7 0 -0.729767 0.774516 3.01245
18.71 0 -0.456953 0.678344 2.9623
18.72 0 -0.108851 0.661526 2.76382
18.73 0 0.253337 0.797358 2.42001
18.74 0 0.568921 1.04891 1.93839
18.75 0 0.851357 1.35289 1.39335
18.76 0 1.16334 1.64737 0.905615
18.77 0 1.50067 1.83924 0.532918
18.78 0 1.82712 1.89263 0.305366
18.79 0 2.10134 1.86411 0.244895
18.8 0 2.25777 1.82096 0.330554
18.81 0 2.22696 1.79858 0.511512
18.82 0 1.99891 1.80633 0.760557
18.83 0 1.60734 1.80366 1.05935
18.84 0 1.13414 1.73651 1.4061
18.85 0 0.677011 1.5808 1.80621
18.86 0 0.286509 1.33267 2.22475
18.87 0 -0.00150675 1.05721 2.62818
18.88 0 -0.205961 0.819139 2.94723
18.89 0 -0.345446 0.682976 3.12712
18.9 0 -0.445063 0.651177 3.12024
18.91 0 -0.482329 0.710678 2.93275
18.92 0 -0.417298 0.814303 2.60736
18.93 0 -0.245994 0.877665 2.15333
18.94 0 0.0448468 0.853615 1.60935
18.95 0 0.442115 0.786398 1.06392
18.96 0 0.849264 0.73631 0.528256
18.97 0 1.16883 0.728257 0.00605184
18.98 0 1.29573 0.79582 -0.470679
18.99 0 1.11868 0.928279 -0.838145
19 0 0.85641 0.949538 -1.02594
19.01 0 0.549679 0.740499 -1.02917
19.02 0 0.159567 0.328567 -0.860115
19.03 0 -0.151418 -0.258329 -0.571408
19.04 0 -0.464875 -0.875714 -0.282967
19.05 0 -0.636298 -1.40196 -0.0799692
19.06 0 -0.943176 -1.63252 -0.0573063
19.07 0 -1.19882 -1.62638 -0.221666
19.08 0 -1.25345 -1.48504 -0.525485
19.09 0 -1.27715 -1.25752 -0.921611
19.1 0 -1.19349 -1.07487 -1.32832
19.11 0 -0.954253 -1.0045 -1.66696
19.12 0 -0.600697 -1.05563 -1.92149
19.13 0 -0.23327 -1.15697 -2.11527
19.14 0 0.0449975 -1.22658 -2.27616
19.15 0 0.170817 -1.19515 -2.40895
19.16 0 0.129768 -1.07098 -2.50785
19.17 0 -0.0443635 -0.926355 -2.5559
19.18 0 -0.262269 -0.860302 -2.50224
19.19 0 -0.452449 -0.923538 -2.31564
19.2 0 -0.602067 -1.11635 -2.01958
19.21 0 -0.731263 -1.36537 -1.66408
19.22 0 -0.875452 -1.57018 -1.31006
19.23 0 -1.06885 -1.66895 -1.02731
19.24 0 -1.30053 -1.65171 -0.849095
19.25 0 -1.50772 -1.55255 -0.763186
19.26 0 -1.61903 -1.43681 -0.740312
19.27 0 -1.58779 -1.36096 -0.755988
19.28 0 -1.41631 -1.34354 -0.805533
19.29 0 -1.15016 -1.35504 -0.900203
19.3 0 -0.858213 -1.32024 -1.05534
19.31 0 -0.589645 -1.21781 -1.26487
19.32 0 -0.365369 -1.03882 -1.49916
19.33 0 -0.191647 -0.822191 -1.72406
19.34 0 -0.0542771 -0.627025 -1.89556
19.35 0 0.0769924 -0.495348 -1.96066
19.36 0 0.208698 -0.449453 -1.90746
19.37 0 0.517288 -0.517999 -1.74364
19.38 0 0.690282 -0.526409 -1.53297
19.39 0 0.631638 -0.405791 -1.3139
19.4 0 0.372189 -0.179996 -1.07712
19.41 0 0.131308 0.0214934 -0.777703
19.42 0 -0.0911642 0.146004 -0.399018
19.43 0 -0.206351 0.147675 0.0559486
19.44 0 -0.235174 0.066792 0.540143
19.45 0 -0.207469 -0.0186259 0.987757
19.46 0 -0.190419 -0.0153463 1.3341
19.47 0 -0.235039 0.129997 1.54806
19.48 0 -0.335459 0.387781 1.63791
19.49 0 -0.330446 0.644261 1.65482
19.5 0 -0.189367 0.83803 1.64292
19.51 0 0.000750766 0.968776 1.62089
19.52 0 0.146367 1.05569 1.59286
19.53 0 0.394687 1.0571 1.5731
19.54 0 0.676079 1.03608 1.53913
19.55 0 0.919016 1.0518 1.4692
19.56 0 1.07346 1.13522 1.35563
19.57 0 1.12566 1.29513 1.21087
19.58 0 1.11234 1.47291 1.0777
19.59 0 1.08445 1.5962 1.00282
19.6 0 1.07766 1.61523 1.01607
19.61 0 1.09403 1.53094 1.11676
19.62 0 1.10135 1.38913 1.27547
19.63 0 1.05628 1.25425 1.44806
19.64 0 0.932766 1.17469 1.59654
19.65 0 0.741084 1.16102 1.70402
19.66 0 0.523984 1.18426 1.7757
19.67 0 0.338347 1.19643 1.82734
19.68 0 0.228312 1.16016 1.87003
19.69 0 0.207066 1.07036 1.90021
19.7 0 0.255039 0.95591 1.89837
19.71 0 0.332404 0.862074 1.83998
19.72 0 0.409103 0.807869 1.71166
19.73 0 0.461524 0.817064 1.51049
19.74 0 0.490213 0.874104 1.2578
19.75 0 0.518945 0.929454 0.99161
19.76 0 0.566308 0.945963 0.74674
19.77 0 0.560677 0.91859 0.543435
19.78 0 0.461192 0.84078 0.396035
19.79 0 0.355448 0.679299 0.317233
19.8 0 0.280961 0.441976 0.294966
19.81 0 0.15508 0.193418 0.290916
19.82 0 -0.0798625 -0.0144141 0.270061
19.83 0 -0.297591 -0.204571 0.224322
19.84 0 -0.484684 -0.37432 0.14297
19.85 0 -0.606741 -0.531097 0.0216794
19.86 0 -0.617137 -0.680266 -0.142234
19.87 0 -0.531604 -0.800857 -0.357057
19.88 0 -0.459764 -0.848083 -0.631606
19.89 0 -0.408046 -0.831546 -0.948399
19.9 0 -0.358137 -0.788386 -1.27287
19.91 0 -0.280126 -0.764842 -1.56564
19.92 0 -0.148559 -0.790045 -1.79798
19.93 0 0.00176507 -0.851048 -1.9633
19.94 0 0.0727202 -0.902454 -2.07172
19.95 0 0.0444661 -0.929221 -2.12654
19.96 0 -0.0752337 -0.938967 -2.12372
19.97 0 -0.255288 -0.957287 -2.05475
19.98 0 -0.446575 -0.99951 -1.90422
19.99 0 -0.64174 -1.09517 -1.70364
20 0 -0.814796 -1.22225 -1.46543
20.01 0 -0.965165 -1.35171 -1.22423
20.02 0 -1.09818 -1.44843 -1.01668
20.03 0 -1.21295 -1.48906 -0.870264
20.04 0 -1.29675 -1.47107 -0.796662
20.05 0 -1.32777 -1.41119 -0.791834
