0.01 0 -0.00359799 -0.00387205 -0.00377107
0.02 0 -0.00285646 -0.00394539 -0.00360161
0.03 0 -0.00194348 -0.00403076 -0.00357845
0.04 0 -0.00121699 -0.00388662 -0.00381137
0.05 0 -6.13314e-05 -0.00256032 -0.00346442
0.06 0 0.00139195 -0.000181428 -0.00246408
0.07 0 0.00253956 0.00233428 -0.00125467
0.08 0 0.00295764 0.00404212 -0.000210763
0.09 0 0.00150149 0.003211 -0.000609352
0.1 0 -0.0015729 -0.000390449 -0.00253418
0.11 0 -0.004785 -0.00539848 -0.00495011
0.12 0 -0.00644395 -0.0095877 -0.00649626
0.13 0 -0.00407551 -0.00921194 -0.00463419
0.14 0 -0.00055808 -0.00569555 -0.00176419
0.15 0 0.00122743 -0.00147377 -0.000308492
0.16 0 0.00176966 0.00281534 0.000313751
0.17 0 0.00352826 0.00777749 0.00245192
0.18 0 0.00287543 0.00830996 0.00235656
0.19 0 0.000203037 0.0041807 0.000202558
0.2 0 -0.000660984 -0.000135568 -0.000348783
0.21 0 -0.00250689 -0.00569568 -0.00206604
0.22 0 0.00136124 -0.0036773 0.00203088
0.23 0 0.00641385 0.00312699 0.00801777
0.24 0 0.0122011 0.0145201 0.0160453
0.25 0 0.021892 0.0324663 0.029818
0.26 0 0.0286848 0.0482431 0.0430117
0.27 0 0.0243431 0.0508535 0.047094
0.28 0 0.00653956 0.0343172 0.0378926
0.29 0 -0.0148531 0.0056989 0.0222531
0.3 0 -0.0193524 -0.0128689 0.0184904
0.31 0 -0.0125078 -0.01973 0.0214222
0.32 0 -0.00691317 -0.019622 0.0203575
0.33 0 0.00251821 -0.00449473 0.022149
0.34 0 0.0199611 0.0272458 0.032549
0.35 0 0.0353057 0.0594902 0.0430555
0.36 0 0.0265023 0.0618852 0.0319356
0.37 0 -0.00193789 0.0301721 0.00143852
0.38 0 -0.0394437 -0.0296012 -0.0417898
0.39 0 -0.071998 -0.0995994 -0.0871638
0.4 0 -0.0814822 -0.149181 -0.117375
0.41 0 -0.0791046 -0.173801 -0.141415
0.42 0 -0.0637564 -0.1623 -0.154511
0.43 0 -0.0360612 -0.115946 -0.153339
0.44 0 -0.0134329 -0.063029 -0.15196
0.45 0 0.00778132 -0.0156088 -0.14446
0.46 0 0.0363451 0.0242981 -0.119593
0.47 0 0.0665885 0.0521955 -0.0791048
0.48 0 0.0918935 0.0731232 -0.0251602
0.49 0 0.0893514 0.0771069 0.0212754
0.5 0 0.0306037 0.037626 0.0267872
0.51 0 -0.0582362 -0.0326162 0.00389286
0.52 0 -0.115041 -0.0877952 -0.001418
0.53 0 -0.112085 -0.101917 0.0290959
0.54 0 -0.0770729 -0.0869887 0.0682043
0.55 0 -0.0336039 -0.0470092 0.0988345
0.56 0 0.00611268 0.0141818 0.116122
0.57 0 0.0115343 0.0556187 0.0936188
0.58 0 0.00636703 0.0768419 0.0549243
0.59 0 0.047637 0.11706 0.0584148
0.6 0 0.120822 0.167437 0.0983281
0.61 0 0.163565 0.188161 0.125053
0.62 0 0.193626 0.217902 0.165908
0.63 0 0.207094 0.261085 0.220646
0.64 0 0.148323 0.250754 0.228394
0.65 0 -0.00386009 0.132287 0.149481
0.66 0 -0.182908 -0.0674637 0.0219262
0.67 0 -0.310485 -0.285809 -0.10166
0.68 0 -0.319389 -0.426426 -0.16317
0.69 0 -0.188028 -0.400312 -0.126767
0.7 0 -0.0389585 -0.264431 -0.0855224
0.71 0 0.0164461 -0.119891 -0.126971
0.72 0 -0.0121534 -0.0193248 -0.237057
0.73 0 -0.0692875 -0.00227923 -0.370192
0.74 0 -0.0603953 -0.0342631 -0.43865
0.75 0 0.0736166 -0.0320781 -0.370384
0.76 0 0.29226 0.0651209 -0.170544
0.77 0 0.450582 0.223336 0.055261
0.78 0 0.422878 0.352495 0.195365
0.79 0 0.20698 0.374592 0.218916
0.8 0 -0.0794986 0.265618 0.181853
0.81 0 -0.349038 -0.00192698 0.10491
0.82 0 -0.495578 -0.335819 0.0495041
0.83 0 -0.508151 -0.626048 0.0178539
0.84 0 -0.422098 -0.755569 -0.00399149
0.85 0 -0.311328 -0.685878 -0.0575081
0.86 0 -0.182044 -0.41597 -0.122282
0.87 0 -0.0112279 -0.0156927 -0.156817
0.88 0 0.206887 0.392555 -0.135766
0.89 0 0.457385 0.708591 -0.0438013
0.9 0 0.679609 0.87382 0.0998874
0.91 0 0.784594 0.874617 0.246297
0.92 0 0.732544 0.76318 0.374781
0.93 0 0.49159 0.555221 0.436392
0.94 0 0.0785562 0.238415 0.389461
0.95 0 -0.359089 -0.124564 0.294725
0.96 0 -0.602027 -0.384678 0.290516
0.97 0 -0.586461 -0.47082 0.399765
0.98 0 -0.417534 -0.408309 0.524064
0.99 0 -0.24763 -0.266025 0.544205
1 0 -0.145852 -0.0957112 0.423642
1.01 0 -0.033043 0.123492 0.264672
1.02 0 0.124637 0.342386 0.124954
1.03 0 0.288699 0.472476 -0.000575699
1.04 0 0.417994 0.481506 -0.112226
1.05 0 0.459899 0.372556 -0.224639
1.06 0 0.420439 0.218912 -0.308313
1.07 0 0.298608 0.0623932 -0.362609
1.08 0 0.135143 -0.0569754 -0.367764
1.09 0 0.0368302 -0.0645867 -0.250588
1.1 0 0.048503 0.0531641 0.0040334
1.11 0 0.10692 0.220744 0.314715
1.12 0 0.147733 0.372107 0.605154
1.13 0 0.128136 0.456821 0.817864
1.14 0 -0.0195325 0.381662 0.860214
1.15 0 -0.296744 0.101248 0.691697
1.16 0 -0.621626 -0.344178 0.347912
1.17 0 -0.812905 -0.774447 -0.022913
1.18 0 -0.793343 -1.04791 -0.341153
1.19 0 -0.635218 -1.13255 -0.638287
1.2 0 -0.327282 -0.929645 -0.836898
1.21 0 0.0814306 -0.457994 -0.907594
1.22 0 0.418444 0.0662366 -0.949139
1.23 0 0.623125 0.478883 -0.970901
1.24 0 0.730599 0.708958 -0.911591
1.25 0 0.791222 0.767166 -0.709537
1.26 0 0.726183 0.623224 -0.443808
1.27 0 0.443945 0.274669 -0.23147
1.28 0 -0.00673437 -0.169701 -0.088144
1.29 0 -0.485387 -0.570631 0.0300349
1.3 0 -0.863517 -0.846292 0.14713
1.31 0 -1.0642 -0.973681 0.255134
1.32 0 -1.02197 -0.912557 0.375366
1.33 0 -0.772441 -0.680997 0.478242
1.34 0 -0.40832 -0.330157 0.519704
1.35 0 -0.0582545 0.0388966 0.44175
1.36 0 0.155888 0.28707 0.190666
1.37 0 0.221923 0.342729 -0.195986
1.38 0 0.211344 0.218504 -0.614081
1.39 0 0.207474 -0.00710137 -0.952262
1.4 0 0.21565 -0.26058 -1.17377
1.41 0 0.196096 -0.47549 -1.28957
1.42 0 0.136689 -0.581674 -1.29881
1.43 0 0.0838462 -0.516479 -1.16429
1.44 0 0.0415979 -0.326962 -0.909747
1.45 0 -0.0747049 -0.192547 -0.662521
1.46 0 -0.22543 -0.172391 -0.436019
1.47 0 -0.299008 -0.203424 -0.166519
1.48 0 -0.322958 -0.282547 0.0900146
1.49 0 -0.391427 -0.42658 0.22522
1.5 0 -0.491968 -0.560044 0.237809
1.51 0 -0.537859 -0.580757 0.199423
1.52 0 -0.416523 -0.396379 0.219174
1.53 0 -0.133638 -0.0370698 0.313299
1.54 0 0.24028 0.416066 0.45919
1.55 0 0.569966 0.826108 0.581426
1.56 0 0.743352 1.07097 0.618342
1.57 0 0.732645 1.09683 0.566881
1.58 0 0.637798 0.979848 0.526116
1.59 0 0.525839 0.79434 0.549001
1.6 0 0.380003 0.565126 0.599263
1.61 0 0.212569 0.353232 0.663026
1.62 0 0.0599027 0.221696 0.743539
1.63 0 -0.0278786 0.214447 0.85635
1.64 0 -0.0739521 0.274711 0.948773
1.65 0 -0.102976 0.329508 0.974308
1.66 0 -0.0610346 0.393393 0.977147
1.67 0 0.0432075 0.452031 0.957396
1.68 0 0.138195 0.461006 0.867945
1.69 0 0.146433 0.375012 0.658027
1.7 0 0.0471931 0.182398 0.322628
1.71 0 -0.104165 -0.0785676 -0.0807942
1.72 0 -0.206032 -0.32441 -0.451865
1.73 0 -0.185132 -0.46988 -0.706801
1.74 0 -0.0579853 -0.482677 -0.833076
1.75 0 0.107033 -0.372898 -0.859132
1.76 0 0.226848 -0.197011 -0.833567
1.77 0 0.297835 0.0157356 -0.74328
1.78 0 0.337289 0.222032 -0.57232
1.79 0 0.394158 0.416443 -0.282442
1.8 0 0.460197 0.576682 0.106696
1.81 0 0.526537 0.723878 0.575709
1.82 0 0.547035 0.859258 1.06333
1.83 0 0.446326 0.929652 1.46376
1.84 0 0.21533 0.893581 1.71408
1.85 0 -0.112151 0.706453 1.77476
1.86 0 -0.470236 0.350986 1.63407
1.87 0 -0.699128 -0.0469281 1.39372
1.88 0 -0.731031 -0.370341 1.10579
1.89 0 -0.633283 -0.577867 0.733003
1.9 0 -0.454573 -0.616669 0.286578
1.91 0 -0.25439 -0.510068 -0.222493
1.92 0 -0.091443 -0.362636 -0.786194
1.93 0 0.0690843 -0.231687 -1.31036
1.94 0 0.239938 -0.174868 -1.72391
1.95 0 0.43381 -0.174955 -1.95151
1.96 0 0.610357 -0.189133 -1.97101
1.97 0 0.65149 -0.226818 -1.85641
1.98 0 0.492447 -0.294798 -1.67107
1.99 0 0.1273 -0.435877 -1.47519
2 0 -0.322982 -0.640249 -1.2481
2.01 0 -0.647669 -0.804677 -0.891877
2.02 0 -0.744222 -0.851822 -0.390292
2.03 0 -0.673514 -0.773789 0.15288
2.04 0 -0.5316 -0.565639 0.631279
2.05 0 -0.481983 -0.345065 0.878382
2.06 0 -0.645394 -0.299269 0.752713
2.07 0 -0.978489 -0.543783 0.253176
2.08 0 -1.27986 -1.02797 -0.462797
2.09 0 -1.35489 -1.58216 -1.20385
2.1 0 -1.16409 -2.02229 -1.86825
2.11 0 -0.710672 -2.10156 -2.33771
2.12 0 -0.147057 -1.74888 -2.61552
2.13 0 0.444518 -0.969142 -2.64662
2.14 0 1.1224 0.205943 -2.26604
2.15 0 1.70899 1.41206 -1.57775
2.16 0 2.09108 2.34797 -0.66048
2.17 0 2.18413 2.82069 0.390207
2.18 0 1.83196 2.66897 1.35133
2.19 0 1.0617 1.97835 2.11562
2.2 0 -0.0422226 0.893577 2.56784
2.21 0 -1.20548 -0.288859 2.74283
2.22 0 -2.09219 -1.24055 2.74789
2.23 0 -2.48962 -1.7503 2.63541
2.24 0 -2.29354 -1.6864 2.45751
2.25 0 -1.5067 -0.996243 2.28223
2.26 0 -0.318708 0.187449 2.09952
2.27 0 0.898808 1.50508 1.78118
2.28 0 1.7904 2.57762 1.25189
2.29 0 2.34168 3.15871 0.626367
2.3 0 2.55752 3.16468 0.0468217
2.31 0 2.40257 2.57751 -0.454564
2.32 0 1.77675 1.4503 -0.958486
2.33 0 1.03323 0.305543 -1.17592
2.34 0 0.390385 -0.446813 -0.965671
2.35 0 -0.270235 -0.872373 -0.579621
2.36 0 -0.831961 -0.99691 -0.0960882
2.37 0 -1.13154 -0.838758 0.489215
2.38 0 -1.1648 -0.556762 1.06224
2.39 0 -1.07158 -0.357074 1.43044
2.4 0 -0.957514 -0.328307 1.48328
2.41 0 -0.77565 -0.347407 1.30292
2.42 0 -0.449163 -0.240509 1.03319
2.43 0 -0.0194601 0.0405961 0.730241
2.44 0 0.452188 0.476775 0.44343
2.45 0 0.94217 1.03128 0.26001
2.46 0 1.39615 1.60094 0.225329
2.47 0 1.67454 1.99302 0.277505
2.48 0 1.60589 1.98783 0.27907
2.49 0 1.14132 1.4939 0.153621
2.5 0 0.353737 0.553909 -0.117122
2.51 0 -0.462711 -0.540165 -0.377302
2.52 0 -1.05759 -1.49911 -0.53228
2.53 0 -1.45845 -2.13459 -0.638774
2.54 0 -1.78056 -2.5052 -0.885248
2.55 0 -2.02132 -2.64661 -1.30849
2.56 0 -2.04014 -2.57894 -1.80403
2.57 0 -1.76351 -2.35801 -2.27262
2.58 0 -1.1083 -1.93305 -2.54539
2.59 0 -0.152591 -1.25599 -2.5345
2.6 0 0.737772 -0.506112 -2.41187
2.61 0 1.2305 0.103738 -2.34563
2.62 0 1.22098 0.407171 -2.37553
2.63 0 0.787217 0.302946 -2.44589
2.64 0 0.23437 -0.102718 -2.35131
2.65 0 -0.124012 -0.556012 -1.89295
2.66 0 -0.246509 -0.873889 -1.11184
2.67 0 -0.380428 -1.05135 -0.302111
2.68 0 -0.75019 -1.16984 0.239502
2.69 0 -1.37161 -1.32637 0.376623
2.7 0 -1.9665 -1.51679 0.227778
2.71 0 -2.14752 -1.64042 0.0379482
2.72 0 -1.68882 -1.49417 0.0348076
2.73 0 -0.750005 -1.01887 0.182855
2.74 0 0.338869 -0.204058 0.371342
2.75 0 1.26538 0.85725 0.507481
2.76 0 1.89387 2.00207 0.61811
2.77 0 2.2509 3.00253 0.805304
2.78 0 2.31517 3.52878 1.05802
2.79 0 2.16263 3.4676 1.41835
2.8 0 1.83109 2.89422 1.87197
2.81 0 1.21016 1.91192 2.23213
2.82 0 0.0543676 0.492186 2.12142
2.83 0 -1.31115 -0.981879 1.6571
2.84 0 -2.38585 -2.10405 1.10706
2.85 0 -2.8041 -2.63144 0.666303
2.86 0 -2.57884 -2.61705 0.276419
2.87 0 -1.87249 -2.16691 -0.13975
2.88 0 -0.873515 -1.37023 -0.586476
2.89 0 0.244065 -0.27166 -0.958966
2.9 0 1.34897 0.951718 -1.17477
2.91 0 2.27264 2.04264 -1.21084
2.92 0 2.81915 2.73739 -1.10679
2.93 0 2.88428 2.89498 -0.885449
2.94 0 2.51747 2.56517 -0.509291
2.95 0 1.74833 1.81736 -0.046978
2.96 0 0.73272 0.854345 0.48176
2.97 0 -0.276399 -0.0358672 1.10869
2.98 0 -1.17238 -0.689787 1.7483
2.99 0 -1.7909 -1.05125 2.31062
3 0 -2.09486 -1.16437 2.66363
3.01 0 -2.08191 -1.09112 2.7205
3.02 0 -1.72821 -0.817025 2.51645
3.03 0 -1.06352 -0.345582 2.11422
3.04 0 -0.206323 0.278194 1.57006
3.05 0 0.647992 0.92282 0.899739
3.06 0 1.35369 1.50067 0.194162
3.07 0 1.91035 1.94979 -0.393203
3.08 0 2.34007 2.26698 -0.703794
3.09 0 2.61751 2.4515 -0.665295
3.1 0 2.62414 2.47064 -0.335024
3.11 0 2.21804 2.27817 0.156489
3.12 0 1.4653 1.83618 0.711343
3.13 0 0.498915 1.17819 1.26754
3.14 0 -0.589569 0.263725 1.66278
3.15 0 -1.67061 -0.844743 1.78514
3.16 0 -2.46835 -1.93123 1.65715
3.17 0 -2.83197 -2.67741 1.35252
3.18 0 -2.7526 -2.91297 0.877142
3.19 0 -2.29835 -2.62183 0.232803
3.2 0 -1.56154 -1.92814 -0.544522
3.21 0 -0.681467 -1.0714 -1.40978
3.22 0 0.284168 -0.224008 -2.20911
3.23 0 1.2485 0.490021 -2.79953
3.24 0 1.98223 0.901599 -3.19635
3.25 0 2.22192 0.919805 -3.45839
3.26 0 1.87865 0.526513 -3.62502
3.27 0 1.09677 -0.198487 -3.64845
3.28 0 0.14695 -1.03111 -3.3937
3.29 0 -0.696436 -1.74237 -2.78945
3.3 0 -1.35065 -2.23606 -1.94918
3.31 0 -1.84634 -2.50764 -1.08238
3.32 0 -2.26629 -2.63275 -0.423451
3.33 0 -2.61715 -2.6885 -0.111211
3.34 0 -2.81126 -2.70915 -0.153774
3.35 0 -2.74551 -2.69787 -0.486499
3.36 0 -2.31817 -2.56431 -0.961831
3.37 0 -1.54414 -2.21577 -1.45901
3.38 0 -0.472992 -1.60277 -1.88446
3.39 0 0.708865 -0.627796 -2.11614
3.4 0 1.73554 0.577744 -2.14913
3.41 0 2.32813 1.65936 -2.07849
3.42 0 2.43261 2.30933 -1.8967
3.43 0 2.13809 2.36241 -1.54456
3.44 0 1.46333 1.70315 -1.11454
3.45 0 0.547535 0.536972 -0.621311
3.46 0 -0.265719 -0.576493 0.0994192
3.47 0 -0.929735 -1.32308 0.923617
3.48 0 -1.44665 -1.55757 1.68167
3.49 0 -1.71062 -1.23241 2.32689
3.5 0 -1.72714 -0.558947 2.75916
3.51 0 -1.48953 0.131696 2.89721
3.52 0 -0.96223 0.682488 2.80056
3.53 0 -0.219296 1.02771 2.51255
3.54 0 0.586445 1.25549 2.08899
3.55 0 1.1187 1.55096 1.60123
3.56 0 1.2837 1.92369 1.13871
3.57 0 1.50547 2.19545 0.838088
3.58 0 1.87244 2.36305 0.815651
3.59 0 2.3493 2.49519 1.09438
3.6 0 2.80215 2.68135 1.60348
3.61 0 2.96537 2.97519 2.20148
3.62 0 2.66472 3.30377 2.76057
3.63 0 2.05455 3.54269 3.30072
3.64 0 1.38924 3.57198 3.89149
3.65 0 0.862698 3.30089 4.54014
3.66 0 0.575902 2.81841 5.22911
3.67 0 0.374821 2.3624 5.8384
3.68 0 0.24271 2.02839 6.19658
3.69 0 0.0339576 1.83608 6.125
3.7 0 -0.174289 1.77226 5.62774
3.71 0 -0.354495 1.7874 4.80558
3.72 0 -0.265142 1.74414 3.81306
3.73 0 0.141772 1.62693 2.79839
3.74 0 0.824752 1.50623 1.86804
3.75 0 1.57511 1.50084 1.05766
3.76 0 2.29434 1.68657 0.408846
3.77 0 2.78649 1.99885 -0.120866
3.78 0 2.85475 2.29739 -0.558798
3.79 0 2.99 2.20825 -0.903878
3.8 0 2.60467 1.66531 -1.37914
3.81 0 1.56706 0.538387 -2.13602
3.82 0 0.103969 -0.970639 -3.02204
3.83 0 -1.14946 -2.29179 -3.52763
3.84 0 -1.92236 -3.2213 -3.55857
3.85 0 -2.42985 -3.81076 -3.36858
3.86 0 -2.76637 -4.03808 -3.09739
3.87 0 -2.95666 -3.93333 -2.82609
3.88 0 -3.00662 -3.60667 -2.60798
3.89 0 -2.98099 -3.27122 -2.53965
3.9 0 -3.02046 -3.23 -2.77665
3.91 0 -3.13795 -3.5643 -3.31477
3.92 0 -3.17051 -4.0776 -3.96693
3.93 0 -2.98275 -4.49264 -4.54608
3.94 0 -2.59398 -4.75015 -5.06754
3.95 0 -2.18788 -4.84596 -5.61802
3.96 0 -1.84895 -4.70969 -6.20776
3.97 0 -1.61593 -4.38816 -6.81174
3.98 0 -1.54693 -4.107 -7.45336
3.99 0 -1.70349 -4.1213 -8.13965
4 0 -2.06832 -4.62006 -8.84516
4.01 0 -2.52439 -5.50724 -9.44611
4.02 0 -2.72441 -6.23724 -9.56048
4.03 0 -2.4229 -6.2235 -8.88618
4.04 0 -1.16766 -4.69878 -6.91091
4.05 0 1.00917 -1.48413 -3.57611
4.06 0 1.95551 1.14887 -0.996083
4.07 0 1.54636 2.56037 0.565058
4.08 0 0.890484 3.16771 2.03674
4.09 0 0.386091 3.15723 3.67723
4.1 0 -0.0218134 2.49913 5.20254
4.11 0 -0.654256 1.34599 6.15144
4.12 0 -1.42709 0.302002 6.4784
4.13 0 -1.95388 -0.107472 6.47973
4.14 0 -1.98671 0.329368 6.33404
4.15 0 -1.44787 1.36591 6.11042
4.16 0 -0.419698 2.60124 5.78943
4.17 0 1.29158 3.61529 5.39137
4.18 0 3.46559 4.24253 4.81125
4.19 0 5.18066 4.70891 3.90205
4.2 0 5.58207 5.01491 2.48546
4.21 0 3.54472 3.80722 -0.393256
4.22 0 0.48853 1.21515 -3.77527
4.23 0 -1.14195 -1.04572 -5.49947
4.24 0 -1.43911 -2.95805 -5.78016
4.25 0 -1.36087 -4.53799 -5.45515
4.26 0 -1.30215 -5.1544 -4.76997
4.27 0 -1.18985 -4.48839 -3.7907
4.28 0 -0.831603 -2.58912 -2.39034
4.29 0 -0.0420362 0.148256 -0.478809
4.3 0 0.950875 2.82952 1.63279
4.31 0 1.28635 4.02749 2.96495
4.32 0 1.07406 3.70005 3.58462
4.33 0 0.797871 2.63198 3.9677
4.34 0 0.622726 1.49434 4.29267
4.35 0 0.714452 1.02805 4.74453
4.36 0 1.47979 1.98907 5.76764
4.37 0 2.69779 4.17472 7.17949
4.38 0 3.47257 6.33556 8.10312
4.39 0 3.62585 7.8122 8.42967
4.4 0 3.89957 8.80339 8.89284
4.41 0 4.46544 9.24214 9.65649
4.42 0 4.89003 8.93861 10.3458
4.43 0 4.92738 8.15394 10.7703
4.44 0 4.47497 7.20264 10.792
4.45 0 3.7392 6.40586 10.4715
4.46 0 2.99455 5.65325 9.81231
4.47 0 1.92882 5.03429 8.70762
4.48 0 0.157561 4.32382 7.16017
4.49 0 -1.32869 3.09923 5.46545
4.5 0 -1.33856 1.36862 4.0586
4.51 0 0.234607 -0.0946865 3.07772
4.52 0 1.81192 -0.499121 2.11116
4.53 0 2.60764 -0.0855608 0.762816
4.54 0 2.52967 0.766049 -1.00016
4.55 0 1.8567 1.4462 -2.9705
4.56 0 0.728229 1.02358 -5.04812
4.57 0 -0.838771 -1.04085 -7.07689
4.58 0 -2.16121 -3.95487 -8.39633
4.59 0 -3.05012 -6.6237 -9.11061
4.6 0 -3.88251 -8.824 -9.65358
4.61 0 -4.91118 -10.3419 -10.2711
4.62 0 -6.11735 -11.0953 -11.003
4.63 0 -7.31711 -11.2621 -11.7984
4.64 0 -8.33586 -11.2781 -12.6596
4.65 0 -8.88732 -11.4444 -13.442
4.66 0 -8.64945 -11.9557 -14.0725
4.67 0 -7.77795 -12.9143 -14.8328
4.68 0 -6.917 -13.9907 -15.9862
4.69 0 -6.14814 -14.2735 -17.1671
4.7 0 -5.37573 -13.1163 -17.8709
4.71 0 -4.5365 -10.7145 -17.8943
4.72 0 -3.83511 -8.24564 -17.3841
4.73 0 -3.47338 -6.80739 -16.6452
4.74 0 -2.94967 -6.34856 -15.268
4.75 0 -1.70298 -5.86125 -12.7055
4.76 0 -0.195118 -5.09442 -9.43413
4.77 0 0.825573 -4.05371 -6.33873
4.78 0 0.898303 -2.51844 -3.76015
4.79 0 0.18057 -0.900812 -1.90522
4.8 0 0.184762 0.122077 -0.112832
4.81 0 -0.424979 0.739664 1.862
4.82 0 -2.36218 1.28193 3.60117
4.83 0 -3.4485 0.895844 4.83885
4.84 0 -3.78688 0.335714 5.70979
4.85 0 -3.50817 -0.159995 5.83273
4.86 0 -2.76021 -0.79584 5.78833
4.87 0 -1.71831 -1.18356 5.60138
4.88 0 -0.778604 -0.969982 5.05404
4.89 0 -0.112638 -0.217064 4.08547
4.9 0 0.344793 0.921544 2.83375
4.91 0 0.779793 2.13495 1.52753
4.92 0 1.42415 3.09336 0.394186
4.93 0 2.36469 3.62738 -0.448268
4.94 0 -0.709462 4.94638 -1.12963
4.95 0 2.12081 3.96022 -0.406258
4.96 0 5.954 3.36966 1.44396
4.97 0 10.5909 5.26529 4.85553
4.98 0 13.8967 9.06529 8.18007
4.99 0 12.8961 11.7262 8.51437
5 0 9.22585 12.6134 7.1069
5.01 0 6.30691 14.0009 6.80668
5.02 0 5.36378 14.7425 8.31287
5.03 0 6.01438 11.669 11.0473
5.04 0 5.56455 9.29551 12.7086
5.05 0 4.54467 6.66261 13.8972
5.06 0 2.97127 4.70517 14.6548
5.07 0 1.39092 3.64291 14.6989
5.08 0 -0.872679 4.55442 13.9412
5.09 0 -2.28467 4.82029 14.1667
5.1 0 -2.63924 5.07553 14.6775
5.11 0 -1.62131 5.49293 15.5974
5.12 0 0.135543 6.00756 16.2667
5.13 0 1.355 6.01717 15.6358
5.14 0 1.13305 4.96058 13.0174
5.15 0 0.73807 4.06528 9.83997
5.16 0 0.812861 3.6275 6.90707
5.17 0 1.29585 3.31314 4.34363
5.18 0 1.91584 2.77229 2.07572
5.19 0 2.50695 2.03856 0.104486
5.2 0 3.50822 1.90384 -0.996014
5.21 0 4.12852 1.91957 -1.92284
5.22 0 3.85353 1.66885 -3.16174
5.23 0 3.16457 1.43037 -4.28432
5.24 0 2.1447 0.90542 -5.32332
5.25 0 0.957193 -0.103753 -6.24862
5.26 0 -0.289507 -1.67598 -7.05779
5.27 0 -1.30042 -3.43837 -7.51234
5.28 0 -2.06283 -5.07526 -7.6176
5.29 0 -2.86292 -6.49004 -7.65843
5.3 0 -3.73256 -7.45639 -7.68812
5.31 0 -4.44401 -7.72888 -7.54142
5.32 0 -4.7814 -7.28146 -7.09172
5.33 0 -4.6622 -6.32003 -6.34221
5.34 0 -4.04874 -5.06873 -5.30821
5.35 0 -3.17154 -3.88283 -4.2229
5.36 0 -2.33031 -3.03718 -3.34886
5.37 0 -1.48544 -2.34782 -2.57705
5.38 0 -0.637272 -1.6259 -1.83162
5.39 0 0.153897 -0.771028 -1.10082
5.4 0 0.897048 0.292619 -0.323908
5.41 0 1.53834 1.46371 0.47072
5.42 0 2.08007 2.61168 1.28837
5.43 0 2.4954 3.55306 2.09204
5.44 0 2.71962 4.10391 2.80513
5.45 0 3.033 4.47643 3.73241
5.46 0 3.36996 4.76257 4.81157
5.47 0 3.18582 4.60302 5.49869
5.48 0 2.48969 4.10747 5.75993
5.49 0 1.4501 3.41247 5.68355
5.5 0 0.273996 2.57249 5.36009
5.51 0 -0.670461 1.77372 5.03821
5.52 0 -1.06992 1.17151 4.96135
5.53 0 -0.789404 0.978464 5.28504
5.54 0 -0.266384 1.02178 5.72417
5.55 0 0.268329 1.38049 6.08988
5.56 0 0.797642 2.10191 6.30439
5.57 0 1.25345 3.11111 6.35388
5.58 0 1.73499 4.21866 6.34957
5.59 0 2.23866 5.26166 6.22743
5.6 0 2.17158 6.00608 6.17875
5.61 0 2.13688 6.32559 6.08306
5.62 0 2.80617 5.9 6.12561
5.63 0 4.44166 5.10658 5.76444
5.64 0 5.8309 4.6618 4.95754
5.65 0 5.94955 4.82665 3.41518
5.66 0 5.1804 4.84895 1.61665
5.67 0 3.81505 4.59414 0.0688044
5.68 0 2.39838 3.83136 -1.00971
5.69 0 1.29492 2.46707 -1.57335
5.7 0 0.459124 0.702528 -1.56434
5.71 0 -0.138397 -1.07263 -1.20169
5.72 0 -0.712116 -2.59095 -0.669319
5.73 0 -1.58037 -3.61163 -0.3369
5.74 0 -3.01242 -4.3258 -0.57183
5.75 0 -5.01383 -5.09744 -1.50122
5.76 0 -6.99358 -6.05826 -2.78885
5.77 0 -8.31386 -7.20606 -4.04746
5.78 0 -8.69004 -8.51042 -5.03676
5.79 0 -8.32804 -9.86634 -5.84302
5.8 0 -7.46115 -10.7532 -6.60529
5.81 0 -6.34596 -10.7891 -7.37417
5.82 0 -5.22048 -9.87222 -8.19811
5.83 0 -4.02752 -8.02042 -8.94809
5.84 0 -2.45251 -5.37777 -9.2618
5.85 0 -0.445149 -2.4216 -9.05354
5.86 0 1.72363 0.179424 -8.5175
5.87 0 3.66848 1.94066 -7.91408
5.88 0 5.16325 2.83133 -7.3126
5.89 0 6.21712 3.23855 -6.5461
5.9 0 6.60962 3.33555 -5.71827
5.91 0 6.01402 2.84499 -4.99161
5.92 0 4.12021 1.55261 -4.6554
5.93 0 1.52097 -0.162407 -4.37251
5.94 0 -1.2497 -2.05624 -3.9461
5.95 0 -3.94183 -4.15305 -3.48324
5.96 0 -6.06693 -6.06145 -2.81072
5.97 0 -7.55653 -7.63872 -2.09171
5.98 0 -8.58614 -8.87038 -1.64344
5.99 0 -9.1012 -9.52989 -1.48452
6 0 -9.00019 -9.42795 -1.53639
6.01 0 -8.11345 -8.3588 -1.65719
6.02 0 -6.15016 -6.16608 -1.44846
6.03 0 -3.56699 -3.43774 -1.18088
6.04 0 -1.19566 -1.12329 -1.43884
6.05 0 0.747485 0.484035 -2.18296
6.06 0 2.60264 1.73094 -2.81593
6.07 0 4.27872 2.68183 -3.18154
6.08 0 5.50405 3.3245 -3.34333
6.09 0 6.05932 3.67439 -3.38928
6.1 0 5.83711 3.66123 -3.36072
6.11 0 5.00506 3.34076 -3.1339
6.12 0 3.80925 2.76872 -2.59736
6.13 0 2.48533 2.01737 -1.70615
6.14 0 1.14602 1.13125 -0.561295
6.15 0 -0.25812 0.0900568 0.571744
6.16 0 -1.72559 -1.04455 1.48961
6.17 0 -3.15661 -2.148 2.10977
6.18 0 -4.44836 -3.16015 2.38475
6.19 0 -5.47117 -4.03522 2.33296
6.2 0 -6.00111 -4.61879 2.11252
6.21 0 -5.84871 -4.71849 1.90379
6.22 0 -5.09307 -4.27859 1.64307
6.23 0 -3.93138 -3.39595 1.18864
6.24 0 -2.58339 -2.27753 0.471429
6.25 0 -1.23288 -1.16724 -0.518911
6.26 0 0.114504 -0.160021 -1.60082
6.27 0 1.54627 0.788798 -2.49103
6.28 0 3.00595 1.68038 -3.04297
6.29 0 4.21759 2.38709 -3.3421
6.3 0 5.08923 2.98264 -3.32773
6.31 0 5.59785 3.5475 -2.92461
6.32 0 5.63894 3.9873 -2.21397
6.33 0 5.17788 4.18084 -1.29418
6.34 0 4.39351 4.16335 -0.129724
6.35 0 3.3643 3.87851 1.15727
6.36 0 2.05377 3.20184 2.30213
6.37 0 0.472272 2.09423 3.09052
6.38 0 -1.40361 0.480412 3.3085
6.39 0 -3.34456 -1.47483 3.0397
6.4 0 -4.97726 -3.42079 2.55584
6.41 0 -6.16408 -5.14547 1.9369
6.42 0 -6.9429 -6.53823 1.1227
6.43 0 -7.44507 -7.58435 -0.0148117
6.44 0 -7.81261 -8.23867 -1.72939
6.45 0 -7.72886 -8.35979 -3.7177
6.46 0 -7.01985 -8.01045 -5.71844
6.47 0 -5.83694 -7.53463 -7.71604
6.48 0 -4.3603 -7.12077 -9.65987
6.49 0 -2.90987 -6.94705 -11.6031
6.5 0 -1.72959 -6.99462 -13.5156
6.51 0 -0.918019 -7.11296 -15.267
6.52 0 -0.285371 -6.98889 -16.4936
6.53 0 0.176967 -6.64848 -17.1007
6.54 0 0.385242 -6.26193 -17.2257
6.55 0 0.515128 -5.89212 -16.8438
6.56 0 0.611819 -5.29675 -16.0375
6.57 0 0.599494 -4.38637 -14.8545
6.58 0 1.5525 -3.83071 -13.5647
6.59 0 2.40171 -3.09265 -12.474
6.6 0 0.974031 -1.80249 -11.3879
6.61 0 -1.11781 -0.977079 -9.22062
6.62 0 -2.58711 -1.97835 -4.75661
6.63 0 -3.24271 -4.39014 1.502
6.64 0 -3.89435 -5.36169 5.5906
6.65 0 -4.96653 -4.67347 7.30979
6.66 0 -6.24956 -3.28254 8.0838
6.67 0 -7.13801 -1.80572 8.03281
6.68 0 -7.25812 -0.839547 7.73128
6.69 0 -6.35631 -0.578243 7.31697
6.7 0 -4.54606 -0.806431 6.90103
6.71 0 -2.2 -0.980713 6.42203
6.72 0 0.158654 -0.585066 5.72578
6.73 0 2.38458 0.959203 4.99788
6.74 0 4.16397 3.43402 4.12941
6.75 0 5.55686 6.37236 3.24669
6.76 0 6.90504 9.2556 2.67248
6.77 0 8.37075 11.4894 2.56143
6.78 0 9.65843 12.4556 2.67306
6.79 0 10.8006 12.4121 3.16931
6.8 0 11.8364 12.0577 4.26977
6.81 0 12.2509 11.6592 5.62965
6.82 0 13.6058 10.753 5.25665
6.83 0 11.5006 10.9851 6.24744
6.84 0 7.67767 15.1999 2.80617
6.85 0 5.98696 13.4152 4.83982
6.86 0 5.16694 10.0903 7.51665
6.87 0 4.57725 6.07521 10.4721
6.88 0 3.50612 2.72122 13.1389
6.89 0 1.51698 0.851176 15.1948
6.9 0 -1.43915 0.543631 16.3705
6.91 0 -4.83987 1.16699 16.7535
6.92 0 -6.82268 1.45371 15.712
6.93 0 -9.29272 1.14151 14.8793
6.94 0 -6.69286 -1.92455 10.0499
6.95 0 -7.88032 -3.773 8.20316
6.96 0 -8.04353 -5.12301 6.57327
6.97 0 -7.5533 -6.0311 4.79505
6.98 0 -6.59684 -6.3387 2.8814
6.99 0 -5.15835 -5.76443 0.988962
7 0 -3.32204 -4.32652 -0.778583
7.01 0 -1.0003 -2.04956 -2.18054
7.02 0 2.04004 1.09933 -2.80025
7.03 0 5.30325 4.45826 -2.93322
7.04 0 7.80934 6.93936 -3.35032
7.05 0 9.37843 8.29737 -4.06232
7.06 0 10.1313 8.64606 -4.82516
7.07 0 10.2643 6.69398 -5.36934
7.08 0 8.53862 5.21405 -6.76654
7.09 0 6.17956 3.48931 -7.96484
7.1 0 3.95328 1.81537 -8.41065
7.11 0 2.04187 0.119396 -8.12404
7.12 0 0.641409 -1.41964 -7.05287
7.13 0 -0.29855 -2.5866 -5.33151
7.14 0 -1.18797 -3.43924 -3.42334
7.15 0 -2.19158 -3.88961 -1.56554
7.16 0 -3.0566 -3.67234 0.379847
7.17 0 -3.79942 -3.01956 2.24696
7.18 0 -4.50695 -2.37918 3.7851
7.19 0 -3.99994 -2.27312 4.12821
7.2 0 -4.51381 -1.96044 4.91739
7.21 0 -4.77395 -1.8041 5.43815
7.22 0 -4.59663 -1.68856 5.82455
7.23 0 -3.90847 -1.43202 6.18836
7.24 0 -2.85517 -0.919402 6.47009
7.25 0 -1.49673 0.066736 6.73521
7.26 0 0.102625 1.64939 7.04543
7.27 0 1.6802 3.58125 7.24881
7.28 0 4.32183 0.663237 8.51979
7.29 0 3.93972 3.93835 7.41655
7.3 0 2.8486 7.36232 5.82349
7.31 0 2.27817 9.88282 4.57791
7.32 0 2.88121 10.7686 4.07144
7.33 0 4.51645 9.8318 4.23198
7.34 0 6.59349 7.80224 4.8079
7.35 0 8.37937 5.89092 5.54081
7.36 0 9.21467 5.12095 6.16044
7.37 0 8.64769 5.68495 6.35662
7.38 0 6.8548 7.12996 6.13504
7.39 0 4.64268 8.71228 5.90488
7.4 0 2.91003 9.64161 6.12089
7.41 0 2.2066 9.43475 7.03194
7.42 0 2.46263 8.08015 8.51226
7.43 0 2.8457 5.7711 9.88773
7.44 0 2.82857 3.40525 10.8696
7.45 0 2.07078 1.77646 11.2839
7.46 0 -0.33807 0.278855 10.1894
7.47 0 -3.68301 -1.03264 8.03805
7.48 0 -6.17158 -1.57612 6.24332
7.49 0 -7.10669 -1.72585 5.19829
7.5 0 -6.80133 -2.22364 4.48376
7.51 0 -5.40937 -2.88216 4.05777
7.52 0 -3.45921 -3.3387 3.66451
7.53 0 -1.58169 -3.23545 2.9958
7.54 0 -0.261195 -2.44553 1.82103
7.55 0 0.436019 -1.0659 0.188732
7.56 0 0.774995 0.549011 -1.64925
7.57 0 1.04759 1.83565 -3.48383
7.58 0 1.47457 2.3291 -5.15301
7.59 0 2.15287 1.91733 -6.52552
7.6 0 2.8764 0.729346 -7.66332
7.61 0 3.27645 -0.892759 -8.73922
7.62 0 3.13756 -2.44739 -9.78735
7.63 0 2.16419 -3.78934 -11.0411
7.64 0 0.441862 -4.94669 -12.4569
7.65 0 -1.24651 -5.61921 -13.4183
7.66 0 -2.19809 -5.65846 -13.4237
7.67 0 -1.85627 -4.84863 -12.0439
7.68 0 -0.367001 -3.35394 -9.37861
7.69 0 1.08271 -1.96158 -6.52291
7.7 0 2.15951 -0.558728 -3.71494
7.71 0 2.36114 0.613316 -1.44889
7.72 0 1.52763 1.2576 0.0382472
7.73 0 0.339728 1.58557 1.2643
7.74 0 -0.725258 1.6132 2.51065
7.75 0 -1.48239 1.286 3.82542
7.76 0 -1.86829 0.700903 5.18108
7.77 0 -1.99736 0.0521949 6.46686
7.78 0 -2.2135 -0.438524 7.45142
7.79 0 -2.61237 -0.747184 7.94693
7.8 0 -3.24068 -0.927185 7.85648
7.81 0 -4.01019 -0.992824 7.28632
7.82 0 -5.10399 -0.902973 6.38807
7.83 0 -5.49468 -0.974805 5.29266
7.84 0 -4.82339 -1.45185 4.26413
7.85 0 -3.17963 -1.94465 3.21463
7.86 0 -1.3194 -1.38998 1.30378
7.87 0 0.512315 -0.0896091 -1.14843
7.88 0 2.31324 1.06968 -3.28482
7.89 0 4.01713 1.54795 -4.5426
7.9 0 5.23169 1.62697 -5.08566
7.91 0 5.62194 2.04048 -5.50935
7.92 0 5.44396 2.63952 -5.68096
7.93 0 5.33647 2.98576 -5.44589
7.94 0 5.20846 3.22172 -4.86969
7.95 0 4.85592 3.36477 -3.9781
7.96 0 4.31637 3.35092 -2.81785
7.97 0 3.80054 3.18694 -1.37587
7.98 0 3.03661 2.85373 0.121793
7.99 0 2.01691 2.32407 1.56002
8 0 0.76974 1.63375 2.85668
8.01 0 -0.711417 0.736918 3.87281
8.02 0 -2.41613 -0.480043 4.46802
8.03 0 -4.08219 -1.86204 4.75375
8.04 0 -5.30956 -3.02442 4.97265
8.05 0 -5.9557 -3.82535 5.20778
8.06 0 -6.17156 -4.31398 5.2856
8.07 0 -6.04791 -4.43561 5.11845
8.08 0 -5.6065 -4.13907 4.71951
8.09 0 -4.89876 -3.51342 4.10327
8.1 0 -3.98476 -2.67708 3.26224
8.11 0 -2.90242 -1.76802 2.23353
8.12 0 -1.69452 -0.90286 1.06381
8.13 0 -0.46305 -0.208557 -0.233137
8.14 0 0.693912 0.268573 -1.63038
8.15 0 1.71346 0.55921 -3.05727
8.16 0 2.51759 0.698747 -4.47245
8.17 0 3.1551 0.810787 -5.71884
8.18 0 3.65213 0.960125 -6.68767
8.19 0 4.04045 1.18253 -7.2895
8.2 0 4.31582 1.45226 -7.49348
8.21 0 4.40658 1.66373 -7.35756
8.22 0 4.25322 1.71988 -6.95054
8.23 0 3.84262 1.57532 -6.31784
8.24 0 3.18028 1.21404 -5.5083
8.25 0 2.34399 0.70776 -4.51676
8.26 0 1.41828 0.150005 -3.34482
8.27 0 0.445335 -0.39985 -2.04535
8.28 0 -0.513594 -0.870064 -0.658819
8.29 0 -1.40505 -1.21396 0.763374
8.3 0 -2.15633 -1.38632 2.19066
8.31 0 -2.80139 -1.46531 3.49258
8.32 0 -3.19337 -1.35329 4.73248
8.33 0 -3.3859 -1.14018 5.79396
8.34 0 -3.59414 -1.06893 6.41705
8.35 0 -3.78946 -1.13985 6.59804
8.36 0 -3.90872 -1.31332 6.38148
8.37 0 -3.94805 -1.58973 5.77129
8.38 0 -3.91493 -1.95955 4.77919
8.39 0 -3.52391 -2.09122 3.73406
8.4 0 -2.71775 -1.84482 2.76811
8.41 0 -1.628 -1.25282 1.85278
8.42 0 -0.397467 -0.386716 0.960719
8.43 0 0.84023 0.631704 0.0714332
8.44 0 1.92236 1.58529 -0.878089
8.45 0 2.77802 2.30683 -1.87634
8.46 0 3.30312 2.59566 -2.96185
8.47 0 3.45757 2.35609 -4.1236
8.48 0 3.29052 1.64768 -5.27401
8.49 0 2.94213 0.693697 -6.24362
8.5 0 2.50317 -0.281039 -6.92131
8.51 0 1.60565 0.0364736 -7.67266
8.52 0 1.29487 -1.11564 -7.6236
8.53 0 0.99901 -2.27987 -7.2788
8.54 0 0.532075 -3.20352 -6.78938
8.55 0 -0.255327 -3.79527 -6.30913
8.56 0 -1.35697 -4.09878 -5.9164
8.57 0 -2.58387 -4.24589 -5.5671
8.58 0 -3.64388 -4.36805 -5.13911
8.59 0 -4.31959 -4.57469 -4.55436
8.6 0 -4.47681 -4.81216 -3.75075
8.61 0 -3.99475 -4.76227 -2.59687
8.62 0 -2.74707 -3.90512 -0.883616
8.63 0 -1.21765 -2.31526 1.0234
8.64 0 -0.194428 -0.586917 2.42337
8.65 0 0.0909637 0.885766 3.08826
8.66 0 0.017999 2.03353 3.32334
8.67 0 -0.0549772 2.72029 3.39237
8.68 0 0.0650109 2.84903 3.43414
8.69 0 0.33994 2.42686 3.42845
8.7 0 0.613562 1.63636 3.29872
8.71 0 0.590422 0.635902 2.84904
8.72 0 -0.0304384 -0.538252 1.84134
8.73 0 -1.17337 -1.74805 0.340088
8.74 0 -2.28788 -2.64747 -1.18029
8.75 0 -2.96525 -3.14387 -2.40233
8.76 0 -3.24572 -3.53125 -3.42615
8.77 0 -2.78419 -5.63588 -2.4222
8.78 0 -3.03875 -5.34606 -3.56339
8.79 0 -1.57687 -11.1288 2.85106
8.8 0 -3.29923 -9.00937 2.43926
8.81 0 -6.08608 -3.36113 -0.327607
8.82 0 -7.24828 2.185 -2.1891
8.83 0 -5.67138 5.74254 -2.60556
8.84 0 -1.60359 6.45029 -1.8065
8.85 0 3.59475 4.80959 -0.541438
8.86 0 8.2846 2.47944 0.484223
8.87 0 11.0663 1.20081 0.735405
8.88 0 11.1553 1.76156 -0.119845
8.89 0 8.66885 3.66467 -2.07693
8.9 0 4.73881 5.64999 -4.58766
8.91 0 1.30939 6.71775 -6.46085
8.92 0 -0.10997 6.31883 -6.74501
8.93 0 0.571395 4.30045 -5.47233
8.94 0 2.52915 1.40559 -3.152
8.95 0 4.48582 -1.11437 -0.513554
8.96 0 5.19908 -2.25448 1.67905
8.97 0 4.02737 -1.73307 2.93765
8.98 0 1.27803 -0.0152176 3.30457
8.99 0 -2.08464 1.83593 3.16729
9 0 -4.90377 2.69011 3.03728
9.01 0 -6.49582 1.73882 3.14279
9.02 0 -6.54475 -0.76762 3.69311
9.03 0 -5.44439 -3.90391 4.53699
9.04 0 -4.14572 -6.59462 5.16025
9.05 0 -3.46654 -7.89403 5.14561
9.06 0 -3.78344 -7.47261 4.28934
9.07 0 -4.88621 -5.73224 2.68217
9.08 0 -6.07934 -3.55004 0.690468
9.09 0 -6.58523 -1.90122 -1.26236
9.1 0 -5.88032 -1.37812 -2.8387
9.11 0 -3.99183 -2.00675 -3.97093
9.12 0 -1.45709 -3.26824 -4.83987
9.13 0 0.953966 -4.36025 -5.73146
9.14 0 2.62361 -4.55205 -6.83433
9.15 0 3.31829 -3.53809 -8.15166
9.16 0 3.26795 -1.5383 -9.46774
9.17 0 3.04936 0.870641 -10.3976
9.18 0 3.25604 3.01055 -10.5781
9.19 0 4.06448 4.25985 -9.96354
9.2 0 5.30811 4.44798 -8.68171
9.21 0 6.39207 3.69922 -7.14484
9.22 0 6.82889 2.57125 -5.61556
9.23 0 6.31537 1.62832 -4.25056
9.24 0 4.69368 1.0137 -3.22934
9.25 0 2.21553 0.60385 -2.51189
9.26 0 -0.591577 0.0813765 -1.91604
9.27 0 -2.93074 -0.646631 -1.00944
9.28 0 -4.40796 -1.69594 0.334716
9.29 0 -5.0674 -3.02978 1.96325
9.3 0 -5.20612 -4.3639 3.61072
9.31 0 -5.24696 -5.35531 4.95271
9.32 0 -5.5016 -5.74679 5.75116
9.33 0 -6.01787 -5.47399 5.94533
9.34 0 -6.62707 -4.74253 5.59776
9.35 0 -6.98795 -3.87007 4.89976
9.36 0 -6.78366 -3.16019 4.05238
9.37 0 -5.86544 -2.75561 3.19257
9.38 0 -4.29924 -2.5627 2.37415
9.39 0 -2.37386 -2.34922 1.53547
9.4 0 -0.413516 -1.80829 0.621552
9.41 0 1.27429 -0.791367 -0.437863
9.42 0 2.57691 0.679083 -1.6031
9.43 0 3.52045 2.34217 -2.79046
9.44 0 4.32993 3.92039 -3.77985
9.45 0 5.21684 5.16352 -4.36968
9.46 0 6.22258 5.9105 -4.48492
9.47 0 7.23662 6.18988 -4.14273
9.48 0 8.01362 6.1516 -3.45975
9.49 0 8.21885 5.90972 -2.65893
9.5 0 7.65925 5.55075 -1.8956
9.51 0 6.4035 5.12788 -1.16766
9.52 0 4.52944 4.42372 -0.562422
9.53 0 2.30576 3.2719 -0.0377612
9.54 0 0.197105 1.76743 0.640335
9.55 0 -1.51805 0.0624762 1.57167
9.56 0 -2.64583 -1.47569 2.85064
9.57 0 -3.38386 -2.66385 4.24803
9.58 0 -4.06042 -3.44776 5.42554
9.59 0 -4.82149 -3.79108 6.19966
9.6 0 -5.67674 -3.815 6.47245
9.61 0 -6.42932 -3.67056 6.31631
9.62 0 -6.79298 -3.48306 5.90065
9.63 0 -6.56741 -3.32576 5.36844
9.64 0 -5.73294 -3.18912 4.77321
9.65 0 -4.41881 -2.95216 4.10952
9.66 0 -2.90987 -2.51656 3.27184
9.67 0 -1.44121 -1.78259 2.21059
9.68 0 -0.166497 -0.76564 0.921393
9.69 0 0.879036 0.395131 -0.53563
9.7 0 1.8204 1.54889 -1.98324
9.71 0 2.84905 2.59361 -3.18719
9.72 0 4.02929 3.43594 -4.01571
9.73 0 5.29449 4.06542 -4.42768
9.74 0 6.46118 4.53507 -4.47137
9.75 0 7.21961 4.83025 -4.3288
9.76 0 7.38176 4.96632 -4.11054
9.77 0 6.94508 4.95876 -3.8177
9.78 0 5.98862 4.71881 -3.44636
9.79 0 4.66135 4.12689 -2.97686
9.8 0 3.16223 3.13664 -2.36042
9.81 0 1.71688 1.86435 -1.50833
9.82 0 0.50986 0.570498 -0.338065
9.83 0 -0.561084 -0.628159 0.980079
9.84 0 -1.64307 -1.63927 2.24004
9.85 0 -2.79034 -2.38539 3.31008
9.86 0 -3.9809 -2.89053 4.10227
9.87 0 -5.07642 -3.21835 4.62156
9.88 0 -5.87635 -3.43011 4.93887
9.89 0 -6.28812 -3.63288 5.05407
9.9 0 -6.20588 -3.77205 5.04047
9.91 0 -5.59381 -3.69212 4.97014
9.92 0 -4.60338 -3.31192 4.78379
9.93 0 -3.432 -2.59478 4.40295
9.94 0 -2.30182 -1.64078 3.71762
9.95 0 -1.30553 -0.587721 2.71968
9.96 0 -0.41239 0.411711 1.4967
9.97 0 0.462713 1.22081 0.181949
9.98 0 1.28302 1.65207 -1.20082
9.99 0 2.12345 1.77461 -2.48999
10 0 3.04865 1.80552 -3.50558
10.01 0 3.98103 1.92356 -4.19285
10.02 0 4.81592 2.2768 -4.53353
10.03 0 5.38104 2.83365 -4.61472
10.04 0 5.53724 3.4181 -4.54944
10.05 0 5.23319 3.77745 -4.42473
10.06 0 4.62187 3.78814 -4.16765
10.07 0 3.8865 3.4127 -3.68653
10.08 0 3.08246 2.63969 -3.00238
10.09 0 2.11421 1.47518 -2.26572
10.1 0 1.00183 0.142265 -1.50319
10.11 0 -0.114652 -1.00889 -0.628052
10.12 0 -1.16505 -1.77684 0.359104
10.13 0 -2.01812 -2.02468 1.49904
10.14 0 -2.58953 -1.78177 2.77362
10.15 0 -2.94616 -1.29907 4.01545
10.16 0 -3.10777 -0.785694 5.11934
10.17 0 -3.03161 -0.323599 6.07261
10.18 0 -2.78297 0.00322982 6.79305
10.19 0 -2.49417 0.141024 7.16572
10.2 0 -2.17743 0.203748 7.21614
10.21 0 -1.8511 0.290776 6.9711
10.22 0 -1.57651 0.400795 6.40977
10.23 0 -1.40645 0.46003 5.50781
10.24 0 -1.25205 0.47081 4.37214
10.25 0 -0.950465 0.501144 3.18778
10.26 0 -0.412188 0.599706 2.08728
10.27 0 0.393897 0.84509 1.17519
10.28 0 1.31672 1.20409 0.398044
10.29 0 2.1799 1.63038 -0.317452
10.3 0 2.86044 2.07753 -1.00786
10.31 0 3.32127 2.4991 -1.65297
10.32 0 3.58129 2.82953 -2.20677
10.33 0 3.68511 3.00155 -2.61812
10.34 0 3.6952 2.99476 -2.82613
10.35 0 3.5908 2.77394 -2.85196
10.36 0 3.3231 2.34345 -2.74461
10.37 0 2.78796 1.68482 -2.61728
10.38 0 1.957 0.836165 -2.52921
10.39 0 0.971373 -0.0439006 -2.39594
10.4 0 -0.0526293 -0.869986 -2.17779
10.41 0 -1.0706 -1.65669 -1.91648
10.42 0 -2.03861 -2.425 -1.65518
10.43 0 -2.8864 -3.15099 -1.40246
10.44 0 -3.54336 -3.77533 -1.15072
10.45 0 -3.99895 -4.26124 -0.932188
10.46 0 -4.22874 -4.53694 -0.746263
10.47 0 -4.24867 -4.57254 -0.616997
10.48 0 -4.10756 -4.39682 -0.591246
10.49 0 -3.835 -4.05621 -0.690169
10.5 0 -3.43555 -3.60279 -0.903954
10.51 0 -2.82891 -3.00641 -1.12603
10.52 0 -1.85984 -2.1268 -1.15278
10.53 0 -0.677735 -1.07384 -1.05834
10.54 0 0.474274 -0.0245666 -0.996724
10.55 0 1.4918 0.96641 -0.987466
10.56 0 2.19105 1.71671 -1.1491
10.57 0 2.54647 2.14858 -1.46901
10.58 0 2.75692 2.38725 -1.73143
10.59 0 2.90755 2.47662 -1.83983
10.6 0 3.00733 2.44541 -1.77079
10.61 0 3.03944 2.35053 -1.52417
10.62 0 2.94269 2.22114 -1.15064
10.63 0 2.65402 2.05553 -0.720104
10.64 0 2.11711 1.7938 -0.322671
10.65 0 1.35774 1.38968 0.00580967
10.66 0 0.48233 0.839238 0.290862
10.67 0 -0.350534 0.207292 0.608412
10.68 0 -1.04724 -0.444209 0.983711
10.69 0 -1.53057 -0.991534 1.44928
10.7 0 -1.81581 -1.34949 1.96721
10.71 0 -1.94794 -1.45841 2.48279
10.72 0 -1.92974 -1.26361 2.98548
10.73 0 -1.82159 -0.841692 3.40312
10.74 0 -1.64113 -0.296674 3.70125
10.75 0 -1.36549 0.275873 3.88816
10.76 0 -1.0386 0.730897 3.91665
10.77 0 -0.758945 0.922397 3.70123
10.78 0 -0.620595 0.768271 3.17357
10.79 0 -0.70504 0.241267 2.28299
10.8 0 -0.858464 -0.432126 1.21319
10.81 0 -0.913019 -1.00356 0.163853
10.82 0 -0.858423 -1.38917 -0.819522
10.83 0 -0.563738 -1.40538 -1.56709
10.84 0 -0.0529528 -1.0526 -2.06027
10.85 0 0.535163 -0.481002 -2.39485
10.86 0 1.16224 0.224373 -2.57107
10.87 0 1.74165 0.912995 -2.64276
10.88 0 2.12892 1.37767 -2.72868
10.89 0 2.28379 1.53332 -2.85227
10.9 0 2.23358 1.39445 -2.97784
10.91 0 1.97689 0.98525 -3.10527
10.92 0 1.5597 0.404289 -3.1954
10.93 0 1.09582 -0.17111 -3.14949
10.94 0 0.589891 -0.683453 -2.98709
10.95 0 0.000696412 -1.15517 -2.7858
10.96 0 -0.599952 -1.54179 -2.52398
10.97 0 -1.20255 -1.89461 -2.25072
10.98 0 -1.73422 -2.21021 -1.95258
10.99 0 -2.1667 -2.50854 -1.65212
11 0 -2.53411 -2.83674 -1.4215
11.01 0 -2.83001 -3.16834 -1.27924
11.02 0 -2.99035 -3.39865 -1.17458
11.03 0 -3.00234 -3.4678 -1.0968
11.04 0 -2.79802 -3.27025 -0.970348
11.05 0 -2.31404 -2.71988 -0.712984
11.06 0 -1.60187 -1.86304 -0.34612
11.07 0 -0.878373 -0.936907 -0.0510583
11.08 0 -0.335085 -0.190187 0.0103282
11.09 0 0.034726 0.302248 -0.135578
11.1 0 0.340781 0.58293 -0.362635
11.11 0 0.607728 0.66451 -0.622443
11.12 0 0.794049 0.556027 -0.923994
11.13 0 0.907289 0.356235 -1.22367
11.14 0 0.998709 0.212449 -1.43788
11.15 0 1.11944 0.246625 -1.49111
11.16 0 1.28531 0.499315 -1.35394
11.17 0 1.45876 0.907165 -1.06177
11.18 0 1.52736 1.28727 -0.737766
11.19 0 1.48826 1.54462 -0.406398
11.2 0 1.37385 1.63293 -0.0614447
11.21 0 1.20809 1.54471 0.298756
11.22 0 0.969577 1.28271 0.636648
11.23 0 0.639563 0.891085 0.920408
11.24 0 0.259286 0.4804 1.17517
11.25 0 -0.119247 0.151466 1.43092
11.26 0 -0.476114 -0.0657576 1.67822
11.27 0 -0.775832 -0.165452 1.91808
11.28 0 -0.985807 -0.17051 2.14802
11.29 0 -1.112 -0.143682 2.33311
11.3 0 -1.18309 -0.152909 2.4254
11.31 0 -1.15474 -0.161538 2.46289
11.32 0 -0.9995 -0.114661 2.48125
11.33 0 -0.800381 -0.0449091 2.41781
11.34 0 -0.562657 0.0892122 2.29213
11.35 0 -0.284699 0.314468 2.13072
11.36 0 0.0377231 0.631821 1.96058
11.37 0 0.411844 1.0248 1.81113
11.38 0 0.822169 1.4474 1.69021
11.39 0 1.23685 1.84599 1.59238
11.4 0 1.579 2.13617 1.46847
11.41 0 1.75979 2.23255 1.25438
11.42 0 1.65778 2.01445 0.842653
11.43 0 1.213 1.40841 0.170064
11.44 0 0.636463 0.604744 -0.571039
11.45 0 0.159806 -0.16098 -1.16862
11.46 0 -0.0796502 -0.700875 -1.4926
11.47 0 -0.0559876 -0.898861 -1.50742
11.48 0 0.123049 -0.772899 -1.30223
11.49 0 0.386209 -0.350367 -0.93284
11.5 0 0.637296 0.242941 -0.492857
11.51 0 0.712257 0.741666 -0.161173
11.52 0 0.547652 0.936608 -0.0336428
11.53 0 0.208082 0.757744 -0.0859353
11.54 0 -0.174822 0.273031 -0.219729
11.55 0 -0.466264 -0.338295 -0.313048
11.56 0 -0.632237 -0.902791 -0.322095
11.57 0 -0.666094 -1.23623 -0.216596
11.58 0 -0.621494 -1.25403 -0.0286144
11.59 0 -0.546561 -0.964868 0.199979
11.6 0 -0.47578 -0.480591 0.419768
11.61 0 -0.358692 0.0924567 0.652375
11.62 0 -0.229466 0.552357 0.834609
11.63 0 -0.0408413 0.838738 0.999218
11.64 0 0.250391 0.992053 1.19926
11.65 0 0.598574 1.0688 1.42399
11.66 0 0.929724 1.15053 1.64675
11.67 0 1.16096 1.29024 1.82655
11.68 0 1.22886 1.47711 1.91971
11.69 0 1.08456 1.60802 1.86765
11.7 0 0.784412 1.60255 1.69135
11.71 0 0.483629 1.4661 1.50243
11.72 0 0.233982 1.1611 1.32021
11.73 0 0.0497905 0.713194 1.14903
11.74 0 -0.0282431 0.266527 1.04161
11.75 0 -0.0320899 -0.0606753 0.991951
11.76 0 0.0250104 -0.151282 1.01267
11.77 0 0.0813467 -0.0117507 1.05555
11.78 0 0.140824 0.318644 1.11919
11.79 0 0.206322 0.724319 1.18685
11.8 0 0.249673 1.03416 1.20589
11.81 0 0.314123 1.18466 1.20258
11.82 0 0.420516 1.17026 1.19776
11.83 0 0.525131 1.00975 1.1667
11.84 0 0.614863 0.807933 1.1262
11.85 0 0.657505 0.653395 1.07338
11.86 0 0.628382 0.592075 1.00014
11.87 0 0.524477 0.614103 0.901204
11.88 0 0.349258 0.643905 0.759586
11.89 0 0.144094 0.609888 0.586681
11.9 0 -0.0586884 0.44763 0.386678
11.91 0 -0.244532 0.13313 0.157978
11.92 0 -0.369116 -0.255496 -0.0553177
11.93 0 -0.424811 -0.618263 -0.231001
11.94 0 -0.435013 -0.869011 -0.371369
11.95 0 -0.444012 -0.97319 -0.503481
11.96 0 -0.436773 -0.901636 -0.607028
11.97 0 -0.363231 -0.653433 -0.637472
11.98 0 -0.220866 -0.311162 -0.602293
11.99 0 -0.0363101 0.0162078 -0.53466
12 0 0.184649 0.274837 -0.438305
12.01 0 0.395957 0.421765 -0.346255
12.02 0 0.513994 0.416985 -0.323041
12.03 0 0.501208 0.280455 -0.389078
12.04 0 0.369775 0.0670777 -0.524462
12.05 0 0.174171 -0.154091 -0.678009
12.06 0 -0.0296142 -0.339966 -0.805942
12.07 0 -0.200413 -0.476065 -0.882707
12.08 0 -0.312532 -0.562301 -0.896965
12.09 0 -0.360434 -0.604505 -0.852175
12.1 0 -0.321077 -0.572661 -0.727596
12.11 0 -0.209636 -0.458882 -0.533775
12.12 0 -0.0897285 -0.30213 -0.327006
12.13 0 0.00406351 -0.126135 -0.136721
12.14 0 0.0368953 0.0213582 0.00111239
12.15 0 -0.009489 0.0887735 0.0604689
12.16 0 -0.058487 0.113699 0.106625
12.17 0 -0.0526776 0.133058 0.189668
12.18 0 -0.0363368 0.110688 0.265068
12.19 0 -0.0280323 0.0580073 0.319289
12.2 0 -0.0239781 0.0138775 0.362098
12.21 0 -0.0427999 -0.0149276 0.378824
12.22 0 -0.106184 -0.0474373 0.346164
12.23 0 -0.230819 -0.12248 0.239315
12.24 0 -0.345115 -0.205054 0.117594
12.25 0 -0.420894 -0.296159 -0.000653031
12.26 0 -0.46186 -0.407528 -0.122802
12.27 0 -0.404542 -0.456452 -0.180343
12.28 0 -0.239238 -0.391731 -0.149665
12.29 0 -0.0563284 -0.257934 -0.102367
12.3 0 0.140368 -0.0334995 -0.0260682
12.31 0 0.389999 0.318177 0.130216
12.32 0 0.686207 0.766206 0.368945
12.33 0 0.948603 1.19464 0.616726
12.34 0 1.12806 1.51557 0.828057
12.35 0 1.25327 1.72957 1.03338
12.36 0 1.31456 1.82066 1.22474
12.37 0 1.30415 1.7989 1.39676
12.38 0 1.2246 1.69835 1.55244
12.39 0 1.09222 1.56772 1.7048
12.4 0 0.939083 1.4596 1.87706
12.41 0 0.744276 1.35488 2.0337
12.42 0 0.492551 1.21728 2.13802
12.43 0 0.179293 1.00464 2.15847
12.44 0 -0.202321 0.667308 2.05797
12.45 0 -0.624826 0.200718 1.83466
12.46 0 -1.01892 -0.333987 1.53382
12.47 0 -1.30314 -0.830385 1.22373
12.48 0 -1.4857 -1.24655 0.894624
12.49 0 -1.5915 -1.55388 0.52795
12.5 0 -1.62186 -1.72223 0.130671
12.51 0 -1.54211 -1.71675 -0.253724
12.52 0 -1.38265 -1.59572 -0.645859
12.53 0 -1.18617 -1.44495 -1.07622
12.54 0 -0.917902 -1.26991 -1.49335
12.55 0 -0.5774 -1.08547 -1.87111
12.56 0 -0.196439 -0.90623 -2.2062
12.57 0 0.238929 -0.673479 -2.44226
12.58 0 0.711735 -0.348217 -2.55102
12.59 0 1.1343 0.0267312 -2.57865
12.6 0 1.45097 0.406247 -2.55147
12.61 0 1.64505 0.745014 -2.47254
12.62 0 1.71893 0.990521 -2.34042
12.63 0 1.68881 1.10412 -2.14891
12.64 0 1.53572 1.0336 -1.93184
12.65 0 1.28537 0.805111 -1.68019
12.66 0 0.959511 0.471299 -1.39045
12.67 0 0.563931 0.0849509 -1.07786
12.68 0 0.0994374 -0.314263 -0.769378
12.69 0 -0.414973 -0.695052 -0.482778
12.7 0 -0.911092 -1.00902 -0.194627
12.71 0 -1.32534 -1.23124 0.112318
12.72 0 -1.64027 -1.38415 0.413963
12.73 0 -1.80034 -1.43546 0.735383
12.74 0 -1.7626 -1.33825 1.10452
12.75 0 -1.58429 -1.12096 1.46527
12.76 0 -1.31787 -0.802169 1.77663
12.77 0 -1.00611 -0.405334 2.01155
12.78 0 -0.700641 0.0097324 2.13314
12.79 0 -0.397701 0.414495 2.158
12.8 0 -0.0953412 0.769803 2.10097
12.81 0 0.212344 1.05325 1.98519
12.82 0 0.490883 1.22687 1.79895
12.83 0 0.691498 1.26288 1.52007
12.84 0 0.846958 1.22899 1.20788
12.85 0 0.989419 1.19755 0.919935
12.86 0 1.1387 1.22295 0.698688
12.87 0 1.25585 1.28523 0.5231
12.88 0 1.34432 1.38337 0.406995
12.89 0 1.38659 1.47588 0.33602
12.9 0 1.34547 1.49022 0.269271
12.91 0 1.25423 1.42744 0.232061
12.92 0 1.1893 1.35149 0.293202
12.93 0 1.17362 1.30411 0.473363
12.94 0 1.1783 1.29782 0.745613
12.95 0 1.14072 1.31161 1.04814
12.96 0 1.02125 1.32162 1.33349
12.97 0 0.845392 1.33424 1.60853
12.98 0 0.617212 1.30712 1.84971
12.99 0 0.327837 1.1767 2.01633
13 0 -0.0140374 0.907249 2.085
13.01 0 -0.357076 0.53358 2.07986
13.02 0 -0.700733 0.0724022 1.98168
13.03 0 -1.04088 -0.432425 1.78167
13.04 0 -1.26433 -0.82013 1.58572
13.05 0 -1.31479 -0.989138 1.45031
13.06 0 -1.23142 -0.950421 1.34249
13.07 0 -1.10787 -0.801436 1.1764
13.08 0 -0.969696 -0.608874 0.931448
13.09 0 -0.803195 -0.419613 0.625908
13.1 0 -0.628007 -0.306812 0.248717
13.11 0 -0.431 -0.279295 -0.169846
13.12 0 -0.22922 -0.335549 -0.620245
13.13 0 -0.0184214 -0.418506 -1.06396
13.14 0 0.217232 -0.445441 -1.44792
13.15 0 0.449467 -0.387189 -1.76522
13.16 0 0.66982 -0.226453 -1.99714
13.17 0 0.859439 0.00516277 -2.14556
13.18 0 0.971036 0.21447 -2.2519
13.19 0 1.05559 0.395194 -2.26648
13.2 0 1.13874 0.532214 -2.16605
13.21 0 1.23 0.631673 -1.93904
13.22 0 1.29637 0.693143 -1.61264
13.23 0 1.28682 0.71517 -1.23313
13.24 0 1.15635 0.689934 -0.849803
13.25 0 0.913304 0.631016 -0.472271
13.26 0 0.628446 0.581059 -0.06062
13.27 0 0.384198 0.580618 0.431436
13.28 0 0.205847 0.62121 0.995273
13.29 0 0.0291499 0.624283 1.53851
13.3 0 -0.1469 0.590104 2.03611
13.31 0 -0.302661 0.550323 2.4874
13.32 0 -0.428785 0.529266 2.8844
13.33 0 -0.557011 0.504725 3.18
13.34 0 -0.701707 0.456803 3.3438
13.35 0 -0.810405 0.41979 3.41287
13.36 0 -0.876546 0.37867 3.38189
13.37 0 -0.924882 0.293307 3.22041
13.38 0 -0.961152 0.151538 2.92283
13.39 0 -0.943172 0.00222159 2.53865
13.4 0 -0.842995 -0.106118 2.11129
13.41 0 -0.672481 -0.154676 1.65245
13.42 0 -0.441344 -0.124236 1.18082
13.43 0 -0.208891 -0.0580075 0.666709
13.44 0 0.0534724 0.0697376 0.166316
13.45 0 0.345622 0.244737 -0.293575
13.46 0 0.678718 0.463742 -0.674035
13.47 0 1.04829 0.719376 -0.948841
13.48 0 1.37779 0.944253 -1.1629
13.49 0 1.63705 1.1231 -1.31763
13.5 0 1.78448 1.22514 -1.43344
13.51 0 1.78733 1.21836 -1.53246
13.52 0 1.6622 1.10796 -1.59962
13.53 0 1.44399 0.913364 -1.6113
13.54 0 1.17822 0.669888 -1.53955
13.55 0 0.920236 0.437123 -1.34832
13.56 0 0.673432 0.236178 -1.05356
13.57 0 0.388255 0.0378366 -0.725673
13.58 0 0.0396133 -0.177623 -0.416723
13.59 0 -0.331961 -0.38507 -0.11982
13.6 0 -0.68517 -0.573141 0.168999
13.61 0 -1.0399 -0.793674 0.393321
13.62 0 -1.31522 -0.988493 0.602082
13.63 0 -1.5043 -1.15295 0.779525
13.64 0 -1.60292 -1.26578 0.91753
13.65 0 -1.52763 -1.21216 1.09837
13.66 0 -1.26266 -0.938976 1.34803
13.67 0 -0.934196 -0.545427 1.55811
13.68 0 -0.661315 -0.157512 1.62522
13.69 0 -0.495858 0.125734 1.50535
13.7 0 -0.440861 0.229549 1.19572
13.71 0 -0.402517 0.187511 0.790793
13.72 0 -0.305893 0.0605945 0.376021
13.73 0 -0.149381 -0.103303 -0.0214488
13.74 0 0.0478355 -0.236192 -0.384427
13.75 0 0.230315 -0.303207 -0.730083
13.76 0 0.415202 -0.232223 -1.01072
13.77 0 0.594911 -0.0282883 -1.21486
13.78 0 0.764361 0.256933 -1.34022
13.79 0 0.892644 0.519695 -1.41812
13.8 0 1.02403 0.736793 -1.40688
13.81 0 1.19022 0.911059 -1.2717
13.82 0 1.34372 1.0159 -1.04915
13.83 0 1.40193 1.02352 -0.808048
13.84 0 1.31485 0.938433 -0.591786
13.85 0 1.08821 0.793077 -0.40194
13.86 0 0.762706 0.615875 -0.220937
13.87 0 0.403007 0.431306 -0.0181533
13.88 0 0.0928529 0.277767 0.253044
13.89 0 -0.130922 0.16663 0.598164
13.9 0 -0.287979 0.0812333 0.975276
13.91 0 -0.377714 0.0481267 1.37136
13.92 0 -0.413839 0.0860462 1.76422
13.93 0 -0.439426 0.173273 2.10369
13.94 0 -0.449413 0.311347 2.3853
13.95 0 -0.453672 0.46327 2.58758
13.96 0 -0.489547 0.549203 2.66035
13.97 0 -0.536737 0.547891 2.61284
13.98 0 -0.570055 0.460981 2.46462
13.99 0 -0.537679 0.34888 2.27187
14 0 -0.409873 0.282112 2.0801
14.01 0 -0.151458 0.357858 1.95104
14.02 0 0.199471 0.597835 1.87906
14.03 0 0.530275 0.919952 1.78215
14.04 0 0.791301 1.25624 1.63111
14.05 0 1.00716 1.57313 1.4607
14.06 0 1.1853 1.80871 1.28341
14.07 0 1.35235 1.94374 1.1333
14.08 0 1.46738 1.93386 0.982464
14.09 0 1.48121 1.76612 0.798424
14.1 0 1.33145 1.43002 0.531612
14.11 0 1.05399 1.00396 0.220809
14.12 0 0.762454 0.622411 -0.0280215
14.13 0 0.54785 0.380863 -0.136456
14.14 0 0.418325 0.281958 -0.109454
14.15 0 0.331872 0.271323 -0.00113721
14.16 0 0.277923 0.318953 0.165701
14.17 0 0.273169 0.421887 0.396915
14.18 0 0.290202 0.538597 0.656584
14.19 0 0.257512 0.589665 0.866103
14.2 0 0.132796 0.524312 0.973616
14.21 0 -0.0585751 0.358216 0.99169
14.22 0 -0.269803 0.131572 0.95279
14.23 0 -0.45186 -0.102229 0.894174
14.24 0 -0.564456 -0.285965 0.849282
14.25 0 -0.5778 -0.362758 0.847684
14.26 0 -0.518034 -0.332601 0.867866
14.27 0 -0.383301 -0.179031 0.918995
14.28 0 -0.169905 0.098854 1.01304
14.29 0 0.0652513 0.426034 1.10207
14.3 0 0.302129 0.75319 1.1745
14.31 0 0.563547 1.0762 1.26307
14.32 0 0.810714 1.34308 1.34183
14.33 0 1.00707 1.52158 1.38947
14.34 0 1.1131 1.58692 1.3804
14.35 0 1.11258 1.53923 1.30799
14.36 0 1.0109 1.39314 1.18001
14.37 0 0.853784 1.19603 1.03828
14.38 0 0.655253 0.95835 0.888163
14.39 0 0.439331 0.700083 0.742747
14.4 0 0.240984 0.45471 0.625475
14.41 0 0.0605154 0.226566 0.526672
14.42 0 -0.102465 0.0213567 0.437082
14.43 0 -0.259256 -0.167682 0.337284
14.44 0 -0.384799 -0.316145 0.244259
14.45 0 -0.453658 -0.401387 0.177289
14.46 0 -0.44457 -0.403986 0.154918
14.47 0 -0.368532 -0.332756 0.168309
14.48 0 -0.245452 -0.204257 0.203332
14.49 0 -0.137524 -0.0804778 0.205068
14.5 0 -0.0721517 0.00213661 0.151301
14.51 0 -0.0294611 0.0484928 0.0649425
14.52 0 0.025746 0.0815333 -0.0159053
14.53 0 0.136114 0.14591 -0.0418471
14.54 0 0.304642 0.263491 0.00205506
14.55 0 0.501207 0.433433 0.101579
14.56 0 0.68008 0.633597 0.225829
14.57 0 0.771408 0.797827 0.313705
14.58 0 0.764675 0.89239 0.353453
14.59 0 0.67309 0.890534 0.348707
14.6 0 0.525774 0.782541 0.31466
14.61 0 0.372793 0.601148 0.289071
14.62 0 0.26428 0.410967 0.315427
14.63 0 0.186892 0.241259 0.380503
14.64 0 0.138334 0.139827 0.484748
14.65 0 0.0783827 0.100892 0.588411
14.66 0 -0.00458773 0.113216 0.673189
14.67 0 -0.113814 0.13951 0.721767
14.68 0 -0.231356 0.143222 0.733389
14.69 0 -0.310914 0.122036 0.737786
14.7 0 -0.317413 0.0912103 0.761709
14.71 0 -0.243138 0.0783359 0.816581
14.72 0 -0.148277 0.0703989 0.854802
14.73 0 -0.0711319 0.0784495 0.852898
14.74 0 -0.0294754 0.110752 0.803077
14.75 0 -0.0193567 0.164214 0.711984
14.76 0 -0.000264411 0.245258 0.616877
14.77 0 0.0469101 0.332523 0.533176
14.78 0 0.118302 0.394052 0.456953
14.79 0 0.218065 0.431106 0.398754
14.8 0 0.352431 0.472564 0.377412
14.81 0 0.509399 0.546141 0.398121
14.82 0 0.624638 0.624035 0.412673
14.83 0 0.707525 0.731966 0.440783
14.84 0 0.777458 0.879913 0.504799
14.85 0 0.876488 1.08518 0.64568
14.86 0 0.966431 1.28183 0.822765
14.87 0 0.999713 1.40042 0.985456
14.88 0 0.956923 1.40791 1.10933
14.89 0 0.794298 1.25596 1.14274
14.9 0 0.57281 1.00849 1.13523
14.91 0 0.36955 0.75731 1.15245
14.92 0 0.231123 0.575357 1.23239
14.93 0 0.135141 0.470272 1.34726
14.94 0 0.0355103 0.412352 1.44454
14.95 0 -0.0462426 0.416586 1.53604
14.96 0 -0.130863 0.433968 1.588
14.97 0 -0.216431 0.428112 1.58851
14.98 0 -0.263489 0.405782 1.56588
14.99 0 -0.202714 0.42853 1.58695
15 0 -0.0611127 0.492149 1.63329
15.01 0 0.128672 0.606423 1.68931
15.02 0 0.335531 0.779888 1.74311
15.03 0 0.48937 0.959652 1.74004
15.04 0 0.559272 1.09729 1.65567
15.05 0 0.60295 1.20815 1.54679
15.06 0 0.639529 1.26701 1.42961
15.07 0 0.71078 1.29398 1.34755
15.08 0 0.777837 1.26043 1.2699
15.09 0 0.81687 1.17772 1.1854
15.1 0 0.875559 1.13731 1.15485
15.11 0 0.91505 1.1371 1.15042
15.12 0 0.930506 1.18538 1.172
15.13 0 0.968423 1.31606 1.26457
15.14 0 1.02846 1.49951 1.42247
15.15 0 1.08171 1.67449 1.61069
15.16 0 1.12502 1.81258 1.82021
15.17 0 1.13836 1.88419 2.02688
15.18 0 1.08261 1.85476 2.18763
15.19 0 0.945497 1.72419 2.28433
15.2 0 0.741511 1.51802 2.32157
15.21 0 0.536482 1.31045 2.3526
15.22 0 0.359183 1.13622 2.39302
15.23 0 0.221377 1.01167 2.44303
15.24 0 0.0962192 0.909131 2.46514
15.25 0 -0.0101234 0.82724 2.45561
15.26 0 -0.0674085 0.784472 2.43629
15.27 0 -0.0295909 0.820446 2.44999
15.28 0 0.0846845 0.919937 2.48164
15.29 0 0.198956 1.0156 2.46342
15.3 0 0.319319 1.11867 2.41095
15.31 0 0.472682 1.25711 2.36152
15.32 0 0.635898 1.40622 2.30326
15.33 0 0.774738 1.52844 2.21351
15.34 0 0.853898 1.58088 2.06635
15.35 0 0.908866 1.59111 1.90468
15.36 0 1.00787 1.6274 1.80482
15.37 0 1.11071 1.66327 1.73778
15.38 0 1.18899 1.68931 1.68657
15.39 0 1.28955 1.76965 1.70812
15.4 0 1.39581 1.89824 1.79366
15.41 0 1.45346 2.02005 1.89297
15.42 0 1.49203 2.15008 2.03414
15.43 0 1.4932 2.2493 2.19363
15.44 0 1.40142 2.23971 2.30663
15.45 0 1.2328 2.11882 2.37633
15.46 0 1.00735 1.8974 2.4074
15.47 0 0.725616 1.58022 2.38474
15.48 0 0.453671 1.24879 2.35917
15.49 0 0.262272 1.00007 2.38969
15.5 0 0.12782 0.83872 2.44458
15.51 0 0.039354 0.771296 2.50632
15.52 0 0.00164285 0.799329 2.57223
15.53 0 0.0429318 0.930908 2.66386
15.54 0 0.143986 1.1189 2.75796
15.55 0 0.279072 1.31306 2.82938
15.56 0 0.429938 1.48037 2.86492
15.57 0 0.570557 1.59417 2.84803
15.58 0 0.682473 1.64611 2.77199
15.59 0 0.721259 1.60623 2.60391
15.6 0 0.681616 1.47819 2.34619
15.61 0 0.60946 1.31035 2.04869
15.62 0 0.526749 1.12368 1.7351
15.63 0 0.482441 0.969633 1.45708
15.64 0 0.491561 0.872212 1.23502
15.65 0 0.551501 0.844086 1.07517
15.66 0 0.676631 0.915486 1.00297
15.67 0 0.825925 1.05657 0.989388
15.68 0 0.955694 1.22181 1.00008
15.69 0 1.05558 1.38496 1.0298
15.7 0 1.11064 1.50598 1.06417
15.71 0 1.15291 1.59507 1.13398
15.72 0 1.19589 1.65775 1.25218
15.73 0 1.26033 1.72702 1.44207
15.74 0 1.32596 1.80899 1.68786
15.75 0 1.34466 1.88223 1.94432
15.76 0 1.30039 1.94084 2.19186
15.77 0 1.17613 1.955 2.40151
15.78 0 0.99762 1.91832 2.57928
15.79 0 0.801641 1.83228 2.73921
15.8 0 0.642028 1.72933 2.91471
15.81 0 0.534336 1.62966 3.10798
15.82 0 0.485653 1.56765 3.32013
15.83 0 0.431838 1.51414 3.48529
15.84 0 0.315861 1.43097 3.54199
15.85 0 0.191192 1.36392 3.53392
15.86 0 0.0598085 1.28571 3.44957
15.87 0 -0.0399598 1.20004 3.31479
15.88 0 -0.0584725 1.13433 3.17268
15.89 0 0.0238297 1.11285 3.04707
15.9 0 0.222929 1.18298 2.96967
15.91 0 0.482159 1.33342 2.9081
15.92 0 0.735298 1.53278 2.82146
15.93 0 0.941986 1.74688 2.68937
15.94 0 1.12623 1.97452 2.54819
15.95 0 1.26756 2.15367 2.38489
15.96 0 1.37518 2.25426 2.21422
15.97 0 1.45973 2.26907 2.05443
15.98 0 1.56481 2.25491 1.96108
15.99 0 1.67478 2.23839 1.93539
16 0 1.77386 2.2558 1.97873
16.01 0 1.8167 2.30039 2.05762
16.02 0 1.77937 2.35316 2.14884
16.03 0 1.65503 2.37607 2.23394
16.04 0 1.46385 2.33452 2.3115
16.05 0 1.24276 2.21287 2.39352
16.06 0 1.02818 2.02014 2.49429
16.07 0 0.861637 1.8094 2.64122
16.08 0 0.724597 1.60557 2.80921
16.09 0 0.603052 1.44859 2.98141
16.1 0 0.450812 1.32781 3.10567
16.11 0 0.26249 1.23669 3.16319
16.12 0 0.0989001 1.19907 3.19456
16.13 0 -0.0419136 1.16045 3.17664
16.14 0 -0.128251 1.10711 3.12439
16.15 0 -0.111366 1.07178 3.08052
16.16 0 0.0158055 1.0833 3.05963
16.17 0 0.195057 1.13272 3.02243
16.18 0 0.403614 1.24793 2.96916
16.19 0 0.594061 1.41045 2.87321
16.2 0 0.748983 1.596 2.73082
16.21 0 0.903046 1.80345 2.58412
16.22 0 1.015 1.94428 2.39613
16.23 0 1.08495 1.98038 2.17139
16.24 0 1.16618 1.95295 1.97111
16.25 0 1.26186 1.889 1.81304
16.26 0 1.33468 1.79984 1.6784
16.27 0 1.39152 1.74442 1.59159
16.28 0 1.40848 1.73173 1.53984
16.29 0 1.37663 1.7538 1.51595
16.3 0 1.37319 1.85977 1.59045
16.31 0 1.4102 2.02429 1.76633
16.32 0 1.43581 2.16384 1.98327
16.33 0 1.41235 2.22265 2.19607
16.34 0 1.35339 2.21132 2.41081
16.35 0 1.23813 2.12043 2.59921
16.36 0 1.03197 1.93057 2.7163
16.37 0 0.77124 1.68824 2.78356
16.38 0 0.529717 1.47026 2.85671
16.39 0 0.357584 1.32878 2.96921
16.4 0 0.303182 1.31683 3.15729
16.41 0 0.393705 1.47228 3.44368
16.42 0 0.604982 1.78337 3.807
16.43 0 0.816794 2.13345 4.1333
16.44 0 0.958102 2.43254 4.35418
16.45 0 1.04692 2.66035 4.48524
16.46 0 1.12855 2.82237 4.56783
16.47 0 1.22371 2.9204 4.62338
16.48 0 1.31142 2.9434 4.63792
16.49 0 1.36817 2.90066 4.59969
16.5 0 1.37141 2.80718 4.49752
16.51 0 1.33612 2.70473 4.35402
16.52 0 1.31476 2.65378 4.22453
16.53 0 1.29517 2.63405 4.09685
16.54 0 1.31365 2.66325 4.00579
16.55 0 1.41235 2.76808 3.99483
16.56 0 1.55938 2.91281 4.03824
16.57 0 1.71782 3.06822 4.10938
16.58 0 1.86704 3.22501 4.19849
16.59 0 1.96639 3.35051 4.27381
16.6 0 2.01123 3.43799 4.33467
16.61 0 1.99567 3.47066 4.37419
16.62 0 1.92756 3.44045 4.39464
16.63 0 1.81489 3.34256 4.39613
16.64 0 1.67407 3.18842 4.38612
16.65 0 1.52902 3.00867 4.38054
16.66 0 1.40291 2.84248 4.39599
16.67 0 1.27546 2.6888 4.40679
16.68 0 1.14334 2.55553 4.4027
16.69 0 1.0361 2.47158 4.40484
16.7 0 0.95007 2.42146 4.40012
16.71 0 0.918196 2.42253 4.4137
16.72 0 0.928551 2.45023 4.42911
16.73 0 0.945343 2.46307 4.40994
16.74 0 0.965996 2.45778 4.35527
16.75 0 1.01872 2.46821 4.29779
16.76 0 1.09208 2.49334 4.23313
16.77 0 1.15652 2.51452 4.1402
16.78 0 1.23392 2.55917 4.04879
16.79 0 1.34186 2.64661 3.98461
16.8 0 1.48298 2.77912 3.95922
16.81 0 1.61164 2.9097 3.93648
16.82 0 1.70692 3.01192 3.90316
16.83 0 1.79455 3.1049 3.89103
16.84 0 1.91135 3.2236 3.94302
16.85 0 2.03515 3.35341 4.0448
16.86 0 2.12981 3.46932 4.1676
16.87 0 2.18778 3.5718 4.30848
16.88 0 2.19849 3.64957 4.45666
16.89 0 2.14325 3.67432 4.58816
16.9 0 2.04753 3.65543 4.71819
16.91 0 1.93603 3.60422 4.85939
16.92 0 1.8233 3.53069 5.01448
16.93 0 1.7005 3.43231 5.16444
16.94 0 1.58454 3.3379 5.31673
16.95 0 1.50698 3.2931 5.49484
16.96 0 1.47569 3.31687 5.69979
16.97 0 1.48842 3.41173 5.92394
16.98 0 1.52773 3.55461 6.14472
16.99 0 1.58918 3.72667 6.35302
17 0 1.61965 3.85367 6.49077
17.01 0 1.60811 3.90188 6.54163
17.02 0 1.57576 3.87523 6.52186
17.03 0 1.49833 3.74511 6.40455
17.04 0 1.38146 3.52463 6.19423
17.05 0 1.29428 3.30202 5.96163
17.06 0 1.3008 3.17053 5.77701
17.07 0 1.40969 3.17383 5.66135
17.08 0 1.54288 3.25884 5.55103
17.09 0 1.69323 3.42039 5.45114
17.1 0 1.87162 3.64755 5.38124
17.11 0 2.07219 3.9021 5.34321
17.12 0 2.24998 4.10881 5.30023
17.13 0 2.39176 4.2373 5.2485
17.14 0 2.5201 4.31205 5.22158
17.15 0 2.63088 4.35151 5.22855
17.16 0 2.72682 4.39217 5.28538
17.17 0 2.78143 4.43884 5.37587
17.18 0 2.75976 4.46905 5.46777
17.19 0 2.66829 4.47688 5.56085
17.2 0 2.55334 4.47779 5.68696
17.21 0 2.46889 4.49569 5.88401
17.22 0 2.43504 4.53722 6.15944
17.23 0 2.41281 4.57167 6.46685
17.24 0 2.37992 4.59673 6.7788
17.25 0 2.34227 4.63833 7.09564
17.26 0 2.30004 4.70626 7.40948
17.27 0 2.24676 4.78928 7.70294
17.28 0 2.16865 4.85372 7.94794
17.29 0 2.04733 4.85253 8.10968
17.3 0 1.91073 4.78532 8.19917
17.31 0 1.80923 4.68915 8.25403
17.32 0 1.74868 4.5784 8.27425
17.33 0 1.72433 4.47549 8.25639
17.34 0 1.75019 4.42725 8.22029
17.35 0 1.78666 4.41887 8.13393
17.36 0 1.81602 4.43606 7.98488
17.37 0 1.82736 4.4485 7.76425
17.38 0 1.83936 4.44131 7.49066
17.39 0 1.85583 4.38806 7.1697
17.4 0 1.9288 4.32931 6.86068
17.41 0 2.0412 4.26431 6.56201
17.42 0 2.20725 4.24493 6.30999
17.43 0 2.41762 4.3076 6.12123
17.44 0 2.64815 4.4632 5.99653
17.45 0 2.87632 4.70044 5.9336
17.46 0 3.09159 4.99185 5.93502
17.47 0 3.27023 5.27786 5.98403
17.48 0 3.40346 5.50911 6.07421
17.49 0 3.48397 5.65034 6.19906
17.5 0 3.47999 5.66279 6.32659
17.51 0 3.35954 5.52705 6.42249
17.52 0 3.1428 5.28528 6.4996
17.53 0 2.86432 4.99532 6.57981
17.54 0 2.55612 4.70532 6.67696
17.55 0 2.25407 4.45672 6.80491
17.56 0 1.98442 4.26957 6.96547
17.57 0 1.74968 4.13214 7.13678
17.58 0 1.56172 4.03774 7.30787
17.59 0 1.42535 3.97537 7.46464
17.6 0 1.3646 3.96094 7.61781
17.61 0 1.39961 4.01912 7.78214
17.62 0 1.49978 4.13295 7.92891
17.63 0 1.63874 4.29078 8.03873
17.64 0 1.81019 4.49278 8.11411
17.65 0 2.01279 4.73453 8.16384
17.66 0 2.20682 4.96407 8.15851
17.67 0 2.39236 5.16531 8.10883
17.68 0 2.5642 5.31955 8.02085
17.69 0 2.73274 5.43467 7.91846
17.7 0 2.87376 5.49592 7.79264
17.71 0 3.00022 5.53508 7.67239
17.72 0 3.15668 5.61999 7.61833
17.73 0 3.34471 5.77648 7.64849
17.74 0 3.46925 5.92253 7.6808
17.75 0 3.50036 6.01958 7.69024
17.76 0 3.49099 6.09256 7.72605
17.77 0 3.4707 6.14153 7.8105
17.78 0 3.43978 6.15033 7.93691
17.79 0 3.38299 6.10664 8.08501
17.8 0 3.30416 6.03159 8.25412
17.81 0 3.24847 5.99602 8.48536
17.82 0 3.21161 6.01962 8.76963
17.83 0 3.15724 6.07769 9.06331
17.84 0 3.08198 6.15677 9.35037
17.85 0 3.01275 6.25677 9.64126
17.86 0 2.94953 6.34489 9.91848
17.87 0 2.90756 6.41217 10.1825
17.88 0 2.89415 6.45879 10.431
17.89 0 2.87806 6.46457 10.6281
17.9 0 2.86308 6.45335 10.7763
17.91 0 2.88963 6.48741 10.9168
17.92 0 2.95223 6.5774 11.0462
17.93 0 3.0127 6.68912 11.1285
17.94 0 3.0779 6.81699 11.1708
17.95 0 3.18093 6.97359 11.2067
17.96 0 3.29964 7.11822 11.217
17.97 0 3.41882 7.227 11.1928
17.98 0 3.58215 7.34829 11.1883
17.99 0 3.79757 7.51093 11.2269
18 0 4.03807 7.71687 11.301
18.01 0 4.23485 7.92024 11.36
18.02 0 4.40794 8.14512 11.4363
18.03 0 4.52639 8.34601 11.5057
18.04 0 4.59293 8.49813 11.5714
18.05 0 4.65651 8.6252 11.6808
18.06 0 4.69162 8.69082 11.8074
18.07 0 4.69018 8.69408 11.9433
18.08 0 4.67703 8.67988 12.1137
18.09 0 4.63217 8.65335 12.2981
18.1 0 4.54137 8.61682 12.4771
18.11 0 4.41795 8.58411 12.6539
18.12 0 4.26485 8.54156 12.8154
18.13 0 4.10104 8.48262 12.9616
18.14 0 3.97154 8.42933 13.1195
18.15 0 3.85065 8.34625 13.249
18.16 0 3.75944 8.25885 13.3615
18.17 0 3.68963 8.17466 13.4433
18.18 0 3.62999 8.1 13.4802
18.19 0 3.60104 8.0674 13.491
18.2 0 3.58972 8.06488 13.4609
18.21 0 3.58919 8.07587 13.3816
18.22 0 3.64487 8.13024 13.2986
18.23 0 3.74708 8.20763 13.2064
18.24 0 3.91419 8.32613 13.1333
18.25 0 4.14509 8.49763 13.0944
18.26 0 4.41215 8.71512 13.0827
18.27 0 4.6666 8.94824 13.071
18.28 0 4.88551 9.17938 13.0544
18.29 0 5.05523 9.38532 13.0322
18.3 0 5.17781 9.548 13.014
18.31 0 5.26733 9.6626 13.0188
18.32 0 5.32105 9.71741 13.0473
18.33 0 5.33331 9.71235 13.0973
18.34 0 5.31238 9.67201 13.1791
18.35 0 5.25825 9.61738 13.2928
18.36 0 5.17956 9.57307 13.4433
18.37 0 5.1087 9.57822 13.6553
18.38 0 5.03066 9.61285 13.9027
18.39 0 4.92953 9.64548 14.1553
18.4 0 4.81314 9.66091 14.4036
18.41 0 4.69385 9.65057 14.6426
18.42 0 4.60383 9.63584 14.8892
18.43 0 4.53306 9.61116 15.1229
18.44 0 4.45185 9.56013 15.3061
18.45 0 4.37037 9.50661 15.4425
18.46 0 4.34464 9.51546 15.582
18.47 0 4.37108 9.58782 15.7179
18.48 0 4.4574 9.73049 15.8572
18.49 0 4.58038 9.9147 15.9788
18.5 0 4.69858 10.0876 16.0447
18.51 0 4.81086 10.2336 16.0581
18.52 0 4.92309 10.3467 16.0301
18.53 0 5.01142 10.3992 15.9444
18.54 0 5.08153 10.4014 15.8158
18.55 0 5.15812 10.3918 15.6795
18.56 0 5.26125 10.4099 15.5681
18.57 0 5.3694 10.455 15.4734
18.58 0 5.47262 10.5296 15.397
18.59 0 5.59653 10.6605 15.3738
18.6 0 5.70706 10.8049 15.3764
18.61 0 5.78497 10.9276 15.3895
18.62 0 5.87145 11.0538 15.4562
18.63 0 5.96662 11.1778 15.5797
18.64 0 6.03748 11.2719 15.7308
18.65 0 6.07612 11.3408 15.9049
18.66 0 6.11989 11.4353 16.1404
18.67 0 6.12356 11.5201 16.3906
18.68 0 6.06347 11.5695 16.625
18.69 0 5.97456 11.6042 16.8664
18.7 0 5.86007 11.6075 17.1023
18.71 0 5.7345 11.5776 17.3309
18.72 0 5.62725 11.5372 17.5668
18.73 0 5.55859 11.5142 17.8197
18.74 0 5.49523 11.4914 18.0487
18.75 0 5.43825 11.4852 18.2487
18.76 0 5.42447 11.5392 18.4501
18.77 0 5.43624 11.6338 18.6297
18.78 0 5.46624 11.7497 18.7751
18.79 0 5.54586 11.9029 18.9146
18.8 0 5.6835 12.091 19.0574
18.81 0 5.85409 12.2886 19.185
18.82 0 6.04148 12.4867 19.2915
18.83 0 6.21989 12.6703 19.3637
18.84 0 6.37766 12.8354 19.4017
18.85 0 6.52655 12.9964 19.4278
18.86 0 6.66122 13.1459 19.4457
18.87 0 6.80486 13.3047 19.4871
18.88 0 6.95063 13.4654 19.5538
18.89 0 7.09571 13.6295 19.652
18.9 0 7.20997 13.7717 19.7594
18.91 0 7.29236 13.8944 19.8805
18.92 0 7.34804 14.0025 20.0227
18.93 0 7.34646 14.0616 20.1546
18.94 0 7.2968 14.0732 20.2801
18.95 0 7.25642 14.0885 20.4494
18.96 0 7.22756 14.111 20.6583
18.97 0 7.19453 14.133 20.8856
18.98 0 7.16514 14.1713 21.1332
18.99 0 7.15613 14.2494 21.4118
19 0 7.15244 14.3529 21.6992
19.01 0 7.11887 14.439 21.9517
19.02 0 7.07612 14.512 22.1789
19.03 0 7.03952 14.5704 22.3854
19.04 0 7.01186 14.606 22.5648
19.05 0 7.01803 14.6448 22.737
19.06 0 7.07023 14.7116 22.9137
19.07 0 7.15218 14.81 23.0823
19.08 0 7.25406 14.9466 23.238
19.09 0 7.36342 15.1147 23.3733
19.1 0 7.47544 15.3016 23.4864
19.11 0 7.60903 15.5101 23.5986
19.12 0 7.76005 15.7196 23.7094
19.13 0 7.92295 15.9165 23.8198
19.14 0 8.09339 16.0992 23.9345
19.15 0 8.27338 16.2828 24.0672
19.16 0 8.44524 16.4676 24.2125
19.17 0 8.57966 16.6385 24.3516
19.18 0 8.67656 16.7982 24.4904
19.19 0 8.7464 16.9492 24.6411
19.2 0 8.78981 17.0777 24.8025
19.21 0 8.82125 17.1855 24.9857
19.22 0 8.85628 17.2829 25.2032
19.23 0 8.88494 17.3654 25.4432
19.24 0 8.89784 17.4351 25.6944
19.25 0 8.89784 17.5066 25.9571
19.26 0 8.88591 17.5869 26.227
19.27 0 8.8626 17.6743 26.4973
19.28 0 8.82903 17.7595 26.7591
19.29 0 8.79174 17.8349 27.0083
19.3 0 8.76462 17.9018 27.2483
19.31 0 8.75593 17.9636 27.4796
19.32 0 8.7764 18.0353 27.7082
19.33 0 8.81568 18.118 27.9225
19.34 0 8.86353 18.2131 28.1124
19.35 0 8.92899 18.3364 28.2877
19.36 0 9.00596 18.4808 28.4427
19.37 0 9.09045 18.6346 28.5741
19.38 0 9.19458 18.7988 28.695
19.39 0 9.31965 18.967 28.81
19.4 0 9.46682 19.1393 28.9263
19.41 0 9.62871 19.3155 29.0455
19.42 0 9.7948 19.4965 29.1673
19.43 0 9.95349 19.6818 29.2909
19.44 0 10.0957 19.8677 29.4159
19.45 0 10.2192 20.0505 29.5463
19.46 0 10.3271 20.2258 29.6892
19.47 0 10.4273 20.3933 29.8546
19.48 0 10.5182 20.5466 30.043
19.49 0 10.5967 20.6835 30.2531
19.5 0 10.6625 20.8092 30.4856
19.51 0 10.7131 20.9292 30.7386
19.52 0 10.7458 21.0466 31.0076
19.53 0 10.7603 21.1628 31.2887
19.54 0 10.7611 21.2777 31.5797
19.55 0 10.7554 21.3908 31.8797
19.56 0 10.7497 21.5002 32.1863
19.57 0 10.7495 21.6063 32.4969
19.58 0 10.7586 21.7121 32.8081
19.59 0 10.777 21.821 33.1141
19.6 0 10.8034 21.9366 33.4092
19.61 0 10.8387 22.0637 33.6902
19.62 0 10.8848 22.2043 33.9554
19.63 0 10.9445 22.3584 34.2044
19.64 0 11.0207 22.5235 34.4379
19.65 0 11.1163 22.6981 34.6583
19.66 0 11.2317 22.8805 34.8674
19.67 0 11.3641 23.0698 35.0661
19.68 0 11.5088 23.2655 35.2554
19.69 0 11.6604 23.4679 35.4365
19.7 0 11.8148 23.6766 35.6124
19.71 0 11.9683 23.89 35.7863
19.72 0 12.119 24.1049 35.9627
19.73 0 12.2659 24.3181 36.1461
19.74 0 12.4076 24.5261 36.3407
19.75 0 12.5422 24.7267 36.5493
19.76 0 12.6671 24.9192 36.7741
19.77 0 12.7793 25.104 37.0158
19.78 0 12.8765 25.2822 37.2745
19.79 0 12.9575 25.4548 37.55
19.8 0 13.0229 25.6219 37.8416
19.81 0 13.0747 25.7835 38.1484
19.82 0 13.116 25.9391 38.4694
19.83 0 13.1502 26.0891 38.8027
19.84 0 13.1806 26.2345 39.1456
19.85 0 13.2095 26.3778 39.4949
19.86 0 13.2391 26.5218 39.8468
19.87 0 13.2711 26.6696 40.1973
19.88 0 13.3079 26.8236 40.5433
19.89 0 13.352 26.9854 40.8817
19.9 0 13.4065 27.1556 41.2107
19.91 0 13.4739 27.3343 41.529
19.92 0 13.5564 27.5212 41.8359
19.93 0 13.6546 27.7165 42.1308
19.94 0 13.7682 27.9204 42.4139
19.95 0 13.8956 28.1334 42.6854
19.96 0 14.0346 28.3554 42.9465
19.97 0 14.1828 28.586 43.1987
19.98 0 14.3502 28.836 43.4569
19.99 0 14.5093 29.079 43.6992
20 0 14.671 29.3245 43.9418
20.01 0 14.8334 29.5698 44.1881
20.02 0 14.9946 29.8126 44.4414
20.03 0 15.1515 30.0516 44.7043
20.04 0 15.3012 30.2864 44.9788
20.05 0 15.4408 30.517 45.2663
