0.02 0 0.0153832 0.018604 0.0178345
0.04 0 0.00188299 0.0105538 0.0103711
0.06 0 -0.00578379 0.000912352 0.00689477
0.08 0 -0.0293161 -0.0363599 -0.0223668
0.1 0 -0.00500517 -0.0233892 -0.0136289
0.12 0 0.0091817 -0.000598458 -0.0131861
0.14 0 0.0300507 0.0405547 0.00701507
0.16 0 0.0370246 0.0587283 0.0314008
0.18 0 -0.00262858 0.0117517 0.0200055
0.2 0 -0.0591663 -0.0687287 -0.0210875
0.22 0 -0.0643748 -0.0976214 -0.0441101
0.24 0 -0.0222523 -0.05475 -0.0469168
0.26 0 0.0153973 0.00435802 -0.0549139
0.28 0 0.00243442 -0.00605785 -0.0954504
0.3 0 -0.00240286 -0.0423862 -0.104339
0.32 0 0.0210832 -0.0327435 -0.0534111
0.34 0 -0.0152783 -0.0302876 -0.033961
0.36 0 -0.0889409 -0.0740589 -0.0623627
0.38 0 -0.0622821 -0.0783164 -0.0375021
0.4 0 -0.00598372 -0.0528807 -0.0152092
0.42 0 0.012868 -0.00471702 -0.0263219
0.44 0 0.01813 0.0417273 -0.0341049
0.46 0 0.0641322 0.0841035 0.0211803
0.48 0 0.0817078 0.0904439 0.0866389
0.5 0 0.0788226 0.126201 0.173478
0.52 0 0.0994413 0.223016 0.303954
0.54 0 0.0194861 0.180953 0.309266
0.56 0 -0.052905 0.0532102 0.242432
0.58 0 -0.0225841 -0.00430272 0.184114
0.6 0 0.0593023 0.0658484 0.131387
0.62 0 0.171353 0.244267 0.136849
0.64 0 0.169547 0.279787 0.106208
0.66 0 0.0865204 0.13817 0.0709779
0.68 0 0.0428481 0.0251328 0.122883
0.7 0 -0.0150919 0.00260701 0.169648
0.72 0 -0.0921257 0.00829837 0.142265
0.74 0 -0.110096 -0.0321989 0.059891
0.76 0 -0.0685237 -0.120293 -0.0655873
0.78 0 -0.019489 -0.16026 -0.207527
0.8 0 0.0102812 -0.10905 -0.313683
0.82 0 -0.0205627 -0.105202 -0.394915
0.84 0 -0.132162 -0.277147 -0.492302
0.86 0 -0.171663 -0.416601 -0.486485
0.88 0 -0.0834444 -0.300532 -0.323168
0.9 0 -0.11261 -0.169689 -0.25402
0.92 0 -0.181182 -0.167794 -0.261898
0.94 0 -0.120151 -0.216015 -0.215752
0.96 0 -0.00390984 -0.175611 -0.13457
0.98 0 0.0167198 -0.0416959 -0.102475
1 0 -0.0555742 0.0140294 -0.134942
1.02 0 -0.0404515 -0.0287139 -0.100986
1.04 0 0.0505382 -0.0527409 0.00806361
1.06 0 0.0766486 0.0372445 0.10396
1.08 0 0.0544086 0.199091 0.189626
1.1 0 0.0660342 0.271158 0.286584
1.12 0 0.0768481 0.181402 0.336025
1.14 0 0.107972 0.153221 0.38391
1.16 0 0.135901 0.278991 0.42959
1.18 0 0.0913849 0.338162 0.383865
1.2 0 0.0303677 0.198664 0.263816
1.22 0 0.0386548 0.0250092 0.163461
1.24 0 0.0497367 -0.0175285 0.0715172
1.26 0 0.0292323 0.0578111 -0.0167669
1.28 0 0.0683017 0.148236 -0.0167236
1.3 0 0.0957545 0.105006 0.0115646
1.32 0 0.102274 0.0600837 0.0880598
1.34 0 0.0344846 0.0684495 0.149197
1.36 0 -0.0465425 0.0857093 0.181227
1.38 0 -0.0897611 0.0129785 0.154172
1.4 0 -0.0523246 -0.0659965 0.0993652
1.42 0 0.0557092 0.00807604 0.0727617
1.44 0 0.0902855 0.122122 0.0046123
1.46 0 0.0802806 0.149381 -0.0509656
1.48 0 -0.00143525 -0.027789 -0.1308
1.5 0 -0.0569796 -0.19284 -0.15128
1.52 0 -0.0517476 -0.154835 -0.0897304
1.54 0 -0.0912035 -0.0701937 -0.0836926
1.56 0 -0.0784597 -0.032473 -0.0795408
1.58 0 -0.0939616 -0.16271 -0.162577
1.6 0 -0.2275 -0.426454 -0.408071
1.62 0 -0.289304 -0.553834 -0.628955
1.64 0 -0.264688 -0.556591 -0.798672
1.66 0 -0.0906312 -0.39621 -0.784082
1.68 0 0.0496117 -0.215521 -0.658654
1.7 0 0.057817 -0.0995359 -0.463019
1.72 0 0.0377383 0.00414488 -0.137231
1.74 0 -0.0309161 0.0390112 0.188333
1.76 0 -0.140703 0.000615523 0.382964
1.78 0 -0.154254 0.0127896 0.468612
1.8 0 -0.0377645 0.118488 0.457978
1.82 0 0.139223 0.277278 0.37247
1.84 0 0.33457 0.468213 0.325085
1.86 0 0.383089 0.524589 0.286888
1.88 0 0.299924 0.443027 0.313084
1.9 0 0.14288 0.283529 0.394396
1.92 0 -0.0121093 0.14341 0.477294
1.94 0 -0.0990041 0.0798727 0.498052
1.96 0 -0.0200571 0.161307 0.496944
1.98 0 0.0772302 0.2285 0.371509
2 0 0.0871172 0.162072 0.108396
2.02 0 0.150998 0.121286 -0.055195
2.04 0 0.214308 0.143008 -0.0787766
2.06 0 0.0256415 -0.00976179 -0.194448
2.08 0 -0.165199 -0.21016 -0.254154
2.1 0 -0.214197 -0.342465 -0.22624
2.12 0 -0.220765 -0.384799 -0.247654
2.14 0 -0.0744386 -0.165617 -0.182747
2.16 0 -0.00240956 -0.00872751 -0.204457
2.18 0 0.0074828 -0.0283193 -0.256844
2.2 0 0.0416658 -0.0888331 -0.216228
2.22 0 -0.0333839 -0.166268 -0.199412
2.24 0 -0.135918 -0.179348 -0.178547
2.26 0 -0.2684 -0.294791 -0.260601
2.28 0 -0.438872 -0.620555 -0.544122
2.3 0 -0.192957 -0.54193 -0.545557
2.32 0 0.173865 -0.0797782 -0.369525
2.34 0 0.228548 0.258503 -0.286741
2.36 0 0.192927 0.331729 -0.0832715
2.38 0 -0.00408846 -0.00375401 0.0671718
2.4 0 -0.16348 -0.246953 0.237249
2.42 0 -0.257892 -0.193633 0.317619
2.44 0 -0.255334 -0.0418493 0.227159
2.46 0 0.0164229 0.135912 0.162202
2.48 0 0.266573 0.197729 0.0429966
2.5 0 0.299977 0.211851 -0.100116
2.52 0 0.23518 0.269174 -0.0828414
2.54 0 0.144662 0.249402 0.092911
2.56 0 0.0948731 0.19684 0.38305
2.58 0 0.124626 0.306515 0.738592
2.6 0 0.0787273 0.448145 0.918375
2.62 0 0.00549365 0.451442 0.868184
2.64 0 -0.0195404 0.248317 0.617004
2.66 0 0.0706989 0.0828815 0.315696
2.68 0 0.183321 0.119331 0.0424902
2.7 0 0.365415 0.408816 0.00602039
2.72 0 0.48882 0.647736 0.182818
2.74 0 0.227235 0.386724 0.228471
2.76 0 -0.16881 -0.113767 0.208444
2.78 0 -0.385188 -0.416602 0.199452
2.8 0 -0.446366 -0.475993 0.0297547
2.82 0 -0.337345 -0.388381 -0.291149
2.84 0 -0.0942833 -0.29774 -0.643821
2.86 0 0.0246988 -0.381395 -1.03101
2.88 0 0.0217125 -0.483714 -1.24558
2.9 0 0.11761 -0.298267 -0.981
2.92 0 0.021086 -0.162203 -0.574743
2.94 0 -0.279285 -0.283196 -0.252271
2.96 0 -0.53318 -0.552106 -0.062249
2.98 0 -0.520613 -0.633907 0.0245352
3 0 -0.163242 -0.232276 0.1232
3.02 0 0.168645 0.269085 0.0665579
3.04 0 0.400082 0.556188 0.00356164
3.06 0 0.557009 0.610511 0.144193
3.08 0 0.338887 0.358658 0.251805
3.1 0 -0.243847 -0.14777 0.138162
3.12 0 -0.556766 -0.487572 0.0781866
3.14 0 -0.37701 -0.445563 0.114968
3.16 0 0.00965097 -0.0694528 0.0972622
3.18 0 0.226769 0.281401 -0.097343
3.2 0 0.245914 0.301903 -0.327136
3.22 0 0.132362 -0.033047 -0.461932
3.24 0 0.0389651 -0.269417 -0.346355
3.26 0 0.118086 0.033565 0.124891
3.28 0 0.0749618 0.406387 0.532066
3.3 0 -0.110421 0.350499 0.65008
3.32 0 -0.0834643 0.122084 0.699522
3.34 0 0.0595885 0.0704219 0.645395
3.36 0 0.174015 0.325958 0.485034
3.38 0 0.230469 0.547787 0.272483
3.4 0 0.203677 0.351012 0.0300099
3.42 0 0.157704 -0.0220668 -0.10577
3.44 0 -0.0144633 -0.254708 -0.2039
3.46 0 -0.201622 -0.2371 -0.248448
3.48 0 -0.252256 -0.19846 -0.246397
3.5 0 -0.0132746 -0.090935 -0.0708506
3.52 0 0.191437 0.0767488 0.0931263
3.54 0 0.075757 0.141831 0.0457442
3.56 0 -0.0529518 0.111345 0.0135397
3.58 0 -0.051748 -0.0360461 0.0496485
3.6 0 -0.0943088 -0.23429 -0.016164
3.62 0 -0.248377 -0.369681 -0.252688
3.64 0 -0.265519 -0.35163 -0.45433
3.66 0 -0.0990337 -0.283332 -0.542768
3.68 0 0.0876367 -0.19383 -0.533056
3.7 0 0.111416 -0.0977307 -0.475264
3.72 0 -0.0535686 -0.120054 -0.416118
3.74 0 -0.209158 -0.264488 -0.302684
3.76 0 -0.0258079 -0.118872 0.103029
3.78 0 0.183039 0.264374 0.518864
3.8 0 0.126482 0.505969 0.652222
3.82 0 0.052664 0.472281 0.653278
3.84 0 0.0321293 0.187899 0.543337
3.86 0 -0.0957687 -0.165603 0.201599
3.88 0 -0.197099 -0.291161 -0.20725
3.9 0 -0.0328841 -0.114162 -0.401436
3.92 0 0.197487 0.0542575 -0.441019
3.94 0 0.329138 0.16217 -0.315712
3.96 0 0.270524 0.232402 -0.0556116
3.98 0 -0.0745563 0.0512711 0.0940772
4 0 -0.375617 -0.259517 0.175361
4.02 0 -0.456917 -0.493763 0.148492
4.04 0 -0.401314 -0.534971 -0.0984561
4.06 0 -0.246947 -0.398213 -0.49159
4.08 0 0.0875491 -0.126239 -0.730975
4.1 0 0.478617 0.204508 -0.633758
4.12 0 0.813207 0.71 -0.0353917
4.14 0 1.09278 1.50459 1.16349
4.16 0 0.926733 1.97357 2.37676
4.18 0 0.461783 1.85844 3.2628
4.2 0 -0.372693 0.870413 3.13154
4.22 0 -1.70204 -1.16839 1.24883
4.24 0 -2.49531 -3.19797 -1.7073
4.26 0 -1.46488 -3.40312 -3.99736
4.28 0 -0.139706 -2.55902 -5.83465
4.3 0 0.566869 -1.66018 -6.79454
4.32 0 0.297565 -1.72384 -6.57819
4.34 0 -0.139345 -2.11451 -4.66848
4.36 0 -1.60979 -3.01781 -2.79747
4.38 0 -1.66333 -1.82861 0.225795
4.4 0 0.0621415 1.63074 4.1135
4.42 0 0.259127 3.65375 5.87544
4.44 0 2.14207 5.44351 8.05866
4.46 0 3.49055 5.8188 8.83369
4.48 0 3.3881 5.52347 7.84344
4.5 0 2.99887 6.13356 6.99563
4.52 0 2.73401 6.0294 6.43061
4.54 0 2.83562 4.92605 6.23421
4.56 0 2.10414 2.93907 5.21614
4.58 0 -1.83182 -0.729252 1.15486
4.6 0 -3.74126 -3.89198 -2.67273
4.62 0 -3.54904 -6.56332 -6.48683
4.64 0 -3.14952 -7.82802 -10.1962
4.66 0 -1.74851 -6.08587 -11.8067
4.68 0 -0.709363 -4.36056 -11.8987
4.7 0 0.633169 -2.85552 -9.35569
4.72 0 0.695955 -2.14169 -5.55762
4.74 0 -1.59259 -2.88742 -2.81433
4.76 0 -4.51065 -3.83578 -0.680995
4.78 0 -5.5128 -4.68232 0.488989
4.8 0 -4.09046 -4.40964 0.356001
4.82 0 -0.535025 -1.9327 -0.548194
4.84 0 2.22768 1.89727 -1.84022
4.86 0 3.0563 4.89978 -1.68529
4.88 0 5.04351 5.65472 1.7762
4.9 0 6.38224 5.68768 6.55013
4.92 0 4.58548 7.06029 10.2204
4.94 0 1.00049 8.30543 12.519
4.96 0 -0.0788599 7.3569 14.3694
4.98 0 1.44301 5.30022 15.1152
5 0 2.7109 4.94494 13.0134
5.02 0 2.48515 6.26238 8.14471
5.04 0 1.47055 5.54306 1.97394
5.06 0 1.78756 0.89554 -2.90768
5.08 0 3.02535 -3.53678 -5.89752
5.1 0 0.765209 -5.14657 -9.12308
5.12 0 -3.55874 -5.40982 -11.6363
5.14 0 -6.74071 -7.6159 -12.6704
5.16 0 -7.63881 -11.9536 -12.3588
5.18 0 -6.89019 -13.7705 -11.1509
5.2 0 -6.77272 -12.1968 -11.6228
5.22 0 -6.31882 -8.90883 -12.9622
5.24 0 -4.76858 -6.98612 -13.4647
5.26 0 0.140862 -3.58361 -8.9852
5.28 0 2.90004 -1.02632 -4.16634
5.3 0 1.34053 0.666284 -1.20469
5.32 0 1.86042 3.05214 3.47551
5.34 0 1.28543 4.91358 7.80798
5.36 0 0.838037 6.15811 11.1369
5.38 0 1.55329 6.53639 13.0295
5.4 0 2.66399 6.60717 13.2088
5.42 0 3.50455 7.1318 12.2152
5.44 0 2.89523 6.68225 8.76961
5.46 0 1.30063 3.76066 3.63082
5.48 0 2.30865 1.9386 0.943202
5.5 0 3.6397 1.54474 -0.406873
5.52 0 2.62172 1.94025 -1.61271
5.54 0 1.24027 2.31957 -1.20962
5.56 0 -0.149584 0.272884 -0.283098
5.58 0 -1.1197 -2.26396 0.721467
5.6 0 -2.27737 -3.07005 0.732295
5.62 0 -3.47316 -2.59647 -0.658668
5.64 0 -2.8702 -1.95001 -1.96878
5.66 0 0.151413 -1.35969 -2.23743
5.68 0 3.76885 1.39489 -0.905875
5.7 0 4.00303 4.04087 -0.212445
5.72 0 2.96945 5.24896 1.45605
5.74 0 2.90315 4.32068 4.62576
5.76 0 2.1946 2.66628 7.1629
5.78 0 -1.30945 0.497353 6.20818
5.8 0 -5.38897 -1.46223 3.05417
5.82 0 -5.30289 -2.86322 0.720703
5.84 0 -1.25321 -3.62297 -1.30251
5.86 0 2.5345 -1.54104 -3.65584
5.88 0 3.1491 1.8564 -6.10644
5.9 0 2.27689 2.50709 -6.67882
5.92 0 1.50341 -0.59208 -4.91075
5.94 0 0.968531 -3.46964 -1.71682
5.96 0 -1.97565 -3.18564 0.207237
5.98 0 -5.24985 -1.58417 0.731277
6 0 -5.32981 -1.64336 1.28743
6.02 0 -2.01885 -2.86159 1.7438
6.04 0 1.67371 -1.34091 1.2503
6.06 0 1.79005 1.72893 -1.55551
6.08 0 0.832774 2.74681 -4.03694
6.1 0 2.00752 1.24339 -3.22337
6.12 0 1.71603 -1.86568 -1.93374
6.14 0 -1.01806 -3.05104 -1.44432
6.16 0 -4.03835 -2.80202 -1.69744
6.18 0 -5.05162 -3.38291 -1.96081
6.2 0 -2.85052 -4.61758 -1.9996
6.22 0 0.376306 -2.87516 -1.79583
6.24 0 2.10876 1.59018 -1.77971
6.26 0 2.04191 4.00449 -1.83746
6.28 0 3.18043 3.93329 0.735652
6.3 0 3.23204 2.20553 3.70667
6.32 0 1.02393 1.99953 5.77745
6.34 0 -2.47015 1.67241 5.62194
6.36 0 -5.09568 -1.8511 2.75928
6.38 0 -3.32265 -4.56645 0.23382
6.4 0 -1.5572 -4.83828 -3.71613
6.42 0 -1.76264 -3.63129 -8.7963
6.44 0 0.315145 -2.71428 -11.2088
6.46 0 2.63271 -2.80999 -10.657
6.48 0 3.07384 -1.17556 -6.98439
6.5 0 0.931218 0.839272 -2.08365
6.52 0 -1.88178 0.659505 2.29437
6.54 0 -2.8269 0.00247686 6.74177
6.56 0 -2.90281 -0.191176 8.87558
6.58 0 -2.44954 0.717713 8.37162
6.6 0 -1.19066 2.17007 5.88995
6.62 0 1.59483 3.44719 3.23126
6.64 0 5.04812 4.38434 1.26356
6.66 0 7.03431 5.18907 0.0886269
6.68 0 6.81801 5.98104 0.0742227
6.7 0 4.11177 5.99782 1.67862
6.72 0 1.24217 3.91632 4.65331
6.74 0 -0.996037 0.54581 7.15442
6.76 0 -2.51734 -1.0711 7.98871
6.78 0 -3.17435 -0.0647687 6.73605
6.8 0 -2.15316 1.39054 3.98227
6.82 0 0.865007 1.8352 1.1325
6.84 0 4.22042 1.97924 -1.11907
6.86 0 5.63606 2.69293 -3.06227
6.88 0 4.42841 3.04089 -3.96953
6.9 0 2.20835 1.8448 -2.83127
6.92 0 -0.886902 -0.260312 0.0363968
6.94 0 -4.34704 -2.35625 3.02069
6.96 0 -4.34003 -4.31043 4.21522
6.98 0 -4.44831 -3.81428 2.2582
7 0 -3.45385 -1.86385 -1.2749
7.02 0 -0.509322 -0.578759 -3.98314
7.04 0 3.18433 -0.385916 -4.92461
7.06 0 4.03377 -0.170513 -5.49777
7.08 0 1.79517 -0.411903 -6.41616
7.1 0 -1.12226 -1.69423 -6.02882
7.12 0 -3.03542 -4.08083 -4.0419
7.14 0 -4.47238 -6.17744 -2.15759
7.16 0 -5.83572 -6.4883 -1.71044
7.18 0 -5.73461 -5.62383 -2.76294
7.2 0 -3.26461 -4.36606 -4.27644
7.22 0 -0.0676484 -2.35908 -5.30618
7.24 0 2.02872 -0.102363 -5.55293
7.26 0 2.82472 1.31144 -4.57845
7.28 0 2.57483 1.46597 -2.23124
7.3 0 0.76851 0.481889 0.553785
7.32 0 -1.96445 -0.698136 2.68958
7.34 0 -3.71389 -1.29247 4.066
7.36 0 -3.34696 -1.28889 4.35497
7.38 0 -0.276577 -0.807162 3.05889
7.4 0 1.29058 1.53596 0.532527
7.42 0 1.82315 3.40223 -1.43591
7.44 0 3.46492 3.28642 -1.15531
7.46 0 4.77589 2.49128 0.746172
7.48 0 3.66114 2.729 2.47684
7.5 0 0.803432 3.73909 3.90632
7.52 0 -1.02677 3.30967 5.60836
7.54 0 -0.558781 1.59893 7.31913
7.56 0 0.257555 0.849687 7.51608
7.58 0 0.0067444 1.88769 5.29739
7.6 0 0.319475 3.23824 2.44123
7.62 0 2.22583 3.16843 0.66768
7.64 0 3.91989 2.30686 -0.0743519
7.66 0 3.32074 1.98017 -0.43261
7.68 0 1.12151 1.71414 -0.438332
7.7 0 -0.922539 -0.154205 -0.168146
7.72 0 -1.80054 -2.50029 0.340222
7.74 0 -2.12269 -3.02361 0.335482
7.76 0 -2.41356 -1.40708 -0.216788
7.78 0 -1.00649 0.182608 -0.497787
7.8 0 1.07253 0.492761 -0.609703
7.82 0 2.41473 0.815526 -0.532265
7.84 0 1.79431 1.42807 -0.626134
7.86 0 0.633634 1.32063 -0.452063
7.88 0 0.0786524 -0.12117 -0.0305672
7.9 0 -0.542459 -1.27787 0.381545
7.92 0 -1.39626 -1.33891 0.302436
7.94 0 -2.19886 -1.29408 -0.502312
7.96 0 -2.49319 -2.29537 -1.88416
7.98 0 -2.00992 -3.53068 -3.23551
8 0 -1.10634 -3.58427 -4.33174
8.02 0 -0.557766 -2.61377 -5.2941
8.04 0 -0.126059 -1.49122 -5.4597
8.06 0 -0.0543338 -1.5427 -4.90158
8.08 0 -0.337359 -2.19919 -3.64818
8.1 0 -1.11815 -2.44536 -2.21601
8.12 0 -2.07144 -2.21817 -1.07894
8.14 0 -2.4651 -1.97385 -0.420121
8.16 0 -2.10327 -1.9081 -0.260269
8.18 0 -1.34203 -1.58126 -0.584183
8.2 0 -0.579832 -0.684468 -1.16297
8.22 0 0.77864 0.137931 -1.41578
8.24 0 2.4999 0.729657 -1.28385
8.26 0 2.30285 1.78029 -0.834689
8.28 0 1.15201 2.50954 0.494459
8.3 0 0.269004 1.95539 2.71037
8.32 0 -0.125834 0.769599 4.52446
8.34 0 -0.726833 0.41938 5.10889
8.36 0 -1.15526 1.13411 4.44165
8.38 0 -0.544048 1.81857 3.24866
8.4 0 1.26065 2.0082 2.22133
8.42 0 2.98225 2.26732 1.36874
8.44 0 3.77509 3.18184 0.84152
8.46 0 3.46455 4.12128 1.01424
8.48 0 2.21563 3.9443 2.09222
8.5 0 1.08269 2.49993 3.89758
8.52 0 0.0871588 1.04896 5.36684
8.54 0 -0.998119 0.56686 5.40596
8.56 0 -1.56633 0.762429 4.04158
8.58 0 -0.742383 0.834408 2.12556
8.6 0 1.07218 0.574863 0.0567629
8.62 0 2.41344 0.645704 -1.81123
8.64 0 2.51516 1.01306 -3.12021
8.66 0 0.969278 0.882217 -3.32549
8.68 0 -1.16247 -0.699881 -2.22662
8.7 0 -1.75022 -3.18986 -0.571151
8.72 0 -2.16806 -4.21714 -0.2342
8.74 0 -3.48596 -3.25722 -1.68046
8.76 0 -3.74522 -2.37106 -3.41827
8.78 0 -1.59067 -2.82093 -4.16341
8.8 0 0.804765 -3.2744 -4.57958
8.82 0 0.857022 -2.21698 -5.41807
8.84 0 -0.430206 -0.782093 -5.70487
8.86 0 -0.827636 -0.956841 -4.26408
8.88 0 -0.249963 -2.06711 -1.41177
8.9 0 -0.713348 -2.06922 0.835953
8.92 0 -1.83702 -0.382845 1.89227
8.94 0 -1.84274 1.00692 2.35049
8.96 0 -0.282474 0.943039 2.59502
8.98 0 1.88382 0.79875 2.36717
9 0 2.29993 1.79683 1.14284
9.02 0 1.46795 2.88716 -0.0818469
9.04 0 1.05851 2.32905 -0.0391202
9.06 0 0.898985 0.275991 0.789552
9.08 0 -0.0727384 -0.976942 1.3476
9.1 0 -1.3736 -0.550694 1.31884
9.12 0 -1.61852 0.0255786 0.961166
9.14 0 -0.225667 0.0151915 0.72184
9.16 0 1.19394 0.233048 0.343699
9.18 0 1.33062 0.996152 -0.38683
9.2 0 0.884282 1.51777 -0.725599
9.22 0 0.773318 1.17402 -0.0346306
9.24 0 0.920021 0.715553 1.45737
9.26 0 0.431188 0.875287 2.68016
9.28 0 -0.431975 1.35359 3.17772
9.3 0 -0.458066 1.42513 3.26779
9.32 0 0.405305 1.16964 3.02353
9.34 0 1.20847 1.37489 2.32744
9.36 0 1.17427 1.81662 1.14476
9.38 0 0.75542 1.49563 -0.00252973
9.4 0 0.204291 -0.147598 -1.00561
9.42 0 -0.416671 -1.84015 -1.77056
9.44 0 -0.904758 -2.44789 -2.44689
9.46 0 -1.5175 -2.17597 -3.13257
9.48 0 -1.50799 -1.96902 -3.32216
9.5 0 -0.922593 -2.14106 -2.9957
9.52 0 -0.583796 -2.24744 -2.69065
9.54 0 -0.926222 -2.01076 -2.72351
9.56 0 -1.31996 -1.79105 -2.77828
9.58 0 -1.15948 -1.85306 -2.46888
9.6 0 -0.757449 -1.95349 -2.04741
9.62 0 -0.753737 -1.64148 -1.89646
9.64 0 -0.813598 -1.01747 -1.71868
9.66 0 -0.234777 -0.548729 -1.17636
9.68 0 0.618034 0.109288 -0.197059
9.7 0 1.07803 0.992843 0.783554
9.72 0 0.694541 1.63161 1.46913
9.74 0 0.249545 1.64254 2.17502
9.76 0 0.0266379 0.978072 2.67101
9.78 0 0.0379897 0.567694 2.78605
9.8 0 -0.0635123 0.958267 2.4579
9.82 0 0.282303 1.52039 2.01436
9.84 0 1.42811 2.17007 2.07027
9.86 0 2.36231 2.54735 2.17424
9.88 0 2.45435 2.86089 2.21007
9.9 0 1.72274 3.10465 2.50085
9.92 0 0.960148 2.63624 3.13002
9.94 0 0.540014 1.56184 3.78703
9.96 0 0.0794262 0.796353 3.72684
9.98 0 -0.699318 0.669698 2.67931
10 0 -0.825419 0.366853 1.09665
10.02 0 -0.239618 -0.405232 -0.538372
10.04 0 0.382684 -1.15045 -2.14262
10.06 0 0.298511 -1.30551 -3.52552
10.08 0 -0.0607844 -1.30447 -4.22436
10.1 0 -0.373737 -1.58135 -3.9641
10.12 0 -0.491664 -2.24516 -3.17147
10.14 0 -1.21628 -2.55412 -2.48935
10.16 0 -2.16795 -2.42766 -2.08905
10.18 0 -2.49246 -2.28489 -1.70348
10.2 0 -1.66934 -2.28072 -1.32876
10.22 0 -0.691742 -1.99681 -1.49609
10.24 0 -0.210971 -1.09621 -2.114
10.26 0 -0.0882056 -0.308627 -2.62408
10.28 0 0.0892284 -0.395263 -2.50389
10.3 0 0.382633 -0.8244 -1.61491
10.32 0 0.309576 -0.636064 -0.468153
10.34 0 -0.404803 0.0687769 0.404908
10.36 0 -0.782836 0.438605 1.12851
10.38 0 -0.349193 0.185905 1.67128
10.4 0 0.194213 0.117137 1.70134
10.42 0 0.24917 0.741953 1.20517
10.44 0 0.364191 1.34925 0.704772
10.46 0 0.713861 1.4281 0.748731
10.48 0 1.2758 1.1476 1.25488
10.5 0 1.6329 1.5093 1.99222
10.52 0 1.38589 2.34118 2.51666
10.54 0 0.779789 2.68186 2.86663
10.56 0 0.679492 2.22163 3.39546
10.58 0 0.639416 1.37374 3.57114
10.6 0 0.0576856 0.690526 2.76182
10.62 0 -0.405215 0.51468 1.41612
10.64 0 -0.0404252 0.456233 0.251609
10.66 0 0.727767 0.236194 -0.59549
10.68 0 1.18089 0.327149 -1.00323
10.7 0 0.953522 0.67922 -0.95132
10.72 0 0.31918 0.584572 -0.489358
10.74 0 -0.432583 -0.141397 0.2114
10.76 0 -0.914404 -1.01412 0.73032
10.78 0 -1.16375 -1.3602 0.581022
10.8 0 -1.20199 -1.07774 -0.248219
10.82 0 -0.73145 -0.710872 -1.26224
10.84 0 0.0539497 -0.742959 -2.13159
10.86 0 0.422136 -1.04638 -2.82337
10.88 0 0.0515302 -1.34453 -3.28521
10.9 0 -0.600408 -1.65213 -3.29059
10.92 0 -1.16401 -1.98464 -2.75579
10.94 0 -1.48518 -2.20916 -1.93834
10.96 0 -1.42004 -2.06512 -1.191
10.98 0 -1.04915 -1.35965 -0.739975
11 0 -0.377926 -0.436954 -0.541168
11.02 0 0.429186 0.333473 -0.371877
11.04 0 0.929565 0.825041 -0.0979311
11.06 0 0.949758 1.03135 0.335676
11.08 0 0.612245 1.00957 0.936693
11.1 0 0.11441 0.773918 1.52912
11.12 0 -0.364965 0.322824 1.7748
11.14 0 -0.660376 -0.150125 1.46844
11.16 0 -0.488836 -0.238503 0.831012
11.18 0 0.0614719 0.0801584 0.0913987
11.2 0 0.648958 0.609068 -0.430125
11.22 0 1.19737 1.03941 -0.423313
11.24 0 1.34604 1.21458 0.0733141
11.26 0 0.920539 1.1895 0.868465
11.28 0 0.111674 0.918275 1.66497
11.3 0 -0.495426 0.458285 2.24097
11.32 0 -0.543167 0.211161 2.44042
11.34 0 -0.238835 0.344183 2.01212
11.36 0 0.25456 0.77281 1.13931
11.38 0 0.840144 1.12319 0.269228
11.4 0 1.22511 1.12581 -0.267798
11.42 0 1.10794 0.852852 -0.356277
11.44 0 0.45322 0.4809 -0.0500266
11.46 0 -0.241551 0.0458999 0.50016
11.48 0 -0.667435 -0.358478 0.96227
11.5 0 -0.860776 -0.658772 0.88739
11.52 0 -0.839958 -0.825892 0.130697
11.54 0 -0.705503 -0.96418 -1.10448
11.56 0 -0.455187 -1.25081 -2.41446
11.58 0 -0.0909682 -1.4617 -3.26854
11.6 0 -0.0099255 -1.52268 -3.58306
11.62 0 -0.320905 -1.5098 -3.35546
11.64 0 -0.685464 -1.50834 -2.56643
11.66 0 -0.684943 -1.2545 -1.23977
11.68 0 -0.584652 -0.764426 0.017876
11.7 0 -0.565663 -0.213398 0.758264
11.72 0 -0.295601 0.258295 1.07492
11.74 0 0.0113606 0.387584 0.902725
11.76 0 0.14828 0.21001 0.319117
11.78 0 0.220385 0.0927857 -0.26194
11.8 0 0.282712 0.0947736 -0.588005
11.82 0 0.2485 0.116727 -0.581675
11.84 0 0.252358 0.157683 -0.196952
11.86 0 0.214661 0.260084 0.380523
11.88 0 0.307382 0.676597 1.1622
11.9 0 0.410372 1.17088 1.86844
11.92 0 0.490048 1.45742 2.3155
11.94 0 0.753048 1.71851 2.68342
11.96 0 0.970948 1.92794 2.83028
11.98 0 0.992282 2.07496 2.75574
12 0 0.902797 2.00222 2.54435
12.02 0 0.688064 1.54298 2.15004
12.04 0 0.417668 0.910628 1.59843
12.06 0 -0.00548627 0.32878 0.855534
12.08 0 -0.31431 -0.254729 -0.032416
12.1 0 -0.427908 -0.798433 -0.94535
12.12 0 -0.394647 -1.19005 -1.77676
12.14 0 -0.324881 -1.37998 -2.44355
12.16 0 -0.320505 -1.3194 -2.74305
12.18 0 -0.244808 -1.09605 -2.48039
12.2 0 -0.185193 -0.958976 -1.84794
12.22 0 -0.346475 -0.975998 -1.23678
12.24 0 -0.833975 -1.06346 -0.866881
12.26 0 -1.23159 -1.18818 -0.68178
12.28 0 -1.26236 -1.38485 -0.6991
12.3 0 -0.844278 -1.43292 -0.930325
12.32 0 -0.383684 -1.07573 -1.37618
12.34 0 -0.0519429 -0.538691 -1.80688
12.36 0 0.311797 -0.225427 -1.8509
12.38 0 0.458594 -0.219812 -1.4519
12.4 0 0.205077 -0.263718 -0.769161
12.42 0 -0.288117 -0.213241 0.0105608
12.44 0 -0.583655 -0.116227 0.764969
12.46 0 -0.47398 -0.0112401 1.2919
12.48 0 -0.151779 0.150202 1.32561
12.5 0 0.12235 0.463124 0.909161
12.52 0 0.424181 0.764857 0.397835
12.54 0 0.679067 0.808431 0.0639893
12.56 0 0.790623 0.723714 0.0978369
12.58 0 0.610084 0.575083 0.331095
12.6 0 0.310248 0.591091 0.768793
12.62 0 0.198511 0.805656 1.4039
12.64 0 0.234124 0.985106 1.9415
12.66 0 0.320469 1.08586 2.17464
12.68 0 0.404054 1.17121 2.07465
12.7 0 0.443735 1.14701 1.67724
12.72 0 0.495552 0.988237 1.17251
12.74 0 0.524388 0.743869 0.698972
12.76 0 0.284488 0.316015 0.139204
12.78 0 -0.0602291 -0.144434 -0.352523
12.8 0 -0.349745 -0.567431 -0.711234
12.82 0 -0.46667 -0.898155 -0.971042
12.84 0 -0.44388 -0.980839 -1.15142
12.86 0 -0.371177 -0.85648 -1.28446
12.88 0 -0.352692 -0.784282 -1.412
12.9 0 -0.292654 -0.797503 -1.40085
12.92 0 -0.170488 -0.716465 -1.16308
12.94 0 -0.0351885 -0.388854 -0.706428
12.96 0 -0.0394042 -0.0464301 -0.233
12.98 0 -0.115477 0.0729899 0.161816
13 0 -0.131777 0.0163956 0.457503
13.02 0 -0.185631 -0.109316 0.483237
13.04 0 -0.17642 -0.0736963 0.327252
13.06 0 0.125399 0.268283 0.289853
13.08 0 0.566022 0.733944 0.439168
13.1 0 0.92117 1.20654 0.825508
13.12 0 0.955987 1.50411 1.34895
13.14 0 0.610521 1.4003 1.79276
13.16 0 0.0924749 0.895913 1.97599
13.18 0 -0.562757 -0.0191253 1.49427
13.2 0 -0.799129 -0.663797 0.64207
13.22 0 -0.482901 -0.728562 -0.345037
13.24 0 -0.0975965 -0.591574 -1.46269
13.26 0 0.218041 -0.537206 -2.32239
13.28 0 0.292734 -0.726636 -2.67722
13.3 0 0.000182361 -1.06306 -2.52173
13.32 0 -0.47304 -1.24438 -1.89995
13.34 0 -0.895084 -1.23789 -1.0772
13.36 0 -1.13435 -1.20663 -0.436858
13.38 0 -1.06182 -1.17721 -0.213879
13.4 0 -0.697944 -0.946913 -0.381242
13.42 0 -0.185272 -0.525336 -0.793948
13.44 0 0.259503 -0.123547 -1.20166
13.46 0 0.549289 0.158719 -1.24103
13.48 0 0.653222 0.344561 -0.733764
13.5 0 0.496151 0.489093 0.170978
13.52 0 0.170331 0.638581 1.20323
13.54 0 -0.044631 0.821304 2.13386
13.56 0 -0.038859 0.987147 2.68406
13.58 0 0.0913505 1.10203 2.66004
13.6 0 0.318586 1.13639 2.1143
13.62 0 0.629971 1.14168 1.34877
13.64 0 0.881426 1.08018 0.621279
13.66 0 0.951356 0.98828 0.185621
13.68 0 0.793461 0.875001 0.167623
13.7 0 0.344755 0.538066 0.351464
13.72 0 -0.208629 0.0533968 0.577001
13.74 0 -0.537705 -0.316888 0.728415
13.76 0 -0.605071 -0.48196 0.562702
13.78 0 -0.458988 -0.442453 0.0443625
13.8 0 -0.0729192 -0.229507 -0.545563
13.82 0 0.37242 0.00918547 -0.961069
13.84 0 0.532036 0.0814163 -1.14131
13.86 0 0.303088 -0.0669246 -1.05187
13.88 0 -0.171563 -0.413436 -0.759029
13.9 0 -0.648894 -0.836632 -0.444016
13.92 0 -0.915319 -1.11967 -0.304134
13.94 0 -1.05486 -1.23838 -0.571832
13.96 0 -0.871316 -1.21787 -1.11225
13.98 0 -0.34395 -1.01767 -1.62583
14 0 0.0875434 -0.796532 -2.05994
14.02 0 0.191632 -0.587203 -2.19274
14.04 0 0.12499 -0.443409 -1.79021
14.06 0 -0.0301897 -0.395115 -0.935817
14.08 0 -0.232171 -0.314095 0.074164
14.1 0 -0.453017 -0.140628 0.867464
14.12 0 -0.539744 0.0252712 1.21876
14.14 0 -0.311432 0.194305 1.18994
14.16 0 0.218881 0.603855 1.07003
14.18 0 0.859501 1.16272 0.99333
14.2 0 1.25351 1.63405 1.02736
14.22 0 1.29454 1.8236 1.27637
14.24 0 0.960098 1.61161 1.65724
14.26 0 0.369736 1.13081 1.99795
14.28 0 -0.204732 0.572369 2.0696
14.3 0 -0.411786 0.238801 1.8311
14.32 0 -0.165166 0.27508 1.32028
14.34 0 0.300535 0.527672 0.613688
14.36 0 0.713231 0.742113 -0.0659402
14.38 0 0.86445 0.71464 -0.489237
14.4 0 0.566936 0.371014 -0.608789
14.42 0 -0.0502643 -0.228814 -0.518118
14.44 0 -0.650282 -0.829723 -0.353804
14.46 0 -0.908928 -1.08563 -0.221721
14.48 0 -0.791594 -0.92971 -0.272346
14.5 0 -0.463487 -0.626717 -0.591555
14.52 0 -0.13362 -0.472115 -1.09129
14.54 0 0.0601935 -0.524413 -1.54276
14.56 0 0.0127097 -0.719662 -1.80376
14.58 0 -0.231616 -0.923758 -1.79243
14.6 0 -0.496367 -1.03279 -1.49849
14.62 0 -0.68691 -1.07214 -1.08955
14.64 0 -0.671852 -0.976873 -0.688571
14.66 0 -0.514868 -0.730104 -0.439045
14.68 0 -0.318296 -0.481096 -0.440515
14.7 0 -0.107371 -0.267863 -0.548831
14.72 0 0.0506037 -0.16833 -0.648543
14.74 0 0.100066 -0.156239 -0.644972
14.76 0 0.155515 -0.028851 -0.373188
14.78 0 0.206158 0.239419 0.127088
14.8 0 0.43994 0.786489 0.959691
14.82 0 0.459735 1.15167 1.64652
14.84 0 0.281449 1.12887 1.98542
14.86 0 0.276021 1.05411 2.16838
14.88 0 0.364077 1.04244 2.08363
14.9 0 0.409002 1.05668 1.68142
14.92 0 0.368475 0.881997 1.02971
14.94 0 0.452387 0.658776 0.509053
14.96 0 0.556996 0.511187 0.225143
14.98 0 0.450767 0.436251 0.0921426
15 0 0.148926 0.315301 0.0781605
15.02 0 -0.053608 0.128811 0.248033
15.04 0 0.0178635 0.0924621 0.590644
15.06 0 0.0568772 0.214717 0.771611
15.08 0 -0.0770917 0.272311 0.60214
15.1 0 -0.0970058 0.178194 0.307043
15.12 0 -0.0241886 -0.108483 -0.0704581
15.14 0 -0.0525994 -0.442043 -0.575073
15.16 0 -0.288046 -0.749429 -1.19892
15.18 0 -0.558367 -1.05892 -1.75097
15.2 0 -0.59964 -1.31688 -2.00222
15.22 0 -0.531804 -1.43342 -2.01731
15.24 0 -0.49044 -1.27887 -1.86781
15.26 0 -0.501075 -1.01858 -1.62935
15.28 0 -0.425718 -0.804179 -1.25693
15.3 0 -0.330692 -0.709228 -0.86579
15.32 0 -0.290653 -0.589747 -0.543304
15.34 0 -0.264933 -0.355974 -0.291309
15.36 0 -0.208285 -0.191118 -0.15991
15.38 0 -0.0754837 -0.112626 -0.0867395
15.4 0 0.106825 0.0398137 0.0242728
15.42 0 0.307446 0.374386 0.261842
15.44 0 0.426444 0.71439 0.583974
15.46 0 0.440528 0.868415 0.939516
15.48 0 0.413153 0.880925 1.3086
15.5 0 0.35719 0.892216 1.60311
15.52 0 0.213709 0.858107 1.64188
15.54 0 0.090431 0.71695 1.41478
15.56 0 0.184041 0.600269 1.1144
15.58 0 0.379149 0.567323 0.774735
15.6 0 0.476606 0.607343 0.427904
15.62 0 0.466637 0.642031 0.221553
15.64 0 0.35505 0.51421 0.195952
15.66 0 0.175428 0.24332 0.292942
15.68 0 -0.0393356 0.0233956 0.406088
15.7 0 -0.206612 -0.0468045 0.436687
15.72 0 -0.240781 -0.0493024 0.333564
15.74 0 -0.150695 -0.100594 0.0821957
15.76 0 -0.071547 -0.231981 -0.315449
15.78 0 -0.144692 -0.466653 -0.841747
15.8 0 -0.322105 -0.786024 -1.36586
15.82 0 -0.412503 -1.04848 -1.67644
15.84 0 -0.418581 -1.15634 -1.74843
15.86 0 -0.393737 -1.05654 -1.61874
15.88 0 -0.283883 -0.741323 -1.25152
15.9 0 -0.174749 -0.426193 -0.774987
15.92 0 -0.132653 -0.240076 -0.315309
15.94 0 -0.142939 -0.142795 0.0572685
15.96 0 -0.0764034 0.04119 0.390995
15.98 0 -0.00920075 0.221415 0.56468
16 0 -0.00825269 0.243241 0.500318
16.02 0 0.0711109 0.218496 0.377021
16.04 0 0.127213 0.155311 0.189073
16.06 0 0.0887666 0.0705035 -0.0436271
16.08 0 0.0460245 0.00891072 -0.196316
16.1 0 0.0756737 0.0201481 -0.166878
16.12 0 0.108782 0.0745211 -0.0165195
16.14 0 0.320018 0.409831 0.425199
16.16 0 0.392674 0.71814 0.838371
16.18 0 0.250351 0.752919 1.0558
16.2 0 0.177427 0.666927 1.22638
16.22 0 0.2069 0.607113 1.30907
16.24 0 0.262523 0.675161 1.24576
16.26 0 0.286782 0.749287 1.02245
16.28 0 0.447834 0.839458 0.886074
16.3 0 0.436889 0.688306 0.667658
16.32 0 0.283372 0.43781 0.457291
16.34 0 0.0945858 0.201998 0.298956
16.36 0 -0.0371974 0.0326503 0.188717
16.38 0 -0.0548845 -0.0315507 0.11996
16.4 0 -0.156319 -0.191868 -0.122407
16.42 0 -0.472104 -0.662634 -0.706485
16.44 0 -0.680531 -1.18149 -1.354
16.46 0 -0.575775 -1.37703 -1.78895
16.48 0 -0.124835 -0.927842 -1.73977
16.5 0 0.261997 -0.218636 -1.35624
16.52 0 0.104141 -0.0695885 -1.05119
16.54 0 -0.283435 -0.458273 -0.710665
16.56 0 -0.777444 -1.10444 -0.537555
16.58 0 -1.01351 -1.35449 -0.491952
16.6 0 -0.820851 -1.03577 -0.561114
16.62 0 -0.324283 -0.556637 -0.793392
16.64 0 0.275573 -0.0603707 -0.923772
16.66 0 0.770599 0.451771 -0.685212
16.68 0 0.776819 0.733399 -0.198157
16.7 0 0.410847 0.706037 0.488205
16.72 0 0.0532715 0.561648 1.32078
16.74 0 -0.206705 0.418958 1.91903
16.76 0 -0.331064 0.391358 2.00241
16.78 0 -0.14449 0.537738 1.65231
16.8 0 0.371297 0.821485 1.13419
16.82 0 0.930348 1.1289 0.668453
16.84 0 1.0347 1.15199 0.246555
16.86 0 0.664372 0.805058 0.0204827
16.88 0 0.250724 0.352832 0.216851
16.9 0 -0.0919329 -0.000504739 0.605231
16.92 0 -0.456468 -0.240109 0.735733
16.94 0 -0.695312 -0.424317 0.450073
16.96 0 -0.589588 -0.573839 -0.120148
16.98 0 -0.210219 -0.611681 -0.790115
17 0 0.228303 -0.379856 -1.29159
17.02 0 0.577458 0.109508 -1.31884
17.04 0 0.608456 0.416055 -0.902622
17.06 0 0.231783 0.213185 -0.280908
17.08 0 -0.340622 -0.325483 0.289496
17.1 0 -0.935723 -0.864324 0.465509
17.12 0 -1.27812 -1.17794 0.112488
17.14 0 -1.18524 -1.36313 -0.742518
17.16 0 -0.619219 -1.34784 -1.7504
17.18 0 0.0573782 -1.12227 -2.62627
17.2 0 0.339357 -0.805347 -3.11042
17.22 0 0.300454 -0.590746 -2.85319
17.24 0 0.171798 -0.470815 -1.73643
17.26 0 -0.140499 -0.403946 -0.26046
17.28 0 -0.639126 -0.307822 0.965049
17.3 0 -0.785665 0.0116974 1.8186
17.32 0 -0.459548 0.472953 2.17831
17.34 0 0.269907 1.06085 2.14412
17.36 0 1.10126 1.75101 1.93081
17.38 0 1.57798 2.28167 1.70467
17.4 0 1.59061 2.23445 1.55713
17.42 0 1.13664 1.60931 1.49148
17.44 0 0.436424 0.934823 1.5661
17.46 0 -0.197391 0.488444 1.65252
17.48 0 -0.461627 0.199654 1.54294
17.5 0 -0.380518 -0.0203629 1.05564
17.52 0 -0.0929921 -0.0888213 0.259023
17.54 0 0.204732 -0.0268071 -0.620192
17.56 0 0.454315 0.0607709 -1.21839
17.58 0 0.670499 0.189221 -1.19758
17.6 0 0.541533 0.218375 -0.724846
17.62 0 0.0763322 0.121756 -0.0207692
17.64 0 -0.359947 -0.047726 0.715131
17.66 0 -0.666104 -0.283556 1.09268
17.68 0 -0.836356 -0.54456 0.824883
17.7 0 -0.828844 -0.817816 -0.0857868
17.72 0 -0.556055 -0.979257 -1.24741
17.74 0 -0.0709452 -0.972804 -2.22595
17.76 0 0.380978 -0.72569 -2.65219
17.78 0 0.675075 -0.182271 -2.20956
17.8 0 0.431962 0.0682665 -1.28707
17.82 0 -0.295606 -0.285105 -0.315395
17.84 0 -1.05921 -0.947286 0.39946
17.86 0 -1.56491 -1.48331 0.498905
17.88 0 -1.34024 -1.37034 0.129396
17.9 0 -0.455448 -0.648571 -0.488647
17.92 0 0.599225 0.153789 -1.15086
17.94 0 1.20887 0.721757 -1.4778
17.96 0 1.23867 0.894374 -1.13763
17.98 0 0.721965 0.676623 -0.185605
18 0 -0.0106984 0.343439 1.07986
18.02 0 -0.641407 0.118555 2.12812
18.04 0 -0.895874 0.0506816 2.49592
18.06 0 -0.775665 -0.0143477 1.91158
18.08 0 -0.188607 0.065423 0.753032
18.1 0 0.700328 0.481185 -0.342865
18.12 0 1.29223 0.90806 -1.0722
18.14 0 1.30195 1.01343 -1.15625
18.16 0 0.809547 0.697875 -0.526314
18.18 0 0.0593088 0.179823 0.529369
18.2 0 -0.754671 -0.331974 1.3749
18.22 0 -1.2016 -0.572027 1.65821
18.24 0 -1.03036 -0.524247 1.25666
18.26 0 -0.319049 -0.239114 0.346192
18.28 0 0.614261 0.307544 -0.591462
18.3 0 1.21143 0.806641 -1.20826
18.32 0 1.17534 0.869442 -1.26677
18.34 0 0.575541 0.377374 -0.756985
18.36 0 -0.285404 -0.367971 0.0464103
18.38 0 -1.02582 -0.89768 0.719038
18.4 0 -1.29276 -0.95913 0.938496
18.42 0 -1.00892 -0.734958 0.534684
18.44 0 -0.314187 -0.4319 -0.321061
18.46 0 0.428935 -0.10453 -1.23194
18.48 0 0.825812 0.147269 -1.81525
18.5 0 0.774077 0.209899 -1.76233
18.52 0 0.307915 -0.0510858 -1.13562
18.54 0 -0.330906 -0.463197 -0.20568
18.56 0 -0.908308 -0.787849 0.562223
18.58 0 -1.22271 -0.939853 0.757194
18.6 0 -0.971992 -0.793843 0.432608
18.62 0 -0.278061 -0.408954 -0.233402
18.64 0 0.473671 0.0953652 -0.922602
18.66 0 0.965084 0.568946 -1.22349
18.68 0 0.961028 0.710024 -0.986757
18.7 0 0.579113 0.46974 -0.25336
18.72 0 0.0163312 0.184255 0.748246
18.74 0 -0.547357 0.00996691 1.54051
18.76 0 -0.767411 0.0205384 1.87456
18.78 0 -0.437269 0.226644 1.73132
18.8 0 0.271461 0.655079 1.25695
18.82 0 0.912869 1.13133 0.63484
18.84 0 1.27245 1.45127 0.234008
18.86 0 1.27996 1.45732 0.309842
18.88 0 0.940676 1.21755 0.851863
18.9 0 0.40419 0.941934 1.62077
18.92 0 -0.192644 0.699178 2.20593
18.94 0 -0.633195 0.317888 2.19888
18.96 0 -0.635213 -0.0753935 1.57353
18.98 0 -0.282569 -0.254298 0.46662
19 0 0.0966362 -0.25348 -0.885721
19.02 0 0.474082 -0.138402 -1.89333
19.04 0 0.657777 -0.158305 -2.25369
19.06 0 0.515049 -0.35824 -1.95375
19.08 0 -0.142663 -0.787377 -1.41801
19.1 0 -1.22929 -1.51473 -1.13896
19.12 0 -2.05588 -2.33312 -1.21971
19.14 0 -2.0957 -2.67897 -1.50652
19.16 0 -1.30114 -2.31836 -1.98203
19.18 0 -0.329551 -1.41989 -2.60329
19.2 0 0.488282 -0.388218 -2.87247
19.22 0 1.10105 0.401767 -2.2481
19.24 0 1.07707 0.579127 -0.991922
19.26 0 0.227395 0.310219 0.40574
19.28 0 -0.816581 -0.0974719 1.58883
19.3 0 -1.25797 -0.309303 2.34593
19.32 0 -0.863894 -0.0905895 2.45382
19.34 0 0.0354301 0.636523 1.91454
19.36 0 1.13237 1.74516 1.26836
19.38 0 2.0513 2.61637 0.988944
19.4 0 2.18904 2.49921 0.961087
19.42 0 1.04375 1.32923 0.832219
19.44 0 -0.0659484 0.386177 1.25614
19.46 0 -0.611035 0.0401557 1.91327
19.48 0 -0.857875 -0.112202 1.94634
19.5 0 -0.762318 -0.251438 1.17653
19.52 0 -0.305612 -0.344992 -0.0782845
19.54 0 0.298066 -0.292905 -1.33362
19.56 0 0.717491 -0.116288 -2.14536
19.58 0 0.700291 -0.0596975 -2.28746
19.6 0 0.346385 -0.214024 -1.6787
19.62 0 -0.0539359 -0.321317 -0.444755
19.64 0 -0.632003 -0.474798 0.634581
19.66 0 -0.937706 -0.402979 1.33805
19.68 0 -0.785689 -0.183171 1.45817
19.7 0 -0.377258 -0.0526015 0.868151
19.72 0 0.12805 0.0451394 -0.109579
19.74 0 0.671498 0.313842 -0.86592
19.76 0 0.924564 0.534578 -1.16062
19.78 0 0.566123 0.27345 -1.12454
19.8 0 -0.194444 -0.454931 -0.853821
19.82 0 -0.929062 -1.23482 -0.523466
19.84 0 -1.34003 -1.64151 -0.409432
19.86 0 -1.3134 -1.59888 -0.709055
19.88 0 -0.729845 -1.13953 -1.18585
19.9 0 0.106111 -0.507386 -1.58703
19.92 0 0.642502 -0.0256595 -1.76939
19.94 0 0.681787 0.176959 -1.5224
19.96 0 0.450688 0.231224 -0.670021
19.98 0 0.175214 0.337532 0.625368
20 0 -0.0565989 0.597746 1.91773
20.02 0 -0.214503 0.872696 2.71893
20.04 0 -0.213595 0.974173 2.79675
20.06 0 0.101544 0.997439 2.3283
20.08 0 0.744317 1.24394 1.71363
20.1 0 1.26466 1.59923 1.09959
20.12 0 1.30748 1.67555 0.609521
20.14 0 0.924083 1.25416 0.427924
20.16 0 0.318184 0.476587 0.530077
20.18 0 -0.296517 -0.147663 0.758553
20.2 0 -0.558279 -0.292499 0.940227
20.22 0 -0.318271 0.0791029 1.01842
20.24 0 -0.0373706 0.299675 0.61916
20.26 0 0.0307024 0.0417359 -0.223687
20.28 0 -0.056958 -0.530949 -1.17411
20.3 0 -0.172077 -1.05155 -1.92046
20.32 0 -0.175246 -1.07934 -2.12559
20.34 0 -0.210739 -0.869268 -1.91817
20.36 0 -0.486526 -0.95319 -1.6476
20.38 0 -0.815845 -1.30142 -1.38217
20.4 0 -1.04796 -1.59585 -1.21615
20.42 0 -1.09749 -1.65006 -1.28301
20.44 0 -0.954406 -1.50662 -1.59228
20.46 0 -0.638257 -1.31561 -1.98538
20.48 0 -0.0609935 -0.876548 -1.99791
20.5 0 0.448484 -0.326363 -1.62662
20.52 0 0.53896 0.234877 -0.902468
20.54 0 0.379499 0.615772 0.165328
20.56 0 0.173497 0.736239 1.37338
20.58 0 -0.206484 0.505502 2.10592
20.6 0 -0.614728 0.170102 2.09075
20.62 0 -0.525464 0.223361 1.70612
20.64 0 0.0367908 0.510265 1.08675
20.66 0 0.733886 0.851829 0.432226
20.68 0 1.14465 1.18806 0.0384289
20.7 0 1.33145 1.32438 0.126245
20.72 0 1.26167 1.27845 0.667121
20.74 0 0.843128 1.35879 1.55065
20.76 0 0.274707 1.35742 2.4121
20.78 0 -0.274944 0.993672 2.82888
20.8 0 -0.476725 0.452737 2.63944
20.82 0 -0.30387 0.196964 1.85611
20.84 0 0.172843 0.415426 0.753547
20.86 0 0.802996 0.858779 -0.201155
20.88 0 1.20066 0.985806 -0.777693
20.9 0 1.06453 0.649157 -0.89037
20.92 0 0.390234 0.155407 -0.53338
20.94 0 -0.394615 -0.315032 0.0938916
20.96 0 -0.885794 -0.643902 0.662552
20.98 0 -0.958552 -0.849485 0.720911
21 0 -0.978247 -0.937964 0.0123302
21.02 0 -0.76463 -0.965058 -1.09819
21.04 0 -0.326227 -1.07106 -2.18114
21.06 0 0.0927244 -1.17478 -2.90701
21.08 0 0.135006 -1.20128 -3.17401
21.1 0 -0.305604 -1.35325 -3.0589
21.12 0 -0.836303 -1.62372 -2.49659
21.14 0 -1.14127 -1.79256 -1.62296
21.16 0 -1.0858 -1.57216 -0.761541
21.18 0 -0.907251 -1.07322 -0.352495
21.2 0 -0.659937 -0.618242 -0.434872
21.22 0 -0.184665 -0.313838 -0.641421
21.24 0 0.431256 -0.074571 -0.727945
21.26 0 0.661681 0.297091 -0.627176
21.28 0 0.597399 0.712483 -0.1638
21.3 0 0.458483 0.896685 0.672283
21.32 0 0.256499 0.816189 1.59667
21.34 0 0.0501928 0.749457 2.27925
21.36 0 0.0583562 1.02797 2.6541
21.38 0 0.311282 1.44572 2.65395
21.4 0 0.715649 1.68393 2.33739
21.42 0 0.942999 1.53662 1.71324
21.44 0 0.857796 1.10163 0.930784
21.46 0 0.791263 0.95919 0.574952
21.48 0 0.757843 1.04416 0.69518
21.5 0 0.54579 1.00077 0.998925
21.52 0 0.139106 0.613522 1.17227
21.54 0 -0.228506 0.142444 1.14216
21.56 0 -0.247972 0.0834679 1.07142
21.58 0 0.0342313 0.369925 0.899771
21.6 0 0.320812 0.587287 0.51976
21.62 0 0.489873 0.568521 0.0960492
21.64 0 0.339433 0.18825 -0.366716
21.66 0 -0.130571 -0.586015 -0.968957
21.68 0 -0.666846 -1.29296 -1.51941
21.7 0 -0.99558 -1.70352 -1.93498
21.72 0 -1.0661 -1.91377 -2.29942
21.74 0 -1.00605 -1.93844 -2.60247
21.76 0 -0.89729 -1.8551 -2.76484
21.78 0 -0.638076 -1.68925 -2.66819
21.8 0 -0.481124 -1.46089 -2.4114
21.82 0 -0.466272 -1.24657 -2.05823
21.84 0 -0.562362 -1.08089 -1.62456
21.86 0 -0.529691 -0.928091 -1.0721
21.88 0 -0.442603 -0.708294 -0.541557
21.9 0 -0.256843 -0.335213 -0.084713
21.92 0 0.0267258 0.126771 0.278363
21.94 0 0.277046 0.564481 0.579242
21.96 0 0.58164 0.991213 1.00492
21.98 0 0.717406 1.33454 1.50661
22 0 0.795871 1.55562 2.05221
22.02 0 0.785195 1.66713 2.50305
22.04 0 0.620379 1.61327 2.6505
22.06 0 0.372434 1.35684 2.42297
22.08 0 0.396045 1.17488 2.10042
22.1 0 0.63628 1.18335 1.75473
22.12 0 0.809562 1.3021 1.37444
22.14 0 0.788231 1.29735 1.02958
22.16 0 0.605574 0.987382 0.788839
22.18 0 0.361455 0.535265 0.69075
22.2 0 0.0996085 0.239099 0.673232
22.22 0 -0.14929 0.155974 0.625247
22.24 0 -0.205017 0.0637987 0.468107
22.26 0 -0.136328 -0.120194 0.146078
22.28 0 -0.247434 -0.506575 -0.524298
22.3 0 -0.416241 -0.962201 -1.36671
22.32 0 -0.487431 -1.24363 -2.03734
22.34 0 -0.480545 -1.38216 -2.42022
22.36 0 -0.490195 -1.44604 -2.51148
22.38 0 -0.582348 -1.48162 -2.3756
22.4 0 -0.73511 -1.49718 -2.08619
22.42 0 -0.746724 -1.33792 -1.59782
22.44 0 -0.560121 -0.992656 -1.01957
22.46 0 -0.427191 -0.681212 -0.649312
22.48 0 -0.3847 -0.511489 -0.529285
22.5 0 -0.487738 -0.670765 -0.730195
22.52 0 -0.52518 -0.926862 -1.02633
22.54 0 -0.244597 -0.842699 -1.10478
22.56 0 0.0300501 -0.439439 -1.03636
22.58 0 0.149634 0.00487775 -0.803663
22.6 0 0.229657 0.254587 -0.302042
22.62 0 0.301577 0.428246 0.479125
22.64 0 0.281449 0.671854 1.30452
22.66 0 0.249982 1.0131 1.98102
22.68 0 0.332679 1.36393 2.44053
22.7 0 0.570328 1.64042 2.69187
22.72 0 0.866854 1.85954 2.75385
22.74 0 1.17024 2.00699 2.63515
22.76 0 1.26016 2.06024 2.35133
22.78 0 1.05835 1.93029 2.01207
22.8 0 0.751913 1.52684 1.761
22.82 0 0.440527 1.01983 1.61387
22.84 0 0.117902 0.516034 1.34373
22.86 0 -0.185422 0.0919785 0.805605
22.88 0 -0.403576 -0.221075 0.0870738
22.9 0 -0.313781 -0.516694 -0.638146
22.92 0 -0.00410244 -0.615175 -1.16905
22.94 0 0.169858 -0.515333 -1.50942
22.96 0 0.127745 -0.439781 -1.62775
22.98 0 -0.0996993 -0.603695 -1.52165
23 0 -0.470949 -0.987071 -1.30988
23.02 0 -0.737749 -1.36038 -1.14118
23.04 0 -0.991879 -1.42315 -1.14593
23.06 0 -1.1906 -1.39442 -1.35893
23.08 0 -1.21934 -1.60011 -1.75168
23.1 0 -0.866617 -1.87779 -2.15009
23.12 0 -0.515274 -1.7842 -2.51091
23.14 0 -0.381495 -1.31719 -2.74101
23.16 0 -0.196506 -0.843461 -2.49607
23.18 0 0.0176351 -0.687533 -1.79168
23.2 0 -0.100558 -0.709976 -0.970973
23.22 0 -0.497454 -0.603545 -0.240112
23.24 0 -0.741643 -0.4174 0.323824
23.26 0 -0.486788 -0.202091 0.72332
23.28 0 -0.0187649 0.149129 0.856849
23.3 0 0.33844 0.692571 0.793471
23.32 0 0.636337 1.19284 0.811165
23.34 0 0.88138 1.42541 1.10225
23.36 0 0.920459 1.41195 1.5879
23.38 0 0.838433 1.32632 2.0454
23.4 0 0.607691 1.3634 2.29799
23.42 0 0.452032 1.49381 2.38109
23.44 0 0.560755 1.56196 2.39739
23.46 0 0.848633 1.58569 2.34063
23.48 0 1.02521 1.70815 2.17642
23.5 0 1.04119 1.85116 1.98096
23.52 0 0.956448 1.74547 1.8446
23.54 0 0.783207 1.34271 1.72161
23.56 0 0.44804 0.940897 1.56086
23.58 0 0.0306375 0.613227 1.27865
23.6 0 -0.23084 0.216778 0.838947
23.62 0 -0.401085 -0.302237 0.164009
23.64 0 -0.442757 -0.837432 -0.726863
23.66 0 -0.321795 -1.10966 -1.61889
23.68 0 -0.264747 -1.19474 -2.41307
23.7 0 -0.313257 -1.25836 -2.88886
23.72 0 -0.189493 -1.39792 -2.87865
23.74 0 -0.250282 -1.42964 -2.47891
23.76 0 -0.676647 -1.39859 -2.01255
23.78 0 -1.24861 -1.51201 -1.61042
23.8 0 -1.56671 -1.76794 -1.25315
23.82 0 -1.52367 -1.99316 -1.11992
23.84 0 -1.10372 -1.87014 -1.31665
23.86 0 -0.718769 -1.42646 -1.87874
23.88 0 -0.354324 -0.980059 -2.4161
23.9 0 -0.0530495 -0.819051 -2.60021
23.92 0 0.0510341 -0.914651 -2.30904
23.94 0 0.0196917 -0.956768 -1.64078
23.96 0 -0.295413 -0.672597 -0.825791
23.98 0 -0.566164 -0.260395 0.0284858
24 0 -0.362343 0.00171709 0.826136
24.02 0 0.107715 0.413898 1.46138
24.04 0 0.467009 1.18826 1.88226
24.06 0 0.84264 1.96731 2.23602
24.08 0 1.06626 2.32029 2.59783
24.1 0 1.2816 2.17487 2.93306
24.12 0 1.30103 1.96758 3.02575
24.14 0 0.995978 1.93202 2.77569
24.16 0 0.533637 1.78152 2.2936
24.18 0 0.427772 1.35004 1.90517
24.2 0 0.599815 0.880049 1.5887
24.22 0 0.648421 0.745601 1.18684
24.24 0 0.525082 0.948899 0.782908
24.26 0 0.498274 1.00513 0.583264
24.28 0 0.455772 0.733033 0.604792
24.3 0 0.258189 0.265676 0.614476
24.32 0 -0.144469 -0.0929227 0.433207
24.34 0 -0.667604 -0.399145 -0.00774646
24.36 0 -0.804276 -0.854268 -0.577531
24.38 0 -0.608058 -1.27781 -1.22538
24.4 0 -0.482238 -1.45576 -2.01403
24.42 0 -0.429366 -1.38655 -2.70325
24.44 0 -0.415416 -1.33827 -3.01926
24.46 0 -0.417871 -1.48577 -2.87672
24.48 0 -0.549458 -1.63423 -2.40653
24.5 0 -0.844103 -1.58566 -1.83776
24.52 0 -1.0223 -1.35874 -1.26934
24.54 0 -0.88302 -1.12287 -0.810701
24.56 0 -0.505806 -0.823763 -0.531438
24.58 0 -0.0539608 -0.333192 -0.395081
24.6 0 0.305553 0.242422 -0.288179
24.62 0 0.523382 0.675552 -0.0194299
24.64 0 0.612424 0.831284 0.484988
24.66 0 0.534838 0.848143 1.12593
24.68 0 0.3078 0.898743 1.70668
24.7 0 0.0983856 0.972811 2.07275
24.72 0 0.0921285 0.984307 2.15777
24.74 0 0.262494 0.935965 1.92339
24.76 0 0.455131 0.927626 1.43172
24.78 0 0.625115 0.980657 0.892747
24.8 0 0.717866 0.969138 0.498465
24.82 0 0.661403 0.823638 0.356461
24.84 0 0.415483 0.55611 0.416056
24.86 0 0.0399025 0.222858 0.523742
24.88 0 -0.276186 -0.0631194 0.568195
24.9 0 -0.42711 -0.276865 0.416475
24.92 0 -0.406517 -0.41598 0.0170319
24.94 0 -0.228898 -0.438203 -0.507158
24.96 0 -0.00705144 -0.386829 -0.999346
24.98 0 0.0902685 -0.398254 -1.3561
25 0 0.0368775 -0.498195 -1.45278
25.02 0 -0.13478 -0.667638 -1.30278
25.04 0 -0.412863 -0.832603 -1.03669
25.06 0 -0.676663 -0.937557 -0.784527
25.08 0 -0.761807 -0.948266 -0.616739
25.1 0 -0.63285 -0.900513 -0.626691
25.12 0 -0.399689 -0.757929 -0.808005
25.14 0 -0.162146 -0.571512 -1.06861
25.16 0 0.0476913 -0.377998 -1.20025
25.18 0 0.188132 -0.195035 -1.04338
25.2 0 0.213322 -0.0269108 -0.587476
25.22 0 0.0947849 0.0988019 0.0229477
25.24 0 -0.137274 0.112363 0.556857
25.26 0 -0.254397 0.116295 0.944194
25.28 0 -0.17251 0.204521 1.10571
25.3 0 0.0582789 0.41555 1.02659
25.32 0 0.312631 0.681861 0.803333
25.34 0 0.571406 0.877449 0.628382
25.36 0 0.733704 0.911078 0.58441
25.38 0 0.686628 0.85264 0.676577
25.4 0 0.461763 0.808885 0.90075
25.42 0 0.220821 0.750871 1.19489
25.44 0 0.0784732 0.629899 1.41753
25.46 0 -0.00572031 0.456262 1.37271
25.48 0 -0.030568 0.333625 1.03292
25.5 0 0.0493457 0.297857 0.535234
25.52 0 0.209274 0.259697 0.0329462
25.54 0 0.329441 0.170086 -0.354365
25.56 0 0.295377 0.0521949 -0.555431
25.58 0 0.0936281 -0.101242 -0.569749
25.6 0 -0.16935 -0.305183 -0.449312
25.62 0 -0.353328 -0.48211 -0.271874
25.64 0 -0.46208 -0.59081 -0.211682
25.66 0 -0.498418 -0.626626 -0.357387
25.68 0 -0.439232 -0.645738 -0.672753
25.7 0 -0.285121 -0.669256 -1.03006
25.72 0 -0.128102 -0.67524 -1.31598
25.74 0 -0.0822602 -0.649927 -1.4523
25.76 0 -0.126105 -0.60382 -1.35706
25.78 0 -0.216507 -0.592163 -1.05812
25.8 0 -0.330651 -0.615656 -0.683395
25.82 0 -0.425947 -0.600409 -0.364551
25.84 0 -0.433997 -0.502053 -0.179103
25.86 0 -0.306296 -0.335082 -0.126103
25.88 0 -0.0437464 -0.0950648 -0.114253
25.9 0 0.23773 0.193653 -0.0631069
25.92 0 0.421355 0.470425 0.0955857
25.94 0 0.435899 0.637939 0.378335
25.96 0 0.329539 0.647822 0.748222
25.98 0 0.175322 0.549028 1.08626
26 0 0.0528054 0.495531 1.29488
26.02 0 -0.00497992 0.497365 1.27259
26.04 0 0.0710311 0.519391 1.0571
26.06 0 0.297572 0.575559 0.782137
26.08 0 0.54738 0.687637 0.554343
26.1 0 0.66749 0.823582 0.454186
26.12 0 0.608723 0.878903 0.536262
26.14 0 0.447185 0.787544 0.793251
26.16 0 0.219722 0.583344 1.07471
26.18 0 -0.0250755 0.424569 1.24149
26.2 0 -0.163032 0.316451 1.17573
26.22 0 -0.132921 0.207129 0.84563
26.24 0 0.00802959 0.0941006 0.311153
26.26 0 0.160843 0.026522 -0.26901
26.28 0 0.22242 -0.0428214 -0.745131
26.3 0 0.0993894 -0.255961 -1.06685
26.32 0 -0.151745 -0.628496 -1.21991
26.34 0 -0.39163 -0.960235 -1.21165
26.36 0 -0.617135 -1.07729 -1.13572
26.38 0 -0.70496 -1.01045 -1.04149
26.4 0 -0.603152 -0.89252 -0.961212
26.42 0 -0.423824 -0.818349 -0.968322
26.44 0 -0.237301 -0.695157 -1.01139
26.46 0 -0.117352 -0.498577 -1.01537
26.48 0 -0.0636878 -0.333714 -0.907988
26.5 0 -0.0760123 -0.307548 -0.695404
26.52 0 -0.18334 -0.400606 -0.471389
26.54 0 -0.333542 -0.481761 -0.306281
26.56 0 -0.43666 -0.504939 -0.25409
26.58 0 -0.394067 -0.476578 -0.301436
26.6 0 -0.128176 -0.33983 -0.353877
26.62 0 0.121729 -0.077749 -0.389311
26.64 0 0.295116 0.24012 -0.291064
26.66 0 0.386444 0.469502 0.0176935
26.68 0 0.364656 0.529061 0.467045
26.7 0 0.214878 0.50754 0.917375
26.72 0 -0.00641889 0.454228 1.19638
26.74 0 -0.121561 0.41009 1.26013
26.76 0 0.000578889 0.432558 1.15526
26.78 0 0.251883 0.580691 0.944326
26.8 0 0.517966 0.761935 0.693389
26.82 0 0.683838 0.890813 0.526697
26.84 0 0.65486 0.856181 0.489769
26.86 0 0.433735 0.676465 0.5924
26.88 0 0.122654 0.399463 0.739452
26.9 0 -0.162862 0.143632 0.815864
26.92 0 -0.271375 0.00374226 0.750333
26.94 0 -0.188198 -0.0212229 0.493937
26.96 0 0.00513334 0.0293736 0.0949829
26.98 0 0.170542 0.0641537 -0.339241
27 0 0.260955 0.0441286 -0.630215
27.02 0 0.208885 -0.0608771 -0.710522
27.04 0 0.0754532 -0.155262 -0.537978
27.06 0 -0.154297 -0.264181 -0.280181
27.08 0 -0.366592 -0.371865 -0.0631863
27.1 0 -0.474195 -0.470172 -0.00400006
27.12 0 -0.452515 -0.532408 -0.160638
27.14 0 -0.314908 -0.511001 -0.473318
27.16 0 -0.143747 -0.460517 -0.851473
27.18 0 0.00380155 -0.406824 -1.12515
27.2 0 0.0397332 -0.412875 -1.2142
27.22 0 -0.0292001 -0.439659 -1.06265
27.24 0 -0.171567 -0.460765 -0.736233
27.26 0 -0.315283 -0.451335 -0.354862
27.28 0 -0.347034 -0.360278 -0.00652952
27.3 0 -0.231482 -0.163168 0.239913
27.32 0 -0.0100639 0.119286 0.369792
27.34 0 0.201818 0.376302 0.391974
27.36 0 0.349477 0.533119 0.394275
27.38 0 0.401003 0.57626 0.449342
27.4 0 0.344215 0.543937 0.567152
27.42 0 0.197071 0.462552 0.691239
27.44 0 0.0323915 0.34052 0.752149
27.46 0 -0.0513303 0.219795 0.71631
27.48 0 -0.0355164 0.146429 0.559724
27.5 0 0.0666177 0.171416 0.334101
27.52 0 0.209031 0.269562 0.129051
27.54 0 0.361754 0.404904 0.0708167
27.56 0 0.384761 0.446344 0.128925
27.58 0 0.247247 0.360966 0.26303
27.6 0 0.0587967 0.228197 0.447363
27.62 0 -0.0982792 0.105115 0.579892
27.64 0 -0.179649 0.0202897 0.559422
27.66 0 -0.170847 -0.0328045 0.350909
27.68 0 -0.0946443 -0.0857375 -0.00434193
27.7 0 -0.0351234 -0.195698 -0.443883
27.72 0 -0.0267884 -0.346461 -0.841681
27.74 0 -0.121858 -0.552613 -1.1456
27.76 0 -0.258737 -0.74648 -1.28222
27.78 0 -0.37797 -0.87072 -1.2545
27.8 0 -0.462198 -0.907163 -1.1364
27.82 0 -0.442095 -0.816326 -0.951639
27.84 0 -0.351105 -0.651547 -0.772295
27.86 0 -0.246905 -0.483345 -0.641046
27.88 0 -0.134199 -0.322279 -0.517154
27.9 0 -0.0210954 -0.160345 -0.354808
27.92 0 0.0707965 0.0131342 -0.131856
27.94 0 0.0799678 0.130398 0.0896748
27.96 0 0.0501003 0.186835 0.299534
27.98 0 0.0390876 0.217362 0.482379
28 0 0.0679285 0.276171 0.612179
28.02 0 0.121499 0.37039 0.664236
28.04 0 0.214767 0.491597 0.680898
28.06 0 0.337491 0.63198 0.73031
28.08 0 0.447045 0.745891 0.823639
28.1 0 0.502173 0.835024 0.960965
28.12 0 0.411441 0.825608 1.05035
28.14 0 0.278682 0.739264 1.10958
28.16 0 0.189728 0.621063 1.12766
28.18 0 0.124115 0.489612 1.02181
28.2 0 0.113942 0.404239 0.803671
28.22 0 0.119436 0.319402 0.480049
28.24 0 0.0896805 0.149633 0.0781682
28.26 0 0.0463048 -0.069205 -0.293623
28.28 0 -0.0248052 -0.27708 -0.579955
28.3 0 -0.138416 -0.442624 -0.772858
28.32 0 -0.213156 -0.517715 -0.821837
28.34 0 -0.252987 -0.54782 -0.778393
28.36 0 -0.284362 -0.563927 -0.712354
28.38 0 -0.297525 -0.549707 -0.650249
28.4 0 -0.296734 -0.525027 -0.623328
28.42 0 -0.264908 -0.491124 -0.618261
28.44 0 -0.214559 -0.457412 -0.62753
28.46 0 -0.138452 -0.383406 -0.600816
28.48 0 -0.106246 -0.318318 -0.565067
28.5 0 -0.0993224 -0.267035 -0.488497
28.52 0 -0.115513 -0.25605 -0.388741
28.54 0 -0.160604 -0.286194 -0.310587
28.56 0 -0.175109 -0.280584 -0.23903
28.58 0 -0.156792 -0.234975 -0.198811
28.6 0 -0.0528487 -0.103538 -0.125529
28.62 0 0.0711771 0.0575457 -0.0304962
28.64 0 0.140005 0.178499 0.0695842
28.66 0 0.16369 0.255473 0.206789
28.68 0 0.158052 0.299138 0.377304
28.7 0 0.123799 0.318499 0.532471
28.72 0 0.0631343 0.301233 0.606362
28.74 0 0.032561 0.269064 0.595095
28.76 0 0.0627904 0.250676 0.516247
28.78 0 0.12529 0.257636 0.38852
28.8 0 0.181104 0.278851 0.251765
28.82 0 0.210914 0.286143 0.158607
28.84 0 0.211999 0.270628 0.149046
28.86 0 0.14652 0.214342 0.187576
28.88 0 0.0450413 0.140093 0.245008
28.9 0 -0.0326539 0.0796271 0.293411
28.92 0 -0.0672584 0.0344353 0.282493
28.94 0 -0.0460522 0.0239581 0.207548
28.96 0 -0.0250567 -0.00199709 0.0441365
28.98 0 0.0101546 -0.0305016 -0.131726
29 0 0.0810123 -0.0149744 -0.220058
29.02 0 0.146159 0.0565044 -0.185087
29.04 0 0.179595 0.174068 -0.0174261
29.06 0 0.140026 0.245709 0.20746
29.08 0 0.0458077 0.221383 0.409628
29.1 0 -0.0381349 0.151211 0.53641
29.12 0 -0.0972449 0.0773212 0.514151
29.14 0 -0.0766517 0.0622927 0.371557
29.16 0 0.0302337 0.10262 0.172308
29.18 0 0.123338 0.109552 -0.0601141
29.2 0 0.165677 0.078642 -0.234581
29.22 0 0.113867 -0.00707623 -0.323862
29.24 0 -0.0374819 -0.162344 -0.356154
29.26 0 -0.208779 -0.340487 -0.353589
29.28 0 -0.340288 -0.496559 -0.377497
29.3 0 -0.397275 -0.590767 -0.474895
29.32 0 -0.368174 -0.612874 -0.644592
29.34 0 -0.263229 -0.581489 -0.835385
29.36 0 -0.118554 -0.491481 -0.950847
29.38 0 -0.00336049 -0.362579 -0.925392
29.4 0 0.0229257 -0.247673 -0.749066
29.42 0 -0.0177579 -0.167324 -0.435192
29.44 0 -0.0894729 -0.118132 -0.0634186
29.46 0 -0.141711 -0.0574167 0.270013
29.48 0 -0.125328 0.0540167 0.496084
29.5 0 -0.046319 0.178824 0.562217
29.52 0 0.102126 0.309262 0.521928
29.54 0 0.251515 0.410929 0.427043
29.56 0 0.319307 0.448392 0.32597
29.58 0 0.315397 0.442249 0.303324
29.6 0 0.259153 0.405195 0.378671
29.62 0 0.187873 0.3789 0.531807
29.64 0 0.118321 0.372461 0.686104
29.66 0 0.0770143 0.377953 0.775182
29.68 0 0.0946288 0.393902 0.777848
29.7 0 0.114785 0.363365 0.646436
29.72 0 0.114086 0.276676 0.407639
29.74 0 0.113019 0.17178 0.149178
29.76 0 0.0788379 0.0408587 -0.0966111
29.78 0 0.0265862 -0.0811638 -0.273845
29.8 0 -0.0817298 -0.235391 -0.421092
29.82 0 -0.218855 -0.420687 -0.555635
29.84 0 -0.33989 -0.608448 -0.695933
29.86 0 -0.412744 -0.753458 -0.855279
29.88 0 -0.442986 -0.847357 -1.04825
29.9 0 -0.406038 -0.872169 -1.22187
29.92 0 -0.270748 -0.770166 -1.26196
29.94 0 -0.112943 -0.564727 -1.13487
29.96 0 0.0776631 -0.215012 -0.741693
29.98 0 0.135047 0.0741211 -0.238923
30 0 0.0840267 0.234659 0.29514
30.02 0 0.0173945 0.306649 0.777454
30.04 0 -0.0171835 0.363859 1.0914
30.06 0 0.0447635 0.491093 1.20952
30.08 0 0.147315 0.593097 1.08632
30.1 0 0.263983 0.601688 0.799922
30.12 0 0.305794 0.466953 0.418135
30.14 0 0.270107 0.279588 0.077334
30.16 0 0.153819 0.089614 -0.160776
30.18 0 -0.0251153 -0.118692 -0.307836
30.2 0 -0.176563 -0.313093 -0.368736
30.22 0 -0.217631 -0.391958 -0.344791
30.24 0 -0.165343 -0.312443 -0.281938
30.26 0 -0.00736158 -0.0607166 -0.140494
30.28 0 0.143055 0.18929 0.0274735
30.3 0 0.231648 0.340221 0.223228
30.32 0 0.269463 0.433136 0.475751
30.34 0 0.216467 0.472366 0.705138
30.36 0 0.154938 0.510541 0.89831
30.38 0 0.116216 0.509961 0.986053
30.4 0 0.0986654 0.446493 0.914619
30.42 0 0.0498064 0.29122 0.63652
30.44 0 -0.0227455 0.0659395 0.200138
30.46 0 -0.00456812 -0.0920031 -0.201145
30.48 0 0.0464514 -0.172089 -0.503798
30.5 0 0.0528153 -0.205279 -0.674192
30.52 0 -0.0305303 -0.274742 -0.723853
30.54 0 -0.190837 -0.435267 -0.701366
30.56 0 -0.334211 -0.598016 -0.628859
30.58 0 -0.455993 -0.720622 -0.619677
30.6 0 -0.487332 -0.745224 -0.686464
30.62 0 -0.394042 -0.691717 -0.804504
30.64 0 -0.179838 -0.532616 -0.867009
30.66 0 -0.00311691 -0.346456 -0.863622
30.68 0 0.0438888 -0.216101 -0.768432
30.7 0 0.026005 -0.139636 -0.512811
30.72 0 -0.0672923 -0.149183 -0.195689
30.74 0 -0.146883 -0.129811 0.131192
30.76 0 -0.159242 -0.0258969 0.385905
30.78 0 -0.0823514 0.131545 0.515788
30.8 0 0.0893206 0.311082 0.552652
30.82 0 0.293355 0.490793 0.553424
30.84 0 0.423893 0.631464 0.557538
30.86 0 0.442048 0.696947 0.61096
30.88 0 0.361962 0.657314 0.717457
30.9 0 0.238994 0.55678 0.851151
30.92 0 0.144037 0.485388 0.967293
30.94 0 0.0847203 0.449754 0.97471
30.96 0 0.0848273 0.427521 0.85117
30.98 0 0.143976 0.392299 0.629773
31 0 0.247084 0.380664 0.405404
31.02 0 0.265311 0.330482 0.177109
31.04 0 0.165132 0.190552 -0.0268898
31.06 0 0.0695133 0.0382887 -0.100962
31.08 0 -0.0380647 -0.115749 -0.115263
31.1 0 -0.188294 -0.270047 -0.178254
31.12 0 -0.32827 -0.427321 -0.331652
31.14 0 -0.368965 -0.562766 -0.542029
31.16 0 -0.356115 -0.690794 -0.825671
31.18 0 -0.346706 -0.796915 -1.15087
31.2 0 -0.320988 -0.844739 -1.40317
31.22 0 -0.304026 -0.876879 -1.5327
31.24 0 -0.29593 -0.876599 -1.49327
31.26 0 -0.283816 -0.793677 -1.27304
31.28 0 -0.226116 -0.575658 -0.874245
31.3 0 -0.165208 -0.310078 -0.412061
31.32 0 -0.0857792 -0.0496767 0.0477186
31.34 0 -0.00182649 0.162104 0.427071
31.36 0 0.0857784 0.341471 0.693703
31.38 0 0.181335 0.507393 0.852298
31.4 0 0.270296 0.634857 0.916291
31.42 0 0.347696 0.710307 0.927953
31.44 0 0.391628 0.734873 0.918127
31.46 0 0.394918 0.734002 0.914992
31.48 0 0.334946 0.683934 0.89396
31.5 0 0.2849 0.637043 0.89991
31.52 0 0.202393 0.527954 0.842294
31.54 0 0.124345 0.393699 0.716544
31.56 0 0.0869514 0.282275 0.54016
31.58 0 0.0962199 0.218752 0.342814
31.6 0 0.134365 0.196803 0.16533
31.62 0 0.121163 0.132653 -0.00857615
31.64 0 0.102888 0.0677769 -0.094977
31.66 0 0.011722 -0.0542986 -0.162662
31.68 0 -0.149059 -0.240936 -0.26312
31.7 0 -0.276712 -0.419189 -0.378027
31.72 0 -0.350953 -0.570666 -0.545958
31.74 0 -0.316971 -0.607828 -0.707243
31.76 0 -0.228146 -0.55576 -0.84724
31.78 0 -0.144396 -0.480651 -0.931208
31.8 0 -0.111203 -0.44772 -0.931278
31.82 0 -0.139752 -0.462357 -0.839135
31.84 0 -0.190721 -0.45964 -0.656609
31.86 0 -0.258785 -0.439309 -0.466264
31.88 0 -0.264371 -0.367432 -0.28488
31.9 0 -0.19304 -0.255401 -0.147814
31.92 0 -0.063041 -0.0976617 -0.0508203
31.94 0 0.0371913 0.0391223 -0.0160432
31.96 0 0.124192 0.158497 0.0394021
31.98 0 0.174735 0.232497 0.138059
32 0 0.178628 0.275713 0.280975
32.02 0 0.099333 0.254402 0.389951
32.04 0 -0.0085569 0.175708 0.430921
32.06 0 -0.0501091 0.103354 0.417062
32.08 0 -0.00181748 0.101476 0.356705
32.1 0 0.107111 0.195781 0.279189
32.12 0 0.210154 0.312835 0.211022
32.14 0 0.304594 0.414958 0.237288
32.16 0 0.285266 0.402271 0.300505
32.18 0 0.159458 0.304333 0.379429
32.2 0 -0.00882405 0.159284 0.423904
32.22 0 -0.0782708 0.0805221 0.452437
32.24 0 -0.069279 0.0578691 0.387764
32.26 0 -0.00383935 0.0846049 0.235308
32.28 0 0.0839217 0.118311 0.0472166
32.3 0 0.158697 0.129071 -0.0997415
32.32 0 0.184127 0.119121 -0.149323
32.34 0 0.119378 0.0749206 -0.11617
32.36 0 -0.0139248 -0.0137861 -0.042216
32.38 0 -0.147243 -0.132078 0.0214768
32.4 0 -0.21178 -0.21909 0.0364604
32.42 0 -0.204442 -0.241104 -0.0376903
32.44 0 -0.148567 -0.21673 -0.197648
32.46 0 -0.0718746 -0.198425 -0.391488
32.48 0 0.0272709 -0.170486 -0.507248
32.5 0 0.0541772 -0.165894 -0.540589
32.52 0 -0.0103764 -0.186334 -0.486705
32.54 0 -0.113271 -0.230468 -0.359283
32.56 0 -0.178358 -0.259756 -0.189552
32.58 0 -0.191672 -0.240438 -0.0510262
32.6 0 -0.163 -0.168725 0.00343686
32.62 0 -0.0976792 -0.0858983 -0.026412
32.64 0 0.0217546 0.00428254 -0.0639007
32.66 0 0.117105 0.0693679 -0.090385
32.68 0 0.159407 0.13244 -0.0552574
32.7 0 0.12046 0.151638 0.0268911
32.72 0 0.0433519 0.116754 0.143675
32.74 0 -0.0510268 0.0285066 0.226453
32.76 0 -0.0856946 -0.00957067 0.273936
32.78 0 -0.0492167 0.0374876 0.266798
32.8 0 0.0308345 0.123746 0.204178
32.82 0 0.15038 0.222665 0.157071
32.84 0 0.198534 0.241952 0.104691
32.86 0 0.19224 0.232298 0.117113
32.88 0 0.122216 0.192154 0.174448
32.9 0 0.0311779 0.134775 0.250721
32.92 0 -0.0354359 0.0778398 0.305014
32.94 0 -0.0560317 0.0444578 0.299383
32.96 0 -0.0483218 0.0261801 0.203913
32.98 0 0.0248407 0.0612872 0.0938979
33 0 0.106472 0.105023 -0.00758565
33.02 0 0.123333 0.0977169 -0.0943846
33.04 0 0.0793007 0.0405759 -0.130119
33.06 0 -0.0184177 -0.0671504 -0.134602
33.08 0 -0.093376 -0.144677 -0.0950407
33.1 0 -0.154726 -0.197368 -0.0873247
33.12 0 -0.16463 -0.206018 -0.117435
33.14 0 -0.149436 -0.221682 -0.215135
33.16 0 -0.0799725 -0.205256 -0.307494
33.18 0 -0.0106587 -0.166171 -0.372744
33.2 0 0.0130982 -0.128704 -0.391418
33.22 0 0.0149448 -0.0923461 -0.319729
33.24 0 -0.0150888 -0.085976 -0.190921
33.26 0 -0.0439876 -0.0682223 -0.0246219
33.28 0 -0.0732251 -0.0369801 0.112582
33.3 0 -0.0609707 0.0237027 0.207722
33.32 0 -0.021315 0.0730383 0.228307
33.34 0 0.0341128 0.104308 0.188486
33.36 0 0.0712975 0.109864 0.106541
33.38 0 0.0630755 0.0735719 0.0021018
33.4 0 0.0472784 0.02868 -0.0629739
33.42 0 0.028722 -0.00953787 -0.0777855
33.44 0 0.0141229 -0.0140667 -0.0431296
33.46 0 0.0258653 0.0387845 0.045812
33.48 0 0.0292075 0.0898145 0.132347
33.5 0 0.0234277 0.107567 0.191514
33.52 0 0.00958583 0.0864595 0.204214
33.54 0 -0.0109332 0.043773 0.160901
33.56 0 -0.0215391 0.00683339 0.0783483
33.58 0 -0.0107246 -0.0143657 -0.0160868
33.6 0 0.000584103 -0.0395796 -0.112293
33.62 0 0.00570688 -0.0652784 -0.183075
33.64 0 0.0085655 -0.0729524 -0.200595
33.66 0 -0.0270885 -0.0986553 -0.20026
33.68 0 -0.0493122 -0.105861 -0.153723
33.7 0 -0.0495735 -0.0889973 -0.0806627
33.72 0 -0.0582992 -0.0739332 -0.0337111
33.74 0 -0.0369177 -0.031118 0.0110213
33.76 0 -0.0125421 0.00189806 0.0271122
33.78 0 0.0146445 0.0262027 0.0291702
33.8 0 0.0418311 0.051662 0.0357978
33.82 0 0.0513773 0.0698896 0.0466598
33.84 0 0.04882 0.0809597 0.0708835
33.86 0 0.0547705 0.0998236 0.122175
33.88 0 0.0601716 0.123742 0.182113
33.9 0 0.0533675 0.141056 0.225776
33.92 0 0.0529083 0.155852 0.255731
33.94 0 0.0365697 0.132957 0.237531
33.96 0 0.0263757 0.0964298 0.189171
33.98 0 0.0327849 0.0739652 0.130369
34 0 0.0272598 0.0482172 0.0510935
34.02 0 0.0165748 0.0159419 -0.0259831
34.04 0 0.0196208 -0.00781488 -0.0681244
34.06 0 0.0062079 -0.0367703 -0.0942985
34.08 0 -0.0143388 -0.0528529 -0.0969996
34.1 0 -0.0254796 -0.0509921 -0.0743448
34.12 0 -0.041679 -0.060266 -0.0587949
34.14 0 -0.0463018 -0.0673524 -0.0481098
34.16 0 -0.0476635 -0.0732988 -0.0564082
34.18 0 -0.0370009 -0.0652069 -0.071676
34.2 0 -0.0318635 -0.0654283 -0.101869
34.22 0 -0.0335825 -0.0813894 -0.137563
34.24 0 -0.0409471 -0.107232 -0.168928
34.26 0 -0.0538515 -0.131387 -0.192079
34.28 0 -0.0633572 -0.141023 -0.200432
34.3 0 -0.0670007 -0.14024 -0.197133
34.32 0 -0.0476011 -0.114406 -0.166571
34.34 0 -0.025829 -0.0773791 -0.124321
34.36 0 -0.00760076 -0.033607 -0.0717004
34.38 0 -0.00198017 -0.00339017 -0.0207862
34.4 0 0.00570259 0.0197624 0.0345744
34.42 0 0.0139205 0.0407221 0.0848448
34.44 0 0.0285991 0.0744202 0.13109
34.46 0 0.0366378 0.10179 0.156934
34.48 0 0.0394573 0.108919 0.161448
34.5 0 0.0423983 0.0992364 0.151548
34.52 0 0.0424395 0.0857155 0.1309
34.54 0 0.0417812 0.0814242 0.108773
34.56 0 0.0382854 0.0771963 0.0870946
34.58 0 0.0358471 0.0667461 0.0718828
34.6 0 0.0286893 0.0482226 0.0592364
34.62 0 0.023434 0.0393857 0.05575
34.64 0 0.011988 0.0325232 0.0491967
34.66 0 0.0111613 0.0336233 0.0501577
34.68 0 0.00676182 0.0234284 0.0413772
34.7 0 0.0048923 0.0131421 0.0294244
34.72 0 0.00167757 0.0049182 0.0125537
34.74 0 -0.00675075 -0.00796542 -0.0120114
34.76 0 -0.0151769 -0.0270684 -0.039185
34.78 0 -0.0255568 -0.0535289 -0.0702767
34.8 0 -0.0295535 -0.0701287 -0.0943742
34.82 0 -0.0312866 -0.0755018 -0.112093
34.84 0 -0.0309515 -0.0741613 -0.120914
34.86 0 -0.02633 -0.0695651 -0.116602
34.88 0 -0.0263543 -0.0685731 -0.106705
34.9 0 -0.0247469 -0.0602534 -0.0864136
34.92 0 -0.0242383 -0.0478967 -0.063064
34.94 0 -0.0237209 -0.0371715 -0.0420715
34.96 0 -0.0161405 -0.0245858 -0.0208832
34.98 0 -0.0017344 -0.00507967 0.00132712
35 0 0.00863535 0.01531 0.0181323
35.02 0 0.0109335 0.0265269 0.0274793
35.04 0 0.0188818 0.0364349 0.0433106
35.06 0 0.0249301 0.0436968 0.0597971
35.08 0 0.0267982 0.0536347 0.0754907
35.1 0 0.0287261 0.0664344 0.091801
35.12 0 0.0299064 0.0727187 0.103951
35.14 0 0.0328142 0.074322 0.112432
35.16 0 0.0324986 0.0728794 0.112614
35.18 0 0.0295912 0.0705856 0.105107
35.2 0 0.0291973 0.0677846 0.0949136
35.22 0 0.0279703 0.059123 0.0804706
35.24 0 0.0224844 0.044832 0.0612697
35.26 0 0.0121993 0.0267732 0.0377728
35.28 0 0.00256135 0.00894009 0.0142833
35.3 0 -0.00533477 -0.00890028 -0.00923223
35.32 0 -0.0125372 -0.0261698 -0.033453
35.34 0 -0.0178789 -0.0398854 -0.0559099
35.36 0 -0.0214438 -0.0498233 -0.074755
35.38 0 -0.0251474 -0.0589003 -0.0900741
35.4 0 -0.0287592 -0.0670763 -0.100453
35.42 0 -0.0307688 -0.0715609 -0.104125
35.44 0 -0.0328478 -0.0728185 -0.103402
35.46 0 -0.0346444 -0.0721057 -0.0999383
35.48 0 -0.0361639 -0.0720812 -0.0963334
35.5 0 -0.0341758 -0.0697977 -0.0910682
35.52 0 -0.0298751 -0.0637388 -0.0848965
35.54 0 -0.0237908 -0.0532076 -0.0766101
35.56 0 -0.0170284 -0.0408418 -0.0652048
35.58 0 -0.0112093 -0.0299127 -0.0506839
35.6 0 -0.00649675 -0.019589 -0.0325828
35.62 0 -0.00398671 -0.0096196 -0.0132788
35.64 0 -0.000795518 0.00213134 0.00718168
35.66 0 0.00382992 0.0142601 0.0264312
35.68 0 0.0106542 0.0270322 0.0438389
35.7 0 0.0177103 0.0393919 0.0579628
35.72 0 0.0241502 0.0510038 0.0695997
35.74 0 0.0293314 0.0604266 0.0796968
35.76 0 0.0321467 0.0662079 0.0882075
35.78 0 0.0326466 0.0687847 0.0950391
35.8 0 0.0308615 0.0685903 0.0988415
35.82 0 0.0281038 0.0660833 0.0986154
35.84 0 0.0255541 0.0615571 0.0936581
35.86 0 0.0237242 0.0555815 0.0840036
35.88 0 0.0218904 0.0485398 0.0702488
35.9 0 0.0193991 0.0402802 0.0539591
35.92 0 0.0155953 0.030174 0.0368071
35.94 0 0.010218 0.0180534 0.0200564
35.96 0 0.00325971 0.00467448 0.00408406
35.98 0 -0.0103477 -0.0160111 -0.0181314
36 0 -0.0146142 -0.0284605 -0.0330592
36.02 0 -0.0176988 -0.0380572 -0.048687
36.04 0 -0.0204712 -0.0444802 -0.0640195
36.06 0 -0.0220951 -0.0497751 -0.0765907
36.08 0 -0.0227279 -0.0550175 -0.0846129
36.1 0 -0.0240199 -0.0590623 -0.0880509
36.12 0 -0.0267245 -0.0605974 -0.0876505
