3.2752127070000004e-05
2.5369641e-05
1.778574582e-05
6.082797429e-06
-2.909887326e-06
8.407474110000001e-07
5.624267238e-07
-3.35502e-06
-3.9520713150000006e-05
-7.794167625e-05
-6.937575102e-05
-8.253160848000001e-05
-7.215936795e-05
-5.4472134150000004e-05
-8.111085561e-05
-7.549681824e-05
-6.291776916000001e-05
-0.0001033400115
-5.584250286e-05
-1.277642628e-05
-0.0001174648419
-1.3169405070000002e-05
-4.415194548e-05
-0.00029688052050000005
-0.00023183678700000002
-0.00016889690610000002
-0.00011870610120000001
-0.0001303673463
-0.00021822345000000002
-0.00020963508930000002
-0.0005249896056
-0.0005819776614
-7.255219959e-06
0.00021891809610000002
-6.547813992e-05
-3.109090167e-05
0.0001874683152
-0.00018708680430000002
-0.0003941603064
-0.00010846671750000001
-0.0003520830582
-0.0005764952448
-0.0002482377336
-0.00013188701340000002
-0.0002720624958
-0.00047928775860000004
-0.0005498771832
-0.0002603355237
-0.0001419225453
4.166997624e-05
0.00020247722280000003
-7.203076866e-05
-0.0004523392962
-0.001570562361
-0.0019415127960000001
-0.0007158508074
-9.292674555e-05
-0.0002547531432
-0.0009091134972
-0.0006200620434000001
0.0002142011538
-0.001039347918
-0.001120078332
-0.0002370333402
-0.0012814665660000001
-0.0009550499994000001
-0.00023022117810000002
-0.0003416200065
0.0001535998788
0.0001592224803
-0.0001298850867
-0.0008721377432999999
-0.0008284619556000001
-0.00042878087550000005
-0.0007889031306000001
0.00016197555870000002
-7.02661851e-05
-0.001095468966
0.0005949080262000001
0.0012982956210000002
-0.0010376350920000001
-0.00216187875
-0.001016220843
-0.0005568767163
-0.0006640150617
0.00029262249
0.0003637048671
-0.0023706846
-0.0038664927990000003
-0.0027742611330000004
-0.001607187015
0.00043258126950000003
0.0006655386528000001
-0.0006699662982
0.001520807022
0.0034092997110000004
0.0004844063223
-0.0034355836440000003
-0.004079431602000001
-0.001469932362
-0.0004011468903
-0.002880356283
-0.00397676799
-0.0025566694470000005
-0.001126812897
-0.0004954604265
-0.00028745193330000004
3.005699634e-05
-0.00032620918320000003
-0.002432066751
-0.0049215602609999996
-0.00261144162
0.00042233374350000006
-0.000284182947
0.0005568159924000001
0.00030850870590000006
-0.001772974053
-0.002343399066
-0.00337729851
-0.0027508819410000003
-0.0006944876685000001
-0.002109999546
-0.004146935193
-0.0018912090780000002
0.001871534142
0.001199950371
-0.004250000034
-0.0054665793360000004
-0.001655644491
-0.0006586978455000001
-0.0002387043756
0.0006319938483000001
0.001159864749
0.001702997361
-0.002828554578
-0.005039040897000001
-0.002340557109
-0.002927781747
-0.003517342146
-0.005122073718
-0.002103419979
0.0016638328980000002
-0.0028870584750000003
0.0007506964179
0.0019115952390000002
-0.005160020760000001
-0.001334092311
-0.0008841675501000001
-0.005901161355000001
-0.0038429291790000003
-0.0027765537300000003
-0.003404314269
-0.002984176494
0.0015096167549999999
0.006295499811
0.00015202037070000002
-0.007354126341
-0.005116839102
4.584081546e-05
-0.002038754421
-0.006405222699
-0.00178693074
0.001662356493
-0.0020137193010000003
-0.0024163040430000005
-0.0003209947758
-0.000998170443
-0.0024516180809999997
-0.0026048277180000003
-0.00195825258
0.0003086169102
-0.0005014811178
-0.005760793008000001
-0.005771701728
-0.0005764528656000001
-0.001447561638
-0.0055645429770000004
-0.001039699116
0.00042240035340000004
-0.004316015448
-0.0017638497720000002
0.00048746596320000003
-0.00142870878
-0.0006240175335000001
0.001963874691
-0.0007641669213
-0.003084952662
-0.00040929125040000005
-0.003984517890000001
-0.005993585289
-0.0013064634270000001
-0.002590335405
-0.00570710484
-0.007228937988000001
-0.007406372439000001
-0.0002632864698
-0.004311372375000001
-0.01274969403
-0.0049777264350000005
-0.007082928891
-0.009794079351
0.001975092426
0.004275379485
-0.0009342166986000001
-0.0013236426990000001
-0.0007532972451000001
-0.005508740754
-0.003734917155
-0.004772768067
-0.01227784284
-0.005867071605
-0.002177797437
-0.001612002744
-0.0014460587460000001
-0.0015290552699999999
0.002800544085
-0.0033705276480000003
-0.002796308127
-0.002885853807
-0.007579286442
0.002860204581
0.002623351941
-0.0028427780970000003
-0.002005849719
-0.005238876483
0.0035721653310000004
0.006154892100000001
-0.006523295859
-0.0013643757810000003
0.002378212794
-0.005267408868000001
-0.0022754648160000003
-0.003212222697
-0.003521267127
-0.0008024841927000001
-0.0035190019980000002
0.0036136017900000005
0.004991671350000001
-0.0031024429110000002
0.0011974929660000001
0.001691390169
-0.003535560297
0.0005389124481
-0.00015926270130000003
-0.00584098191
-0.008045113311
-0.006919894539
-0.0015459804630000003
-0.000338723604
-0.0006564022074
0.004547187117
0.002686324293
-0.004454604261
-0.0015765091830000002
-0.0012982720770000002
-0.0032631738750000003
0.0004526848044
0.0014811873750000001
0.002291960331
-0.004472072928
-0.002921146263
0.005640447852000001
-0.007002390753000001
-0.01275850341
-0.005093977878
-0.002145691269
-0.0007701394455000002
-0.00012090099060000002
0.002790703674
-0.001099804986
-0.0056035387080000006
-0.001732595112
-0.001582273539
-0.002604533418
-0.002763449532
-0.0010648274310000002
-0.001955961945
-0.00849354705
-0.007635480084000001
-0.002494178766
0.0014925640320000001
0.002796192369
-6.0827944860000006e-05
-0.004670873559
-0.006396787080000001
-0.004072617576
-0.004391329761
-0.005480068086
-0.00997446465
-0.00982956114
0.0006482423475000001
0.0034218506250000003
0.00030750818400000003
-0.001662527187
-0.005734100979
-0.004686398865
-0.0007868112462000001
-0.007358790015
-0.009154650798
-0.000983231775
0.001101145032
0.0002442035673
-0.0031085005860000004
-0.003284356608
-0.002120914152
-0.0046462524210000005
-0.002013891957
-0.003207694401
0.0005429153205000001
0.008523551916
5.202557901e-05
-0.005028906186000001
-0.0045876003930000004
-0.008156302794
-0.005391511254000001
-0.0036758413350000004
-0.006748562889000001
-0.007638182739
-0.002674191285
8.720311086e-05
0.00035054514450000003
0.00207738522
-0.0017612403120000001
-0.0003504493989
0.001243475379
-0.003951590625
-0.0041947236270000006
-0.0030041898750000004
-0.002938078323
-0.005201369910000001
-0.0034950577500000002
-0.004007145636
-0.009796077648000001
-0.003392658027
-0.0022440267090000003
-0.005504046669
-0.0006517112616
-0.003462227604
-0.0001577184111
0.0040844768850000004
-0.0016642674810000001
0.000514531557
-0.0065286364230000005
-0.011254836419999999
-0.0012382044660000002
-0.003918681018
-0.003013973388
-0.0021102810930000004
-0.007303818699
-0.001507794057
-0.0012061787399999999
-0.004108868469
-0.0068767138620000005
-0.007292276253000001
-0.0031775933970000004
-0.0066861712890000004
-0.0012248255880000002
0.005514307929
-0.0007807469985
-0.0007254617625
0.0007121709783
-0.004571929899
-0.006672034098000001
-0.002828819448
-0.0005083272225
-0.003870669897
-0.002905669026
-0.00029587313160000004
-0.003257219205
6.223242294000001e-05
6.652735866e-05
-0.008142787557
-0.0037853925480000002
-0.0016340379660000001
-0.007247211075
-0.0010247231700000001
-0.0005188260807000001
-0.0062961433470000005
-0.005081823288000001
-0.006844095612000001
-0.00408781719
-0.0007952894406
-0.0013281749190000001
0.001302904359
-0.0002881571742
2.2392413910000002e-05
0.0015115012560000002
0.0022929334830000003
0.00046430141400000005
-0.0074378821590000005
-0.005258692683
-0.003526686171
-0.01072600875
-0.008316012537
-0.001316234187
-0.003682030464
-0.006839204346000001
-0.0034289844570000003
0.002793996891
0.005010054309
-0.0033586232130000003
-0.008327709981
-0.006150174471
-0.0036669524940000004
-0.004356216828000001
-0.008474837418
0.001353952656
0.004464412299
-0.00934645788
-0.0071172786060000005
0.001786164579
-0.002747293443
-0.009313618905000001
-0.006336286848
0.0009483377031
-0.003348556191
-0.01081325889
0.001003144113
0.007227169245000001
-0.002945458386
-0.001995309855
-0.00010365658020000001
-0.005172884613
-0.005748033141
-0.0011507679360000002
0.0002795770539
-0.002306982384
-0.0008955170334000001
-0.0017530842780000002
-0.002144766186
0.001397105865
0.0048484777230000005
0.00282536829
-0.00653410746
-0.004083269274
-0.001249472232
-0.0075194631
-0.0030671789039999997
0.0006829599375
0.001013146389
-0.002219261364
-0.00833262381
-0.0003706130691
0.001731736737
0.00030520911240000003
0.007642564866
0.0013639519890000001
-0.005655981006000001
-0.0016773412680000002
-0.0018359591580000003
-0.0059321187720000005
-0.006921840843
-0.002113527222
0.004812883119
0.0009040142592000001
-0.012490170480000002
-0.01012385133
-0.0002806263315
-0.002028203766
-0.0009703730232
-0.002705024115
-0.008016676083000001
-0.005942705724
-0.004684479048
-0.001475289603
-0.003152825109
-0.009016422012
-0.0040907739240000004
-0.001693769094
-0.003499914681
-0.005021923428000001
-0.013838702130000002
-0.014866280010000002
-0.006518037699
-0.008862307893
-0.012166960410000002
-0.004450454631
-0.002190512178
-0.005837348286000001
0.0005367008817
0.006325896096000001
0.0027219051630000004
-0.001013897835
-0.002348270712
0.0008402316012
-0.0003465119592
-0.006588599067
-0.00441694269
-0.005508987966
-0.008217676116
-0.005279138685
-0.00838835442
-0.00925822674
-0.004000434615
-0.0029259865170000003
-0.006894914355
-0.012538867320000001
-0.01513560375
-0.013975561440000001
-0.009200737197
-0.001174473801
-0.0005716298772
-0.0012061591200000002
0.003377918502
-0.003671359146
-0.003865358763
0.0031448593890000005
-0.00433109538
-0.0033778213830000002
-0.001040672268
-0.003925643175
0.0017334191520000002
0.0020228573160000003
-0.0005591394909000001
-0.004874739093
-0.007079828931
-0.00205855002
-0.0014257471410000003
-0.00030311124390000003
-0.005931257454
-0.006635884248000001
0.004516811433
-0.001979424522
-0.006899882139000001
-0.0046464025140000005
-0.006408251046
-0.003059155305
-0.006939371313000001
-0.004702107618
-0.001020195855
-0.010431277110000001
-0.007249142664000001
-0.0021695266260000003
-0.004010545782
6.724597059e-05
-0.0002590569864
-0.002059401528
-0.0006265952091
-0.0016183664910000002
0.001981581741
0.0014673091680000002
-0.003034555749
0.004612633551
0.0040420711980000005
-0.001986042348
0.00063904302
-0.002641887936
-0.002299203054
-8.635410441e-05
-0.0009372547575
-6.679328814e-05
-0.004144287474
-0.00513079677
-0.00288568998
-0.004760426106
-0.008422613883
-0.005753537532000001
0.0001736986068
-0.004338807021
-0.008229350997
-0.0006016444551
0.004717017837
-0.0013068175680000002
-0.0024398745300000003
0.0044016263370000005
0.0006478298370000001
-0.0002096003619
0.005775732657000001
0.001027309086
-0.0024141782160000003
0.0017908027470000002
0.003793052196
-0.0017306674470000001
-0.003009173355
0.002405827944
-0.0007130159136000001
0.0015427647450000001
0.005359568913000001
0.0023904664650000003
-0.001792398834
-0.008802242244
-0.005914614789
-0.011639633670000002
-0.019331831250000004
-0.006690964455000001
5.6861261550000004e-05
-0.001358624178
-0.0018445713570000002
-0.0004852813743
-0.0035187292800000006
-0.007683243993000001
-0.0033651517680000002
-0.009146676249
-0.01171293399
-0.0025584313230000003
-0.001510776297
-0.001147378581
-0.00044852271570000005
-0.0009677060766000001
-0.006513495669000001
-0.01014816051
0.0007890296796000001
0.0004312607454
-0.006325777395000001
-0.002135510451
-0.002714002227
-0.003454447293
-0.003798397665
-0.0077461977060000005
-0.003969340839000001
-0.00016769498490000001
-0.00032636329829999997
0.0017657695890000002
-0.002011231485
-0.007171626987
-0.006350657517000001
-0.006522111792
-0.009640903067999999
-0.009129753999
-0.004033947537
-0.00577017333
-0.007357985595
-0.0018430547310000001
-0.0012949867080000001
-0.0008133087429000001
0.0007510368249
-0.006203241666
-0.0110155509
-0.0053606382030000005
-0.0008161713009000001
0.0008260144587
0.0005508744678
-0.001106543475
0.00099344889
-0.007791756327
-0.01404212229
-0.0013097331
0.0015462963449999999
-0.0054887195250000005
-0.008702269515000001
-0.008430570774
-0.0013894717230000001
0.002043780084
-0.004567816566
-0.008478425916000001
-0.001015587117
-8.522530695e-05
-0.0001651682232
0.0066556965240000005
-0.0005924801493
-0.002858511375
-0.0022711955040000003
-0.008497953702
-0.0015316912170000002
-0.0019463098860000002
-0.010891974330000002
-0.008255859579
-0.005763991068
-0.009381572775000001
-0.006798933315
-0.003044882736
-0.005443707321000001
-0.002984734683
-0.0030854009790000003
-0.006240803175000001
0.0008326585755
0.005926000275
0.00044471584710000005
-0.0019671198390000004
-0.0013427731800000002
-0.0006207831765
1.4412852000000001e-05
-0.01122876144
-0.01320362235
0.0001209263004
-0.0001297230255
-0.0024064400880000002
-0.001197867708
-0.005973447321000001
-0.005207607108000001
-0.007897676859
-0.008352228114
0.002031517584
-0.002647330524
-0.004237242129
0.001659845133
-0.002342620152
0.0026248244220000005
0.002366533989
-0.0005266482804
0.001934660511
-0.0008543576088
-0.002072110383
-0.011369289690000001
-0.0056185254450000005
0.008354520711000001
0.0006062155227
-0.0008403672735
-0.003924498348000001
-0.009996949170000002
-0.005495972058000001
-0.009620478648000001
-0.009124542927
-0.0017993531430000001
-0.001730820483
0.0017928559799999999
0.00333430128
-0.0019380302460000002
-0.0051659312850000005
-0.004757273172
-0.0020196396360000002
0.0006224747148
0.0018127830330000002
-0.00530968212
-0.01024297416
-0.003953065068
-0.007955950221
-0.005390333073
0.008588362662
-0.001507880385
-0.007394223735000001
0.0031055929019999998
-0.0041785812720000004
-0.01288574892
-0.009043369101
-0.002958348726
-0.0017427533670000001
-0.01284156468
-0.01110595005
0.004791889719000001
0.000984378564
-0.005771729196
-0.005053127076
-0.0055066531859999995
-0.003008890827
-0.008566905248999999
-0.007958447847
0.00119153241
0.0007411953348000001
-0.002623323492
-0.0051433339500000005
0.002269326699
0.007331722263000001
-0.003890921661
-0.005165380944
0.0003006153837
-0.0012043599660000002
0.005053183974000001
0.008826670125
0.005359753341000001
0.007285159098
0.001857105594
-0.00037541967480000005
0.01708881399
0.030879093960000003
0.03047379381
0.0389459943
0.052414741710000004
0.035787478410000004
0.0020056917780000003
-0.02017607004
-0.032178016440000005
-0.03398854023
-0.017379376380000002
0.01128618918
0.02154056256
0.01289044791
0.00156727503
-0.008559446706
-0.02068724952
-0.04855640004
-0.07838004591
-0.09001735461000002
-0.09424272762
-0.0985420386
-0.07333914798
-0.03396181779
-0.0289823697
-0.03138578046
-0.02567397663
-0.03289826664
-0.05190138441000001
-0.06625805454
-0.0749514411
-0.08917593129
-0.06241351554
-0.007678148679
0.008216749071
0.031798241910000004
0.0773123157
0.10014921090000001
0.109169604
0.09489883023000001
0.07962134445
0.10512925740000001
0.1150934706
0.07608704670000001
0.04054994892
0.03404749833
0.03910809474
0.04967257203
0.06075834291
0.05927029344
0.06269260023
0.056180025720000006
0.007631355960000001
-0.04891575015
-0.09683629542
-0.1331680032
-0.1376616699
-0.11704458150000001
-0.08398883493
-0.03556465407
0.031042067490000002
0.06771500631
0.03465371709
-0.02732692239
-0.07544363823
-0.1011739635
-0.09521273061000002
-0.061784184420000006
-0.033762488400000006
-0.0272601261
-0.04599088884
-0.07260695901
-0.05670624393
0.011770381350000001
0.09510823449000001
0.1238386932
0.0736940934
-0.01257695955
-0.08719089741
-0.07392563883
0.0008283337389
0.02141257149
-0.01849639203
-0.04988922588
-0.01048555584
0.05913919260000001
0.06456595707000001
0.01998827721
-0.02553831414
-0.061449486840000005
-0.08228530881
-0.06321030336000001
-0.005189366394
0.027020202930000004
0.008771781213
-0.01840693464
-0.03776870601
-0.04336231896000001
0.01665142533
0.12416811300000001
0.1558474479
0.06751492155000001
-0.05496568506
-0.12391521120000001
-0.1460411757
-0.130393539
-0.07118906085
-0.02820574143
-0.036465437700000006
-0.06923573289
-0.07276836294000001
-0.02191031127
0.03009098799
0.03122108037
-0.010265242859999999
-0.044474861250000004
-0.013645857150000001
0.06641146332
0.08636865264
0.002945673225
-0.07931723445000001
-0.08002871451000002
-0.04332817035
-0.01960426476
-0.011369593800000001
0.0026620308090000004
0.01868271336
-0.007107847272
-0.04911446151
-0.07307521974
-0.07835230323
-0.024683039099999998
0.05605696908
0.08855162289
0.08606149173000001
0.088726545
0.0998431389
0.1159761744
0.11816164620000001
0.06654687075
-0.02884827681
-0.1286106696
-0.19632409650000002
-0.21134075400000002
-0.2074148901
-0.1728586746
-0.06435025479
0.0704790621
0.1655419842
0.17321615099999998
0.07003001916000001
-0.061948305720000006
-0.1017396081
-0.04072029957
0.014446421820000001
0.010835243100000001
0.0002441029167
0.01632177009
0.0397737621
0.04065602445
0.01902840795
-0.012045306600000001
-0.024476617080000002
0.008032427019000001
0.03285636813
0.01217365083
-0.03035976237
-0.05548547772
-0.0041274427229999995
0.08918865486000001
0.110304621
0.04289004594
-0.04868275284
-0.1154108241
-0.1259818839
-0.11480799960000002
-0.1498237155
-0.19142037180000002
-0.1686566592
-0.09283875966
-0.01999875429
0.005915226933
0.01821313809
0.06556166226
0.10695666420000001
0.10796513220000001
0.1110479247
0.13320479070000002
0.1267260705
0.026962039440000002
-0.125039241
-0.18318997800000003
-0.1463564691
-0.1261896597
-0.1342466127
-0.121540014
-0.09101706227999999
-0.09451648548000001
-0.1272528675
-0.13250053080000002
-0.08190453366000001
0.01111052151
0.1051059096
0.1635072921
0.18322666740000002
0.1882046538
0.1733695794
0.12247608420000002
0.056624919030000005
0.01494313155
0.0051290643240000005
-0.004997241468
-0.021724813980000004
-0.050915077200000006
-0.09148399866000001
-0.09088391115
-0.033757622640000005
0.04233029715
0.08266453398000001
0.05186934495000001
-0.02070120915
-0.1022287347
-0.1783009683
-0.24418335870000002
-0.29514728970000004
-0.2689168212
-0.1262303712
0.04526843139
0.08651956968
-0.03958303608
-0.17770089060000002
-0.19174508280000002
-0.09170985429000002
0.006852930498000001
0.05280461073
0.1429541649
0.27004771800000005
0.30889041300000003
0.2534976594
0.20018884409999999
0.2347144524
0.3453704676
0.4750267851
0.6114811383000001
0.7276168233
0.8017334334
0.7733766474
0.6022680768
0.4123536381
0.2976357924
0.23937714540000002
0.1765737216
0.06589721331000001
-0.061455637710000004
-0.1772253018
-0.2303183952
-0.1695752676
-0.05982287112
-0.01369363185
-0.07364470005
-0.14676809670000002
-0.09767868993
-0.0029314860030000005
-0.05281666722
-0.2179640736
-0.32006625930000004
-0.2991114126
-0.2798778285
-0.36869962860000005
-0.5403194964
-0.7594494884999999
-0.9799435611
-1.139522733
-1.24250517
-1.368302724
-1.4962555350000002
-1.5211954980000002
-1.4634106740000001
-1.2670242840000001
-0.8361455400000001
-0.3184500618
0.12471453
0.4802175504000001
0.7466704920000001
0.8578864620000001
0.7962287481
0.7056411480000001
0.6561871722
0.5520740346
0.4231458153
0.37681593210000003
0.3885569325
0.43660356570000003
0.5450821533
0.72457641
0.8911426563
0.8937384804000001
0.8190692730000001
0.8574654168000001
1.024640766
1.161942507
1.107974754
0.9561021219
0.8161262730000001
0.6831218025
0.564387939
0.3827707002
0.037120471020000004
-0.3932254134
-0.6269890806
-0.5225608458000001
-0.2874227976
-0.2274740838
-0.40109990040000004
-0.5943028473
-0.6350462298
-0.6104711988
-0.6592330791
-0.7412600808
-0.8560254069
-1.018536003
-1.247845734
-1.618539147
-1.998371556
-2.252626155
-2.237966091
-1.8745938810000002
-1.4492832930000001
-1.034595954
-0.41577065730000007
0.35659938599999996
0.9873657090000001
1.298335842
1.469138733
1.7250786900000001
2.023466517
2.1928881600000003
2.225406348
2.123976834
1.65995991
0.9470307168000001
0.297657963
-0.33912993420000004
-0.982762857
-1.5728019840000003
-1.8751412790000002
-1.685423727
-1.420093638
-1.249675299
-1.042065288
-1.051468173
-1.2361296510000002
-1.3319910090000002
-1.165687965
-0.5334724107000001
0.36457197300000005
1.072293822
1.4115010590000001
1.508965371
1.4793999930000001
1.256139108
0.6844337919000001
-0.06790219092000001
-0.5394361059
-0.6390019161000001
-0.4401331056
-0.03684109203
0.3401334972
0.6168019842
0.6974365545000001
0.5119350462
0.13642580610000002
-0.3151059309
-0.5004573462
-0.23206280940000001
0.1073601495
0.1283267682
-0.16497270990000001
-0.35828915850000004
-0.05666209893000001
0.3665700738
0.46138185989999997
0.3349394946
0.08541186372000001
-0.25764993810000003
-0.5816370582
-0.6844379121
-0.633874131
-0.7480020033000001
-0.8292403791000001
-0.6399184644
-0.2383440543
0.3802566915
1.006844445
1.418850711
1.3903281360000002
0.8898733404000001
0.2672517699
-0.33063535709999997
-0.6579420831
-0.6609119625
-0.5753325636000001
-0.3329888742
-0.1525227408
-0.2397019545
-0.3750766191
-0.4713118362
-0.6050595123000001
-0.7679836980000001
-0.8023563684
-0.7141000167
-0.643674321
-0.5516542647
-0.4075406559
-0.2776721481
-0.22215304170000003
-0.289840374
-0.3542602896
-0.2837628828
-0.1768421232
-0.1204037217
-0.18355343850000003
-0.2609718984
-0.13363701930000002
0.1057226643
0.25432837020000004
0.2999268198
0.40789087290000003
0.5408256924
0.53793135
0.4735569528
0.4898940363
0.5182563159
0.4317484986
0.5366467305
0.8740519686000001
1.11742767
1.2585239190000002
1.166071536
0.9162772497
0.6823834038
0.2703462363
-0.09739108035
-0.03021979329
0.3029202432
0.48499109640000004
0.4173248556
0.22423845150000002
-0.2621313423
-0.9963663840000001
-1.3222899
-1.0914331320000001
-0.6856367922000001
-0.1764961245
0.1991428038
0.2130428871
0.2303361513
0.6568891758
1.2879980640000002
1.558697166
1.455827544
1.36184382
1.443624885
1.5792422490000002
1.4798571390000002
1.349644104
1.47211803
1.659472353
1.8618457860000002
2.004450813
1.933283187
1.572672492
0.9529699851
0.3222415287
-0.1903115475
-0.5354005662
-0.8370149022000001
-1.0618981650000001
-1.0805636520000002
-1.038490524
-0.6268171113000001
0.027126435420000004
0.4130606448
0.7538071689000001
0.9961221150000001
0.9058863015
0.7808322474000001
0.7885432997999999
0.4922533413
-0.03212209944
-0.152187435
-0.1004647005
0.06943644549
0.44550015660000003
0.35411157
-0.04384095867
-0.10048392810000001
0.08937216072000001
0.29354247180000004
0.5023218348
0.7579808334
0.9389375649000001
1.085364666
1.33685775
1.373070384
1.113878412
0.8261915292
0.443574846
0.015112756260000002
0.03178020132
0.5970411126
0.9517103811000001
0.8931349692
1.0152908550000002
1.200878397
1.200948048
1.4074917120000001
1.883106999
2.1855404700000003
2.085448059
1.585282266
0.8197553844000001
0.118592109
-0.22800578580000003
-0.34124398920000004
-0.4185666054
-0.3954780837
-0.5627385837000001
-0.8692368282
-0.7796815344000001
-0.5037038676000001
-0.2365945389
0.1885897944
0.7091718651
1.1560525830000001
1.336113171
1.249435935
0.874870515
0.5590285398
0.8895013452000001
1.35116073
1.466445888
1.4444979750000002
1.461462408
1.7941548240000003
2.104821828
2.126795247
2.202407784
2.409461568
2.6031453030000002
2.454869115
2.151277083
2.1519059040000004
1.909537101
0.990946359
0.5137387128
0.999286821
1.097262234
0.4932828027
-0.17736597720000002
-1.1010047490000001
-2.3755003290000003
-3.726608085
-4.614111918
-4.97854557
-5.140758825000001
-5.026755834
-4.96511568
-5.019533712
-4.872761397
-4.690822194000001
-4.637126178
-4.689183924
-4.564698948
-3.8833552080000002
-2.864561202
-2.013274908
-0.9565931124
0.3749297634
1.2464939160000001
1.561570515
1.301167008
1.07950221
1.405686672
1.250357094
0.7059095496
0.7236198369000001
0.8980632189000001
0.8586874485
0.551049282
-0.1794287259
-0.8732250837000001
-1.4311642230000001
-1.804198302
-1.548053316
-0.6780766176
0.7015055463
2.1861202410000002
3.4324395389999998
4.1305623030000005
3.98847132
3.332297097
2.08096587
0.43014328830000004
-1.1764760220000001
-2.79774333
-4.0378450500000005
-4.836273102
-5.326664211000001
-5.430929796
-5.326178616000001
-4.375451295
-2.226660066
-0.09663993846
1.424895633
3.024919386
4.6691823150000005
5.593433427
6.052094091
6.623164602
6.689506689
6.001586325000001
5.066986644
4.177517868000001
3.4721886779999998
2.77722081
2.595690684
2.5997873400000002
1.6419909330000002
0.7656653988000001
0.8545251636000001
1.150498161
1.048535964
0.561434148
0.14275423710000001
0.1525595283
0.3691560879
-0.031786067700000004
-1.106634708
-2.202831576
-3.2722991370000005
-4.223134368
-5.024197386
-5.734897551
-6.05504592
-6.058640304
-5.719516452000001
-4.813868043
-3.855472245
-3.546047187
-3.5853019020000003
-3.2612187420000005
-2.674291347
-2.044429506
-1.5052983930000001
-1.3105365390000001
-1.460810043
-2.022724881
-2.7526134060000005
-2.989620063
-2.536746318
-1.705960962
-0.8616466349999999
-0.42432782220000004
-0.5607221382
-0.7679237589
-0.7341565617000001
-0.705344886
-0.7771527126000001
-0.8215037226
-0.5202965016
0.24885115289999998
1.2454089300000002
2.4883192530000002
3.917641158
5.145460758
5.889525714
5.994518220000001
5.696625798
5.371726446
5.011913304
4.438029285
3.5380873530000003
2.72993661
2.417107482
2.126624553
1.5368306760000001
0.5878812213
-1.120090104
-3.09300471
-4.75459308
-6.065343477000001
-6.862407939000001
-7.967882124
-8.374400676
-6.807966363000001
-5.140980531
-3.37147137
-1.091517498
0.5889546315
2.0346450120000004
3.410225775
4.495056777
5.383686797999999
6.160059027000001
7.196049963
8.316342153
8.11290924
6.8253516450000005
5.657811552
3.834165906
2.606267826
2.351095992
1.324422594
0.8445746844
0.6525107766
-0.7126391115
-2.191746276
-3.3129341190000003
-4.189093668
-5.264623809000001
-6.801411321000001
-6.8494773780000004
-6.339163140000001
-6.8266985579999995
-5.099357682
-2.410338582
-1.6279165260000001
-0.8678076093
0.1847930301
1.2162948120000001
2.076545484
2.652599475
3.2769559440000005
3.677898492
4.407918471
4.452521598000001
3.8231953830000003
4.647362913
5.922259722000001
5.986660410000001
5.438395206
3.931586073
0.3723616035
-0.5554792818000001
2.3234729940000003
2.386857366
0.3598771032
-1.214815464
-1.734031296
-0.8187563340000001
-2.6956889189999997
-5.308334226
-4.480706709000001
-3.7855799190000003
-4.6597823730000005
-4.814408574000001
-4.327599096
-4.059533979
-3.757202532
-3.6508032720000005
-3.878402139
-3.6541720260000004
-2.793684933
-2.036125341
-1.658504106
-1.237583493
-0.7044796440000001
-0.04817746917
0.7224504849000001
1.207908243
1.4061016350000002
1.7897285520000001
2.293743789
2.484636579
2.6567314470000003
2.67197913
2.194283142
1.813531536
1.471867875
1.1629470510000002
1.175268411
1.25321769
1.5541198200000002
1.940678946
2.354977809
3.2198558580000003
4.034383101
4.0916450520000005
3.544979859
2.831691816
1.749702771
0.32117802660000005
-1.076617089
-2.287599786
-2.8515060540000006
-3.107128167
-3.336892101
-3.2542124400000003
-2.523188898
-1.197433125
-0.7687251378
-0.9355669470000001
-0.8718818985
-1.3616780309999998
-2.251063422
-3.721242015
-5.6987712450000005
-6.969555702000001
-7.657667361
-8.646163182
-9.357787449
-9.005782086
-7.815654468000001
-5.95655352
-3.6386467200000006
-1.3827195
0.5154101406
3.014323605
6.100694793
7.861541724
8.583187887
9.309468294
9.182466072
8.132039721
7.69353174
7.46192745
5.575506633
3.417378246
2.196114669
1.4690916450000002
0.9504770679
-2.671923213
-6.977340918
-5.223690603
-1.9316704230000001
-1.7841456810000003
-1.422697212
-1.056463425
-2.165544747
-3.493837386
-4.405109868
-5.040553599000001
-6.2027256600000005
-7.084530864
-6.938453097
-6.473821086
-4.896997002000001
-2.828808657
-1.107732447
0.7594741116000001
1.9857863070000001
2.68101414
3.18321747
3.3436551150000002
3.4934861880000003
3.404490849
3.2042373570000002
2.4446892780000002
1.5939376290000002
1.6996178160000002
0.23515943400000003
-2.389339296
-3.3970587930000002
-4.495325571
-6.6620122020000005
-7.902489645
-6.988750929
-5.347221066
-4.11422571
-2.9329349400000004
-2.045258451
-1.040841981
-0.20899881270000004
-0.4762661805000001
-1.079926983
-1.1530674
-1.276190748
-2.1006594450000002
-2.7043648829999998
-2.647727829
-2.564680293
-2.4865377570000002
-2.090326572
-1.021943016
0.20355750000000003
1.15617717
2.6242358220000006
4.229325459
5.103110988
5.579534619
5.201588673000001
4.0592436030000005
3.2259743550000004
2.3034988530000002
1.6032443760000001
1.397217699
0.7702757064
0.1447589106
-0.02971402893
0.01341796104
0.06682519026
-0.004624505613000001
-0.02515966776
0.18375532830000002
0.4487725764
0.42331180050000006
0.26355339990000004
0.1049698449
0.0128862198
0.13542322410000002
0.5201778006
0.9314358579
1.336142601
2.26294137
2.9331586080000003
3.037649823
3.1585207950000003
2.907083628
2.702627532
2.4882280199999998
1.867164768
1.235407635
0.47755737270000004
-0.27658784880000004
-0.9393727365000001
-1.3955558850000003
-1.5558689430000001
-1.2290448690000002
-0.12994894980000002
0.48137983920000005
0.2811497931
0.3675123243
0.7001445069
0.9736579998000001
1.362988647
2.080072179
2.69136369
2.8721237310000003
2.961754758
2.901607686
2.7121000680000003
2.4601930020000005
1.945727172
1.177417782
0.2432570004
-0.4905699453
-0.7668796806
-0.5851256904000001
0.08548941177
0.6081462288
0.42608881530000003
-0.03432571974
-0.3541151997
-0.5156637291
-0.6271149429
-0.668601531
-0.5917113396
-0.539554905
-0.3618841311
0.15951148290000003
0.872015805
1.4532573240000002
1.6624732320000002
1.4838880680000002
1.0816064550000002
0.7081061067000001
0.39789624870000007
0.03886063749000001
-0.33468414030000004
-0.6069620637
-0.6766905627
-0.5510430036
-0.4831379874
-0.5891311134
-0.6564593997000001
-0.7647626826000001
-0.9542523482999999
-1.026283941
-0.9295927551000001
-0.5564849049
0.03803102541
0.5932040292
0.9714518289
1.135688004
0.9693281601
0.477829404
-0.09031369508999999
-0.5293880172
-0.5054570127
0.19766561400000002
1.210113531
2.070737964
2.62192851
2.8493645310000004
2.8188161910000002
2.5877946150000004
2.2777652610000003
2.1436959150000003
2.2460976
2.5139262959999997
2.8517120640000004
3.003923043
2.7668692980000005
2.186299764
1.4376427470000002
0.5805423603000001
-0.430689411
-1.39853322
-2.016483759
-2.468896434
-3.040350516
-3.5424812520000004
-3.7284611940000003
-3.827753109
-4.136545422
-4.360372344
-4.476879828
-4.552933815
-4.413327705
-4.595861394
-4.916014668
-4.933978740000001
-5.013231768
-4.734726849
-4.199354928000001
-3.9399245730000003
-3.676383828
-3.4710458130000004
-3.1996708020000004
-2.671859448
-1.948370967
-0.7564421349
0.6103635831
1.573951716
2.117041164
2.205000567
2.049460074
2.257395777
2.716754913
2.930819904
3.012979635
3.1705851330000003
3.2216746320000005
3.2663081700000003
3.199279383
2.463599034
1.524203244
0.982876653
0.629590104
0.2784508659
-0.06448031577
-0.33056305739999997
-0.7673947056000001
-1.4248985760000001
-1.855176948
-1.96100919
-1.446289281
-0.06612210756
1.304341524
2.072976606
2.271922425
2.292456717
2.3351763240000003
1.6246360620000002
0.8522932905
0.7430577633000001
0.4687166007
0.3549320784
0.6571878903
0.9298015119
1.086148485
1.107652986
1.039529403
0.6514208856000001
-0.02933385219
-0.559599678
-0.6301202364
-0.386914248
-0.1129675455
0.1273381164
-0.09653364711000001
-0.592146315
-0.5928236955
-0.2227622427
0.1821696399
0.23650732800000002
-0.3288197223
-0.9609894639000001
-1.408040091
-1.905762213
-2.330500878
-2.611664307
-2.644206039
-2.169450108
-1.3879237050000002
-0.7485370407
-0.37979513100000006
-0.07733481984
0.3465169623
0.9479325501
1.514201949
1.7969438070000001
1.967969385
1.9893885390000001
1.6090548390000001
1.196218647
1.1583373319999999
1.1643587100000001
1.023596982
1.203309315
1.9665734220000002
2.6530929180000005
2.666420784
2.6145013590000006
2.67196932
2.385246564
1.967200281
1.6444395090000001
1.323294444
0.8308651113
0.34342269210000004
-0.11919218670000001
-0.45651904290000006
-0.16260997140000003
0.05816881683
-0.4594462488
-1.2522180510000003
-2.1649129830000002
-3.0909132180000003
-3.6142590599999997
-3.67752375
-3.4004255850000003
-2.6575800120000004
-1.735993296
-1.121635179
-0.7820289693
-0.6782307327
-0.7310720034
-0.7060224627
-0.46746337320000003
0.023774279940000004
0.5343179346
0.8098611164999999
0.8792749107000001
0.8816823828000001
0.8585686494
0.8392500126
0.9298382013000001
1.21436028
1.6422636510000002
1.9739593710000003
2.136420819
1.937836008
1.3291333560000003
1.0117062810000002
1.0748836620000002
1.13338854
1.1451566160000002
0.9137434248
0.5080757922
0.1160154144
-0.214535871
-0.3625352208
-0.2929018788
-0.025945321230000002
0.27387940590000004
0.5256729702
0.6875949663
0.5953994091
0.3897425691
0.2717147313
0.1919724786
0.1360253619
0.2181816594
0.45493315830000003
0.6865424514
0.8550093852
1.0256502150000002
1.0852567560000002
0.9369451539
0.7765420401
0.6520483332
0.46545997499999997
0.2623770828
0.02304222831
-0.22905771210000003
-0.4638787011
-0.7124813667000001
-0.9911160720000001
-1.39084218
-1.866864582
-2.379362526
-2.897719983
-3.140506692
-3.113345745
-3.1564087020000002
-3.053762748
-2.282611401
-1.3564600920000003
-0.990710919
-0.7645204737
-0.4499389854
-0.23028886710000002
0.07370627742000001
0.40988799270000004
0.6558911064000001
0.8362077354
0.9319603986
0.9703676277000001
0.8122310163
0.4619974374
0.2486390607
0.28247610510000004
0.47310167070000003
0.5892054732
0.343246014
-0.20940632010000002
-0.9453438873000001
-1.8007942320000003
-2.581385742
-3.185644464
-3.634034058
-3.850127757
-3.657665367
-3.305549151
-3.1231655550000004
-2.6104841640000003
-1.4207391360000001
-0.02759489235
1.116084681
2.040966576
2.771486865
2.933549046
2.7679258350000002
2.864210985
3.24677646
3.7021409640000003
3.850848792
3.593679642
3.068895654
2.45335347
1.921437612
1.5192266310000002
1.270925721
0.9226519839
0.6955349841
0.7382081898
0.5617597419
0.256092012
-0.16594596
-0.7056045567
-1.119269007
-1.66314816
-2.217690783
-2.4943023720000004
-2.446002837
-1.9013771430000002
-1.16509446
-0.4658168628
0.30343919220000004
1.0548761670000002
1.8450039780000003
2.5297272630000003
2.931046515
3.166728822
3.2802844770000004
3.379668606
3.419641413
3.220072659
2.6844290010000003
1.8970519140000002
1.1310930000000001
0.4732498017
0.08147876004000001
-0.02020643199
-0.09643938282
0.0168266025
0.5039127225000001
0.9456521175000001
0.955393938
0.8072340966000001
0.7130893905000001
0.4491637992
-0.009791109864000001
-0.6394267872
-1.2177771030000002
-1.5101651340000002
-1.837195218
-2.2131978030000004
-2.3355903060000003
-2.208155463
-1.861787907
-1.338291972
-0.7975581012
-0.2920234914
0.23359562190000002
0.7487282376
1.11532833
1.2557751570000002
1.4066225460000001
1.6894664280000002
1.893617433
1.9440839970000001
1.801659474
1.441835541
1.036096884
0.6884139051
0.35923945320000006
0.1780839711
0.13296738870000002
-0.00630073737
-0.16504589249999999
-0.3130273881
-0.442198503
-0.5335938585000001
-0.7933944429
-1.035944829
-1.014302988
-0.8485370415
-0.5909065272
-0.2680942527
0.03429579924
0.3624279975
0.7446218697
0.9029978451000001
0.8147335473000001
0.7350385788000001
0.5739935967
0.32114790990000003
0.1146624192
-0.015812994060000002
-0.06945221997
-0.159195699
-0.41122205460000005
-0.8707562991000001
-1.3544117640000002
-1.703667384
-1.9870822080000001
-2.168037468
-2.282641812
-2.23219683
-1.948230684
-1.694498958
-1.454802399
-1.254701943
-0.9910954710000001
-0.5566328397
-0.3682662228
-0.3295729341
-0.2111192442
-0.1624550715
-0.1267293078
-0.04175755992
0.1449028233
0.2919296097
-0.012793064040000001
-0.6338326347000001
-1.070431884
-1.3329102060000002
-1.5162855929999999
-1.4493745260000002
-1.0631410920000002
-0.4796671113
0.043988020380000006
0.3907827234
0.609390333
0.6940514178
0.604826721
0.3822337008
0.1496791161
-0.001701434628
-0.03938349087
-0.05809471209
-0.1713984561
-0.37073971620000007
-0.5877650709
-0.7205502879
-0.7875034398
-0.7773108498000001
-0.6009005628
-0.45298920870000003
-0.4545055404
-0.4468295097
-0.4058530416000001
-0.43970794020000004
-0.6292162449
-0.8876185119000001
-1.091082915
-1.2516461280000002
-1.385569305
-1.414381275
-1.170839196
-0.7364124692999999
-0.3098987829
0.05560171641
0.26552422890000005
0.31501430550000004
0.2393392788
0.049749884640000006
-0.1397136276
-0.19142439390000002
-0.11281912020000001
0.03832003782
0.275836599
0.525260754
0.7175227257000001
0.7692689061000001
0.6836658651
0.581652558
0.48725563680000006
0.44173861020000005
0.3843118512
0.3313802304
0.3573865404
0.4009123332
0.5036381406
0.49346281620000004
0.19102247819999998
-0.2429686845
-0.7481030463
-1.303585173
-1.8249189840000002
-2.194819749
-2.322706833
-2.393638038
-2.2184039700000002
-1.584907524
-1.1040664500000001
-0.8525648313
-0.37847019240000007
0.20804763510000002
0.7969452705000001
1.4370443370000001
1.9869321150000003
2.327489208
2.6096159790000004
2.850960618
2.969301591
3.00143817
2.8432852740000003
2.5864633980000002
2.323070784
1.92969567
1.457617869
0.9066140073000001
0.30303354870000004
-0.2506595283
-0.8444195883
-1.3460634540000003
-1.5552195210000002
-1.762290963
-2.1227240970000003
-2.407438746
-2.5709184720000002
-2.5222736250000004
-2.17547541
-1.7424178650000002
-1.277504307
-0.77199795
-0.3257004366
0.05856053013
0.33974708130000003
0.4650130314
0.5255443611
0.6160808511
0.6031203696
0.40824030510000003
0.1800178164
-0.04562558406
-0.34985501100000005
-0.6473843649
-0.7083675432000001
-0.6641188515
-0.6271472177999999
-0.43059807990000004
-0.24297908310000002
-0.1208593962
0.004398347835
0.11742687720000002
0.2497641696
0.2306407518
0.1317073923
0.09583124130000001
0.023742966420000004
-0.04908470778
-0.05669604153
-0.029478049380000003
-0.06434218116000001
-0.1785031524
-0.24954511230000004
-0.1870346151
-0.005690301291
0.21911449230000002
0.4572595998
0.6910017831
0.7971158664
0.7220214936
0.5872935042
0.41052564269999997
0.1429422948
-0.10006200000000001
-0.1948279734
-0.23772612240000002
-0.3100923342
-0.2788846641
-0.1188847413
0.04325393808
0.10577004660000001
0.08259465735
-0.009512866872
-0.2127209229
-0.3582500166
-0.4075636113000001
-0.49161471030000004
-0.5502364254000001
-0.5601769965
-0.4959027594
-0.35890110630000005
-0.1976355954
-0.06174218781
-0.034732265760000006
0.03716246763
0.1998609939
0.2618260551
0.2707310826
0.3975676137
0.5826375801
0.6584054093999999
0.6629058449999999
0.6440937966
0.6022557162000001
0.5033459007000001
0.2340810207
-0.1019842695
-0.41742746820000004
-0.7302977001000001
-0.9459151236000001
-1.026580203
-1.012057479
-0.9276152553000001
-0.7566158700000001
-0.5457749355
-0.373573629
-0.2102090724
-0.028779028020000003
0.203169024
0.49735042110000005
0.7809909732
1.037264274
1.2438824940000002
1.3717578060000002
1.421012835
1.2928599
1.059575157
0.9155594520000001
0.8475799779000001
0.8345243394
0.8486235657000001
0.8663416029
0.8677603251
0.7629458706
0.6472806731999999
0.5846536332000001
0.4991691951
0.44392790790000003
0.4824032184
0.5861449494000001
0.6909471414
0.7441459866
0.6875702451
0.4957459956
0.2353871241
-0.019399794930000002
-0.21124343880000002
-0.286722756
-0.27663297480000004
-0.2646962649
-0.2276235882
-0.1375581744
-0.009057874167000001
0.1150175412
0.08990758071
-0.03157019865
-0.11939672520000001
-0.1883134467
-0.159904962
-0.02142382356
0.12192309450000001
0.2071589472
0.2521445661
0.3113136792
0.35435819339999997
0.33237025560000005
0.23256439470000004
0.1031689251
-0.05284626399
-0.2417349789
-0.3596991498
-0.3968472654
-0.3511622916
-0.21497015970000002
-0.07360253667000001
0.03288922182
0.09027762372
0.127651644
0.1323845766
0.051443747910000004
-0.06220447425
-0.1367221662
-0.14826735900000002
-0.10451554380000001
-0.01436675481
0.05779321155
0.05346354843
-0.015605885340000002
-0.1311183018
-0.2573458281
-0.3980203452
-0.5442360408
-0.7080722622000001
-0.9055560968999999
-1.049475762
-1.1366896050000002
-1.152745632
-1.034104473
-0.8587917288000001
-0.6893123049
-0.535783941
-0.4354484382
-0.3640897134
-0.2469676329
-0.062192604150000004
0.1532068902
0.34487241390000006
0.45830142180000005
0.5066334279
0.5538468978000001
0.6136639614
0.6509320533
0.6361750665
0.587233467
0.5258763315
0.45439969050000006
0.39395625840000004
0.33547227570000004
0.2566861056
0.19534653000000002
0.17950926600000003
0.1501934544
0.054103650930000004
-0.01291287357
0.03445623198
0.056507189220000004
-0.01824321555
-0.07531240005
-0.09611517213000001
-0.08924053995000002
-0.046895066730000004
0.030050011620000004
0.1900130292
0.3910758462
0.5635135737
0.6824318652000001
0.7100945937
0.6315155127
0.4994203311
0.460224378
0.5236065918
0.5653922868000001
0.5618434212000001
0.5629102587
0.6058140975
0.6056298657
0.5426089542
0.4375005921
0.2996290863
0.2783139183
0.3015779409
0.2945267091
0.2669533497
0.1018663533
-0.0656734374
-0.19500386670000003
-0.4159073106
-0.6499908819000001
-0.7602850062000001
-0.7112488383000001
-0.6732779580000001
-0.6651769581
-0.5574879774
-0.4180916052
-0.28119884310000004
-0.1700492868
-0.11550970890000001
-0.051954044490000004
0.061492621410000003
0.20148248880000003
0.3111578964
0.43151737500000004
0.5425872741000001
0.4967226792
0.33723944910000003
0.18740562930000002
0.041896960020000006
-0.1254913839
-0.29779461630000004
-0.44089504830000004
-0.5123523636
-0.49354531830000004
-0.3782419137
-0.1887503841
-0.03454615044
0.03539221389
0.04818839751
0.026230537170000002
0.010531241010000001
-0.004919313771000001
-0.03815955603
-0.11809846980000001
-0.2712101049
-0.41658939990000005
-0.49598467290000003
-0.572775489
-0.6885307422000001
-0.7904720439
-0.833912784
-0.8429823251999999
-0.8263676187000001
-0.7296322878000001
-0.5779111221000001
-0.4938633585
-0.502702659
-0.561257568
-0.6344326143000001
-0.6839750763
-0.6982060509000001
-0.6179165964000001
-0.4365343071000001
-0.2569708899
-0.09711547821000001
0.04773503817
0.1607335146
0.2653880661
0.343798317
0.4020831567
0.49432727340000004
0.61093737
0.7280359065
0.8199303948000001
0.8444861001
0.82190142
0.7814341890000001
0.7007092686
0.5546938932000001
0.36569207880000004
0.1663414011
-0.033241685310000005
-0.2121224148
-0.3417802038
-0.3491748837
-0.2212014717
-0.062027168310000005
0.07078833216000001
0.18579678930000001
0.30432640860000004
0.4189496859
0.5230245645
0.5866952904
0.5877977382
0.6258569085000001
0.7313706198
0.8246302677
0.8637318486
0.8832277521
0.9020601072000001
0.8466574455
0.7006029282
0.5075976528
0.33607686600000003
0.2721802158
0.3607638291
0.5641828119
0.7816489299
0.9419017545
0.9532469214
0.7994945952000001
0.5390412534
0.231042177
-0.026796907709999998
-0.2030028426
-0.2590344234
-0.20748954420000001
-0.1465832763
-0.1161282294
-0.1312150284
-0.15071475780000002
-0.09792600003
0.04422702141
0.2128657185
0.3471962067
0.4351261797
0.45763061400000005
0.41832959580000006
0.3501794277
0.2507694984
0.11605798980000001
-0.00971334207
-0.10457499240000001
-0.161263647
-0.1829216745
-0.21200449860000004
-0.2505981177
-0.2669568813
-0.2542626432
-0.24991485120000004
-0.3017377458
-0.41662451970000003
-0.5593366719
-0.6821608149
-0.7746003468
-0.8299212912
-0.7797106701000001
-0.6229870911
-0.4564858851
-0.301725189
-0.16321171680000002
-0.05499311382
0.032270652270000005
0.1063941588
0.18739581930000002
0.20938699440000003
0.17408541510000003
0.17263225980000002
0.1901626317
0.23331113190000002
0.2948948784
0.3240886536
0.324110628
0.3054590712
0.29213228430000004
0.2794371633
0.23036116680000002
0.1307510154
-0.02101122477
-0.2053457649
-0.36369584190000004
-0.45848771369999997
-0.5287711644
-0.5775434433
-0.5872963491000001
-0.6084228708
-0.632095578
-0.5884432362
-0.5013972423
-0.4346056611
-0.3748314672
-0.29439888480000004
-0.1636296228
0.005314087791000001
0.1343089062
0.2215276542
0.279142569
0.3081568212
0.32606026740000005
0.2746145673
0.1476646326
0.04247282664
-0.003644293356
-0.05809058208000001
-0.1581806583
-0.2343822858
-0.2532629061
-0.26069182290000004
-0.2683928691
-0.25459981290000006
-0.2378174535
-0.23964858810000003
-0.2385224001
-0.24732805230000002
-0.2945386773
-0.3543527979
-0.4280866218
-0.5410491642
-0.6294148974
-0.6349054563000001
-0.6235843239
-0.6596158652999999
-0.7041175569
-0.6818633757
-0.5734913247
-0.4047860079
-0.21092755680000003
-0.03033661077
0.15209669250000002
0.31557573180000004
0.38949947730000006
0.39690612540000003
0.37690549740000007
0.3505001166
0.3433605948
0.3308658921
0.2821835709
0.23072757030000002
0.23174398440000002
0.2359368765
0.18898837470000002
0.1094074965
0.007487942589
-0.034442193870000005
0.03869753643
0.15106203180000002
0.21923476290000002
0.2010003273
0.1539142893
0.1152565128
0.01055952324
-0.1131704163
-0.1761999606
-0.20564183070000003
-0.20663470080000002
-0.240885531
-0.35045665830000006
-0.4767701202
-0.5732397963
-0.5965827894
-0.5804750637
-0.5673640968000001
-0.5196917151
-0.4161324501
-0.26216136090000003
-0.09070553592000001
0.06139185309
0.1810478664
0.2411255817
0.22653389340000002
0.1415001267
-0.02841899121
-0.1984894578
-0.26840356200000004
-0.2723740614
-0.2547448047
-0.23816659140000002
-0.1682188389
-0.03051844893
0.07315522029
0.1586797911
0.2496440952
0.28896806880000003
0.2764663029
0.22178349900000002
0.1250901549
0.018057443580000002
-0.08472290742000001
-0.1336446711
-0.077867856
0.01902140361
0.1280677842
0.2422523583
0.31018729500000003
0.31243623750000005
0.2687693769
0.2507185845
0.27106246440000004
0.3246699942
0.3965397219
0.4312512297
0.4667513634
0.4714386795
0.38222644140000006
0.24674828130000004
0.08769637728000002
-0.07961763627
-0.20720485800000002
-0.2361605445
-0.1825953939
-0.11382042690000001
-0.021560761350000002
0.08257152537000001
0.14015645100000002
0.16265048669999999
0.2028826701
0.2368302732
0.2058966945
0.1073290518
-0.01355512446
-0.05398830495
-0.0045218321910000005
0.028959355440000004
0.03166796511
0.030937335930000004
0.03946407021
0.03059829252
-0.03870177435
-0.1042726482
-0.109546308
-0.06467977269
0.001102910832
0.0561027033
0.09116906823000001
0.06622111989
-0.0006832779777
-0.02768528169
-0.05435817138000001
-0.1276246665
-0.1605939183
-0.1167386076
-0.061298795430000004
-0.01168559352
0.06262542135
0.14476077450000002
0.17995836780000002
0.1656982575
0.1424607219
0.1303311474
0.1018835208
0.02933475471
-0.04247964459
-0.07591374324
-0.09572649993
-0.12741718500000002
-0.1481002947
-0.1202456826
-0.06733742922000001
-0.005046481782000001
0.0697923621
0.1097007174
0.08977980546
0.050151447179999996
0.0506609001
0.1033566885
0.1758948696
0.22283356140000002
0.2200424202
0.22517707230000003
0.2434687983
0.2124250533
0.1466888319
0.07130991024000001
-0.02133535698
-0.1422554967
-0.26116672500000004
-0.3126350862
-0.297100755
-0.2408707179
-0.14423436990000002
-0.01583483112
0.0995471712
0.1303320303
0.07594657731
-0.014133198330000001
-0.10610496
-0.1253856321
-0.05041977030000001
0.0609637545
0.1810736667
0.2671313031
0.2899804608
0.23552416980000002
0.10793403450000001
0.00582691437
0.009320003253000001
0.1056732219
0.2110934439
0.2631603132
0.25406104770000004
0.1529948961
0.005763191553000001
-0.09538458219000001
-0.15047186220000003
-0.1460412738
-0.04220672058
0.1030612113
0.1608077763
0.06440326803
-0.07794999513
-0.16328225070000002
-0.2665051308
-0.3844220175
-0.4299738696
-0.4115149812000001
-0.318185388
-0.1569817782
-0.0006251963031
0.09578242674
0.07870864167000001
-0.030726989910000002
-0.11386349280000001
-0.1165449582
-0.052773032340000005
0.054860521860000004
0.1690869258
0.2887743213
0.385818471
0.43201778310000005
0.4688190171
0.480094533
0.4288212927
0.3636247194
0.3390992289
0.2899461258
0.137652939
-0.07018027893
-0.2625474825
-0.358337718
-0.3085866954
-0.1938047904
-0.15631764120000002
-0.2728240461
-0.4638339675
-0.6598144197
-0.8625155067000001
-1.002344598
-1.026745011
-0.9177200064000001
-0.6799785804
-0.39405170970000003
-0.1105711587
0.13517375580000002
0.268796943
0.2583470367
0.1421835894
-0.008916633711
-0.1212008823
-0.1552724838
-0.1372481784
-0.08513182746
-0.02403450981
-0.01360918737
-0.04652119782
-0.1316901267
-0.27577558080000003
-0.39354629850000006
-0.4214705616
-0.3102772527
-0.08580754026000001
0.1161777699
0.2125612161
0.21577742460000002
0.1477605744
-0.013620145140000001
-0.2086614468
-0.3495678723
-0.43641197640000007
-0.4654353519
-0.4547157687
-0.3830169312
-0.2058480369
0.02750466978
0.2710427463
0.4964634009000001
0.6572541078
0.6855831314999999
0.5629904064
0.4052254959
0.2966461596
0.21996639269999999
0.1949576616
0.24251595300000003
0.29267144190000005
0.2840134302
0.21012853230000003
0.061076471400000006
-0.10499368320000001
-0.19741290840000003
-0.2193694542
-0.176865471
-0.05344362432000001
0.09168991056
0.1977072084
0.20362146120000002
0.04281188967
-0.16554012030000004
-0.2766581865
-0.28084715460000004
-0.1375826013
0.11215282500000001
0.32877891270000004
0.4482987534
0.4764237291
0.444281166
0.4025686536
0.41977039050000003
0.4676330862
0.48777311430000003
0.4693639626
0.38523997530000004
0.2876474466
0.1983279852
0.06497355276
-0.06576263973
-0.12173111280000001
-0.1331873289
-0.13973854500000002
-0.12691020420000002
-0.1250684748
-0.1170010251
-0.08824595310000001
-0.10403799300000001
-0.12417517620000001
-0.1099528344
-0.09846071370000001
-0.09803633310000001
-0.11110629420000001
-0.173615418
-0.2787195618
-0.33822594270000006
-0.3237527592
-0.2510076852
-0.1491069969
-0.07498121445
-0.01905182442
0.04409553798
0.08924723037000001
0.10467005130000001
0.11947844250000002
0.15114855600000002
0.1801927287
0.1722042495
0.14055748380000002
0.1284153525
0.1306587033
0.1481749488
0.18159340050000003
0.18941589450000001
0.149060988
0.0932346324
0.06466147704
0.06594076971000001
0.08086178952
0.10339200450000001
0.13967183700000002
0.1591627374
0.1291865166
0.0738301581
0.02934114102
0.00119669247
-0.022760102520000002
-0.008590050963000001
0.03880719261
0.09003387465
0.1677146049
0.23688932940000001
0.2584594593
0.24633400500000002
0.235458639
0.2356091244
0.21941703270000001
0.2079199089
0.20818742760000003
0.19984667130000003
0.188620794
0.15501762
0.08458536141
0.0065872511729999994
-0.06316360776
-0.1100154222
-0.10126048770000001
-0.07148609784000001
-0.05597803782000001
-0.03662206416
-0.01754668593
-0.0029152857690000005
0.007644041271000001
0.03224420451
0.08210711997
0.14763765510000001
0.22792024260000002
0.2480934285
0.1528808058
0.01352360493
-0.09296604441000002
-0.14261748570000002
-0.1358997939
-0.07384918950000001
0.014268988350000001
0.0699118479
0.06479443197
0.010345547520000001
-0.06063837642
-0.1305320562
-0.17657646840000002
-0.1643011173
-0.1317295629
-0.11440745730000002
-0.0909698958
-0.07439410557000001
-0.08471804166
-0.1305386289
-0.2042259534
-0.2729218518
-0.32594078160000006
-0.3516889905
-0.3195501552
-0.22770893520000002
-0.1514266695
-0.141543585
-0.1478197287
-0.1314803889
-0.08320323051000002
0.007078816539000001
0.1148099616
0.18585819990000002
0.2142110619
0.23253300270000002
0.22305389400000003
0.1738656711
0.11491806780000001
0.05398198731000001
-0.017807602500000002
-0.09186296877
-0.1576416969
-0.22557035520000002
-0.2796844734
-0.2540137635
-0.16293242610000003
-0.09502396659000001
-0.06853378815000001
-0.09506838627
-0.13744084680000002
-0.1397226528
-0.1584052092
-0.157682016
-0.0992277576
-0.04335171435000001
0.005715127458
0.02145663801
-0.006699906270000001
-0.06807341466
-0.1346934582
-0.14168367180000002
-0.1246474296
-0.1283148981
-0.1464271992
-0.1949233266
-0.28952105850000004
-0.3973722966
-0.42310677150000003
-0.3540844944
-0.2600278821
-0.1315877103
0.021427973189999998
0.13607568720000002
0.19793480040000003
0.20633971410000002
0.1717975269
0.09680516829000001
-0.0044483935500000005
-0.07979081219999999
-0.1271375019
-0.1562853663
-0.13894148250000002
-0.09392655132000001
-0.1112441247
-0.21263969610000003
-0.27873309960000003
-0.22775180490000002
-0.11322947250000001
0.0216675432
0.1508457213
0.2047296969
0.1987198947
0.1933177239
0.1721983635
0.1137575448
0.02659296762
-0.043932878370000004
-0.07562596689000001
-0.08988111333000001
-0.05537290797
0.011313343259999999
0.04117448295
0.034768160549999996
0.0069940247850000005
-0.03073019778
-0.053109044460000004
-0.03130089453
0.038648741490000006
0.09658671921
0.08129422413000001
0.015708556800000002
-0.07328039589
-0.1835842419
-0.2606782851
-0.2927777823
-0.2738407545
-0.1899370998
-0.129020139
-0.1160191422
-0.08873384363999999
-0.029914123500000004
0.05035022721
0.1188634536
0.1654558524
0.2271316167
0.2832408927
0.29545041870000005
0.2787765579
0.23847590070000002
0.1905973128
0.15011409150000002
0.1364240403
0.1905709239
0.2915357382
0.39618695430000006
0.48525047280000005
0.5548180878000001
0.601056738
0.6075318285000001
0.573768261
0.49370983200000007
0.3881331405
0.2959629912
0.22314434219999998
0.1715799411
0.11563635600000001
0.046406322720000004
-0.01613932371
-0.07451718183
-0.1290396609
-0.18234935910000002
-0.20493286200000002
-0.2110605804
-0.23409720720000002
-0.203475096
-0.1095391467
0.03426205284
0.2054381751
0.3008402289
0.3199234257
0.2714178807
0.1375858386
-0.012831882210000001
-0.12052722960000001
-0.1828694853
-0.2043614295
-0.1300805019
0.04725222921
0.24225539940000002
0.3922471602
0.44656228530000003
0.4052835711
0.32927735880000003
0.2397159828
0.14071297230000002
0.06332909265
-0.003056404581
-0.09709554429
-0.21598412130000003
-0.3099206592
-0.3215792556
-0.2920973607
-0.29907727380000004
-0.3105397683
-0.269002953
-0.183654972
-0.07778478492
0.04395801159
0.17214911730000002
0.26918581140000003
0.296587692
0.2485619541
0.12676962690000002
-0.02126530377
-0.10564114320000001
-0.1018438884
-0.04077837477
0.02596111533
0.040864261320000005
0.008553129066
-0.01698701562
0.0001084694643
0.05379393942
0.1235440989
0.1988513487
0.2361062952
0.1966842216
0.1099959984
0.00030275935920000003
-0.1329233418
-0.2452553955
-0.2870849412
-0.3080544048
-0.3592269945
-0.3843329427
-0.3565211022
-0.33225116220000006
-0.34760969820000004
-0.37646502840000007
-0.3813121494
-0.35456243760000006
-0.2946681693
-0.2060311896
-0.11149241580000001
-0.04105783224
-0.008410296447
-0.0070491295170000004
-0.030486625290000003
-0.05084920305000001
-0.03353902641
0.01703720358
0.09239709384000001
0.17486992080000002
0.20495944710000003
0.1282404402
-0.04406508774
-0.2355886215
-0.36885894300000005
-0.4147924041
-0.41068230840000003
-0.39599997570000006
-0.3600727146
-0.2754394902
-0.132589017
0.015226385490000001
0.11578487940000001
0.1775939616
0.2080232082
0.18252564480000003
0.1286273466
0.12873731670000002
0.15856638750000002
0.17493299910000001
0.1937598606
0.1969097535
0.17451509310000002
0.1052466831
-0.003031202691
-0.107616681
-0.2030148108
-0.26201676150000003
-0.27316082340000003
-0.2564805861
-0.2241081747
-0.16244477100000002
-0.053035930530000004
0.07939077021
0.2244935115
0.36424039500000005
0.47138639220000006
0.5188286313
0.46556582490000004
0.35352022320000004
0.21590397360000002
0.04122678987
-0.12391069860000001
-0.24322227300000002
-0.3051983214
-0.28257911010000003
-0.1697705847
-0.01981278612
0.1325333943
0.269513073
0.3298984299
0.3299531697
0.31523885640000004
0.2968474608
0.2986553457
0.2829162798
0.2081866428
0.08062373025000001
-0.06403318578
-0.1857755997
-0.2724622533
-0.2738732256
-0.1788161895
-0.0686825568
0.025839441900000003
0.12638605590000002
0.1982945331
0.2301073821
0.2520735417
0.22338017460000004
0.12731162940000001
0.002347637967
-0.1365171372
-0.2727108387
-0.3624956865
-0.3757103451
-0.34837919460000005
-0.3093022368
-0.2408743476
-0.15404711670000001
-0.0932245281
-0.07361018847
-0.08373399075
-0.1212605271
-0.1840304988
-0.2561917797
-0.31359214980000005
-0.3414346956
-0.29438505270000004
-0.17070361380000001
-0.062496517950000004
0.018760075020000003
0.09270184149
0.13115263680000003
0.15839333910000003
0.18878844690000002
0.1993350798
0.1923891093
0.177457014
0.1518287814
0.11461974570000001
0.08456389713000001
0.06773366493
0.046847929680000004
0.02823638787
0.03119017887
0.04111392582
0.03699637452
0.044613476549999996
0.06777901656
0.07872651549000001
0.09800832555
0.11431681290000001
0.08236631979
-0.0020843571870000003
-0.1263337686
-0.2390220234
-0.3027950676
-0.3201754446
-0.2628794529
-0.13510812690000001
-0.0063475889490000005
0.08524217034
0.1557715185
0.19970835030000003
0.179749611
0.1203999939
0.09245062701000001
0.08914364658000001
0.06627161196
0.028250239590000004
-0.015570706680000001
-0.06739462152
-0.101186226
-0.0946021464
-0.07068205062
-0.0320908644
-0.009165696858
-0.05527470006
-0.09352592073000002
-0.07068168765
-0.03828510441
0.022212214020000003
0.1365292035
0.2368038843
0.27010559700000003
0.24525176580000002
0.16818744689999998
0.07890741189000001
0.0133181541
-0.054489615570000004
-0.12105167220000002
-0.1865647161
-0.243946251
-0.2431220148
-0.2057319846
-0.1747242423
-0.15297763050000002
-0.1262289978
-0.058079840130000004
0.02596445073
0.0876043791
0.1376549991
0.1484652267
0.1066359753
0.03267429453
-0.04496331096
-0.08267238198
-0.10349932590000001
-0.1335308751
-0.1385946009
-0.09249838209000001
-0.018810900630000002
0.029770799400000002
0.07160559345
0.1282543704
0.18474878700000003
0.2600476002
0.3235010346
0.3334391532
0.29287254690000003
0.20745874079999999
0.1084983057
0.03011742594
-0.0073760261850000005
-0.009275310855000002
0.0210255768
0.07568735787
0.09514902447
0.053861422410000005
-0.03681345726
-0.1272628737
-0.1656775584
-0.1505696679
-0.07854893487
-0.006634810053
0.04056511518000001
0.07562066949000001
0.07103376855
0.06057689715
0.06551737992000001
0.09414159633
0.1499702769
0.18170062380000002
0.1576575891
0.0755698635
-0.04116840075
-0.15184496790000002
-0.22293931320000002
-0.2426174865
-0.2267249922
-0.19518388020000002
-0.15625201230000002
-0.1027062855
-0.01608323994
0.06526481166
0.0908109738
0.1113684174
0.1399319001
0.1468061595
0.1507599819
0.12818834910000002
0.06520420548000001
-0.003257291799
-0.05197340943
-0.06656419521000001
-0.03712709277
0.037483548930000006
0.1442381958
0.2567053332
0.35759441430000005
0.4420281033
0.49743125550000006
0.5165520246
0.48914288460000005
0.4273022142
0.34054110270000004
0.2404873431
0.154397628
0.041773040100000006
-0.1008951633
-0.2306694951
-0.3208335975
-0.35044321860000005
-0.3262822677
-0.2499212277
-0.16626861090000003
-0.09049776993000001
-0.014737219650000001
0.01380171843
0.017777142450000002
0.03332714022
0.06297733548
0.1251690273
0.1930590342
0.2121901038
0.1994486796
0.1612092996
0.04586647842
-0.09366925464
-0.1914724629
-0.2531415564
-0.2519079489
-0.1822439016
-0.09187256295
-0.04416641523
-0.053327522970000006
-0.08102488077
-0.10000186470000001
-0.10209168900000001
-0.1031475393
-0.09233753733000001
-0.06797896398
-0.0715582602
-0.10572815790000001
-0.14669805330000002
-0.1587999636
-0.13484639610000002
-0.1016349354
-0.06416585622
-0.044168112360000004
-0.07029179901
-0.1478173743
-0.2325388887
-0.2839471146
-0.3257083827
-0.3501420516
-0.34478343720000004
-0.32799744810000003
-0.3029570307
-0.26374479300000003
-0.19016547660000002
-0.08446217724
0.01989321831
0.09061587252000002
0.1269273717
0.1495602189
0.15949196100000002
0.16830379350000002
0.1824049818
0.1654981335
0.09405736767
0.005380935093
-0.06380447544
-0.1108897875
-0.1274608395
-0.1327896315
-0.1423594827
-0.1326422853
-0.1106857395
-0.09713729565
-0.09701405262000001
-0.09513830214000002
-0.07934947011000001
-0.08162722458
-0.10617461100000002
-0.12976128450000002
-0.1562716323
-0.1653638346
-0.145949256
-0.129720573
-0.1308949281
-0.141847695
-0.1299286431
-0.08050469571
-0.03339788994
0.01202829606
0.07963457814000001
0.1587486573
0.2411634483
0.3075871545
0.32496645240000005
0.2834057988
0.22867276770000003
0.18519318
0.117968193
0.05360416497000001
0.008939060352
-0.04942502649
-0.1163629827
-0.18312964650000002
-0.22247520210000002
-0.20192962860000002
-0.11269953630000001
0.0019660093470000002
0.07496271279
0.11636759340000001
0.14359171680000002
0.1627269066
0.1810325628
0.1968299001
0.21413944890000003
0.20294339400000003
0.1536630552
0.08256786624000001
0.0029314202760000003
-0.06016299363
-0.11873798370000001
-0.1841158458
-0.21772853550000001
-0.21319170480000002
-0.2103141375
-0.20674869300000004
-0.17210713049999998
-0.1094941188
-0.03098528721
0.0431703765
0.08004153618
0.102252573
0.1339742871
0.1340929881
0.1129634253
0.11224386180000001
0.1088463645
0.09059200479
0.08680322583
0.09077312682000001
0.05761488537
-0.002841399792
-0.06061923711
-0.11715474780000001
-0.1634462739
-0.2014510968
-0.21512810070000002
-0.1812186585
-0.1142226369
-0.014826343500000002
0.1026278055
0.20017599300000002
0.2511661167
0.235199655
0.1805438286
0.139903353
0.09731357154
0.017888397660000003
-0.059895043290000005
-0.09732864951
-0.10707438420000001
-0.09055043001000002
-0.0571741515
-0.03430312731
-0.005152208076000001
0.04949618823
0.09870998580000001
0.1274236596
0.1344533094
0.09795474333000001
0.02904114141
-0.043397330850000006
-0.09691375518
-0.09960691410000001
-0.05734657206
-0.0059787869040000005
0.038232463950000004
0.0658988712
0.07276633227
0.057945776670000004
0.028361023920000002
0.0043654166460000005
-0.007767701226000001
-0.01080590139
-0.01637591148
-0.03536099847
-0.06373815984
-0.08607587319
-0.09396555588
-0.087274665
-0.03204276597
0.04693026501
0.1013424012
0.1515834333
0.16761189420000003
0.1303208469
0.06506426583000001
-0.012364347420000001
-0.07772272686
-0.1319967873
-0.16975724309999998
-0.1944816804
-0.2126932587
-0.200178936
-0.15244386840000002
-0.1045332018
-0.07932763305
-0.04482537255
0.008662001427
0.05574063582
0.08456506452
0.08788936941
0.0685272645
0.03353367996
-0.01551764439
-0.08150288283000001
-0.1433676564
-0.1706161086
-0.1618174215
-0.13436197830000002
-0.1063013562
-0.060326928540000005
0.008417125188
0.05755318047000001
0.0920640051
0.1259323434
0.1164885507
0.07221191031
0.03533221593
-0.01725013944
-0.09117984942
-0.13837073670000002
-0.13514295240000002
-0.104652099
-0.08952317586000001
-0.1043503434
-0.1285711353
-0.13737129390000002
-0.1329460029
-0.1181542887
-0.07556367339
-0.03058057566
-0.012827948400000002
-0.016401456720000002
-0.01840085244
-0.007978324869
-0.013022716140000001
-0.014059515420000002
-0.0009657732123000001
0.011805628680000001
0.056624919030000005
0.1236958596
0.20240315730000003
0.2706610392
0.2856238398
0.2522443338
0.1738502694
0.08466222276
-0.001099964889
-0.07776748008
-0.1026001413
-0.1074658032
-0.1201976136
-0.11224719720000001
-0.06995769003
-0.018065997900000002
0.015262780590000002
0.04903928748
0.08175312612
0.10334089440000001
0.1339333794
0.16560290430000002
0.1814667534
0.18295640190000004
0.18416921220000002
0.1922015421
0.1916900487
0.16893879480000001
0.1280362941
0.08991637047
0.04560484572000001
-0.02561755932
-0.08640168291000001
-0.10077381360000001
-0.07290229887
-0.024738426360000003
0.0008493630435
0.002235046635
0.011281078170000002
0.01960550082
0.032152510440000004
0.06290026812
0.08871166323
0.08085687471000001
0.0276638076
-0.01881653157
-0.0036490884840000002
0.059430628080000006
0.1386501255
0.1850319036
0.1662738102
0.09453774375
-0.004902513165
-0.09308720772000001
-0.1487032173
-0.1644395364
-0.14021894070000002
-0.1106202087
-0.09113684238
-0.06540371145
-0.030787645140000004
0.0025522618140000003
0.022692168270000004
0.02593378467
0.004097416275
-0.042763545990000006
-0.0982349856
-0.15882703920000002
-0.2236159089
-0.2790272034
-0.290312235
-0.2615712894
-0.2284673463
-0.1844835246
-0.1231437528
-0.04947909921
0.01764888651
0.06467432814
0.09180330435
0.09429575067
0.09198010998000002
0.09855430109999999
0.1181872503
0.1312571133
0.1293371982
0.12664513800000002
0.08356984983
-9.701290485000001e-05
-0.08083247724
-0.14178226230000002
-0.17401370400000002
-0.1773093735
-0.1524539727
-0.1229462775
-0.11201224770000001
-0.1141146288
-0.09808707042
-0.0477282987
0.00842765328
0.0770738346
0.15773999310000003
0.2164266504
0.2545849998
0.27741797100000004
0.2907045369
0.2851173495
0.2529128853
0.1992284451
0.1103316966
0.01202653026
-0.06628624848
-0.1092712356
-0.08619436818
-0.02613965733
0.003036031173
0.003119058108
0.013552701390000001
0.012821297220000001
-0.02707994583
-0.10077312690000001
-0.1781241921
-0.2219753826
-0.2449917027
-0.22970742840000002
-0.1532938068
-0.06281915904
0.034541716320000006
0.1393573284
0.1821679722
0.13596699240000001
0.05509925802
-0.01855317231
-0.05594509584000001
-0.03410994879
0.01704895596
0.06350118948
0.10172999430000002
0.1266089391
0.1371044619
0.1489727961
0.17010029880000002
0.17091963000000002
0.1365979716
0.098709201
0.060399198810000006
0.005683843368
-0.047770481700000006
-0.06844199598
-0.04889367765
-0.016551432
0.003267169488
-0.00035302717260000005
-0.03171742713
-0.08493765813
-0.1332645336
-0.1579503195
-0.16182379800000002
-0.133475841
-0.1036646244
-0.0972271062
-0.07306426197
-0.027138943170000002
0.012246853050000001
0.035273895480000005
0.07498685520000001
0.1356250158
0.1677342249
0.18927404190000002
0.2137780485
0.2152956555
0.19552075559999998
0.1520411679
0.09311091849
0.03469680261
-0.013875656400000002
-0.03752524143
-0.04224974724
-0.04504916808
-0.042477250949999996
-0.0431029818
-0.06676716411
-0.1065543561
-0.131703174
-0.1132822503
-0.07882271235
-0.07271568324000001
-0.09169607124
-0.1138176801
-0.132502689
-0.1632890196
-0.19759262760000001
-0.2148542055
-0.2093617827
-0.1687961574
-0.0995895504
-0.036259565040000004
-0.001578547701
0.006538287501
-0.009100806651
-0.02134555938
-0.02443385529
-0.04097880288
-0.03456478944
-0.0005005788921
0.030524540940000004
0.05244989094
0.04333787244
0.010303315470000001
-0.025526228220000002
-0.049071905730000004
-0.05157187632
-0.04565961495
-0.02692411398
-0.009347903874
-0.018207487530000004
-0.04244064984
-0.06097076865
-0.05459417055
-0.02162394756
0.014272941780000001
0.056915363700000006
0.107120295
0.1182668094
0.09550361673
0.06623203842
0.03158851392
0.003963856068000001
-0.032663542770000005
-0.06429530898000001
-0.06629411610000001
-0.06507753876
-0.059218271010000004
-0.03695698737
-0.019288353330000004
-0.01993076118
-0.014899202370000001
0.005040449613
0.0332024355
0.08094937320000001
0.1178017173
0.12854249010000002
0.1092769254
0.04183266528
-0.016976970180000002
-0.0610756866
-0.12024430920000001
-0.1579945626
-0.16413895800000003
-0.1347587928
-0.07711162272000001
-0.0068266396980000005
0.05276363436
0.053203259700000005
0.02180770848
0.009360911934
0.01056099474
-0.0028490731740000003
-0.032079749670000005
-0.03727256526
-0.01748863035
0.004674067695
0.030245112900000003
0.06683599107
0.09639604224
0.08566404939000001
0.06296911470000001
0.053412860160000006
0.0312950772
-0.008462274732000001
-0.03951181548
-0.04937740875
-0.04843046907
-0.027741875580000002
-0.0006081429915
0.01731589587
0.02366186715
-0.00046446602580000007
-0.03369323961
-0.06475679100000001
-0.07833431169
-0.05445769383
-0.03255253281
-0.01274900733
0.02021185692
0.04092052167
0.050038445790000004
0.06108964623
0.07059182805
0.07497283671
0.07541727876000001
0.06941742390000001
0.06135913674000001
0.04553911872000001
0.026756215830000003
0.0456136551
0.07838205696000002
0.08925689322
0.10194159600000001
0.11133859500000001
0.1162020987
0.127648701
0.13717597680000002
0.128534544
0.08767355922
0.03893187771
0.0007698570156
-0.027408296340000003
-0.026326783080000003
0.003197285991
0.03670824501
0.07258388589
0.1102892193
0.13517709120000002
0.1380624084
0.1265903982
0.1219095567
0.1093531491
0.07785851687999999
0.04557158001000001
0.0028884259890000004
-0.03838315536
-0.05492451249
-0.049812913890000005
-0.0170862732
0.01652440545
0.02413545471
0.03235382145
0.031593409110000005
-0.008366970582
-0.07599141882
-0.1420774452
-0.1780628796
-0.19097715600000004
-0.1800210537
-0.1434806676
-0.12318730920000001
-0.1209767238
-0.11675106630000001
-0.1082250972
-0.08986871349
-0.056202049170000004
0.00085661901
0.07021730187
0.1317290724
0.1612407897
0.1379999187
0.08820483939
0.058366596240000006
0.05958284004000001
0.07610715720000001
0.08687116989
0.06909715683
0.029159342100000003
-0.0136899531
-0.04732906113000001
-0.03841118253
-0.0011059676280000001
0.004934739015
-0.01895183109
-0.05368492089
-0.10147365900000001
-0.136726875
-0.1478147256
-0.14268331080000002
-0.11458168290000001
-0.08418368115000001
-0.04847626215
-0.006807479787
0.00017189435160000003
-0.012541104
-0.021209347530000002
-0.01594526229
-0.0024624532260000003
-0.0025471576710000003
-0.01096293006
-0.01499534037
0.002979958194
0.02217482811
0.03610053513
0.06311522484
0.10624092660000001
0.1507064193
0.1306449693
0.06997649580000001
0.03173344686
0.0011967317100000001
-0.022016681099999998
-0.03411609966
-0.04012419492
-0.039982293270000004
-0.01835270496
0.02189193714
0.04035512232
0.02962174626
0.0144908415
0.01428873588
0.029174390640000002
0.04490926767
0.06536351007
0.09738546902999999
0.1065338532
0.09104782644000001
0.09118082061000002
0.098608158
0.08766318024000001
0.042530842980000004
-0.008953722378
-0.026709186690000004
-0.03390405651
-0.03547474542
-0.022153923000000002
-0.012652172820000002
-0.014425183170000001
-0.03844446786
-0.07269132501
-0.08923071033000002
-0.08868300822
-0.06304875228
-0.019994624279999998
-0.0042745632930000005
-0.023843175570000003
-0.047637821069999996
-0.07342365132
-0.09742851531
-0.08823407319000001
-0.056956104630000004
-0.03762388098
-0.039169318950000004
-0.05335339194
-0.054240559290000004
-0.04045611627
-0.02958104457
-0.00880215984
0.01833313401
0.03598476732
0.05721611868
0.07402735872
0.08810015688000002
0.11690518140000002
0.1296815292
0.1091876544
0.06285352347
-0.006315430788000001
-0.06541303095
-0.09064615599
-0.09130311207
-0.08332687575
-0.06479218548
-0.02362407903
0.01140719553
0.02613478176
0.038094309720000004
0.032649769530000004
0.01820194488
0.018963809100000003
0.01774439667
0.0035705859210000005
-0.01940742711
-0.049099010760000006
-0.07337208015
-0.08737253937
-0.1010640915
-0.1095009858
-0.1046694627
-0.09368720694
-0.07408025424
-0.05007036753000001
-0.02082295125
0.02783682657
0.07720792749000001
0.1044365733
0.09654190713000001
0.05887286091
0.03428285004
0.02599897212
0.003998930742
-0.02014386381
-0.03649260159
-0.02757873528
0.02473535583
0.08192059263
0.12816696330000002
0.1553869665
0.15739517160000002
0.16230242790000002
0.1442255409
0.09349731477
0.06310923093
0.06659028981000001
0.07255482867
0.05777728011
0.02471311656
-0.004409569494
-0.01205751024
-0.01262648043
-0.018039128310000003
-0.016249911840000002
0.0002816590302
0.012638997990000001
0.013501797300000002
0.023295188970000002
0.02034811782
-0.008249061249000001
-0.038957570100000005
-0.07395200811000001
-0.1039498992
-0.10578181860000001
-0.07727185926
-0.04525584516
-0.03618896247
-0.03832911207
-0.04908912228
-0.061582765500000004
-0.03615131169
0.01749304485
0.05407892973
0.06116653701
0.038993818050000004
-0.01018901916
-0.06717560346
-0.0996847074
-0.1169042004
-0.135720369
-0.1156832478
-0.059754838770000006
-0.006564728394000001
0.03192603678
0.037455511950000006
0.0257499747
0.02805438294
0.041545909170000006
0.043761330900000006
0.031172442390000003
0.020375477910000002
-0.007419234330000001
-0.03807991845
-0.029063439540000003
-0.004531991427
0.029473978230000003
0.06855210342000001
0.06292855035
0.02728328751
-0.00020933647290000002
-0.021949355070000003
-0.04656216438
-0.05873565825
-0.036429268230000006
-0.01885940127
-0.01708015176
-0.01465841592
-0.03817808712
-0.06869283768000001
-0.09164438235000001
-0.10860425370000001
-0.10496356650000001
-0.09072666666000001
-0.06314629311
-0.014259953340000001
0.024139025550000002
0.0205685289
0.005129076096
0.0051429248730000005
0.02797255773
0.06774706539
0.09008097246
0.1070240589
0.11603503440000001
0.09660459303
0.07668882153
0.06314994243000001
0.051890181390000005
0.04273980579
0.02688629643
0.025856648640000004
0.03825330039
0.04823972343
0.07388990100000001
0.10089594810000001
0.11892937680000001
0.11963736450000001
0.07282096416
0.009595361124
-0.049007228400000005
-0.11058989580000002
-0.14841176220000002
-0.1318155966
-0.0793898775
-0.0107829558
0.047669046300000004
0.060348510540000004
0.05364832959
0.02429689788
-0.01131296067
-0.00146807631
0.014385315330000002
0.01544531526
0.0185706243
0.0156388077
0.0073847708189999995
0.01215956367
0.009658481606999999
-0.0336083733
-0.0651358494
-0.06555170511
-0.06619163103
-0.05560210881000001
-0.04677344235
-0.04648362552
-0.041151105720000004
-0.027611853840000002
-0.008371272267000001
-0.010204685730000001
-0.01383634773
-0.006717320001000001
-0.029586498930000003
-0.050851390680000004
-0.052159622850000004
-0.06717730059
-0.08442328059000001
-0.09612709128000001
-0.103184523
-0.1064056365
-0.0993416517
-0.08281299852000001
-0.07978744737
-0.05524349445000001
0.003978370944
0.05278030155
0.07696097055
0.06596858106
0.025853921460000002
-0.022774788090000005
-0.05182623000000001
-0.04831728129000001
-0.058330848600000006
-0.07393603743
-0.0573047226
-0.029278602270000002
-0.00046413797940000006
0.02662119099
0.06230630205
0.11828741040000001
0.1630582884
0.1712009808
0.1399061979
0.0846788409
0.01668900744
-0.06053391954000001
-0.0992629755
-0.08249549787
-0.04128173568000001
0.030037847220000004
0.10332029340000001
0.1356063768
0.1573836939
0.1694777562
0.1386640557
0.08675785458
0.0474384132
0.03143318238
0.031757991480000004
0.028488907080000004
0.01742101002
0.01270977714
0.01431430074
0.010132209449999999
0.0005118871734
-0.007179327837
-0.015032579130000001
-0.02299366881
-0.022371871770000003
-0.012594234959999999
0.009294132321000001
0.02657170935
0.02123721774
0.002445000255
-0.03629120229
-0.0707074389
-0.06610979601000001
-0.03877789014000001
-0.00863539965
0.01324677654
0.033944149980000005
0.05617297233
0.07118370459000001
0.08778694320000001
0.0999292707
0.09724978692000001
0.06890123151000001
0.01457045946
-0.03355668441
-0.062365269960000004
-0.07586605683
-0.07532057178
-0.07007276133000001
-0.07552195146
-0.08574994575
-0.0821255922
-0.06669262773000001
-0.044341916130000006
-0.03175605891
-0.031521462570000006
-0.039375613440000005
-0.045246663
-0.01718462826
0.01342660365
0.02022093117
0.012170874600000001
-0.014104180350000002
-0.02948526954
-0.02740300875
-0.02159940294
-0.009346038993000001
-0.001663500339
-0.00785757456
-0.01964015955
-0.02286121419
-0.022776730470000003
-0.03366005238
-0.050272708590000006
-0.05665273038
-0.05756309838
-0.06607126233
-0.08011226628000001
-0.10198799730000001
-0.11689752960000001
-0.11574819000000001
-0.10771399620000001
-0.06853873239000001
-0.006831601596
0.046927998900000004
0.09548154423
0.099668619
0.05980223088
0.03945966552
0.025369807770000002
0.010613635200000002
0.017868915
0.02376575505
0.027369242730000003
0.037638458640000004
0.05267504025
0.07578607590000001
0.08812539801
0.0774946836
0.05969998125
0.03685268745
0.008664347979
-0.0024664694399999998
-0.008240288166
-0.026537658840000002
-0.037600160400000006
-0.033939686430000005
-0.025263967680000003
-0.01908885717
-0.015136467030000001
-0.021377481120000003
-0.04098682746000001
-0.05285932110000001
-0.053467305660000006
-0.04686593103
-0.02445684012
0.003070736991
0.022982612940000004
0.03782357334
0.0376464636
0.021198782160000002
0.001907494659
-0.02377043442
-0.04809584997
-0.05821654248000001
-0.06521686038
-0.07866267201
-0.0856764198
-0.07000934949
-0.059333489460000007
-0.06732185094
-0.06006336327
-0.04098463002
-0.027889506270000003
-0.022571936910000003
-0.01915470189
-0.001575514449
0.01407132666
0.00882055359
0.0036935768339999998
0.006871936392
0.0071738528760000005
0.01162775376
0.01112454981
0.001792902087
0.005461487946000001
0.007756102863
-0.0008341257591
0.001013604516
0.01458699912
0.034327318770000004
0.04951157031
0.050132278440000004
0.049397607540000006
0.048243029400000005
0.04194897264
0.038377014300000005
0.037664072550000004
0.03850032600000001
0.032288879250000006
0.01448565201
-0.002474585253
-0.003805707096
0.008530024554000001
0.01407557439
0.019283536620000003
0.03311305659
0.035753339610000004
0.026829967410000002
0.01560047022
-0.001871495883
-0.028941854399999998
-0.05334978186000001
-0.059665930740000005
-0.05539076217
-0.035072417700000004
-0.00399905631
0.009718846461
0.012713004630000002
0.01472272047
0.017313561090000002
0.01641930111
0.008058201813
0.003870381483
0.0016722126
-0.0012800735460000003
-0.00010419436440000001
0.01436641146
0.03397452174
0.04274349435
0.04992360012
0.04982480361
0.04215409974
0.03842608392
0.0347657571
0.0294940593
0.024019049250000004
0.02264062653
0.01932345351
0.012492014760000001
0.007186708881
0.002460702141
0.0031845486870000004
0.010600097400000001
0.021434261399999998
0.02093763996
0.010903775760000001
0.007896152385
0.0031861192680000005
0.0009417050640000001
0.011541239370000001
0.02377320084
0.029958121350000002
0.030671220060000004
0.024963899400000003
0.01530196173
0.012436676550000001
0.016002729270000002
0.021050621730000003
0.029004530490000003
0.03524728095
0.03609842598
0.03305502063
0.030723752610000002
0.028978367220000002
0.02306820519
0.01729505943
0.013968714060000002
0.008850768390000001
0.005369659479000001
0.006848963334000001
0.01193139288
0.01911634479
0.022605320340000002
0.021437704709999998
0.020563329600000003
0.019573932239999998
0.015307033500000001
0.011543436810000002
0.013263953850000001
0.012716918819999999
0.005400945531000001
0.0003499706709
0.0005066096877
0.002022877917
0.004368758913000001
0.005428531251
0.002208565521
-0.001097225937
-0.0009128014686
0.002277374823
0.010707310890000002
0.01903055634
0.020856030570000003
0.0207482481
0.020422585530000002
0.018971127360000003
0.017481135510000002
0.014909463630000001
0.01157239593
0.009275584554
0.005866013106000001
0.0022810516110000002
0.002796806475
0.004441916988
0.006137205651
0.008383981122
0.008947459674
0.007843353984
0.005572395882
0.004143015117
0.005031496026
0.006942341781
0.0062956842390000005
0.0038983566600000004
0.0020592985230000003
0.0009749073033
0.002603296377
0.004017807144
0.003659614614
0.004022285409
0.005275491327
0.004553197704
0.001969951986
0.002816639352
0.005089756635
0.007151643036
0.009528111612
0.008135009208
0.004800810933
0.00230773383
0.001132165233
0.00291971106
0.00560175525
0.0065249262810000005
0.0060289130610000005
0.004607831556
0.002154254418
-6.702667785e-05
-0.000546371874
-5.2144397730000004e-05
0.0001069727526
-1.9394958599999998e-05
6.093003753e-05
-0.00022695896070000003
-0.001339237656
-0.0026002199610000005
-0.0031396640130000003
-0.0027124591140000004
-0.002241995058
-0.0018961493940000001
-0.00204173568
-0.0029647752570000005
-0.003520727577
-0.004225936104
-0.0050523844589999995
-0.005089198446
-0.004820411313
-0.004867891713
-0.005102972667
-0.004851504108
-0.005075640045
-0.005428670553000001
-0.004709298348
-0.004318546428
-0.004135960746
-0.003878313849
-0.004002631074
-0.003548024883
-0.0030661155
-0.003316620717
-0.003546752526
-0.0036453253680000003
-0.003898620549
-0.0041677588800000005
-0.004333012254
-0.004349558781
-0.004498199901
-0.0048737168910000005
-0.004953069981
-0.0048796048530000006
-0.004972282866
-0.004924929015
-0.00479236158
-0.0048218170860000005
-0.004913731881
-0.005033023443000001
-0.005202737424
-0.0052939105830000005
-0.005349600972000001
-0.005484579705
-0.0055950177419999995
-0.005651797041
-0.005710313691
-0.005760540891
-0.0057954075930000005
-0.005747684886
-0.005691720798
-0.00570828204
-0.005671231632
-0.0056528535780000005
-0.005752408401
-0.005879539134000001
-0.006021218097000001
-0.006181679286
-0.006325235883
-0.006454415925
-0.0065482907580000005
-0.006600025755000001
-0.006654187746
-0.0066901276620000005
-0.006695150382
-0.006698463219
-0.0066895714350000005
-0.0066816998910000005
-0.006691915044
-0.006727567527
-0.0067843821420000006
-0.006827568705
-0.00686067255
-0.006894267876000001
-0.006925978701
-0.006959705481
-0.00698880096
-0.0070139832300000005
-0.007033866138
-0.0070488244260000004
-0.007065035451
-0.007079817159
-0.007092373959
-0.007102592055000001
-0.00711145539
-0.007121361528
-0.007131997530000001
-0.007143698898000001
-0.007155613143000001
-0.007166305062000001
-0.007175815857
-0.007184073915
-0.0071910243
-0.007196889699000001
-0.007201727010000001
-0.007205423418000001
-0.007207894557
-0.007209204192
-0.007209441594
-0.007208649927
-0.007206821343000001
-0.007203935241
-0.007199977887000001
-0.007194942414
-0.007188819993000001
