0.001487822859
0.0014918812559999999
0.001494679068
0.001493884458
0.001489000059
0.0014818348350000001
0.0014781364650000002
0.001485549882
0.0015089771430000002
0.0015402062970000002
0.001559654622
0.001549308015
0.0015152486760000002
0.0014786975970000002
0.001454042124
0.001456010991
0.001496006361
0.0015550154730000001
0.001590618906
0.001573369002
0.001510138647
0.001423159263
0.0013445409420000001
0.0012965621940000001
0.001277209026
0.001291359951
0.0013632760800000002
0.001502176851
0.001667724525
0.001757043594
0.0016748671860000001
0.0013994524169999999
0.0009697870719000001
0.0005045642046
0.00019233299609999998
0.0001750550355
0.0004468751262
0.0008733391740000001
0.001371749958
0.002011049019
0.0028276677540000003
0.003668294502
0.004320530991
0.0046475738280000005
0.00462371787
0.004282186644
0.0036707460210000003
0.002950686135
0.002380758489
0.0020901990420000003
0.001951659279
0.001729795338
0.001339590816
0.0008591046678
0.0002715146073
-0.0005919497226
-0.001721222379
-0.002902516092
-0.003840233391
-0.004195759563
-0.003924394362000001
-0.003508660296
-0.0032917052790000004
-0.002909080944
-0.001946086218
-0.0005370887691000001
0.000711127881
0.001415044431
0.00174467907
0.002027418966
0.002595720114
0.0036360088110000003
0.00503126451
0.006312287664000001
0.007038984996
0.0073845049680000005
0.007918507413
0.008945085654
0.010323063
0.011599746210000001
0.01238114214
0.012542918850000001
0.012234786750000002
0.011535353370000001
0.01000597437
0.007371160425
0.004183996392000001
0.0010793550600000001
-0.001633039308
-0.00336982329
-0.004067428086
-0.004579783785
-0.005571535545
-0.007523992377
-0.01054564209
-0.01336255416
-0.0145919826
-0.01391347395
-0.01098187317
-0.005297399019
0.0024060035430000003
0.009607593213
0.013330681470000001
0.011889111780000001
0.005943469923000001
-0.001665161172
-0.007390416474
-0.009117985923
-0.006897893652
-0.0019479697380000002
0.0036221747490000006
0.007332284376
0.007998850332
0.006536866032
0.004688566875
0.003970501362000001
0.005895530415
0.01111101201
0.01812627054
0.02423929356
0.02690487657
0.024025867200000002
0.01476087156
0.0006352303635
-0.01449465759
-0.02570507433
-0.02999943126
-0.028274970600000005
-0.02423584044
-0.02102931441
-0.01918489707
-0.01817923473
-0.016835980860000002
-0.014291090280000002
-0.010655965350000001
-0.00479892447
0.005974645122000001
0.02164050684
0.03663775035
0.04420139769
0.040716767970000005
0.02525206815
0.00020699531640000002
-0.02690022663
-0.04749448716
-0.05639917131
-0.05177451168
-0.03444852132
-0.00741503565
0.023148853200000003
0.0502210197
0.06889872015
0.07589651688
0.07152295401
0.059357994840000004
0.04281291972
0.02432000043
0.005741074908000001
-0.010785859560000001
-0.023603517270000002
-0.03280239351000001
-0.03961412397
-0.0441249876
-0.04417553853000001
-0.037344698190000004
-0.023725435950000002
-0.006803359587
0.008224596090000001
0.016423627320000002
0.01633674996
0.009677337408000001
-0.001238666517
-0.013390620570000001
-0.02372672106
-0.03067441812
-0.03442900923
-0.0353859453
-0.031494279060000005
-0.019300664880000002
0.0008193252159
0.024081529140000002
0.044461029150000005
0.056322721980000004
0.05493089880000001
0.03887296866
0.01198111977
-0.01652511177
-0.03488383026
-0.03512734389
-0.01736174781
0.00993598002
0.033611846040000004
0.042052232700000004
0.03072458646
0.004165010118
-0.02602617525
-0.04781499948
-0.05515439022000001
-0.049506478920000006
-0.037520552250000005
-0.02609736642
-0.021093462000000004
-0.02686323312
-0.04276541970000001
-0.06434373114000001
-0.08478652527000001
-0.09444527469
-0.08309189682000001
-0.044852987700000006
0.01633343418
0.08674151112000002
0.1484024427
0.18616319280000002
0.1920606705
0.16542593190000002
0.11441520720000001
0.05600357325
0.005928179076
-0.030123596430000003
-0.05369353407
-0.06637724604
-0.06982455852000001
-0.06586791084
-0.05300113446
-0.02858873364
0.006857330283
0.04941777690000001
0.09187098354
0.1250789715
0.1409906934
0.1338163461
0.1001859003
0.03851539416
-0.046673193960000005
-0.1392439248
-0.2135851839
-0.2444327289
-0.2178474327
-0.13764617010000002
-0.02521567305
0.08914375449
0.1771245531
0.22017269700000003
0.21270032190000002
0.1643742018
0.10014499260000001
0.04826317914
0.022640655960000002
0.01816381341
0.02002431915
0.015278133240000002
0.0001953374067
-0.01840692483
-0.03097348578
-0.03377156265
-0.031892849550000005
-0.03249241713
-0.03699063567
-0.04093642368000001
-0.03705392979
-0.02305279368
-0.003969148563
0.012998818980000002
0.021602934540000004
0.01848175551
0.0034203958020000004
-0.02010627189
-0.04361527962
-0.055592681399999996
-0.04618882521
-0.01390954995
0.03001347918
0.06865046829
0.09002304441
0.09083891268
0.07333632270000001
0.04183727598
0.001978460199
-0.03802344228
-0.06582310857
-0.06590652300000001
-0.02942091594
0.03594984372
0.1085114511
0.16292585340000001
0.1778257719
0.14247180720000002
0.06790596777
-0.015055632630000001
-0.07770646188
-0.11042557830000001
-0.11662167240000001
-0.10594770570000002
-0.09311800131000002
-0.08954539551000001
-0.0964672236
-0.10573806599999999
-0.10765013310000002
-0.09572531292000001
-0.06527759409
-0.015852960000000003
0.04373360784000001
0.09694446048000001
0.12721657050000001
0.12639655260000002
0.0987632541
0.05817215223000001
0.020603207249999998
-0.005022754335
-0.01926091476
-0.026809180020000004
-0.033490780830000004
-0.04416130422
-0.05812172883
-0.0674817147
-0.05955575463
-0.025544033370000004
0.030908759400000003
0.09409011345
0.1434010104
0.163190331
0.14746902120000002
0.09936902160000001
0.030538039500000003
-0.04050151695
-0.09236075760000001
-0.1076318865
-0.08009430416999999
-0.01986415128
0.04905670023
0.09929377889999999
0.1097936181
0.0746823528
0.006741426114
-0.06915780225
-0.1292544018
-0.15876141030000002
-0.1508161932
-0.1085802192
-0.04577240052
0.02281460688
0.08484089229
0.1279799847
0.1396353438
0.11100279870000002
0.04374739089
-0.04838710887
-0.14392015560000002
-0.22098937950000003
-0.26287052580000003
-0.25960919130000004
-0.21124255590000002
-0.1254367422
-0.009465723936
0.1229224392
0.244045332
0.32480762850000006
0.34694605170000004
0.3044683593
0.2101865094
0.09575529228
-0.009221744331
-0.08907055227
-0.1368726516
-0.1527037353
-0.1475378874
-0.1408639482
-0.147063672
-0.1634003631
-0.1727007336
-0.1576274724
-0.1121412492
-0.04143319227
0.044843226750000006
0.1340588493
0.208327122
0.2520001629
0.2595594546
0.2334957561
0.17954065800000002
0.1078153335
0.03449564856
-0.024121936530000002
-0.05817351582
-0.06696507105
-0.05929639785
-0.04729698243
-0.03731506218
-0.026997659550000004
-0.009405221742
0.01978615197
0.052010098830000004
0.06734127474
0.05226572781
0.01057874103
-0.04183508835
-0.08724427362
-0.1154994084
-0.1266523974
-0.1227953997
-0.1018720431
-0.062412289290000006
-0.0108248445
0.039831935400000004
0.07874513487000001
0.1015480188
0.108705591
0.1050744195
0.09580530366000001
0.08103639771
0.05853271878
0.027796625190000004
-0.005484521826
-0.031382906130000006
-0.044940767580000006
-0.048146469569999996
-0.046729699560000004
-0.04449263697
-0.037299935160000006
-0.017176790070000003
0.01800326295
0.05955287049000001
0.09279636084
0.1041837696
0.08517008646
0.04004532252
-0.012933562860000001
-0.05224252716
-0.061879233510000006
-0.03413598453
0.02610977607
0.09950910840000002
0.161203806
0.1905400224
0.1761897582
0.1235643075
0.05768501706
0.008837030466000002
-0.009097165179000001
-0.005865356817
-0.004879115334
-0.024758340660000003
-0.06426582012
-0.10661027310000001
-0.1355031756
-0.1451439531
-0.1385124912
-0.120249018
-0.09130241556
-0.053376396390000004
-0.01589629077
0.01127166057
0.02832434433
0.04499982378
0.07282686978
0.1174285449
0.1726307883
0.2215132335
0.24434404650000002
0.22786579710000002
0.1690641666
0.07556225094
-0.03462600384
-0.13842312210000002
-0.2115726624
-0.23172858270000002
-0.1907839971
-0.10575876510000001
-0.008727658776000001
0.07217485794
0.1192423158
0.1275492276
0.1061776521
0.07509757086
0.055185429060000006
0.05674843674
0.07356971241
0.08841327246
0.08749484064
0.07105850937000001
0.05241816540000001
0.04912953948
0.07424405181
0.1267949367
0.19000498500000002
0.23953302630000003
0.2531361609
0.2157550578
0.1258476831
-0.0003823518132
-0.1363929426
-0.255208131
-0.337257009
-0.37533305250000004
-0.3735281106
-0.3443042187
-0.3030773994
-0.2566604034
-0.19753622010000002
-0.1126890396
-0.002034754884
0.1172140002
0.2217399426
0.2893680225
0.3025124415
0.2592868347
0.18208174230000002
0.10061783460000001
0.033329494620000004
-0.00788382612
-0.012356165880000002
0.01949235228
0.06648894270000001
0.09789662889000002
0.09419760162000002
0.05517378459
-0.002201352228
-0.052555603500000006
-0.07690348395
-0.07366225014000001
-0.05900927877
-0.054517269959999996
-0.07219953009
-0.1086034689
-0.1455278184
-0.1575277047
-0.1210971906
-0.02424736719
0.11967631020000001
0.2666319741
0.3665463336
0.3929260122
0.3440538675
0.23922950490000003
0.11307996810000001
0.001256325498
-0.0710043876
-0.09413572014000002
-0.07484503203000001
-0.03479050773
0.001568851497
0.01914395013
0.01478261052
-0.004861998846
-0.026812495800000002
-0.036201421170000005
-0.02573994888
-0.002234615976
0.020570206410000003
0.03380205213
0.036455696370000006
0.03132995175
0.02095159959
0.007345212975
-0.007353710397000001
-0.021448642860000002
-0.031477660920000004
-0.0332374572
-0.02515542003
-0.008885284875000002
0.008609429637000001
0.014944779630000002
0.0007441829703
-0.03145405806
-0.06938980875
-0.0983316141
-0.10968727770000002
-0.10421722170000002
-0.08882528265
-0.07148697093
-0.05670963819
-0.04644473868
-0.04011937821
-0.03469725387
-0.02487076326
-0.0035643428370000004
0.03147166701
0.07364196306000001
0.1086282882
0.1212644511
0.1031504823
0.054897878340000004
-0.011659783410000001
-0.07556016140999999
-0.1133560215
-0.106386507
-0.048968989020000006
0.044528423850000005
0.1412615475
0.2083696974
0.2274098283
0.1941466689
0.1188612954
0.019708388099999998
-0.08411897438999999
-0.17202786570000003
-0.22542065460000002
-0.23121502920000003
-0.1841195736
-0.09192765591
0.0217593648
0.1285493571
0.2110353687
0.2611391589
0.2734701327
0.2475890964
0.19119287790000003
0.11800066410000001
0.04239743679
-0.0219970611
-0.06262173279000001
-0.06858547704
-0.03352747023
0.0371284956
0.1259708967
0.2120515866
0.27621928710000004
0.3022897545
0.2837225637
0.22761122760000002
0.14926434930000002
0.06634309743000001
-0.006753565989
-0.061064395290000004
-0.09280535661
-0.1030340376
-0.097146468
-0.08424963378000001
-0.07304026671000001
-0.06851237292000001
-0.07301230821
-0.08612745417
-0.10323445590000001
-0.11544957360000001
-0.11357968950000001
-0.09341770662
-0.05709652497
-0.00935448246
0.04771471185
0.1107670644
0.1714994991
0.2171862387
0.22881756330000003
0.1897354062
0.09774678114
-0.030144364200000003
-0.15831162180000002
-0.2509710939
-0.28869142680000004
-0.26810494560000003
-0.2032642791
-0.11804373000000001
-0.03220599456
0.03791720979
0.08034439050000002
0.09568669095
0.09629660808000001
0.09950135850000001
0.118211481
0.15260102460000002
0.19024493760000002
0.2156075154
0.21589475219999998
0.18519121800000002
0.12938350140000002
0.06323008032
0.004327549065
-0.0309970494
-0.03163068711
0.0034199062830000005
0.0600227793
0.11362618890000001
0.14373072450000002
0.1423756692
0.11441403
0.07572043719
0.045592082910000005
0.03764878857
0.05519875104
0.08990864019
0.1257019065
0.14582731770000001
0.13795852050000001
0.09782370135
0.031893163470000006
-0.043762194180000005
-0.1114319862
-0.15818909490000002
-0.17813998620000002
-0.17382437100000003
-0.15337836900000001
-0.12377698830000002
-0.08593036146000001
-0.0379409598
0.017742159990000003
0.0723292281
0.1153066419
0.1397992689
0.1460786499
0.1415927331
0.1373529492
0.142420599
0.15878279609999998
0.1815055029
0.20073114090000002
0.2055347055
0.1903664835
0.1555636446
0.105783192
0.051182694
0.005694570603
-0.01811062359
-0.015051041550000002
0.009081855693000001
0.04080051594
0.06710718852
0.079096068
0.07278726681
0.05145782526
0.02141360154
-0.01592659386
-0.06306450714
-0.1189144656
-0.17571711240000001
-0.22235807070000002
-0.24634577700000002
-0.2366785125
-0.1921276728
-0.1237810104
-0.047170855260000005
0.02051436789
0.05886125568000001
0.05036239161
-0.012231372870000002
-0.1214550594
-0.2569535262
-0.3964752702
-0.5218094979
-0.6175628478
-0.6743882538
-0.6920198649
-0.6781050666
-0.6447040767000001
-0.6058745271
-0.5740816905
-0.5588292987
-0.5621127057
-0.5743694178000001
-0.5803579323
-0.5671521027
-0.5282709525
-0.46532979630000004
-0.3893704758
-0.31387781700000006
-0.248727645
-0.202546089
-0.18373011660000002
-0.19822056570000002
-0.2452190004
-0.3157396569
-0.3979537353
-0.4813711083
-0.5579375697000001
-0.6218474634
-0.6702412725000001
-0.7044039108
-0.7269604362000001
-0.7374355542000001
-0.7319028123
-0.7075714617000001
-0.66798252
-0.6236824239000001
-0.5875586685
-0.5690459232
-0.5705033949
-0.5845245336
-0.5921496504
-0.562753593
-0.4629906999
-0.2786837553
-0.032368585500000005
0.2288826036
0.4630579965
0.6462133452000001
0.7728712362
0.8545763718
0.9173160306
0.9900095040000001
1.087965297
1.20713031
1.335506913
1.4666489550000001
1.592130627
1.693404162
1.7500490640000002
1.7442552780000002
1.6618493159999999
1.499898969
1.2773777579999999
1.034095644
0.806208363
0.6124181895
0.4603036428
0.3525425586
0.2854417662
0.2433426417
0.20051993160000003
0.12577754160000001
-0.004048663518000001
-0.19362683700000002
-0.4307242365
-0.6935333517000001
-0.9559762596000001
-1.195143471
-1.4050637370000003
-1.585388214
-1.72328346
-1.7951534820000001
-1.784206503
-1.6929519210000001
-1.54264212
-1.369813464
-1.210423527
-1.090512954
-1.027284561
-1.025063577
-1.0752633090000001
-1.157000229
-1.238206428
-1.280388447
-1.2435342390000002
-1.093970979
-0.8150187240000001
-0.4182831945
0.06237201924000001
0.5655107916000001
1.020820752
1.390416426
1.673222049
1.879906977
2.0057938020000003
2.0472371280000004
2.012015304
1.903676607
1.724657841
1.495153872
1.257296688
1.060934823
0.9379003536
0.881559954
0.8591761827000001
0.8286241149000001
0.7546363101
0.6226467822000001
0.4392092979
0.2174597415
-0.03544669863
-0.31062197610000003
-0.5925342024000001
-0.868314492
-1.1253188340000002
-1.351882746
-1.53961083
-1.6837001100000002
-1.782835065
-1.834091334
-1.8293992110000001
-1.76322978
-1.6415995140000001
-1.482182109
-1.3062505500000001
-1.1329549380000001
-0.9792236052000001
-0.8536061628
-0.7514477658000001
-0.660680937
-0.5744102274
-0.49635735480000004
-0.43659395190000005
-0.4055799312
-0.41274103500000003
-0.4684232817
-0.5799539565
-0.7460226396
-0.9488576331
-1.154986236
-1.3325168250000001
-1.464690879
-1.544588424
-1.572836319
-1.5597743040000003
-1.520110512
-1.468683549
-1.4167837440000002
-1.367304066
-1.310297175
-1.22171778
-1.070719317
-0.8315480835000001
-0.4918067901
-0.0569932551
0.4311611739
0.9059326047
1.32229971
1.660167882
1.9110105630000003
2.081558394
2.1867824160000002
2.247497487
2.284093692
2.314843137
2.3621410710000004
2.4496237080000003
2.589836076
2.773793196
2.96878068
3.1217813640000003
3.173645853
3.084409188
2.849085927
2.5070955930000003
2.122644636
1.744311195
1.3994121959999999
1.1202755130000002
0.9363880440000001
0.8593279434000001
0.8786990637
0.9671815359000001
1.09143117
1.223516934
1.341417438
1.4270371560000001
1.4700657780000002
1.467672138
1.423477107
1.3475065050000001
1.259654031
1.184539842
1.137938418
1.121669514
1.129878522
1.150060635
1.160779041
1.13127939
1.028174328
0.8334780048
0.5615588331
0.25150868190000003
-0.06112575684
-0.34776656010000007
-0.5893825437
-0.7917361605000001
-0.9688635585
-1.128541419
-1.276161318
-1.422493164
-1.579001904
-1.755088461
-1.9532671380000002
-2.158036173
-2.333208438
-2.436106509
-2.438747361
-2.345869224
-2.2006890720000003
-2.0646989280000003
-1.982569608
-1.962288414
-1.9734639660000002
-1.957522716
-1.851352029
-1.617261885
-1.260338769
-0.8236423026
-0.3666105891
0.05060766123
0.3770893368
0.5808166479000001
0.6523275258000001
0.6071149035000001
0.4757966739
0.2857343985
0.05171638743
-0.22248305010000002
-0.5244623181
-0.8099066348999999
-1.0349520570000001
-1.197823563
-1.3155622020000002
-1.402936929
-1.470534696
-1.5226071570000002
-1.5608887200000001
-1.5881212800000002
-1.606319811
-1.616127849
-1.6157825370000003
-1.602801945
-1.5797788560000001
-1.553299704
-1.527450354
-1.5030087390000002
-1.482685362
-1.471475475
-1.471413672
-1.480424157
-1.4952460859999999
-1.5115669830000003
-1.5232605030000002
-1.524374919
-1.5134583510000001
-1.49368041
-1.470518019
-1.450990233
-1.440839826
-1.441537317
-1.4515258590000002
-1.4692329090000003
-1.4934439890000002
-1.5244063110000001
-1.563271569
-1.6101388440000002
-1.6632747090000002
-1.7175603060000002
-1.7668094490000001
-1.807869204
-1.841105484
-1.8665712630000002
-1.8793458450000002
-1.868899176
-1.820753658
-1.715301063
-1.5289797330000001
-1.249248564
-0.8862765039000001
-0.4715978958
-0.04134965031
0.3757935339
0.7428493989
1.031628429
1.248210666
1.412308422
1.541712132
1.6470479880000002
1.7336104470000002
1.806356502
1.8670509720000001
1.9135464480000002
1.9417227300000002
1.9482228360000002
1.934854749
1.9115079300000002
1.892737476
1.891916379
1.919373588
1.9785700710000003
2.064331053
2.1687016050000003
2.282109129
2.390180013
2.4817671540000004
2.55690783
2.62268388
2.685620916
2.748851271
2.8124573489999998
2.8745124660000005
2.9319823890000003
2.9815483950000004
3.0215624040000004
3.0543994170000004
3.0838137210000003
3.110624451
3.136938795
3.1684730400000003
3.210192027
3.2615768070000004
3.3172161840000003
3.3686882730000005
3.405762225
3.4162795260000003
3.383095239
3.2874281190000003
3.112852302
2.851458966
2.5145109720000005
2.1335612040000003
1.7539132230000003
1.418313123
1.147170609
0.9512770734
0.8247362157
0.7458344838
0.6959458269
0.6680780694
0.6635063151
0.6821699382
0.7165821429
0.7556546862000001
0.7833143736
0.776058309
0.7122844800000001
0.5810633694
0.38816178570000004
0.1519020621
-0.10980166230000002
-0.38097753030000003
-0.6420664620000001
-0.8720407224000001
-1.051990065
-1.179368991
-1.270387152
-1.342245402
-1.405711197
-1.465998552
-1.5251607
-1.582272558
-1.63261944
-1.671830991
-1.701523899
-1.7290850940000002
-1.763293545
-1.810907361
-1.873369593
-1.947232026
-2.027908485
-2.1095620200000003
-2.1864547620000003
-2.256230349
-2.3181108480000003
-2.370764061
-2.413712241
-2.445519204
-2.4608345760000003
-2.4515709930000003
-2.411306829
-2.336964687
-2.224717686
-2.0697608880000002
-1.870892568
-1.63481688
-1.371480183
-1.0869990120000002
-0.7804045314000001
-0.45273169620000003
-0.1164752091
0.2109994641
0.5086636074
0.759922821
0.9616253481
1.114751502
1.224614673
1.298941119
1.346511771
1.375452252
1.390674429
1.396497645
1.39814082
1.3998673799999999
1.402093269
1.4034598020000002
1.4033430630000001
1.4015105550000002
1.3975924410000002
1.39173489
1.385388801
1.379847132
1.3744898909999999
1.368752022
1.3614975270000003
1.3466765790000002
1.3147460100000001
1.258767207
1.175496984
1.067434929
0.9450490968
0.8208950121
0.7051461354
0.6012346914000001
0.503250057
0.3993908022
0.2777162931
0.1311660765
-0.03947933457
-0.22229607150000003
-0.4008929094
-0.5627427039
-0.7016979204
-0.8194543155
-0.9196749432
-1.004152581
-1.0778698260000001
-1.147477662
-1.2121569540000001
-1.263762459
-1.291008753
-1.277786835
-1.208339883
-1.0801997010000002
-0.9087310053
-0.7166540502
-0.5315914413
-0.38502660780000003
-0.3080923695
-0.3209403303
-0.41906985840000005
-0.5793699672
-0.7711539957000001
-0.9659685294
-1.146542769
-1.308110526
-1.445563341
-1.5451780050000001
-1.584434682
-1.5407026830000001
-1.4054041440000002
-1.1945970540000002
-0.9517695354
-0.7224239979000001
-0.5210988615
-0.3444090876
-0.1933383249
-0.06413723064
0.05393402622
0.16552236420000002
0.2673884232
0.35532477270000007
0.42738452010000005
0.4818869181
0.5165284806
0.531718677
0.5295386007
0.5153999382
0.5026385016
0.5044386366
0.5234844573
0.5533745463
0.585472572
0.6112595304
0.6215319737999999
0.6070559454000001
0.5616537939
0.48563512290000005
0.38634644520000005
0.2773030959
0.17607733560000002
0.09791055909
0.05052411927
0.03604064508
0.053765578710000005
0.09630654561
0.1484886726
0.1945769355
0.2214511362
0.21700720620000002
0.1739521953
0.09165872457
-0.02719660635
-0.1748278359
-0.3357317502
-0.49300037280000003
-0.6317959806000001
-0.7395618717000001
-0.8109092169000001
-0.8502476112
-0.8656596117
-0.8663833935
-0.8631233343000001
-0.8611359264
-0.8549468955
-0.8307070722000001
-0.7704836784
-0.6567876423000001
-0.4811603895
-0.2478671118
0.02070736983
0.288661212
0.5186029032
0.6835091013000001
0.7800582384
0.8186479335000001
0.8129478330000001
0.7767858186000001
0.7190462187
0.6406726572
0.5379734349
0.40780160190000003
0.2540392695
0.09152174754
-0.055679921730000005
-0.16032483
-0.20139792660000003
-0.1711215198
-0.08027585784
0.04896392706
0.1927961262
0.3285619155
0.43790466600000005
0.5119425018
0.5486454396
0.5478426873
0.5156497989000001
0.46582441650000006
0.4113870588
0.3585059595
0.3071211795
0.2564988327
0.209923209
0.1735425297
0.1527452316
0.1503764109
0.1672174341
0.2014507044
0.2482610814
0.2991688992
0.34383873420000005
0.37132586370000004
0.3682276695
0.3205143801
0.2204438454
0.07277755491
-0.1069002567
-0.3005736912
-0.49112980200000006
-0.6626603007
-0.8024602563000001
-0.903152745
-0.9645161589000001
-0.990930663
-0.988142661
-0.9621007407
-0.9169574751
-0.8532737019
-0.7712410104
-0.6744158199000001
-0.5698115937
-0.4675051638
-0.3804508314
-0.31917197970000005
-0.28763410500000003
-0.2860836345
-0.31111983360000006
-0.3516760413
-0.39129637500000003
-0.4153007583
-0.4163863329
-0.397233387
-0.3653438238
-0.3238661628
-0.2708116227
-0.2068001955
-0.1370318679
-0.06543747747
0.00577888461
0.0740907117
0.13630867470000002
0.18732342150000003
0.2215736631
0.235345824
0.22733900010000002
0.1977981471
0.1504957986
0.09425557872000001
0.04124185803
0.004414270446
-0.005419458963
0.017591880600000002
0.0711394713
0.1442391768
0.22286367810000002
0.2950121079
0.3513124827
0.38433765150000004
0.3896976393
0.36643057560000003
0.3155398272
0.2397043089
0.1442953881
0.03970216872000001
-0.05821933833000001
-0.1324726704
-0.1705369419
-0.1662331968
-0.11938966200000001
-0.0342680958
0.08107677567
0.2131842492
0.343999422
0.4572693117
0.542529297
0.5953731183
0.6170863761000001
0.6126542181000001
0.5905958445
0.5623397091
0.536045868
0.5126629482
0.48947387400000003
0.46034788590000003
0.4159817685
0.3475651608
0.25225983360000004
0.1371068163
0.018246953160000003
-0.08649933165000001
-0.16742089350000003
-0.2196833742
-0.23932230750000003
-0.2265466464
-0.19051088670000002
-0.1455544035
-0.1034885349
-0.07174923147000001
-0.05150213703
-0.03807187425
-0.028590077610000004
-0.02495362833
-0.029410762590000004
-0.04447155528
-0.07184451600000001
-0.10775568870000002
-0.14380724250000002
-0.1762350804
-0.20812807710000003
-0.2414536281
-0.27369998100000004
-0.3011250132
-0.3249182853
-0.34865721000000005
-0.3709421946
-0.3892456926
-0.40290690240000004
-0.4106162871
-0.41231008170000005
-0.41028147179999996
-0.40511503530000004
-0.39471319800000004
-0.37467735209999997
-0.33839487090000003
-0.28230344910000005
-0.20868430410000002
-0.1224546984
-0.02861737884
0.06546337587
0.1499245623
0.2176244514
0.26330206770000003
0.28258892010000003
0.2728096254
0.2340314802
0.16943596560000002
0.08494642827000001
-0.011128944690000002
-0.1085490234
-0.1972804734
-0.2693684736
-0.31763622420000004
-0.3349841301
-0.31761218970000005
-0.2690231616
-0.19699333470000002
-0.111369987
-0.0238590972
0.05394415014
0.1144226628
0.1563119514
0.1812210129
0.18983988270000002
0.1828231821
0.1612134198
0.12692050470000002
0.08509603077000001
0.040117602599999996
-0.007247903661
-0.056357125650000006
-0.1035417051
-0.1424613105
-0.170034768
-0.18621459720000003
-0.18917191980000003
-0.1760470227
-0.1468383363
-0.1033819983
-0.04782889044
0.014118257700000001
0.0729271476
0.12176613450000001
0.1611295443
0.1927167633
0.21535716420000003
0.22714780320000003
0.22768323299999998
0.21674125710000003
0.19247053230000002
0.1553666598
0.1103878098
0.06490820835
0.02726127387
0.0026216008560000005
-0.01041081345
-0.01782410292
-0.02630772225
-0.03963650058
-0.056567981790000006
-0.07295469408000001
-0.08485047666000001
-0.08860781457
-0.08066777715000001
-0.05842162053
-0.02349375318
0.02000703393
0.07050087954
0.1241077815
0.1726695378
0.2095045182
0.2306430081
0.23319370620000002
0.21582235440000003
0.18289155780000002
0.1450390842
0.1126914921
0.09353947815000001
0.09329762241
0.11277213030000001
0.1453931271
0.18164990610000004
0.2142173403
0.2382684192
0.24966342090000002
0.2444519565
0.22105422360000002
0.1837176579
0.1392654087
0.09391438692000001
0.05387046723
0.02407379886
0.0062711670869999995
-0.0006025626711000001
0.00043107376680000004
0.005632604757000001
0.01306899972
0.023738934510000004
0.04150312776
0.06865688403
0.1015258482
0.1328838075
0.1552693446
0.1613426175
0.14580603
0.1092807513
0.060218861580000005
0.01072597932
-0.029581858800000003
-0.05750493489
-0.07517116548
-0.08636122647
-0.09646612488
-0.11134124370000001
-0.1346681484
-0.1664781525
-0.20382237
-0.24152877270000003
-0.2732525469
-0.2961027837
-0.3130133598
-0.3263477004
-0.3344056344
-0.3368885454
-0.33728987250000003
-0.3381147954
-0.339368121
-0.3405989817
-0.3416279526
-0.3418499529
-0.3397746474
-0.33335792640000006
-0.32106893940000003
-0.3028542219
-0.27764507250000003
-0.2437273899
-0.2025625698
-0.15766759530000002
-0.1122160995
-0.06813533538
-0.026536403160000003
0.01384980705
0.05573128689000001
0.09974621609999999
0.14518289880000002
0.18873243180000002
0.22332553290000004
0.2437055136
0.24780197340000001
0.23612061780000002
0.21400063740000003
0.1881330408
0.16466693220000003
0.14971845420000002
0.1464876288
0.1516165911
0.15665775390000003
0.15258944880000003
0.1308469572
0.08516764377000001
0.01871202564
-0.050050315889999995
-0.09682730946000001
-0.10644801570000001
-0.0750318831
-0.007685770068
0.08404281936
0.18590518980000004
0.28464009300000004
0.3705303708
0.43798393080000003
0.4831478955
0.5029255422
0.49774566600000003
0.47117783160000004
0.42701890140000004
0.3666820059
0.29100050460000004
0.2034988362
0.11072517570000001
0.01817611515
-0.07127749800000001
-0.152911413
-0.2191735485
-0.26426344770000004
-0.2880102204
-0.2946802356
-0.2905516971
-0.2824723773
-0.2766872241
-0.2760920514
-0.2796175692
-0.2867535594
-0.2978207109
-0.3103081542
-0.318495384
-0.3145424445
-0.2906227215
-0.24561659970000002
-0.18748430550000003
-0.1257128937
-0.06710504994000001
-0.01691629533
0.02377062081
0.05508971289
0.07553610729
0.08608132755
0.09098680824000001
0.09395909109
0.09434396682000001
0.08851727808
0.07348430655
0.0493730433
0.019319764950000002
-0.013546697670000002
-0.047065280040000004
-0.07625699514
-0.0960494157
-0.1074413763
-0.11307418020000001
-0.11261036340000001
-0.10340416890000001
-0.08205347889
-0.04723965279
0.000666983862
0.06312443643
0.1393413381
0.22031386290000002
0.29193902730000004
0.34164678779999996
0.36154568610000004
0.3488166225
0.3068942742
0.24620274720000002
0.1808171352
0.121926528
0.07646442759
0.046448191800000004
0.02799968238
0.01699908192
0.01295592966
0.01709080542
0.029735885610000002
0.05007556683
0.07789363668
0.1117234413
0.1469530152
0.178743105
0.20071799550000002
0.2038463064
0.1809615384
0.1322864766
0.0663055938
-0.003861919377
-0.06571398213
-0.1105690986
-0.13399400520000002
-0.1346568669
-0.113165217
-0.07441090029
-0.0266961492
0.023444869950000002
0.07075661643
0.1076271777
0.12824397180000002
0.132369273
0.12207583620000001
0.10134926820000001
0.07345717209
0.03842975286
-0.003399483825
-0.050548605030000006
-0.099241884
-0.1411046856
-0.16739833050000003
-0.17391717360000003
-0.1605807729
-0.1306020996
-0.08989852608
-0.04528831626
-0.0031764593610000003
0.03049137333
0.050092371360000006
0.05277973257
0.04131063594000001
0.02163858408
-0.001708901019
-0.025558669890000003
-0.04673234826
-0.06374886255000001
-0.07804878183
-0.09188119575
-0.10498485420000002
-0.1122600483
-0.10513249470000001
-0.07794412875
-0.03178299717
0.027854386470000003
0.09259712955
0.15283479690000001
0.20095549560000003
0.23289626700000002
0.24996017339999999
0.2562893892
0.25385219280000004
0.24107172480000003
0.2155219722
0.17719390980000002
0.1302762114
0.08209907577
0.04007007315
0.009474894324
-0.007323392592
-0.008711798949000002
0.007527779037
0.040789146150000004
0.08535209139000001
0.1346564745
0.18286840620000003
0.2250125586
0.25712745750000005
0.27518933520000005
0.2777481756
0.2670981453
0.2479478481
0.22434469380000002
0.1995925923
0.17706206340000002
0.1584104085
0.1424708262
0.1272444309
0.11251913040000001
0.0994024737
0.08872166943000001
0.08005166009999999
0.07120809225000001
0.05989698567000001
0.04493795211
0.02636964297
0.005536856214000001
-0.018532767510000003
-0.05011665111
-0.09376173351
-0.15237765090000002
-0.2239043229
-0.30059105490000004
-0.37324499400000005
-0.4333117221
-0.47221553340000005
-0.4824291168
-0.4622333679
-0.4186546992
-0.363926475
-0.3106274697
-0.2668273893
-0.23625550530000003
-0.2205326259
-0.2160208107
-0.21449614050000002
-0.20913085530000003
-0.19714244670000003
-0.1788547428
-0.15818644620000002
-0.1422377406
-0.1364297301
-0.1414308681
-0.1540789992
-0.16809042600000001
-0.1765821582
-0.1769313942
-0.17020840500000003
-0.15620688630000001
-0.134378361
-0.1067084712
-0.07793967501000001
-0.05432733855
-0.04101486444
-0.03982759938
-0.04864289481
-0.06097979385
-0.06719469372
-0.05692562496
-0.0237787533
0.02925360639
0.09307350315
0.1595876085
0.22330100790000001
0.2796875145
0.32494290840000006
0.3582809181
0.3831018858
0.4028825736
0.41957654490000007
0.4346289108
0.44835741720000005
0.4598160858
0.46555650540000004
0.45992615400000003
0.4401567477
0.4087854468
0.36913558500000004
0.3220551387
0.2694474441
0.21499429230000003
0.1620095994
0.11359695510000001
0.07134038991
0.03543553485
0.0060008819670000005
-0.018844539120000003
-0.04319149743
-0.06739396425000001
-0.08877104316000001
-0.10818468
-0.1298136699
-0.1582945524
-0.19552821120000002
-0.24029987400000002
-0.2894232528
-0.33837515279999997
-0.3839491755
-0.42459848010000006
-0.45741449970000003
-0.47812821660000004
-0.4826701485
-0.4686160482
-0.4355065134
-0.3836353536
-0.3169772865
-0.2437062984
-0.17016994980000003
-0.0989037333
-0.03130399449
0.03327616746
0.09734854419
0.1601952399
0.2168109081
0.2626273359
0.2952984618
0.3140755866
0.3207518802
0.3178647972
0.3084582825
0.2960562843
0.2837956482
0.2737973943
0.26752036770000004
0.2675352789
0.27463624740000003
0.2859809238
0.2968258788
0.3045059316
0.30892857390000006
0.30874718700000003
0.30065393700000004
0.28034458830000003
0.2449398078
0.19345437720000003
0.128238282
0.056074842900000005
-0.016716534300000002
-0.08388098379
-0.1355621337
-0.1621186866
-0.1596281238
-0.1307253132
-0.08471841444
-0.03614387571
0.001899478908
0.02044232325
0.0130810464
-0.019667745270000002
-0.06734222631
-0.11559662550000001
-0.154207314
-0.18048251610000002
-0.1968216597
-0.2066911083
-0.2124275058
-0.2156651982
-0.2175407721
-0.21712463190000003
-0.21161788650000002
-0.19844325270000002
-0.1768362372
-0.1457083224
-0.10447473420000002
-0.05572484172
-0.004108154301
0.042922477800000004
0.07759158678
0.09682941861000001
0.1010058201
0.08922463794
0.06264179424
0.02594587059
-0.0187031574
-0.0703449594
-0.12488375250000001
-0.17745122610000003
-0.22595735970000003
-0.26902257300000004
-0.3046756446
-0.3326145246
-0.35273022390000003
-0.36362687760000006
-0.3654598761
-0.3595428765
-0.3450772467
-0.32123413980000004
-0.2899716318
-0.2540639907
-0.21556817730000002
-0.17785510380000003
-0.14535251370000002
-0.1201173678
-0.1017862056
-0.08936784432
-0.08184688029000001
-0.07784767683
-0.07407208251
-0.06792274287
-0.059231112300000006
-0.0470980062
-0.029384187300000003
-0.005470479792
0.02138628069
0.04735879524
0.07176049335000001
0.09622208151
0.1210136094
0.144339435
0.16577536410000002
0.1860108435
0.2054787885
0.2247744699
0.24355934460000003
0.2621234943
0.2828084679
0.3068672967
0.3323715309
0.356667075
0.37940704740000003
0.4004016246
0.4174933914
0.427845492
0.4298226975
0.4224094767
0.4022054874
0.36586924740000004
0.3140858871
0.2496583197
0.1758141333
0.09893002410000001
0.02841739218
-0.028440681120000002
-0.06957148014
-0.09574305921000001
-0.10846132200000001
-0.11007751950000001
-0.1022852403
-0.08703029790000001
-0.06884924832
-0.05272174566
-0.0411130233
-0.034363046790000004
-0.03483430938
-0.04404853827
-0.057673902330000006
-0.07218576666
-0.08755712433000001
-0.0993090825
-0.10019678940000001
-0.09081265131
-0.07972312320000001
-0.07441598187
-0.0768380022
-0.08469125055
-0.09580436190000001
-0.1096491168
-0.12272908410000001
-0.1295829387
-0.126360648
-0.1124339796
-0.09007912818
-0.06008845725
-0.02298238731
0.01744829163
0.05449185225
0.08322390018
0.10278427500000001
0.1128023451
0.1139491341
0.1106713188
0.1090696401
0.11116623330000001
0.1120359879
0.10550919870000001
0.09047908188
0.07004270349
0.04834581858
0.02704878927
0.004860274248
-0.019081058220000002
-0.04352748993
-0.06706642797000001
-0.09037930437000001
-0.1136177523
-0.1323230679
-0.1403086041
-0.13620449250000002
-0.1228307157
-0.1033939665
-0.08323996896000001
-0.06771052314
-0.06006722841
-0.06345132525
-0.07765511634
-0.09863778420000001
-0.12364798680000001
-0.1508534712
-0.17690461290000004
-0.1980890136
-0.2096441145
-0.20844592110000001
-0.1955592108
-0.17448478020000002
-0.148932477
-0.12331895940000001
-0.10294025400000001
-0.09117572922
-0.08726935779
-0.08716464585
-0.08701257123
-0.08502527124
-0.08029952937000001
-0.07214647761000001
-0.061457148450000006
-0.05176216089
-0.04517656074
-0.040445815770000004
-0.038680074630000005
-0.04467693744
-0.05873249943000001
-0.07373750265000001
-0.08336953944
-0.08737409916000001
-0.08795232018
-0.0837560142
-0.07250112873
-0.05417462628
-0.029816896590000003
-0.00021169715130000004
0.034030634940000005
0.07049514069
0.1072161387
0.1432896669
0.17561616750000003
0.2021865525
0.2237904288
0.23958109530000002
0.2485026036
0.2500474824
0.2449412793
0.23754816900000003
0.23106287610000004
0.2230210305
0.2086581114
0.1844114211
0.1473245199
0.0970706367
0.038961219420000005
-0.01750827978
-0.06504164397000001
-0.1023385086
-0.1302157818
-0.1492178499
-0.16125540659999998
-0.1688808177
-0.17374726440000002
-0.17640803070000002
-0.1775713005
-0.1773794169
-0.1746927522
-0.1679470038
-0.15441028290000003
-0.1331627058
-0.1070407359
-0.08148876624
-0.0626285115
-0.05485508712000001
-0.06099461676
-0.08238173130000001
-0.11664737460000002
-0.1567537938
-0.1930428477
-0.21947932620000002
-0.23752825470000002
-0.2500366914
-0.2573008983
-0.2604394116
-0.2606907438
-0.2564362449
-0.244572129
-0.2239448382
-0.1960488279
-0.1640508642
-0.13244216130000003
-0.1059804711
-0.08725901805
-0.07723532682
-0.07664179239
-0.08344618497
-0.09334965465000002
-0.1039545099
-0.11643812730000001
-0.13134559950000002
-0.1454089212
-0.1545667524
-0.15864300360000003
-0.160261065
-0.15945046470000002
-0.15521862690000002
-0.1473154947
-0.13446841680000002
-0.1163088315
-0.09245154915
-0.06220987956000001
-0.027476426790000005
0.009377333874
0.04857690294
0.09113217282000001
0.1341833382
0.17364945870000004
0.2072680344
0.2327743287
0.24980370390000003
0.2597443731
0.2639507049
0.2635257357
0.2575697904
0.24445362420000002
0.2252897892
0.2044181313
0.1874565432
0.1790042472
0.1814783292
0.195560388
0.2199409848
0.25162473420000003
0.28571556330000003
0.3171573
0.3433683447
0.3642312717
0.3798703737
0.38910433050000004
0.39153583710000006
0.3884766867
0.3815080551
0.369273906
0.34833583440000004
0.31715465130000003
0.2772579699
0.23262717870000002
0.1874597805
0.1447134903
0.1071705222
0.07769753478
0.05732793306
0.04474760868
0.03879794178
0.0387404748
0.041159120490000006
0.040849565940000006
0.03201932007
0.008678105523000001
-0.03096073278
-0.08532112122
-0.1519464033
-0.22689735390000002
-0.3042030969
-0.37568572200000006
-0.4343082219
-0.4769049096
-0.5022163773
-0.5091556770000001
-0.49811079420000004
-0.47306645280000004
-0.4401768582
-0.4034782368
-0.3626183115
-0.3156552909
-0.2621783322
-0.20079215910000003
-0.1292414526
-0.04910531859
0.032367859560000004
0.1058509791
0.16399779209999998
0.20378175660000003
0.228959514
0.24402002220000002
0.24982764030000001
0.2470311036
0.23710652280000002
0.22175691390000002
0.20270216610000003
0.18166874130000002
0.15969973680000002
0.1397425671
0.12591792270000002
0.1190940867
0.11880586890000001
0.1262337066
0.14147001
0.1611100224
0.179239491
0.19170584280000003
0.19795020210000003
0.2002246506
0.2001039876
0.1967745717
0.19285567290000002
0.19115412839999998
0.18787111380000002
0.1770525477
0.1555674705
0.12200363460000001
0.07558995438
0.01744106166
-0.05135213232
-0.1292992335
-0.20958937470000003
-0.2829770037
-0.3450246651
-0.39588284430000004
-0.4349367486
-0.4586817555
-0.4657798791
-0.459906534
-0.4460199885
-0.4277320884
-0.40628164050000004
-0.3804596604
-0.3484945602
-0.3104555985
-0.26823267180000004
-0.22576989060000002
-0.1862857197
-0.15089908770000002
-0.12102901110000001
-0.09671903649000001
-0.07728399423
-0.061860123630000007
-0.04919680665
-0.039064813020000005
-0.031790923650000004
-0.028618016490000002
-0.03114028521
-0.03926242566
-0.049814581590000004
-0.06196168656
-0.07860032946
-0.0985165326
-0.1164463677
-0.12842849790000002
-0.1313510931
-0.1241462367
-0.10926436860000001
-0.08822383155
-0.05983433901000001
-0.02425410666
0.014894964450000001
0.05208172164
0.08230578228
0.10382256540000001
0.1179866358
0.1282342599
0.13935673980000002
0.1541732733
0.17201658420000002
0.1895041845
0.2029216158
0.21135154500000003
0.21533234490000003
0.21422764080000004
0.2074645287
0.19784013390000002
0.19079586720000002
0.1889465841
0.1902434661
0.1933440147
0.19916605350000002
0.20773557900000003
0.2161701189
0.22099163580000003
0.22167058590000002
0.2188633563
0.21086702910000002
0.1946674818
0.16908741630000002
0.1328144508
0.08150501160000001
0.0139228425
-0.06400773864
-0.14283546390000001
-0.21143061359999998
-0.2598346251
-0.2831452452
-0.2827784493
-0.2656154619
-0.240902208
-0.2157706557
-0.1957494267
-0.18722443860000001
-0.1921126635
-0.20615695380000001
-0.2245001823
-0.24302705400000002
-0.25622807670000003
-0.2561820678
-0.2367897579
-0.1973465928
-0.1404750798
-0.07167028059
0.0008854685523
0.06962140323
0.1292119245
0.17581020930000002
0.2066126283
0.22128829020000002
0.22277941020000003
0.2148303672
0.2002923396
0.1806897033
0.1570328883
0.1321165674
0.11012029110000002
0.09333168273
0.08100975375
0.07338828627
0.07239115863000001
0.07817664537
0.09016200306
0.1069253703
0.1252170963
0.1407288645
0.14877571320000002
0.14695664490000002
0.1362406914
0.12059707680000001
0.10687681080000001
0.10128305070000002
0.1053862794
0.1166873994
0.1328229855
0.1523529297
0.1714187628
0.1839460347
0.18801738090000003
0.1870071471
0.1840892607
0.1795694994
0.1729049778
0.1628702307
0.14730431130000002
0.12463938540000001
0.09408686634
0.057231569430000004
0.018829392480000002
-0.01643342751
-0.04524165009
-0.06510383937
-0.07588934577
-0.08058933639
-0.08307624006000001
-0.08615253834000001
-0.09101668950000001
-0.09795300696
-0.1086492816
-0.12417301800000001
-0.14428989450000002
-0.1692730215
-0.1988365356
-0.2315472939
-0.265966758
-0.29968284510000004
-0.32794172730000004
-0.34616046689999996
-0.35263536120000005
-0.3460260699
-0.32291076690000003
-0.2826529794
-0.2304885987
-0.172092906
-0.1122556338
-0.05718228399
-0.01124438877
0.026355026070000002
0.058219642440000004
0.08415468279
0.1036969974
0.12041304120000001
0.1373166522
0.153769788
0.1679223807
0.17850648780000003
0.185430582
0.1901598849
0.196277499
0.20522470950000002
0.2140011279
0.2182643577
0.2145127194
0.20065481910000002
0.1778804136
0.1493053551
0.11665345680000001
0.08160026670000001
0.04704431607
0.014790880350000002
-0.01549797534
-0.0455829498
-0.07630645716000001
-0.10687376970000001
-0.135596763
-0.16037976600000003
-0.17919701370000002
-0.190665198
-0.1917500859
-0.17869268160000001
-0.1524168909
-0.11901707820000001
-0.08446801419
-0.05080571532
-0.019796050260000003
0.006295035798
0.02714023809
0.04417670592
0.06039361692
0.07740535374
0.09420174144000001
0.1086340761
0.11811524490000001
0.12001181220000001
0.1112329413
0.0922273416
0.06764644422
0.0425456757
0.020462394510000002
0.002738159352
-0.009571961331
-0.015582655260000002
-0.01712556225
-0.016723626930000002
-0.0145220373
-0.009455344956
-0.0017819688420000002
0.0060612232769999995
0.01211124942
0.01817173008
0.02783141145
0.04375574901
0.06676682076
0.0943620957
0.1209356199
0.1398742173
0.1470009861
0.14341415580000003
0.13584888
0.1331322948
0.1388995938
0.1493176176
0.1585581471
0.16300511820000002
0.1625323743
0.158332419
0.1504655838
0.1393778313
0.1279678203
0.11797221510000001
0.1079631702
0.09690231672
0.08420489037000001
0.07038975186
0.05815509264
0.049919362200000005
0.04579622901
0.04300235082
0.03750915303
0.027205778700000002
0.01284368364
-0.004061233071
-0.023287448880000002
-0.04459485717000001
-0.06586317261
-0.08460244062
-0.09897632730000001
-0.1060561062
-0.10436388120000001
-0.09583032897
-0.08310518937
-0.0696813129
-0.05860257579000001
-0.051762170700000006
-0.052312737330000005
-0.06206246469
-0.07889977971
-0.09772439472
-0.11409706890000001
-0.1264560012
-0.1336732182
-0.1364578848
-0.1382681241
-0.14076967410000002
-0.1422143928
-0.1396431918
-0.1322890272
-0.12097731240000001
-0.10489313070000002
-0.08024392629
-0.0432811314
0.0030513210390000003
0.05115802185
0.09487120527
0.1307811321
0.1547741358
0.16040615490000001
0.14399961660000002
0.10756625759999999
0.05523902109
-0.007276363452
-0.07062574122
-0.1266336603
-0.1708624377
-0.2017320552
-0.2183476446
-0.2197565568
-0.20956622310000003
-0.1934013051
-0.17245038240000002
-0.145664766
-0.1153972863
-0.08758552428000001
-0.06779430054
-0.057237622200000005
-0.05295970683
-0.05163084423
-0.05107275333
-0.05033526696000001
-0.04892746329000001
-0.046201519350000005
-0.04165881246000001
-0.0357323364
-0.03020173308
-0.02630574063
-0.023614112070000002
-0.0203515317
-0.014188144140000001
-0.006914540241000001
-0.004123134171
-0.007940108052000001
-0.0159171174
-0.024557490720000002
-0.029824744590000004
-0.03016824174
-0.028678308750000003
-0.028555369830000003
-0.03058190982
-0.03244242537
-0.030862613160000003
-0.02539839411
-0.01758969297
-0.00976136202
-0.003563115606
0.002592924264
0.011527181640000002
0.02278334241
0.03379905027
0.04375585692
0.05188216662
0.05588934561
0.05557137408
0.053499433410000005
0.05239813338
0.05507171154
0.06540418233
0.08704767141
0.1204088229
0.1634815899
0.21403075410000003
0.2665826298
0.31261772250000003
0.3460725693
0.3642376482
0.36636857640000003
0.3529236771
0.32408678970000004
0.2818013733
0.22990382460000003
0.1727091702
0.1158836661
0.06453677232
0.021849047820000002
-0.011354476589999999
-0.03647306007
-0.05512965921
-0.06851382480000001
-0.07802144136000001
-0.08508113919
-0.09014519853000001
-0.09322609770000001
-0.09525132315
-0.09646946028
-0.09591850125000001
-0.09444776643
-0.09401937354
-0.09381844512
-0.09159918768000001
-0.08615269530000001
-0.07781001624
-0.06856585704000001
-0.060290778690000005
-0.05190955614
-0.04163612193
-0.03113293752
-0.02179884024
-0.011522659230000001
0.002171566125
0.02147074479
0.046246302
0.07117797555
0.08929576044000001
0.09678752991
0.09248028264000001
0.07653060585
0.05167051587
0.02284688178
-0.005629015278
-0.03168013932
-0.05430164616
-0.07311149712000001
-0.08952653088
-0.10584754560000001
-0.12263167080000001
-0.1383015762
-0.1503900468
-0.1564458579
-0.15506843580000002
-0.14736582
-0.1347998967
-0.11724352830000001
-0.09537277095
-0.07147861281000001
-0.04767869934
-0.02583740142
-0.008664121368
0.00100624113
0.00261194193
0.00037654223309999997
0.0007701004998
0.008670881439
0.02418640785
0.041361196680000004
0.05355121059
0.0561601899
0.04626578466
0.02480367267
-0.0032851041300000004
-0.029732040090000002
-0.047883443850000006
-0.05692347657
-0.058098106350000005
-0.05144634756
-0.03708365409
-0.01652196276
0.008959274838
0.03759975819
0.06611948829
0.09156370491
0.11200577310000001
0.1268947044
0.13625687790000002
0.14185544490000002
0.1474735338
0.1567035666
0.16978010040000002
0.1830397869
0.19355865749999998
0.20103799770000003
0.2049270741
0.2058308694
0.2060769042
0.2070483885
0.2085087051
0.2094705756
0.20847064229999998
0.20348264970000002
0.1926254322
0.17550560880000002
0.1527921234
0.12521209319999999
0.09466770663
0.06242287428
0.02870130339
-0.005284063305
-0.03815961489
-0.06713079138
-0.08757376209
-0.0973251081
-0.09845149230000001
-0.09416654316
-0.08732508840000001
-0.07899421076999999
-0.06958547901
-0.06268576266
-0.06161295087000001
-0.06563313792
-0.07385967639
-0.08631088155
-0.101043981
-0.1162174023
-0.1317823407
-0.14770083150000002
-0.16287042690000003
-0.1757060271
-0.18702411840000002
-0.19885546890000003
-0.21043372140000002
-0.21758030640000003
-0.2164407768
-0.20451642750000001
-0.1817166141
-0.15145747290000003
-0.1166597352
-0.07808642280000001
-0.03792875616
-0.002518938225
0.0223623855
0.03581893908
0.03970537659
0.03889375605
0.038710622970000004
0.040267401300000005
0.04289786451000001
0.04706663382
0.05343503076
0.06140786301000001
0.07055727723
0.08124959844000001
0.09311571558000001
0.1043162046
0.1138895874
0.1226705184
0.1287649809
0.1305532458
0.1312325883
0.1346480379
0.14218790580000001
0.1536521661
0.1692324081
0.1884606948
0.20799054090000002
0.22443592680000002
0.23465912400000002
0.2367772992
0.23253104070000002
0.22272967350000003
0.206173827
0.181742022
0.1491900876
0.11102958
0.07145522577
0.03418758513
0.003473429643
-0.015590513070000001
-0.0201545469
-0.01411225398
-0.005237691435
0.001678571442
0.0043785954
0.0001825417332
-0.011362285350000001
-0.028757573550000002
-0.05092108092
-0.07770066417
-0.10923817590000001
-0.1418694732
-0.17023214520000002
-0.19419493410000002
-0.2160983097
-0.2354990562
-0.2516636799
-0.2629790244
-0.2661749262
-0.2608947918
-0.24896386980000001
-0.2299626846
-0.2025768924
-0.16738253640000003
-0.1274385708
-0.08952697233000001
-0.0591888312
-0.03715962273
-0.02167213428
-0.010517281380000002
-0.0030002904
0.001186208523
0.0027679199490000003
0.0031936533479999998
0.0038386510380000005
0.005609156895
0.009649649664
0.017315729100000003
0.03102627339
0.051314148000000004
0.0753911253
0.0988500726
0.1177301043
0.1306068084
0.1371753882
0.1363947084
0.1281885453
0.11259888570000001
0.08855151498000001
0.0569279205
0.022337595630000002
-0.00994059072
-0.037127799090000004
-0.0586378035
-0.07393557636
-0.0817548723
-0.08417529359999999
-0.08403730613999999
-0.08108792964
-0.07571404107
-0.06805122444
-0.05648270346
-0.04115987586
-0.02284087806
-0.00129071151
0.0225892908
0.04502526111
0.061276310910000006
0.0699208731
0.07261113807000001
0.07157571219
0.06640057422000001
0.055226444670000006
0.03831454422
0.01804152195
-0.0028244383020000004
-0.020370160890000003
-0.030970532970000002
-0.0353932047
-0.03633815295
-0.033192517590000005
-0.025192286010000002
-0.014259188160000002
-0.00302647329
0.005542263486
0.008914138047000001
0.004249075932
-0.010770654059999999
-0.034501122540000005
-0.06228582858000001
-0.09003723948000002
-0.1138173858
-0.1303703874
-0.1409178051
-0.1489469958
-0.1545903945
-0.1547280288
-0.1468920951
-0.1318729851
-0.1130950755
-0.09271395684
-0.06944287104
-0.04080316464
-0.007660388655
0.027608508630000004
0.06261826005
0.09306378144
0.1144804437
0.1251305721
0.12636133470000002
0.11996727480000001
0.1077458787
0.09286209765
0.07947142803000001
0.06827950314
0.05541874029
0.03875251167
0.02090761155
0.005511052971000001
-0.0066110119739999995
-0.01570066956
-0.02146232781
-0.02423803788
-0.022718439450000003
-0.01528423506
-0.0015302138310000003
0.01830740238
0.03976342236
0.0552936726
0.06094628289
0.057209565600000005
0.04616547741
0.028639706400000003
0.002001080097
-0.03607210575
-0.08017920971999999
-0.11999905920000001
-0.15004895310000002
-0.16985612790000001
-0.18002644920000002
-0.18188122590000003
-0.17732506950000002
-0.16892025389999998
-0.1597045437
-0.1500609213
-0.13946965290000002
-0.1291913235
-0.1195684983
-0.10824040080000001
-0.09331926327000001
-0.07558772751000001
-0.05639743494
-0.03654358416
-0.01581831108
0.004425578433
0.02021722299
0.030501536489999998
0.03662885268
0.04040661501
0.04561820694
0.055543837410000005
0.07222653702
0.09465616026000001
0.11822050620000002
0.13872036510000002
0.15380176860000003
0.1638700659
0.1690833942
0.1670256486
0.15758862480000002
0.14531190030000002
0.13509341190000002
0.1284401718
0.1241539866
0.1213357698
0.11948403419999999
0.1168117902
0.11200332060000001
0.1055199897
0.09762040872000001
0.08996041737
0.08740438263
0.09261658278000001
0.1041067611
0.11834116920000001
0.1293184611
0.1314322218
0.1246121136
0.1137264471
0.1017135135
0.08666439471
0.06684501627
0.04266141408
0.01628866134
-0.009231468984000001
-0.030144393630000002
-0.04389126435
-0.05121278127000001
-0.05352964821
-0.05243440095
-0.04844640051
-0.041206512599999995
-0.031761964530000006
-0.021832988850000002
-0.012797723790000002
-0.004202002647
0.004613136804000001
0.012908311920000002
0.019692907920000002
0.02713825647
0.04135284837
0.06549356124
0.09505180737
0.1221085035
0.14352608790000002
0.1600809534
0.17135656740000002
0.1764007713
0.17522710290000001
0.16798398750000001
0.1542299751
0.1352083851
0.1145054592
0.09405271773
0.07347033711
0.053616044880000005
0.033789750390000005
0.01135603638
-0.012436853130000002
-0.036733211460000005
-0.06480797958000001
-0.09727164360000001
-0.12963100770000002
-0.1561993326
-0.1724094747
-0.17797969080000003
-0.1778515722
-0.1768809708
-0.1771152336
-0.1801545678
-0.1886013702
-0.20445158340000003
-0.2265665607
-0.25061675670000005
-0.271110141
-0.2856752442
-0.2963684385
-0.3048196554
-0.3108858651
-0.3131452062
-0.3083418378
-0.2936547963
-0.27033367950000003
-0.24358759740000002
-0.217879119
-0.194555844
-0.17502678270000002
-0.16037652870000002
-0.150324516
-0.1444094784
-0.1390167252
-0.1289243934
-0.1124603685
-0.09292599018000001
-0.07409859894
-0.056763867870000005
-0.042150558330000004
-0.033961219380000005
-0.03412754793
-0.04118850144
-0.054043113420000004
-0.07153120422
-0.09066632535000001
-0.1077744258
-0.1208908863
-0.1304517123
-0.13729958280000001
-0.14238027990000002
-0.1460731563
-0.1464798789
-0.1424036277
-0.13615132230000002
-0.1293922323
-0.1214072847
-0.11335523670000001
-0.10792834470000001
-0.1048146507
-0.10094529240000001
-0.09251201799
-0.07760837169
-0.0577945359
-0.03469148559
-0.009404086725
0.01669742442
0.04164686388
0.06449351022000001
0.08593923951
0.103714263
0.11372026680000001
0.1162582119
0.1147029345
0.1096433289
0.0995991642
0.08516451438
0.06891473988
0.052642765349999995
0.0375552306
0.02549244258
0.01664010459
0.009583400772
0.0045355446090000005
0.0032733968760000004
0.007118523495
0.01730933298
0.03443940783
0.05578381944
0.0774710415
0.09788801571
0.1186473393
0.13916485620000002
0.15434730270000002
0.1609307937
0.15792353820000002
0.1458543933
0.1278336195
0.10570451580000001
0.08022101994000001
0.05508351297
0.03630836979
0.027562362390000004
0.02716643079
0.02910349377
0.02910743739
0.027851541570000003
0.026998601310000002
0.026734339530000005
0.026718555240000004
0.02688655149
0.027198686070000002
0.0273741183
0.02702828637
0.02597832207
0.02454035265
0.023797941660000002
0.02567793006
0.03255157143
0.04601070504
0.06513401493000001
0.08668012995
0.10693341450000002
0.12394964430000001
0.1395079119
0.1553749983
0.17078130900000002
0.18397517040000003
0.1937570157
0.2019016701
0.21031070400000001
0.21897715230000003
0.22725708660000002
0.23488808940000003
0.24343358040000002
0.252670284
0.26036642520000003
0.2662995132
0.2692317222
0.26694432450000005
0.2613489948
0.2566239102
0.2542910922
0.25274709630000003
0.2486145357
0.2393078868
0.2242256004
0.20297262780000003
0.17402773230000002
0.1372813362
0.0957022398
0.05454702369
0.019714666500000002
-0.00516240459
-0.02095458183
-0.03280627827
-0.04654977435
-0.06397816149
-0.08255844864
-0.0990608895
-0.1110813768
-0.1185219675
-0.1229848308
-0.1253245158
-0.12595225770000001
-0.1249167141
-0.12396386880000002
-0.1258135443
-0.1303226127
-0.13517375580000002
-0.1376163477
-0.136452195
-0.13291225650000002
-0.1287492849
-0.1255406301
-0.12346041960000001
-0.12073363200000001
-0.11633590710000001
-0.11153940570000001
-0.1092306222
-0.11058548130000001
-0.11137528440000001
-0.1064967714
-0.0981583695
-0.09280870182
-0.09249516441
-0.09542341998000001
-0.10098139319999999
-0.1093725729
-0.11862242190000001
-0.12567492900000002
-0.1299362949
-0.1316942469
-0.12850256340000002
-0.1177934769
-0.0990014409
-0.07276131936
-0.04233321072
-0.012452294070000001
0.01347821406
0.03553119216
0.055493924130000004
0.07376283207
0.08968144059000001
0.101628657
0.10950814710000001
0.1151329068
0.1195402455
0.1227127995
0.12332680740000002
0.1207199961
0.11498281380000001
0.10653228360000001
0.09696819087
0.08599964949000001
0.07235292906
0.056442590370000004
0.03897119619
0.020340269820000003
0.002095287489
-0.01261989792
-0.022075727490000002
-0.027889692660000003
-0.03128314824
-0.03186921726
-0.030165190830000004
-0.0273327201
-0.0247686804
-0.02465970111
-0.027882031050000002
-0.032645256930000005
-0.03881683584
-0.04934251458
-0.06556086765000001
-0.0861748659
-0.10979145990000001
-0.1344959829
-0.157799736
-0.1789496055
-0.19779481170000002
-0.21356065890000003
-0.2259786474
-0.23477164470000003
-0.23999880510000002
-0.2435765121
-0.24813678870000003
-0.25392714120000004
-0.2584065834
-0.2594661615
-0.2569187007
-0.2502410337
-0.2381618826
-0.2190981096
-0.19304382870000003
-0.16426580130000001
-0.1387560735
-0.1199960181
-0.10652512230000001
-0.09522403173
-0.08478803601000001
-0.07481709315
-0.06781673601
-0.06571852416
-0.06595801569
-0.06560254053
-0.06366698829
-0.05958385047
-0.05267593296
-0.04305313719000001
-0.03074010588
-0.01571923008
0.0009607002651000001
0.020353856670000003
0.04425203691000001
0.06954472827000001
0.09088902216
0.10667276280000001
0.1197798057
0.13264581690000002
0.1460814948
0.1629654858
0.1827239049
0.1990657953
0.20877210360000004
0.2121182946
0.2095137396
0.2013493671
0.1885052322
0.17403312780000002
0.1607199768
0.149689809
0.1413123633
0.1356396327
0.13344307560000002
0.13550288130000002
0.14056435080000002
0.14595347430000002
0.1480638996
0.1445322996
0.13791800520000003
0.1323034479
0.1264743459
0.11588994450000001
0.09916114770000001
0.07854049827000001
0.05843825829
0.041745415140000006
0.02661685497
0.011045853990000002
-0.004376904156
-0.01809110169
-0.02881950408
-0.03615810021
-0.0411308775
-0.045009476820000005
-0.04914091908
-0.055844464860000005
-0.06603357231
-0.0772417818
-0.08570629125
-0.09019930068
-0.09240145929
-0.09190319958000001
-0.08510308416000001
-0.07083962865
-0.051753586950000006
-0.029966312700000004
-0.006952054662
0.013461399720000001
0.028417245030000003
0.037456051500000004
0.041956222230000007
0.04413179574000001
0.04330586241
0.036281931840000003
0.02274887007
0.006293934135
-0.010514338380000002
-0.027334358370000002
-0.04532625153000001
-0.06471762948
-0.08354502072
-0.10011723030000001
-0.1125733797
-0.11987721900000001
-0.1218900348
-0.1178557704
-0.1078436844
-0.09341406711000001
-0.07637782491
-0.05764648338000001
-0.038730527460000004
-0.023125103190000003
-0.0137665692
-0.010955582370000001
-0.01547224371
-0.02850380847
-0.04743358668
-0.06705544077
-0.08478889929
-0.10086818580000001
-0.1143484992
-0.1242569916
-0.1303498845
-0.13143928500000002
-0.1283582583
-0.1247995827
-0.12249285929999999
-0.11980227060000001
-0.1158983811
-0.1123506927
-0.1095497415
-0.10500653430000001
-0.09695456478000002
-0.08639758233
-0.07487635536000001
-0.06321533589
-0.05045124078
-0.03388218021
-0.01269067707
0.011642841539999999
0.03603956598
0.057287643390000004
0.07450130925000001
0.0881264673
0.0990523548
0.107816805
0.1130591709
0.114285519
0.1126545084
0.10858247550000001
0.10211121090000001
0.09484967232000001
0.0889348113
0.08583823575
0.08642388294
0.09053248752000001
0.09776250657
0.1071780759
0.11762533350000001
0.1274853645
0.1340218656
0.1357102647
0.132485031
0.1254193785
0.1163315907
0.10641279780000001
0.09680236263
0.08982445077000001
0.08880961608
0.09449680662
0.10414580490000001
0.11358518310000001
0.11922102810000001
0.1198841841
0.1157723226
0.1082642391
0.09969324210000001
0.09155929041000001
0.08450636148
0.07729517763
0.06855911757000001
0.06052983858
0.05699751264
0.05828379003
0.061872886440000004
0.06570458415000001
0.06818922171000001
0.06889942647
0.06941188125
0.07107415632
0.07377348573
0.076323762
0.07706654577000001
0.07595960499
0.07367023548000001
0.07024737933000001
0.06577040925000001
0.059149993410000004
0.049775832090000006
0.037754648280000004
0.02357086959
0.009068312988
-0.0038154366540000006
-0.014140702980000001
-0.022049603460000004
-0.02874407499
-0.03504343896
-0.04119565293000001
-0.04762053585
-0.05309335827
-0.05589985212
-0.05613709716
-0.05640440004
-0.06140955033
-0.07270881624
-0.08600598675000001
-0.09794754279
-0.10899214110000001
-0.118643121
-0.1256502078
-0.1307512116
-0.1350320013
-0.1368231111
-0.13440592710000002
-0.1293470082
-0.12450479220000002
-0.12047641380000002
-0.11572562700000001
-0.11018003400000001
-0.10436594130000001
-0.09769916340000001
-0.09097811658
-0.08550189009
-0.0793463211
-0.07109031339
-0.06298437906
-0.05578429032
-0.048007775790000005
-0.03875900589
-0.0283806243
-0.018270703170000003
-0.010943457210000002
-0.009525493323000001
-0.01439258454
-0.022732094970000002
-0.030872148480000004
-0.03644134434
-0.04038402258
-0.044946427950000006
-0.05003906382
-0.05509192995000001
-0.06107740335000001
-0.0679035447
-0.0746122113
-0.0809536896
-0.08718251967
-0.09317945115
-0.09632564568
-0.09349933563
-0.08393720489999999
-0.06860800080000001
-0.05046859467
-0.03225711447
-0.01400751261
0.00372149217
0.0178585164
0.026506982970000002
0.03160708425
0.035174314170000005
0.03778325424
0.04067374131
0.044779196880000004
0.04923203436000001
0.051782938470000005
0.05173022934
0.05132450736
0.05328020934
0.05894373816
0.06665618358
0.07523374347
0.08757577314
0.1048663494
0.1238389875
0.1403959131
0.1528597143
0.1601262756
0.1609464897
0.158314761
0.15597291780000003
0.15329370870000003
0.1486042344
0.1424422791
0.1351838601
0.125562114
0.11270542230000001
0.09657251433000001
0.07797043917
0.05891381766
0.042300847530000005
0.0295754823
0.01936027044
0.0098803377
0.0018294364890000003
-0.0025799917410000003
-0.0038833346069999997
-0.004970438586
-0.007428674493
-0.010960624710000002
-0.014387954220000002
-0.01605230901
-0.015977684340000003
-0.01668686886
-0.01853291466
-0.019791655380000002
-0.02125896651
-0.02513029662
-0.03216361536
-0.041321240550000006
-0.05178226158
-0.06314398776
-0.07416171648
-0.08437378914
-0.09478840887
-0.1044711045
-0.1073794752
-0.09797794398000001
-0.07709538717
-0.04951967337
-0.01944583326
0.011940810480000001
0.044379409950000004
0.07579050021
0.1023044679
0.1216499841
0.1335477483
0.138080655
0.1374791058
0.1350623142
0.1330257582
0.132940215
0.1345725009
0.134490195
0.1287515412
0.1171457226
0.1024799688
0.08546161023
0.06479755155
0.042730015409999995
0.025275984930000002
0.015466122270000002
0.01216977588
0.013504259610000001
0.01825666506
0.025573738050000003
0.03343359834
0.03967445547
0.044920048860000006
0.05073013908
0.055665628560000006
0.057127141980000004
0.05457659103
0.05023928592
0.04697931501
0.04509383301
0.042556829670000004
0.03835455921000001
0.03363852924
0.0289585314
0.025009457040000002
0.02220382647
0.01937040417
0.015938120610000002
0.01291186314
0.009815729039999999
0.003308629491
-0.00912323133
-0.0264710097
-0.04580199729
-0.06488881398
-0.08371266381
-0.1036225395
-0.1236532842
-0.13958060400000002
-0.1477166256
-0.147734676
-0.1420106391
-0.13412418390000003
-0.12588888510000001
-0.1174683735
-0.1093386303
-0.1008028512
-0.09120913227
-0.08334762390000001
-0.07933457853
-0.07701451353
-0.07442867601
-0.0704123541
-0.06417880542
-0.05624680239
-0.046775492640000006
-0.035186174460000004
-0.021548989350000002
-0.007500018699
0.005633688762
0.01767443175
0.028739474100000002
0.03728997801
0.042028158960000006
0.04421195325
0.044135140950000006
0.04198368042
0.040681412730000005
0.04188376557
0.043159251960000006
0.04106114802
0.03373034103
0.02324692377
0.014672718900000001
0.010447502850000002
0.008499533112
0.005559916581
0.0006344055387000001
-0.005316016437
-0.012725875350000002
-0.02377738971
-0.038139004080000004
-0.05275282374
-0.06536650212
-0.07548407505
-0.08372626047000001
-0.09169385418
-0.1005127695
-0.11003700420000001
-0.1192947012
-0.1270076175
-0.1336845978
-0.13998173490000002
-0.14310278640000001
-0.1390678353
-0.1263244491
-0.1058151726
-0.08190295425
-0.060554500920000004
-0.04394357127
-0.029579367060000004
-0.015880800780000003
-0.0035150122710000003
0.009061318458000001
0.023097968729999998
0.036559770660000004
0.04715677791
0.05474938437
0.06124503663
0.06853382739
0.07773219351
0.08932889862000001
0.1010610504
0.1106417907
0.11821775940000001
0.1236358224
0.1253950497
0.1223192223
0.115445061
0.10689495930000001
0.09771330942000002
0.08833733325
0.07968220569000001
0.07131663009
0.06247956627
0.05384308752
0.0472094478
0.0443767122
0.043936468830000006
0.04220060895
0.03911822847
0.03752855721
0.03777122718
0.038627836379999995
0.03956592744
0.0401906871
0.039291610410000004
0.03503127456
0.02596290075
0.012560723999999999
-0.001633184496
-0.01369367109
-0.02499821478
-0.03647454138
-0.04531444029
-0.04910525973
-0.049214415600000005
-0.048921547860000004
-0.0500265855
-0.05285214018
-0.057479782050000004
-0.06334370955
-0.06841243845
-0.07121978577
-0.07205688288
-0.07080335127000001
-0.06826547484
-0.06633116847000001
-0.06509571669000001
-0.06431011227
-0.06528794364000001
-0.07017683562
-0.0803094669
-0.09441125361000001
-0.1074853251
-0.114228621
-0.11179122840000001
-0.10046087460000001
-0.08356225689
-0.0646418178
-0.0457292169
-0.026991283050000002
-0.009430184268
0.005798891124000001
0.01923346638
0.03147575778
0.04207511943000001
0.04869464256
0.05000641614
0.04848504210000001
0.04672979766
0.04537346706
0.042806700180000004
0.03757968693
0.03067019001
0.025163601570000003
0.02348983899
0.023875509330000003
0.023978249460000003
0.023478174900000003
0.02271526101
0.02169247041
0.02042489088
0.01939332033
0.019564563689999998
0.021719183040000003
0.0239062833
0.022514774040000005
0.01686264444
0.01044723798
0.005904002331000001
0.001004097645
-0.005916655269
-0.01223578737
-0.015002070030000002
-0.01545156423
-0.014778745380000001
-0.009459661356
0.0025637355900000004
0.016892221590000003
0.029145470760000004
0.0388852704
0.047367987210000004
0.05642642349
0.06712539588000001
0.07919908281
0.09122751621000001
0.1023700968
0.1113196617
0.1173977415
0.1222515333
0.125868186
0.126928647
0.1257100488
0.1228052097
0.11826994860000001
0.1125950598
0.1055569734
0.09590137299
0.08465726871000001
0.07472406492000001
0.0667512621
0.058124985750000004
0.046790639280000004
0.03479156721
0.023931318420000004
0.012748085190000001
-5.247128655e-06
-0.01488877434
-0.03127373064
-0.048035606759999995
-0.06427408014000001
-0.07868859003
-0.09168778179
-0.10435220730000001
-0.1151081856
-0.1217650554
-0.1246362462
-0.12502599749999999
-0.1244707515
-0.12403557990000001
-0.1243434177
-0.1257136785
-0.1259644221
-0.1216975626
-0.11281038930000001
-0.1021130748
-0.09180145026000001
-0.08128708245
-0.07010185779000001
-0.060187155660000005
-0.052760426490000005
-0.04657613382
-0.04242536586
-0.04264238268
-0.045309800160000004
-0.04637630412
-0.04297066452
-0.035528563080000006
-0.02849910948
-0.02569394979
-0.025803223380000004
-0.02441066445
-0.0182616093
-0.006297200865000001
0.010429413210000002
0.029673749070000005
0.04918861530000001
0.06602896161
0.07796017791000001
0.08526445866
0.08914016403000001
0.08970192387
0.08753887773
0.08574604137000001
0.0862311753
0.08948670228
0.09605062233000002
0.1035744705
0.1089407367
0.1108540791
0.10942181910000001
0.1060408026
0.10237725810000001
0.10004600970000001
0.09902204190000001
0.09680380470000001
0.09118379304
0.08218864107
0.07212942783000001
0.06333778431
0.05557946733
0.048208586490000004
0.042134224680000006
0.03882266298
0.038917839600000004
0.04145076198000001
0.0451673001
0.0484727796
0.04842386694
0.04302605178
0.0331502463
0.01910249307
-8.545972671e-05
-0.02353366026
-0.04831943949
-0.07194975768
-0.09445247523000001
-0.11603532870000001
-0.13526302680000002
-0.1501535277
-0.1600596657
-0.1667419434
-0.171024597
-0.172143918
-0.17030248290000002
-0.16611871410000004
-0.1603359153
-0.15485781510000002
-0.15126372540000002
-0.1493318421
-0.14756692500000002
-0.14545247760000002
-0.1438865073
-0.14205625560000001
-0.1383008895
-0.1323313083
-0.1253108799
-0.11761601400000002
-0.1081331775
-0.09556109352
-0.07955182098
-0.061734182850000006
-0.044069306040000006
-0.026362324710000003
-0.008415981342
0.007744079727
0.02069974746
0.02980251513
0.0344933334
0.03577076217
0.03586446729
0.03592660383
0.036010086930000004
0.036342312390000006
0.03758641659
0.04032041454
0.04445479980000001
0.04865270481
0.050218802640000004
0.04758474897
0.04211328033
0.03604153779
0.02966731371
0.02193930963
0.014143224150000001
0.008646355458
0.004502539845
-0.000991936188
-0.008010496764000001
-0.015109155990000001
-0.019409408730000004
-0.01812987081
-0.01270612782
-0.005970804507000001
0.002154957795
0.01342491633
0.02664792324
0.04000723029
0.053536446540000004
0.06594859809
0.07496063307
0.0796187448
0.08138129769
0.08245608129
0.08310654315
0.08182700523000001
0.07694467614
0.06778168488000001
0.05547649176
0.041624536319999995
0.02652493527
0.01189899045
0.001116190629
-0.0030112305120000003
0.0004403541249
0.008979934698
0.0190531782
0.02870362836
0.038406228480000006
0.0481218759
0.05590391346
0.06102486099
0.06385869531
0.06489561231
0.0656491086
0.06756743448000001
0.07115288157
0.07605375156000001
0.08116920549000001
0.08657469207
0.09396527139000001
0.1028575557
0.1090674819
0.1102194702
0.10886539590000001
0.1076171715
0.1066711932
0.1038563118
0.09765966833999999
0.09119774286
0.08865804177
0.09178720614000001
0.09957630690000001
0.10783338390000001
0.1124702766
0.1131340212
0.1111837932
0.1061370387
0.09650257884
0.08245098009
0.06521688
0.04496698971
0.021725873460000003
-0.002362240152
-0.02435927967
-0.04375889802
-0.06074419689
-0.07292918808
-0.07861558401000002
-0.08069591223
-0.08334877167
-0.08783773938
-0.09286369668000001
-0.09625317921000001
-0.09735146757
-0.09773886447
-0.0985949145
-0.09957768030000001
-0.0996403662
-0.09752609538000001
-0.09197057466000001
-0.08249648868000001
-0.07057574946
-0.05836383963
-0.04638695778
-0.03544734609
-0.02661332337
-0.01948679982
-0.01376757963
-0.00987452037
-0.007838092881
-0.006362130312
-0.004734245178000001
-0.0033952616010000003
-0.0011191532490000002
0.003673610541
0.008649043398000001
0.01081158138
0.009650740536
0.004959356229000001
-0.001993749084
-0.008261471880000001
-0.01406446947
-0.022014983970000002
-0.03202799211
-0.04222592856000001
-0.053095536090000006
-0.06563386386
-0.07843887648
-0.08944843347
-0.09585088092
-0.09571690575000001
-0.09046967409000001
-0.08203781232
-0.07206403437
-0.062054342010000006
-0.05175482301
-0.04109288337
-0.0320727159
-0.026278586550000003
-0.02480877387
-0.0281464596
-0.03282981246
-0.03570198426
-0.03708973629
-0.037272839940000004
-0.03695802723
-0.03736960578
-0.03937187583000001
-0.04333266333
-0.048810116070000006
-0.054225579419999996
-0.05867405145
-0.06264372681
-0.06544164672000001
-0.06638650668
-0.06688041075000001
-0.06825484080000001
-0.07017659037000001
-0.07110276228000001
-0.0687816378
-0.060660841320000006
-0.04517822844
-0.02392839504
-0.001427638509
0.01878806295
0.03511474785
0.04664854143000001
0.053764823340000004
0.05749100469000001
0.05803005438
0.05587347303
0.05361980211
0.05236529931
0.049790203740000004
0.04390538094000001
0.035559974700000004
0.028135344870000002
0.02472068007
0.024687953910000004
0.0249982344
0.02371447818
0.02036788497
0.015109980030000001
0.009259965072
0.005994744831
0.007916626836
0.015006553200000002
0.0259623612
0.03809007180000001
0.04776856875
0.05305957263
0.05459621103000001
0.05334484743
0.04876808022
0.04222121976
0.0374917599
0.03524001174
0.033151070340000005
0.030763718550000003
0.03007587078
0.031744973610000005
0.03509407818
0.039548289060000005
0.0439913754
0.048240645570000004
0.05359435497
0.05989080537000001
0.06438929859
0.06721094889000001
0.07181213319
0.0798585993
0.08950697955000002
0.0982319445
0.10398266460000001
0.10469545920000001
0.1010729205
0.09667095768000002
0.09297924867
0.08840880891
0.08236875267
0.07550116407
0.0699044904
0.06775511940000001
0.06772688622
0.06806402649
0.06893623359
0.07094843136000001
0.07374371238
0.07576942833
0.07479314694
0.07070516298
0.06688444266
0.06551298504
0.06538921227
0.06495634602
0.06173892108
0.05323904658
0.041662501020000006
0.03336156351
0.03192293682
0.03362935689
0.03381814053
0.030670327350000002
0.02347536924
0.01404118053
0.004462840737
-0.0065769801030000005
-0.02080221291
-0.03506958261
-0.04498324488
-0.051133437989999996
-0.05767779690000001
-0.06743653965
-0.07897127499
-0.08912958885000001
-0.09683487297
-0.10136712240000001
-0.1013473062
-0.09844903980000001
-0.09556660674
-0.09270086049
-0.08950674411
-0.08770258701000001
-0.08834302305
-0.09166319793
-0.09768209400000001
-0.1030204998
-0.1034445861
-0.0973136304
-0.08594381097
-0.07191057654
-0.055602697410000006
-0.03758579856
-0.020039691420000002
-0.004014358929
0.009611761482
0.019101551310000003
0.0252468198
0.03153622662
0.038831658750000005
0.045828533340000005
0.052033633020000004
0.057879882900000006
0.06364819233
0.06730854858
0.06650142101999999
0.06107034996
0.051704134740000005
0.03970791738
0.02652737796
0.012366289800000001
-0.0014476195170000001
-0.01248000732
-0.01920263355
-0.02176156224
-0.02249980398
-0.02263811517
-0.02124575244
-0.01725655518
-0.010920531240000001
-0.0045090350460000005
-0.002082355947
-0.004518309420000001
-0.0069706142010000005
-0.006166266795
-0.003970287504
-0.003294997515
-0.00555696279
-0.009430688502
-0.01250911359
-0.014453534070000001
-0.015501585420000002
-0.01701994779
-0.02256650217
-0.032943520170000004
-0.04476384423
-0.05420082879
-0.06032133684
-0.06484760217
-0.06757969698
-0.06947856963
-0.0739570995
-0.07905646503000001
-0.08072770644000002
-0.08051311269
-0.08186293926
-0.08592475014
-0.09207875934000001
-0.0984911247
-0.1015831386
-0.0986164965
-0.09193304160000002
-0.08613638127
-0.08343845469000001
-0.08348135382
-0.08438147036999999
-0.08457917129999999
-0.08307808434000001
-0.07877884203
-0.07093394199
-0.06013171935
-0.04735487124
-0.03403895382
-0.02287025901
-0.01362454983
-0.003336030783
0.007411027284
0.017006007780000002
0.02651553729
0.035051296770000004
0.04121729379
0.046613549160000003
0.05179132602
0.05582467809
0.05867062776
0.06001941447
0.060266459700000004
0.0602533143
0.060687269460000005
0.06439593996
0.07263597699
0.08358442749
0.09544814118
0.1068781842
0.1171075617
0.1245267666
0.1283259834
0.1306433997
0.1323523998
0.1314505665
0.12723540570000003
0.12074334390000001
0.1117611117
0.1009776654
0.09062118954000001
0.08146872441
0.07402444515
0.07006893543
0.0694854072
0.06982200792
0.06928331139
0.06722448669
0.06308973846
0.05658942645
0.048490378740000006
0.039139270920000004
0.027908596530000003
0.014843049930000001
0.0015244779240000002
-0.010789577550000002
-0.022412632320000004
-0.03481045146
-0.04970098179000001
-0.06448345497
-0.07486371027000001
-0.08100807624
-0.08639837694
-0.09342393597
-0.101027304
-0.10753800480000002
-0.1128007755
-0.117458073
-0.1221803127
-0.12596677650000002
-0.12783332520000001
-0.1286415711
-0.1288184454
-0.1271941056
-0.1222104294
-0.1133995779
-0.10216585260000001
-0.0906565644
-0.08117541522
-0.07455066336
-0.06892358850000001
-0.06208155495
-0.05285393541
-0.04274796771
-0.034393428360000006
-0.02789921817
-0.022101076530000003
-0.01646356383
-0.010744588890000002
-0.006234915213
-0.003902865336
-0.00045796905900000005
0.007530703398
0.017629590240000003
0.02569394979
0.03158228457
0.03641985063
0.03837636684000001
0.03751419537
0.03768203466
0.040260946320000005
0.043764754589999996
0.04686358644
0.05054160069
0.055772626230000004
0.06135452604
0.06671732931
0.07330811895
0.08315588745000001
0.09547171461000001
0.10744912620000001
0.11751565770000001
0.12406638330000001
0.126360648
0.126790326
0.1272711141
0.1273738248
0.1259973837
0.1226148957
0.1176077736
0.1123399017
0.10737918090000001
0.10199937690000001
0.09694396998
0.09329262912000001
0.09056541969
0.08879216409
0.08742169728
0.08381943585000001
0.07788490578000001
0.07275133278
0.0703625193
0.06989102127
0.06859233423
0.06427762155
0.056426727600000004
0.046045815030000006
0.03432918267
0.022798910880000002
0.01423902861
0.01029268143
0.009580876659
0.009521971533
0.009056791143
0.008417594106000001
0.007853774166
0.007444111509000001
0.007384287186000001
0.007980873507
0.009385146558
0.01131871914
0.012859379640000002
0.012310421850000001
0.007856635743
0.0005016822228000001
-0.006212096172
-0.009594869643000001
-0.009297634491
-0.008968738545
-0.01265903982
-0.01987842483
-0.02733867477
-0.03290345613
-0.03602725443
-0.03677984820000001
-0.03622595598
-0.035328399840000003
-0.03456438723
-0.03468500118
-0.036926635230000004
-0.042399644040000004
-0.05106935907000001
-0.06049535643
-0.06556473279000001
-0.06353107074
-0.057287623770000004
-0.051248636820000006
-0.04942843056000001
-0.054634156110000005
-0.06663605346000001
-0.08074784637
-0.0912530124
-0.09717991028999999
-0.0985253616
-0.09427512024
-0.08720840826000001
-0.08154864648
-0.07676241615
-0.06981491529
-0.06109453161
-0.05422376457
-0.049260326400000005
-0.04231073601
-0.03223285434
-0.0219686121
-0.01244831121
-0.001669521717
0.009293163093
0.0184657554
0.026477327340000002
0.032194261800000006
0.034634764170000006
0.03694069296
0.042167166660000005
0.05002351497000001
0.05724799137
0.058708249110000006
0.05261435559
0.04354134165
0.03561263478
0.027413024760000005
0.01632157389
0.004089051288
-0.00686823606
-0.0168331752
-0.02578964634
-0.03369371049
-0.040661478810000005
-0.04638259233
-0.05055949413
-0.053777350710000005
-0.05708286945
-0.05978646621
-0.05963390109
-0.05659638174
-0.05363386965
-0.051331590180000004
-0.04704918183
-0.03939453693000001
-0.030443529960000004
-0.024432756570000002
-0.0226554102
-0.02239393446
-0.021950542080000003
-0.02212786764
-0.02417116311
-0.02852569458
-0.034510814820000006
-0.04012095762
-0.04376205684000001
-0.04577327361
-0.0478212975
-0.04984387425
-0.050726116980000006
-0.05105629215
-0.05181723423
-0.052913609640000005
-0.053458388370000005
-0.052242350580000006
-0.04794732657
-0.03972498678
-0.02849170293
-0.01731755376
-0.007659039780000001
0.0012839700779999999
0.009679540734
0.01836758673
0.02813222529
0.036466722810000005
0.04139428581
0.044807645880000004
0.04800404799
0.05172006618
0.05825563533000001
0.06697232064
0.07553069217000001
0.08461534077
0.09361340631
0.0991142559
0.09958935420000001
0.09569654019000001
0.08710916049
0.07337038302000001
0.05665715469
0.03928160421000001
0.022274507520000004
0.006541448283000001
-0.01043544636
-0.03181529169
-0.05521228884
-0.0740809998
-0.08420136858
-0.08740674684
-0.08663980104
-0.08360501868
-0.08111714382
-0.08080017291000001
-0.08161696332
-0.08248554072
-0.08330228208
-0.08387317503000001
-0.08333931483000001
-0.08055026316
-0.07477990344
-0.06666117687
-0.05861093391
-0.05307307119
-0.051972222420000005
-0.05604457905
-0.06409386063
-0.07337282571
-0.07926805692000001
-0.07764906357000001
-0.06833744100000001
-0.0545530176
-0.04093460883
-0.0300730455
-0.02212607241
-0.016083524430000003
-0.01039025169
-0.005905674936
-0.004338564714
-0.005079903471
-0.004897301112
-0.0007349276277
0.006604490286
0.013849306740000001
0.018754424460000002
0.020595643740000003
0.01946141154
0.016852863870000002
0.01435179456
0.011283530670000002
0.006846378399000001
0.0023089836240000002
-0.001173449637
-0.00220107951
-0.00015333128100000003
0.002909726442
0.00417980556
0.00363907836
0.004222025838
0.006458624415
0.008509176342
0.010738624410000001
0.01444383198
0.01902304188
0.02208607704
0.02253615003
0.021950846189999998
0.02195626131
0.023100225030000004
0.02563913151
0.0296795664
0.03436291926
0.037547372790000005
0.038325884580000004
0.03848249142
0.039841696350000004
0.0429341517
0.047541555539999995
0.05300633376
0.05983151373000001
0.06972724332
0.08203202442
0.0939834297
0.1040489802
0.1108241586
0.1135283832
0.11403006660000001
0.113509548
0.1109720934
0.105326046
0.09726407028000002
0.08980798959000001
0.08598521898
0.08540063127
0.08551025802000001
0.08513645778
0.08458635222
0.08421945822
0.08410945869
0.08433756081
0.08498187180000001
0.08585681589000001
0.08633554389
0.0853887906
0.0818871111
0.07525509984
0.06651987363
0.059086895490000006
0.05638234716
0.057974519970000006
0.060557247720000006
0.061198841340000004
0.05786714952
0.05077540242
0.04184329932
0.032602151790000006
0.026096444280000002
0.02415086622
0.02432999682
0.02432416968
0.02416348188
0.024416609310000004
0.02498072355
0.025266292650000004
0.024469220340000004
0.02164634379
0.01608236685
0.008186503860000001
0.0002632792104
-0.005468627664
-0.010110186
-0.01624475178
-0.023944767930000003
-0.03231956493
-0.041612626980000005
-0.05214516291000001
-0.06314063274000001
-0.07313029308
-0.08183183175
-0.08877303459000001
-0.09318394413
-0.09655192314000001
-0.1014653205
-0.1081207188
-0.1140699933
-0.11752566390000001
-0.1176427953
-0.11269080540000001
-0.10340671950000001
-0.09430999479
-0.0868024116
-0.07875693630000001
-0.07108425081
-0.06663215889
-0.06514837677
-0.06475134645000001
-0.06563363823
-0.06961943142
-0.07788288492
-0.08929299402
-0.10013067000000002
-0.10850958720000001
-0.115623603
-0.1219183857
-0.12614129640000002
-0.1275431454
-0.1263016899
-0.1216543005
-0.112345101
-0.099127107
-0.08549968284000001
-0.07353439641000001
-0.06336836208
-0.054374554080000005
-0.045272061089999996
-0.03572300709
-0.02732914926
-0.022563873090000002
-0.02126164464
-0.02107759923
-0.020882968830000005
-0.02099022156
-0.021565205280000003
-0.022083389100000003
-0.02161420623
-0.01912746933
-0.0138990042
-0.006390472383000001
0.001010546739
0.00558354789
0.005544889623
0.000418489695
-0.0077943893310000005
-0.01531773621
-0.019172222550000003
-0.01988538012
-0.01989540594
-0.020133769319999998
-0.02001659868
-0.01895945346
-0.01690765272
-0.01432308069
-0.012466646100000001
-0.013290921540000002
-0.01664915922
-0.01890076023
-0.017778564900000002
-0.014979771900000001
-0.01310463945
-0.01373744331
-0.016158463020000003
-0.01847209266
-0.01863950031
-0.014234663160000001
-0.005071941675
0.006676425054
0.019142409960000002
0.03246752916
0.046101153240000005
0.05869822329
0.06992290377
0.08046547533000001
0.09125845695000001
0.09959013900000001
0.10241708669999999
0.10099100700000001
0.09900016560000001
0.0990149787
0.10035119880000001
0.101428533
0.1013310216
0.09908963280000001
0.09346529493
0.08401449789
0.07232093865
0.06052660128
0.04882256496
0.03731515047
0.026137891530000002
0.01422848286
0.001404620325
-0.012087980100000001
-0.024987865230000003
-0.03572662698
-0.04367219724
-0.04778423532000001
-0.04877232795
-0.048966320699999996
-0.049486348799999996
-0.050109793920000006
-0.05052646386
-0.0506708082
-0.05047613856
-0.04988366361
-0.049074760440000004
-0.04864024611
-0.04956086556
-0.05294150928000001
-0.05940051138000001
-0.06803155539000001
-0.07566363729
-0.07950850983
-0.08068252158
-0.08182995804
-0.08348391423
-0.08431754841
-0.08310183435
-0.08119550610000001
-0.08052543405
-0.08065611306
-0.08060713173
-0.08040737070000001
-0.08049963375
-0.08106435621000001
-0.08191696293
-0.08247193425000002
-0.08158895577
-0.07765888338
-0.0692278947
-0.05635357443
-0.04100287662
-0.023515325370000003
-0.0036748760310000004
0.01696402098
0.036786106980000004
0.053069166810000006
0.0630688824
0.06665449626
0.06582936735
0.06301015974
0.05995798425
0.05849324334
0.05904367263
0.05977712709
0.06125266881
0.06576397389000001
0.07198208163
0.07771713515999999
0.08274980250000001
0.08559619362000001
0.08392822875000001
0.07732302822
0.06675111495000001
0.054576551790000004
0.043993435500000004
0.036500076810000004
0.031281451110000004
0.027725512500000004
0.02596368555
0.025335855360000003
0.02558641257
0.027627284970000002
0.03248734536
0.04001613777
0.048215453490000004
0.055218361230000006
0.06217805592
0.07097042538000001
0.07976882799
0.08498079270000002
0.08617412034000001
0.08507621457
0.08192921562
0.07594815672
0.06792431247000001
0.06133404276
0.05966823609
0.06226584561000001
0.06506057727
0.06445144494
0.06045142725000001
0.056659901490000004
0.0549049023
0.05325911784
0.050040800190000005
0.04586804802
0.04252653639
0.040080648329999996
0.03619551555
0.029524146570000003
0.02131603128
0.01299986865
0.005090122548
-0.0017963561880000002
-0.0066449349540000004
-0.008440387641
-0.007253760231
-0.005061190896
-0.004098728853000001
-0.004036664907
-0.0038533415130000003
-0.003766058019
-0.004646269098
-0.007134426486
-0.01124134767
-0.01587476763
-0.0185766084
-0.01778075253
-0.01431117135
-0.009504919791
-0.004465677789
0.0008406609849000001
0.007519173705000001
0.014845757490000002
0.020921443650000003
0.024529061339999998
0.02550732435
0.0248542236
0.02304768267
0.01976896485
0.01527752502
0.01094617458
0.00684481959
0.0008226626760000001
-0.008273667672000001
-0.020613998249999998
-0.03623873841
-0.05385314277
-0.07141228740000001
-0.08659301715
-0.09760947057000001
-0.10568254140000001
-0.11275182360000001
-0.1187466165
-0.12262284180000001
-0.12413662290000001
-0.12412612619999999
-0.12273369480000001
-0.1192826349
-0.1137899178
-0.1074821859
-0.10133877150000001
-0.09733790034
-0.09659729439
-0.09690619167
-0.09602355654
-0.09350429949000001
-0.0898372332
-0.08620247124000001
-0.08512969869
-0.0898432173
-0.1002245517
-0.11156196870000001
-0.11936484270000002
-0.1225255266
-0.1228954617
-0.12286858230000001
-0.1232693208
-0.1238797971
-0.1244754603
-0.1248290127
-0.12443317920000001
-0.12259655100000001
-0.11887267500000001
-0.1136768085
-0.10840216770000001
-0.10349814870000001
-0.09842873310000001
-0.09404494821
-0.09104875839000001
-0.08896749822
-0.08834468094
-0.09050835492
-0.09322780464000001
-0.09041987853000001
-0.07870577715
-0.060368866289999996
-0.04081291578000001
-0.02320253352
-0.006086364345
0.01088249787
0.02457213705
0.033083705070000004
0.036841700250000005
0.0378247113
0.03857881581
0.040606366229999996
0.044400952710000004
0.049898241270000004
0.05628293262
0.06343564887
0.07206664383
0.08043749721
0.08537286897
0.08661914118000001
0.08593797402
0.08350634970000001
0.07818961419
0.0700322166
0.06149638845
0.055249635510000006
0.05077758024
0.04623667839000001
0.0424381581
0.04084708401
0.04082398146
0.04164647148
0.04372063902
0.047375168130000006
0.05165176896
0.0543172833
0.05443033374000001
0.05370768009
0.05408921061000001
0.0565429761
0.06157318113
0.06886516014
0.07641807534
0.08207080335000001
0.08463596139
0.08367344343
0.079976025
0.07433316585
0.06581816433
0.05483548674
0.04582222551000001
0.042327707310000004
0.043659051840000004
0.047438148330000006
0.05235760827000001
0.057326549850000005
0.06179084541
0.06618796209000001
0.0696148992
0.07112705184
0.07172920926000001
0.07210363734000001
0.07127924418
0.0677170566
0.06062124816
0.05058536310000001
0.03841655841
0.025282636110000003
0.01392021342
0.0066995786160000004
0.0041334817590000005
0.0062920820070000005
0.01213895286
0.01737648243
0.01788631794
0.01263884103
0.003473000946
-0.006415629147000001
-0.01419538392
-0.01750063779
-0.0163505232
-0.012728425950000002
-0.008220547503000001
-0.0041368828860000005
-0.0008182523943000001
0.002818979037
0.006517826784
0.0076772304630000005
0.004942973529
0.0005699634525000001
-0.002232483282
-0.003031381233
-0.00436441995
-0.008177481603000001
-0.014175430380000001
-0.020482259760000003
-0.025842698820000003
-0.02993057487
-0.03066325434
-0.025947999359999998
-0.01690680906
-0.006876147825000001
0.001379381157
0.0072007155990000005
0.011240474580000001
0.015030931050000002
0.02001706956
0.02594920599
0.03268710639
0.0412236801
0.050514897870000006
0.058005470520000005
0.06362129331000001
0.06849250767000001
0.07092236619
0.06854579559000001
0.06182882973000001
0.05315225751
0.046224670950000005
0.0446446233
0.048414920220000005
0.05415854769
0.058218357330000005
0.059134130640000004
0.057505327290000005
0.053295571800000004
0.04574142054
0.03572875575
0.026862497370000002
0.02103248304
0.01640056401
0.015450288930000002
0.01470512133
0.01698802605
0.021956683140000002
0.02930893479
0.03740784516
0.04446721926
0.05149481877
0.06020242983000001
0.06860467521000001
0.07298752815
0.07297360776
0.07070636961
0.06729776739
0.06323533848
0.06016249332
0.059026407030000005
0.05849484237
0.05736776166
0.05587474833
0.054963271800000005
0.055350786420000006
0.05527356210000001
0.05212019646
0.04695377958000001
0.043214550930000005
0.04222925415
0.04235561676
0.04231088316000001
0.04222946997
0.04236777135
0.042464723579999995
0.04195072863
0.04019484654
0.036672713190000004
0.03144954546
0.0255180663
0.01904332896
0.01096754076
0.0021939319440000002
-0.005227778430000001
-0.012054243510000002
-0.020654974620000002
-0.032403204990000004
-0.04682744640000001
-0.059537203920000004
-0.06559060176
-0.06522836751
-0.06309011124000001
-0.062461447200000006
-0.06228863424
-0.060696579150000006
-0.057451323240000005
-0.053516561670000004
-0.05039037954
-0.04798535994
-0.04391646624
-0.03669718914
-0.02787470298
-0.021399484950000002
-0.018781627590000002
-0.017020958220000004
-0.013819347
-0.01000221714
-0.007623784602
-0.006645956175
-0.004198910535
0.0022259184300000004
0.012751675650000002
0.024941679750000004
0.0355987242
0.04334569101
0.048621626730000006
0.051256445580000004
0.05050655937
0.04701225699
0.042050084310000006
0.03693119688
0.03178992303
0.0255502431
0.018871418520000002
0.0135112149
0.01039589244
0.00933453873
0.009033231447
0.008678111409000001
0.008374155426
0.008335964115
0.008489305206
0.008539367598
0.008037093636000001
0.0064124408970000005
0.00320432859
-0.0013996191869999999
-0.006257276127
-0.011031433290000002
-0.016767928890000002
-0.02278055637
-0.025749503820000002
-0.02539449954
-0.027119048490000002
-0.03422643273
-0.04376792322
-0.05216107473
-0.059598957870000004
-0.06702489243
-0.07353469071
-0.07743536253
-0.07756804278
-0.07403791428
-0.0688484439
-0.06440367024
-0.06133844745000001
-0.05850323973
-0.054092202660000005
-0.0478714266
-0.04175346915
-0.03730031775
-0.03439661661
-0.03179795742
-0.02744192502
-0.02036875806
-0.012179978280000002
-0.006646334841
-0.0052067114550000005
-0.004830400836
-0.0027803040930000004
0.001121275152
0.0056606260410000005
0.008920561635000001
0.009849956130000002
0.009071354088
0.007011671994
0.0034683863220000004
-0.0009579357090000001
-0.004178969748
-0.004669845471000001
-0.002764778787
0.001182982995
0.007061482269
0.013620096090000002
0.01928357586
0.023031682560000002
0.02415867498
0.022748948550000002
0.02055226392
0.019624169250000004
0.01967204205
0.01964897874
0.01944851139
0.01940375817
0.019630634040000004
0.01997506314
0.02010139632
0.01944792279
0.01730570328
0.01317119049
0.007421796702
0.001758245319
-0.002232264519
-0.004051740915
-0.004232592189
-0.004534972686000001
-0.006590405088
-0.01108082664
-0.0176212125
-0.024471103860000003
-0.029768405759999998
-0.03223524798
-0.031303317600000005
-0.029204183610000004
-0.02895593175
-0.03086244639
-0.033929925480000005
-0.037262568870000005
-0.03948680979000001
-0.03988944162
-0.03943706328
-0.03904727274000001
-0.03876895323
-0.03846419577000001
-0.03819725586
-0.038081213370000006
-0.0381041001
-0.03808829619
-0.037659530520000005
-0.03624052383
-0.03318725943
-0.028213412850000005
-0.02177340291
-0.014033862270000001
-0.004786530516
0.005577389172
0.01672949331
0.027313502310000005
0.035000471160000005
0.03786818922
0.03551181741
0.030246496110000003
0.02496715632
0.021044765160000003
0.01880489691
0.01815015789
0.018148068360000002
0.01804511241
0.01775611962
0.01732971816
0.01670114241
0.01585278342
0.015008780070000002
0.01468030203
0.01560743532
0.018510636150000002
0.023583063419999998
0.029659750200000005
0.03395700108
0.03523316436
0.035416954710000004
0.03597626205
0.036287592210000004
0.03523501845
0.03353939919
0.03274825212
0.032505935310000005
0.03161553066
0.029586498930000003
0.02658063645
0.023285506500000004
0.02100819348
0.020296507409999998
0.020106468090000003
0.01936767699
0.01773012312
0.01514663019
0.011886561180000001
0.008784228141000001
0.005953595805
0.002257878429
-0.0025394430870000003
-0.006733036602000001
-0.008758432746
-0.009751678569
-0.012454844670000001
-0.018397291410000002
-0.02690195319
-0.0353547495
-0.0415470177
-0.04476340278
-0.04534499844
-0.04490571645
-0.04457270619
-0.04435728840000001
-0.044059260600000004
-0.043687510650000004
-0.043311287340000004
-0.04293009036
-0.04251970863000001
-0.04206002184
-0.04152541608
-0.040878888030000005
-0.04011080427
-0.03928890285
-0.03859991712
-0.03833647938
-0.0388042398
-0.040115503260000004
-0.04190587731
-0.04302033255
-0.04167880524
-0.03734776872
-0.031849028280000004
-0.028000359270000004
-0.026640683459999998
-0.02592811449
-0.024448197510000002
-0.022395837600000003
-0.02063256858
-0.02006913123
-0.02049333525
-0.02021954796
-0.018486238680000003
-0.01570006134
-0.01246886316
-0.009806767605
-0.008388906723
-0.007873148916000001
-0.006923624301000001
-0.0044983666710000005
-0.0005377300488
0.003954082365
0.006962560191
0.0075990222
0.007220850624000001
0.007073705529
0.007306315344
0.007843538412
0.008767484433000001
0.00999192645
0.01093134186
0.01063620801
0.009102688209
0.007817293719000001
0.007515599922
0.007178640156
0.0057055195440000005
0.0028719716760000004
-0.0007697850102000001
-0.003891088431
-0.005240811996
-0.005093891550000001
-0.004758852582
-0.005096835531
-0.006396305409
-0.008761347297
-0.011877545790000001
-0.014609248200000001
-0.015913899720000003
-0.01628920089
-0.01708310457
-0.018799226730000004
-0.02095254135
-0.02315381706
-0.024696831960000002
-0.02480169105
-0.024074132400000003
-0.023354873010000003
-0.02276906886
-0.022201481880000002
-0.021676529160000003
-0.02125654344
-0.020868322499999998
-0.02027693646
-0.019120484610000002
-0.017007400800000003
-0.013752295650000001
-0.00962318817
-0.004920349707
-1.2875369940000001e-05
0.004293819342
0.008007701895
0.011930666940000001
0.01609726824
0.01946992662
0.021268825560000003
0.02234349144
0.02394249201
0.02616681141
0.02863145619
0.03116295612
0.03342966453
0.03471871815
0.03476533527
0.03426196455
0.0335694276
0.0322302645
0.029636794800000005
0.025630587
0.02080260531
0.01620049887
0.01262727504
0.010050570630000002
0.008112975948000001
0.00686313486
0.006012783459
0.0047810320110000006
0.002814625359
0.0005928207525
-0.0008413118784000001
-0.0010648784430000002
-0.000748916982
-0.0005079046077
-0.0004802492367
-0.000763584894
-0.001558676565
-0.0029380498740000003
-0.004555262709
-0.005626420533
-0.005884751187
-0.0059952000149999995
-0.006427709181000001
-0.006946016607
-0.007001271432000001
-0.006400821933
-0.005495300073
-0.0047226311190000005
-0.004415121954
-0.004536777726
-0.004509356814
-0.0037563137460000003
-0.002665794906
-0.002044910196
-0.0018193635810000001
-0.001580958018
-0.0012708884430000001
-0.001015129971
-0.0008815637799000001
-0.0008669720916
-0.0009265791231000001
-0.0009194819805000001
-0.0006194469563999999
-2.019882924e-05
0.0007905975138
0.002027911428
0.0038215522080000002
0.005824619811
0.007672270527
0.00922559868
0.010331332830000001
0.01078741935
0.010553068260000001
0.00994699665
0.009298894095000001
0.008816611932
0.008552136294000002
0.008390527335
0.008286711048
0.008325896112
0.00859600269
0.009074939643000001
0.009592805619000002
0.01001709891
0.010483289730000001
0.01114344387
0.01179898731
0.012222691020000002
0.01241009145
0.01233540792
0.01200949029
0.01151284923
0.010831995990000001
0.00988020036
0.008670543975
0.007399568223
0.006210248949000001
0.005099619609
0.004042744164
0.0030389545530000004
0.002113273143
0.001320049296
0.0008212252167
0.0006494773284
0.0006339430953000001
0.0005786089074000001
0.0004171391523
0.0002901862746
0.0002936098665
0.00034821046260000003
0.00037343001060000005
0.00036917492310000003
0.0003659284998
0.0003997602468
0.0005065242426
0.0006401492937
0.000720110898
0.0007660342548000001
0.0008336013165
0.0009366684138000001
0.001057450311
0.001160072721
0.001198027611
0.001178228088
0.001134653049
0.001090192167
0.00107349849
0.0010765327230000002
0.001090963233
0.001143614484
0.00127434843
0.0015031549079999999
0.0017988116310000003
0.0020646312390000003
0.002225095371
0.002305174401
0.00237407886
0.0024576218010000004
0.002506615884
0.002493076122
0.0024551722439999997
0.0024076722240000004
0.0023435422920000002
0.002278161585
0.002217602493
0.0021387546180000002
0.002030617026
0.001914283179
0.001807136397
0.0017082025470000002
0.001609841601
0.0015036091110000001
0.001379656818
0.001229936598
0.001057657302
0.0008852986431
0.0007404593886000001
0.0006316711974
0.0005487796404000001
0.00048490349310000003
0.00043842812760000005
0.00040125725280000003
0.0003663185454
0.00033160850910000006
0.0002952423486
0.0002533045005
0.00020224786500000003
0.0001425021201
8.218637496000001e-05
3.653888517e-05
9.471833604000001e-06
-1.181018052e-05
-3.497698602e-05
-5.734184364e-05
-7.929231705000001e-05
-0.0001027570032
-0.0001253014623
-0.0001453841019
-0.00016102173239999998
-0.0001716736266
-0.0001805770845
-0.00019014762240000002
-0.00020045253690000002
-0.0002110916781
-0.00022203620460000003
-0.0002333319291
-0.0002448971343
-0.0002566296
-0.000268524225
-0.0002806988274
-0.0002934040527
-0.0003069782478
-0.00032172826950000003
-0.00033769100340000005
-0.0003543051213
-0.00037042903350000006
-0.00038555899650000007
-0.0003999347667
-0.0004138853715
-0.00042752882520000006
-0.0004405338441
-0.0004529999016
-0.00046561752360000004
-0.00047899777500000004
-0.000493464582
-0.0005088062448
-0.0005244387741
-0.000539875692
-0.0005549737725
-0.0005698144386
-0.0005846342094
-0.0005997680964
-0.0006154257393
-0.0006314742126
-0.0006476510007
-0.0006638538834000001
-0.0006800833512
-0.0006963332238000001
-0.0007125802515000001
-0.0007288004979
-0.0007449762069
-0.000761105907
-0.0007771811616
-0.000793189512
-0.0008091254646
-0.0008249820543000001
-0.0008407488825000002
-0.0008564171202
-0.0008719796061000001
-0.0008874311408999999
-0.0009027665253000001
-0.0009179803638
-0.0009330688305
-0.0009480289824000001
-0.0009628592499
