0.0145360656
0.014434747920000001
0.0143330967
0.01423133757
0.014129598060000002
0.014026808880000002
0.01392339186
0.01381570749
0.013706473140000001
0.013600819440000002
0.013499452710000002
0.013370205960000001
0.01321353045
0.013069784519999999
0.01301231754
0.01305054711
0.013124171160000002
0.013135943160000002
0.01309877307
0.013013053290000002
0.012876449040000001
0.01258113861
0.012256996590000001
0.01205920737
0.011919581640000001
0.01153591254
0.01093918986
0.01072109394
0.011158924050000001
0.011538247320000002
0.011481830010000001
0.010605767580000001
0.009439713702
0.009229410846000001
0.01014298083
0.010898929620000001
0.010858993110000001
0.01007033778
0.009598471875
0.0098945622
0.0102560607
0.01166225553
0.012344923620000002
0.01057089303
0.00641055051
0.0013240223460000001
0.002229919929
0.007514281458000001
0.009605585106
0.0054536301359999996
0.003278469627
0.013617820170000001
0.03398231088
0.04947783372
0.04757603769
0.026741981520000003
0.0005941954278
-0.015370209900000001
-0.01645535286
-0.007217665317000001
-0.001305526572
-0.005683675617000001
-0.008179785972
-0.006054729057000001
7.218822897e-05
0.005761161864
0.007529617431000001
0.006030416934
0.005241249522
0.005340037203
0.014076957600000002
0.01868071212
0.010883272860000001
0.002473154955
-0.008343935721000001
-0.02776470345
-0.030959938170000003
-0.01063726749
0.007574969061
0.009250247286
0.0035995332690000005
0.0006786630594
0.002585245977
0.005255326872
0.04448437695
0.1179051147
0.156995316
0.1190250243
0.03865585374
-0.02023250697
-0.02471882598
0.01446343236
0.0699263667
0.10237303980000001
0.0994905675
0.07233368184
0.0232571556
-0.05397100992000001
-0.12026471400000001
-0.1348460037
-0.12084056100000001
-0.07471949346000001
0.019866387960000002
0.09110573487
0.06743638269
0.0045258454620000005
-0.03886391403
-0.07450011243
-0.09930633570000001
-0.08679535821
-0.03884692311
0.002541403125
0.009419831775
-0.009361210158
-0.018923588100000003
0.01753786674
0.08428822631999999
0.08683009542000002
0.0033794419950000003
-0.05495383458
-0.044507293110000005
-0.008860067289
0.0072671911020000006
0.0019092722310000002
-0.004194590211
0.02377398564
0.11317728330000001
0.2137508748
0.22396828410000003
0.11122391610000001
-0.04762325322
-0.16929970470000003
-0.19639855440000004
-0.13975590870000001
-0.06147081378
-0.007220565153000001
0.004403466693
-0.009390966831
-0.037041216030000004
-0.04574810115
-0.023259706200000004
0.02108221974
0.09186372414
0.1532201337
0.2085131196
0.3039134076
0.38191889790000005
0.3807355176
0.2970852552
0.13699321650000001
-0.03577475484
-0.09717416163
-0.05452419582
-0.01255569147
-0.02704649373
-0.07732587312000001
-0.12362522760000001
-0.11423225070000001
-0.05116852836
-0.005096476485
-0.02856751461
-0.0899799687
-0.1340343243
-0.1034057385
-0.02844604719
0.01270951227
0.027140581440000002
0.05559206337
0.07942485996
0.07312109130000001
0.03395189007
0.014115824820000001
0.01677452121
0.03358351476
0.07917596064
0.1079856351
0.1147487472
0.1052875908
0.055934216550000006
-0.04331175822
-0.11501450010000001
-0.09177485535
-0.05088838419
-0.08031531366
-0.1427625756
-0.20262133170000002
-0.24869674350000004
-0.216061326
-0.14505066000000003
-0.1563057711
-0.23444055719999998
-0.27709345620000003
-0.2637205623
-0.1888945911
-0.07366664502
-0.0029610072360000002
-0.005410653507
-0.02982797208
-0.06618809943
-0.11782840050000001
-0.18439837380000001
-0.2809914597
-0.37397956680000005
-0.3550172292
-0.2312316081
-0.1366760592
-0.1687951764
-0.3002824323
-0.409076019
-0.4309098417
-0.3920316345
-0.35065815570000003
-0.3386327634
-0.36423009450000005
-0.3912199551
-0.3322846143
-0.1975613337
-0.09666049041000001
-0.07929447525000001
-0.104803173
-0.1369225845
-0.15759755190000002
-0.15349363650000003
-0.10134936630000001
-0.041250942090000006
-0.039924061110000006
-0.05502532005
-0.03944979666
-0.06275763072
-0.1301801715
-0.13533395310000002
-0.06313289265000001
0.028937518380000003
0.0832435398
0.06009558912
-0.006695996985
-0.03497150223
-0.020534046750000003
-0.0019207097100000002
-0.002660104125
-0.009985177170000002
-0.03910674096
-0.0691092918
-0.05272049979
0.057010903290000005
0.21093854400000003
0.2948039397
0.25938876060000005
0.176309244
0.13301172990000001
0.1278623628
0.1392906204
0.1609308918
0.18460634580000002
0.1851683607
0.130341546
0.07056648882000001
0.0305091981
-4.147825941e-06
0.048706914870000007
0.1671768207
0.2381800311
0.2267000748
0.1934941077
0.1122563205
0.01079110791
0.01530187344
0.1056602727
0.1880446527
0.24185544570000003
0.2700032787
0.27517187340000004
0.25155125730000005
0.19424123730000004
0.1762688268
0.2556209358
0.32240692530000004
0.2592389619
0.14087817270000003
0.04347740988
-0.022596373620000002
-0.08232817851
-0.1630094346
-0.2131326486
-0.17991677340000004
-0.07819700112000001
-0.002066863995
-0.02001349872
-0.1408079331
-0.2831682987
-0.33921655650000004
-0.30464592030000004
-0.264416778
-0.2473467894
-0.2546854542
-0.2716910892
-0.2915902818
-0.2869278831
-0.2004950142
-0.02111658417
0.13383537750000002
0.16601933880000003
0.08207868078
-0.01387911933
-0.036536216850000004
-0.01443137328
0.03313183293
0.09266547582000001
0.1413362997
0.1911018411
0.25240482540000003
0.3411527562
0.43204780170000007
0.4736569167
0.48167090190000006
0.4883058954
0.47614708710000003
0.4519575891
0.4355451648
0.4340319723
0.3866018976
0.2370641436
0.018577432440000003
-0.147865149
-0.16836540030000002
-0.08846146899
-0.011363805900000001
0.00444713787
-0.02448067842
-0.08027354268
-0.1222079769
-0.14350175910000001
-0.23550141060000002
-0.39351529890000003
-0.5024336688000001
-0.5602435083
-0.5926477041
-0.6281534295000001
-0.6683388192
-0.5963914944
-0.3310725888
0.03390245748
0.3581369073
0.5337076545
0.5883929109
0.6479857179
0.7448591736000001
0.7905072618000001
0.7688904363
0.7058961099000001
0.593244054
0.4786026282
0.3770300844
0.247417029
0.08729642358
-0.022580187119999998
-0.03636866205
0.03396433896000001
0.11776777470000001
0.1514068533
0.19244777310000002
0.2819528397
0.36567736380000004
0.3823148295
0.39347968860000004
0.4261814217
0.4487131278
0.4601463885
0.4849540146
0.4974882516
0.4751696187
0.4034213388
0.3162788145
0.2735220276
0.271389726
0.27377904960000005
0.2507884317
0.18875911500000003
0.1080991368
0.027571652460000002
-0.03881920005
-0.10282900860000001
-0.18672206850000003
-0.3049307046
-0.41640811110000003
-0.4720947723
-0.4309932267
-0.3703607559
-0.392444145
-0.503335404
-0.6074359848
-0.654294627
-0.6550041843
-0.6085324485
-0.5257710702
-0.42810575130000006
-0.36551932470000004
-0.3773594061
-0.41622937290000006
-0.4442147523
-0.45194365890000004
-0.4321201995000001
-0.4276538046
-0.4910259141
-0.6178392936000001
-0.7648791273000001
-0.8678350773
-0.8317685142000001
-0.6233309316000001
-0.29638972620000004
-0.03522675843
-0.0044877041820000005
-0.11583961920000001
-0.2176951815
-0.25248467880000003
-0.2225831121
-0.171008901
-0.1878941673
-0.30589904970000004
-0.43202563110000003
-0.4771863585
-0.44339061420000003
-0.3761044128
-0.31922358030000003
-0.31276330290000004
-0.36827240310000003
-0.4619830167
-0.5275560978
-0.4994883144
-0.3979494189
-0.3088571571
-0.2851082262
-0.3388019859
-0.4256643366000001
-0.4421589687
-0.3435584625
-0.18939617640000003
-0.05727566538000001
0.02117653308
0.08428881492000001
0.13834012950000002
0.15685277670000003
0.1464692841
0.1120515858
0.04639178430000001
-0.03416373702
-0.10806823530000001
-0.19104906330000002
-0.27286721010000003
-0.315635769
-0.3144622968
-0.2864610252
-0.25266861630000004
-0.2564592003
-0.2906417529
-0.3105378063
-0.30486340800000006
-0.3116706651
-0.34665371370000003
-0.41061864150000005
-0.4995744462
-0.5807057949
-0.6167432223
-0.5994713439
-0.5292859932
-0.44988189120000005
-0.4363512525
-0.5076971262
-0.6299194256999999
-0.7357888476
-0.7735154589000001
-0.7466681376
-0.6678773567999999
-0.5713413651
-0.5056854876
-0.46224023490000005
-0.32864922450000006
-0.04904128872
0.31400083440000004
0.6313536477000001
0.8212845672
0.8984573847
0.9243925722
0.9478268964000001
0.9890991360000001
1.051855668
1.0914154740000002
1.0783681740000002
1.018351575
0.9423030816000001
0.8979878781
0.8636720076000001
0.8176486869
0.7892661006
0.7936200729000001
0.8203116114000001
0.8654693958
0.9558461790000001
1.040728185
1.068686685
1.067741982
1.062916443
1.060217712
1.0717425
1.085132169
1.0843748370000001
1.10437056
1.1482124310000001
1.158135246
1.1344597920000001
1.109151954
1.077256701
1.050717708
1.0316156760000001
0.999840105
0.9310122621
0.8135090631
0.6348880926000001
0.4447268343
0.3374810694
0.34000116030000005
0.3696599295
0.357875667
0.2908218645
0.1827784485
0.058407651090000005
-0.021751909200000002
-0.03300418521
-0.016542024210000002
-0.042345541890000005
-0.11238630300000002
-0.18657639
-0.2559624219
-0.3259940499
-0.38826106290000006
-0.4369350456
-0.4490865945
-0.39766120110000003
-0.2960845371
-0.1901802897
-0.14067284940000002
-0.18791780940000002
-0.26115642450000004
-0.2128700349
-0.029832317910000003
0.15234282540000002
0.2041771977
0.1049323707
-0.02356895664
-0.05846472567
-0.02418053166
0.06045464493000001
0.1557659268
0.1732088916
0.08475178806
-0.036721929960000003
-0.10626672690000001
-0.1177210791
-0.07360682364
-0.019881102960000004
-0.007046875179000001
-0.0724722579
-0.2055497148
-0.31779014310000003
-0.2902037364
-0.13576686840000002
-0.008681650857
0.008392829742
-0.0336293667
-0.046318601699999996
0.01101199968
0.1398609738
0.2769015726
0.3207259818
0.2370612987
0.07906751109000001
-0.07794577683
-0.1953750771
-0.2704951521
-0.34348420080000003
-0.4357242954
-0.5101148988
-0.5089925367
-0.44595808740000004
-0.37624116420000003
-0.3421268892
-0.37382525550000006
-0.44580740580000006
-0.5087989854
-0.5471192979
-0.6034131
-0.7071735681000001
-0.8394219819000001
-0.9675687366000001
-1.026370269
-0.992325645
-0.9301723299000001
-0.9042294906
-0.9135439875000001
-0.9441219537000001
-0.9733169061000001
-0.9756215694
-0.9744637932000001
-1.0062813510000002
-1.048731183
-1.089287685
-1.121017149
-1.085964057
-0.8794675791000001
-0.37536464070000003
0.3308776641
0.8710973928
1.046714247
1.042363512
1.078006185
1.15617717
1.235352699
1.3251534390000002
1.408086198
1.446674814
1.4633498520000001
1.4810765220000002
1.4708584260000002
1.3810292370000001
1.239278661
1.125024534
1.0678479300000001
1.055883654
1.078587918
1.095916302
1.0435083390000002
0.8800295940000001
0.6220228662
0.36783242460000004
0.2188265688
0.1792039788
0.1740722697
0.1374548751
0.1087891722
0.1507803867
0.2712604302
0.4502827278
0.6102612648
0.6704274663
0.5900846454
0.40770860310000007
0.1608105231
-0.12279235860000001
-0.3562333749
-0.4970420928
-0.6310427688000001
-0.8577121383000001
-1.111800654
-1.241562429
-1.23822801
-1.190417013
-1.148204583
-1.088592156
-1.020163482
-1.009882602
-1.0496062350000002
-1.074633507
-1.039426398
-0.900885654
-0.6890188878000001
-0.45040407750000006
-0.2229800247
-0.02424473811
0.156661776
0.30486949020000004
0.35436456990000004
0.2897904411
0.172943433
0.05340743523
-0.07330241934
-0.1628756262
-0.20756086290000003
-0.22747221990000002
-0.2051097363
-0.1425570561
-0.060748317090000004
-0.009027613260000001
-0.003962804436
-0.035513239860000004
-0.056276261820000006
-0.017876802240000003
0.06492316860000001
0.1328640894
0.1690783911
0.1820669292
0.1767887568
0.17473895730000003
0.1635889113
0.1560129426
0.17092787040000001
0.1736602497
0.12377100420000002
0.03616540866
-0.03799901538
-0.08391701592
-0.11505736980000002
-0.14090083379999999
-0.193977054
-0.25888079880000003
-0.2746447821
-0.19435336560000002
-0.006168392622
0.20464454610000002
0.3118826592
0.2689825482
0.16591535280000003
0.08925367554000001
0.028970892
-0.01907346528
-0.07843529583
-0.15621100650000003
-0.2274937038
-0.2279615427
-0.1486593666
-0.05184208296
0.055395049140000006
0.15741538019999998
0.2121169212
0.21939084
0.1825679259
0.12416095170000001
0.04942978434
-0.033071109030000004
-0.101299041
-0.10852724520000001
-0.01843438302
0.1115648136
0.1814282982
0.1116296577
-0.05440471002
-0.24943268970000002
-0.42710022630000005
-0.5388699708000001
-0.5801151348
-0.5810464962
-0.5682719142
-0.5315892831000001
-0.46620582930000004
-0.4040455491
-0.3420888264
-0.2469364371
-0.1253716038
-0.02973760236
0.0007600045383
-0.00937827171
-0.02067764553
-0.01835741376
-0.012691236239999999
0.007498051794000001
0.01630478898
-0.0024356326860000004
-0.01867384512
-0.02337712209
-0.019099138050000002
-0.013020813000000001
0.022479418799999998
0.11207983860000001
0.21434810760000003
0.27887053770000003
0.3193977078
0.37518148800000006
0.4491524196
0.499560516
0.4987006695
0.46458551160000006
0.38993170590000004
0.2848434543
0.19103621220000003
0.08557976187
-0.006187359276
-0.03422344068
-0.02087869167
-0.007563832749
-0.009814836330000002
-0.01553994252
-0.018039393180000002
-0.042561695430000004
-0.108281799
-0.1621344807
-0.15303364560000002
-0.07989350328000001
-0.009703888173
0.04580496972
0.1289963988
0.2306810709
0.2961230904
0.2910184569
0.23567524380000002
0.1472474133
0.06569696178000001
0.030777138630000003
0.03518093592
0.02583795078
-0.004309486893000001
-0.02193336477
-0.01965723876
-0.01251469548
-0.01154168082
-0.02105234829
-0.03885997041
-0.05178645045000001
-0.03996821592
0.007482957147000001
0.09083634246000001
0.19471927860000002
0.2718411822
0.2878249095
0.2575648854
0.1934856711
0.1293614289
0.05887622574000001
-0.02043234648
-0.08539216524
-0.14122907640000001
-0.16784282160000003
-0.16345961550000002
-0.137643129
-0.0766554381
0.05766253254
0.2207757177
0.3014835687
0.2595571983
0.1602203535
0.0782312184
0.04110131997
0.04365266553000001
0.07685135361
0.1104735492
0.0736585812
-0.008885776356
-0.0992684691
-0.19421700660000002
-0.2626458768
-0.27273114540000004
-0.2166129423
-0.1548222048
-0.13947230160000001
-0.1742045085
-0.195502509
-0.14061634380000002
-0.03674402208
0.08166401208
0.1253506104
0.058662819
-0.0625836798
-0.154612467
-0.20353130730000002
-0.2472987204
-0.29808666
-0.3635417268
-0.42986792160000004
-0.45675516960000007
-0.4322828493
-0.39171016080000004
-0.36559064339999997
-0.37097662770000006
-0.3537472266
-0.2890227105
-0.2031669639
-0.13735451880000002
-0.106416918
-0.1014528618
-0.12052870110000001
-0.1499660586
-0.1605595833
-0.1397060739
-0.08439903027000001
0.00176031621
0.0995504085
0.172064457
0.17822915910000003
0.131776749
0.07625291418
0.04986839925
0.05496797079000001
0.06522477705
0.08047537362000001
0.1277108964
0.20426038650000003
0.2697518484
0.2696581629
0.203690916
0.12072499920000002
0.03897329553000001
-0.01430430435
-0.030500584920000004
-0.02282147388
0.029396528280000004
0.1343221497
0.2588506821
0.3569956119
0.41511750750000004
0.4606401258
0.5003082342
0.5335002711
0.5595465078
0.5719551768
0.5589341676
0.5224173255
0.4823710416
0.44795069460000003
0.4035847734
0.3310612092
0.2417342922
0.16567069140000001
0.10971288180000001
0.06597984294
0.021968160840000004
-0.01228281651
-0.02133196272
-0.041707244430000005
-0.07790022900000002
-0.10273816800000002
-0.103690719
-0.08988840216
-0.07728627996
-0.07455199752
-0.06838468596
-0.05892271533
-0.09608209281
-0.15091654950000002
-0.1927472724
-0.1948184577
-0.1649449476
-0.1697680341
-0.21457903500000003
-0.2543796765
-0.27913697730000003
-0.3059790012
-0.33116382180000004
-0.3453974451
-0.36415426320000005
-0.3648069225
-0.3355042563
-0.2894611194
-0.24813521910000003
-0.2259470592
-0.2254564611
-0.2361273867
-0.23401186020000003
-0.1988498772
-0.1449190098
-0.07452574596000001
0.04014079344
0.1847949921
0.30099846420000004
0.3458640087
0.32513008320000003
0.2808585342
0.2399710428
0.18579669120000003
0.1066450986
0.01456204248
-0.06984309942
-0.13675542210000002
-0.1672095861
-0.16127600760000002
-0.12296472030000001
-0.06743400867
-0.02071156851
-0.004837349259000001
0.004080537189
0.0053509380750000005
-0.005221704078
-0.01446279471
-0.014754985560000001
-0.01130881104
0.01753652277
0.08481963402
0.18631877940000002
0.292007403
0.3876997347
0.4467786939
0.45270785790000007
0.4176232758
0.3260947005
0.16536187260000001
-0.011911900409999999
-0.130890906
-0.16779838230000002
-0.157235661
-0.14273373420000002
-0.1195267077
-0.06494705595
0.00846657936
0.09060807357
0.16585129350000002
0.2098104921
0.21236835150000002
0.1754035848
0.08438746428
-0.01817347626
-0.09649148373
-0.1469293731
-0.15967727190000003
-0.15771664529999999
-0.140664609
-0.10945213200000001
-0.09169339311
-0.1054707435
-0.13807457280000002
-0.1613526237
-0.16095629970000003
-0.18307235610000003
-0.2328477075
-0.2719739115
-0.2919538404
-0.2969416368
-0.2668796766
-0.18970578000000002
-0.08150819985
0.02160146304
0.0799672941
0.08023047678
0.032855740290000005
-0.020742146280000002
-0.06819944373
-0.1204858314
-0.1782893925
-0.2193955488
-0.2040622245
-0.1601568828
-0.1403243001
-0.14792371470000001
-0.187261128
-0.23898641310000002
-0.2568116736
-0.2146850811
-0.1524050208
-0.1186661745
-0.1148757867
-0.1277901612
-0.1323690768
-0.1237449096
-0.10256139180000001
-0.06895813932
-0.02960863029
-0.006746607756000001
0.01507445802
0.05296457259
0.0913620015
0.1147599306
0.1226149938
0.1210852224
0.1134052677
0.1101145032
0.12489218910000001
0.1672513767
0.23348368980000003
0.3014797428
0.3824569764
0.4509410769
0.4867450263
0.5013798786
0.5019862347
0.4702910076
0.3996903996
0.3019023576
0.1987795395
0.1061506746
0.0276228018
-0.016384966110000003
-0.041193347580000005
-0.08966768697
-0.16740323550000002
-0.25789901400000004
-0.330537159
-0.3651073047
-0.3639151935
-0.33245550450000005
-0.2809661499
-0.21263969610000003
-0.146951838
-0.1089736002
-0.1001612772
-0.1047171393
-0.1070937099
-0.1015279083
-0.07767415755
-0.03579252075
0.02762169327
0.12353644710000002
0.23371481340000003
0.35756596530000007
0.46743443370000004
0.5341189878
0.5725993014
0.6045843159000001
0.6323362173
0.645954165
0.6294570804
0.589632993
0.5525735598
0.5183159607000001
0.48372933419999997
0.44589932550000005
0.4303488078
0.4245890625
0.39792106800000004
0.3676588857
0.3652219836
0.40397697720000003
0.4467274857
0.4675100688
0.4766189481
0.46430965440000005
0.423878328
0.3498759063
0.2590719957
0.1755084537
0.1154749815
0.05154974496
-0.012513145500000001
-0.06793057125
-0.122483736
-0.19217476080000004
-0.2795753862
-0.343038042
-0.35723683980000004
-0.3389128389
-0.31013500769999996
-0.24053864940000003
-0.1508335569
-0.09382805892000001
-0.07807382676
-0.08493053607
-0.09586763640000001
-0.1113880374
-0.1296890829
-0.1433857068
-0.1456085547
-0.1495805256
-0.1646767422
-0.1938993588
-0.2351382444
-0.2800361619
-0.32956126020000004
-0.387809901
-0.4401725418
-0.4648065309
-0.4825384002
-0.5095393461
-0.5162604714000001
-0.4992523839
-0.47842408620000004
-0.47468441610000006
-0.4661203842
-0.45495395550000006
-0.42042609090000005
-0.34708643280000007
-0.23720825250000002
-0.1255230702
-0.0508897674
-0.0159851988
-0.008255622177
-0.01044737532
-0.01896922422
-0.048054647969999996
-0.0887627439
-0.11782261260000002
-0.1401414417
-0.15779483100000002
-0.16982061569999998
-0.1686287007
-0.15516594720000002
-0.148014261
-0.14845816350000002
-0.1519759314
-0.14843805300000001
-0.1350733995
-0.08868876669
-0.02734916166
0.026144120880000003
0.08113883373000001
0.13153767930000002
0.1561807917
0.1547617752
0.12455374410000002
0.08106547455000002
0.05854337244
0.06697079028000001
0.09808485336
0.1312368066
0.1605217167
0.21258544680000002
0.29118071430000003
0.36262939680000006
0.41816135430000007
0.45116435250000003
0.4557152115
0.4071033261
0.31027793940000004
0.20614380840000002
0.1050458724
0.0155166732
-0.07627833189000001
-0.1688427549
-0.24450493050000002
-0.28632123270000004
-0.2969597853
-0.29217279960000003
-0.2899102212
-0.2899986093
-0.27767901510000004
-0.2204046054
-0.1524029607
-0.11209739850000001
-0.09440939952
-0.08663842764
-0.09771412365000001
-0.1117841652
-0.12403901340000001
-0.1244690838
-0.11585374560000002
-0.09636844671
-0.06034345839000001
-0.03205983537
-0.036697395150000006
-0.0754910892
-0.13463489250000002
-0.2014023411
-0.26093560140000005
-0.3096312642
-0.3538983006
-0.4120590438000001
-0.4578745887
-0.494847792
-0.5362029261000001
-0.5597932293000001
-0.5747432769
-0.5925202722
-0.6280109883
-0.6849569592
-0.7287180939
-0.7520193945000001
-0.7646613453000001
-0.7641510291000001
-0.7547770836000001
-0.7155130491
-0.6439403682
-0.5371805907
-0.43010640270000006
-0.3423536964
-0.27569356920000004
-0.2104031142
-0.15738349769999999
-0.1259399952
-0.09189518481
-0.05291423748000001
-0.018790505640000003
-0.004981817205
-0.006421371921000001
-0.01082949444
-0.011082464910000001
-0.01649357262
-0.03586929381
-0.059368452300000006
-0.07690347414000001
-0.09888156270000001
-0.1269414981
-0.1509348942
-0.16834479930000001
-0.1683390114
-0.1549580733
-0.14912848080000002
-0.13460987700000002
-0.08322182046000001
-0.02259496098
0.023549473980000003
0.054814934790000006
0.06691758084
0.04110893253
-0.001619561349
0.0009212409135
0.04412126961
0.08227879497000001
0.1055763972
0.11403408870000001
0.1220793678
0.1542460635
0.197853966
0.23043248550000003
0.2504093733
0.2659756851
0.2739960468
0.2750963364
0.2727151551
0.2656997298
0.2491292664
0.2214843921
0.1781605872
0.14537174130000002
0.1416174543
0.1477457613
0.1533432492
0.1526537043
0.1471544145
0.1310036229
0.09427996638
0.057609018990000004
0.02139016545
-0.006477473349000001
-0.01473311907
-0.010478786940000002
-0.007140027996
-0.006956405397
0.005398191864000001
0.0556771455
0.1209107025
0.17338861080000004
0.2001992427
0.1953684063
0.1676014956
0.1545234903
0.16943557320000002
0.18653862150000003
0.1892105712
0.16801547760000002
0.1492514982
0.1320427962
0.1034321274
0.07532257302
0.03538921203
-0.004191306804
-0.017658294300000002
-0.01213470513
-0.0059459332140000005
-0.006626300859
-0.009282049344000001
-0.009950567490000001
-0.008933656023000001
-0.008384766903000001
-0.008572308597
-0.008907856704000001
-0.008902726074
-0.008771040558000001
-0.008713295955
-0.008882509626
-0.01217557359
-0.02062659429
-0.0319091832
-0.054953903250000005
-0.08820283814999999
-0.12085772850000001
-0.1519622955
-0.1645959078
-0.1901184867
-0.24242148270000002
-0.285121764
-0.2916744516
-0.26425530540000003
-0.20703043620000003
-0.14887989540000002
-0.12902180670000002
-0.1295620434
-0.1343814021
-0.1318851495
-0.1105483995
-0.08495704269
-0.07038053046000001
-0.05785492626
-0.054585753570000006
-0.06730303536
-0.08296376841
-0.07387650054
-0.04386557196
-0.01598307003
-0.004873136139
-0.006681555684
-0.010391870340000001
-0.016953014159999998
-0.03242692557
-0.05287859775
-0.07690028589
-0.10368669690000001
-0.1297013454
-0.14964389820000001
-0.16643704860000003
-0.16744914630000002
-0.1547856135
-0.1462874067
-0.1472112144
-0.1535086458
-0.1589284746
-0.1531145781
-0.1354349961
-0.1137844242
-0.10386327690000001
-0.10432640700000001
-0.09787689117000001
-0.07879263489
-0.049750384950000004
-0.018961788240000003
0.02235141792
0.07597752786
0.1022900472
0.08866242684000002
0.0589034583
0.050015225520000005
0.06870773907
0.1155027438
0.16661196090000002
0.19930653269999998
0.2212583697
0.2485066257
0.2725460307
0.27950838390000005
0.2754244809
0.2786214618
0.29006639640000004
0.3096717795
0.33576814530000004
0.35199486630000004
0.34935607440000005
0.32300101890000005
0.2800183077
0.2308372461
0.17672401080000003
0.13388423130000002
0.11077658010000001
0.1104000723
0.12160485810000002
0.1368775566
0.14723466030000001
0.1471302819
0.16235795249999999
0.1878010704
0.1805268573
0.15329655360000002
0.13176330930000002
0.1155778884
0.09860688270000001
0.08501989536
0.06490654065
0.02514666951
-0.023611404510000003
-0.08568876078
-0.1661948397
-0.2551007115
-0.3547645236
-0.4353168861
-0.4877615385
-0.5227035813
-0.5445506475
-0.5478459246
-0.5251206672000001
-0.4806829368
-0.42353684190000007
-0.3519456201
-0.293775165
-0.22815715410000004
-0.156154599
-0.0991877328
-0.05029739055000001
-0.01825340814
-0.0046463014710000005
-0.0059118081480000004
0.0057076502760000005
0.05525683605
0.1243222281
0.1592089425
0.1737171477
0.2036817927
0.24581152440000004
0.2807071659
0.3032657514
0.3128337387
0.3238151508
0.3480016077
0.39876050970000004
0.4472386848
0.47070292950000003
0.4938027327
0.5224287051
0.5546478843
0.5759461791
0.5798588976000001
0.5750952597000001
0.5729923881
0.5678416476
0.5660993916
0.5714863569
0.5828794947
0.5867102997
0.5789382291
0.5593336308
0.5323349412
0.5058627543
0.48602242170000004
0.4722696846000001
0.47632631580000007
0.4947769638
0.5113930437
0.5201673039
0.5201318898
0.5117532669
0.5002384851
0.47739639060000005
0.4517180289
0.44479776060000004
0.4268790108
0.38941491510000004
0.3692272104
0.37065073950000005
0.3658386402
0.34623561150000004
0.3147451191
0.2710622682
0.2225111067
0.176447565
0.11827289160000001
0.0423132768
-0.01274381784
-0.03831797772
-0.05519330649
-0.07116636051
-0.08381337327
-0.08620687593
-0.08394136434
-0.08190209097
-0.0763385751
-0.07331378913
-0.07949414799000001
-0.08473104972
-0.09276010308
-0.1141998777
-0.1418269959
-0.15557149260000003
-0.1831547601
-0.2168914482
-0.20269696680000002
-0.15905796660000002
-0.1371522366
-0.1429694685
-0.15299774100000002
-0.1631197971
-0.16734516030000002
-0.1552701294
-0.1272835728
-0.1018420245
-0.08917689267000001
-0.07679498535
-0.053001468
-0.03439610649
-0.02434510422
-0.01256314707
-0.00694569582
-0.005453647794000001
0.015175461780000002
0.05385793986
0.07078093542
0.06774669261
0.059440467510000004
0.06009838497
0.07247474964
0.09965576790000001
0.12320300520000001
0.1296790767
0.12451401360000001
0.1175233095
0.09637088939999999
0.07048363356
0.05310102969
0.027326127780000004
-0.003462573897
-0.01497647574
-0.01222123914
-0.013646357460000001
-0.044506606409999996
-0.08786058687000001
-0.1304718228
-0.156307635
-0.1903721733
-0.24398863020000003
-0.285187491
-0.29774821500000004
-0.2921394456
-0.2802497256
-0.2571927921
-0.2057219784
-0.1557796608
-0.13799177640000002
-0.1289483298
-0.1137326274
-0.1009096821
-0.0988680249
-0.10193011830000001
-0.10029871530000001
-0.09398052594
-0.09077672709000001
-0.09153028224
-0.09652697631
-0.1018779291
-0.1000270764
-0.0906046695
-0.08229838554
-0.07409492019000001
-0.0559030698
-0.03410641719
-0.01686742191
-0.007799692617000001
-0.005908131360000001
0.01618252695
0.07464703680000001
0.1331689842
0.17451607410000003
0.2051211159
0.2364329682
0.2664400905
0.278563779
0.2726920035
0.24282536040000002
0.18734451300000002
0.1344343761
0.11367827999999999
0.0988873506
0.07503882858000001
0.05460791436
0.02551788972
-0.004305782637000001
-0.01511476731
-0.011145337200000001
-0.006391053135
-0.006974556840000001
-0.0159200604
-0.03323816352
-0.053197599330000005
-0.06617662173
-0.07367248197000001
-0.07136622945000001
-0.056033003250000005
-0.05076460161
-0.0588189942
-0.05996621484
-0.04333063266000001
-0.026716181220000003
-0.023413772250000003
-0.04742861301
-0.08661983769
-0.10862142120000001
-0.1009460772
-0.07719713649000001
-0.061054634340000004
-0.06093665928
-0.07215638571
-0.09037156428
-0.09648068292
-0.08775275535
-0.06056236854
-0.02379973689
-0.0033272263080000005
-0.0025207530750000003
0.01749486951
0.056765064690000006
0.07559575209000001
0.0651133845
0.02715105852
-0.008276311467000001
-0.017151264450000002
-0.01102463496
-0.026611999020000002
-0.08495225541000001
-0.1414763865
-0.1616657589
-0.1596669714
-0.15556904010000003
-0.1570264137
-0.1590973047
-0.1527439563
-0.1315357173
-0.10162394820000001
-0.0810130401
-0.07234859304
-0.07363765647
-0.08887767786
-0.11649041460000001
-0.14787574380000001
-0.1766970333
-0.2106446364
-0.2417747094
-0.27029041740000004
-0.2835300915
-0.28431381240000003
-0.28018900170000005
-0.26941477680000003
-0.2444978673
-0.1946012643
-0.15211081890000003
-0.11910409290000001
-0.06942756744
-0.02022150996
0.02832452091
0.0949597209
0.16750074690000002
0.20681481240000002
0.20735053650000002
0.189887265
0.1799680797
0.1680802236
0.1418146353
0.11764446299999999
0.1051961616
0.09679274883000001
0.08729668845
0.07572464568
0.039851751600000006
-0.003602490984
-0.0261413937
-0.03628259892
-0.03653404884
-0.03016575981
-0.0194207589
-0.008535362175
0.014602822650000001
0.05710595238
0.09575828433000001
0.12775994640000002
0.1528617744
0.1577044809
0.147369744
0.1590432516
0.1798252461
0.1707151896
0.1386336447
0.09610671591000002
0.03893092614
-0.008469037746
-0.03294088128
-0.05161566816
-0.07106486625
-0.09831974400000001
-0.1144104984
-0.1103681898
-0.1077207651
-0.1023350751
-0.06902598528000001
-0.02407709502
-0.0006476993640000001
-0.002514477618
0.006711984342
0.04083678351
0.07648000587
0.0909865728
0.08034740217000001
0.03893878395000001
-0.005846733513000001
-0.01971063459
-0.01983605544
-0.04317690996
-0.0992671938
-0.14894905590000002
-0.19174184549999998
-0.23526665730000001
-0.2581853679
-0.26252864730000003
-0.2636473797
-0.25539265710000003
-0.20925298979999998
-0.1574085132
-0.12698721270000002
-0.10235763810000001
-0.07142293125
-0.032474209770000005
-0.006474716739000001
-0.0017039989620000002
0.01533488409
0.05867639604
0.09744043446000002
0.1281838365
0.14619646800000002
0.1640362473
0.1882496817
0.2157171912
0.24329545560000002
0.26418751830000003
0.2710297971
0.2560416867
0.2162887218
0.1660498479
0.1290800781
0.09665158293
0.04297216545
-0.007146084690000001
-0.02886031368
-0.050509315980000004
-0.10377018000000002
-0.15520145940000002
-0.18881797500000003
-0.222377004
-0.251708904
-0.2773827531
-0.3055207761
-0.3352689144
-0.3572469441
-0.3680720829
-0.3678399783
-0.3658892598
-0.36510828570000003
-0.3660620139
-0.3593424582
-0.3424439484
-0.31768007490000005
-0.29621971890000004
-0.2875371822
-0.2828006199
-0.27514675980000003
-0.2702983635
-0.25611025860000003
-0.2083965768
-0.154041525
-0.13336008300000002
-0.1268232876
-0.1149907599
-0.09527761394999999
-0.0721349901
-0.045179709750000005
-0.02720354202
-0.017081152380000002
-0.014102669610000002
-0.01654944057
-0.02925460701
-0.051389704620000004
-0.08088215508
-0.10660095360000002
-0.1201961421
-0.12611068920000001
-0.1271417202
-0.1236963501
-0.12798351630000002
-0.1243897209
-0.1020433257
-0.062231608710000004
-0.027916532820000003
-0.01325049453
-0.009609353127
-0.009658794546
-0.009492791688
-0.008952306795
-0.009076121748000002
-0.008983206333000001
-0.008425617705000001
0.01468808136
0.047602701270000006
0.07077319533000001
0.08406693234000001
0.08002196523
0.07539685434
0.09319262598000001
0.11397424770000002
0.1299459087
0.150261732
0.1622347389
0.1605997062
0.1489404231
0.15402651570000003
0.17974078200000002
0.2012729472
0.20364579000000002
0.1978790796
0.18868426470000002
0.18696457170000003
0.19427567040000002
0.1998449055
0.1996329114
0.1976782689
0.19700020170000002
0.1978269885
0.19811834550000001
0.1981581741
0.19770397110000001
0.197777448
0.19463147910000003
0.1933368534
0.19943180640000002
0.21117761370000002
0.2251665756
0.24237076500000002
0.24167876759999998
0.23023765890000003
0.2221430355
0.21003778979999999
0.1785481803
0.1304695665
0.08515383129000001
0.05443782858
0.0242767089
-0.005063132295
-0.0154759617
-0.012078552690000001
-0.007361537796
-0.007667358660000001
-0.008699230377
0.01070034579
0.04882465449
0.07899776199
0.1028811978
0.120119526
0.11928950190000001
0.1096830594
0.09828099450000001
0.08654723388
0.08264796489000001
0.08362123461
0.08576443512000001
0.09240063525
0.1091061333
0.1329544395
0.149301333
0.1669816017
0.19204350300000003
0.2095843716
0.2253971106
0.23477448960000002
0.23793134760000004
0.22873182390000002
0.2106653355
0.1758372849
0.1363721454
0.09609528726000001
0.06666406101
0.052067820869999996
0.02781010413
-0.0030787704000000003
0.01097569287
0.06218986716000001
0.11865911130000001
0.1509958143
0.1700374167
0.1978609311
0.22542879690000003
0.2426507424
0.2433679515
0.23001644340000002
0.21608987310000002
0.20613203640000002
0.1924238367
0.1857664764
0.1792210482
0.1590429573
0.1443076506
0.14144754510000002
0.1431506592
0.1433771721
0.1587054933
0.1799547381
0.18918369180000003
0.18620910360000004
0.1853144316
0.1863284913
0.16937396640000002
0.1516878117
0.1524440646
0.15684826410000002
0.1544953356
0.13991924520000001
0.1202762898
0.1090559061
0.0998718822
0.08128343313
0.07229687472
0.07798968639
0.07870063671
0.04368032973
0.01551506436
0.009175083066000001
-0.001022845536
-0.009172688445
-0.012372087510000001
-0.009971472600000001
-0.007975212156
0.0121242771
0.048213413010000004
0.07121913831000001
0.07883535744
0.09257032863
0.1232762859
0.1508432688
0.1472809635
0.11946196170000001
0.09233100387000001
0.08049626892
0.07563335382
0.062149459770000005
0.04749608619
0.02305979802
-0.005361912522
-0.029887430490000002
-0.06680779713
-0.11478798720000001
-0.15006357
-0.1813067523
-0.2183157621
-0.25010967780000004
-0.2765807856
-0.29146020120000005
-0.2810191239
-0.25693989030000003
-0.2332331424
-0.1933571601
-0.1546045209
-0.1511236386
-0.16601080410000002
-0.1682800533
-0.16771568400000003
-0.16361981280000001
-0.1545274143
-0.1517970951
-0.15033050010000001
-0.1376025156
-0.11635268220000002
-0.09462061863000001
-0.08283826908
-0.08175047742000001
-0.078148422
-0.06871440006
-0.06997629960000001
-0.07429928211
-0.07645224357000001
-0.06174660231
-0.02763144441
-0.005132136816000001
-0.0031446033480000005
-0.009366544836000001
0.008294513922
0.03457321623
0.045707909580000004
0.0475030611
0.04640899104
0.04706657496
0.047680749630000005
0.04798047456
0.047515451130000004
0.047499509880000006
0.04743028071
0.047941931070000006
0.05430412809
0.07077549087000001
0.08494863552000001
0.08803451816999999
0.07820014032
0.06614597529
0.062143357950000006
0.057445241040000004
0.02982920814
-0.005515439022
-0.01819445985
-0.012955802130000001
-0.006538759362000001
-0.00648132966
0.01081761453
0.04080220326
0.054831317489999996
0.05183783523
0.04902083487
0.0573233616
0.07960307823000001
0.10280134440000001
0.10920747060000001
0.11188893600000001
0.11188520820000002
0.10981107990000001
0.10071289350000001
0.08712505269000001
0.07440186528
0.058563698760000005
0.027177898680000003
-0.006485005467000001
-0.0172419579
-0.01222266159
-0.006643321209000001
-0.007604522667
-0.01005115923
-0.01764623781
-0.032772051180000004
-0.04007130921
-0.02652746625
-0.009633534777000002
-0.004836842082
-0.02200100472
-0.051801999300000005
-0.08321717052000001
-0.10422850320000002
-0.1107464634
-0.1086258357
-0.10421398440000001
-0.1159643043
-0.137321361
-0.1467961533
-0.14420621520000002
-0.14012751150000002
-0.1463861934
-0.1570408344
-0.1454365854
-0.1149922314
-0.09739265976000001
-0.0984363849
-0.11143522350000001
-0.1160018766
-0.1079661132
-0.09722958813
-0.08899115994
-0.0871568469
-0.0878253984
-0.06623562888000001
-0.04008669129
-0.033328621530000005
-0.04356926091
-0.05315593626
-0.050782701060000005
-0.04558130172
-0.04398887385
-0.039735571770000006
-0.03698174781
-0.03608948907
-0.030891886200000003
-0.027357617880000004
-0.020090389500000003
-0.011228908590000001
-0.007092075735000001
-0.008217936081
-0.00993997269
-0.016878418920000002
-0.02989747593
-0.04894126596000001
-0.07191146925
-0.09309380985
-0.11179034550000001
-0.1298406474
-0.14814287010000002
-0.1597937166
-0.1553729382
-0.1428059358
-0.1306873485
-0.11556905940000001
-0.1036917
-0.1003338351
-0.10263398580000001
-0.1043078661
-0.11039222430000001
-0.1133785845
-0.11461631220000001
-0.1323728046
-0.1562524047
-0.1649773206
-0.15841786410000003
-0.15053003550000002
-0.1849981572
-0.2493145773
-0.2779177905
-0.264800349
-0.2514747393
-0.2595764259
-0.2799348246
-0.2969821521
-0.29956051440000003
-0.2964550608
-0.30754477529999996
-0.3263613363
-0.3372075666
-0.3358459386
-0.319248792
-0.3011407092
-0.29894601600000004
-0.30071574
-0.2887381224
-0.2656726542
-0.23616907920000002
-0.1918448505
-0.15184182870000001
-0.1408168602
-0.1474231104
-0.1532978289
-0.15221715930000002
-0.15909858000000002
-0.16714846980000003
-0.1643625279
-0.15872952780000002
-0.1567083735
-0.1584719172
-0.1594491894
-0.1594383003
-0.1585210653
-0.1586137698
-0.1566416655
-0.18189937440000004
-0.23226106950000003
-0.27222543990000003
-0.2937266055
-0.300535236
-0.3106918233
-0.3255240528
-0.3323452401
-0.33046456500000004
-0.3175422444
-0.3051854703
-0.30480297840000004
-0.30254883660000004
-0.28736197560000004
-0.2645929656
-0.2437532883
-0.23333899230000002
-0.23969145780000004
-0.2648416491
-0.2837349243
-0.28658002050000003
-0.28753414110000003
-0.2829319758
-0.2807213904
-0.2763327888
-0.2558459772
-0.22101115770000002
-0.1778487273
-0.1505278773
-0.1372651497
-0.11871061380000002
-0.09574996545
-0.07362348102
-0.04943934909
-0.02863027899
-0.02274923304
-0.0190469979
-0.011842632
-0.00670337901
-0.006800460732
-0.008629021188
-0.01588218399
-0.02548915623
-0.029481316110000003
-0.02828588913
-0.026684534160000002
-0.03022545366
-0.0457519761
-0.06983222013000001
-0.08525509992000001
-0.07994403459000002
-0.059405436000000006
-0.055779571709999996
-0.05476365792
-0.030624357690000003
-0.007100237655000001
-0.0008797094937
-0.006080671602
0.01361115918
0.05365527507
0.08261519949000001
0.09758217915000002
0.1103514147
0.11600903790000001
0.10978812450000001
0.10650648330000001
0.0946525698
0.08678577384000001
0.0967970358
0.10717169940000001
0.11200302630000002
0.1102561596
0.10666422810000001
0.12109915260000001
0.1471754079
0.1554641712
0.1477131921
0.140277114
0.1415516292
0.1573910514
0.1850992983
0.2024177742
0.2038335534
0.19221125400000003
0.1839246489
0.17919152010000003
0.1643862681
0.1487033154
0.14655051090000001
0.13448891970000001
0.10505215080000001
0.06962442471000001
0.04735520478000001
0.04428642096
0.04257490950000001
0.02159596944
0.01439243739
0.01649612322
0.0033580346130000003
-0.008618904135000001
-0.01080056475
0.013262600070000002
0.052084350720000006
0.07396175925
0.06600910617
0.02964943989
-0.006836506596000001
-0.015880643820000002
-0.008381308878
0.017207514990000002
0.052781498370000006
0.07943047128
0.08319081105
0.0713665728
0.0643031766
0.06245046981
0.060771802230000005
0.05597237745
0.0537053355
0.05685855399
0.05988431115000001
0.060352189290000004
0.06239677968
0.06677638551000001
0.06611710446
0.0641212011
0.06585839514
0.06536818944
0.06463870803
0.07370219646000001
0.09605230965000001
0.1200618432
0.1430946441
0.1619802675
0.16705566719999998
0.16429071870000003
0.14878395360000002
0.138838968
0.1495829781
0.1605850893
0.1558781532
0.14529453660000002
0.1445637897
0.1552743477
0.16153734600000003
0.1602616536
0.14103160110000001
0.11180496240000001
0.0995075388
0.08621939348999999
0.06250609251
0.026891534970000002
-0.00494928234
-0.01324773792
-0.007967630988
-0.00335304819
-0.004689663633000001
-0.006518857815
-0.007048153422000001
-0.005835311730000001
-0.004950264321000001
0.015097423230000002
0.04864390524000001
0.07022589543
0.08048348649
0.0998604045
0.12357107640000001
0.14560933950000002
0.1592835966
0.1553144706
0.1459310094
0.1423991151
0.14510412450000001
0.15925367610000002
0.1663077528
0.15416964360000002
0.1566253809
0.18198776249999998
0.20852096760000002
0.2170980468
0.2167821648
0.217965447
0.2276432082
0.2388131685
0.2428481196
0.24094468530000002
0.245958282
0.2565296361
0.267994485
0.27050368680000003
0.2690338545
0.2732671638
0.2773350765
0.27221121540000004
0.2607702048
0.2492743563
0.2335029174
0.21822325380000002
0.20651766750000003
0.20083787370000003
0.1812509334
0.1549736712
0.1366811604
0.1069048674
0.07171783947
0.05787819558
0.062151490440000005
0.06841336059
0.07166598381000001
0.07796195352
0.09764032302
0.12095710380000001
0.1418364135
0.1554434721
0.15815495610000002
0.15287099580000002
0.1467784953
0.1486421991
0.1582992612
0.1661762988
0.15412216320000002
0.124644879
0.09793620243000001
0.07938514908
0.06363890226
0.032817981600000004
-0.0006174523872
-0.01190351286
-0.006782834124
-0.0012099291030000002
-0.0018911188260000002
-0.004203115101
-0.004800394989
-0.003794953374
-0.003336428088
-0.0034123270770000003
-0.0037540495980000004
-0.003632918661
-0.003572596971
-0.003393498744
-0.003497626008
0.03418557408
0.03327442128
0.032616798120000005
0.03167360586
0.031020897510000003
0.03002885145
0.029425222530000003
0.028370137410000003
0.027813292380000004
0.027404539110000004
0.043238958210000004
0.07083136863
0.08612700291
0.08436161493
0.08461238796000001
0.0994147362
0.1371056391
0.1720022616
0.1770467598
0.16666905510000002
0.1599456735
0.166757247
0.17408306070000001
0.1619967483
0.1498554999
0.1453417227
0.1373972904
0.1184237694
0.08846081172
0.06297903261
0.031326076800000005
0.001309000293
-0.01008981063
-0.007279359426000001
-0.0042189513840000005
-0.0057189798449999996
-0.008994534921
-0.01056937248
-0.01121026959
-0.011903532480000001
-0.01334837871
-0.01467745713
-0.01623921894
-0.023364006120000003
-0.0341447841
-0.03901487031
-0.039081529260000004
-0.03799448316
-0.03895118379
-0.0342965448
-0.026470195470000003
-0.02311097679
-0.02466686241
-0.009270682497
0.02270609847
0.04802026392
0.055767819329999996
0.050523893640000005
0.03347202411
-0.003197370357
-0.03754972719
-0.04767639399
-0.042621507
-0.03889587501
-0.04114114857
-0.04449047877
-0.045784721880000004
-0.045113139090000004
-0.028904968800000003
0.0008606680875
0.01810205946
0.027640518660000002
0.03674029428
0.04544832717
0.047786030550000004
0.034301989350000006
0.01086297597
-0.005239388565
-0.01307345346
-0.01882392831
-0.02278238103
-0.02803371327
-0.04608645786
-0.06868811907000001
-0.07739402319000001
-0.07532633025
-0.07248634506
-0.07884551079
-0.09149505453000001
-0.1113073011
-0.1252706589
-0.12310206030000001
-0.1169622756
-0.11479318649999999
-0.1163649447
-0.11033601300000001
-0.1013135598
-0.09513350505
-0.09119404449000001
-0.09017971011
-0.08616746916
-0.07984526751000001
-0.07731047142
-0.07841415528
-0.08021491812
-0.08077505931000001
-0.08507854935
-0.09208604817
-0.10356976170000001
-0.11978216010000002
-0.1340584569
-0.1467079614
-0.1569186999
-0.16424775090000002
-0.16601875020000004
-0.1623008583
-0.17137893420000003
-0.18571703400000003
-0.18622793880000002
-0.1821318714
-0.18131204970000003
-0.18512038980000003
-0.1881026298
-0.1892743362
-0.1893107313
-0.19017656189999999
-0.1945742868
-0.19898878679999998
-0.20345115960000001
-0.2060409996
-0.20566282410000003
-0.2036273472
-0.1957761099
-0.1942425126
-0.19711203570000002
-0.18914925870000002
-0.171668133
-0.1504109421
-0.1342666251
-0.12729848400000002
-0.12394925190000002
-0.11654701830000001
-0.103189428
-0.0938848392
-0.08659754937000001
-0.07686948249000002
-0.0690951654
-0.06154029801
-0.0489627891
-0.03208637142
-0.02123540289
-0.01675500912
-0.008775806256000001
0.0016577899380000002
0.007108434891000001
0.010004591160000001
0.011239258140000001
0.01089948879
0.01141704477
0.0142438257
0.020518066260000002
0.02494502496
0.024656198940000002
0.02550346902
0.02873402955
0.03127725243
0.02967821262
0.02644043193
0.02513777184
0.025784231220000002
0.02660797692
0.02622990933
0.02480524227
0.02520758961
0.029181218400000004
0.03332552157
0.0361251288
0.03876162516000001
0.040085494470000003
0.04057917291
0.04407532938000001
0.04844188791
0.0497468043
0.04858205319
0.04731445404
0.0468484398
0.04663729917
0.0461781225
0.04553186913
0.044882299980000005
0.043821888030000006
0.042545616839999995
0.04177118601
0.04099116348
0.04027894767
0.03971919888
0.03916502217
0.03835015452
0.03744432855
0.036612175680000004
0.03590641485
0.03548770443
0.03496944213
0.034540980570000004
0.034346389410000004
0.03406995342
0.03361316058
0.03290596749
0.03209044257
0.03122966412
0.030479091210000003
0.029865465900000002
0.02931231924
0.028822996440000002
0.02837559177
0.02790734085
0.02734975026
0.026730258570000002
0.026084485890000002
0.025425999450000004
0.02474546994
0.02403849267
0.023306764770000002
0.022513518360000002
0.0217185552
0.020965412069999998
0.02019995739
0.019414863089999998
0.01860683301
0.01777035393
0.01693160874
0.0160823178
0.015221823839999999
0.014350519260000002
0.013455111510000001
0.012536669880000002
0.01161879723
0.01072121166
0.00982837413
0.008929867401000002
0.008019916326
0.007105580181000001
0.006192554652
0.005282171937
0.004375277658
0.0034747118100000004
0.002577544146
0.001682404209
0.0007909416486000001
-9.515274246e-05
-0.0009762318495000001
-0.0018522643590000003
-0.002722710564
-0.003587217795
-0.0044455535550000005
-0.00529743924
-0.006142615866000001
-0.006980732235
-0.0078115038570000005
-0.00863465409
-0.00944995338
-0.010257149610000002
-0.011055968099999999
-0.011846153790000001
-0.01262747124
-0.013399665390000001
-0.014162510610000002
-0.014915751840000002
-0.015659163450000003
-0.01639251
