0.01123832619
0.011300884560000002
0.011360794230000002
0.01141860456
0.01147437441
0.01152747594
0.011578664520000002
0.01162752813
0.01167451803
0.011718986760000001
0.01176109128
0.01180118475
0.01183902192
0.011874651840000002
0.01190843748
0.01193969214
0.011969445870000001
0.01199641356
0.012020428440000001
0.012042854100000002
0.012064710780000001
0.012081986190000001
0.0120973977
0.01211106303
0.012123904320000002
0.012134695320000001
0.01213912944
0.012145878720000001
0.012149910630000002
0.012149351459999999
0.012150773909999999
0.01214337717
0.01214049303
0.012135058290000002
0.012121235999999999
0.01211264244
0.01209727998
0.01208323206
0.01206540729
0.01204272657
0.01202308695
0.011999837250000001
0.011973232529999999
0.011939858910000002
0.01191555954
0.011882411550000001
0.011846438280000001
0.01181466369
0.011769459210000001
0.011739617190000001
0.011694765870000002
0.01164622599
0.01160978184
0.01155542463
0.01151100495
0.011455117380000001
0.011403193050000001
0.01135481013
0.01128802365
0.01123693317
0.0111722166
0.01110885381
0.01104651126
0.010974711869999999
0.010919049929999999
0.01084368951
0.01077247872
0.010701827100000002
0.010624455630000001
0.01055655081
0.01047037977
0.010395921870000002
0.01031362578
0.01022420763
0.01014809184
0.010058487300000002
0.009978035490000002
0.009881652240000002
0.009789531435
0.009703772415
0.009610924689000001
0.009525767022
0.009412211367
0.009310592520000001
0.009236729106000001
0.0091329138
0.009021098439000001
0.008917663761
0.008823043368000001
0.008723283516
0.008609841657
0.008501411727
0.008399889999
0.008284896198000002
0.008174812302
0.008047043919
0.007933045833
0.007849635327
0.007712059887000001
0.007585877781
0.007478715303000001
0.007346243025
0.007239792753
0.0071014325130000005
0.006964477065000001
0.006866374122000001
0.0067332985290000005
0.006600160152000001
0.006481615131
0.006352925589
0.006217623126
0.006090251067000001
0.005962057911
0.005823964503
0.005690548503
0.005554061973
0.005428855962
0.0052871053860000005
0.005141032524000001
0.005000194278
0.004873734549
0.004759348968
0.004607409726
0.004456330821
0.004312757547
0.004179397464
0.004037803848
0.0038930259060000003
0.0037691157960000003
0.0036044039340000006
0.003459985038
0.003304473975
0.003164554926
0.003035154159
0.002871105453
0.0027493555050000004
0.0025786458090000003
0.0024155418060000005
0.002298249522
0.002131093989
0.002009797263
0.001877254353
0.0016974674640000001
0.001526539005
0.0013928228190000001
0.0012591291960000002
0.001126425402
0.00098210853
0.0008064981504
0.0006510784185000001
0.0004798175967
0.00036018415620000003
0.0002232313569
7.018872534e-05
-6.821287362000001e-05
-0.0002356873101
-0.0003958375221
-0.0005801523147
-0.0007015888332
-0.0008048230929000001
-0.0009564501807000001
-0.0011264930910000002
-0.001289021247
-0.001425318444
-0.0015698580030000001
-0.0017053144830000001
-0.001872933048
-0.0020126048850000002
-0.002127117015
-0.002295150543
-0.0024691995630000004
-0.00258810363
-0.002699941554
-0.002847418227
-0.002996048556
-0.0031553060580000003
-0.003289493124
-0.0034297221690000003
-0.0035609623110000005
-0.0036754361820000004
-0.003843621765
-0.003955566618
-0.004125705372
-0.004292559738
-0.004329536571
-0.004466222244
-0.004594634163
-0.004781945322000001
-0.004959920304000001
-0.005045662647
-0.005228272854
-0.00527370885
-0.005352573402
-0.0055684022310000005
-0.0056482801560000006
-0.0058357806480000005
-0.005966990379000001
-0.006018775407
-0.0062033564430000005
-0.006282606528
-0.006385386879
-0.006541393347
-0.006628850478
-0.0067443671520000005
-0.006859029375000001
-0.006941603088
-0.007109266779
-0.007265912859000001
-0.007299435591000001
-0.007413848640000001
-0.0074973032910000004
-0.007580926674
-0.007714045431
-0.007747814394000001
-0.007896043494
-0.008020617741
-0.008081171928
-0.008207040114000001
-0.008224160526
-0.008366691978000001
-0.008457648336
-0.008478409239000001
-0.0086972517
-0.008714208285
-0.008748176391
-0.008891132616
-0.008934857748000001
-0.009057101139
-0.009139128435000001
-0.009191168523
-0.00932120694
-0.009422335287
-0.009462476826
-0.009587081484
-0.009611555472
-0.009604852299
-0.009745437447
-0.009745191216
-0.00989519004
-0.009983666430000001
-0.0099300744
-0.01003605183
-0.01006242111
-0.01014819975
-0.01019447352
-0.010272619980000001
-0.01034716617
-0.01034316369
-0.010382335020000001
-0.01035664263
-0.010505744820000001
-0.010584470070000001
-0.010576435680000001
-0.01061754939
-0.01058986557
-0.01066508865
-0.010657848870000002
-0.010715050980000002
-0.010889767080000001
-0.010860503850000001
-0.010821734730000001
-0.010774381860000001
-0.010823363190000001
-0.01094018067
-0.01085218497
-0.0109388367
-0.01097511408
-0.01085223402
-0.01096763886
-0.01094562522
-0.01094634135
-0.011030638680000001
-0.01095337512
-0.01093391208
-0.010909828530000002
-0.01093825791
-0.01097574192
-0.01092312108
-0.01090699344
-0.01090820007
-0.01086912684
-0.01084526892
-0.010821842639999999
-0.01080417483
-0.010756223550000001
-0.01067418252
-0.010642653180000001
-0.01068523839
-0.01060826913
-0.01055940552
-0.01057433634
-0.010433337210000001
-0.01039541175
-0.010375262009999999
-0.010298145600000001
-0.01036115523
-0.01027859427
-0.01014025365
-0.0101002779
-0.01003949514
-0.00993548952
-0.00985400766
-0.00988059276
-0.009868575510000002
-0.00974636253
-0.009653752206000002
-0.009632412513
-0.009569604969
-0.009438982857
-0.009406666755000001
-0.009384796341
-0.009305238222
-0.009251721729
-0.009182842776
-0.009170697996
-0.009079919199000001
-0.008940957606
-0.008918411283000001
-0.008849666727000001
-0.008820188658
-0.00880783002
-0.008680473657
-0.008639089191
-0.008548834248
-0.008452538307
-0.008509191057
-0.008352560673
-0.008204131449
-0.008233014051000001
-0.008166425733
-0.008187931215000001
-0.008197213437
-0.008002395666
-0.007962322797
-0.007913589660000001
-0.007789794327
-0.007797023316
-0.007713890433000001
-0.007724890386
-0.007676467245
-0.007493500935
-0.0074721121920000005
-0.007348657266
-0.0072212842260000005
-0.007224697125
-0.007229184219000001
-0.007222600728
-0.007187251374000001
-0.00711145539
-0.00701603352
-0.0069206440230000004
-0.006846484347000001
-0.006759189081000001
-0.006737627682000001
-0.006849300798
-0.006767302932
-0.006683130189
-0.006665946993
-0.006546871251
-0.006488026947
-0.006328070973
-0.006283272627
-0.006328449639
-0.006329083365000001
-0.0063815629410000005
-0.006292745163
-0.006217803630000001
-0.0061560849959999995
-0.006064040709
-0.005980373181
-0.005890364469
-0.005866725312
-0.005836964715
-0.0058140465930000005
-0.005763178800000001
-0.0057535640189999996
-0.005668310214
-0.005524582923
-0.005586468327000001
-0.00546158997
-0.005419754244
-0.005477785299000001
-0.005382000459000001
-0.005368694175
-0.005291149068
-0.005181030837000001
-0.005080729473000001
-0.004973498325
-0.005013357336
-0.005044403043
-0.005008150188
-0.004986962550000001
-0.004840900479
-0.004782927303
-0.004772365857
-0.004710024288000001
-0.004736820303
-0.004543660422000001
-0.004436163423
-0.004486373946000001
-0.004434703695
-0.004452587325
-0.004400431479
-0.004432912389
-0.004435561089
-0.004303742157
-0.004192430049000001
-0.004033100934
-0.004073218929
-0.004089899853000001
-0.004117290354
-0.004126909059
-0.003909849075
-0.0038484139500000003
-0.003749134788
-0.003713960052
-0.003687788934
-0.0036390822840000002
-0.00376993395
-0.0036712708560000004
-0.003505936059
-0.0034932890070000005
-0.0036023595300000003
-0.003626268462
-0.003429152208
-0.0033016594860000004
-0.003153513771
-0.0031704477930000006
-0.003267886599
-0.003219047514
-0.003184950897
-0.0031674832110000005
-0.0030827326590000003
-0.0028950918840000006
-0.0029644270020000004
-0.0029794706369999997
-0.00284878476
-0.003028429404
-0.0028658041290000004
-0.0026851961430000002
-0.002660849685
-0.0026211113370000006
-0.0027610038990000005
-0.00260164143
-0.00259874748
-0.0025983128970000005
-0.0024775625880000002
-0.0025699914270000002
-0.002410717248
-0.002367391383
-0.0024013300590000003
-0.002325182877
-0.002295688131
-0.0023121218430000004
-0.002300818761
-0.0021495181500000003
-0.002108640861
-0.0020546986140000003
-0.002079574812
-0.002069858988
-0.0018198766440000002
-0.0017489258190000001
-0.001777746618
-0.001840593402
-0.0018564081030000002
-0.0018424268910000002
-0.001795449744
-0.001684299501
-0.001697819643
-0.001644344352
-0.001602582201
-0.001675447938
-0.0015951099240000001
-0.001611183609
-0.0016462886940000001
-0.0014560090290000002
-0.001402207065
-0.0014488222230000002
-0.001399217958
-0.0013640755950000002
-0.0013049909460000001
-0.001310874003
-0.001340394255
-0.001399547574
-0.001345969278
-0.0011688114690000001
-0.001194780501
-0.001124835201
-0.001017038997
-0.001102327137
-0.001046067768
-0.0010251391140000002
-0.000993171267
-0.0008480556648000001
-0.0008743597083
-0.00081745749
-0.0007794266706000001
-0.0008771545773000001
-0.000872870256
-0.0008607203748
-0.0007036326486
-0.0006373175391
-0.0007856753463000001
-0.0007319233152
-0.0006219790155
-0.0005756876856
-0.0005581833102
-0.0005509091952000001
-0.0005757210396
-0.000545664573
-0.0004342830102
-0.00044309366550000003
-0.00035043870600000006
-0.00038367841950000004
-0.0004549247217
-0.00030363382260000004
-0.00032521915800000004
-0.00037031317740000006
-0.00032716202850000003
-0.00032945629320000003
-0.000227190771
-0.0001411550109
-0.00011692921590000002
-0.0001336837149
-0.0001983829212
-0.000185245173
-0.0001422692307
-1.646473122e-05
0.0001737433404
8.93314296e-05
-3.8429232929999996e-05
2.421677961e-05
7.667370432e-05
8.007561612e-05
0.0001315626948
7.275774852e-05
3.772105884e-05
0.0002257373214
0.00028007795250000004
0.00030127657770000004
0.0003405967254
0.0002142149859
0.00016365797370000002
0.0001936937412
0.0002866660542
0.0004743833472
0.000507012192
0.00047584386
0.0004762964934
0.0004460513805
0.0003854723742
0.00035511081660000003
0.0003939024015
0.0004637011401000001
0.0005323345488
0.0005606209971000001
0.000641378781
0.0006760059228
0.000529155324
0.0005230023939
0.0005224507776000001
0.0006124041612000001
0.0007953468291000001
0.0007883485713
0.0008918632008
0.0008799185448
0.0007287216255000001
0.0007325955945
0.0007315903638000001
0.0007673401619999999
0.0008435277612
0.000870236271
0.0009261878022000001
0.0009614914416000001
0.0009185256036000001
0.0008722451628
0.0008394913386
0.0008638536888
0.0008793788967000001
0.0009246499866000001
0.001059603606
0.001103625981
0.0010395735480000002
0.001032780123
0.0009663894765000001
0.0009536413815000001
0.001103358168
0.001100359251
0.001173955833
0.0012140228160000001
0.0010427784750000001
0.0010912516470000001
0.001086252471
0.001010393703
0.0011307741750000001
0.001235400768
0.001236545595
0.00119032578
0.001181257416
0.001163666124
0.001176184665
0.001216859868
0.001229617773
0.0013611718350000001
0.001420563537
0.001234939698
0.001123065477
0.001115271432
0.001226628666
0.001345645548
0.001328790006
0.001366941096
0.0013885191720000001
0.001369011987
0.0013070382929999999
0.0012194860049999999
0.0012769441560000002
0.001317852837
0.0013777164
0.001515950091
0.0015356407230000002
0.0015158412
0.0014925247920000002
0.001343217573
0.00136176534
0.001528943436
0.0015496788330000002
0.001536349005
0.00148453749
0.00149517153
0.0015789489300000001
0.001490684436
0.001526737167
0.001563060654
0.0014540323140000001
0.0014573588850000001
0.0014266457370000001
0.0015245956440000001
0.001708663617
0.0016380620280000001
0.0016444493190000001
0.001699501077
0.001569037887
0.0015735024180000001
0.0016298039700000002
0.001607938461
0.0016213232250000002
0.001589586894
0.0016043744880000002
0.001599453792
0.0016079669100000002
0.0016688320740000002
0.001629645048
0.0017001789480000002
0.00173854782
0.0017622232740000003
0.001766917359
0.001723693518
0.001715776848
0.0016933394160000002
0.001704920121
0.0016718721930000001
0.001715672862
0.001677303009
0.0015971170500000001
0.0017244067050000002
0.001693970199
0.00173549691
0.0017880265170000002
0.001725185619
0.001844862714
0.001931288814
0.0018727564680000002
0.0016969965840000001
0.00163109889
0.001691300898
0.001718261721
0.0018075533220000002
0.0017527281750000002
0.0016650032310000001
0.0016665394770000001
0.0016408147140000002
0.001651767579
0.0017155159020000002
0.0018063761219999999
0.001859669928
0.001931757732
0.001911860109
0.001847852802
0.0018645680610000002
0.001710404892
0.0017208034920000001
0.0018306068220000002
0.00175574475
0.001763806608
0.0017872132680000002
0.001818000972
0.0018487906380000002
0.001831032576
0.001840725837
0.001862903304
0.0018924166890000001
0.001914948297
0.0019030526910000002
0.0018265925700000003
0.00180488304
0.0017765399880000001
0.001868220324
0.001964781135
0.0018702882720000001
0.001896178824
0.0018582445350000002
0.001819354752
0.0018759447180000002
0.001839970467
0.0019069462800000003
0.001917449847
0.001848815163
0.001824990597
0.0017993266560000002
0.0018538771230000002
0.001817175951
0.001895937498
0.0019426144590000002
0.001837101042
0.00188022384
0.0018342051300000001
0.001861583859
0.0018688628790000002
0.001792986453
0.001824839523
0.0017706951900000002
0.001894906467
0.001914481341
0.001805866983
0.001829397249
0.001783023417
0.001848291309
0.001918156167
0.0019271019060000001
0.001954260891
0.0018735814890000002
0.0017507122200000002
0.001780797528
0.001875981996
0.001827519615
0.0018434961810000002
0.0018010541970000001
0.0017424109980000001
0.001815150186
0.001758466044
0.001772639532
0.001751129145
0.0017416438560000002
0.0018245520900000002
0.0017779781340000003
0.001841331114
0.001800211518
0.0017096809140000001
0.0017636771160000001
0.001744788942
0.001759548087
0.001748529495
0.0016953700860000002
0.001703082708
0.0017196547410000002
0.001687927239
0.0017045640180000001
0.001711336842
0.0016701809490000002
0.001675758915
0.001643843061
0.0016513280910000002
0.0016770881700000002
0.0015856511220000002
0.001572323256
0.0016183743390000003
0.0015767495280000002
0.001613266272
0.0016794749430000002
0.001658107782
0.0016436105640000001
0.0015809344740000003
0.001578522195
0.001693760265
0.00169204842
0.001618371396
0.001595343402
0.001601749332
0.0016192444860000002
0.001624458501
0.0016234745580000001
0.00164735406
0.0015764061780000002
0.0015822725580000002
0.0016376755140000002
0.0016776228150000001
0.0017195850900000001
0.001590175494
0.0015947508780000002
0.001630167921
0.0015906679560000001
0.001673025849
0.001601913159
0.0015996235050000003
0.0017022508200000002
0.0015932421000000002
0.001647553203
0.001702240029
0.0016241436000000002
0.0016734682800000002
0.001616546736
0.001678564575
0.0017267826870000001
0.0016941889620000002
0.001667469465
0.0016284874680000002
0.0016798957920000001
0.001630793799
0.0016545163410000001
0.0016813957409999999
0.0016498389330000002
0.001622704473
0.0015736770360000002
0.001645648101
0.00159485094
0.0015922051829999999
0.00163384569
0.001597581063
0.001746745056
0.0016575113340000002
0.001593912123
0.001665843948
0.001599699042
0.001648989387
0.001590683652
0.00162587997
0.001659953043
0.001531391031
0.001562534838
0.0015531623640000001
0.0015374810790000002
0.001534807854
0.0015317912790000002
0.0015571324710000002
0.0015657760620000002
0.001549625859
0.00149921325
0.0015429383820000002
0.001541752353
0.0015480631260000003
0.0015735112470000002
0.001532301399
0.001496556702
0.00145583343
0.001449915057
0.001438948458
0.001504845171
0.0015009084179999999
0.001440132525
0.001514012616
0.0014727331170000001
0.00137924676
0.001375007859
0.0014036775840000001
0.001418687865
0.001408563945
0.0014524813530000001
0.0014119062120000001
0.001377946935
0.0013546177740000002
0.0013130057159999999
0.0013484512080000001
0.0013876146900000002
0.0014025651299999998
0.001411998426
0.0014674092300000002
0.001364594544
0.001294637472
0.0013871546010000002
0.001329423732
0.00135356418
0.001412415351
0.0013794380550000002
0.001337051988
0.001304721171
0.0012612962250000003
0.0013012062480000002
0.001385109216
0.001296186471
0.00133290432
0.0013473397350000002
0.001261388439
0.0013515992370000001
0.0012246588180000002
0.001221102693
0.001375982973
0.001309012065
0.0013335233310000003
0.001362621753
0.001321364817
0.0013278403980000002
0.001297335222
0.001274096313
0.001323774153
0.0013598622
0.001300554864
0.0013270497120000003
0.001325170116
0.001295712648
0.001320174864
0.0012623821920000001
0.0013384822860000002
0.001376818785
0.001338252732
0.001361973312
0.001285301295
0.001320859602
0.0013096036080000003
0.0012606036390000002
0.0013661170560000002
0.0013270958190000001
0.0012859310970000002
0.001342903653
0.0013039785539999999
0.001301578047
0.001331358264
0.001299217761
0.001320273945
0.0013661994600000001
0.0012789473580000002
0.001305697266
0.001325021985
0.0012865206779999999
0.001312314111
0.0012749517450000001
0.0013429164059999999
0.0013410417150000002
0.001264481532
0.0013589704710000002
0.0013430409930000001
0.0013202141040000001
0.001310200056
0.001301148369
0.001318082391
0.0013020714900000001
0.001347517296
0.001311000552
0.001359583596
0.0013781921850000002
0.001322262432
0.001356319809
0.0013129095780000002
0.001347753717
0.001311206562
0.001341362502
0.001368389052
0.001284788232
0.0013382743140000002
0.001273883436
0.0013121993340000002
0.0013417097760000001
0.0012663729
0.001342113948
0.0013168119960000001
0.001295787204
0.001316920887
0.001277728956
0.001299703356
0.001318220712
0.00123178284
0.001322170218
0.001350284697
0.001268098479
0.001401487992
0.001308029103
0.001299028428
0.0013757328180000002
0.001254753936
0.0013287566520000002
0.0012946561110000001
0.001306428111
0.0013430292210000001
0.001263133638
0.0013855477230000001
0.0013046054130000002
0.001303245747
0.001353855537
0.001290062088
0.001357251759
0.0013226401170000001
0.0013233591900000002
0.0013545961920000001
0.0012786550200000002
0.001268838153
0.001302763095
0.001302798411
0.0013179528990000001
0.001376974764
0.001291784724
0.0013041659250000001
0.001384283214
0.001300166388
0.00131035113
0.0013233140639999999
0.0012973568040000002
0.001358308296
0.001352176065
0.0013552534620000002
0.00138666312
0.001321506081
0.001313170524
0.00134643231
0.0013804710480000001
0.0014423839200000002
0.0014162824530000002
0.001389605139
0.0014115609000000002
0.00138619224
0.001388970432
0.0013917319470000001
0.001356172659
0.0013681124100000002
0.001412702784
0.001474627428
0.001440229644
0.001414281213
0.001395994392
0.001383900624
0.0014626091970000002
0.001431780291
0.0014717423070000001
0.0014674210020000002
0.0014526049590000002
0.0014630840010000001
0.001432700469
0.001521015975
0.001459470978
0.001462581729
0.0015046254270000001
0.0014636912400000002
0.00151222131
0.001482739317
0.001532561364
0.001529285805
0.0015345547560000003
0.001545725403
0.00149576994
0.001604939544
0.001542902085
0.001498361742
0.001549014696
0.0014998773870000001
0.0015788665260000002
0.001547796294
0.0015314037839999999
0.001595761308
0.001562234652
0.001556656686
0.001602021069
0.001606825026
0.00162347652
0.001625940792
0.0015750111960000002
0.001636355088
0.001624491855
0.001609249077
0.001603239471
0.001591848099
0.001643024907
0.0016132800060000001
0.00165479985
0.001662943131
0.001657844874
0.001653076233
0.0016302748500000002
0.001664146818
0.00166183362
0.0016666699500000003
0.0016726589550000001
0.001679469057
0.001643056299
0.0015929016930000001
0.0016747504470000002
0.001653649137
0.0016895861100000003
0.0017530783919999999
0.0017032651740000002
0.001764884727
0.0017449321680000002
0.00168913485
0.001676573145
0.0016925173379999999
0.001698554412
0.0017264560140000003
0.001769865264
0.00177048918
0.001792172223
0.001723231467
0.0017872868430000002
0.0017926764570000001
0.0017742405240000001
0.001883419938
0.001787398677
0.0018289911150000003
0.001836987246
0.001796706405
0.001847587932
0.001791047997
0.001862088093
0.0018217572210000002
0.0018197039880000002
0.00189188793
0.001815201198
0.001875981996
0.001866964644
0.0018928483290000001
0.001938085182
0.001857873717
0.0019123555140000002
0.001960211637
0.001907773263
0.001904174955
0.001921548465
0.0019491979500000003
0.001975221918
0.0019435954590000001
0.001969871544
0.002016934038
0.0020150936820000002
0.0020111471190000004
0.002009230245
0.002046132522
0.002052809208
0.002031230151
0.0020767936770000003
0.002095294356
0.002102337936
0.002088962001
0.002067855786
0.002093010588
0.002092795749
0.002107588248
0.00211710591
0.002162531115
0.0021612489480000003
0.002148232059
0.0021346609050000003
0.002134242999
0.0021582539550000003
0.0021091715820000002
0.002183714829
0.002221336179
0.002190823155
0.002235119229
0.002246118201
0.0022703057370000003
0.002240127234
0.002256697305
0.002252702673
0.00224370396
0.0023267583630000002
0.0022374235980000003
0.0022746770730000003
0.002379095694
0.002250721053
0.002255209128
0.002282603553
0.0022422206880000004
0.002296573974
0.0022966916940000003
0.002312365131
0.0023302634760000002
0.002348446311
0.002353856526
0.002323734921
0.0023886898740000002
0.002397592449
0.002374786161
0.0024011986050000004
0.002419640424
0.0024564799170000004
0.002412898011
0.002382464448
0.002446028343
0.002386964295
0.002402660295
0.002438920017
0.002418940971
0.002493136944
0.0024519104190000003
0.002439945162
0.002503848483
0.0024554380950000004
0.002468626659
0.0024277366170000004
0.002445552558
0.002479178295
0.002401430121
0.002493365517
0.002482738344
0.0024813384570000004
0.0025331382
0.002477513538
0.0025669307070000005
0.002519481699
0.002544100875
0.002599665696
0.002560369779
0.002622682899
0.002572765695
0.002568011769
0.0026444964149999997
0.002632090689
0.0026079531840000002
0.0026250422040000002
0.002640730356
0.002639021454
0.0026437282920000003
0.0026324566020000002
0.002656792269
0.002654961723
0.002701062837
0.00270564705
0.002685912273
0.002747118825
0.0026580499110000003
0.002691887544
0.0027370900620000004
0.002717577972
0.002787685137
0.002729741391
0.002761339401
0.0027492024690000004
0.002736729054
0.0027680092200000005
0.0027303152760000003
0.002819885481
0.002759898312
0.002795194692
0.0028773181260000006
0.002778723702
0.002839214124
0.002817399627
0.0027933307920000004
0.0028457426790000004
0.0027952702290000003
0.002847545757
0.002853499446
0.00283070493
0.002872580877
0.002841732351
0.002894014746
0.002849449878
0.0028171857690000002
0.0029071709370000003
0.0028473956640000003
0.002888683992
0.002904625242
0.0028605361590000006
0.0029230552890000005
0.002929554414
0.002923202439
0.002958647931
0.002961744948
0.002927962251
0.0029512050840000002
0.002894634738
0.002902783905
0.003000786786
0.002891543607
0.002961391788
0.002975236641
0.00290357361
0.003011300163
0.002940762339
0.0029515553010000003
0.0029947016430000003
0.002941256763
0.0029808901440000002
0.002987760087
0.0029992868370000004
0.00297363663
0.002997784926
0.0030487125600000002
0.0030052846710000003
0.003025255869
0.0030205912140000004
0.0030428216550000002
0.003034460592
0.002990570652
0.0030494434050000003
0.003035525958
0.003066542235
0.0030582988920000004
0.003024166959
0.0030714609690000003
0.002999039625
0.0030382168410000004
0.003050650035
0.003015166284
0.0030939503940000004
0.0030380432040000003
0.003050567631
0.00311867748
0.003035906586
0.0030725214300000004
0.0030676242780000003
0.003057323778
0.003089289663
0.0030806342999999997
0.003051314172
0.0030941877960000003
0.003121795098
0.0030680313930000003
0.0031639408200000003
0.003147854382
0.00314921601
0.003145569633
0.003053188863
0.0031664551230000003
0.0030915234000000002
0.003051535878
0.0031287464640000003
0.0030329145360000003
0.003080697084
0.003130300368
0.003062243493
0.003130172838
0.0031097847149999997
0.0030422791620000004
0.0031379600160000003
0.003100242528
0.003079492416
0.00309624201
0.0030394538820000005
0.003114768195
0.0030651600060000003
0.003026602782
0.003089672253
0.003025365741
0.003108044421
0.0030492923310000003
0.0030092018040000002
0.003102376203
0.003027139389
0.003070177821
0.0030709371150000006
0.0030697079220000003
0.0030941456130000006
0.0030169222739999998
0.0030699482670000005
0.003050466588
0.003017353914
0.0030339043650000003
0.0030026987550000003
0.0030491687250000002
0.003055571712
0.002984502186
0.0030193541730000003
0.0029963664
0.002944953171
0.0029583918900000002
0.0029187663570000005
0.002962253106
0.0029394723240000003
0.0029070345780000005
0.0029704513230000003
0.002949344127
0.002943061803
0.002940363072
0.0029354001930000004
0.0029209500630000005
0.002897098029
0.002891327787
0.0028978337789999998
0.002931838182
0.0029077752330000004
0.0028726112880000003
0.0028872801810000005
0.0028919644560000003
0.002876766804
0.002891857527
0.0029050568820000004
0.002870550207
0.0028842420240000003
0.002878134318
0.002833153506
0.002856211911
0.002850097338
0.0028244706750000003
0.002887631379
0.0028492860510000006
0.0027870612210000004
0.002864552373
0.0027827310869999997
0.0028241587170000004
0.0028441701360000004
0.002743922727
0.0028382615730000002
0.002747471004
0.0027474042960000003
0.002747275785
0.002675906073
0.0028002507659999998
0.002708685207
0.0027078974640000002
0.0027679856760000005
0.002703693879
0.002740914981
0.002686045689
0.002686288977
0.002737006677
0.002659135878
0.0026505923490000006
0.0026995942800000002
0.002632600809
0.002662785198
0.002681618436
0.002615879664
0.002682357129
0.002624902902
0.0025652404440000003
0.0026335926
0.00261525771
0.0026144101260000005
0.002633734845
0.0025940180790000006
0.002613802887
0.002590975017
0.002503896552
0.0025897458240000002
0.002569722633
0.002520724626
0.0025756331579999997
0.00246794094
0.002475390654
0.0025221107790000005
0.0024137279370000002
0.0024593405130000005
0.0024877767599999997
0.0024279318360000005
0.002442854808
0.002403296964
0.0024198425100000003
0.00244715355
0.002385812601
0.002341591083
0.00234074448
0.002335426479
0.0022751597250000003
0.0023101000020000003
0.002297106657
0.00227626335
0.0022880010150000004
0.0022005507510000004
0.002241445698
0.002181035718
0.0021470028660000003
0.002169846432
0.00213147756
0.002170700883
0.002072140794
0.0020946400290000004
0.002099525409
0.002049096123
0.0021081748860000003
0.00202958109
0.002060065665
0.00208713636
0.0020519312130000003
0.002024785962
0.0019918302480000003
0.002004103539
0.0019198032660000001
0.0019050333300000002
0.0019362046050000001
0.001834478829
0.001844847999
0.0018299986020000002
0.0018352812870000002
0.0018549738810000002
0.001733502537
0.0017832039210000001
0.0017772884910000001
0.001712833848
0.00176183676
0.001709037378
0.001688481504
0.001684042479
0.0016650012690000002
0.001587740652
0.001612481472
0.0016297196040000001
0.001509490206
0.0016038545580000002
0.001551322008
0.001511855397
0.001541427642
0.001487893491
0.001514067552
0.001460511819
0.0014890324320000002
0.0014702963130000001
0.001414208619
0.00144113805
0.0013568760360000002
0.001374730236
0.001356181488
0.001278667773
0.0012959765370000001
0.0012804110100000001
0.001276925517
0.001220882949
0.001198593648
0.001159711713
0.0011811858030000002
0.0011668700700000001
0.001053386028
0.001146603591
0.001100115963
0.00110042694
0.001145213514
0.0010320875370000001
0.0011040625260000001
0.001038757356
0.0009758131587
0.000993912903
0.0009656180181
0.0009508141395000001
0.0008940591693
0.0008982759978
0.0008504110458000001
0.0008569360692
0.0008049338478000001
0.000745767972
0.0008096315625
0.0007425837441
0.0007281547056
0.0007368249798000001
0.0007059557547000001
0.0006918087537
0.0006319277288999999
0.0006479714934
0.0006455760876000001
0.0006149083599
0.0006099904107
0.000549934866
0.0005658519834
0.0005126110533
0.0004121075052
0.00048651664950000005
0.00046437969779999997
0.0003825188775
0.0004279786137
0.00040563074700000003
0.0003425493078
0.0003694771692
0.00028368656100000004
0.0002057541552
0.0002943753408
0.0001581775191
0.0001808378343
0.0002160517122
0.0001270938474
0.0001766292462
9.916477739999999e-05
0.00010080981630000001
7.800827634e-05
1.515557691e-05
1.85978961e-05
-3.298268169e-05
-2.9510069220000002e-05
-1.183565709e-05
-6.826850613e-05
-0.0001301095395
-9.763141554000001e-05
-0.00017031651120000003
-0.00021440794860000002
-0.0002019131478
-0.000272498256
-0.0002714703642
-0.00034329741840000003
-0.00036952553250000004
-0.00035546937210000003
-0.00039785808780000003
-0.0004362514848
-0.00047732173650000004
-0.00042630924600000003
-0.0004891537737
-0.0005343177384000001
-0.000501451884
-0.0005643558603
-0.0006021474138
-0.0006149548593
-0.0006433664832000001
-0.0007060392378000001
-0.0006733298529
-0.0007499189754
-0.0007807233564000001
-0.0006952138047000001
-0.0008508500433000001
-0.0008040074895
-0.000846888471
-0.0009203285835000002
-0.0008827009551
-0.000999779283
-0.0009338116437000001
-0.000964544706
-0.001001726568
-0.0010604639430000001
-0.001129976622
-0.001054866357
-0.001182074589
-0.0011440647630000002
-0.0011589229890000001
-0.00122213961
-0.001174495383
-0.0013035959640000001
-0.0012749605740000002
-0.001269418905
-0.001324115541
-0.001344453633
-0.001404790038
-0.0013271939190000002
-0.001419678675
-0.001465852383
-0.0014260728330000002
-0.001495943577
-0.00147971097
-0.001589606514
-0.00157995936
-0.0015558885630000002
-0.0016098239430000002
-0.0016611940080000001
-0.0016900265790000001
-0.001605403557
-0.001783993626
-0.0017740747350000001
-0.0016521668460000001
-0.0015818566140000001
-0.00160802577
-0.002223794565
-0.0025723252260000003
-0.0017737863209999999
-0.0007407233757000001
-0.0024350303520000002
-0.003988567458
-0.002090469798
-0.0010916548380000002
-0.0005075247645000001
-0.0001541840643
-0.0018014191290000002
-0.0026677157040000004
0.0006512673591
0.004377232791
0.0012405333600000001
-0.0017467264170000002
-0.00479744316
-0.005737902354000001
0.003020949279
0.0018362171610000002
-0.007318798569
-0.008826590664000001
-0.007901156466
-0.001870990668
0.0059921422380000006
0.004836485979
-0.0035885548979999998
-0.008448306273
-0.01122628932
-0.0143923491
0.0009565478883
0.021039428520000004
0.01378553193
-0.0004378896567
0.001875253113
0.01413819162
0.029609689770000003
0.015129237060000002
-0.03160361151
-0.04378645431000001
-0.02136750435
0.012620408040000001
0.04293693774000001
0.01277090325
-0.036969750180000004
-0.04985166339
-0.03406423419
-0.006505189542000001
-0.003841440021
0.0037327609170000006
0.02297318553
0.01682331615
0.01812680028
0.03129954075
0.02930350005
0.02729369592
0.0175738302
-0.008652237534
0.00011382896160000001
0.008938421721
-0.02258964396
-0.025508354400000002
-0.01273943277
-0.01448535771
-0.019253596499999998
-0.03106363968
-0.034948085760000004
-0.05363681265
-0.07053826545
-0.04108831191000001
-0.005742327645000001
0.026978206320000003
0.03559059171
-0.004604631534
-0.0009170753913
0.03551531958
-0.0063540370620000005
-0.08228107089
-0.08232392096999999
-0.018862079400000002
0.0200420262
0.02106774018
0.017893518480000002
-0.020507589180000004
-0.05844196647
-0.05077281258
-0.09882152550000001
-0.10517713020000001
0.02364140349
0.03589003215
-0.05189039721
-0.0031439284200000003
0.11650591440000001
0.1848760227
0.1350295488
0.0026180309970000003
0.01033514892
0.032068831140000004
-0.1055628594
-0.1152928098
-0.031208366610000003
-0.03448507338
-0.04794784650000001
-0.0809453511
-0.07370240247
-0.007077696237000001
-0.06971910102000001
-0.24193735920000004
-0.21689272350000002
-0.0584699544
0.07406295921
0.061730288280000004
-0.1136462013
-0.03249894078
0.07571897550000001
0.02819687319
0.002641094307
-0.07865408825999999
-0.039579671250000004
-0.041756912460000004
-0.14025641490000001
-0.18492880050000002
-0.114290424
0.1172052693
0.21755538900000002
0.05828853807
-0.2668200318
-0.340351083
-0.09091550915999999
0.1130618196
0.1452644199
-0.001130217948
0.01587376701
0.105691959
-0.06940364085
-0.2245073436
-0.07404418287
0.1553329134
0.04796241435
-0.21208739310000002
-0.20666501369999998
0.06848638623
0.2575616481
0.09916899570000001
0.06222258351
0.1164258648
-0.1773073134
-0.4098026457
-0.48196706580000004
-0.1795054401
0.3586740048
0.2944753047
0.05825281005
0.0936426303
-0.05038388532
-0.34326141570000007
-0.166914207
0.15046578
0.1744091451
0.02844238806
-0.3953951892
-0.4852765674
-0.3049496379
-0.2532249414
-0.10144589670000001
-0.03181965714
-0.07888308309
-0.2254981536
-0.21141531000000002
0.06509318571
0.4131647289
0.5901799005
0.35644066020000004
0.2046021669
0.11725902810000001
-0.035957201220000005
-0.03376821744
0.02683242972
0.3804645654
0.4924027476000001
0.1285619139
0.04220712279
-0.04426072857
-0.2273306616
-0.3187673172
-0.5685109839
-0.6540664464
-0.4812728121
-0.4458480192
-0.3925307673
-0.09655258041
0.1483859619
-0.00730889145
-0.4192350588
-0.5048816562
-0.3127652649
-0.24033214890000001
-0.21275123580000002
-0.1741791006
-0.03752416233
0.05789241027000001
-0.1856754396
-0.4961724363
-0.5529810672000001
-0.4125182499
-0.3172156695
-0.3398037831
-0.20777256270000002
0.0744052203
0.2092005063
0.1917042732
0.19611818460000002
0.2362745367
0.38058905430000006
0.5475963582
0.2526804864
-0.2463669666
-0.37977678630000006
-0.34293974580000003
-0.23180804370000002
-0.11090872080000001
-0.14609689650000002
-0.3054404322
-0.3683422503
-0.26389125630000004
-0.5135699808
-0.7145673651000001
-0.3951003987
-0.3053914803
-0.41839767720000004
-0.3770429355
-0.327105621
-0.2548498698
-0.1307281581
-0.01483142508
0.06350132682000001
0.07569221382
0.008692541919000001
-0.1575847989
-0.32032396800000007
-0.2061919755
-0.1159503741
-0.09450740142000001
0.09217343565
-0.01069722621
-0.2195383824
-0.203084658
-0.25480641150000005
-0.2272924026
-0.040859012970000004
-0.0461977425
-0.08724128157000001
-0.033541164990000004
-0.006823259172
0.1304381745
0.11251118430000001
-0.08014790601
-0.2171862387
-0.3982564719
-0.4034837304
-0.38433313890000004
-0.5140324242000001
-0.40152702780000005
-0.2161743372
-0.2803879485
-0.3914360694
-0.3897247149
-0.30025673010000004
-0.2305947429
-0.1529648775
0.045405271080000004
0.25443314100000003
0.3756862125
0.3017478501
0.09418817421
-0.049891688190000005
-0.137608794
-0.23859136440000003
-0.46635415650000006
-0.6254562681000001
-0.5149140489
-0.3041371737
-0.09514884789000001
-0.013664545200000001
-0.006460802235
0.06788023614000001
0.02012911938
-0.09026065242
-0.029935509300000003
0.08503173603
0.2008667151
0.3001653009
0.20327869980000002
0.07854976872000001
0.16759972979999999
0.3922153758
0.5679713358
0.6092878185
0.5728626999
0.419100858
0.31407803910000004
0.2763478962
0.17671263120000003
0.17563500270000001
0.12518697960000003
-0.04921155108
-0.2870266698
-0.3460345065
-0.07722222066000001
0.1023556761
0.2532124827
0.37121962140000003
0.3106609218
0.30202037190000003
0.18234082440000002
0.037051251660000006
0.1331749683
0.1995349095
0.19298545920000001
0.2480065119
0.14525745480000002
-0.06300029088
-0.03263569218
0.003772708218
-0.18303370470000002
-0.247142349
-0.1748390193
-0.19665027899999998
-0.2381439303
-0.2111879142
-0.17665063200000003
-0.1365190992
-0.04875016716
-0.09442843092
-0.2535805539
-0.3171392496
-0.2919021417
-0.2069567631
-0.1962340407
-0.2552430546
-0.27826065000000005
-0.37946159100000004
-0.49723564410000004
-0.5065305210000001
-0.4965107832
-0.5391725112
-0.575457543
-0.5755946868
-0.5094635148000001
-0.4083532182
-0.4834624041
-0.5758370919
-0.4436546013
-0.35949510180000005
-0.4929416109
-0.6857293986
-0.8386118721
-0.9457046991
-0.964828215
-0.8654763609
-0.7405591563000001
-0.6624423225
-0.5832382464000001
-0.5971049757
-0.7754724558
-0.8567892135
-0.7791126525000001
-0.7132062276
-0.5810156928000001
-0.43328386170000005
-0.20802183480000003
0.23489897850000002
0.47365387560000005
0.5987971026
0.8547231294
1.01422647
1.2613070160000002
1.4184808740000001
1.335958173
1.2897903510000002
1.134217485
1.034066214
1.1731131540000002
1.209335598
1.153662867
1.224029016
1.251139932
1.150276455
1.114074612
1.1784076110000001
1.2644972280000002
1.341570474
1.404365265
1.461558546
1.5123341250000002
1.57249395
1.6824797460000003
1.769270778
1.8422718930000002
1.9317852000000002
1.935851445
1.9238508720000003
1.656746154
1.2955282200000002
1.4573736000000002
1.669371624
1.6929067949999999
1.8782461440000002
2.135000331
2.477697966
2.8207889820000003
2.9553213600000006
2.802790575
2.4006413970000002
1.8096614910000002
1.231258005
1.340028342
1.990752129
2.240281251
2.117839698
2.098163781
2.184457446
2.248729623
2.254945239
2.260427067
2.292199695
2.3027169960000005
2.2987370790000003
2.33553537
2.395119348
2.444403807
2.528490222
2.618352765
2.798506548
3.1883422140000004
3.3948329040000003
3.142737486
2.773828512
2.601865098
2.4585792570000002
2.202799203
2.152400328
2.2546676160000003
2.264686569
2.288167785
2.287786176
2.2277421090000002
2.088404793
1.859218668
1.7310696570000002
1.6440323940000001
1.388249397
1.057438539
0.7880719293
0.6217676100000001
0.4847048406000001
0.31885433190000007
0.20346185249999998
0.09167799141
0.005868975726000001
-0.10166377680000001
-0.2596384251
-0.3551407371
-0.4564942236
-0.5440728024000001
-0.6631931799
-0.8992526814
-1.230518331
-1.634324418
-2.006897427
-2.286834606
-2.6352524520000005
-3.028812975
-3.093941565
-3.016345446
-2.943829926
-2.5303590270000003
-2.326828014
-3.010224006
-3.8339971740000003
-4.012704963
-3.833828442
-3.6208916010000003
-3.396351492
-3.3372717480000005
-3.4898094000000004
-3.4134532650000002
-3.1604357070000004
-3.173340762
-3.199549158
-3.2513724450000003
-3.44045529
-3.3256213920000004
-3.133262007
-3.1816998630000004
-3.242857365
-3.353781978
-3.46032054
-3.495748374
-3.4883692920000002
-3.3197206770000003
-3.2562901980000003
-3.308872779
-3.103294419
-2.900653173
-2.954115711
-3.0588041070000003
-3.135385872
-3.0945890250000003
-2.91518865
-2.6952082290000003
-2.378694465
-2.1756539520000002
-2.184148431
-2.121683256
-2.212456167
-2.50899579
-2.5637679630000005
-2.358319095
-2.299113783
-2.5879084110000004
-2.7615091140000003
-2.680732593
-2.45419713
-2.128280481
-1.9788064920000001
-1.80504981
-1.9067451750000002
-2.131316676
-1.873295037
-1.783373634
-1.6938132390000002
-1.4350970520000002
-1.456851708
-1.462191291
-1.450743021
-1.47408003
-1.314320256
-1.022481585
-0.8130792870000001
-0.5884894413
-0.5857481349
-0.7135090623
-0.5251193919
-0.6955969833000001
-0.7385363343000001
-0.28748195190000003
-0.2435493384
-0.2328126858
-0.17643078990000002
-0.2893162257
-0.3311118288
-0.4255865433
-0.5108875344
-0.4980267225
-0.4498989606
-0.4618092816
-0.4597452576
-0.3283610067
-0.2291687613
-0.2013176808
-0.2055641355
-0.2697871644
-0.3471656976
-0.3461188725
-0.3253142169
-0.36271631340000005
-0.3579005844
-0.2629387053
-0.16158060810000002
-0.08958033873000001
0.051580754369999995
0.09741121047000001
-0.019703532150000005
-0.1260625221
-0.20907680220000002
-0.1473505164
-0.1025667873
-0.1179582849
-0.0063190987470000005
0.1624096512
0.3833760753
0.5405629806000001
0.6968443248
0.79893621
0.6645640293
0.3980045511
0.02575692999
-0.1348111782
-0.06620656185
-0.06890794155
0.006446389383000001
0.1262800098
0.2059909686
0.23465441520000002
0.1618868763
0.2374056297
0.4334625999
0.5338067355
0.5031362610000001
0.39080332440000004
0.5160522051
0.7338240027
0.7834834980000001
0.9707734674
1.28998557
1.521827262
1.729296009
1.912467348
1.985832414
2.153663856
2.4131020590000003
2.502745839
2.646044433
2.798656641
2.944389096
3.2167951379999997
3.153644244
3.4471506150000004
3.8343699540000005
3.2363925750000004
3.124929393
3.711353535
4.090057794
4.328981325
4.321533573
4.374482067000001
4.437183663
4.371525333
4.241296602
4.032652617
3.932109927
3.8976935040000003
3.9319343280000005
4.085126307
4.266245394
4.4730411750000005
4.659373296
4.569816825
4.32037305
4.021902819
3.6588160800000002
3.566118447
3.5200506870000003
3.3811607070000003
3.207217635
2.943167751
2.880786942
2.7586475370000003
2.6411600340000003
2.829171627
2.936900142
2.968848369
2.9977417620000004
2.903454909
2.784380148
2.72407023
2.633052069
2.577035988
2.6109638729999998
2.4631467930000004
2.2581746910000002
2.0660438790000004
1.801271979
1.701915318
1.661434353
1.5416670060000002
1.3564591110000002
1.118295855
0.9062496639000001
0.7795846116
0.7859095110000001
0.6880507389
0.5698137519
0.4697482203
0.1339868439
-0.015308475570000002
0.012436578450000001
-0.07923627252
-0.09697272309
-0.146396592
-0.24009739560000004
-0.2853221823
-0.34088975010000006
-0.3260582073
-0.342665262
-0.3877685028
-0.3989976174
-0.5950293759
-0.8097029793
-0.8850161151000001
-0.9637286121
-1.028601063
-1.1036004750000001
-1.1884795380000002
-1.250496396
-1.3648299840000002
-1.422200826
-1.419567822
-1.459820214
-1.351226457
-1.287132822
-1.4024807639999999
-1.4874873570000002
-1.5537902040000002
-1.5226248150000001
-1.574085132
-1.691827695
-1.642210677
-1.7873506080000001
-1.9928181150000002
-1.919855259
-1.9856577960000001
-2.01818187
-1.823239512
-1.837253097
-1.867994694
-1.932860376
-1.9453161330000002
-1.642773771
-1.461795948
-1.305776727
-1.184104278
-1.2281197860000002
-1.167175161
-1.084541607
-0.9425779578
-0.9686033973
-1.126968876
-0.999530109
-0.8763672267000001
-0.7976436444000001
-0.7659020160000001
-0.8485018236
-0.8630424018
-1.04806116
-1.3245687630000003
-1.311299757
-1.3066841519999999
-1.383140349
-1.015218261
-0.900345123
-1.490767821
-1.857722643
-1.979001711
-2.04009741
-1.9934273160000002
-1.9852330230000002
-2.083091697
-2.255685894
-2.266913439
-2.320783092
-2.371416426
-2.3265739350000003
-2.369743821
-2.4366794130000002
-2.5296036570000004
-2.63515239
-2.8917761040000003
-3.086712576
-2.998242072
-2.8604586600000004
-2.79419211
-2.846498049
-2.90991087
-2.973907386
-3.0129443190000003
-2.911427496
-2.784867705
-2.6714219220000004
-2.5430992740000002
-2.4667500060000003
-2.4243217560000003
-2.359502181
-2.281634325
-2.225556441
-2.30640948
-2.468273499
-2.582191143
-2.7187846020000004
-2.717769267
-2.61626814
-2.649950775
-2.6777071890000004
-2.6515184130000002
-2.476821933
-2.239221771
-2.2159328310000004
-2.2827085200000004
-2.436393942
-2.5825178159999997
-2.4942906
-2.279875392
-2.088425394
-2.0048177070000004
-1.946701305
-1.849888377
-1.749503628
-1.64640249
-1.556878392
-1.429849683
-1.308308688
-1.232807004
-1.152179595
-1.117353114
-1.1285796780000001
-1.104973875
-1.059282819
-1.000221714
-0.9331472124000001
-0.9055408914
-0.8565265017000001
-0.7896947975999999
-0.7851518847
-0.7997729049000001
-0.8107781553000001
-0.8123106735000001
-0.7513717383
-0.6398142822000001
-0.547602048
-0.48233209590000004
-0.4082515866
-0.36099514890000006
-0.3397844574
-0.3013105203
-0.2520577476
-0.1829874015
-0.160067808
-0.2054840859
-0.2393576235
-0.2266461198
-0.1506112623
-0.1372522005
-0.1794416751
-0.1127311245
0.007563836673
0.1252534914
0.12687586920000002
-0.04160061954
-0.1844155413
-0.2371551804
-0.2085956217
-0.1443302136
-0.09988708770000002
-0.05772728835
-0.06520542192
-0.08150547267000001
-0.04437032589
0.03055845411
0.1004332104
0.11932756470000001
0.1737201888
0.30699610200000005
0.4119947883
0.4804289559
0.5421962475000001
0.5423194611000001
0.5594404617000001
0.5913248256
0.5869688913000001
0.6115165524
0.6106019661000001
0.6581417166
0.6778169468999999
0.7113600837
0.8199290214000001
0.8443603359
1.012403772
1.027189404
1.2510428130000002
1.8892578690000001
1.7775347220000002
1.468877787
1.499308407
1.463901174
1.6103379870000003
1.718191089
1.66445289
1.590277518
1.554861456
1.533860208
1.328777253
1.209835908
1.225518174
1.2360600000000002
1.3897218780000002
1.576102068
1.6729248060000002
1.660383702
1.8590931000000002
2.112268599
2.020713831
2.112698277
2.260794942
2.167210485
2.04966216
1.840464891
1.78710732
1.9301626260000002
1.841302665
1.791978966
1.9827236250000002
1.85080365
1.8473230620000003
2.103327765
1.9614859560000002
1.932990849
2.0190785040000003
2.0749337010000004
2.2243704120000003
2.177292222
2.20923162
2.297802186
2.278897335
2.262910959
2.258482725
2.201496435
2.155092192
2.267968995
2.207425599
2.080247778
2.131569774
2.1716397
2.219016114
2.214367155
2.247834951
2.325799926
2.294973963
2.316846339
2.255089446
2.041521822
1.905805377
1.7546430870000003
1.6336661670000001
1.5751985670000002
1.4801220090000002
1.4695821450000002
1.514004768
1.560050946
1.58138181
1.547383293
1.5347941200000002
1.535432751
1.495077354
1.386774954
1.296765261
1.2817373220000001
1.303613622
1.359230436
1.377772317
1.347073884
1.314248643
1.267666839
1.234259865
1.211955849
1.17309942
1.144332576
1.126941408
1.122270867
1.1005819380000001
1.033701282
1.014159762
1.04040936
1.057764231
1.0689211440000002
1.0081217070000001
0.9037529208
0.8564013261000001
0.8921923263000001
0.9429486777000001
0.9274741875
0.8699252940000001
0.7979972949
0.8033674851
0.8531350866000001
0.8098138323
0.7935270741
0.8279958825
0.7845888888000001
0.6884606988
0.5858067006000001
0.5417712783
0.590442318
0.6256303956
0.6196595391
0.6062968476
0.5895666774
0.5845775076
0.5595600456000001
0.5361893883000001
0.5692443795000001
0.6149384766
0.6780875067
0.7358645808000001
0.7424879985
0.8114868297000001
0.9121469454
0.9959465160000001
1.107922761
1.1683719810000002
1.2145957200000002
1.2605967720000002
1.2067271190000002
1.177270632
1.2814714710000001
1.331682975
1.2712121730000001
1.253775879
1.2736323
1.244173851
1.137157542
1.054635822
1.072650906
1.069470504
0.990953226
0.9193395393000001
0.9064573416
0.8675511759000001
0.7394595534
0.6084099216000001
0.49851398520000006
0.3882900024
0.3088813878
0.22566953430000003
0.1805335281
0.2872042308
0.2943169713
0.10194483330000001
0.04405964319
0.10054367100000002
0.07254991386
-0.08066002725
-0.2169325521
-0.16688114730000003
-0.1266295401
-0.1441404882
-0.10867272750000001
-0.1181458521
-0.100411236
-0.053205349230000004
-0.06807506274
-0.030079431810000005
0.026767566
0.02573998812
0.04518857799
0.08758916379000001
0.1038001986
0.1180828719
0.1253308923
0.1246986378
0.1690844733
0.17249452740000001
0.1267534404
0.13762939500000002
0.14073013980000001
0.10932450390000001
0.09581939082000002
0.08770513761000001
0.05985838332000001
0.020230231050000002
-0.029887783650000003
-0.09363717594000001
-0.16006241250000003
-0.2833469388
-0.39600507690000003
-0.4686654906
-0.6467415156
-0.8489832003
-0.958133871
-1.025766954
-1.1831527080000002
-1.3613827500000002
-1.390211397
-1.4874383070000001
-1.6745169690000001
-1.8015584310000001
-1.9514022570000003
-2.048369202
-2.088993393
-2.1930804360000002
-2.34301059
-2.4845345549999998
-2.5503930090000004
-2.56169511
-2.615891436
-2.6222041710000004
-2.5843248180000002
-2.6498006820000004
-2.7101557260000004
-2.711031759
-2.736468108
-2.833578279
-2.9150699490000003
-2.911766922
-2.945009088
-2.950724394
-3.037991211
-3.252630087
-3.3250602600000003
-3.416992713
-3.54991527
-3.5654445000000003
-3.614743674
-3.6354427740000004
-3.5168967720000004
-3.494289627
-3.48908346
-3.300919812
-3.325183866
-3.493881531
-3.3786150120000005
-3.127607523
-3.052524726
-3.225236643
-3.312249381
-3.21622812
-3.2083389180000004
-3.2115193200000003
-3.088669671
-3.0672956430000005
-3.138343587
-3.0652345620000006
-3.0170723670000004
-3.0613144860000006
-3.054953682
-2.994771294
-2.9285636040000003
-2.8902692880000003
-2.7765193950000002
-2.629046646
-2.5873482599999997
-2.550877623
-2.484806292
-2.424162834
-2.3414998500000004
-2.259675621
-2.1378422880000003
-1.976812119
-1.8276255630000002
-1.707239205
-1.6397758350000002
-1.579256964
-1.4979801330000002
-1.4336020080000003
-1.331602533
-1.1303896230000001
-1.0026859860000001
-0.987090048
-0.9074741481
-0.8183373489000001
-0.7615338192000001
-0.6912213309
-0.6429417102
-0.5963924754000001
-0.5497115904000001
-0.5112486405000001
-0.4624193655
-0.4307951628
-0.4065965415
-0.3601055781
-0.3203643852
-0.2980651761
-0.26637485400000005
-0.2320077753
-0.2215398186
-0.2344054374
-0.22876439310000002
-0.1637316468
-0.10239491610000001
-0.0982362609
-0.07970472945000001
-0.04323591711
-0.03565312065
-0.0403697196
-0.02674763208
-0.006104625660000001
0.002113016121
0.01573341534
0.009440317998
-0.0023888164230000002
-0.03409618536
-0.08784090801000001
-0.08650927899000001
-0.1112357862
-0.12156287130000001
-0.1090937727
-0.1546635771
-0.12066535440000001
-0.15254942400000002
-0.1945644768
-0.05098673925
-0.08359909344000001
-0.2048840082
-0.08396277956999999
-0.038551622490000007
-0.01207883718
0.1265897115
-0.012578362380000001
0.023668341750000002
0.2838755016
0.33322745340000004
0.45573571440000005
0.4903519671
0.5302441359
0.5761441449
0.46492317180000003
0.4837498371
0.5285141424
0.6048743976000001
0.7058379366
0.7732605951000001
0.8321237343
0.9229369644000001
1.03667175
1.025229366
1.024809498
1.0671416100000002
1.187042373
1.2708217350000002
1.245000834
1.3152414150000002
1.394916273
1.4418973440000002
1.414397952
1.427120541
1.4570557560000001
1.51569405
1.738070073
1.6988771610000002
1.5901499880000003
1.738882341
1.8216149760000002
1.86950151
1.983430926
2.088126189
2.2295883510000003
2.321623809
2.358015966
2.4609052080000002
2.551768371
2.6915402700000004
2.7873084329999998
2.755498527
2.8064153700000003
2.862397116
2.911049811
2.93695704
2.910388617
2.922462765
2.938155822
2.996133903
3.0222177120000002
2.975532903
2.900711052
2.821874949
2.7943785
2.745696375
2.6803853190000004
2.649842865
2.6477140950000004
2.623426497
2.5803164520000004
2.530761237
2.420956926
2.3579129610000003
2.332272564
2.2461878520000003
2.113282953
1.980127899
1.9331007210000002
1.856774016
1.7126239140000001
1.6256553210000002
1.5373535489999999
1.457162685
1.382997123
1.2314600910000002
1.1128473810000001
1.083576303
1.074153798
1.0256727780000001
0.9115967025
0.8004662757000001
0.7243436187
0.6743327292000001
0.6447142791
0.6057107982000001
0.568453203
0.5133023640000001
0.43245678060000003
0.3933442125
0.379789245
0.34915251690000004
0.3213846252
0.29408731920000003
0.2587726926
0.2223124542
0.1884019329
0.16731465120000003
0.1544436369
0.1514708145
0.1494757548
0.1434589875
0.15730943220000002
0.15715933920000003
0.15676988220000002
0.1771580052
0.1879977609
0.23186288160000001
0.2462817177
0.19218653280000003
0.2042939367
0.230174973
0.1981510128
0.19960652250000002
0.2079551268
0.2120328495
0.22680857340000002
0.2303677395
0.23543450640000002
0.21645333360000002
0.2063483469
0.1860766686
0.1313034165
0.09041790672000001
0.0612535419
0.045371102850000004
0.03667602897
0.053129292300000006
0.01188596277
-0.06959281689
-0.07212312981
-0.09712810368000001
-0.1347593814
-0.1398564612
-0.16862114700000003
-0.19903479570000002
-0.1983261213
-0.19162854
-0.2426626125
-0.29572303860000004
-0.3196674828
-0.37182970530000004
-0.4187226825
-0.4496892228
-0.45831780450000004
-0.45957937050000003
-0.5117721021
-0.5372268939000001
-0.5528529486
-0.5826770163
-0.5463578457
-0.5677786674
-0.5897266785
-0.5444166429
-0.5589508446
-0.5622122772
-0.5583656781
-0.5598916236
-0.5707293192
-0.597345615
-0.5875626906
-0.6213206664
-0.6702405858
-0.7023927627000001
-0.7261476777
-0.7482572595
-0.8025612012
-0.8221939542
-0.8427440403
-0.8948948832
-0.920974572
-0.9177514965000001
-0.9007565544
-0.9048912732000001
-0.9069589269
-0.8856944766
-0.8685162837
-0.8808433335000001
-0.9285879168
-0.9720354258
-1.034190801
-1.1095865370000002
-1.159511589
-1.205653905
-1.2511046160000001
-1.2976766100000001
-1.3115214629999998
-1.311750036
-1.3511273760000002
-1.3861157220000002
-1.410798663
-1.4374642050000002
-1.456368075
-1.474740243
-1.4796295470000003
-1.4772800520000002
-1.477960866
-1.478015802
-1.4785376940000001
-1.47702303
-1.4789732580000001
-1.48055463
-1.482831531
-1.494879192
-1.4964517350000002
-1.472205339
-1.446038145
-1.4089347630000002
-1.3370196150000002
-1.26322389
-1.2061807020000002
-1.1639908350000001
-1.138680054
-1.123051743
-1.117075491
-1.114991847
-1.110400767
-1.099772613
-1.080869724
-1.0660350420000002
-1.0566037080000001
-1.037678256
-1.017117477
-1.005644682
-0.9825656760000001
-0.9266693751000001
-0.8813783709
-0.8582829822000001
-0.8071363890000001
-0.7558634430000001
-0.6845221800000001
-0.6145464690000001
-0.5986398482999999
-0.5408703279
-0.4860636237
-0.47491887509999997
-0.43099214760000004
-0.3862528578
-0.35876396250000003
-0.3299028444
-0.290561409
-0.2550625506
-0.22690117980000002
-0.19544835780000003
-0.17458003530000002
-0.1339070886
-0.09128232468
-0.0547225344
-0.001516309137
0.02464530003
0.06305624712
0.1176168969
0.1601974962
0.22085880840000002
0.2777176665
0.3443942745
0.4034839266
0.45149700960000005
0.5183991495
0.5762669661
0.6502099392
0.7204803426
0.7692638049
0.8271393714
0.8803700991000001
0.9437831163000001
1.0054818360000002
1.035515151
1.0500133500000002
1.07565669
1.12273488
1.1667690270000002
1.174009788
1.153780587
1.127809593
1.0698599610000001
0.984222585
0.8783590491000001
0.7608783150000001
0.6794742483
0.609128406
0.5362857225000001
0.482639247
0.4408676784
0.40997020050000005
0.3777557301
0.3399094368
0.3078557523
0.289810944
0.27390746250000003
0.2581463241
0.2426634954
0.2173818501
0.20181710790000001
0.19447746210000003
0.1941290109
0.22206023910000003
0.2784510621
0.3288119724
0.3325978476
0.31252178070000003
0.2975591763
0.2895928677
0.2983579065
0.3122690751
0.31568756580000007
0.3164105628
0.32168657700000003
0.32059138859999997
0.315052074
0.31987172700000005
0.3287614509
0.3410776116
0.3707637507
0.4062452454
0.429232626
0.44455653270000006
0.4503758247
0.44896328280000003
0.44603990280000005
0.4371048567
0.4313547252
0.4270413663
0.4283772921
0.4509599121
0.4796832978
0.5012010423
0.5210341155
0.545823495
0.5671681911
0.5812561359
0.595261971
0.6089699745
0.633835872
0.6635448684
0.6960417687
0.7426519236000001
0.7866445743
0.817881282
0.8379748107
0.864841752
0.9031103658000001
0.9315153189000001
0.9534343905
0.9801579096
1.006922925
1.021499604
1.0294555140000001
1.048725297
1.079994672
1.112327451
1.145998314
1.188621783
1.241390754
1.28908305
1.326172698
1.359446256
1.3751893440000003
1.3634477550000002
1.25633727
1.044069471
0.8538215904
0.7189269291
0.6118139916
0.5396568309
0.5044044978
0.48357610200000006
0.46786891860000007
0.47165616720000003
0.4675391064
0.4464283788
0.415361286
0.3854717856
0.37765586430000003
0.35451760590000003
0.3099919779
0.28042728660000005
0.2518008237
0.2200714578
0.18483393780000001
0.1294605099
0.08113665591
0.04589406414
0.0018127418310000002
-0.04257159372
-0.07692677289000001
-0.09664700166000001
-0.1225546623
-0.1629031923
-0.1876695183
-0.2093227389
-0.234789597
-0.245098926
-0.2671789797
-0.29356042410000005
-0.29469789360000004
-0.305448084
-0.3296253195
-0.3432750516
-0.3685043115
-0.39957101190000005
-0.42286681890000005
-0.4609361916
-0.5072406669
-0.5517796365000001
-0.5880884085
-0.6071554188
-0.6343033185000001
-0.6675592185
-0.6841421406
-0.6973962354000001
-0.7133107041
-0.7275486438000001
-0.7353942894000001
-0.7362764046
-0.7491751812
-0.7711079868
-0.7941929769
-0.8094202551
-0.8096940522000001
-0.8291104947
-0.8574305913
-0.8583206526
-0.8651088783
-0.8829759294
-0.8829713187
-0.8852532228
-0.8905870179
-0.8958294819000001
-0.9103899744
-0.916374663
-0.9179709462
-0.9236524077
-0.9255964554000001
-0.9220130586
-0.9129507768
-0.8904928419
-0.8501213565000001
-0.8012156616
-0.748154745
-0.6841857951
-0.6200593947
-0.5764466853000001
-0.5319376362
-0.49177539810000004
-0.48515413860000006
-0.47995385760000003
-0.45960134490000004
-0.4511371788
-0.4535453376
-0.4530018636
-0.46169460270000007
-0.4787727336
-0.5064542973
-0.5421855546
-0.5696939718
-0.6044391279
-0.6308861031
-0.6490036035000001
-0.6638830191
-0.6693394392
-0.6817364343
-0.6794372646000001
-0.704005821
-0.7141753575
-0.6999019056
-0.7534900116000001
-0.7556578254
-0.7343632584
-0.7825128966
-0.8008888905000001
-0.8097944085000001
-0.8312241573
-0.830574441
-0.8294747400000001
-0.8350970472
-0.839784069
-0.8402033484
-0.8399069883
-0.8438045013000001
-0.8374044573
-0.8167136958
-0.7921015830000001
-0.7596450017999999
-0.7226762130000001
-0.6877538883000001
-0.6519498408000001
-0.6177083301
-0.5920185888
-0.5712686730000001
-0.5466610728
-0.5226948504
-0.49731696900000005
-0.47026932750000006
-0.4470276717000001
-0.4184099397
-0.38791231740000004
-0.35337523140000004
-0.30834556560000004
-0.26767222650000005
-0.2276494866
-0.1754722548
-0.1312478919
-0.09217137555
-0.0319326291
0.022150842660000003
0.0657394587
0.10952688420000001
0.14648939460000002
0.1972937169
0.2538408132
0.2968028253
0.3231527796
0.3564565524
0.39604127580000004
0.4211689041000001
0.4645608885
0.5192649801
0.5671566153
0.6227019144000001
0.6858475110000001
0.7489686807
0.8054561322000001
0.8709333696
0.9347316255
0.984955392
1.054369971
1.136926026
1.217112966
1.292029974
1.3504190940000003
1.434311271
1.5121536210000002
1.534571433
1.5648970860000002
1.5849614790000002
1.5817614570000003
1.5880428
1.604233224
1.617169671
1.581554466
1.5273571590000001
1.4576522040000002
1.3829431680000002
1.3255124850000002
1.232213499
1.1411109720000001
1.0789302870000002
1.023975648
0.9736033581
0.9364901661
0.9092606472
0.8766796752
0.8694250821
0.8500447404000001
0.7998382395000001
0.7854391215000001
0.7796170827
0.7625341448999999
0.7704122616
0.7651265355
0.7492048074000001
0.7463080125
0.7407731124000001
0.7347020958000001
0.6993270396000001
0.6576525900000001
0.6187411268999999
0.5476447215
0.4817184804
0.43807006260000003
0.41425099020000006
0.39386561400000003
0.351416763
0.33092180909999996
0.34280789940000006
0.3765557709
0.46347904170000004
0.5553619542
0.6052046022
0.6315396453000001
0.6317526204
0.6048484011
0.565883964
0.5303382138
0.4932694611
0.4573251306
0.42558821100000005
0.38884809330000003
0.3586009203
0.32736970620000005
0.3017129265
0.2883724056
0.2602421325
0.23073404490000002
0.2042066277
0.1736444556
0.16380757620000003
0.1392232257
0.10050668730000001
0.08834834988
0.05337848592
0.02966266377
0.04099642164
0.01725165999
-0.008205392034000001
-0.03298552659
-0.07596709002
-0.1121525307
-0.15582743550000003
-0.2006384364
-0.25153418790000004
-0.2892495177
-0.3089202354
-0.3618199737
-0.4177244169
-0.4602568491
-0.5211683163
-0.569079081
-0.5911601157
-0.63076338
-0.6792004511999999
-0.7218930807
-0.7687075779000001
-0.8009772786
-0.8390854989
-0.8824404996
-0.9041634693
-0.9194310666000001
-0.938909214
-0.9569801169000001
-0.9543585906000001
-0.9529024923000001
-0.9528158700000001
-0.9365094918000001
-0.9346118454
-0.9330896277
-0.9325483119
-0.9408070566000001
-0.9394685802000001
-0.9397774971
-0.94007268
-0.9451307160000001
-0.9528050790000001
-0.9509393151
-0.956179719
-0.9522926046000001
-0.9309032730000001
-0.9306686178000001
-0.9364788846000001
-0.9372334698
-0.9491721417000001
-0.9493503894
-0.9465948585000001
-0.9499504671
-0.9569752119000001
-0.9672377472
-0.9653660973
-0.9694182159
-0.9774319068
-0.9791654319
-0.9868232160000001
-0.9960858180000001
-0.999289764
-1.000526805
-1.0073663370000001
-1.012287033
-1.0166240340000001
-1.0169242200000002
-1.007665542
-0.9976269690000001
-0.9735943329
-0.9344340882000001
-0.8979049836
-0.8639070552000001
-0.8385604677
-0.8386743618000001
-0.8365625631
-0.7989687792000001
-0.7454491470000001
-0.686095704
-0.6260308398
-0.5782782123
-0.5371026012
-0.5028990552
-0.4717790865
-0.44198081910000003
-0.4108066011
-0.3774553479
-0.3514701294
-0.3164860017000001
-0.2771718381
-0.2512289988
-0.2306329038
-0.21193828110000001
-0.1958441913
-0.1856778921
-0.17593832790000002
-0.1599372369
-0.1491705657
-0.1523233035
-0.1477204515
-0.1309226904
-0.12380004180000001
-0.11366258400000001
-0.10325554740000001
-0.09740610927000001
-0.07642852299
-0.0558755037
-0.0363153447
-0.0037282679370000005
0.025815799800000004
0.05138772300000001
0.08925363630000001
0.13281827670000002
0.168886017
0.2066217516
0.24285881250000002
0.2778522597
0.31892908410000004
0.35144226900000003
0.38500041510000005
0.42029041860000005
0.44859354390000006
0.4820002236
0.5179904649
0.5506674768
0.5789197863000001
0.6163565121000001
0.6579427698000001
0.6938212752
0.7412076954000001
0.7896773358000001
0.8261557227000002
0.850881141
0.8687060091000001
0.9041154003
0.9545623443000001
0.9973856430000001
1.0124400690000002
1.0229328450000001
1.054390572
1.054322883
1.0711666530000001
1.114901595
1.112554062
1.114849602
1.1402280720000002
1.20664962
1.239436602
1.188739503
1.1967091470000002
1.2447693180000001
1.256488344
1.266651504
1.288410084
1.2810594510000002
1.250545446
1.251138951
1.237583493
1.174955472
1.128337371
1.089142497
1.032814458
1.001187018
0.9605440899000001
0.9057275757
0.8552468853
0.7881077357999999
0.7389828855
0.700050429
0.6727015224
0.6672674691
0.6633579879
0.6775185267000001
0.6760569348000001
0.6402260079
0.5891347431
0.5279871492
0.49121083260000004
0.47372421330000003
0.4485154563
0.42045365700000004
0.3982309659
0.38176576380000005
0.3578806701
0.32748438510000005
0.2890834344
0.2601113652
0.249031755
0.2253118617
0.2138544684
0.21491522370000002
0.1991922462
0.1799823042
0.1662081813
0.1791102933
0.1963537227
0.18635900040000003
0.1682956512
0.1604718819
0.1742856372
0.17651015280000001
0.152723061
0.1350828171
0.1330469478
0.1291822983
0.11445846930000002
0.0986509296
0.08224473465
0.07372939959
0.05431879404000001
0.02686170276
0.003232098738
-0.028857302010000002
-0.04437148347000001
-0.08007020100000001
-0.1373551074
-0.163295298
-0.1945628091
-0.23949211860000003
-0.2654169075
-0.2901485061
-0.31700387160000004
-0.31956683220000004
-0.3255188535
-0.3468713976
-0.3581162082
-0.375932934
-0.3780413973
-0.3692012139
-0.3948040386
-0.4120713063
-0.4135326039
-0.41590750680000005
-0.41834852910000003
-0.4259617758
-0.42097996350000005
-0.4353860466
-0.44974180440000006
-0.4536316656
-0.4933546119
-0.5168473056
-0.5317367274
-0.5731958475000001
-0.5984503191
-0.617606208
-0.6470217873000002
-0.6768601776
-0.7004412594000001
-0.7144347339
-0.7367109876000001
-0.7637102658000001
-0.7843025349000001
-0.8058518676
-0.8236935108000001
-0.8385723378
-0.8488391895000001
-0.8547874830000001
-0.8638610463
-0.8700438969000001
-0.8812406385000001
-0.8980048494
-0.9142538391
-0.9310474800000001
-0.9522365895
-0.9741206394
-0.9796813398
-0.9878081400000001
-1.004801022
-1.016192394
-1.034520417
-1.055943495
-1.068659217
-1.084831002
-1.107730485
-1.124362359
-1.139397165
-1.1521668420000002
-1.157088519
-1.161001728
-1.162405539
-1.164115422
-1.165733091
-1.16390745
-1.1652533820000002
-1.16592831
-1.15870815
-1.147055832
-1.129437072
-1.1044519830000001
-1.075437927
-1.032869394
-0.9790193610000001
-0.9249022998
-0.8684314272
-0.8131258845
-0.7635725334
-0.7212895695000001
-0.6841938393
-0.6482705021999999
-0.6175755027000001
-0.5881679676
-0.5519317896
-0.5121168255
-0.4721012469
-0.43535759760000003
-0.40175746470000007
-0.3616767477
-0.32100556680000003
-0.2924404164
-0.2667921714
-0.2334278709
-0.19201485780000002
-0.1641261069
-0.15051237750000002
-0.1191111561
-0.08796120804
-0.05442795972000001
-0.017966034
-0.002171942829
0.03423074913
0.08222874435000001
0.1161400014
0.1465642449
0.17764428690000003
0.22036448250000001
0.2603296377
0.3004965846
0.3439306539
0.3890750967
0.44295034140000006
0.4936089852
0.5415000318000001
0.5857134075
0.6240225366000001
0.6730679259
0.7264566927
0.7623551124
0.8104906242
0.8748296073
0.9293480937
0.986564232
1.03712301
1.075286853
1.11084516
1.1476356030000001
1.178394858
1.2116821500000001
1.259559855
1.297289115
1.33261002
1.351348101
1.358966547
1.374991182
1.3781352869999999
1.396450557
1.401097554
1.371386988
1.3418314199999999
1.3275098010000002
1.315327743
1.2719371320000001
1.238111271
1.204184367
1.160345439
1.1492189369999999
1.137931551
1.120511934
1.0948568220000001
1.0597615470000001
1.03005981
0.983959677
0.9332211798000001
0.8765768664
0.8003438469
0.7142789511000001
0.6197688225000001
0.5286137139
0.43846746570000006
0.3637014336
0.33086363580000006
0.32344609860000006
0.32408090370000003
0.34757703090000003
0.40025722140000003
0.4502079756
0.48057708690000006
0.4836411423
0.4688703234
0.45660193740000005
0.4325526243
0.4062604509
0.3829290336
0.3635738055
0.34989327
0.3157001226
0.28371599100000006
0.2682935919
0.2503638549
0.2393421237
0.224259543
0.20270893500000003
0.20012400000000002
0.19952657099999999
0.18402559380000003
0.1759665807
0.1698584823
0.15311467620000002
0.1503881829
0.1551544695
0.1456552503
0.1390163328
0.1362011571
0.11762454870000001
0.09259310745000002
0.07604116533000001
0.05811950196000001
0.03083375214
0.01143008226
0.001279285803
-0.029715255180000004
-0.05657242572
-0.06202380348000001
-0.08485236018
-0.11175650100000001
-0.134413677
-0.16323349500000003
-0.1830907008
-0.20460108780000003
-0.22849618770000002
-0.24435748620000003
-0.26454195360000005
-0.28226626920000003
-0.29326847850000004
-0.3087613134
-0.3259538289
-0.3390212394
-0.3479285232
-0.35930812320000005
-0.368705907
-0.3747075669
-0.3833439966
-0.3880827171
-0.3897714105
-0.3865615785
-0.3825482094
-0.38765480490000004
-0.39481178850000004
-0.4052408976
-0.4162589991
-0.4254690195
-0.43806084120000005
-0.44222508810000005
-0.4435966242
-0.45401454990000006
-0.462324699
-0.4647653289
-0.4689665595
-0.47962581120000003
-0.4875097158
-0.49028967360000003
-0.4936287033
-0.4949893503000001
-0.4985803989
-0.4980725352
-0.49568576220000005
-0.4984586568
-0.4915596762000001
-0.4795403661
-0.4695005178
-0.45628291620000005
-0.4426832151
-0.4264030296
-0.4056305508
-0.3835216557
-0.3597923448
-0.33469257690000004
-0.3101210775
-0.286786521
-0.2674037268
-0.2511088263
-0.2296833939
-0.2080388061
-0.19530552420000002
-0.18630004230000002
-0.1787312349
-0.16767938699999999
-0.150909192
-0.1358618292
-0.1215522765
-0.1103572026
-0.10046607390000001
-0.08124190740000001
-0.05789101725000001
-0.03494294532
-0.01395328293
-0.0020202154830000004
0.007290004257
0.01648028988
0.02111809491
0.023031643320000003
0.027130329990000004
0.032835884850000004
0.03391962498
0.0383754447
0.04462121664
0.046479338550000006
0.050979322890000005
0.05311564659
0.05290292655
0.05730484032000001
0.06002854758
0.0586285821
0.059841833850000005
0.065512161
0.07356096189
0.08088929675999999
0.09274688901
0.110200635
0.12160613340000001
0.1324765944
0.1482982605
0.1598099031
0.17324822970000003
0.1922501997
0.2005411212
0.20483270190000002
0.214340652
0.2202905151
0.2252987163
0.22920947280000004
0.23202356940000002
0.2351219598
0.2399383755
0.2448250308
0.2484280476
0.2555741421
0.26209985220000004
0.2663747559
0.2711066094
0.2798961732
0.2877126831
0.2954179476
0.3073745718
0.3105938214
0.31288504500000003
0.31915834379999997
0.31120586730000005
0.2998022328
0.293973327
0.2765503746
0.24497973450000002
0.2077884549
0.1728677979
0.136860291
0.09619315182
0.0557412048
0.02036984697
-0.0053129125529999995
-0.03174037272
-0.060611781510000004
-0.08325723456
-0.0997107039
-0.1068726906
-0.1031421438
-0.09101550249
-0.07323234651
-0.042192427410000004
0.0023928012450000003
0.03081221919
0.036907182000000004
0.038273381460000006
0.033520377600000005
0.028160478090000003
0.02425449906
0.01602467424
0.01129536153
0.0056558534760000004
-0.005001544134
-0.015013547730000002
-0.03047894406
-0.04574513853
-0.05906828592
-0.07608052305
-0.08675307711
-0.0988238799
-0.11315481840000001
-0.1214171928
-0.134969904
-0.1550916855
-0.1729772775
-0.1838430297
-0.198934047
-0.22073098410000003
-0.2351742471
-0.2502332838
-0.26603071920000004
-0.27870494490000003
-0.2964511368
-0.31002807870000004
-0.32411484630000004
-0.34294779
-0.3565382697
-0.3746128023
-0.39700520640000003
-0.40897997910000006
-0.41148819989999996
-0.42148821960000005
-0.42824152170000007
-0.42669350370000003
-0.436510665
-0.4376804094
-0.4397438448
-0.45614704770000003
-0.4596658947
-0.46069515990000004
-0.4683342069
-0.4744315143
-0.47627785440000003
-0.4812545655
-0.4923842067
-0.4975251372000001
-0.5004383148
-0.5007124062
-0.5003442369
-0.49974602310000005
-0.4952702106
-0.49387375710000003
-0.4884010524
-0.485649936
-0.4870608102
-0.48622627350000003
-0.4858165098
-0.47618927010000006
-0.46767909510000005
-0.4625200161
-0.45102691440000003
-0.4377815505
-0.428747031
-0.4213626516
-0.4045328118
-0.38915436150000005
-0.37652496750000003
-0.3600241551000001
-0.34223646690000004
-0.3188158767
-0.2950183863
-0.2680666866
-0.2399678055
-0.21710128409999999
-0.1971186084
-0.18027611370000002
-0.15931910880000003
-0.1395349875
-0.1252055205
-0.108511353
-0.09266316066
-0.07621919721
-0.0597690927
-0.04164247881
-0.01889604162
-0.0044704866510000005
0.007957690515000001
0.02398900122
0.03433312629
0.04347647793000001
0.05339478033
0.0596327337
0.06483666402
0.0722888109
0.07739243397
0.08213243958000001
0.08953690986
0.0981045126
0.10369003230000001
0.10909867770000001
0.1238850945
0.1355877378
0.1431607635
0.15495189300000003
0.1630976265
0.17336889270000003
0.18630494730000002
0.1901214297
0.1925861922
0.20199506130000003
0.21010744080000002
0.2201384601
0.22985369550000004
0.23067312480000002
0.2327567688
0.23412300750000004
0.23528009700000002
0.24001832700000003
0.24366499830000002
0.255436704
0.26713346130000004
0.2750903523
0.28676935350000005
0.29622119040000006
0.3067953894
0.3143488932
0.32057579070000003
0.32926146660000005
0.3406096746
0.3606922161
0.37309627440000004
0.38485973970000004
0.4059832203
0.4178689182
0.43348820400000004
0.45311340330000005
0.45652434030000005
0.4597595802
0.4745194119000001
0.4874532102
0.49322619900000003
0.4960729629000001
0.495632592
0.4974585273
0.498480435
0.4918063977
0.49116148830000006
0.4892908194000001
0.48281102010000004
0.4831808571
0.4796610291
0.4748312718
0.4700633175
0.4626622611
0.4594400685000001
0.4597830261
0.4582448181
0.45322984800000005
0.4548280932
0.44912004660000004
0.43541940060000006
0.43163381970000003
0.42376394340000006
0.41577723
0.40976566200000003
0.39948419339999997
0.39072886650000005
0.376895295
0.3610076076
0.3410833995
0.3153440196
0.2926059111
0.26679688020000003
0.2380569156
0.20771752860000003
0.17307900720000002
0.1421359128
0.11790982350000001
0.0983120922
0.08470279692
0.0791164728
0.08126192961
0.08817025914000001
0.1026710676
0.1274396499
0.1542880503
0.17253366930000003
0.17429888070000002
0.164353797
0.1486571103
0.1266998778
0.1066757058
0.09034577379000001
0.07569736407000001
0.06246383103
0.046495672200000004
0.02845491543
0.00979249896
-0.006859450224
-0.02025750285
-0.0334559259
-0.051887385540000004
-0.07100098353
-0.08821319751000001
-0.1118493036
-0.12967289640000002
-0.14413146300000002
-0.1637050617
-0.17829106020000002
-0.19563631740000004
-0.21234235500000004
-0.2275688484
-0.24887244060000002
-0.264978891
-0.278798238
-0.28965761370000004
-0.295009263
-0.3057519978
-0.31235491260000003
-0.31929970590000006
-0.33250063050000006
-0.34064479440000006
-0.3538255104
-0.363801888
-0.3683413674
-0.3806969643
-0.38892245310000007
-0.39628201320000006
-0.4066292088
-0.41125854780000004
-0.4153676625
-0.41886738
-0.4191013485
-0.4180758111
-0.411158682
-0.4017835593
-0.39176382150000005
-0.3744007101
-0.35322533460000005
-0.3314521377
-0.305968014
-0.2767078251
-0.2483197452
-0.22079867310000004
-0.19312848900000001
-0.1678652865
-0.1451863323
-0.1265340888
-0.11101466880000001
-0.09832572810000001
-0.08801788041000001
-0.07832332449
-0.07187411277
-0.06792755958
-0.06816552075
-0.07213398948000001
-0.07189954029
-0.07159684293
-0.07550430327
-0.0758004966
-0.07288677945000001
-0.06992505216
-0.06599825631
-0.06113604753
-0.05252837094
-0.042523073460000005
-0.03189880422000001
-0.02155615065
-0.01084775085
0.004538602386
0.01448926209
0.020831652720000003
0.033805191330000005
0.050299529130000006
0.06359809266
0.06845306166000001
0.07335295065
0.08082743490000001
0.08716733379
0.09174465036000001
0.09127798866
0.09209521071000001
0.09219320280000001
0.09174743640000001
0.09324360855000001
0.09060539544000001
0.09210889566000001
0.09322391007
0.09217579005000001
0.0987779691
0.10604835630000001
0.11171049210000002
0.114967314
0.12208711770000001
0.1345332609
0.1459836891
0.16016698710000002
0.1747780992
0.1932200163
0.2138470128
0.2336659596
0.2555045892
0.2783443293
0.3030676875
0.3267515781
0.352928484
0.37531431540000004
0.39043358550000007
0.4051576107
0.41462288729999996
0.4200241752
0.4216896189
0.42368438430000005
0.43074797670000003
0.4412228985
0.45459059310000005
0.464360274
0.4724823654
0.47991520620000006
0.48696624180000003
0.49422367980000004
0.49410429210000006
0.49070296890000004
0.4856374773
0.4783128408
0.47370194460000004
0.4711634109
0.4695137613
0.46564685550000007
0.4591888344
0.4531095774
0.4458923604
0.4362017481
0.4266805545
0.41974547310000004
0.41394020940000004
0.4046221809
0.3947872635
0.38364663509999997
0.36526583430000004
0.34815817530000004
0.329846535
0.3025643364
0.2676813498
0.22805287380000003
0.1929435705
0.1616987205
0.133992828
0.11398239000000002
0.09850122900000001
0.08568421875000001
0.07107042852
0.055203018390000004
0.040341074399999996
0.02088340047
0.0019048724460000001
-0.01539673614
-0.03643765578
-0.05738706774
-0.08208743130000001
-0.10734347250000001
-0.129282066
-0.15662283030000002
-0.18297710100000003
-0.2061034893
-0.23064840360000002
-0.25269088500000003
-0.2762302743
-0.3026793096
-0.3252745845
-0.3455926641
-0.370824867
-0.39838831830000004
-0.4266420993
-0.4561014312000001
-0.4824112626
-0.5081518197
-0.5330446947
-0.5595510204
-0.5864225724
-0.6067922526
-0.6275332413000001
-0.6497691759
-0.6696467865
-0.6870143124000001
-0.7048119087000001
-0.7228846755000001
-0.7391251305
-0.7577367606000001
-0.7732096812000001
-0.7837810353
-0.7942375143000001
-0.8032145472000001
-0.8092142451000001
-0.8145310689
-0.8226408978
-0.8241122016000001
-0.8233055253
-0.8273039832000001
-0.8214231825
-0.8103261105
-0.8002111176
-0.7877525157
-0.7746131979
-0.7612170543
-0.7516176750000001
-0.7374939237000001
-0.7168487787
-0.6953626224
-0.6670551807
-0.6380866431000001
-0.612510894
-0.5841325260000001
-0.5536507959
-0.5227222203
-0.49343868360000004
-0.46841219640000004
-0.4451327721
-0.42347140920000004
-0.4034998188
-0.38111555700000005
-0.36444758220000006
-0.3562309224
-0.3486185586
-0.34579435770000005
-0.34498326690000003
-0.3414049713
-0.33805838790000003
-0.33224704200000005
-0.3245635557
-0.3134860056
-0.3005533845
-0.2917492038
-0.280988811
-0.26772245370000003
-0.2551862547
-0.2431390842
-0.2318881914
-0.2195970462
-0.206993943
-0.19423731330000002
-0.18253359090000001
-0.17321242320000002
-0.16180908300000002
-0.1459485693
-0.13278080250000002
-0.122317947
-0.1130938002
-0.1064629269
-0.09356498415
-0.08014759209000001
-0.06806912769000001
-0.05112424602000001
-0.035311722840000004
-0.0171422883
-0.001887369444
0.008325313398
0.026638397730000003
0.04675941405
0.06170451741000001
0.07469958897
0.08884865007
0.1081423008
0.12520542240000002
0.13786375590000002
0.1533659103
0.17204797620000004
0.192056256
0.20963508930000002
0.2292188904
0.2507311413
0.2712378672
0.29623757310000004
0.32071107060000004
0.34727861070000005
0.3766855572
0.40173176250000003
0.42738412770000006
0.4514984811
0.4733067978
0.49833348120000004
0.5261256036
0.5542014312
0.5816088054
0.6106895694000001
0.6404925456
0.6702344055
0.6976089162
0.7212451302
0.7457077386
0.7692507576000001
0.7948478925000001
0.8240853222000001
0.8426034630000001
0.8579968245
0.8781644187000001
0.8889658173
0.8962946721
0.8995844556000001
0.8961861735000001
0.8947812834
0.8949043989
0.8970858486
0.8960142042
0.8964514359000001
0.8996117274000001
0.8980328079
0.8989284609
0.9035307243
0.9076394466000001
0.9138548664000001
0.9223551333000001
0.9216339021
0.9173342772
0.9169217667
0.9072815778000001
0.8992793646
0.8939745090000001
0.8795508660000001
0.8649435798
0.8482378365000001
0.8254262511
0.7920528273
0.7486677099
0.7039775682
0.6530973165
0.600688863
0.5548282902
0.5129965863
0.48863619810000003
0.49105142009999997
0.5003721954
0.4996790208
0.487408869
0.46661912460000005
0.44469818910000003
0.4219430112
0.39809117340000005
0.37492299450000005
0.3511281528
0.3286559934
0.3021285762
0.2770582383
0.2593081224
0.23740965180000004
0.2172121371
0.2027082483
0.1849291929
0.1598508108
0.1320637896
0.11040929370000001
0.08931011247
0.06803454744000001
0.04941337221
0.02338343973
-0.0005106594519000001
-0.02049119667
-0.05151673431
-0.07437075777
-0.0973110798
-0.1324656072
-0.15539844419999999
-0.1846255734
-0.21569806170000003
-0.2332159749
-0.2551322997
-0.2708929476
-0.288707319
-0.3080649015
-0.31526220420000006
-0.328893984
-0.3409607745
-0.34863925770000004
-0.3630086514
-0.3752705628
-0.3901285926
-0.4071631671
-0.41892830010000004
-0.4376164482
-0.4595708358
-0.47286289530000003
-0.4899170898
-0.5089696794
-0.5253787683000001
-0.5480899974000001
-0.5729166549
-0.5973670008
-0.6211129887000001
-0.6424050051000001
-0.6642022365
-0.6855860745000001
-0.7023611745000001
-0.7205909994
-0.7383771179999999
-0.749487924
-0.7657742898000001
-0.7778572668000001
-0.7827583428
-0.7930950417000001
-0.7978581891000001
-0.8038864341
-0.8154541899000001
-0.8213645187000002
-0.8274328866
-0.8326808442
-0.8324523693
-0.8329101039000001
-0.8365043898000001
-0.8385265251
-0.8461068102
-0.8599358691000001
-0.8685102015000001
-0.8723393388
-0.8694509805
-0.8655256070999999
-0.8663445459000001
-0.8668268055
-0.8693247258000001
-0.8686069281000001
-0.8538710328000001
-0.8315230680000001
-0.8129179125000001
-0.7965920124000001
-0.7842960603000001
-0.7745707206000001
-0.7613800965
-0.7478918370000001
-0.7310003904000001
-0.7097066082000001
-0.687515211
-0.6646881258
-0.6440868315
-0.6243332193000001
-0.6030279594000001
-0.5790278925000001
-0.5491550691
-0.5166620928
-0.4885620345
-0.4624144605
-0.4361622138
-0.4144451301
-0.39407172209999997
-0.37007332290000006
-0.3447806904
-0.32154962940000004
-0.29591757090000004
-0.26875662390000005
-0.2471173335
-0.2262755961
-0.2056869567
-0.18737296200000003
-0.1690181577
-0.1489963401
-0.1300869765
-0.1120413834
-0.08825615550000002
-0.06872570118
-0.0510032691
-0.030207697560000003
-0.01633760343
-0.0018530933040000002
0.0142503003
0.0281630385
0.04300877637000001
0.06127302456000001
0.08069316543
0.09476808255000001
0.1078734087
0.12180851370000001
0.138704571
0.1595639664
0.176320035
0.1935462969
0.2171996784
0.2416101957
0.2651038704
0.2899164996
0.31460385510000005
0.33775957530000006
0.35877288960000003
0.3793450482
0.4015642077
0.42282748080000004
0.44531808300000003
0.47043717660000006
0.493328223
0.5165623251
0.5424489531
0.5666688621
0.5892712983
0.6134268537
0.63567819
0.6525459945000001
0.6684720390000001
0.6869287692
0.7087340448000001
0.7315810443
0.7493692230000001
0.7617653352
0.772981893
0.7831692837
0.7951815306
0.8114531814000001
0.8292064365
0.8414754111
0.8467011
0.8571188295000001
0.8697007431000001
0.8786219571
0.8829286452
0.8805819951
0.8780132466
0.8646529095
0.8393390874000001
0.8143512516
0.7880993973
0.7560289377000001
0.7127731161
0.6647993712
0.6217508349
0.5842977264
0.5466330162
0.505899738
0.47131271910000005
0.4411074348
0.4106915298
0.3798982341
0.34478657640000004
0.3117744549
0.28302360120000003
0.259207668
0.24646987350000002
0.2368579374
0.2254674483
0.2174231502
0.2098335456
0.19900566
0.1873088046
0.1777162923
0.16928832510000003
0.15611653620000002
0.1402903575
0.1259213562
0.1069138926
0.08518753845
0.06820376994
0.05213599056
0.03446849448
0.01870563933
-0.0006847138674000001
-0.023150619
-0.04078551645
-0.05686653933
-0.07356811338
-0.08660728089000001
-0.09356966352
-0.10286197020000001
-0.11705713830000002
-0.12945334860000002
-0.1449256806
-0.16404792120000003
-0.17800254810000002
-0.18760428180000002
-0.1982443059
-0.2122184547
-0.2290818447
-0.2388069882
-0.24282673380000003
-0.2490064452
-0.2505592701
-0.25184702880000004
-0.25643389050000004
-0.2555767908
-0.2537230932
-0.254622474
-0.2537540928
-0.2546490591
-0.25781248980000004
-0.2609465886
-0.2685214782
-0.27765625590000004
-0.2855155374
-0.2929642704
-0.2952576522
-0.2961662544
-0.2972712528
-0.29452111740000003
-0.29152622250000004
-0.2865896343
-0.2805007635
-0.2758692663
-0.2686147713
-0.263266065
-0.2590121547
-0.250670025
-0.2441515743
-0.2406457746
-0.2372701536
-0.23317516530000001
-0.227068146
-0.21956074920000002
-0.21188138310000001
-0.20325348810000002
-0.19416462120000003
-0.18839222100000003
-0.18539114580000002
-0.1814312412
-0.1773140823
-0.1757701845
-0.17407864620000002
-0.17155159020000002
-0.1691750196
-0.1640874555
-0.1611293481
-0.1609035219
-0.1563516819
-0.1511665083
-0.1486095318
-0.146617317
-0.14485132080000002
-0.14341160520000001
-0.1441183176
-0.1434272031
-0.1407060072
-0.1404238716
-0.14038590690000002
-0.1399595643
-0.1364519988
-0.13292137980000002
-0.13380663420000002
-0.1326050073
-0.128990709
-0.1233740916
-0.11971368630000001
-0.11776228110000002
-0.11153862090000001
-0.10425577500000001
-0.09629759889000002
-0.08933998391999999
-0.07858756665000001
-0.06431103441000001
-0.05531903145
-0.04173948009
-0.02355532074
-0.007969605741
0.009042860943
0.0239905512
0.03704230494
0.05070088566000001
0.06345703467000001
0.076924134
0.09065806533000001
0.10551341700000001
0.120237246
0.13270134150000001
0.1464882174
0.1612570743
0.17331415290000002
0.18651546990000004
0.204404103
0.22111445700000001
0.2363064192
0.25139096190000004
0.2643913701
0.27747457470000003
0.28818395550000003
0.30021562620000003
0.3180212667
0.3296939895
0.33159094920000004
0.33394466250000004
0.3356572923
0.3338553915
0.335340135
0.33900809400000004
0.34073161290000004
0.339411285
0.33801875550000005
0.33887045969999996
0.3366729216
0.3328299522
0.32838719940000005
0.3234364848
0.3147025437
0.2998361754
0.2909140785
0.2855060217
0.27941783760000005
0.2741401557
0.267610914
0.26147721150000003
0.24940345590000002
0.2387909979
0.23090699520000002
0.21566029320000002
0.201657303
0.1929230676
0.18547325550000002
0.17433753210000003
0.1614867264
0.1498502025
0.1393247592
0.1308148785
0.12121236000000002
0.11489942880000001
0.1085688396
0.0987605073
0.09309099438
0.08893268253000002
0.08448020802
0.07918390674
0.0730890126
0.0716087817
0.07002511416
0.06418378890000001
0.059507567909999996
0.057698309610000005
0.05574919995000001
0.05289033051000001
0.049788565470000004
0.047636486910000005
0.046071438750000006
0.04226132304
0.03723074523
0.03399681006
0.03233548656
0.027139747590000003
0.01933057557
0.01492474761
0.009570429009
-0.0010866438900000001
-0.01288301193
-0.02067600726
-0.03221328339
-0.051385093920000006
-0.06530926077
-0.07844864724
-0.09689479245
-0.1125438516
-0.12556829430000002
-0.135551637
-0.1415516292
-0.1449059625
-0.1451758356
-0.14411429550000002
-0.1401022998
-0.13339932300000001
-0.12586612590000001
-0.11474550990000001
-0.1051865478
-0.10197936450000002
-0.10055485440000002
-0.102072069
-0.10906277310000001
-0.11889101970000002
-0.1312439679
-0.1428769602
-0.1517396085
-0.1597665429
-0.166384467
-0.17444701170000002
-0.18258685920000003
-0.1895842341
-0.19636922250000002
-0.2019012777
-0.20783573910000003
-0.2128283424
-0.2192375097
-0.22711356629999999
-0.2327548068
-0.2385675261
-0.2441863017
-0.24874500870000002
-0.2535420006
-0.2592563256
-0.26483733270000004
-0.2674946655
-0.2729958192
-0.2811162429
-0.2856909402
-0.2928446865
-0.3001419531
-0.3086136729
-0.3220420914
-0.3300591177
-0.33565081770000005
-0.3429856566
-0.34905333780000003
-0.3545782317
-0.3591831438
-0.36471647430000004
-0.37014562260000006
-0.37431958140000005
-0.37913766480000005
-0.38394309330000004
-0.388155213
-0.39246621750000005
-0.39634126560000005
-0.39940708680000003
-0.4025624733
-0.40461943410000006
-0.40675291290000004
-0.41351759460000004
-0.42030915570000005
-0.425065338
-0.43229756430000005
-0.43762243230000003
-0.43995534840000006
-0.440308116
-0.43960807440000005
-0.4390913817
-0.4314941253
-0.4208894172
-0.4142735532
-0.4058888481
-0.3980804805
-0.391820229
-0.3826211958
-0.3752806671000001
-0.3665719377
-0.35440067070000003
-0.34581593969999996
-0.3368374353
-0.3234633642
-0.30688936920000004
-0.2899001169
-0.2724646077
-0.2515935384
-0.23181834420000003
-0.2155016655
-0.19908992790000002
-0.1821779784
-0.1681912728
-0.15414884639999998
-0.1388328858
-0.12543890040000003
-0.11311155630000001
-0.1020757968
-0.08775573759000001
-0.07530368877
-0.06670159407000001
-0.05230262322
-0.03745548252
-0.02334861423
-0.006865524576
0.008198201304000001
0.01951261974
0.03305259756
0.051915451950000004
0.06673195602
0.08204367870000001
0.0995599242
0.1130526963
0.1270739331
0.1422532404
0.1608825285
0.1787942151
0.194735367
0.21369937230000002
0.22862273670000002
0.2405569941
0.25046538840000004
0.2606790699
0.2750592546
0.2902755456
0.3107011428
0.33700086990000006
0.36471294270000004
0.38722238010000004
0.40738075290000003
0.43061053860000004
0.45109313190000006
0.46955712150000006
0.4840399188
0.4966663698
0.5157410319
0.5318312958
0.538478748
0.5478052131
0.5607275337000001
0.5675195853
0.5698863459000001
0.5696010711
0.5660003106
0.5619509388
0.5568896655000001
0.5532485859
0.5542341966000001
0.5518005318
0.5424022575
0.5323682952
0.521220015
0.5044877847
0.48125927430000004
0.4564026963
0.4363483095
0.4165184736
0.3968690436
0.3825245673
0.3683219436
0.35479826999999997
0.34291306260000004
0.3316995459
0.32312943180000003
0.3156921765
0.3114821169
0.30839873580000005
0.303760764
0.3000332583
0.29701099350000004
0.2952638325
0.2940879078
0.29342288790000004
0.2937211119
0.29215229670000004
0.2878663077
0.2836612512
0.2774190501
0.2709684846
0.2688521733
0.2602252593
0.24864524100000002
0.23771356560000004
0.21834931230000001
0.2070947898
0.20088093960000003
0.1856864268
0.1731843666
0.16353348480000002
0.151872534
0.1367114733
0.11914970940000001
0.10115934660000002
0.0882587061
0.07853529897
0.06274324926000001
0.04746825522
0.02910706461
0.013695407460000001
0.0031223572110000005
-0.014570685090000002
-0.02768289786
-0.04181562531
-0.05744054205
-0.06987614931
-0.08927771985
-0.10558758060000001
-0.1223495352
-0.143384922
-0.15953365349999998
-0.1775787561
-0.19712704500000003
-0.21565744830000003
-0.2324019411
-0.2471247891
-0.26292987630000003
-0.27579088440000005
-0.2909735271
-0.30704613300000005
-0.31799821320000005
-0.32977717830000003
-0.34367500530000006
-0.3574994535
-0.3670128972
-0.3773009385
-0.3889477629
-0.39772015920000003
-0.40614636060000003
-0.4138136604
-0.4257414432
-0.4349954124
-0.4434087627
-0.45651011580000006
-0.4639609089
-0.4726656162
-0.4798134765
-0.48119855040000004
-0.4831065954
-0.4812926283000001
-0.4765738221
-0.46851883110000003
-0.45905963670000005
-0.44998156080000007
-0.4390317369
-0.42962649750000004
-0.41877516600000003
-0.4063148964
-0.3942184797
-0.3762873693
-0.3535861464
-0.333126018
-0.3158676774
-0.29933792550000005
-0.2823341544
-0.2649176766
-0.2470286511
-0.2288428731
-0.21219343920000003
-0.19665773460000002
-0.18074493360000002
-0.1654825356
-0.149424939
-0.13231315980000002
-0.1156180113
-0.09725744853000001
-0.07809775335000001
-0.06014752326
-0.043293040740000004
-0.02727359523
-0.012023754030000002
-0.0006194280231
0.011656065420000002
0.02692392759
0.03815924211
0.0505506357
0.06528073329
0.07697052549000001
0.08677057815000001
0.0981610182
0.11363423310000001
0.1246954005
0.13283524800000002
0.14474802150000002
0.1523572461
0.15525865170000003
0.1572781383
0.1599316452
0.1650500127
0.1703819439
0.1741298544
0.1770377346
0.1802717973
0.18265974750000002
0.18820916640000002
0.1973451213
0.2039874723
0.2100987099
0.2141896761
0.2165043456
0.22096662030000003
0.22365073440000002
0.22486599720000003
0.2265061311
0.227625354
0.22870386539999998
0.2293021773
0.22926185820000003
0.22878224730000002
0.22820610600000002
0.2283880815
0.2289785454
0.2289121317
0.22865864130000002
0.22884248070000002
0.2290949901
0.22948170030000004
0.2294943552
0.2296487646
0.2299617036
0.2293592715
0.22908802500000003
0.22830950340000003
0.22739040450000003
0.2277655389
0.22847480190000002
0.22910823360000002
0.22774493790000003
0.2270477412
0.2270207637
0.22337566200000003
0.2197121175
0.2161051767
0.2100756564
0.20339337870000002
0.1957986729
0.18842851800000002
0.1816548111
0.17390442060000003
0.1671436629
0.1616703696
0.1564281999
0.1528648155
0.1506137148
0.1481699457
0.1454302089
0.1423397646
0.1386900522
0.1360312479
0.13421855610000002
0.1303279101
0.1234092114
0.11561202720000001
0.11015011350000001
0.1056091626
0.10085042970000001
0.0969446763
0.09278885619
0.08796752568
0.08028295047
0.07233186699000001
0.06619385790000001
0.0595455228
0.05390022096
0.04713938478
0.039277278000000006
0.03040426053
0.02127201381
0.01627976367
0.0111483783
0.0058874293170000005
0.00306628227
1.908966159e-05
-0.001993785381
-0.003822551847
-0.005498464779000001
-0.005747043312
-0.006352071138000001
-0.0054762304139999995
-0.004540479039
-0.0065523589649999995
-0.00823711365
-0.01139449158
-0.01768498731
-0.02260922472
-0.02536897392
-0.027179321130000003
-0.0302053824
-0.034928514810000005
-0.03995386389
-0.04563132291
-0.04934089593
-0.05249041605
-0.05743246842000001
-0.059670796500000005
-0.06207611040000001
-0.06784677423
-0.07368602958
-0.08007708762
-0.08488365408000001
-0.08643278061000001
-0.08945702703000001
-0.09519670107000001
-0.0995653197
-0.1026484065
-0.108909639
-0.113485023
-0.1108970469
-0.1071665982
-0.10560406140000002
-0.10660124790000002
-0.10922355900000001
-0.1119608433
-0.11485930590000001
-0.11332472760000001
-0.11237521770000002
-0.114304158
-0.1115364627
-0.11026714680000001
-0.1121621445
-0.1132641999
-0.1150775784
-0.1153540242
-0.1152601425
-0.11496280140000001
-0.114471909
-0.1163861343
-0.1186863831
-0.1206756549
-0.12200059350000002
-0.12195134730000001
-0.12201579900000001
-0.12343108770000001
-0.12624793110000002
-0.1302898473
-0.1341420381
-0.1369687896
-0.140034807
-0.14259227400000002
-0.1451348298
-0.1488132855
-0.16051641930000002
-0.1660488669
-0.169851321
-0.1750063779
-0.18074944620000002
-0.18474044850000002
-0.19031625630000001
-0.19750571100000003
-0.2036679606
-0.2092822236
-0.21497418180000002
-0.2218802256
-0.2290753701
-0.2353223781
-0.24259335390000003
-0.2488308462
-0.25375173840000004
-0.2581265079
-0.2628488457
-0.26886855600000004
-0.2728264986
-0.27734969340000004
-0.2827137033
-0.287107308
-0.29097509670000005
-0.29363439150000004
-0.2959600482
-0.2979147888
-0.3026656737
-0.308462697
-0.3139341264
-0.3196391319
-0.32347307610000003
-0.3297045843
-0.3364421904
-0.3409738218
-0.3476915136
-0.35459167140000003
-0.35887265730000006
-0.36306397980000005
-0.36598755600000005
-0.36697022370000004
-0.369922347
-0.3750243318
-0.38182903830000003
-0.3875496417
-0.39006178650000006
-0.39049686000000006
-0.3862088109
-0.3805494219
-0.3742869141
-0.36099554130000006
-0.34223636879999997
-0.32002044660000006
-0.2971308717
-0.2769370848
-0.25771694040000004
-0.2414736405
-0.22719391020000002
-0.21055516920000003
-0.19398990510000003
-0.1767854214
-0.1583688141
-0.1422697212
-0.1254725487
-0.10788616170000001
-0.09376920873
-0.08028305838000001
-0.06468100875
-0.049553733690000004
-0.03691547145
-0.023823349560000002
-0.008330484249
0.005928706854000001
0.019932576030000003
0.03595758381
0.05138869419000001
0.06733817478000001
0.08353721196000001
0.09655213896000002
0.10845210060000002
0.12213008550000001
0.1359314802
0.1485522414
0.16031894400000002
0.1712310975
0.1841751963
0.1988708706
0.210309723
0.2200926474
0.231413976
0.24314614739999998
0.2534604795
0.2629862838
0.2737649232
0.28309511610000004
0.2901932397
0.2997169839
0.30915126090000006
0.3160257165
0.32320987380000005
0.328257315
0.3325744017
0.33522741810000006
0.3337102035
0.3334054068
0.33357649320000005
0.3359763135
0.3403556937
0.3423116115
0.3455836389
0.3488567454
0.35102151810000004
0.35463934799999997
0.35744971680000004
0.35895594420000004
0.36068338710000003
0.36094629510000004
0.35901401940000005
0.3556951002
0.3510860679
0.3489542568
0.34658278740000004
0.3413270799
0.3395524509
0.3384522594
0.3362445189
0.33553093950000007
0.3361147326
0.33677533800000004
0.3343800303
0.3341353689
0.3350990052
0.33211617660000003
0.3296992869
0.3254441013
0.31716269550000004
0.3096852192
0.3033484497
0.2981295297
0.29561679630000004
0.294837588
0.2945155257
0.2927443302
0.29027250450000003
0.2887849161
0.2871865728
0.285821217
0.2848180464
0.285449418
0.2861138493
0.2839419153
0.2818064745
0.2794322583
0.2746969713
0.2690919297
0.2640091725
0.25870451310000003
0.252276903
0.24502976550000002
0.23713781670000003
0.22784264550000002
0.2162211309
0.20438232480000001
0.193006845
0.17911107810000002
0.1644557229
0.1518459489
0.1398082941
0.1278797265
0.11713287150000001
0.1081678068
0.1011246192
0.09487774854000001
0.08849269422000001
0.08252082729000002
0.07702715862
0.07184451600000001
0.06600168981
0.058816031580000004
0.05285613285
0.04825925514
0.04341171231
0.03831786
0.03243425364
0.02672219475
0.02157595704
0.01539268461
0.009202717836000001
0.003926926323
-0.0027146771550000002
-0.009041505201
-0.01526509575
-0.02337505218
-0.02973226572
-0.03629471427
-0.04349310588
-0.049715706600000006
-0.057668585310000006
-0.06480640017
-0.07120982862000001
-0.07915452579
-0.08764996617
-0.09636191325000001
-0.1050104583
-0.1140969708
-0.1219561542
-0.12774807629999999
-0.13425004620000003
-0.14048940240000002
-0.1459136457
-0.1524810483
-0.1589160159
-0.16547223510000003
-0.1720905516
-0.1769810328
-0.181944108
-0.18678112470000002
-0.19101158910000002
-0.1958074038
-0.19923639120000003
-0.20218763160000003
-0.2053161387
-0.2071103877
-0.2099692179
-0.21307584870000001
-0.2155376682
-0.21982091039999999
-0.2239141329
-0.22718037240000002
-0.23022421920000002
-0.2322914805
-0.23468492430000001
-0.23715017730000001
-0.24023630520000003
-0.24411537540000003
-0.24724525590000002
-0.2491290702
-0.2505007044
-0.25239511350000005
-0.2522114703
-0.2511267786
-0.25113874680000003
-0.25017265800000005
-0.24968843640000002
-0.2497217904
-0.24941061720000002
-0.24885027
-0.2464177824
-0.2429503398
-0.24037894260000003
-0.2380577985
-0.23650693560000002
-0.2364987933
-0.23496647130000003
-0.23263806780000001
-0.23105022120000002
-0.22795742250000003
-0.22443514200000003
-0.22014248220000002
-0.2136203037
-0.2053398789
-0.1955581317
-0.18580395060000002
-0.1773972711
-0.16985534310000003
-0.1621066203
-0.1551168972
-0.148906971
-0.1423222047
-0.1361729043
-0.1294553106
-0.12073755600000001
-0.11156432310000002
-0.10275298110000002
-0.09369525114
-0.08475860601
-0.07650625743
-0.06795872595
-0.05902944813
-0.05065581852000001
-0.04191258735
-0.0334827072
-0.025020149940000003
-0.01574723763
-0.007387250787
0.001100434788
0.00995133267
0.0183216465
0.026665571430000003
0.03488902956
0.043266024
0.05263381863
0.06227531226
0.07130014929
0.08038879056
0.08849438154
0.09633504366000001
0.1040614389
0.11038947750000001
0.11711521350000001
0.12325274190000002
0.1284951078
0.1335231252
0.1376018289
0.1419867027
0.146389725
0.15101916210000002
0.1558254735
0.15975182790000003
0.16336965779999998
0.16593536520000002
0.1675475406
0.16829015760000002
0.1676284731
0.1671071697
0.16713365670000002
0.16646265270000002
0.16497006120000002
0.1632966714
0.1609558092
0.1585537326
0.1561878549
0.15294780810000003
0.15052424760000002
0.14794647390000001
0.1441502982
0.14081499630000002
0.1378248102
0.1351747368
0.13198462290000001
0.1287162252
0.12514077450000002
0.11992832910000001
0.1153848276
0.1100837979
0.10374467400000001
0.09808896375000001
0.09134599158
0.08512490160000001
0.07946891667
0.07318340442
0.06770923803000001
0.06295542975
0.059342426370000007
0.05581869399000001
0.051543211500000005
0.04822474356
0.04512181113
0.04215130389
0.040027272120000006
0.038083705110000005
0.03660634854
0.03472556553
0.032611098510000006
0.03144367908
0.02978295399
0.02736127701
0.02517627609
0.023196598470000003
0.02100261159
0.01830580335
0.015461285940000001
0.01262960001
0.00995590413
0.007332174504000001
0.004549500315
0.0022011687810000002
-0.00029217897990000004
-0.003198600531
-0.005709147282
-0.008274933162
-0.01071382473
-0.012833804970000001
-0.01497684852
-0.01696115646
-0.01918477935
-0.02127539826
-0.022948150410000003
-0.024773987610000003
-0.02642761026
-0.027763938270000003
-0.029022983100000004
-0.029997125910000002
-0.03077456841
-0.03083434074
-0.02996390925
-0.02953724292
-0.029156428530000004
-0.028436766930000003
-0.028414812150000003
-0.02838750111
-0.028232277480000005
-0.028385754930000003
-0.02809115082
-0.027700497000000004
-0.027525918240000002
-0.02735461602
-0.02765899089
-0.02794333374
-0.02824313715
-0.02908748385
-0.02975020821
-0.03045332034
-0.03132132876
-0.03182440518
-0.03234084282000001
-0.03266498484
-0.03262832487
-0.032538484890000004
-0.03226029291
-0.0321513921
-0.03223795554
-0.03233749761
-0.03242790657
-0.03214257291
-0.03196247112
-0.03215337372
-0.03215475693
-0.03196269675
-0.031816459080000005
-0.03186208539
-0.031893222330000005
-0.0316646199
-0.031483233
-0.03129544998
-0.03102347754
-0.030911633730000002
-0.0307449324
-0.0305210682
-0.030379411800000002
-0.030236431050000002
-0.03003004827
-0.02961117108
-0.02918118897
-0.02876248836
-0.028458505890000003
-0.02850494643
-0.028240498260000003
-0.02784026988
-0.027505768500000003
-0.02689182927
-0.026597911860000004
-0.02614140351
-0.025302599460000002
-0.0246640077
-0.023686323480000004
-0.02263001211
-0.02164257675
-0.02041957386
-0.01931430078
-0.018141319080000003
-0.016955643240000002
-0.01583965764
-0.014724064440000002
-0.01388012976
-0.0131291154
-0.012470069790000001
-0.01197811791
-0.01151649855
-0.011038025610000002
-0.010504940400000001
-0.01009545138
-0.009628305066
-0.009139288338
-0.008942942169
-0.008723910375
-0.008521329951
-0.008443652409
-0.008304750657000001
-0.008200848042
-0.008035523055
-0.007795597923
-0.007566882678
-0.007271061147
-0.007065639747
-0.006912499761
-0.006671093319000001
-0.006424891749
-0.006145889463
-0.005902617159
-0.005656134042000001
-0.005297100795000001
-0.004984324641
-0.004639930857
-0.00421714242
-0.003887089875
-0.003582338301
-0.0032740286400000005
-0.0030098571120000003
-0.0027691962299999998
-0.0025625966490000003
-0.0023692552830000004
-0.002188389294
-0.0020007455760000003
-0.001772954433
-0.0015494895
-0.001361328795
-0.00117364878
-0.00098400186
-0.0007810858359000001
-0.0005246288919
-0.0002871782343
-9.648849168e-05
8.928445932000001e-05
0.000259355799
0.0004247640729
0.0005891134554
0.0007520681502000001
0.0008969870619
0.001029120012
0.001158726789
0.0012554200350000002
0.001366854768
0.0014870792610000001
0.0015814082970000002
0.0016826190480000002
0.001765667565
0.0018401480279999999
0.0019220880150000001
0.001992184389
0.002063336319
0.002124764577
0.0021760041690000002
0.00223365852
0.002284899093
0.002321443305
0.00234514917
0.002369031615
0.002404326033
0.002433241008
0.0024649900920000003
0.002497648563
0.002504016234
0.002513522124
0.0025266969540000002
0.002527254162
0.002535445512
0.002544410871
0.0025496533349999998
0.0025500535830000003
0.002542308588
0.002532453462
0.002517451029
0.002502228852
0.0024892668990000003
0.00247677975
0.0024666842790000004
0.002455434171
0.002442326049
0.002428626384
0.0024163089480000004
0.0024052707360000002
0.002392898364
0.002381664933
0.0023708082060000003
0.0023571016740000002
0.0023438974140000002
0.002333089737
0.002322655821
0.0023132921760000004
0.00230565411
0.002298814578
0.002292111405
0.0022852395000000003
0.002278524555
0.002271670308
0.0022640381280000003
0.0022555289340000003
0.002246530221
0.002237587425
0.002228528871
0.00221918877
0.002209658355
0.002200052403
0.002190255156
0.002180035098
0.002169517797
0.002158669899
0.002147305014
0.002135466306
0.002123115516
0.002110143753
0.002096511777
0.002082160728
0.002067047442
0.002051131698
0.0020343624840000003
0.002016713313
0.001998145926
0.001978645608
0.001958197644
0.0019367804520000003
0.001914384222
0.001891002087
0.0018666291420000002
0.0018412644060000001
0.0018149078790000001
0.001787565447
0.0017592429960000002
