0.0003858580053
0.0003865683474
0.0003848714136
0.00038631073680000003
0.00038504789550000007
0.0003863869605
0.0003850133643
0.00038764558350000005
0.00038941383600000004
0.00039339345870000004
0.00038557479060000004
0.00036690645870000003
0.00034824793680000003
0.0003471216507
0.0003661648227
0.0003883653432
0.00040232830859999997
0.0004109512005
0.0004149906642
0.0004263774255
0.0004270568661
0.0004001539221
0.0003408313806
0.0003305729655
0.00036314049780000003
0.00036609183630000004
0.0003198400407
0.0003111317037
0.00035872472250000003
0.00040650344460000005
0.0004150314738
0.00038970597780000005
0.000423913644
0.00039720513420000005
0.00028824261930000003
0.0001993867785
0.000183971835
0.00032046405480000005
0.00044115069690000007
0.0004829354109
0.0004078456488
0.00034770112740000007
0.00017741061270000003
0.0001717239519
0.00032360050800000004
0.0004915474137
0.0006242713182
0.0005621546925000001
0.00028592932320000005
7.780780899e-05
1.7925145920000003e-05
0.00013957893630000003
0.0002278160604
0.00045777227040000003
0.0004370224527
0.0002437835031
0.0001716438042
0.0001473529689
-1.499802831e-05
6.437100294000001e-05
0.00034096940730000004
0.0005424942753000001
0.0005943507201
0.0004634561844
0.0005256019458000001
0.0004204973115
0.00031022555400000003
0.0005282791929000001
0.0007020176283000001
0.0008868095793
0.0007717071816000001
0.000263993967
-0.00016162269300000001
-0.00047713573890000006
-0.0006123502062000001
-0.0005964555537
-0.0004043393586
-5.225010048e-05
0.00012151146690000001
0.0005700193695
0.0004895662842
5.671108026e-05
-3.73941504e-06
0.00033048702990000003
0.000438918039
8.064679356e-05
-0.0003228925203
-0.0005093683578
-0.0002288583729
2.199693357e-05
0.0006664500018000001
0.0006308701128000001
-1.1725471170000001e-05
-0.0005151467421
-0.0005326165863000001
0.00017255201400000002
0.0004613769549
3.925036917000001e-05
-0.0004307621031
-0.0006004242873000001
-0.00036648090090000003
-0.0005493904110000001
-0.0002729654082
0.00035838559080000003
0.0005145154686000001
5.6562654960000004e-05
-0.0005728837914000001
-0.001212139296
-0.001413244296
-0.000995677722
-0.0002536187148
-3.837782853e-05
0.0001959604398
-0.0004974440085000001
-0.0005652712314000001
0.00018359130510000002
0.0009748884681
0.0016422911189999999
0.00137450853
0.0002015524341
-0.0007787443851
-0.001477918683
-0.0018057365100000002
-0.001728803547
-0.001121749956
1.913691636e-05
0.00039399118200000003
0.00031362982020000004
0.0008232019317
0.001233413262
0.0016877938230000001
0.0014191371630000002
0.00010774450530000001
-0.0009384689412
-0.0016936974810000001
-0.001956115962
-0.0020189029050000002
-0.001909800009
-0.001392618771
-0.0005292903096
-0.0004038391467
2.4780668220000003e-05
-0.0001917878544
0.0007592177763
0.001389327516
0.0012844213380000002
8.072424351e-06
-0.001105095519
-0.00143732196
-0.0008632063269000001
-0.000498142971
0.0007026620472
0.001349256609
0.0018426113189999999
0.002082526641
0.0020495679840000004
0.002078387802
0.00221077179
0.0022669242300000004
0.001611417087
1.683185085e-05
-0.001255759461
-0.0021175748280000003
-0.002372902641
-0.002314482129
-0.002344840155
-0.002458136826
-0.0023750765370000003
-0.00167094711
-0.0007067038653000001
-0.0010628320770000002
-0.0014828246640000002
-0.002117797515
-0.0024795922770000003
-0.002479914045
-0.002420832339
-0.0023687069040000002
-0.002413623951
-0.002545904934
-0.002624638032
-0.002063648277
-0.0004091475339
0.001626828597
0.004333487058
0.006199008651000001
0.00724776534
0.006820408386
0.004390558695
0.0012768588089999999
-0.001705090815
-0.004644712251000001
-0.006489753507000001
-0.007738289865
-0.007501113495
-0.00420922575
0.0016097945130000002
0.0072101714579999995
0.01024485768
0.01009663839
0.0080861868
0.0045703269450000005
0.001156685328
-0.001690323822
-0.004745541393
-0.0071039742840000005
-0.009052461009
-0.009037451709000001
-0.008625539619
-0.0073265641650000005
-0.005206852719000001
-0.003095775054
-0.0004391644662
0.0012099869820000001
0.002100878208
0.002343918015
0.002280831867
0.002251713825
0.002220850584
0.002183987547
0.002180003706
0.002378949525
0.00258407172
0.001946052864
-0.0005681931399
-0.0038992523130000002
-0.006407790957
-0.006995333439000001
-0.004922042913000001
-0.0017159083020000002
0.0014942866680000002
0.004791650355
0.0064648547459999995
0.005993679465
0.0027948866580000003
-0.0006626771739000001
-0.004539751137000001
-0.007312659471
-0.009153734544000001
-0.008914487283
-0.008415798876
-0.007873293123
-0.007576800588
-0.0069988513050000005
-0.005277471966
-0.0032578872660000003
-0.0006487614927
0.001132719498
0.002839363236
0.004230917622
0.003768742035
0.002591008371
0.0003574892511
-0.001281028059
-0.002939728365
-0.005147926011
-0.006689894184000001
-0.007064989344
-0.004866419231999999
-0.0009435767139000001
0.00320869404
0.005848126533
0.007165049382
0.007510906818
0.006868451880000001
0.004517144973
0.0007177174542000001
-0.004126711878
-0.008686534275000001
-0.01144089288
-0.012081907710000001
-0.010103112990000001
-0.006282552573
-0.0006873516783
0.006210966060000001
0.011958772590000001
0.015597164250000002
0.01717978212
0.01676907666
0.01438622766
0.01065202173
0.005348739654000001
-0.001340317737
-0.007931893158
-0.014175518670000001
-0.0184000284
-0.01852949097
-0.01503373671
-0.008737469757
-0.0029582888850000003
0.00127633986
0.004664024217
0.006904859733
0.008484495363
0.008092142451
0.008396525169
0.01056925476
0.013562786070000001
0.01452769767
0.01169270577
0.007500437586000001
0.003348960363
-0.0005816935638000001
-0.0038348457390000004
-0.006749783253
-0.00990219438
-0.0115945371
-0.011682719190000001
-0.01010384874
-0.008806053429
-0.008030731851
-0.00719486982
-0.00480213234
-0.0009649697733
0.0031761797760000003
0.005855551722000001
0.007034623470000001
0.0071767988190000005
0.007059562452000001
0.007112770911
0.007148244852000001
0.006603296409
0.005070422106
0.003149674137
-0.0003049456158
-0.004638095406
-0.008763051294
-0.010772341380000001
-0.010251391140000001
-0.008426837088000001
-0.005517017450999999
-0.0030681873720000002
-0.0006155879967
0.000837191286
0.0023963661989999997
0.004658158818
0.006433245945000001
0.006877026801
0.003899775186
-0.0020161835730000003
-0.007649527023000001
-0.010510757730000002
-0.01015126047
-0.008885323134
-0.007884614844
-0.007573564269000001
-0.006916504203
-0.005216378229
-0.003890310498
-0.003044588436
-0.002627529039
-0.001858579056
-0.0007115702138999999
-0.00118601919
-0.002522284416
-0.004514942628
-0.0040510032030000006
-0.001109184327
0.0038693357370000003
0.00864759348
0.00993893283
0.006809752764
0.0018454287510000001
-0.003171999735
-0.00689010255
-0.01056328047
-0.01379416473
-0.015473175660000001
-0.01533730716
-0.013721639400000001
-0.009548905869
-0.003497345442
0.0025400052
0.00761634666
0.010992477779999999
0.01456390638
0.01871199621
0.02289660867
0.024994437930000002
0.023972647950000002
0.02045955942
0.015084523080000002
0.008531508807
0.001634582421
-0.006773665698
-0.01551799755
-0.02256880752
-0.025806892320000004
-0.023838270570000004
-0.01812503448
-0.012606242400000002
-0.009534166344
-0.00777621042
-0.003919786605
0.004017952332
0.01325048472
0.02106536616
0.025991016210000002
0.028741710780000002
0.02876543136
0.026528859270000003
0.019499758830000002
0.009455600016
-0.002937039444
-0.014176068029999999
-0.02211876396
-0.026193347460000002
-0.02695881195
-0.02482005537
-0.020486399580000002
-0.013688265780000002
-0.00498067434
0.0055712010239999995
0.01695163095
0.02572455699
0.030278398230000003
0.028629101790000003
0.02019309039
0.007198201296
-0.0074532181320000005
-0.01859530626
-0.02160610317
-0.01632459537
-0.00520375374
0.009522149094000001
0.02237831694
0.031182615360000002
0.03379451805
0.02887978653
0.014535477000000002
-0.005163576885000001
-0.025979008770000003
-0.044374426470000006
-0.058838820210000004
-0.06918939045
-0.07290966618
-0.06850782108
-0.05652977184000001
-0.03743887419
-0.01524075714
0.006480114201
0.02497962483
0.03768823458
0.042904201770000004
0.04146881238
0.03607437186
0.02698870302
0.01603555353
0.005698387674000001
-0.002829385485
-0.00933548049
-0.01375364943
-0.01618286049
-0.017496988470000002
-0.01784001474
-0.016956447660000002
-0.0148067235
-0.013202788500000001
-0.013329053010000001
-0.01596780567
-0.01798831251
-0.015459785010000001
-0.009616392783000001
-0.0031198615470000002
0.001120798386
0.00191164527
-0.0006066863046
-0.004084057998000001
-0.0064670845590000005
-0.007128733743000001
-0.005893001397000001
-0.003817261314
0.0003467703546
0.006115541247
0.011497938030000002
0.015897467970000002
0.01938547233
0.020868852240000003
0.020546495640000002
0.01884480399
0.018827145990000002
0.02170747971
0.02475000216
0.02585465721
0.02120531562
0.011151958949999999
-0.001692502623
-0.01439042634
-0.02514850398
-0.032258811600000006
-0.03560484564
-0.03613821534
-0.03531665727
-0.035308083330000004
-0.03394304145
-0.030119152500000003
-0.021016345590000002
-0.007169266701
0.008840479662
0.020959633980000003
0.026406813060000003
0.027708305760000003
0.02687561334
0.02635541847
0.026465692680000003
0.02645549028
0.025705025280000002
0.024753612240000004
0.02529708624
0.02530649403
0.023710926960000003
0.019797776819999998
0.01338588234
0.006256658097
-0.0015446443410000001
-0.00834071706
-0.01379390967
-0.01663930017
-0.016757442
-0.01474788312
-0.01380203235
-0.01573667226
-0.01980438876
-0.02257880391
-0.020039083200000002
-0.01477282014
-0.011073420090000001
-0.01052549235
-0.01104459831
-0.009402750603
-0.003878349165
0.004524173838
0.014380449570000002
0.02479420602
0.03460401963
0.041228261370000005
0.041853933360000005
0.036156304980000005
0.02660494563
0.01795806828
0.01102816656
0.004888521162
-0.0025379421570000003
-0.01019897631
-0.01489758372
-0.015126941520000001
-0.01070913555
-0.003366184761
0.002140946172
0.002418208164
-0.0021139912350000003
-0.007767569772000001
-0.010843267680000001
-0.009839233800000001
-0.006705441072
-0.004085503011
-0.002713038885
-0.0025180092180000003
-0.002859214752
-0.0031935474
-0.002681394768
-0.00014058210690000002
0.003990403890000001
0.008246415492
0.010050913980000001
0.008798125968
0.0065764748880000005
0.0053068077900000005
0.003733228854
0.002317902876
-0.0005405440473000001
-0.0036155677140000003
-0.006269864319
-0.01048545774
-0.01708433082
-0.02522036223
-0.03214124856
-0.03536704143
-0.034228953900000005
-0.03063246075
-0.02670761709
-0.02305293102
-0.01728926172
-0.009348158934000001
0.000388114011
0.009201919302
0.01373142978
0.014418257310000002
0.01304702532
0.00983959677
0.005027751549
-0.002427305958
-0.010617608250000002
-0.01547297946
-0.01373887557
-0.003819842325
0.010198780110000001
0.02513534877
0.037620908550000005
0.04678877538
0.05242588587
0.052221779010000004
0.04498170471
0.0314055378
0.017428269420000003
0.00453550635
-0.005793601572000001
-0.01351301994
-0.018671471100000003
-0.01869554484
-0.01287743004
-0.002255924277
0.008881650270000001
0.0162015093
0.01696118589
0.013332309930000001
0.009592607457
0.006590986821000001
0.004441658004
0.003119178771
0.0013992238439999999
3.762403794e-05
0.001130561298
0.0032906732670000003
0.0053238183300000005
0.00691329339
0.0076421410740000004
0.006606666144000001
0.001839190572
-0.006492454200000001
-0.017291998710000003
-0.026740971090000003
-0.033313671090000004
-0.035453781450000006
-0.034410193650000004
-0.033308766090000004
-0.033274244700000004
-0.03377403477
-0.03123165555
-0.02578188663
-0.016610517630000002
-0.006621191811000001
0.004908065625
0.01990473525
0.03778447068
0.05632977537
0.07029376101000001
0.07684579134000001
0.07753146129
0.07693244307000001
0.07778925828
0.07933714875000002
0.0793276821
0.07442833266000001
0.06544340271
0.0542597967
0.04025789541
0.0228187467
0.001352349702
-0.025861936230000004
-0.05406903144
-0.07886804436
-0.09623715948
-0.10305149940000001
-0.09760607631000001
-0.08041300164000001
-0.054185191650000006
-0.024894120870000005
0.0024242560290000004
0.02392813998
0.03801081681
0.043116607890000005
0.039682303470000006
0.031345245540000004
0.022924223820000002
0.015302540520000001
0.007617847590000001
-0.0011228231700000002
-0.011123961210000002
-0.019832219730000003
-0.0240667749
-0.02462402214
-0.02457783666
-0.02488308462
-0.02357796222
-0.019799169840000002
-0.01372175712
-0.009927563040000002
-0.011487617910000001
-0.01875700449
-0.027014159970000003
-0.0323044281
-0.03090398193
-0.025001128350000002
-0.01667139849
-0.006850692837
0.001735637193
0.010615518720000001
0.01923653691
0.028705315680000003
0.041315246640000004
0.05851896516
0.07891998831000001
0.0963677502
0.10502919540000001
0.1031338053
0.09418967514
0.08489575962
0.07782487839
0.06907391694000001
0.05640569496
0.04260338793
0.03340813158
0.03326841756
0.039342749940000005
0.0451334556
0.044220046500000006
0.03596250843
0.02218101822
0.005081392629
-0.012916827000000002
-0.03104152794
-0.04879652922
-0.062058432780000006
-0.06795751932
-0.06541944669
-0.057265345259999996
-0.04724926659
-0.03527379738
-0.02309296563
-0.010832094090000001
0.001981751454
0.01417487121
0.026027058150000004
0.035531525700000004
0.04269265893000001
0.045090085589999995
0.04016025648
0.027550080270000003
0.01065919284
-0.005174096148000001
-0.01603981107
-0.02344849965
-0.03181751856
-0.045114757740000004
-0.06282503523
-0.08099725581000002
-0.09322856001
-0.09653031171
-0.08985248775
-0.07343229393
-0.047785549860000005
-0.017503443450000003
0.011747347469999999
0.033833689380000004
0.04160123757
0.030394166040000004
0.0026266755690000005
-0.0363024936
-0.07692989247
-0.1086740028
-0.12336398729999999
-0.1187010981
-0.09857804130000002
-0.0710547129
-0.044766551790000005
-0.02184442731
-0.003725482878
0.008576159022
0.011747004120000001
0.0039329339670000005
-0.012999731310000002
-0.03088082052
-0.041574878100000004
-0.04342232673
-0.03867137316000001
-0.03246068178
-0.02640274191
-0.019696390470000002
-0.01247589693
-0.010396225980000002
-0.01916416854
-0.037374775650000004
-0.05541396282
-0.05840676819000001
-0.03995029305
-0.0029006757360000002
0.03910702545
0.07504763796000001
0.09803787327
0.10957563990000001
0.11283099030000002
0.1112741433
0.107829558
0.10319207670000001
0.09650028330000002
0.08579890746
0.0690700518
0.050815721519999996
0.0366123915
0.03115326384
0.035306808030000005
0.04849278219
0.06873776748
0.09458239887
0.12333298770000001
0.1493829522
0.164343987
0.1612000782
0.1367828901
0.09211360446000001
0.03359943639
-0.030922983900000003
-0.09559267191
-0.15768858870000002
-0.21054153330000003
-0.24423741180000003
-0.2517930738
-0.2348745516
-0.2023227153
-0.16079109930000002
-0.1132852914
-0.060410293920000004
-0.006882873561
0.04029334875
0.07875205092
0.10512611820000001
0.1207949445
0.1235297763
0.1120472694
0.0888031611
0.05863629276
0.030351541590000003
0.009427474746000001
-0.007789429395
-0.02623121406
-0.04850821332
-0.06883064856000001
-0.08040379986
-0.08203734144000001
-0.07756599249000001
-0.07459443558000001
-0.07418726172000001
-0.07020090936000001
-0.05494361256
-0.02332520757
0.019925767890000005
0.06269917293
0.09476603226000001
0.1118200698
0.11596057650000001
0.11237973030000001
0.1050531318
0.09860295869999999
0.09630836045999999
0.09989876160000001
0.1060143156
0.1075298625
0.09387830574000001
0.060590954880000006
0.008845739784
-0.05284400769
-0.1119640806
-0.1589845878
-0.1877953806
-0.195153273
-0.1796414067
-0.141081534
-0.0863310411
-0.029511423000000002
0.015527709450000001
0.03964723272
0.04566783573
0.042823720530000005
0.04210723737
0.045638346870000006
0.04944809961
0.05022096084000001
0.05208615576000001
0.06280117731
0.08450561592
0.1104434325
0.13069735470000002
0.1396454481
0.1350979245
0.1150685532
0.08195157261000001
0.04284549873
0.007885090629
-0.015294564990000002
-0.02539830582
-0.024481894860000002
-0.01573003089
-0.003310607187
0.010369003230000002
0.02373336243
0.03638439729
0.04523079042
0.04721931666
0.03725213103
0.010267430490000002
-0.0352521369
-0.09371588157
-0.15159304710000002
-0.1929657411
-0.2042202636
-0.1791817101
-0.12135833280000001
-0.046689380460000006
0.025349118480000002
0.07690800636
0.09781659891
0.09000432693000002
0.06166550304
0.02249041581
-0.01873946421
-0.05559495732
-0.08228303289000001
-0.09726121557
-0.1042474365
-0.1087286445
-0.11239317
-0.11139853410000002
-0.0993060414
-0.07280838774000001
-0.03657621222
0.005302993662000001
0.04641341535000001
0.08211965715000001
0.1077941439
0.11795995260000001
0.1124540901
0.0984885741
0.08543652606
0.07905716154000002
0.07707708171000001
0.0723370761
0.06415888131
0.05881819959
0.06451421913000001
0.08592914502
0.1166441373
0.14381577720000002
0.1576458171
0.154354464
0.13715164800000001
0.11327499090000001
0.0856495404
0.05595071697
0.024905431800000002
-0.003110933466
-0.02346072291
-0.03322816713
-0.03571790589
-0.03793971393
-0.048410898120000004
-0.06766037442
-0.09051463332
-0.1117895607
-0.1294237224
-0.14223499380000001
-0.1488111273
-0.1471790376
-0.1402009884
-0.1343511873
-0.1379425302
-0.15302648430000002
-0.171423864
-0.1846584369
-0.1874202462
-0.17897207040000002
-0.1573066854
-0.1199675691
-0.06725650653
-0.006682627917
0.04745544336000001
0.08392162662000001
0.09712609263000001
0.08991101421
0.07115289138000001
0.052880275260000005
0.04614654411
0.05664675609000001
0.07885536003
0.10473911370000001
0.1259047773
0.1375701426
0.1391741757
0.1336747878
0.1266999759
0.1238116176
0.1261217745
0.13380614370000002
0.14467101300000001
0.15987288330000002
0.1779078816
0.1914550011
0.1949328423
0.1871994231
0.17531931690000002
0.16555493340000002
0.15705535320000003
0.1421409159
0.1145000637
0.07556023008000001
0.028214648910000004
-0.02692915632
-0.08957937735
-0.1554196338
-0.21218529690000001
-0.2443722993
-0.2426267079
-0.2092163985
-0.15785369100000002
-0.10823883120000001
-0.07280203086
-0.05321769021
-0.044604902610000004
-0.04455905067
-0.054262043190000005
-0.07693644555000001
-0.1088485227
-0.1400332374
-0.1590922035
-0.16106038379999998
-0.1486334682
-0.13280444460000002
-0.12347336880000001
-0.1273496922
-0.1470186441
-0.18026630370000002
-0.2203381917
-0.2593697292
-0.2898912879
-0.30505735170000003
-0.301948857
-0.2781682398
-0.2365176285
-0.1831308237
-0.12619034640000001
-0.07032689919
-0.01952175285
0.02478705453
0.06383555352
0.0985461588
0.1273320342
0.1436486148
0.14493745260000002
0.1331620191
0.11757029940000001
0.1057809357
0.10229750280000001
0.1085285205
0.12487237290000001
0.1482882543
0.1740925764
0.1965138219
0.2086964685
0.207710073
0.19535123880000002
0.173769435
0.1463933547
0.1185628752
0.09399330837000001
0.07964956782
0.08206056171000001
0.09975877290000001
0.12341097720000001
0.14389386480000002
0.1545523317
0.1541507103
0.1413205056
0.11177612100000002
0.0638421066
0.004752231813
-0.05183430363
-0.09443884914
-0.1219533093
-0.1379049579
-0.14486407380000002
-0.1410182595
-0.125765181
-0.1050296859
-0.08477273241
-0.06881936706000001
-0.058786405380000004
-0.05621651892
-0.06084798669000001
-0.07395974820000001
-0.09469931445000002
-0.1203071913
-0.1448304255
-0.162497745
-0.1714075794
-0.1715588496
-0.16226299170000003
-0.14181306570000002
-0.10936354770000001
-0.06706831149
-0.020365285320000003
0.017147595510000002
0.03202981677
0.021606005070000003
-0.008997114951
-0.044926238970000004
-0.07090553223
-0.07466524416
-0.05056424217
-0.001529500644
0.06121280097
0.12360835440000001
0.1715015592
0.19631036250000003
0.1967773185
0.1772705259
0.14811991470000002
0.1179785916
0.09112450140000002
0.06617185407
0.04329987831
0.02486140452
0.01326391461
0.008547862077
0.0070628419349999996
0.0033828725520000003
-0.005310296226
-0.01595097171
-0.02369479932
-0.02685524778
-0.02365556913
-0.014225167080000002
0.0034310847780000004
0.02694775608
0.05111270946
0.07075912779
0.08438216688
0.09439536141
0.1002813516
0.1000929015
0.09219452715
0.07944085026
0.06910112007000001
0.06893051436
0.0774728073
0.08419037157
0.0740823732
0.04039729551
-0.008457741531
-0.055201252590000006
-0.0895187025
-0.1118182059
-0.1278987579
-0.13534582320000002
-0.1227757797
-0.08184371166000001
-0.02189639088
0.03636742599
0.07669945557
0.09476926956
0.0967856562
0.08750923191
0.06180481485
0.014839302510000001
-0.051735301110000007
-0.1227003408
-0.1769001984
-0.19643524380000002
-0.18005362290000002
-0.14331085650000003
-0.1083986361
-0.08972639982
-0.08385588981
-0.07751279286
-0.0598001904
-0.03204547353
-0.001620142101
0.0226145025
0.037125317160000004
0.041097945329999996
0.03777950682
0.028803248910000002
0.01439134848
-0.0012513341700000002
-0.007724643174000001
0.002835803187
0.028193635890000002
0.05316906204
0.061411728150000004
0.04933754091
0.02727015192
0.00694604898
-0.004953307383
-0.01087813242
-0.01247579883
-0.009370339344
0.001695555495
0.020848084470000004
0.04474396917000001
0.06674490522
0.08341385121
0.09133371927000002
0.09187530975000001
0.08625643605
0.07500224709
0.0580643109
0.03633421914
0.014704228620000002
-0.0005034588138
-0.009315678024
-0.018984174660000002
-0.036579704580000004
-0.06248318616
-0.09219501765000002
-0.12059648820000002
-0.14453759700000002
-0.16249627349999998
-0.17212802580000003
-0.1716771582
-0.1622782953
-0.14628053970000002
-0.12638605590000002
-0.0987967062
-0.06032510388
-0.015353169930000002
0.02602010286
0.05593401054
0.07295948136
0.08427354075
0.0961807716
0.1092988998
0.11751869880000002
0.1134578493
0.09685957455
0.07489132542
0.054946634040000004
0.03956158161
0.02679663303
0.01555528536
0.010700541990000001
0.016481692710000002
0.03293992971
0.053376425820000004
0.07274235663
0.08743043799
0.09524064987
0.09300833532000001
0.07859872062
0.052644236850000005
0.01952501958
-0.01430502048
-0.04475254311
-0.06763233744000001
-0.08245720944
-0.08801130771
-0.08520350913000001
-0.07761087324
-0.06916626828
-0.06347555595
-0.059396587380000004
-0.05520887496
-0.04743691227
-0.035408017800000004
-0.022979454120000003
-0.01607627484
-0.01560219678
-0.01582812108
-0.002193801471
0.030581350650000002
0.07069045779
0.0925189929
0.07744074822000001
0.02896581042
-0.03404447685
-0.08918012016
-0.1258501356
-0.142888536
-0.1431549756
-0.1286222454
-0.10015647030000001
-0.06103691748
-0.01856303136
0.015416777970000002
0.0321016554
0.03364235514
0.028689786450000004
0.02291397237
0.01789254729
0.014195521260000002
0.01358402472
0.018454748580000003
0.02669988681
0.03217311144
0.0320270994
0.02715936759
0.02333980485
0.023065399530000003
0.020842993080000004
0.013749136830000001
0.002414905137
-0.008378269740000001
-0.01398655845
-0.015569372520000001
-0.01711357443
-0.01795964769
-0.013965506190000001
0.000996064236
0.024440683050000002
0.04631234292
0.05919531561
0.06341303682
0.06353660358
0.0610625412
0.053070383250000006
0.03879964872
0.02558385216
0.02049604281
0.02256105762
0.02376088929
0.021070202490000002
0.01724682366
0.018829314
0.02779161228
0.0398738241
0.046853541000000005
0.044394036660000004
0.03346098786
0.01963395963
0.005292376299000001
-0.0111350367
-0.029515494150000002
-0.047120588819999996
-0.0563139126
-0.05288422869
-0.03700276083
-0.013823506440000001
0.009792597060000002
0.030461678460000002
0.04355876421
0.04121853966
0.017232098850000002
-0.02864516076
-0.08420895171
-0.1314173106
-0.1576168776
-0.1581834051
-0.1354307778
-0.09441121437000001
-0.04450141692
0.004149905661
0.04129865793
0.06412888233
0.07411266648
0.07325419338
0.06004958022
0.03388549599
0.00018245265840000001
-0.03271493736
-0.05651279073
-0.06790604625
-0.06880645710000001
-0.06206828202
-0.05079626829
-0.03810726873
-0.0259056594
-0.0140259456
-0.0024358180950000002
0.0076749928020000005
0.01720925136
0.027977727600000002
0.03874454595
0.04817422206
0.05251579452
0.05103923256
0.045760716810000004
0.037206141750000005
0.02781847206
0.02064346749
0.02039331249
0.03140101539
0.05305642362
0.07829438499000001
0.09651249675
0.101711061
0.09284819688000001
0.06964589880000001
0.031373684730000004
-0.019045938420000002
-0.07293614337000001
-0.11643812730000001
-0.1404926397
-0.1420779357
-0.1282442661
-0.10539501030000001
-0.07972848927000001
-0.051578900280000006
-0.020985512760000002
0.009776186891999999
0.03697106472
0.05458892220000001
0.05982191955
0.05366914641
0.040295506950000004
0.023539644360000004
0.004150258821
-0.01465105842
-0.025287040800000004
-0.019191675780000004
0.0066263960160000005
0.04453070958
0.08177576760000001
0.1055288187
0.11134457910000001
0.1017053712
0.08172834606
0.05574656106
0.0270592173
-0.001154017008
-0.023950065330000003
-0.037866393990000004
-0.039178216620000005
-0.030707762310000004
-0.01816405866
-0.009149123844
-0.007690423932000001
-0.01195029675
-0.01625805414
-0.017698456440000003
-0.0198910503
-0.026011273860000003
-0.03243463623
-0.03212984934
-0.01658839608
0.013581238680000001
0.050221578870000005
0.08503812234000001
0.11322152640000001
0.1328039541
0.138950802
0.1251601002
0.08683417638
0.03321140184
-0.018180137250000002
-0.05404342734
-0.07140234006
-0.07792706916000001
-0.07942969629
-0.07398161469
-0.05845466061000001
-0.03417427296
-0.009789752160000002
0.007345445472000001
0.017301357450000002
0.021894124770000002
0.01907541747
0.009709679016
-0.004817645874000001
-0.017763329970000002
-0.02197044657
-0.013357815930000001
0.007926780186000001
0.03799420848
0.07035307227000001
0.09713386215
0.1136864223
0.1182797586
0.11529683190000001
0.11001748230000001
0.1034429184
0.09246770622
0.07434330939
0.05077843371
0.02844467379
0.012323331810000001
0.002284608717
-0.007277633847
-0.02177580636
-0.04040524161
-0.05575669479
-0.060698992410000006
-0.051484842
-0.03149623125
-0.009037674396000001
0.009632269286999999
0.020036542410000004
0.022883267070000005
0.02261599362
0.02204897562
0.02331623142
0.025775225640000003
0.02888189568
0.02873919942
0.02164005558
0.0032820934410000002
-0.024444420660000004
-0.05620876902000001
-0.08447335083
-0.10489116870000001
-0.1179020736
-0.1231652367
-0.12172620780000001
-0.11453910750000001
-0.1065575934
-0.1064709711
-0.11895988590000002
-0.1389895515
-0.15528062609999999
-0.161002701
-0.1562617242
-0.1426378905
-0.1218852279
-0.09172826766
-0.05242859343
-0.01287256428
0.015592180770000002
0.02543125761
0.02092137498
0.01121874543
0.004358441736
0.002374501671
0.0041259672990000005
0.007467945885
0.014668402500000002
0.03132642996
0.06085042938
0.09660482847
0.12982916970000002
0.1569948255
0.1773477306
0.19061958150000002
0.1912114188
0.17291341440000002
0.13963858110000002
0.104291091
0.07788282606
0.061641605880000006
0.04733000289000001
0.028345818420000002
0.006472684107
-0.01313508969
-0.026585619930000002
-0.03412431063
-0.036263636190000004
-0.03354750225000001
-0.027284945400000003
-0.0222633045
-0.02438714007
-0.03594979467
-0.05462783847
-0.07456919445
-0.09180972008999999
-0.10566115560000001
-0.1141998777
-0.11798006310000002
-0.11747847780000001
-0.11379619620000002
-0.1066463739
-0.09467208189
-0.07603886979
-0.05147187318
-0.02367093159
0.004499675325
0.031933904400000004
0.06113637126
0.0919866042
0.11908496340000001
0.1346190984
0.1336009185
0.1184231808
0.09837448380000001
0.08381885706
0.07712584722
0.07519473891
0.07130460303
0.06128545383000001
0.04784636205000001
0.03297369573
0.01758162915
-0.0007862221557
-0.02365811973
-0.04763900808
-0.06819858045
-0.08139890664
-0.08562974382
-0.0847193562
-0.08055196029000002
-0.07139506104
-0.05319206649
-0.025382158560000003
0.00988742052
0.044809607880000005
0.06977131965000001
0.07835600160000002
0.06834186531
0.04347195552
0.01090696401
-0.02013729111
-0.03970323801
-0.04273325271
-0.03083848056
-0.011783546370000002
0.007729320582000001
0.027070479180000002
0.04640097627
0.06061727511
0.06362148951
0.05047442181
0.0252614367
-0.004148595045
-0.03066324453
-0.05019908454
-0.05895137034
-0.053032712850000004
-0.02868043752
0.011491777350000001
0.05880198366
0.10308642300000001
0.1347440778
0.1487493243
0.1431528174
0.119087514
0.08132719554000001
0.03985043706000001
0.003205193832
-0.025584009120000004
-0.04811974713
-0.06559106283
-0.07659023103000001
-0.07753752387
-0.07003948581
-0.05813157807000001
-0.046326950010000006
-0.03539372463
-0.024410772360000003
-0.01840019517
-0.02264404041
-0.03787627266
-0.0579901473
-0.07217794809000001
-0.07385487930000001
-0.06134250879000001
-0.03763454445
-0.005409877536
0.03165375042
0.06611222889
0.0919431459
0.10275994620000001
0.09772060806
0.07726835709
0.04637457756
0.01316489247
-0.01593150867
-0.03891915414
-0.05886444393
-0.07701244362
-0.09184584051000001
-0.099564633
-0.09572250726
-0.08329922136000001
-0.06870804318
-0.0580469472
-0.05298694920000001
-0.050901696360000005
-0.04860235008
-0.04575886272
-0.04348867176
-0.04186472436
-0.04097374092
-0.04181005323
-0.047256987060000005
-0.05783379552
-0.07074408906
-0.07949597265000001
-0.07860294873000001
-0.06768475227
-0.05128553223
-0.034717217220000006
-0.020303443080000004
-0.007205029056000001
0.0044201083770000005
0.01412305479
0.01902544533
0.01852881408
0.013593246120000001
0.006384462777
-0.0024800739480000003
-0.010428883470000002
-0.014970099240000001
-0.01628672877
-0.01570949856
-0.016910330850000002
-0.01875758328
-0.018261364050000003
-0.01364182524
-0.004435272675
0.007590069594000001
0.017944285230000002
0.024195845070000003
0.027694120500000002
0.03101204889
0.039321619200000005
0.050782181130000006
0.06007363434
0.06052305006
0.0481995711
0.0286639371
0.01073195361
0.0017417929680000003
0.00213630408
0.006823568187
0.01224779481
0.01786943493
0.02715004809
0.04181599809
0.05728973292
0.07066980774
0.08075256498
0.08964312273000001
0.09780171714000001
0.10359516960000001
0.10544131350000001
0.10395617760000002
0.0983644776
0.08585203842
0.0655796538
0.03827050713
0.01050149709
-0.012245989770000002
-0.029733227100000002
-0.042813586800000004
-0.048910962870000005
-0.045054141750000005
-0.0280289358
-0.0019321157970000002
0.026032983390000004
0.05018941188
0.06612933753
0.07272437490000001
0.07023264471
0.059613927930000005
0.041800292280000005
0.019449374670000002
-0.005410186551
-0.029551840200000002
-0.04838799177
-0.05933992482
-0.06287965731
-0.06255697698
-0.05964621264
-0.05446000899
-0.04493866824000001
-0.03201750522
-0.01848834783
-0.008853507342000001
-0.004506298056
-0.003552624792
-0.001643404554
0.005155305093000001
0.01382276088
0.02064508614
0.02273863824
0.0221900238
0.022078837259999998
0.02549420838
0.030267675900000002
0.029775900600000002
0.022263755760000004
0.011411639460000001
0.00024181345890000001
-0.008189703882
-0.01481660217
-0.02061941337
-0.024881093190000002
-0.029463589440000004
-0.03402905553
-0.03831218001
-0.04084831026
-0.040939317630000006
-0.03937746753
-0.040462590869999995
-0.04680870930000001
-0.05892987663
-0.07247276802000001
-0.08323816392000001
-0.085064472
-0.07661751264
-0.06057402282
-0.039064126319999996
-0.01475244477
0.011437891020000002
0.03720793698
0.06058612836
0.07822492038
0.08622311147999999
0.08395027182000002
0.07397930934000001
0.06225129738000001
0.05460495174
0.05060657232000001
0.04820975388
0.045010791359999996
0.03877875342
0.0297314613
0.02238089697
0.018803523510000003
0.019298830410000002
0.020677988879999998
0.02009505906
0.01668101229
0.0144232506
0.013691257830000001
0.01125190323
0.00027845508420000004
-0.019363792230000003
-0.04037449707
-0.05310124551
-0.0511765137
-0.038214541080000004
-0.023033065770000003
-0.01070337708
-0.004324661982
-0.002378055834
-0.005324359842
-0.01466532216
-0.02991390768
-0.04764149001
-0.061175581830000006
-0.06550808004
-0.060135555060000005
-0.04762413612
-0.02978798652
-0.009091414557
0.01145891385
0.029473438680000002
0.04240863981
0.04858129782
0.048373070760000005
0.04203628164
0.03029093541
0.01491559488
-0.0007213852170000001
-0.014152180680000001
-0.02288006901
-0.02411369613
-0.015243082110000002
0.004796116848
0.03130647642
0.05581233711
0.06881723829
0.06890332104
0.06065928153
0.052329787110000005
0.04781996334000001
0.04572562644
0.04197661722
0.03487846419
0.027776750130000003
0.02131423605
0.014706857700000001
0.004776652827000001
-0.007805404980000001
-0.019106024670000003
-0.023428045800000002
-0.01902645576
-0.01137087891
-0.005752981305
-0.003615270471
-0.0026795083050000002
0.0016875858510000002
0.009077311701
0.01180729638
0.005513742873
-0.006392454003
-0.01755390609
-0.021628960470000003
-0.02065508253
-0.01996468416
-0.023140995390000002
-0.02711265237
-0.02740834539
-0.02276562555
-0.01688205843
-0.01517034096
-0.02028341106
-0.026895655170000005
-0.02952614781
-0.02378396241
-0.01328669343
-0.004487677695
-0.001560646413
-0.004553192799
-0.01124428086
-0.01776784257
-0.023294865240000004
-0.02866745889
-0.03592762407
-0.0453698766
-0.05480256438
-0.05864532777
-0.052539426810000005
-0.037291115970000004
-0.01824960186
-0.00035021131020000003
0.01385873415
0.024552948690000003
0.031679197560000004
0.034891521300000006
0.03346410744
0.027481106160000005
0.018575058420000002
0.008956299465
0.001673119044
-0.0012350230830000001
0.0003538471905
0.0033559803990000003
0.00321898473
-0.002300961987
-0.013238133930000002
-0.026393805000000003
-0.03810781809
-0.04711781259
-0.05468779719
-0.062327089440000004
-0.07267815018
-0.08315856558000001
-0.09045920682
-0.09073881144
-0.08401638141
-0.07480974546000001
-0.0662878377
-0.05927524749
-0.05294943576
-0.04650023385
-0.037536817230000005
-0.026398503990000002
-0.015619403520000002
-0.007713375408
-0.004609547325
-0.005287363389
-0.006112762074
-0.005256732645
-0.003175980633
-0.001029982311
-0.001880764371
-0.003921697593
-0.004308451938
-0.0010590169680000001
0.008606216862
0.02375745579
0.042082653510000005
0.060534537570000005
0.07609399218
0.08832895551
0.09480249603
0.09316474596
0.08381657133
0.06872141421
0.05273227179
0.03955737312
0.03127978341
0.02771902809
0.026670093840000002
0.02590157844
0.02377114074
0.02098581687
0.01760890095
0.011786342219999999
0.00385370154
-0.005934290706000001
-0.01513306296
-0.019919391390000003
-0.01916998587
-0.013400705250000002
-0.005486065920000001
0.0025275533670000004
0.0110201616
0.019484612190000004
0.027251630640000003
0.03273689214
0.03216758841
0.024251075370000003
0.01049232474
-0.006051221982
-0.023739846840000002
-0.04029910722
-0.05557704426
-0.06811079076
-0.07607985597
-0.07698875247
-0.06953482998
-0.053862589800000006
-0.03119706549
-0.005051736999
0.02315271834
0.053673708060000005
0.08290524195000001
0.10694930670000001
0.12206602620000001
0.12724452900000002
0.1223052921
0.10950657750000001
0.08918148375
0.06574136184
0.04595941836
0.03259381329
0.02534045625
0.02192425128
0.01923743943
0.017832186360000002
0.01780179498
0.01868986485
0.0177259833
0.01500623928
0.011185430670000001
0.007607891421000001
0.004490028171
0.003055606047
0.002723078439
0.002333074041
-0.0005784669567
-0.007655672988
-0.01759169421
-0.02635751781
-0.03232202724
-0.03556140696
-0.04028298939
-0.0488397717
-0.0581120856
-0.06338911023
-0.06042997278
-0.04869144450000001
-0.03141664272
-0.01174091211
0.007691307813
0.02474629398
0.03821166675
0.04619071854000001
0.04657133673
0.03938152887
0.02721457827
0.01261724922
-0.001838342988
-0.014529394800000001
-0.02505682953
-0.03213973782
-0.03551220981
-0.03612888603
-0.035518880610000005
-0.03562546626
-0.033370510230000004
-0.02728758429
-0.01664376372
-0.004087740672
0.006426111132
0.012985526430000002
0.013206045420000001
0.007548024915000001
-0.0030768368490000004
-0.0167341923
-0.03163358106
-0.04563461907
-0.05613823512
-0.06192497754
-0.060529220550000006
-0.052845773490000005
-0.038892166830000005
-0.02183534325
-0.004053467475
0.013109103
0.026771068170000002
0.0371238849
0.04313707155
0.04153450014000001
0.031151919870000003
0.01598020551
0.0022320192690000002
-0.005137333173000001
-0.004862090079
0.001146473118
0.009194371488000001
0.01723010742
0.025803076230000003
0.03422057616
0.041574073680000004
0.04705233084
0.04951586709
0.050366148840000007
0.05155678854
0.05411146950000001
0.054874697310000005
0.04963891392
0.03699190116
0.021372752700000004
0.009667800126000001
0.004340293236
0.0037401635430000003
0.002842444557
0.000728024625
-0.001426057137
-0.002115215523
-0.0005422494177
0.001044194058
0.0015872324940000002
0.0003073242465
-0.001835432361
-0.005447613663
-0.009492132456
-0.01311786333
-0.015979940640000002
-0.02017131219
-0.02681948052
-0.03491979372
-0.041688262079999996
-0.04479792417
-0.044478186839999996
-0.04329472806000001
-0.04210990569
-0.04084773147
-0.03916532628
-0.038728437930000005
-0.039656846520000004
-0.04015102527
-0.03934080756
-0.03744038493
-0.03475397529
-0.03344348682
-0.03238780329
-0.02881105767
-0.02051813493
-0.00822799035
0.00638033571
0.0207386343
0.03262774608
0.04182440526
0.048198825540000004
0.04924385541
0.04236599574
0.02928342879
0.01419234282
0.0011005064010000001
-0.008194640274000001
-0.014241333960000001
-0.01661130243
-0.01407029661
-0.005600704599
0.006364329714
0.01813271571
0.02658524715
0.03041054874
0.03065756454
0.02934068976
0.030039966180000002
0.03288848607
0.03775337298
0.04279825377
0.04478062914
0.04096718784
0.030518910000000003
0.01443529728
-0.0032385105540000004
-0.017676168120000002
-0.026888709690000002
-0.03097748826
-0.032234531850000005
-0.03222376047
-0.03125077524
-0.029393810910000002
-0.028344719700000003
-0.028137591360000002
-0.027183588480000003
-0.02140377192
-0.008991653724000001
0.007763636943000001
0.02458536093
0.03727462536
0.04392834615
0.04597332894
0.04413660264
0.038912081130000005
0.02956874283
0.01798929351
0.005441207733
-0.008336343762
-0.02195148384
-0.0336748851
-0.04123409832
-0.04316646231
-0.040524236910000004
-0.03330841293
-0.021460846500000002
-0.00494880165
0.0145446984
0.033254624700000006
0.049965292620000004
0.0627451524
0.07054793811
0.07178944266000001
0.06572648007000001
0.052562558790000005
0.03581616285
0.018784482300000002
0.0031024075950000004
-0.0103728978
-0.021714356520000002
-0.02892431412
-0.03378621879
-0.036422901540000004
-0.03916100007
-0.042733144800000004
-0.048450677670000004
-0.05771888118
-0.06879946257
-0.08026642062
-0.08760044529
-0.08998903314000001
-0.08560763208000001
-0.07558357788
-0.061369456860000005
-0.044558991810000004
-0.02919304926
-0.018037342890000002
-0.01189869615
-0.01086156333
-0.011486097360000001
-0.01237426533
-0.01216287945
-0.01050545052
-0.008400427587000001
-0.005054649588
-0.0015558179309999999
0.001510150419
0.004299604299
0.005575931406
0.006880730076
0.010060645500000001
0.015594319350000002
0.022389549390000003
0.029563121700000004
0.034711223310000004
0.03856024548
0.03978407241
0.03885421194
0.03695229819
0.034058671920000005
0.03224976678
0.031848233670000003
0.033351351300000005
0.0357705954
0.03883193343
0.039644682120000004
0.036618689520000004
0.030091507920000003
0.01989246294
0.01068851493
0.004973205006
0.00188879778
-0.0001886292306
-0.0023165952030000003
-0.005233137633
-0.006185721987
-0.0043219387260000006
-0.0016777689840000002
-0.001874658627
-0.00654381936
-0.015624916740000001
-0.02760733143
-0.038675709180000004
-0.046470480120000004
-0.04988088738
-0.049755525390000006
-0.04753090188
-0.041926321350000004
-0.03332854305
-0.02177603199
-0.01056570354
-0.0031210004880000003
-0.0016243339140000002
-0.004506584508
-0.008817623343
-0.011050562790000001
-0.0102162321
-0.007948889964
-0.005846943447000001
-0.0068865670260000005
-0.008863020099
-0.008746882452000001
-0.005498316648
0.0008785113984000001
0.006983008155
0.010821018600000001
0.011788529850000002
0.009604534454999999
0.005448075714
0.00017536326570000003
-0.004002309306
-0.0037706128020000003
0.0018178008480000001
0.01193922126
0.02343252897
0.03414099744
0.041599334429999996
0.044624385270000004
0.04294992618
0.037687194720000004
0.03089847852
0.022673754900000002
0.014230268280000001
0.005966846172000001
-0.001656466569
-0.005233954806
-0.004138371063
0.00045905708610000003
0.005183482356000001
0.008725872375
0.009008666226
0.007577147862000001
0.00432178569
0.000992596401
-0.0011743570620000002
-0.0031191876
-0.005339686986
-0.006918904710000001
-0.007105131864000001
-0.004696199055
-0.0012119274000000001
0.0005300789355000001
-0.0007630459326
-0.003937329828
-0.006450556671000001
-0.007007619483
-0.005412433041000001
-0.0040155596730000005
-0.003119661423
-0.0022457777940000003
-1.4663163960000001e-05
0.003422967984
0.00791130393
0.01358999901
0.02108357352
0.029243011590000003
0.03616782192
0.04040486883
0.04087661211
0.036229467960000004
0.027699594480000003
0.016867892790000002
0.007639593417000001
0.001184535918
-0.0015662999160000002
-0.002341399788
-0.0032895873
-0.0057676295970000005
-0.008249766588000002
-0.008869310271
-0.008719278093
-0.007911111654
-0.007475081679000001
-0.007645074264
-0.007915799853
-0.007342888005000001
-0.004935503214
-0.0016024173930000002
0.0013465912320000002
0.0025684453709999997
-0.0006971967981
-0.009725507451
-0.02205106515
-0.03324887604
-0.03857956137
-0.03703117059
-0.031396424310000004
-0.023720187599999998
-0.01696980888
-0.011020083120000001
-0.005772710196
-0.001739150154
0.0005457551193000001
0.002337895656
0.0052022998979999995
0.008601889671
0.010548653760000002
0.008853692751
0.003019309047
-0.0051007820939999995
-0.013342757580000001
-0.02069359659
-0.024992191440000002
-0.027339940260000004
-0.027315680130000002
-0.0240882588
-0.01821060711
-0.01187704548
-0.007123465773000001
-0.006033112722
-0.00700753806
-0.00945127773
-0.01161928773
-0.01471248864
-0.01935251073
-0.025992958590000004
-0.03269096172
-0.03751051662
-0.03816957204
-0.03554660367
-0.030331833300000003
-0.023465863349999998
-0.01689845094
-0.01078215138
-0.006689500803000001
-0.006284225178
-0.008857990512
-0.01435332492
-0.02158423668
-0.02696079357
-0.02826051066
-0.025367816340000002
-0.01857260592
-0.00984783717
-7.882499808e-05
0.01036674693
0.02012410647
0.02594111274
0.025000039440000003
0.018749902050000003
0.009224603946
-0.0004882671459
-0.008070978357
-0.013379339070000001
-0.01638513288
-0.018021901950000002
-0.01717731
-0.01153620684
-0.00190367955
0.008451370917
0.016298069130000002
0.02033976951
0.022461672510000003
0.02440346391
0.02508934968
0.02362446162
0.020113001550000002
0.01587245247
0.012921977250000001
0.011610802080000001
0.012320045460000002
0.014843040120000001
0.01718691399
0.01844225064
0.02066886558
0.023001860160000002
0.02546128602
0.028437630210000002
0.03099933513
0.033875479980000005
0.03510701757
0.03374810694
0.029573785170000002
0.02292696081
0.01626406767
0.010725449580000001
0.007824510936000001
0.007532113095
0.009414418617
0.01110574404
0.011326498470000002
0.009062372052
0.0059481659700000005
0.0037589565600000003
0.0020311418610000002
-0.0004855162257
-0.004316039973000001
-0.009255256272
-0.013648623570000002
-0.015534419490000001
-0.01521729162
-0.014277709440000001
-0.01202459769
-0.007413141339
-0.001589217057
0.004963278267
0.009774157203
0.014304647700000001
0.01880238555
0.02310237342
0.02522305998
0.02329892658
0.01747639728
0.01027227663
0.003764648322
-0.0030260043720000004
-0.007968747366
-0.01060798464
-0.01072464516
-0.008539264593
-0.0026612930970000004
0.005646070944
0.014871449880000002
0.02145646143
0.022346709120000002
0.01777860414
0.009515010357000002
-0.0009329965308
-0.012723511140000001
-0.02431640016
-0.03491328969
-0.04168577034
-0.04253792580000001
-0.037944697410000006
-0.029511756540000003
-0.018801934290000002
-0.007517658060000001
0.0015031146870000001
0.008033966208000001
0.01109076417
0.01135521234
0.009634908176999999
0.008003703339
0.007000871184000001
0.007335362754
0.009100478997
0.01113116175
0.014245326630000001
0.017961521400000003
0.023141191590000002
0.03067006248
0.03959676027
0.048071550600000006
0.053594099910000005
0.056318111280000006
0.05554025676
0.050520607290000005
0.042954095430000006
0.0341542998
0.025760432160000003
0.01785840849
0.011577065490000002
0.006105216222000001
0.00046681797330000007
-0.0066894654870000006
-0.015370151040000002
-0.02509118415
-0.03455705916
-0.04229401977
-0.0478693665
-0.05012944335
-0.04909509657
-0.04514865129
-0.038058032340000006
-0.02846992473
-0.01709646579
-0.006459768261
0.0027369340830000004
0.01098499275
0.01732498974
0.022178183130000004
0.02556503658
0.029324640600000004
0.03340401138
0.03671585757
0.037703763810000006
0.03756673773
0.036186009660000004
0.03404750814
0.03209692698
0.029461647060000002
0.027021331080000002
0.02424575835
0.022600228950000002
0.02192196555
0.02188033191
0.021241043640000002
0.01870341246
0.015499898100000001
0.01331691804
0.012414849300000001
0.011663658359999999
0.008713273392
0.0032332612230000003
-0.0028535543820000005
-0.00871502742
-0.01383318891
-0.01891687806
-0.024274972529999998
-0.02831559381
-0.027910676250000002
-0.022423835340000003
-0.01322861823
-0.003030292323
0.008524726173000001
0.018913473990000002
0.026830605060000002
0.029920293990000003
0.026080552080000003
0.01626309648
0.002714206275
-0.01170906885
-0.023976346319999998
-0.03228153156000001
-0.03560025456
-0.033806074230000004
-0.02836498716
-0.02196570834
-0.01573261092
-0.01108799775
-0.009250828038
-0.009775769967
-0.011518784280000001
-0.01486739835
-0.01898424333
-0.02364561198
-0.0281787345
-0.03164294961
-0.03385615428
-0.033051577320000004
-0.030905718300000003
-0.028276265520000003
-0.024669138330000003
-0.020605022100000002
-0.015840825030000002
-0.01090382481
-0.006856730892
-0.0038938656420000003
0.00017905555350000002
0.006358784121
0.01415708568
0.02250916272
0.030253245390000003
0.03413522916
0.033373306080000005
0.02772711153
0.01832079303
0.006775047927
-0.004041793575
-0.013240606050000001
-0.02083966749
-0.02545982433
-0.028392818130000004
-0.02923789077
-0.03064691088
-0.03137440086
-0.031188540600000002
-0.02955893283
-0.02811534228
-0.027949406130000003
-0.029456751870000002
-0.03045581208
-0.02987168544
-0.02768105358
-0.022824485550000002
-0.016819912080000003
-0.008154791073
0.00251390079
0.013457151990000001
0.024245473860000002
0.03404465343
0.04247197317
0.04906229193
0.05091047631
0.04945405428000001
0.04526953992
0.038858567579999996
0.03049633719
0.02214397566
0.01281834441
0.004169879802000001
-0.002454024474
-0.007022101986
-0.009755541747000001
-0.0095415984
-0.007414222401
-0.0031187844090000004
-2.0588590349999998e-05
0.0017070999030000002
0.002273546961
0.002852164305
0.004138681059
0.004145185089
0.002569387131
-0.002942008209
-0.01036378431
-0.01764494289
-0.02329159851
-0.02606665131
-0.02701719126
-0.02714306337
-0.02723551281
-0.02740599099
-0.026731720259999998
-0.02431794033
-0.02114465058
-0.01825514451
-0.015445776330000001
-0.013158898560000002
-0.009754538184000001
-0.006228090396
-0.003907149363
-0.003045274155
-0.0031726854540000005
-0.002018571327
0.002452932621
0.008067225051
0.012098310030000002
0.010943692650000001
0.0060792383610000006
-0.001271872386
-0.007470679932000001
-0.011715406110000002
-0.01500832881
-0.01663595496
-0.016750467090000002
-0.01451352222
-0.0113289804
-0.008938797444
-0.007688614968
-0.007460462817000001
-0.007548323139
-0.007575279057000001
-0.0076716426870000005
-0.007866862668
-0.007486056126000001
-0.00521543745
-0.0007375390497
0.005838535296
0.012237003810000001
0.0175455774
0.02119657491
0.024035304420000004
0.02498982723
0.024296024790000002
0.02265242796
0.01917231084
0.01490520609
0.010786565880000001
0.008246385081
0.007196919129
0.0070281017820000005
0.006444720702000001
0.004812809544
0.0033749911980000004
0.00176614335
-6.515632287000001e-05
-0.0017330659920000002
-0.0048694073579999995
-0.009637929657000001
-0.01626304743
-0.022797066600000002
-0.0280146132
-0.030734445510000003
-0.032273968050000004
-0.03415636971
-0.03650038092
-0.03946452147000001
-0.039849426630000004
-0.0365277312
-0.03165872409
-0.02668930182
-0.02297180232
-0.0192209292
-0.015877122030000003
-0.014185053990000002
-0.01467581886
-0.016721351010000003
-0.01975176792
-0.020899694880000003
-0.01933583373
-0.01594769517
-0.011933188110000001
-0.007995175506
-0.002767495176
0.0025015892400000006
0.008205370452
0.013651262459999999
0.01794149919
0.020355465510000004
0.021460620870000002
0.021856297410000003
0.0219699855
0.02126856069
0.01874640969
0.015465111840000002
0.01309449591
0.012530774070000002
0.013954734810000001
0.015502527180000001
0.01722392712
0.01910029563
0.020317736250000003
0.02191272453
0.02401657713
0.02552857281
0.02649616254
0.02615791374
0.02433614769
0.0222996015
0.01974236013
0.017540034750000003
0.014360809950000001
0.0104204763
0.005696388396
0.0005579114751
-0.0040305925170000005
-0.006793564302000001
-0.007190051148
-0.004734661122000001
-0.0013959541710000002
0.00041319003870000004
-5.931658683e-05
-0.0019361683080000001
-0.0047954546730000006
-0.006710143986
-0.007765303662
-0.007422150843
-0.005010572277000001
-0.001270079118
0.003419863119
0.008389247130000001
0.01332359865
0.01818082395
0.02304098244
0.02788699491
0.03275306883
0.03769323768
0.04271427036
0.047233913940000004
0.050152604760000004
0.05080856022
0.04791005838
0.04217708457
0.0359884755
0.03060367821
0.02704171626
0.024321177630000003
0.02280928986
0.02125963359
0.01937104182
0.01809105264
0.01652148207
0.01444259592
0.01254125115
0.0102050487
0.008000923185
0.003989173716
-0.001867535586
-0.007886662191
-0.013189947210000002
-0.01681759692
-0.01971430353
-0.021177563130000004
-0.02187223866
-0.022089677310000003
-0.022758503490000002
-0.02453342679
-0.02609222598
-0.027148429440000003
-0.026780642730000002
-0.024834534930000002
-0.02279379006
-0.0208601802
-0.020170880550000003
-0.01864807425
-0.01786677642
-0.01819942371
-0.02009196891
-0.021126433410000003
-0.01890797058
-0.012874016160000001
-0.005644244322000001
-0.000589798782
0.00263768337
0.004739579856
0.0057173033160000004
0.006508570068000001
0.007577375454000001
0.009399962601000001
0.010918068930000002
0.01186305642
0.011409510690000001
0.009592349454
0.008286664941
0.007332078366
0.0063390012750000006
0.004647103929
0.003294102843
0.002220152112
0.0018476232480000002
0.002429802603
0.0041112424889999995
0.006309672318
0.009785506392
0.012758866380000001
0.01364451318
0.01285881066
0.008879231124
0.0029944014569999997
-0.002277373842
-0.006459155136000001
-0.010573473060000001
-0.01421732889
-0.0160555365
-0.014333597009999999
-0.008402501421
-0.0002074415733
0.007594422291
0.012887848260000001
0.01352731311
0.0100850724
0.002852380125
-0.005614145280000001
-0.01239881976
-0.01613122065
-0.01692753759
-0.01562887998
-0.013591499940000001
-0.00944236044
-0.003453981318
0.002148418449
0.005748798321
0.006479641359
0.0048341070540000005
0.00327262581
0.002280827943
0.0018840938850000002
0.0018042885540000002
0.002341277163
0.0046334032830000005
0.008488136835
0.013529157390000001
0.018137100780000002
0.020208197790000004
0.01902706398
0.015432248340000001
0.01049119659
0.0054458557110000005
0.001164701079
-0.002026832328
-0.004975258239
-0.0067125219300000006
-0.007615304838000001
-0.007142407902
-0.00534296745
-0.0038889684900000002
-0.0028109632860000002
-0.002375679852
-0.0026464888260000004
-0.003664754073
-0.004732447005
-0.00346668723
-0.001205890326
0.0002566722735
-0.0001623710979
-0.0019207303110000001
-0.004671725067
-0.006581462291999999
-0.008244596718
-0.009494995995000002
-0.009037581201
-0.008566286238000001
-0.007894776042000002
-0.007518371247
-0.007532507457
-0.0076659018750000005
-0.007810469883
-0.007631104824
-0.006824775798
-0.005818523877
-0.006376665789
-0.00682867233
-0.006730295688
-0.005309003268
-0.004015063287
-0.003082206843
-0.002232870777
-0.0005928038793
0.0015872246460000002
0.004422608946
0.005602316382
0.004702647168
0.002636407089
-0.00020354258880000002
-0.001159575354
-0.00024017097060000003
0.0008979913116
0.0017356764330000002
0.001978055046
0.0026540386020000003
0.004535080596000001
0.006088770738
0.00641704473
0.004393534068
0.0012232667790000001
-0.0019559540970000002
-0.005137068303000001
-0.006804513243
-0.007010561502
-0.00546050106
-0.0033749019270000002
-0.0008200890225
0.0009318464064
0.00275357871
0.004400694387000001
0.003496334031
-2.420567469e-05
-0.006382458594000001
-0.01302460947
-0.018360758970000002
-0.02108107197
-0.02209962465
-0.02252226888
-0.022733203500000004
-0.0215867088
-0.01732727547
-0.01131219549
-0.004640480217
-0.0005127717411
0.002247595587
0.005208893199
0.008332492356
0.01063832697
0.01123335252
0.00985472379
0.008315055081
0.006575586102
0.004653041922
0.0033800767020000003
0.001748456901
-0.0002904781221
-0.001611901701
-0.002497986027
-0.002848219704
-0.002889637524
-0.002725941978
-0.002017336248
-0.00106083378
-0.001303675425
-0.0014656728600000001
-0.002481588612
-0.005266614258
-0.00991678185
-0.01594067121
-0.0201149145
-0.02170389906
-0.019889098110000003
-0.01614110913
-0.011397110850000001
-0.005691100806
0.001081086525
0.007464782160000001
0.012785117940000002
0.0158602194
0.01709585757
0.01640449782
0.01380927213
0.01123835562
0.01004067234
0.009198568206
0.009657783135
0.008791807347
0.007578594837000001
0.00532783062
0.00238486005
-0.00248755113
-0.008019814302000002
-0.01446913197
-0.020864055150000005
-0.024723534780000004
-0.02700049464
-0.027798508710000003
-0.027105500880000005
-0.02381749299
-0.01832136201
-0.01283946534
-0.008494072866000001
-0.005189895153000001
-0.003686801067
-0.0029285930340000005
-0.002732188986
-0.002726539407
-0.002613847032
-0.002512660806
-0.003128798457
-0.004989312045
-0.007145631468
-0.009246548916
-0.009412609653
-0.008834953689
-0.006775167609000001
-0.003628632672
-0.001935561069
0.00034914152970000003
0.0014544443340000002
0.0019960750350000002
0.001538382618
-3.63153447e-05
-0.0013502474190000002
-0.0030358369350000003
-0.005286868965
-0.006831236664
-0.007168750695000001
-0.004996795113
-0.001184646771
0.0029610504
0.006223867191000001
0.009125775063
0.011288837880000001
0.013869760590000002
0.01616994072
0.018825507720000002
0.02098617984
0.023380310340000002
0.02568646476
0.02927590452
0.03306556638
0.0349202646
0.03308619681
0.02725279803
0.0195755607
0.01162199529
0.002825082819
-0.00634724658
-0.014622756570000001
-0.01971251811
-0.02206408302
-0.022605732360000002
-0.022544302140000003
-0.021885001470000002
-0.019571558220000004
-0.015940475010000003
-0.01142366652
-0.006499320219
-0.0008263357362
0.005982472521
0.01239731883
0.01759950297
0.020421702630000003
0.02167893261
0.022062346650000002
0.02137241916
0.018761056020000003
0.014848994790000002
0.01140722496
0.01041035238
0.01071972054
0.01222660521
0.013729605120000002
0.013523085
0.01319707908
0.01177274556
0.008894468016
0.005714781165000001
0.00343321551
0.002227075029
0.0019451464200000003
0.001885068999
0.001883415033
0.0026246056590000003
0.00451825056
0.006005154222
0.00639326529
0.004914641268000001
0.002682288459
-5.2208162730000006e-05
-0.0015971661
-0.002444773644
-0.003395514699
-0.004976989704
-0.006289711911
-0.007837976142
-0.00991676223
-0.01196145072
-0.014645407860000001
-0.016382582280000002
-0.01744626096
-0.01765519434
-0.016859711250000003
-0.01522035234
-0.014002735140000002
-0.012338360730000001
-0.009548555652000001
-0.006466756905000001
-0.004132916703
-0.0026756735760000002
-0.0022744749870000002
-0.0031198743000000004
-0.005628312882000001
-0.008637220386
-0.01109969127
-0.01328345613
-0.01477725426
-0.013740690420000002
-0.010860621570000001
-0.0063265592520000006
-0.001259239068
0.0030592769489999998
0.006169250016000001
0.009101976984
0.01152669114
0.0140216292
0.014916183480000001
0.014782512420000001
0.015382050570000002
0.01570421097
0.016363688220000002
0.016875554400000003
0.016924516110000003
0.01615154697
0.01437571134
0.01299532662
0.01202192937
0.011729758140000001
0.011895792390000002
0.01206768321
0.0116213184
0.00986819292
0.007056138762000001
0.002673093546
-0.0005157625158000001
-0.0031263332040000003
-0.004770232182
-0.004302731727
-0.003375517995
-0.001207035153
0.001782791901
0.006981606306000001
0.01250446365
0.01751960052
0.02049373746
0.021677941800000003
0.02139572772
0.01972472175
0.017008411230000003
0.01183316535
0.00632013174
0.001328749785
-0.001709445474
-0.0030446934030000004
-0.0026641203390000002
-0.0001172072313
0.0038298289050000003
0.008147456136
0.01093407885
0.011414464740000001
0.009161714979
0.006004627425000001
0.003131287254
-0.0002291497299
-0.004254844212
-0.009750983040000001
-0.01600704567
-0.020032814609999998
-0.02159489034
-0.020505264210000002
-0.01836615447
-0.01485555768
-0.01078265169
-0.006745502169
-0.003464677161
-0.0006455754009
0.000950636088
0.002488297671
0.004330652949
0.005532306336
0.007190389593000001
0.00990012447
0.01284816681
0.015264360000000001
0.0174275631
0.01886539518
0.01778313636
0.01502409348
0.01084575942
0.005856621012
2.862216612e-05
-0.006767847387
-0.01247590674
-0.01616513382
-0.01777077576
-0.01722682107
-0.01470927096
-0.01154483964
-0.008447267394
-0.005241010158
-0.003468945492
-0.003340015605
-0.005467717296
-0.008505052218
-0.011477072159999999
-0.0151859781
-0.019199445300000003
-0.023202562950000002
-0.02609717022
-0.027637605090000003
-0.026668102410000002
-0.02196124479
-0.0150417711
-0.006949975923000001
0.0014346958230000001
0.006893939241
0.007886519946
0.005417693163
0.000860034852
-0.003702094857
-0.007180680636000001
-0.01008347337
-0.01103435667
-0.01027054026
-0.008597009196
-0.005302637559000001
-0.001277250228
0.003488244705
0.008600318109000001
0.01305199899
0.015604315740000001
0.016145837550000004
0.01475861526
0.01275387309
0.009445925394
0.005340572829
0.0005765328171
-0.003947239890000001
-0.006737737554
-0.007369211178000001
-0.005182932015000001
-0.001214540784
0.00357967881
0.007927881849
0.01106801478
0.013913552430000002
0.01617628779
0.018804170970000002
0.02054052135
0.0215294184
0.02136065697
0.01972638945
0.01699903287
0.0119045331
0.0064417394430000005
0.0009170335026
-0.003756221532
-0.007241318208
-0.01026751878
-0.01096864929
-0.009307150191
-0.007129154592000001
-0.006454728864000001
-0.0064301646240000005
-0.007181133858
-0.008305478559
-0.009881505090000001
-0.0111565206
-0.01297638351
-0.01529211249
-0.01613263329
-0.01467936027
-0.011052671940000001
-0.00618251706
-0.0018139396320000002
0.0008788071699
0.002717995878
0.00392025258
0.0035278153019999998
0.003125182491
0.0019812707640000002
3.47221026e-05
-0.002177719938
-0.005608981296
-0.008376355809000001
-0.009070075845000001
-0.008900937711000001
-0.007412014170000001
-0.0052222034070000005
-0.003850767369
-0.0029662300800000004
-0.002624357466
-0.002560222629
-0.002733891021
-0.00351249012
-0.004540170024
-0.004158732699
-0.003715525728
-0.0030525708330000003
-0.00267678603
-0.0026955819900000002
-0.0027498666060000003
-0.002792686275
-0.0027480615660000003
-0.00271918485
-0.002716564599
-0.002851411878
-0.002913605316
-0.0023809694040000003
-0.0006808916952000001
0.001443392388
0.004320900828
0.00608313195
0.006412829373000001
0.004888571193
0.002690116839
-9.86793786e-05
-0.001793849733
-0.00263256255
-0.002725420086
-0.0026099544240000003
-0.0031837844880000005
-0.004903944444
-0.006911698284000001
-0.00964409328
-0.012075060330000002
-0.014744812590000001
-0.01639157805
-0.01735517511
-0.01764296127
-0.01712731824
-0.015607101780000002
-0.01309024818
-0.007937700678
-0.001567754739
0.005390125101
0.009754484229
0.011214350550000002
0.009891648630000001
0.007653024288000001
0.004920479199
0.00269818164
9.462482712000001e-05
-0.0024563553300000003
-0.005262758928
-0.006276492936
-0.004805924886
-0.0019240676730000001
0.0012647807370000002
0.004316582466
0.005934780225
0.0067524456870000004
0.007126971867
0.007137114426000001
0.006533753319000001
0.004752080739000001
0.0026537237010000004
-5.798785176e-05
-0.00174256992
-0.0028263581190000006
-0.0032695327170000005
-0.0026308938690000005
-0.0001195741881
0.0036919169820000004
0.007822041759
0.01111614264
0.01389394224
0.015563741580000002
0.01732529385
0.018829196280000002
0.0178124094
0.01489416984
0.01051117956
0.006204842658
0.002835686448
-0.0008200699911
-0.004117421808
-0.0063256459410000005
-0.007532870427000001
-0.007827347988
-0.007803955062
-0.0076522443930000005
-0.007064189829
-0.006099474429000001
-0.005760613485
-0.004428647001
-0.003677214735
-0.003070529019
-0.00282240567
-0.00297068382
-0.002973121605
-0.0022702311810000003
-0.0006686679447000002
0.0005489121735
0.002238248619
0.005059045449
0.008166032352
0.010447247790000001
0.011737076400000001
0.012123904320000002
0.01205358624
0.01134809028
0.009600878268
0.007656688323000001
0.005109459039
0.0028046888100000003
-0.0005475167991
-0.004501527453
-0.008460973926
-0.01180722771
-0.014970648600000002
-0.01681805799
-0.01706625099
-0.014760361440000001
-0.010786752270000002
-0.006847923474
-0.0044130540059999996
-0.0025637179320000003
0.0002114375787
0.0033885339030000003
0.005612316696
0.006097597776
0.0052820797230000004
0.0055411314120000004
0.006049874088
0.006783617943000001
0.006584645637000001
0.004829438475
0.0027493025310000004
1.344080853e-05
-0.002224738287
-0.004816047825
-0.0071313471270000005
-0.00985577346
-0.011654387910000001
-0.012564628380000002
-0.01208780352
-0.01034630289
-0.008966622528000002
-0.007452394092
-0.005489732898
-0.0034306609860000003
-0.0006287428143
0.0011466801090000002
0.0015043340700000001
1.355895036e-05
-0.002231507187
-0.0051065130960000005
-0.0068046986520000005
-0.007051341672000001
-0.005698239543
-0.003751660863
-0.0005869006137
0.003518038656
0.008915380974000001
0.015154527240000002
0.01988426178
0.023204603429999998
0.023471661060000003
0.02232572553
0.01918730052
0.015013998990000001
0.01034407602
0.006023662749000001
0.00273536154
-0.0002267735517
-0.0019380037590000002
-0.00286718832
-0.0025405329780000003
-0.0007256766996000001
0.001450602738
0.004191353892
0.005861978253
0.006829876017000001
0.007149001203000001
0.006702791391000001
0.005097954852
0.002262003534
-0.002969455608
-0.007838322435
-0.01109987766
-0.012604133250000002
-0.01275776766
-0.012566188170000001
-0.01247043276
-0.012534678450000001
-0.012701154150000001
-0.012761573940000001
-0.012135176010000002
-0.01038482676
-0.008374623363000001
-0.005730984342000001
-0.003497171805
-0.0008911601181
0.0015126941520000002
0.0043234131690000005
0.006040866546
0.006321260871000001
0.004867425738
0.0028121306760000003
7.19397711e-05
-0.002390393871
-0.005106565089
-0.006743127168
-0.007054544637000001
-0.005808190023
-0.003805297038
-0.00033403981950000004
0.003915723303
0.00798766497
0.01061180073
0.0117611109
0.01192967613
0.01182090285
0.011952994500000001
0.012020752170000001
0.01134916938
0.009497393559
0.007940009952000001
0.0069491303010000005
0.007420890258
0.009052135317
0.010397736720000002
0.011424637710000001
0.0124421211
0.01352257488
0.013295188890000002
0.01231394364
0.009306812727000001
0.005047089021
0.00030089035800000003
-0.00402714234
-0.007170780384000001
-0.01006351002
-0.01224475371
-0.01474617618
-0.01655157915
-0.0183722661
-0.019621775610000003
-0.01839535884
-0.016143061320000002
-0.01419861141
-0.012863136870000002
-0.01187267022
-0.010348274700000002
-0.009051093495
-0.00729983682
-0.00519044157
-0.0038949113880000002
-0.003178181997
-0.0029322619740000003
-0.002263872339
-0.0004867126533
0.00102529215
0.002011849515
0.0016151203620000001
-4.644200169e-05
-0.001458161343
-0.003073919355
-0.005010351552000001
-0.006261941763
-0.007223042178000001
-0.007505154234000001
-0.006850633977
-0.005120560035
-0.0031833351900000004
-0.0005496098607
0.001787370228
0.004363822521
0.005961284883
0.006932606337000001
0.0072037145160000005
0.0065331539280000005
0.004833973638
0.002917420425
0.00033581160360000005
-0.001957992615
-0.004441580505
-0.005939831394
-0.006750277677
-0.006983675235
-0.0068219681760000005
-0.006544566882000001
-0.006399986121
-0.007118359668000001
-0.008965744533000001
-0.010275876900000001
-0.00990659907
-0.00700978455
-0.0036551893230000005
0.0005658140187000001
0.004182299262
0.006243000615
0.006774260184000001
0.005473467918
0.0034767522899999998
0.0002679579918
-0.002855284866
-0.0049810736070000005
-0.006028562844
-0.005631153858000001
-0.0039502976670000006
-0.002066668776
0.00039622138740000003
0.0025151692230000002
0.004808975796
0.006333663654
0.007737247062000001
0.008903149866
0.008681245704
0.008268333975
0.006504150663000001
0.0032307194520000003
0.0002080401795
-0.003581625114
-0.006872985081
-0.008771931306
-0.009141476949000001
-0.007711195626000001
-0.005735070207000001
-0.003319052616
-0.00182325717
-0.0009296590707
-0.0006539262615
-0.001231505217
-0.0026671663440000003
-0.003912176988
-0.0048106935270000005
-0.004508023635
-0.002283688539
0.001026040653
0.004290475113
0.006257637135
0.007746303654
0.009877590900000002
0.012351005820000002
0.01413474831
0.01454540472
0.01323940923
0.011425138020000001
0.00914414625
0.007278685479
0.005170871601
0.0032906870010000005
0.0011505285720000002
-0.00023425848360000002
-0.0009032270067000001
-0.0005540516325
0.0007563485475
0.001879342902
0.003302443305
0.004859232426000001
0.005257170171
0.004537995147
0.0036894173940000006
0.002951697546
0.0026823463380000003
0.002577182157
0.0024483611610000003
0.00286080201
0.004650946506
0.007390086858000001
0.010149131700000001
0.011884913100000002
0.01306893105
0.01424160864
0.014939913870000002
0.01544701239
0.01547129214
0.01481493447
0.013403000790000001
0.011748828780000001
0.009330497991000001
0.006940727055
0.004829334489
0.002345754447
3.803524371000001e-05
-0.001962239364
-0.0038989207350000003
-0.004914362664
-0.005376610845
-0.005412254499
-0.0052997965830000006
-0.005309259309
-0.005330327265
-0.00484586532
-0.003294840555
-0.001275920973
0.0006545688165
0.0024787672560000005
0.0034170927750000004
0.003953395665
0.004151266308
0.003715039152
0.002151182907
-0.00024369246630000002
-0.002778390162
-0.0043660386
-0.004578692913
-0.003267928782
-0.00141932061
0.0003687307263
0.0024728390730000003
0.004308167448000001
0.005488928478
0.006103308177
0.0061002190080000004
0.005515469433000001
0.004460876775
0.0036069054840000003
0.002606547411
0.0014209824240000001
0.0006586254477
0.00013710838590000001
-5.281746183e-05
-5.747917383e-05
-3.0072711960000005e-05
-1.161915039e-05
-9.127210266e-05
-0.0004287546828000001
-0.0009514013661000001
-0.001134413685
-0.0017945531100000002
-0.002138209182
-0.0024034539240000005
-0.002524302333
-0.00248648184
-0.002436992352
-0.0023737325670000003
-0.0023368548150000004
-0.002335602078
-0.002391977205
-0.0023433608070000003
-0.0019118993490000002
-0.0010937404440000001
-0.0008156702061
-0.001170275121
-0.0016062933240000002
-0.001968807159
-0.002127277899
-0.002365719759
-0.002732334174
-0.0025775931960000005
-0.002326013784
-0.0017119656630000001
-0.00109205901
-0.001222792956
-0.001644284511
-0.0024604490430000002
-0.003024693756
-0.003543296463
-0.004147699392
-0.004472611497
-0.004673122011
-0.004681059282
-0.004518492867
-0.004093525629
-0.003379784364
-0.002856319821
-0.002473027425
-0.002108219031
-0.0015271540920000003
-0.0008649255294
-4.879344888e-05
0.0004845110931
0.0008985218364
0.001210711941
0.0012374834310000002
0.001564195671
0.001733074821
0.0018030623040000001
0.0016007761799999999
0.001226134242
0.001237065525
0.001447939323
0.001967691762
0.002318451255
0.0024360192000000003
0.0022287652920000003
0.001710089991
0.0011830192920000001
0.0005615412732
3.312380835e-05
-0.0006389372682
-0.001281763809
-0.0018217003230000001
-0.002342481831
-0.002578659543
-0.0025288757550000003
-0.00206779104
-0.0013402196370000002
-0.00046812682350000004
0.00040419711360000003
0.001067284836
0.001303043661
0.0011518872570000002
0.0008181676359
0.0002632126005
-0.00036054545850000005
-0.0010079529750000001
-0.001544196024
-0.001814917689
-0.001894298247
-0.001831503456
-0.00164734425
-0.001342425906
-0.0010468407960000001
-0.0007767346104
-0.0006701287518
-0.0005205537198000001
-0.00042696906660000006
-0.0002805546204
-8.127269118000001e-05
3.991436883e-05
0.00016803813870000002
0.00032275076580000003
0.00046455421770000006
0.0006328548720000001
0.0007108497675
0.0007268006313
0.0006933966984
0.0005901744069000001
0.000385551639
9.712159965e-05
-0.0002605102398
-0.0006303495942000001
-0.0008823746745
-0.001058383242
-0.001062348444
-0.0009194517657000001
-0.0006915809655000001
-0.0004213192914
-0.00013805328510000002
0.00012754873710000002
0.0003068947647
0.00043012926
0.00043197187230000004
0.0003257419329
0.0001615240044
-3.476339289e-05
-0.0002352572397
-0.0004208828445
-0.0005389342263
-0.0006209793765
-0.0006330094776
-0.0005954288391
-0.0005150823885
-0.00042953761890000006
-0.0003435792597
-0.0002892421602
-0.00024016851810000002
-0.00017834952780000003
-0.0001200445776
-8.104218561e-05
-5.3313769350000004e-05
-3.055489308e-05
-2.1531978810000002e-05
-2.1282657660000003e-05
-3.735075096e-05
-6.917302737000001e-05
-9.99480078e-05
-0.0001341404685
-0.000160033473
-0.00018217052279999999
-0.00018529618500000002
-0.00017458229159999998
-0.0001642279347
-0.0001557773064
-0.00014744125890000002
-0.0001340561025
-0.00012350799810000002
-0.0001239143283
-0.0001288259991
-0.0001393661574
-0.0001505799684
-0.00015721250940000002
-0.00016298471340000001
-0.0001693767132
-0.0001739853531
-0.00017728847820000003
-0.0001751677524
-0.0001727223156
-0.000170055369
-0.0001677857274
-0.0001653232212
-0.0001635726267
-0.0001618082001
-0.00016146485010000002
-0.0001617084324
-0.0001635603642
-0.0001663693596
-0.0001700896059
-0.00017420921730000003
-0.00017775141209999998
-0.0001809589878
-0.0001839125826
-0.0001862944506
-0.0001884238092
-0.0001902862377
-0.0001920727368
-0.00019385197649999999
-0.00019569733559999999
-0.0001975786974
-0.0001994720274
-0.000201237435
-0.0002030035293
-0.00020474470619999998
-0.00020654670510000003
-0.0002083632228
-0.00021019887
-0.0002120136219
-0.00021382562700000002
-0.0002156067306
-0.0002173580118
-0.00021906426510000002
-0.00022072823730000002
-0.0002223506151
-0.0002239378731
-0.00022549285620000002
-0.0002270187036
-0.0002285166906
