0.050986287990000004
0.050843650590000004
0.050699708460000006
0.05054119848
0.05036757129
0.05020196868000001
0.050074134570000005
0.050005444950000005
0.05001383250000001
0.050074576020000004
0.05014299096
0.0501547041
0.05003235378
0.04975845858
0.04932066771
0.04881740490000001
0.04837785804
0.04814226108
0.04819811922000001
0.048370981230000006
0.04856571954
0.04867670007000001
0.04863439935
0.048612787920000004
0.048624147900000005
0.0486122778
0.048593285640000004
0.04855613517
0.04850957691
0.04846436262
0.04842854631000001
0.04841681355
0.04839582015
0.04823189505
0.04780454202000001
0.046984465260000004
0.045696461310000006
0.04405063761
0.042109140510000004
0.04002004215
0.037939831650000005
0.036031256910000004
0.03452816871
0.03366744912
0.0336214206
0.03429108063
0.035485869960000006
0.03662412426
0.03731363973
0.03741660549
0.036718261020000004
0.03534046614
0.03324430458
0.03068929008
0.028405855620000003
0.02713844286
0.025571128590000002
0.01886643504
0.005837276673
-0.009497890926
-0.02427055803
-0.033512706180000004
-0.035784182250000005
-0.03654850878
-0.03735100602
-0.03867333516
-0.04022733726
-0.037051702920000006
-0.02656317465
-0.008311766768999999
0.01492413939
0.03363127965
0.048843156150000004
0.0729142965
0.102959874
0.1216261458
0.12682387620000002
0.130930146
0.136384506
0.14081234760000003
0.14275855350000002
0.1388932173
0.13329317880000002
0.1324685502
0.1205466534
0.05754869730000001
-0.04660739829
-0.1172790405
-0.1436415516
-0.17392737600000002
-0.21155529870000003
-0.2331064953
-0.21722430150000002
-0.13515570540000002
-0.0067838249340000005
0.07553268360000001
0.09656978715
0.1194467562
0.1488815631
0.1654668396
0.1669937661
0.15304551570000002
0.1259521596
0.08936548011
0.04463710884
-0.007000457202000001
-0.06346330326
-0.121678335
-0.17840887830000002
-0.23087089440000003
-0.2769143256
-0.3152545524
-0.3413002005
-0.34491508740000004
-0.3193882902
-0.2622780018
-0.1753899489
-0.07578373131
0.023592579120000002
0.10653208740000002
0.1610791209
0.1890464499
0.18990305910000002
0.17579519999999998
0.15578456580000002
0.137012346
0.121285935
0.09679519152
0.06952548105
0.06313169583
0.08156188998000001
0.1071164691
0.1287610569
0.1284850035
0.09764471790000001
0.045870304320000006
-0.02167163397
-0.08451781956000001
-0.1251631413
-0.1286262675
-0.09169651269000001
-0.04530226608
-0.003955769685
0.023225233860000003
0.03368795202
0.05026639095
0.07599584313
0.1004966811
0.1200505617
0.1307294334
0.1429316019
0.1824963129
0.23799148290000002
0.251879598
0.21758246460000003
0.1799971173
0.1467618183
0.10405937880000002
0.04177060722
-0.05991838128
-0.19270832670000002
-0.3067797915
-0.38288596770000005
-0.4228723125
-0.4249071027
-0.4074208758
-0.37472885460000005
-0.3231783837
-0.2569913928
-0.1799971173
-0.09726169626
-0.01432842714
0.06441905232
0.136137294
0.1991270097
0.2507952987
0.27891478080000004
0.2625261948
0.2113502697
0.18046642770000001
0.18227195820000003
0.1868503833
0.18481323870000002
0.1580570523
0.09436826619
-0.00409306554
-0.1286726688
-0.2376134055
-0.3096126252
-0.33965290530000003
-0.3210036048
-0.2701094229
-0.1936212453
-0.1025742429
-0.012295520459999999
0.06131183292
0.10956965580000001
0.1430696286
0.1659625389
0.1877941053
0.21227084010000002
0.2363546844
0.27112534650000003
0.3179033505
0.32403528719999997
0.17269474950000002
-0.10336031820000001
-0.2702529432
-0.29348851680000004
-0.3209296374
-0.3738789162000001
-0.4257415413000001
-0.4626194895
-0.43979848650000003
-0.34588814130000006
-0.2050691229
-0.04969409517000001
0.042068232809999995
0.05855464413000001
0.07485223257000001
0.102265326
0.1244124801
0.1431931365
0.15514299180000002
0.160125687
0.15279555690000002
0.12759925860000002
0.08163318906
0.01553818653
-0.057352163760000005
-0.1272136275
-0.1828601658
-0.21937651740000003
-0.24477480360000003
-0.2564857854
-0.24458301810000002
-0.20302746570000002
-0.1305042939
-0.03962183463
0.03427625772
0.08838328329000002
0.1550212497
0.22808828790000002
0.2713866849
0.2820213135
0.28738395000000005
0.2936338029
0.2962302156
0.29866083930000004
0.30665569500000006
0.32301053460000007
0.3430595259
0.36071556390000004
0.3624639021
0.34168848030000004
0.30092351580000004
0.23952910230000002
0.1622587734
0.07288760349000001
-0.022861734119999998
-0.1187432811
-0.2084427819
-0.2855751822
-0.3449972952
-0.38194695450000005
-0.39612829050000004
-0.39055375800000003
-0.37837631070000005
-0.36722057490000004
-0.3602960883
-0.3598206957
-0.3590294211
-0.356629797
-0.3546750564
-0.35443726200000003
-0.35837352450000004
-0.36064159650000005
-0.3403251846
-0.2861983134
-0.1984284396
-0.08699198985
0.007846203789
0.06966899154
0.10608494759999999
0.1198704501
0.1311687252
0.14124271230000002
0.1312448508
0.1016991909
0.06606958482
0.033074356140000004
0.013612355999999999
0.009772262892
0.008252068995
0.0043931436300000005
-0.0067475642310000005
-0.031021329150000002
-0.07102231047
-0.1267423551
-0.1875718107
-0.24723014850000002
-0.298136691
-0.33015260700000004
-0.3306049461
-0.2902884948
-0.20946302190000002
-0.09216484209
0.039139153200000006
0.16713041940000004
0.2717188515
0.3384741357
0.3700260387
0.3657036546
0.3375851535
0.2929482801
0.2379148668
0.1821472731
0.1350541719
0.1041131376
0.08913136446
0.0901172106
0.0982943361
0.1041530643
0.10263614400000001
0.11220864390000002
0.1848251088
0.307303155
0.38576225970000005
0.40884950610000004
0.43581376260000004
0.46499821830000004
0.45603423270000004
0.3944812896
0.2843735553
0.1419483456
0.01951565103
-0.06058350909
-0.1054903635
-0.11572464600000001
-0.11540150460000001
-0.1124962731
-0.1042236963
-0.09802016622000001
-0.10010241720000002
-0.1139593365
-0.1332173475
-0.1492737669
-0.1432782873
-0.10483996050000001
-0.03563035164
0.06250111884000001
0.17102754000000003
0.2764566891
0.36285993180000004
0.4179230694
0.44202231540000003
0.43304567490000007
0.39886940070000004
0.3440067795
0.27304810650000005
0.1931215239
0.11265990390000001
0.04060484568
-0.015196082400000002
-0.050941152180000004
-0.07273172259
-0.08340345261
-0.08839307367
-0.09066262698000001
-0.09099662805
-0.09774855675
-0.11389360950000002
-0.11075921640000001
-0.02150740476
0.1336859712
0.21773216520000002
0.2079301113
0.18582190290000003
0.1654737066
0.1468981773
0.1371126042
0.1343879748
0.1437677082
0.1634917923
0.1913557239
0.2251420506
0.2674439478
0.31538198430000003
0.3299633721
0.23235230250000002
0.04817665494000001
-0.0522909297
-0.04081358286
-0.02257557642
-0.01960959159
-0.04070455452
-0.0961459461
-0.17240349060000001
-0.2654076861
-0.3497021712
-0.40492413270000005
-0.41110825860000005
-0.3524614299
-0.2353052106
-0.06551532963000001
0.1256946471
0.3107632401
0.45858826620000004
0.5555134206
0.6291519894
0.6858383876999999
0.7334969373
0.7819126227000001
0.8301029724000001
0.8695473147
0.8624287863
0.7917275277
0.6615823779
0.47610343260000004
0.2705801067
0.07099714782
-0.0911439252
-0.1937681991
-0.24692623470000002
-0.25912712790000003
-0.2638995948
-0.2661777711
-0.22856338620000002
-0.137372373
0.01287532089
0.2056384953
0.3708178038
0.4789333233
0.5330183058000001
0.5297204781
0.4967110053
0.4426099344
0.36730356750000004
0.28081949040000004
0.19157644890000003
0.1076978097
0.037950102720000004
-0.0007124991228000001
0.01304307189
0.06476341275
0.08253936819
0.04829602302
-0.002901288861
-0.06322708827000001
-0.11616383970000001
-0.14948644770000002
-0.15709518179999998
-0.13037490000000002
-0.07358222016
0.00983796831
0.104499063
0.1950838182
0.2661439266
0.31546723320000003
0.365452911
0.41108451840000004
0.4233403476
0.4004606808
0.3609665037
0.3007665558
0.2018337849
0.07638305364
-0.027412200720000002
-0.1018306449
-0.1789367544
-0.2538988884
-0.29872686060000003
-0.31244683230000003
-0.3194136
-0.3268236816
-0.3310909335
-0.3339952821
-0.33499217430000006
-0.3352585158
-0.3355030791
-0.334455273
-0.3314183913
-0.33220319130000003
-0.3508807446
-0.3841850079
-0.4066942491
-0.41628450510000004
-0.43275108060000006
-0.4598342343
-0.4937575086
-0.5343010614000001
-0.5793424011
-0.6284498877000001
-0.6810372756
-0.7355583126
-0.7901815698
-0.8431170165
-0.8928945261000001
-0.9381702267
-0.9776656791
-1.0095657390000001
-1.0321012710000002
-1.0462590630000002
-1.059192567
-1.075989249
-1.101446199
-1.137100644
-1.174640571
-1.207479546
-1.2293764470000001
-1.24841079
-1.293369039
-1.357943364
-1.39472694
-1.397328552
-1.395362628
-1.3939764749999999
-1.3901574420000002
-1.385161209
-1.378083294
-1.370174472
-1.362568779
-1.358171937
-1.364837832
-1.3868132130000002
-1.4233240710000001
-1.469519361
-1.508371866
-1.53421533
-1.5549212970000001
-1.5741449730000001
-1.6016414220000001
-1.639524699
-1.678486095
-1.7151274260000002
-1.744271955
-1.762655895
-1.7716173300000002
-1.7708599980000002
-1.763212122
-1.750183461
-1.7328079890000003
-1.713409695
-1.694082033
-1.676005146
-1.6595832060000002
-1.649562291
-1.658964195
-1.6971103800000003
-1.7715310020000001
-1.884833559
-2.025672786
-2.187632943
-2.360300715
-2.5335021510000004
-2.6961352740000004
-2.834335611
-2.93608395
-3.0006523890000003
-3.0538510380000004
-3.1108343850000004
-3.1835382570000004
-3.2717478150000003
-3.3436286280000003
-3.3901270470000004
-3.4172448300000005
-3.4264152180000003
-3.432120714
-3.439704825
-3.4470907740000003
-3.450855852
-3.4313310090000004
-3.3743663010000002
-3.26470914
-3.0934834380000003
-2.86938576
-2.5935315030000003
-2.271746826
-1.910533797
-1.51802883
-1.103839839
-0.6782821371000001
-0.25207599420000004
0.1641751569
0.559967553
0.9262067355000001
1.2544125480000001
1.536826752
1.762871715
1.9230150600000002
2.022730767
2.098778868
2.174600358
2.2654949130000004
2.369269017
2.445843915
2.502915552
2.5892749440000005
2.6936229330000003
2.745064611
2.730448692
2.6897597550000003
2.6322996420000004
2.56542291
2.5002295740000005
2.446571817
2.4104759220000003
2.379822615
2.346975792
2.2991432130000002
2.231220735
2.1540758760000003
2.071039131
1.989955557
1.919756178
1.867590522
1.8315103230000003
1.791802386
1.750598424
1.7336457630000002
1.7453245680000002
1.773837333
1.815199236
1.862046891
1.907605512
1.9448658540000001
1.969058295
1.983799782
1.990750167
1.99481445
1.9969873650000003
1.9950273270000003
1.9962349380000002
2.0150063730000003
2.046359133
2.058112494
2.042778483
2.016758439
1.986026652
1.9613564640000003
1.9451738880000002
1.9246239
1.893817557
1.8443084490000001
1.7750635830000001
1.701119727
1.6302199140000002
1.572665625
1.536123375
1.520591202
1.52812332
1.5541580790000002
1.595549412
1.647723897
1.705191858
1.763393607
1.819593135
1.869500529
1.8939656880000002
1.859354046
1.7766832140000002
1.718636463
1.692379017
1.6408372770000001
1.5534674550000003
1.4397852510000002
1.298990169
1.1349865890000002
0.9469419363000001
0.7341511662000001
0.4984239294
0.24240823920000001
-0.03122633853
-0.3198666258
-0.6208231032
-0.9312036552
-1.2479850360000002
-1.5681049560000002
-1.8884563920000002
-2.206010016
-2.5177227660000003
-2.82055158
-3.111360201
-3.387495024
-3.6467674380000004
-3.887285094
-4.105753794
-4.297998402
-4.461119082000001
-4.5981245610000006
-4.717935072
-4.823139474
-4.867570926
-4.746436065
-4.486046292
-4.2758945100000005
-4.116876372
-3.821569866
-3.3525488610000003
-2.7665720549999997
-2.07881748
-1.331078679
-0.5508268893
0.23295561750000002
0.9830100690000001
1.660781988
2.220648498
2.626585317
2.885245587
3.093020406
3.2907772530000003
3.475621197
3.638500551
3.706050249
3.669622776
3.5898468750000005
3.4922354130000004
3.410993898
3.356038278
3.284441955
3.174403185
2.991138651
2.72396232
2.41244577
2.07329445
1.7402763420000003
1.451446398
1.237160682
1.089077751
0.9268956918000001
0.7607536299000001
0.6994895913
0.761264829
0.8890543035
1.052602209
1.196056782
1.2896088660000002
1.3406189040000003
1.345272768
1.328610483
1.299671964
1.258178607
1.2144583800000002
1.176816429
1.151771499
1.137801078
1.133966349
1.135437849
1.139954373
1.148688216
1.160321895
1.173880296
1.1883294450000002
1.202752107
1.216646991
1.2293391690000002
1.239487614
1.245535479
1.2495095100000002
1.2608783190000001
1.286288181
1.33217838
1.40122116
1.486102185
1.583344791
1.6867667160000002
1.7902710450000001
1.887341976
1.9701128700000001
2.0319845400000003
2.070960651
2.096918892
2.116420191
2.138655537
2.168171865
2.1992597550000004
2.230670394
2.2601259000000002
2.287854846
2.3156328420000003
2.332102851
2.302182351
2.2036507110000003
2.025188172
1.769661216
1.488222126
1.216876545
0.9996723540000001
0.8605951992
0.7719800958
0.7218399105
0.6768391842
0.6226888670999999
0.5762061441
0.5369409324
0.5100084603
0.49375535040000007
0.47258007300000004
0.43791653610000003
0.378844542
0.29102326380000004
0.18450648
0.06305106744
-0.06581599632
-0.1947230064
-0.3156817779
-0.41872611600000004
-0.49539106980000003
-0.5438253942
-0.5784635232
-0.6081183684
-0.6417375327
-0.6810683733
-0.7111567223999999
-0.7303847148000001
-0.7464539853000001
-0.7632948123
-0.788668083
-0.8238843153000001
-0.8609716089000001
-0.8971873821
-0.927733662
-0.9450377172
-0.9405005922
-0.9155472876
-0.8870724873
-0.8510426136000001
-0.7799966316000001
-0.6673206393000001
-0.5228399403
-0.3491223021
-0.153440172
0.058150864530000006
0.27854072550000003
0.4995003807
0.7132494897000001
0.9117633744
1.086562467
1.226511927
1.324206774
1.3910011020000002
1.46675196
1.5477953130000002
1.5763335840000001
1.540242594
1.460498085
1.3416989849999998
1.1966336100000001
1.0356417
0.8744151348000001
0.7340686641
0.6318112842000001
0.5593431465
0.46606888170000005
0.35615097090000003
0.2925494055
0.2796969321
0.2740787451
0.26519382810000003
0.2572160418
0.2516763348
0.2618746146
0.29324395350000004
0.3480039621
0.4256489349
0.5108019912
0.5924467953000001
0.6565192407
0.6977697021000001
0.7318719108000001
0.7661337282
0.8099571564000001
0.864055971
0.9093213711000001
0.9380901771
0.9445807674000001
0.9237993615
0.8795474325
0.8129003526
0.7305936678000001
0.6388192538999999
0.5469346737
0.46633434030000004
0.4071521799
0.36786626910000003
0.3232168389
0.265981473
0.20638807740000004
0.15334177770000001
0.13090689630000002
0.1446713073
0.1773919737
0.2258719146
0.2868328242
0.3548410416
0.42370714350000005
0.48607647480000005
0.5357155653
0.5669896491
0.5773159494
0.5640267348
0.5274293526
0.4677975999
0.38763891270000006
0.2895569631
0.1774077678
0.05536083186
-0.07175163492
-0.1990475487
-0.3217441617
-0.4352358555
-0.5353460226000001
-0.6172580511
-0.6770743299
-0.7142904288
-0.736086483
-0.7474425390000001
-0.7536759111
-0.7559069994000001
-0.7515409608
-0.7534872648000001
-0.7885735146
-0.848534589
-0.8774506431000001
-0.8644514121
-0.84107997
-0.8152613253000001
-0.7944794289
-0.7811573507999999
-0.7641459279
-0.7424358093
-0.7187499567000001
-0.698617188
-0.6957085230000001
-0.7097968602000001
-0.7241605641000001
-0.7376252796000001
-0.7642452051
-0.815748588
-0.9125440542000001
-1.061486145
-1.248637401
-1.4691495239999999
-1.712319804
-1.96782714
-2.224537182
-2.47010895
-2.6918590950000003
-2.874253482
-3.005079642
-3.089917503
-3.168896832
-3.2550188220000003
-3.3364398600000005
-3.410604441
-3.4659151830000003
-3.5052993900000002
-3.5473823280000003
-3.587254092
-3.596192964
-3.5643085020000003
-3.4957905570000003
-3.391046244
-3.259694268
-3.108230811
-2.9456987310000002
-2.781557811
-2.627002242
-2.4970599630000003
-2.405866203
-2.347172973
-2.2700644110000003
-2.1407519340000003
-1.926353403
-1.614643596
-1.24913673
-0.8506460934
-0.45808334550000007
-0.11541033360000001
0.14131481580000002
0.31543466400000003
0.48929768640000004
0.6607014399000001
0.7461238788
0.7393679280000001
0.6889829832000001
0.6094658700000001
0.5070192552
0.3916087254
0.27273644280000003
0.1650396141
0.08265183003000001
0.030356270010000002
-0.006769078542
-0.03718738503
-0.07118550963
-0.1114698528
-0.1434004218
-0.16342547670000002
-0.17122962600000002
-0.16591064400000002
-0.1523054493
-0.1316239092
-0.1067438853
-0.08311853097
-0.06718383405
-0.05618894301
-0.02760293655
0.03254529303
0.1352303595
0.2813129334
0.440579853
0.5920428195
0.7098597423
0.7866302517
0.8551657566
0.9246781413
0.9944975790000001
1.056700827
1.074828726
1.039199787
0.9641730051
0.8527336614000001
0.7169472711
0.5669336340000001
0.4166253045
0.2821782735
0.1782040455
0.112170483
0.0716792175
0.04952844351
0.032322321540000004
0.01341515538
-0.0015686268480000001
-0.01478804526
-0.02593537389
-0.030612791700000003
-0.01962538569
0.0063790790489999995
0.033650016750000004
0.06474058488000001
0.11496015270000001
0.17931640140000002
0.2312967465
0.2665041498
0.3059738019
0.3624722406
0.45418259520000004
0.5837228604
0.7225283763
0.854540271
0.9586671426000001
1.025096931
1.071053838
1.103667183
1.137973734
1.178587134
1.210548114
1.2303515610000002
1.233660474
1.216539081
1.179394497
1.1205109530000001
1.041301089
0.9428559732
0.8274785031
0.6978187521
0.5569309656
0.40809168360000003
0.2551047336
0.1023682329
-0.04577045814
-0.18654058350000002
-0.31922230500000004
-0.4417914861
-0.5464129779
-0.61756893
-0.6481805445000001
-0.6902685837000001
-0.8707165686
-1.15995402
-1.324512846
-1.3307196330000002
-1.32397722
-1.3292785440000001
-1.335102741
-1.3419726840000001
-1.3265091810000003
-1.284793137
-1.213239978
-1.1100250440000001
-0.9889088220000001
-0.8563624785
-0.7250442489000001
-0.6089792940000001
-0.5210889534
-0.46482183450000003
-0.4181378103
-0.3676181742
-0.2969679276
-0.2004297777
-0.0993108483
-0.004582537452
0.06817849938000001
0.1149609375
0.1584139401
0.2087355123
0.27732732660000003
0.365616738
0.4448293488
0.4924298232
0.47580393330000004
0.39033509310000003
0.2883753486
0.1986540696
0.15401366460000002
0.16529565510000002
0.1931091633
0.2321932824
0.2771642844
0.2945987145
0.2357253729
0.121423275
0.07646821425000001
0.10902637800000001
0.10639749420000001
0.05001292017
-0.018689217390000002
-0.07281636327
-0.05734575783
0.03334434696
0.1353238488
0.2237887611
0.2803792176
0.3027146256
0.3343272525
0.3808676583
0.4257185859
0.46833165630000007
0.5033300085000001
0.5207556096
0.5027270859
0.44862650550000005
0.3793907628
0.2822693103
0.1101568824
-0.1391856534
-0.4116572262
-0.6743198781
-0.8845368966
-1.017632502
-1.089062055
-1.101966129
-1.080971748
-1.037494809
-0.9685406133
-0.8830176219
-0.7883647578
-0.6924114801000001
-0.6029514414
-0.5266739826
-0.4691385288
-0.43273979910000004
-0.4114810386
-0.40161394440000003
-0.39678614910000004
-0.3923917596
-0.3872240478
-0.3779575218
-0.36286042230000004
-0.34155114030000006
-0.3179740806
-0.29533250250000004
-0.2776414428
-0.2662456563
-0.2560151016
-0.24415804890000004
-0.2267320554
-0.20249811809999999
-0.1768286835
-0.1530128484
-0.13561716780000002
-0.1242313875
-0.10805391270000002
-0.08135529138000001
-0.03954978018
0.01687168926
0.07704949599
0.1405458099
0.2038241358
0.23732136180000002
0.1752093468
0.008329127526
-0.1847834163
-0.3584816307
-0.45970209360000003
-0.4782076776
-0.49225932540000006
-0.5162736168000001
-0.5326857468
-0.5406398910000001
-0.5262843294
-0.4948696683
-0.46724765130000007
-0.4425264513
-0.40406114700000006
-0.35369425260000004
-0.3113132868
-0.2828808657
-0.26291025630000003
-0.2481249186
-0.2287526211
-0.2028647178
-0.17716114440000003
-0.15133180680000002
-0.1269073593
-0.11420478270000001
-0.1357073217
-0.19391289660000002
-0.26043117120000003
-0.32181469560000003
-0.36621230309999997
-0.3895890426
-0.41059264500000003
-0.43446822300000004
-0.46685760570000007
-0.5177879865
-0.5941564821
-0.6903093933
-0.7718647302
-0.8255038482
-0.8571374685
-0.8683668774000001
-0.8757490986
-0.8839941093
-0.8879158530000001
-0.8898125184000001
-0.8905544487
-0.8904472254000001
-0.8873504046000001
-0.8790653691000001
-0.8637270417
-0.8408250081
-0.8130058101000001
-0.7810733772
-0.7460594271000001
-0.7095182562000001
-0.6757004394
-0.6522321726
-0.6431853906
-0.6276922614000001
-0.5518495818000001
-0.4258639701
-0.3399143418
-0.30127559670000004
-0.24625866420000003
-0.17427151080000003
-0.11990321550000001
-0.07872791832
-0.012452411790000001
0.08796271878000002
0.1978165899
0.29867996880000003
0.35980823700000003
0.37884836790000004
0.3984912252
0.42729024600000004
0.45214505820000006
0.46628636940000007
0.4508941851
0.4054445532
0.3541252059
0.30965627970000004
0.2846158623
0.27786206970000005
0.2659075056
0.2584659339
0.2982870783
0.38952792630000005
0.4934007189
0.5884843401000001
0.6528519683999999
0.6860645082000001
0.7300507824000001
0.7893117171
0.8394668136000001
0.871685208
0.8716643127
0.8304630975
0.7472798892000001
0.6204088269
0.46058823090000006
0.2756267631
0.07783988769
-0.1202634387
-0.3056738121
-0.46405881270000005
-0.5837956506
-0.6592178736000001
-0.7013323998000001
-0.7171781985000001
-0.7196254992000001
-0.7164604008000001
-0.7068758346
-0.6968977893
-0.6901002441
-0.6822535194
-0.6589372095000001
-0.6255124794
-0.6151530213
-0.6356697534000001
-0.6723358056000001
-0.7210244052
-0.7673367285
-0.7919999514000001
-0.7713569646
-0.7129836387
-0.6791779863000001
-0.6813220599
-0.6841575423
-0.6811699068000001
-0.6661007658000001
-0.6312121875000001
-0.5712210945
-0.4812553503
-0.3671007948
-0.23155524000000002
-0.08107453899
0.0772828857
0.23552721090000003
0.385314237
0.5204669013000001
0.636365871
0.7286454018
0.7809507522000001
0.7653282291
0.6880462263
0.6021344646000001
0.5139865134
0.3876793299
0.2219572341
0.04116866562
-0.1300741254
-0.25241149620000003
-0.32431271400000006
-0.39569272650000004
-0.46470764610000004
-0.49050833850000003
-0.4737718899
-0.4445500581
-0.4037517396
-0.32736332970000004
-0.21470166000000002
-0.08928081
0.033154376310000004
0.1303524351
0.1891283634
0.21945234870000002
0.2369671227
0.2816625618
0.35082884970000006
0.3831195438
0.3690510228
0.3365919891
0.2893107321
0.2287935288
0.1584122724
0.0822278124
0.006676012053
-0.06450299649
-0.1318914279
-0.19332400230000002
-0.22109169780000001
-0.16236933209999999
-0.041279136030000003
0.003284949132
-0.064771506
-0.1644915294
-0.22716045810000002
-0.1091874582
0.2158740531
0.5792339025000001
0.8788399353
1.003958343
1.010976417
1.230896997
1.644115779
1.8760987350000002
1.8799305210000001
1.8507938400000001
1.826810352
1.805570721
1.8000447480000001
1.8056482200000001
1.826361054
1.8433843470000002
1.852057368
1.866148452
1.891108035
1.9233103410000003
1.9224539280000001
1.802662056
1.590435459
1.462163823
1.442578158
1.416051918
1.3656432330000001
1.313721846
1.2680278470000002
1.2463565760000002
1.2354684569999999
1.183058532
1.063589409
0.8797571703
0.6638902784999999
0.5027734872
0.3708884358
0.1195778178
-0.21821373810000003
-0.4190573997
-0.4502404467
-0.450983358
-0.44972287110000003
-0.437454387
-0.4127234751
-0.34558138260000004
-0.24017597370000002
-0.1261062747
-0.01773159462
0.06794154864
0.12256780770000002
0.15555560040000002
0.1699950375
0.1780405128
0.18618065460000002
0.19189370430000002
0.19440045360000002
0.1827486261
0.15152633910000002
0.101410875
0.03730263291
-0.018590695560000002
-0.05480337861
-0.0683890416
-0.058640903460000005
-0.043164196200000005
-0.0316708002
-0.03223896597
-0.047010059550000004
-0.06167383173
-0.07853151231
-0.1103855535
-0.1519432641
-0.1895476428
-0.24200377290000002
-0.35998138350000003
-0.5214136644
-0.6099059466000001
-0.6067896039
-0.5893054371
-0.5727873591
-0.5566485357
-0.5477492961
-0.5424823071
-0.5445096417
-0.5521163157
-0.5642676684
-0.5788663218000001
-0.5879710809
-0.5750323776
-0.5306995161000001
-0.4576945752
-0.365182155
-0.28566200070000003
-0.2321854344
-0.19879396019999998
-0.1877726214
-0.1874858751
-0.1830328218
-0.1420030854
-0.04382132886
0.10108508490000001
0.2601228429
0.3400885674
0.32210271720000005
0.28117912500000003
0.23437021950000003
0.1897713108
0.16146004320000001
0.1507242735
0.16467036570000002
0.1976721867
0.24585988770000003
0.3030738678
0.3650131287
0.42407707860000005
0.4523248755
0.40235342220000003
0.28751363820000003
0.2066406849
0.170843112
0.108711477
0.0130344489
-0.09085393179000001
-0.1949817942
-0.2813660055
-0.32657333040000003
-0.3019515057
-0.22360541220000002
-0.1845132489
-0.20347058340000002
-0.2285287569
-0.251833491
-0.2710681542
-0.28610894430000006
-0.30395009700000003
-0.30640240080000003
-0.2576029482
-0.16968523770000002
-0.1180990584
-0.11532665430000001
-0.1137500892
-0.10663538670000001
-0.1004498874
-0.09520308738
-0.09537203520000001
-0.1002752694
-0.1086636042
-0.120323574
-0.132814647
-0.14364057060000002
-0.1503289305
-0.156966867
-0.17723491560000001
-0.20933274510000002
-0.2340197082
-0.25101690660000003
-0.2761555221
-0.3093762042
-0.3376280232
-0.35669110950000005
-0.36750584970000005
-0.3708167247
-0.37266816599999997
-0.37561705200000006
-0.3792423375
-0.38092141710000005
-0.3684377997
-0.3338712837
-0.27092718450000003
-0.1778183163
-0.06689070144
0.05471516709
0.1748968002
0.2802219633
0.35954581950000003
0.41283138510000006
0.4626005562
0.508325751
0.5277098205
0.5183840421
0.49140242190000005
0.4515634233
0.40582410210000003
0.3599325297
0.3204639567
0.2968276446
0.29677937940000004
0.3165435864
0.33148971000000005
0.3371665608
0.3491225964
0.3679151229
0.38682841050000005
0.39937235940000004
0.39098942010000004
0.3526732278
0.2801784069
0.17264295270000002
0.04418541720000001
-0.09621779454
-0.23557773240000002
-0.3610465533
-0.4606279614
-0.521779185
-0.5418495621
-0.5294935728000001
-0.5211616455
-0.5286395142000001
-0.5356623951
-0.5369202333
-0.5143555656000001
-0.45716375610000004
-0.36722234070000004
-0.25465690710000005
-0.1602863748
-0.09782431938000001
-0.05041675863
-0.01052737587
0.044851888980000004
0.1211587974
0.1988590005
0.270974763
0.3263244507
0.3612703194
0.38853279990000006
0.4133925171
0.44380695059999997
0.4809542814
0.5115742344
0.5309463357
0.5353647597000001
0.5215977981
0.49227698340000003
0.4481426763
0.39377290950000005
0.3334156092
0.27306576450000003
0.21934041660000003
0.1782312192
0.1520176239
0.13320430020000001
0.11732985630000001
0.09813580649999999
0.07320760569
0.0484130367
0.02495143089
0.0050902137810000005
-0.007166021553000001
-0.005480543871
0.01410836922
0.04898031957
0.09396667422
0.1331571141
0.15886784880000002
0.17341804080000003
0.17871308640000003
0.1880235612
0.20668159260000002
0.23256233460000003
0.26505246600000004
0.2938254903
0.31033689750000004
0.3061146735
0.2838718719
0.26778857310000004
0.260332875
0.24363439110000001
0.2152089351
0.1789213527
0.1355790069
0.08771156316
0.03632886288
-0.01738124028
-0.07134981732
-0.12317043600000001
-0.17064907020000003
-0.21255817500000002
-0.2482088922
-0.2765100555
-0.2918590758
-0.2847033675
-0.2604037032
-0.24594925680000002
-0.2468440269
-0.2476115613
-0.24589314360000003
-0.2410564212
-0.2316666816
-0.2188421667
-0.2030507154
-0.1887745167
-0.1794660039
-0.17896275090000002
-0.1901004363
-0.2118720636
-0.24316223580000002
-0.2782532925
-0.3125717136
-0.3409334046
-0.35907945210000003
-0.36619023060000006
-0.3608625177
-0.34477529490000003
-0.31885030980000006
-0.28473966450000004
-0.24467503590000003
-0.2015330103
-0.15831829260000002
-0.11798585100000002
-0.08335155771
-0.056490051150000005
-0.03965708196000001
-0.034561228410000006
-0.04270346955
-0.06442175007
-0.0996903972
-0.1468238175
-0.20436810030000002
-0.2700697905
-0.3415311279
-0.4159590093
-0.49048469640000003
-0.5623416711000001
-0.6287951997000001
-0.6873737508
-0.7353532836
-0.770589234
-0.7925915925
-0.8051319117
-0.8110099656
-0.8143097553
-0.8174782872
-0.8190012897000001
-0.8184069999
-0.8155520937
-0.8159930532
-0.8322537168
-0.8608604616000001
-0.8775654200999999
-0.8787022029
-0.8793255302999999
-0.8815325841
-0.8833076055
-0.8850058146
-0.886061763
-0.8862980859
-0.8835934689
-0.8763484896
-0.864474858
-0.8499133845000001
-0.8390816730000001
-0.8317268217000001
-0.8171666235
-0.7887567654000001
-0.739716183
-0.6694915923
-0.593675694
-0.5237993583
-0.47218796730000007
-0.4342920354
-0.3783170583
-0.30907856880000006
-0.26877006360000005
-0.2612296071
-0.2577107601
-0.252083646
-0.24808656150000002
-0.2451395394
-0.24511815360000003
-0.2460178287
-0.2428305597
-0.2328745869
-0.2140292826
-0.18556046639999998
-0.15032677230000002
-0.10982491200000001
-0.06669825867000001
-0.02365402896
0.01657269027
0.05119906689
0.07821756288000001
0.09510291747
0.09936068310000001
0.08896353498000001
0.0630102186
0.02125295298
-0.03420615546
-0.1017883638
-0.17888554620000002
-0.2627275941
-0.3501152703
-0.43764842880000004
-0.522028359
-0.5999715558000001
-0.6686331192
-0.7250486634000001
-0.7669955367
-0.7930892538000001
-0.8046117855
-0.8027494551000001
-0.7904963727
-0.7700015169
-0.7428134943
-0.7111359252
-0.6790533012
-0.6529696884000001
-0.6384337209000001
-0.6260319189
-0.5819748165
-0.500733792
-0.4125381642
-0.3324144006
-0.27628923240000003
-0.2412647856
-0.1874019015
-0.1071415827
-0.017616003390000003
0.07770365622000001
0.16921357290000003
0.24840715230000002
0.3076947702
0.3467164977
0.3845253168
0.42671773440000005
0.468310761
0.5058004608
0.5268253509
0.5311132038
0.533309859
0.5371933437
0.5410945845
0.5432735817000001
0.5343671808
0.510121962
0.47120382810000006
0.42196341600000004
0.37997877420000004
0.3524296455
0.3361009005
0.3299531697
0.3249890154
0.3200493861
0.3229448076
0.3363590997
0.36398278440000004
0.4074089076
0.4637083014
0.5323335678000001
0.6114869262000001
0.6991676271000001
0.7928816742000001
0.8897718069
0.986886
1.081224846
1.16997984
1.250242317
1.319701041
1.376395974
1.419185232
1.4456084670000002
1.4512580460000002
1.433002617
1.388931192
1.318779882
1.2273506820000002
1.1181261420000002
0.996654798
0.8686163457
0.7403230296000001
0.6182495478000001
0.5082808212000001
0.4163895702
0.347216121
0.3041012691
0.2852009307
0.2870287299
0.2975092434
0.30664676790000006
0.30364216110000003
0.28151845290000005
0.24571234530000002
0.2011411989
0.1630767312
0.13788131580000001
0.1192648788
0.1049554242
0.08602895196
0.06026705811000001
0.0345659274
0.01086729237
-0.0074777706
-0.01912787154
-0.026751350070000002
-0.030217438890000003
-0.02893483044
-0.02167692156
-0.0050594456969999995
0.02187652563
0.057707236710000005
0.10221431400000001
0.15452319600000003
0.2138134626
0.2790065043
0.3487584492
0.42160976550000007
0.49612368060000006
0.5708232990000001
0.644035329
0.7141066875000001
0.7796728035
0.8399042415000001
0.8940730014
0.9405909423000001
0.9757847097000001
0.9965743560000001
1.01188188
1.05021936
1.117689597
1.1911694400000001
1.257360453
1.2962953620000002
1.3040903879999999
1.304173773
1.2981111930000002
1.2764271690000002
1.2393267300000002
1.1904052410000001
1.133158005
1.0724321430000001
1.0117955520000002
0.9549587664000001
0.9064805913
0.8704060821000001
0.8475617313000001
0.8308804149
0.8157539835000001
0.7966425339000001
0.7711516413
0.7450391871
0.7210076301
0.7032969504000001
0.6919070499
0.6772876974
0.6538205097
0.6149132649000001
0.5583880449
0.4925422458
0.42100478280000003
0.3503760201
0.2879829486
0.2406055536
0.2101814082
0.1852121133
0.1588681431
0.12289987620000001
0.07448737905
0.023927561190000002
-0.02528724681
-0.06658855344
-0.09008838882000002
-0.08605241748
-0.05927365827000001
-0.04086845019
-0.03620722869
-0.02592328797
-0.009217862514
0.006534797103
0.0170746974
0.01600918425
0.002823008985
-0.013803062400000001
-0.027936005670000003
-0.03025760103
-0.016741539990000002
0.006135639975
0.03467596617
0.05951209032
0.07586327079
0.08589498660000001
0.08969297715000002
0.09215839692000001
0.09470006982000001
0.09573889977000001
0.09638686008
0.09735774597
0.09758886957000001
0.09213469596000001
0.07755201324
0.051121548270000004
0.01207936692
-0.03446198064
-0.08569953216000001
-0.1365472539
-0.1808077176
-0.21297068550000003
-0.23457681810000003
-0.2615551029
-0.2980701792
-0.33623529750000003
-0.37040029020000004
-0.38761821360000004
-0.3857730507
-0.3773821653
-0.3646103301
-0.346368537
-0.3242012724
-0.29931604920000004
-0.2739056967
-0.250224651
-0.2301098346
-0.2149720236
-0.2054259126
-0.1998858132
-0.1973711178
-0.196100919
-0.1949387283
-0.1942447689
-0.19403767980000003
-0.1955997261
-0.1999159299
-0.20812356450000002
-0.2209410162
-0.2377695807
-0.2585450025
-0.28292236200000004
-0.3105471258
-0.3409219269
-0.373433346
-0.40740223680000004
-0.44211786480000004
-0.47688165990000003
-0.5109678783
-0.5437249398
-0.5744772297
-0.6025970061
-0.6275024379
-0.6487185249000001
-0.6657281820000001
-0.6782225904000001
-0.6860697075000001
-0.6892166574
-0.6873671781
-0.6803944263000001
-0.6687826236
-0.6559731180000001
-0.6474458736
-0.6467592717000001
-0.6391444554000001
-0.5853629943
-0.4922755119
-0.42254819010000005
-0.3793073778
-0.31419997740000005
-0.22728190590000003
-0.1539938484
-0.10456096410000001
-0.0734674824
-0.055871766090000004
-0.03501421497
-0.006990613848000001
0.01953770391
0.04440848679000001
0.06536921949
0.07678685286
0.06904084743
0.04177073475
0.011077962120000001
-0.017201010960000002
-0.043940961810000005
-0.07224550956
-0.11430670860000001
-0.165247488
-0.20332814220000003
-0.2336638014
-0.2855078856
-0.35153242290000003
-0.3844789155
-0.37605506850000003
-0.3550384188
-0.33034360770000004
-0.3096155682
-0.2959168842
-0.2792875608
-0.25943506380000003
-0.2389365783
-0.22020300990000002
-0.20970944910000003
-0.2073679983
-0.20599862040000003
-0.20412932490000002
-0.2032880193
-0.2027941839
-0.20128942800000002
-0.19735807049999998
-0.1897245171
-0.1780905438
-0.1651721472
-0.1543437711
-0.1490569659
-0.1438628652
-0.11851922070000001
-0.0696364812
-0.01525041999
0.03377266137
0.06211707696
0.06766464177
0.07157785077
0.07745180409
0.08061580377
0.08291136339
0.08487759150000002
0.08520937551
0.0760336803
0.052567856190000005
0.014764854420000001
-0.03323311137
-0.07425488205
-0.10122634890000001
-0.11687967540000001
-0.1215511974
-0.1231023546
-0.1238164245
-0.12134175390000002
-0.116830233
-0.11070222030000001
-0.1036736496
-0.09641912517
-0.08921606400000001
-0.08230248611999999
-0.07595106048000001
-0.07042904091
-0.06583487076000001
-0.06213798207
-0.05990779629000001
-0.0609510015
-0.06649259202
-0.07729871904
-0.09340113753000001
-0.1127014002
-0.1338530355
-0.1548170055
-0.1735038783
-0.1880176752
-0.19727713800000002
-0.20282547780000001
-0.20551999050000003
-0.20709841950000002
-0.2083357548
-0.20868646230000001
-0.20913144390000002
-0.2106998667
-0.2114209998
-0.20333500920000003
-0.1813190148
-0.1422115479
-0.08620529652
-0.02470465053
0.03401918667
0.07990707051
0.10970454330000001
0.135339741
0.16034238990000002
0.1852758783
0.2074943511
0.21334523130000002
0.19983744990000002
0.1749893085
0.1438248024
0.11726923050000002
0.0996194709
0.08533304037000002
0.07236922347000001
0.05443752447
0.030232301040000003
0.005621543001
-0.0183793293
-0.03936935466
-0.05154865605
-0.044773507080000004
-0.01748019375
0.01582478568
0.04534442946
0.05754086892
0.04733314209
0.026224974900000003
-0.003503303055
-0.038257145910000005
-0.07222752783000001
-0.0993669615
-0.11728090440000001
-0.1342829097
-0.1548028791
-0.1829243232
-0.21754901250000003
-0.2456841906
-0.26399975490000005
-0.2769855462
-0.2868824628
-0.300756942
-0.3207584529
-0.3434443722
-0.368611731
-0.39478638060000004
-0.4205716713
-0.4445863551
-0.4654548738
-0.482381244
-0.49300841700000003
-0.49279809060000007
-0.4793319036
-0.454508091
-0.42290262540000007
-0.3967502445
-0.3791546361
-0.3601226475
-0.33430831920000004
-0.29313261
-0.23523899310000002
-0.1735469442
-0.1148244804
-0.06817588992
-0.03859809246
-0.02087920179
-0.01313037108
-0.008656506846
-0.004412071044000001
-0.002539304766
-0.0018159349860000001
-0.001858508424
-0.002159055432
-0.00224519508
-0.002362778721
-0.0033203553840000003
-0.005762289033000001
-0.01026250587
-0.01710379386
-0.025849242090000002
-0.03639059721
-0.04836753792
-0.061365699630000006
-0.07491853836000001
-0.08847248562000001
-0.10151829450000001
-0.11361853710000001
-0.12436450920000001
-0.1331117919
-0.1392581493
-0.1431665514
-0.1472086638
-0.15291072630000002
-0.16149692880000002
-0.17319819870000003
-0.18562992120000002
-0.19772633790000002
-0.2080844226
-0.21457256040000003
-0.214102269
-0.20425597200000004
-0.1841825538
-0.1539647127
-0.117389403
-0.07701416037
-0.0367910316
-0.001227807828
0.025527591810000003
0.042662434320000005
0.057804826590000004
0.07557121728
0.1011173598
0.13593599280000002
0.1724216391
0.20732454
0.236054106
0.2541644451
0.259035993
0.24850172069999998
0.2265891237
0.1985461596
0.17519688810000003
0.1591915788
0.1390408578
0.10847829330000001
0.058822878960000005
-0.011134457910000001
-0.08620868097
-0.1578127833
-0.21463475580000002
-0.2508447411
-0.27422128440000004
-0.2880351378
-0.30099493260000004
-0.3167035875
-0.3304886976
-0.34253616240000007
-0.35167280400000006
-0.3572224191
-0.3595996764
-0.3584438622
-0.3544992612
-0.34818093450000004
-0.3400931781
-0.3309561441
-0.3217010958
-0.31359381750000004
-0.30795836490000006
-0.3043418103
-0.2984488452
-0.2873464758
-0.2679516153
-0.23896600830000003
-0.2035579905
-0.163064763
-0.1200301569
-0.0769622949
-0.03655474794
-0.002210582457
0.02316401946
0.039208686480000005
0.05171443524
0.06451985988
0.0822796092
0.1071022446
0.1350276849
0.16491561570000002
0.194195817
0.22008489750000002
0.2400147954
0.25265743290000003
0.26107735590000003
0.2671907517
0.2743106535
0.28419599430000003
0.2956089483
0.3089456433
0.32402204370000004
0.3406233105
0.358429932
0.37683790650000004
0.3952911051
0.4132415412
0.4301354403
0.4453806708
0.4585621716
0.4693336497
0.47751106950000005
0.48248748630000005
0.4830478335
0.47847647160000006
0.46860064650000005
0.4536843453
0.4354260714
0.4147811226
0.39381401340000005
0.37607557140000003
0.36537560820000003
0.35809295850000006
0.33533267940000006
0.2867042151
0.2106447345
0.115017345
0.03477329118
-0.018046888020000002
-0.05473246212
-0.07983498663000001
-0.11154391830000002
-0.15441067530000002
-0.196328511
-0.23469002549999998
-0.2641857525
-0.2825330031
-0.2936345877
-0.2985887358
-0.30151839420000004
-0.3042896211
-0.30564065430000004
-0.30631136400000003
-0.3064896117
-0.3064004388
-0.30630243690000003
-0.3064692069
-0.30733287930000003
-0.3077890443
-0.30367267020000005
-0.2921931063
-0.2711612511
-0.24002607690000002
-0.2030015673
-0.16250353290000003
-0.1223981928
-0.08679346488000002
-0.05947497909
-0.04212918234
-0.03025685547
-0.021017807280000002
-0.009781002621
0.005784610707
0.023555340360000003
0.04378154931
0.06577789428
0.08879326281
0.111914442
0.1339242561
0.15374791170000002
0.1703144511
0.1829595411
0.1908110727
0.19299419010000002
0.18898602030000003
0.1790184717
0.1636107876
0.1445998905
0.1235861838
0.1026697923
0.08393528214000001
0.06916181454
0.059748001200000005
0.055704780270000004
0.05728463172000001
0.06363432099
0.07407385812
0.08645519646000001
0.09707962266000002
0.10236901770000001
0.1076544495
0.1330535205
0.1819736361
0.236382741
0.2854193994
0.31373292329999997
0.31918561559999997
0.3230216199
0.3290465295
0.332565867
0.33477959160000004
0.3354287193
0.33511391640000004
0.33303095909999997
0.32808201030000006
0.31952190240000006
0.3073425912
0.2940122727
0.2811707865
0.2708313408
0.2641804551
0.260167086
0.2583536094
0.25723850670000004
0.2561735331
0.2556379071
0.25535390760000004
0.2552073462
0.2551224897
0.25504244010000005
0.2549827953
0.2549193246
0.2548079811
0.2545120134
0.25429884210000003
0.2552976963
0.2582921007
0.2638971423
0.2722514364
0.2821713084
0.2929888935
0.3036820878
0.3131791488
0.3205354716
0.32518835460000006
0.32789395260000004
0.3290679153
0.3296577906
0.3302071506
0.3304255212
0.33041551500000005
0.3301335756
0.3299042178
0.330828516
0.3335884614
0.33878432789999996
0.34658053110000003
0.3558500001
0.3657857643
0.3754287981
0.3843321579
0.3923865603
0.3974693175
0.3939747012
0.3786345099
0.3524557401
0.32006106000000006
0.2946870045
0.277468983
0.25201890000000005
0.2101532535
0.14636647530000002
0.06611203269
-0.0007223246226000001
-0.044507665890000006
-0.07366531086
-0.09133962489
-0.1110328173
-0.1351839582
-0.15353218980000002
-0.1649288592
-0.1695322998
-0.1673490843
-0.1607738337
-0.14992309080000002
-0.13436217450000001
-0.1144285488
-0.09050040882
-0.0630581895
-0.03265372296
0.0002002619286
0.03493317456
0.0709520022
0.10764689580000002
0.14440349430000002
0.1805969007
0.2155722975
0.2486748672
0.2793500505
0.3072159441
0.33193792890000007
0.3529738062
0.3691960146
0.37965298410000003
0.3866898933
0.39807999
0.4157724231
0.43445703960000004
0.45123331680000006
0.4614812352
0.46515341250000003
0.46985338350000005
0.4770293004
0.4845339504
0.49247465490000003
0.5004754947
0.5086480095
0.5164988544
0.5221596168
0.5240339154
0.5264223561
0.543170871
0.5766998814000001
0.6141522051
0.6478494570000001
0.6672877758000001
0.6709435704
0.6735685302000001
0.6778104723
0.680334291
0.6817648833000001
0.6818141295000001
0.6815692719
0.6823076706000001
0.6826964409
0.6773546997
0.6623813043
0.6340883814000001
0.5907896901
0.5359849479000001
0.4711080825000001
0.39916428930000003
0.3234615984
0.24779873610000003
0.176078709
0.11127767490000001
0.0559321074
0.01262707884
-0.01208491938
-0.009431457606000001
0.014576561280000002
0.031833606960000004
0.03702031092
0.04804206174
0.06670422315
0.08621685270000001
0.09763459398
0.08202189069000002
0.03756385359
-0.01299320766
-0.058362220980000004
-0.08816267601
-0.10155782880000001
-0.1190564163
-0.142451991
-0.16059136770000002
-0.1723820067
-0.1800361611
-0.18602909010000002
-0.1953999945
-0.2092432779
-0.22314885480000002
-0.23318889930000003
-0.2366605602
-0.2439329094
-0.282113037
-0.3436970778
-0.3767691384
-0.3727811772
-0.36270562050000005
-0.3529596798
-0.3451981059
-0.34076016000000003
-0.3324666879
-0.318235419
-0.29416687830000005
-0.25863182100000004
-0.2158057755
-0.16701093360000002
-0.11527770240000002
-0.06352338951
-0.01497082518
0.0263127744
0.05691319569
0.07628468877000001
0.09087047145
0.1044590382
0.12066015510000001
0.14027672160000002
0.15650874
0.1667118267
0.1689306525
0.1615673646
0.14650410960000002
0.12464252460000001
0.0997315992
0.07543841931
0.05589712494
0.04322636217
0.034465865400000004
0.0281472444
0.020892150990000004
0.011204736750000001
0.0009482403879
-0.009871714710000002
-0.020285304389999998
-0.02894515056
-0.034675848450000005
-0.03891863421
-0.0482833485
-0.0641363085
-0.08138251413000001
-0.096928686
-0.10590876
-0.1077564735
-0.10905953580000001
-0.11103497550000001
-0.1122616179
-0.1130599557
-0.1132705764
-0.1131881724
-0.1131470685
-0.11326655430000002
-0.1135146492
-0.11352171240000002
-0.11278243080000001
-0.112451049
-0.1169236242
-0.1292914836
-0.15234880950000002
-0.18716185080000003
-0.23014564110000002
-0.27950396940000005
-0.332076348
-0.3846694257
-0.4339251414
-0.47599719030000004
-0.5077427427
-0.5277792753
-0.5394782889
-0.545010246
-0.5480579187
-0.5507249634
-0.5519442483000001
-0.5524103214
-0.5523172245000001
-0.5521789035
-0.5532385797
-0.556167159
-0.5615111565
-0.5693863302000001
-0.5787643959
-0.5890437063
-0.5992156953
-0.6081914529
-0.6149683971000001
-0.6193706346
-0.6234737652000001
-0.6286112622000001
-0.6365582451
-0.6482510784
-0.662447718
-0.6785275833000001
-0.6950288862
-0.7107722685000001
-0.7257373254000001
-0.7411006683
-0.756820899
-0.7621837317000001
-0.7336812672
-0.6767568783000001
-0.6340226544
-0.6087250188000001
-0.5692309398000001
-0.5158447236
-0.47080495350000007
-0.44029300860000004
-0.4202207676
-0.40670651160000004
-0.3880876221
-0.3610131993
-0.33074248230000003
-0.2975307273
-0.2630764377
-0.22874967810000002
-0.1963601973
-0.1689621426
-0.149291523
-0.136797507
-0.12360109500000001
-0.10518792119999999
-0.07917605874
-0.04696796484
-0.020249331120000002
-0.00288906462
0.007396173963
0.01114056954
0.013441750290000002
0.015454095210000001
0.015882242850000002
0.01725293529
0.02130906618
0.02183672646
-0.0001449359811
-0.047671479180000004
-0.1013722236
-0.1497422925
-0.1778410755
-0.18328611600000003
-0.1873036053
-0.1936365489
-0.1974610755
-0.19982351970000004
-0.2003108805
-0.2000704374
-0.2001134052
-0.2002452516
-0.19975573259999999
-0.1981691613
-0.1951706367
-0.190611243
-0.1848423744
-0.1779672321
-0.1703304414
-0.16227741240000002
-0.1541781783
-0.1465252011
-0.13970214990000002
-0.1339332813
-0.1292971734
-0.1264663998
-0.12721303890000002
-0.1327856094
-0.1441203777
-0.1614805461
-0.1831734972
-0.20816712090000003
-0.23481637830000002
-0.2614729932
-0.2864435634
-0.30779463599999995
-0.32393238030000004
-0.3341585205
-0.34019608500000004
-0.3431275092
-0.3447803961
-0.34609336650000005
-0.34654148730000006
-0.3469209381
-0.3479468679
-0.3484047987
-0.34337638890000005
-0.32972508720000004
-0.3056208381
-0.27135696060000003
-0.23387569740000003
-0.19757565629999999
-0.16788608370000002
-0.149058045
-0.1414077165
-0.1458388935
-0.1593738486
-0.17993364660000002
-0.2041923051
-0.22833461700000002
-0.24837056100000002
-0.26133045390000004
-0.2675546046
-0.2668248387
-0.26103811590000003
-0.2511372753
-0.23741651880000003
-0.2210072337
-0.2031969825
-0.18532110240000002
-0.1686529314
-0.1543435749
-0.1432856448
-0.1364059899
-0.13428810900000002
-0.137291931
-0.144830916
-0.1561126122
-0.16905612240000004
-0.1817574237
-0.1920541959
-0.1986934077
-0.20272737780000002
-0.2045979486
-0.20574669960000003
-0.20679538860000002
-0.20730747060000002
-0.20762345070000002
-0.2078619318
-0.2079776898
-0.2074780665
-0.20594388060000002
-0.2029894029
-0.198420003
-0.1926209196
-0.1857529386
-0.1781467551
-0.1701444438
-0.1621166265
-0.154476108
-0.1476001809
-0.14181865740000002
-0.1374759666
-0.13492850580000001
-0.1340560044
-0.1336871484
-0.130211073
-0.12140748090000002
-0.1062510309
-0.08480630223
-0.06139321668000001
-0.038771592120000004
-0.02028459807
-0.008550692262
-0.0036597166380000004
-0.006360088851
-0.01555237179
-0.030792393180000002
-0.05177343258000001
-0.07764850440000001
-0.10735769700000002
-0.13971039030000001
-0.1734488442
-0.2073110022
-0.2399452425
-0.2698605432
-0.2959602444
-0.31780230750000005
-0.3355527177
-0.3465991701
-0.3434377014
-0.3220294365
-0.28425534480000003
-0.23671892970000002
-0.19819319580000003
-0.1723366845
-0.1417827528
-0.09816484410000001
-0.03331026702
0.04815941877
0.11545536150000002
0.15936501960000002
0.1885969557
0.2068740648
0.2291069583
0.25901068320000004
0.28766588940000004
0.3136257
0.33341247000000007
0.34558981920000004
0.35287531380000003
0.35601461190000006
0.35782063290000005
0.3595055985
0.36018415620000005
0.3604035078
0.36028304099999997
0.3600722241
0.36018503910000005
0.36079237620000004
0.3620766033
0.3641539689
0.3669120504
0.3703494744
0.37437451740000005
0.37889673120000006
0.38383587
0.38906008740000003
0.3944386161
0.3998296035
0.40507883640000003
0.41006516130000004
0.41469087060000004
0.4187958651
0.4222619343
0.42509339460000006
0.42738667830000004
0.4287214269
0.42771207600000005
0.4235276205
0.41576692950000005
0.40459422240000004
0.39222135990000007
0.3803608737
0.37108934460000004
0.3650714982
0.35964754919999997
0.353400345
0.34443478980000003
0.33234288570000003
0.3197959938
0.3075872526
0.2968188156
0.2901792114
0.293053149
0.30911594490000005
0.3394494459
0.3831875271
0.4317281919
0.47869994340000005
0.5164711902
0.5406253722
0.555119451
0.561515571
0.5652240453
0.568614087
0.5699699271
0.5706332793000001
0.5713524504
0.5714322057
0.5670338922
0.5553130023
0.5340017583
0.5025282372000001
0.46521276300000003
0.424555218
0.3843987678
0.3485141802
0.3201038316
0.3020946336
0.2949079257
0.2989380699
0.3118758903
0.331736922
0.3550769721
0.37821689820000004
0.39723387750000005
0.4094714601
0.4157276895
0.41609370060000006
0.4125610215
0.4059599706
0.3958904961
0.38297543489999997
0.36774227070000004
0.3507868629
0.33269643810000005
0.31398298020000004
0.2952542187
0.2771161173
0.260052309
0.24450620580000001
0.23096085210000003
0.22006704330000001
0.21244329990000002
0.2075949036
0.20266243560000002
0.1956717315
0.18468757260000002
0.1689075009
0.15063519870000003
0.1309689936
0.1116942075
0.09438342264
0.08021445705000001
0.07126076214
0.07034653881000001
0.07949731662000001
0.0992628774
0.12930168600000003
0.1658413854
0.20613184020000003
0.2461914657
0.28186788510000005
0.30949608240000004
0.3270358719
0.33733539090000003
0.3420218241
0.344555649
0.34678801260000003
0.34772751630000004
0.34807488840000006
0.3480199524
0.3477593988
0.34754897430000004
0.34744557690000005
0.34759017630000005
0.3475777176
0.34590668220000004
0.34146216360000003
0.3331165023
0.32036173650000005
0.30423537180000004
0.28520200980000004
0.26414788590000005
0.2419851339
0.21975243660000002
0.1985348781
0.1793667267
0.1633849614
0.151509564
0.1441017387
0.1398963879
0.1376907075
0.13564659780000002
0.13422875850000002
0.1385263233
0.1512621558
0.17413063920000002
0.2068278597
0.2426400495
0.27701105220000005
0.30445403670000004
0.32214372300000005
0.33350056380000004
0.33850307520000006
0.3367942713
0.32713897500000005
0.3055208742
0.2716322292
0.2292304662
0.1803594987
0.1283771916
0.07640149644
0.02774812455
-0.013810655340000002
-0.045142775100000004
-0.06494441706
-0.07689685239
-0.08344349703000001
-0.08846449047
-0.09417062412
-0.0993492054
-0.1046826081
-0.11028333330000001
-0.116208279
-0.1224133002
-0.128604195
-0.13459849740000002
-0.1403027181
-0.1455276222
-0.1495324566
-0.1513945908
-0.1527742692
-0.16050523590000002
-0.1788968277
-0.2106759303
-0.25574091210000005
-0.3049594479
-0.35234841870000005
-0.3905328627
-0.41494563630000003
-0.42864284880000003
-0.43250700780000007
-0.4314868659
-0.42795663930000005
-0.42113299950000005
-0.412515405
-0.4033162737
-0.3950649846
-0.3892157721
-0.3854516751
-0.3801784077
-0.37140355890000004
-0.3583542969
-0.3419989668
-0.3282764445
-0.3193505217
-0.31413258270000005
-0.31234068810000004
-0.31119419340000004
-0.3099200706
-0.3093841503
-0.3091901085
-0.3092400414
-0.30942378270000004
-0.30971151
-0.30990447270000004
-0.30919226670000005
-0.30696932070000005
-0.30258631080000004
-0.2957236272
-0.2868586245
-0.2761239339
-0.2639048922
-0.250677873
-0.23697222390000003
-0.22324254030000001
-0.2097704673
-0.19693192410000002
-0.18569525580000001
-0.17786226510000003
-0.1742977035
-0.1697132943
-0.15098208030000002
-0.1212654321
-0.1050726537
-0.10633598550000001
-0.11089067040000002
-0.11681385030000001
-0.12558075300000002
-0.1369137555
-0.1514025369
-0.1681207389
-0.18590793660000002
-0.2041232427
-0.22231196370000003
-0.24002568450000003
-0.25672613040000003
-0.2718964125
-0.28508154300000005
-0.2957183298
-0.3033130356
-0.3081279798
-0.3120261795
-0.3163150134
-0.3223930932
-0.33090591690000004
-0.340578675
-0.3509271459
-0.3610392939
-0.37008264240000005
-0.3773834406
-0.3820110138
-0.38307078810000006
-0.37994080950000003
-0.3728749608
-0.36241181100000003
-0.35054534070000004
-0.3389650281
-0.32962021830000005
-0.3236522067
-0.32012953380000003
-0.3186574452
-0.3178539081
-0.3170341845
-0.31663786050000003
-0.31665924630000003
-0.3173788098
-0.3178193769
-0.31453852050000003
-0.3054396474
-0.28925765999999997
-0.266137452
-0.24079233600000002
-0.21639623940000002
-0.1968437322
-0.18437679180000002
-0.1769224671
-0.17370184410000003
-0.1718853264
-0.17018221230000002
-0.16948619280000002
-0.16924790790000002
-0.1693288404
-0.1695542742
-0.16971937650000002
-0.169849359
-0.1700026893
-0.1701733833
-0.1703389761
-0.17043432930000002
-0.17045708850000002
-0.1706347476
-0.17128897650000002
-0.1716232032
-0.16859210940000002
-0.16023752100000002
-0.14532259320000002
-0.1239018696
-0.1003359933
-0.07779166173000002
-0.06024915486
-0.04898595051000001
-0.03876844311
-0.02668374936
-0.008727102549
0.01626235092
0.04262701041
0.06712132473
0.08555049864000001
0.0977230017
0.1112827761
0.12783469860000002
0.1447395849
0.16003543500000003
0.16865567820000002
0.1704471804
0.17150715090000002
0.1730272104
0.1738364373
0.1743790284
0.1747519065
0.1747185525
0.1724308605
0.16638947010000002
0.155211858
0.1383868251
0.11764750410000001
0.09384798303000001
0.06850112085
0.0431184816
0.01931819535
-0.000984985803
-0.01615168431
-0.02577370509
-0.032496243030000004
-0.03812674158
-0.04507132887
-0.05436860922
-0.06417322353
-0.07410267990000001
-0.08387689302000001
-0.09397058841
-0.1041099984
-0.10801997010000002
-0.09302224590000001
-0.06325653789
-0.045937022130000005
-0.045582400440000004
-0.045581242859999996
-0.04329284454
-0.04035310146
-0.03820597695
-0.04354542261000001
-0.05883127632
-0.08328409434000002
-0.1140194718
-0.1400826798
-0.1573172802
-0.16848253170000002
-0.1745188209
-0.1811596023
-0.1901643975
-0.1992049992
-0.20864526030000002
-0.2181328056
-0.22744828350000001
-0.23623196130000002
-0.2437503453
-0.24944652180000002
-0.2530864242
-0.2552637537
-0.2563328475
-0.2569619628
-0.2575454616
-0.2578798845
-0.2580617619
-0.2581608429
-0.25824481650000003
-0.2583525303
-0.258469956
-0.2585871855
-0.2587007853
-0.2588141889
-0.2589247476
-0.259035012
-0.25914674790000003
-0.2592691767
-0.25940739960000003
-0.2595491541
-0.259668738
-0.2598289353
-0.2600653563
-0.2602734264
-0.2602358541
-0.2599573482
-0.26018837370000003
-0.26200440090000005
-0.26308654200000003
-0.2544757164
-0.2310660153
-0.1929681936
-0.1454418828
-0.1069874676
-0.08139192192000001
-0.05372442576
-0.01695754638
0.03698838918
0.10487400120000001
0.1611988029
0.1977920649
0.21909438180000002
0.2265033843
0.2313583533
0.23683066560000002
0.2394318852
0.24057455400000002
0.24061968000000003
0.2402399349
0.23996554920000002
0.23978838060000002
0.2396526102
0.2394705366
0.23930415900000002
0.23918035680000002
0.2390751936
0.23896924560000002
0.2388563325
0.2387409669
0.23863001579999998
0.2385276975
0.23842380960000004
0.23829510240000001
0.2381374557
0.2380132611
0.23802905520000003
0.23799324870000002
0.2371163328
0.2348187327
0.23061828690000002
0.22434469380000002
0.2166415875
0.20782190700000003
0.198423927
0.1889937702
0.18015054570000003
0.1726101873
0.1669988673
0.1634073282
0.16061481360000002
0.1578188655
0.15398138970000003
0.1485727443
0.1422797274
0.1352490966
0.1278391131
0.12043050300000001
0.11346775740000001
0.10750759380000001
0.1030556196
0.10021091580000001
0.09806202549
0.09598138335
0.09311753043
0.08902049184000001
0.0840810195
0.07827137073
0.07177686624
0.06476482539
0.05741624268
0.05004151632
0.04294068516
0.03640262427
0.03064804884
0.025806578400000002
0.021888336870000004
0.019446882930000003
0.02012760864
0.025016510430000003
0.03478457268
0.04943943738
0.06703737075
0.08640522432
0.1056844053
0.12275253
0.1356583698
0.14385766590000001
0.15050031120000001
0.15748561980000003
0.16711001460000002
0.18016928280000002
0.1937467152
0.20653660080000003
0.21661667010000002
0.2229617781
0.2267707068
0.22840907490000004
0.2293178733
0.23010659730000002
0.23031505980000003
0.23043690000000003
0.23087246400000003
0.2309871429
0.2279664477
0.2197654839
0.2045333007
0.18156838500000003
0.1532252349
0.1207184265
0.08611313157
0.051404341140000004
0.018806603850000003
-0.008901230049
-0.0293154192
-0.04229456913000001
-0.0529778259
-0.06442935282000001
-0.07905848589
-0.09679807566
-0.11123411849999999
-0.1205672544
-0.12600071910000002
-0.1279221057
-0.12925302840000003
-0.1307586672
-0.1315333629
-0.13194381330000002
-0.1321032258
-0.13216738320000002
-0.1322377209
-0.13234464990000003
-0.1325781279
-0.1327539231
-0.1321438392
-0.1302289272
-0.1265399748
-0.12091227210000001
-0.1140464493
-0.1062670212
-0.09789823773
-0.08911299033
-0.08050170366
-0.07391930157
-0.07155990828
-0.06973113789
-0.05315628942
-0.01349377272
0.04970493522
0.12970683900000002
0.1977502743
0.2423736099
0.2688532524
0.27836542080000004
0.2846054637
0.2915452539
0.2948185566
0.2963407743
0.29673611730000005
0.29645094060000005
0.2945631042
0.2899676097
0.2819772666
0.2705955084
0.2581262136
0.2461989213
0.2368151658
0.2307748545
0.2260355454
0.22145790510000002
0.21497280840000002
0.2056724379
0.19464992190000002
0.1819165419
0.168022737
0.1535091363
0.1389459951
0.1249226001
0.11211407550000001
0.10166073570000002
0.09470015811000002
0.09016947828
0.08232123303
0.06740126289000001
0.042454011060000005
0.006945698763
-0.03168130671
-0.06767690427
-0.09424922184
-0.11243015370000001
-0.13817434050000002
-0.1748345067
-0.2139025374
-0.24906344130000002
-0.2669733621
-0.2654207334
-0.25763169150000004
-0.24609522960000002
-0.23000604480000003
-0.21129140970000002
-0.1915836102
-0.1735647984
-0.15964735140000003
-0.1508989896
-0.1458143685
-0.1435013667
-0.14224617720000002
-0.1411584444
-0.1407659463
-0.1406829537
-0.1407662406
-0.1409173146
-0.141061914
-0.141210045
-0.1413360054
-0.1414430325
-0.1415450565
-0.1416480615
-0.14175263610000002
-0.1418569164
-0.1419608043
-0.1420652808
-0.14217103260000002
-0.1422759015
-0.1423766502
-0.1424722977
-0.1425771666
-0.14270607
-0.14285400480000002
-0.1429589718
-0.142989579
-0.1431080838
-0.1435969161
-0.1439065197
-0.1418105151
-0.1357191918
-0.1242120618
-0.1067447682
-0.08513133696000001
-0.06029521281
-0.03384046809
-0.007362646326000001
0.017439325290000002
0.03859231437
0.05445064044
0.06440718222000001
0.07060378644000001
0.07451248284
0.07830959049
0.08314951095
0.08820591849000001
0.09380852721
0.0999056286
0.10624298670000001
0.11238443910000001
0.11787735240000001
0.1229080185
0.1283503122
0.1343437317
0.13581817470000002
0.1216488069
0.09574309845000001
0.08268577263000002
0.08738308512
0.09704543481
0.11001758040000001
0.1260973476
0.1440241416
0.16282638000000002
0.1800867807
0.19347674400000003
0.20187714510000002
0.20673319320000003
0.20892366810000002
0.210128238
0.2111940945
0.21160876320000002
0.21171883140000003
0.21160591830000003
0.21143826540000002
0.2114656353
0.2114500374
0.21036034260000003
0.2074195989
0.20190647700000003
0.1934920476
0.182860362
0.17029571400000001
0.1563968079
0.1417775535
0.12711886290000002
0.11315727090000001
0.1005774174
0.09005843889
0.08210079252000001
0.07709651532
0.07508464128
0.07611347484
0.07979665896
0.08574412842000001
0.09325685205
0.1016259102
0.10999962810000001
0.1175294898
0.1234750365
0.1272087225
0.1285599519
0.1273198698
0.12362042070000001
0.11753851500000001
0.1093025295
0.09924639660000001
0.08777334654
0.07527255183
0.062250286950000004
0.04922407845
0.03666970152
0.025039240200000003
0.014790017070000001
0.0064124889660000005
0.0002491311303
-0.003681515439
-0.0060941711430000005
-0.0072971106210000004
-0.007377563412
-0.006316731594
-0.003540096441
0.0009801134703
0.0067907341170000005
0.013701097260000001
0.021321387540000004
0.029326563360000002
0.03736231695
0.04507882371000001
0.052092532260000005
0.057808927169999996
0.06167883483
0.06413584743
0.0676257255
0.07381382445000001
0.08428468491
0.0995737563
0.1174945662
0.13695848910000002
0.15617990880000002
0.17327618820000001
0.1865264571
0.1949191083
0.1998165546
0.2020004568
0.20316598290000001
0.2042306622
0.20466553950000002
0.20474598150000003
0.2046070719
0.20450642130000002
0.2047246938
0.20477443050000002
0.20291543550000002
0.1980591912
0.18954509220000001
0.1773738252
0.16398464670000001
0.1512337068
0.1413786789
0.1349278191
0.1283982831
0.1201448358
0.10864123740000001
0.09390065292000001
0.08075757789
0.07272674892
0.07426529046000001
0.08595206118000001
0.09992995739999999
0.1122595578
0.1194913917
0.12066535440000001
0.1216726452
0.1233976356
0.124374123
0.12495467880000001
0.1250792658
0.12496929570000001
0.12451656420000001
0.1234624797
0.1214747775
0.11837962440000001
0.11435428710000001
0.1093994523
0.10355377140000001
0.0968804208
0.08947474389000001
0.08146487889
0.07300498014000001
0.06424861338
0.055320699150000006
0.04637114406
0.037552228740000006
0.02905991775
0.02111597595
0.0137891322
0.006977137851
0.0005809054284
-0.005001782517
-0.008421701553
-0.008589508470000002
-0.01005238548
-0.02592834012
-0.05800616703000001
-0.09298655712000001
-0.1249282899
-0.1496854926
-0.1688684571
-0.1965837672
-0.23269437720000002
-0.26282961810000005
-0.28251711090000003
-0.2913810345
-0.2890252611
-0.28015535340000003
-0.2658783699
-0.2461640958
-0.22254455880000001
-0.1967691762
-0.1707658092
-0.14649027750000002
-0.1258042248
-0.1102128975
-0.1004003469
-0.09473071626
-0.09212731884000001
-0.09076321872
-0.0895962996
-0.08913632832
-0.08901810801000001
-0.08910959607000002
-0.08925121323000001
-0.08913565143
-0.08862612003
-0.08754877602
-0.08582736627
-0.08352369377999999
-0.08062038504
-0.07717429881000001
-0.07326023634
-0.06895205712000001
-0.06434274033
-0.05952431358
-0.05458384062
-0.049626131489999996
-0.04478378796
-0.040135711860000006
-0.03575471301
-0.03177236313
-0.02829110805
-0.025328605770000002
-0.02291882832
-0.021112061760000002
-0.020046460320000004
-0.02002650678
-0.02128909302
-0.028326806640000004
-0.03305169504
-0.03897809262
-0.045932607630000004
-0.05360686272000001
-0.061645775130000004
-0.06969128967
-0.07736602545000001
-0.08432333631
-0.09021045465000001
-0.09474380280000001
-0.09768518415
-0.09896730210000002
-0.09852879510000001
-0.09642585483000002
-0.0927615942
-0.08776481184
-0.08168280804000001
-0.07485205599
-0.06759568728000001
-0.06031661823
-0.053503946010000004
-0.04750505253
-0.04241166129
-0.038162008530000006
-0.03572236944
-0.03787354548
-0.0462930957
-0.06169876875
-0.08368424424
-0.1079042121
-0.131223465
-0.149891895
-0.1617393339
-0.1687276836
-0.1717481826
-0.1735971714
-0.17518119210000002
-0.1746271233
-0.1717494579
-0.1659889278
-0.15715325700000002
-0.14610209580000003
-0.13317732270000002
-0.1190046195
-0.1041950511
-0.08934799869
-0.07504853067
-0.06208831404
-0.05186628423
-0.04549595472000001
-0.04088707938
-0.03061554831
-0.013059876420000002
0.006067293705
0.02308653027
0.031708352880000006
0.03063644361
0.026536265820000002
0.02042554815
0.011194083090000001
-0.0006973251129
-0.015051129840000002
-0.03110972706
-0.04806378108
-0.06538961448
-0.08260829325
-0.0991864575
-0.1146152331
-0.1283799384
-0.1400869962
-0.14944043880000002
-0.15628212900000002
-0.16008065910000002
-0.1596641265
-0.15423282
-0.14328603720000002
-0.12682387620000002
-0.1063821906
-0.08306170164
-0.05843128338
-0.03397216734
-0.0112454973
0.007979768901
0.02227038732
0.031111551720000002
0.036406636560000004
0.03940325802
0.042018182189999996
0.0453220038
0.04865481396000001
0.052288408530000004
0.05621616576
0.060400120950000004
0.06474614715
0.06905007864000001
0.07313518827000001
0.07679993940000002
0.07987083236999999
0.08217140490000001
0.08359430615999999
0.08413539633
0.08405056926000001
0.08350328897999999
0.08275518819000001
0.08195155299
0.08102361528
0.08002702719
0.07901753895000001
0.07800569631000001
0.07696535562000001
0.07589961684
0.0748368603
0.07378085304
0.0727036758
0.07161413796
0.07053019182
0.06943898628
0.06834089412
0.06722203419
0.0660903624
0.06493803075
0.06376218453
0.06263709525
0.06166863243
0.060587825490000004
0.05831654562000001
0.05411581533
0.04732783488
0.03775068504
0.026312372190000002
0.013505878260000001
0.00012257506710000002
-0.01310943654
-0.02538016713
-0.0356019615
-0.042822455040000006
-0.047353772520000004
-0.052230274470000004
-0.059129215830000005
-0.06885539919000001
-0.08079943716
-0.09047034117
-0.09637350867
-0.09932566140000001
-0.09951460200000001
-0.098906382
-0.09805349079
-0.09637748172
-0.09413455275000002
-0.09142090074
-0.08839068003
-0.08517097917000001
-0.08180197011000001
-0.07832022453000001
-0.07475952807
-0.07116002325000001
-0.06755675139
-0.06399213093
-0.06051892986
-0.05719474269
-0.05404061187
-0.05107453875
-0.04834880082
-0.0458937306
-0.043731842039999996
-0.04188780729
-0.04036951359
-0.03916955439
-0.038290931550000004
-0.037650927150000006
-0.03717012924
-0.036756775080000005
-0.03635433945
-0.03597164154
-0.0356033349
-0.035249292
-0.03489061878
-0.034512423660000006
-0.03412543878
-0.03373355871
-0.03335207724000001
-0.03297902256
-0.03259731546
-0.03215651292
-0.0317318184
-0.03163134438
-0.03206326887
-0.03322878516
-0.0351984762
-0.03774601548
-0.04075909812
-0.04404811644
-0.04742529723
-0.050703083100000004
-0.05369851755
-0.05622458274
-0.058014328950000006
-0.05881851351000001
-0.05887222326
-0.05945690907000001
-0.06142449096
-0.06550754049
-0.07188749361
-0.07937359290000001
-0.08736441669
-0.09493221366
-0.1011286413
-0.10514318760000001
-0.1066083111
-0.1064771514
-0.1053390933
-0.1041778836
-0.10348931970000001
-0.10290287790000001
-0.1025427528
-0.1023612678
-0.10228229729999999
-0.1022269689
-0.10206245520000001
-0.10166760270000001
-0.1009183149
-0.09973267830000002
-0.09805005729
-0.09583917759
-0.09299025548999999
-0.08925577488000001
-0.08448625098
-0.07858421163
-0.07156204686
-0.06372951723
-0.055274435190000006
-0.046488363750000004
-0.0376682418
-0.0291055833
-0.02106642564
-0.013786993620000002
-0.007556599836000001
-0.002639496258
0.001142002701
0.004870524717
0.009263816478
0.01506421638
0.02257736184
0.03115859067
0.04059179838
0.05043541725
0.06025150926
0.0696116619
0.0780706287
0.08524218996
0.09074127375
0.09431322228000001
0.09596845377
0.0962980992
0.09570703689
0.09473675922000001
0.09368737371
0.09244628118
0.09112125429000001
0.08975411307
0.08836895088
0.08699211738000001
0.08562661443000001
0.08427451194
0.08293478967000001
0.08160185592000001
0.08027467083
0.07894992843000001
0.07763325966
0.07632947142
0.07503486534
0.07374916674
0.07247109051
0.07120239264
0.06994235700000001
0.06869214117
0.0674509113
0.06622010946000001
0.064999098
0.06378878925
0.06258738798
0.06139533564000001
0.06021334836
0.05904750834
0.05789091915
0.05671341504
0.05549237415
0.05420490975
0.05284871649
0.051444836820000006
0.04999673367
0.04851232371
0.04700626308
0.045490529790000005
0.043974747450000004
0.042471904500000005
0.040994420399999995
0.039553606080000005
0.03815822187
0.03681434016
0.03552911244
0.03431029842
0.0331632936
0.03209137452
0.03109726836
0.030182034600000004
0.029346762150000004
0.02858973426
0.02791000917
0.02730384927
0.02676696759
0.02629683315
0.02589077763
0.02554279731
0.02524294485
0.024974504010000002
0.024722799030000003
0.02447279118
0.02421665208
0.023957962380000003
0.02369589804
0.02342781036
0.02315220822
0.02286929763
0.022579284600000003
0.02228255172
0.021978951840000004
0.02166870078
0.0213516612
0.02102810778
0.02069795223
0.020361449610000002
0.020018511630000003
0.01966937373
0.01931398686
0.01895255703
0.01858505481
0.01821170583
0.017832500280000003
0.01744761474
0.017056980540000002
0.01666073502
0.01625885856
0.01585175337
0.015439546980000001
0.01502116029
0.014598319860000002
0.01417923666
0.01376827614
0.01336822434
0.012977747100000001
0.012589143570000001
0.01219848975
0.01180111608
0.011393049510000001
0.01097108217
0.010532938140000002
0.010077077250000002
0.009602588151
0.009109348218000001
0.008597999025
0.008070183747
0.007527690747
0.006972630156000001
0.0064080244350000004
0.005838993422999999
0.005268894102
0.004700666529
0.004135722363
0.0035736456600000003
0.00301472091
0.0024590717190000003
0.0019068354270000002
0.0013580993430000001
0.0008123124393000001
0.0002680846389
-0.0002749903884
-0.0008167642173
-0.00135654642
-0.0018927188370000002
-0.002424684726
-0.0029520075420000004
-0.0034746264630000005
-0.003992880915
-0.004507468389
-0.005019722064
-0.005530346298
-0.006039888489
-0.006548468319000001
-0.007055815032
-0.007561924704
-0.008066774772
-0.008570367198
-0.009072737298
-0.009573937065000001
-0.010074026340000002
-0.010573061040000001
-0.01107110493
-0.011568197250000002
-0.01206437724
-0.01255963509
-0.013053970800000002
-0.01354732551
-0.014039640360000001
-0.01453084668
-0.01502086599
-0.015509619810000002
-0.01599704928
-0.01648306611
-0.016967601630000002
-0.01745059698
-0.01793196387
-0.01841165325
-0.01888959645
