0.016114602510000003
0.01441151784
0.02022819057
0.02812955697
0.01382205456
-0.01200401631
-0.04844239803000001
-0.014146196580000001
-0.03626578458
-0.08513971470000001
-0.06491921517
-0.04558139982
-0.02741664465
0.005362278435
-0.0070027635329999996
0.01259540235
-0.017246529360000002
-0.06013750725000001
-0.008287926507
-0.01187985114
-0.044157203639999996
-0.06340131387
-0.03353186511
0.003496418397
-0.004093425567
-0.02517444162
-0.03042055494
-0.02577405825
-0.032341451040000004
-0.011547243090000001
0.009231938883
-0.002800338075
0.001529557542
0.00625587624
-0.01019830923
-0.01999222083
0.01101269619
-0.038144674260000004
-0.06294659094
-0.01521166068
0.001018662552
0.003581036514
-0.023091651090000002
-0.007354106721
0.006790728231000001
-0.026845938090000004
-0.04906730484
-0.005377784121000001
0.03443924106
0.03328633062
0.014921235630000002
-0.01983494691
0.009143585118000001
0.03357186048
0.001610711748
-0.0389118555
-0.05722378029
-0.004841555787
-0.01826353206
-0.04676560416
0.0029615516910000005
0.0233547651
0.01506463821
-0.010294839630000002
0.003025371627
-0.009581199408
-0.03042251694
-0.05485017231000001
-0.009047788506000002
0.02262503844
0.02980438884
0.020022425820000002
0.026906917050000003
0.01555985682
-0.014064057450000002
-0.03193143228
0.006163300251
0.037056205710000005
0.003424222683
-0.02469472281
0.01447541037
0.01795476231
-0.0085479435
-0.03786226398
0.005032085607
-9.528912108e-05
-0.002656092816
-0.011341841310000001
-0.036908290530000006
-0.07045205517
-0.01631435373
0.01976586489
0.043999419600000006
0.014537203560000002
0.014135170140000002
0.06227484138
0.041298952230000005
0.001371195693
0.009107657955
0.05449216617
0.027619054380000004
-0.016507914840000002
-0.049906403190000004
-0.003262647078
-0.002364574932
-0.03604560894
-0.04482067356
-0.0029694585510000003
0.029659681530000002
-0.003554939952
-0.01763891955
0.030575454840000002
0.04692984318
0.005301312228000001
0.04610451807
0.01570083633
-0.038534288220000004
-0.06150986739000001
-0.034250526090000004
0.013328336880000001
0.03109501206
-0.007927925994000001
-0.02498720796
0.02524606443
-0.003048417279
-0.048186200070000004
0.0045313773210000005
0.05161339224
-0.007347718449
-0.05769009864000001
-0.01272770982
0.007498807164000001
0.02702960091
0.048952429740000004
0.03671444493
0.01739307114
0.04191914043000001
-0.009602981532
0.017416929060000003
0.03392800272
0.01702712871
0.0227242764
0.03876310647
0.05874078888
0.06833076039
0.05828745897
0.023158623960000003
-0.001628543385
-0.0069713764380000005
0.0262252692
0.04037583123
0.001694032002
-0.02397049956
-0.03800154636
-0.004776752889
-0.008162904924
0.006046298343000001
0.002350189548
-0.007520118408
0.01291374666
0.04503562047
0.06402969342
0.06213793302
0.07729220519999999
0.08909445923999999
0.06259023288
0.01989863343
-0.010086534090000002
-0.03855391803
-0.09184011147
-0.08811869778
-0.05893116174
-0.0462955482
-0.014383059030000001
0.018231325830000002
-0.0016135684200000002
-0.03144377718
0.0369471087
0.10165082760000001
0.05517509913
0.002158505091
-0.01596241017
0.03935385486
0.07914269493000001
0.00154010133
-0.058767177780000006
-0.006489839835
0.04373311734
0.005089027752
-0.0103055031
-0.004857918867000001
-0.002955502845
-0.02957568831
-0.016133339610000002
0.02876049693
0.07845775092000001
0.08472725325000001
0.06963034995
0.06003071559
0.04921983072
0.01975796784
-0.006710259744
-0.004093991604
0.020087260109999998
0.029769514290000004
0.05219795052
0.1163891754
0.08841292911000001
0.05097867543
-0.031982954400000006
0.0035437349700000002
0.0643080816
-0.0042373882980000005
-0.05731858413
-0.1262077101
-0.1914438177
-0.2347806699
-0.25646243760000004
-0.20531417670000002
-0.1394418906
-0.1323980163
0.06786846414
0.1928749005
0.23196824100000002
0.23610413700000002
0.23258489760000003
0.208822527
0.1545539994
0.06729758100000001
-0.020324701350000002
-0.07351892604
-0.1393102404
-0.09627436881000001
-0.02685786705
0.04606971219
0.1024994907
0.07369647723
0.08986706541
0.1180914066
0.05877777258
-0.03903872823
-0.1812732021
-0.26637034140000004
-0.3132271197
-0.3195295542
-0.27282178980000005
-0.2217846762
-0.14071522860000002
-0.04404071970000001
0.029680184430000003
0.08760259368000001
0.0651485043
0.026660195549999998
-0.0065586530609999995
0.03140800011
0.019705876740000003
0.03012008445
0.057352968180000005
0.026490492360000003
-0.02378912247
-0.03976288281
0.029824921170000004
0.07720844742
0.1255119849
0.1183394034
0.09236718315
0.1278554958
0.1664125236
0.2057654367
0.20022837840000002
0.1950819543
0.23327454060000002
0.29102404860000003
0.2970097182
0.19390396950000002
0.11583638190000002
-0.01373915025
-0.1250982972
-0.2051775234
-0.2744052219
-0.22105039770000004
-0.1589506452
-0.11208376260000001
-0.08267619807
-0.11117780910000001
-0.1398250692
-0.1624546791
-0.12441875850000002
-0.04743516609
-0.00984150972
-0.05137411653000001
-0.08271714501
-0.04552562016000001
-0.01586358423
0.016455931650000002
0.03253828869
0.07180082226000001
0.1426856652
0.2030602311
0.23088796380000004
0.17988852060000002
0.10588737420000001
0.021799870290000002
-0.051613617869999996
-0.08650978911
-0.04160619162
0.007227039753
0.037028669040000003
0.11990076300000001
0.173977407
0.21235638330000003
0.2098393335
0.1743228171
0.12299768190000002
0.03771936171
0.01796330682
0.057038969700000004
0.008033460012000001
0.0417000537
0.042993874980000006
-0.03505311162
-0.1007980443
-0.2106920187
-0.19617459210000002
-0.1499602707
-0.122930091
-0.1663409106
-0.21948560460000002
-0.23050733580000002
-0.1517229315
-0.05559558516
0.04030421823
0.12298885290000001
0.113254488
0.07583432148000001
0.04650509961
-0.0020884764060000002
-0.06459111972
-0.1204227531
-0.05029220106
0.01217781027
0.06938598285000001
0.01843190109
-0.023434245720000003
-0.05705816787
-0.09596177316
-0.032840318970000004
0.04054879134
0.054851535900000005
0.0467131599
0.10154193660000001
0.1505143395
0.1600460298
0.1374856785
0.0998317593
0.06068576853
0.021488461650000002
-0.055625888250000005
-0.19172232360000002
-0.2257535079
-0.18460575720000003
-0.09659842254
-0.044161647570000004
0.012630375000000001
0.09460522673999999
0.2006179335
0.2469996135
0.19433816010000002
0.1658914164
0.190348335
0.1763339652
0.1353749589
0.03577489218
-0.0038916103230000002
0.02081275866
-0.019853517240000004
-0.058974453270000005
-0.09478605446999999
-0.18522251190000003
-0.1875293334
-0.1670065191
-0.17474091930000002
-0.1617194196
-0.21374283060000002
-0.26703339930000003
-0.21430278540000003
-0.1593151848
-0.1416655233
-0.0946296144
-0.015326977230000002
0.07138926333000001
0.14733285840000002
0.1781926659
0.14736258270000002
0.13005293580000002
0.17614031580000003
0.20710155870000002
0.17428083030000002
0.13486140540000002
0.07587084411
0.0346166451
0.008729832672
-0.035882125290000004
-0.049539783870000006
-0.01566993483
0.020908641600000003
0.08983017
0.18068185530000003
0.15243808050000002
0.02952305766
-0.04815881055
-0.01881158733
0.032330336310000006
-0.0384730542
-0.1377341658
-0.02339657532
0.2025625698
0.2429812413
0.1067745906
0.059379007860000006
0.1813920012
0.2466345834
0.10754173260000001
-0.10637571600000001
-0.18634438350000002
-0.1720100115
-0.2562177762
-0.3966571476
-0.45872796060000004
-0.3871141758
-0.2552433489
-0.1488621393
-0.16440461280000002
-0.1956085551
-0.13479038100000001
-0.06268557627
0.02393083773
0.08133942861
0.05434722342
0.09066716901
0.02255576022
0.1059327945
0.1660275792
0.06342430851
-0.008246307582000002
-0.10374202530000001
-0.028197864000000003
0.04329730809
-0.03667038822
0.045969512850000005
0.19438142220000001
0.23855173200000002
0.1819884492
0.1325246634
0.11634738480000001
0.16642547280000003
0.23230452780000002
0.1341545949
-0.01891493568
-0.1271986182
-0.048662397090000004
0.001418626062
-0.07680605103000002
-0.1685021517
-0.05054546583
0.08093783664000001
-0.0472514346
-0.1325683179
-0.1490605956
-0.016675028190000003
0.05364874161
-0.08945575173
-0.1906116354
-0.1264395204
-0.1396371096
-0.21510387
-0.2424517956
-0.21006986850000003
-0.1350220932
-0.1175225247
-0.1807007886
-0.2011729833
-0.09452144934
-0.014163766290000001
-0.03667483215
0.010922571720000001
0.1089520182
0.029881132470000002
-0.06020555922
0.007446353094
0.1302719931
0.05561157546
0.10583440020000001
0.22281129270000002
0.3511976076
0.345065769
0.2660196339
0.2251635345
0.2877235722
0.2310936795
0.07947200682000001
-0.04374905859
0.024407466390000004
0.026168567400000002
-0.043289312940000005
-0.07638095430000001
-0.05239995804
-0.040058654310000004
-0.06834949749000001
-0.1157725188
-0.149513229
-0.12627559530000002
-0.1543409262
-0.21989321010000001
-0.28943708490000003
-0.3155466942
-0.2744289621
-0.22646787210000002
-0.2365882605
-0.2822914809
-0.2559582036
-0.16301610540000003
-0.06927637572
0.007761984939
0.07114693671
0.11399170950000001
0.1393329996
0.1253693475
0.07270982667
0.004902504336000001
0.05863215294
0.16662942270000003
0.1803768624
0.07277957577000001
0.02379019176
0.1498351932
0.2774386701
0.30875189580000006
0.21844280160000001
0.08619891021000001
0.09963075240000001
0.12580285140000003
0.04078787085
-0.06726066597
-0.11818087380000002
-0.04848015672
0.025446217860000002
-0.05630359248
-0.1211771421
-0.15389986860000002
-0.0700418304
-0.0631948428
-0.13529696940000002
-0.23100892110000001
-0.2326866273
-0.25455959190000005
-0.17435842740000002
-0.07697667636
-0.141772158
-0.1910561265
-0.09702599139000001
0.0152201169
0.02450931381
-0.023316309900000002
-0.01794868011
0.04206634929
0.08246725488000001
0.03725823285
-0.06760560519
-0.1484791569
-0.1686187926
-0.13007324250000002
-0.1438379478
-0.1500634719
-0.023768904060000002
0.037974872970000004
-0.046490757390000005
-0.04662656703
0.02155004883
-0.06442265259
-0.06430735566
0.03309048378
-0.006188810175
-0.04057399323
0.036992764440000006
0.11518117200000001
0.19737239310000002
0.261810261
0.1959073677
0.127376964
0.10785624120000001
-0.010530181530000002
-0.2368095741
-0.18302448329999998
-0.0996858846
-0.15178434210000002
-0.05747150241
-0.182636694
-0.3521838069
-0.21064375350000003
-0.1095379695
-0.2868834438
-0.400933719
-0.22217884200000002
-0.028204976250000003
-0.1602932418
-0.3251900223
-0.16542995400000002
0.06479876799
0.1415596734
0.1221225318
0.05320700712
-0.04727665611
-0.10449523710000001
0.1107003564
0.04181109309
-0.1353440574
-0.2561907987
-0.08690804568000002
0.09000191367
-0.08545867704000001
-0.2809752732
-0.135359361
-0.1513620216
-0.1185927957
-0.15608612519999998
-0.3367029402
-0.4289384241
-0.1487164608
0.028672020540000002
-0.11654986320000002
-0.16778190150000002
-0.06698718279
-0.061817499180000006
0.004831138548
-0.06929478909
-0.225799713
-0.2625722037
-0.095290416
-0.038955598290000004
-0.1814445828
-0.1185254991
-0.1908082278
-0.3253629726
-0.46056341160000003
-0.32773022370000005
-0.23257655910000002
-0.4390754895
-0.510802776
-0.38315446740000003
-0.21299422950000002
0.008981747586
0.1789222356
0.3269469933
0.49118846580000003
0.625284495
0.7999901964
0.6774114015
0.5550243921000001
0.9083321307
1.187231706
1.097059167
0.7978881096000001
0.6100004169000001
0.7159275216
0.897240258
0.9843461910000001
0.7044859224
0.1863803862
-0.05528109618
-0.135680148
0.036306692280000004
-0.009764240274000002
-0.35991997290000005
-0.5319631422000001
-0.1883769174
-0.03654934263
-0.2598348213
-0.4071726828
-0.5373287217
-0.20973868290000003
0.2439395802
0.3311438094
0.19554243570000002
0.3613715586
0.6432802533
0.5519287485000001
0.4405101039
0.5515581267
0.6192056304
0.7243186032000001
0.9725292612
0.9041144193000001
0.5649546627
0.37089471420000003
0.5349362589
0.6541674894000001
0.49300410060000005
0.2721258684
0.1746357561
0.4070535894
0.7284725496000001
0.6726928896
0.6242941755000001
0.8304427907999999
0.9175851189
0.7096195934999999
0.5561771652
0.4254239916
0.26475159330000003
-0.0992865195
-0.5817502656000001
-0.9382915764
-1.2229410870000001
-1.561871682
-1.456282728
-1.171114857
-1.1704193280000001
-1.5433082190000003
-1.5115228379999999
-1.407710475
-1.5800162580000001
-1.658857266
-1.84463316
-2.0207256030000003
-2.073957606
-1.918577997
-1.9756682730000001
-2.084149215
-2.076166818
-1.6662020130000001
-1.3662230039999999
-1.3028190120000003
-1.026299637
-0.7479697284000001
-0.49760293050000004
-0.2159940294
0.02663324748
0.255922299
0.4124293713
0.56513448
0.8900136234
1.1726726850000002
1.359701316
1.459712304
1.4243884560000002
1.3980544920000002
1.3618232190000001
1.436530293
1.3612248089999999
1.5037081920000002
1.519726941
1.37136933
1.219714578
1.0015902090000002
0.8294923980000001
0.8630328861000001
0.9628589556000001
0.9101141172
0.8554913505
0.7007586129000001
0.31365562050000007
-0.08092895859
-0.1378458036
-0.2443227588
-0.5321382507000001
-1.016169831
-1.6878889799999999
-1.9426752809999999
-1.6456755690000002
-1.5375507300000002
-1.794848391
-2.055246012
-2.074267602
-1.924865226
-1.750468932
-1.6672085189999999
-1.6960587480000002
-1.793456352
-1.8239733000000002
-1.652430735
-1.457856252
-1.53541215
-1.5571059839999999
-1.414681461
-1.29458646
-1.1736291600000002
-1.0238697
-0.9544665006
-0.9033938748000001
-0.6306969663
-0.05992274673
0.4561783416
0.9658310913000001
1.4213267550000002
1.82882925
2.033614962
1.953560457
2.160382725
2.4980340960000005
2.463980643
2.567083743
2.7224751240000002
2.799846594
2.5219361609999997
2.1423146670000004
2.299118688
2.550278232
2.472416262
2.3952400110000003
2.5116287940000004
2.655701397
2.767449069
3.0675791520000004
3.2356842930000003
2.98702728
2.6536599360000004
2.827031085
3.1395433500000003
3.4095792960000004
3.3050949480000003
3.046668156
2.8399900950000005
2.695770342
2.769634737
2.447635221
2.0277024750000003
1.6308644310000002
1.087946658
0.45595879380000004
-0.1381193064
-0.5290310313000001
-0.7260745932000001
-0.9216544050000001
-1.232931591
-1.606040226
-2.224035891
-2.678285979
-2.325369267
-1.544295105
-1.1852520480000002
-1.5082973100000001
-1.9185004980000002
-1.7320496760000001
-1.473169662
-0.9381691476000001
-0.437745744
-0.14842049310000002
0.20544690599999998
1.020055572
1.5514671960000002
2.008096209
2.341003464
2.376986544
2.6058440340000004
2.4700599000000003
1.868241906
0.98854389
0.28489662450000003
-0.3949356888
-0.9605976525000001
-1.362126348
-1.7594313480000001
-2.1896871570000003
-1.9234231560000001
-1.166150016
-0.34709948009999997
0.4565765295
1.09714059
1.578088593
1.996593003
1.926606501
1.6941889620000001
1.4280063840000001
1.080329193
0.5613102477
-0.4292349804000001
-1.193581719
-1.7653614930000001
-2.180264652
-2.535448455
-2.7592233840000002
-2.971240047
-3.3247218149999997
-3.6075725640000003
-3.517866981
-3.3994190790000003
-3.518197578
-3.216217329
-2.8303301880000005
-2.477436039
-2.141028576
-1.8227411640000002
-1.439270226
-1.2584474010000002
-1.172722716
-1.040406417
-0.9508344462
-0.994836024
-0.4472253432
-0.39273412860000007
-0.5809489848
-0.7561998279
-1.026091665
-1.056324123
-0.9118126206000001
-0.7678928574000001
-0.9016568181000001
-0.9808520652000001
-1.063787571
-1.25635689
-1.535844771
-1.592798688
-1.6281362700000002
-1.6808316660000002
-1.7337811410000001
-1.8225037620000002
-2.030337441
-2.204276589
-2.14787007
-2.304807507
-2.1884461920000002
-2.012700042
-2.029926402
-1.7709943950000002
-1.8060729930000001
-1.8453012210000002
-1.633362057
-1.549867185
-1.663888815
-1.2786246090000002
-0.7265219292
-0.3489483708
-0.1496259459
0.10356093270000001
0.2222963658
0.2745168597
0.2004605811
0.013418471160000002
-0.16981443540000002
-0.1229995458
-0.07912852929
0.07333669548
0.2974034916
0.5598040203
0.7434156321
0.8812069902
1.123743348
1.208632221
1.312242498
1.7736411330000001
2.2107335310000003
2.5833320459999998
2.8288724220000003
2.756676708
2.879880498
2.9756211930000003
2.9161421819999997
2.825912745
2.531389077
2.262241917
2.364146235
2.517524604
2.622955617
2.5675389269999997
2.426229801
2.379291894
2.743584282
3.106165806
3.103764318
3.1970986200000002
3.0449720070000006
2.934495711
2.99348226
2.7233344800000006
2.4564642210000005
2.1423244770000003
1.788612174
1.377847854
1.003323636
0.6911706132000001
0.4055607036
0.1792432188
-0.022082447340000002
-0.24952196070000002
-0.4714652646
-0.6100003188
-0.6603265017000001
-0.8161085169000001
-0.9504316476000001
-1.2280805460000002
-1.84582017
-1.977511572
-1.823009958
-1.7491122090000002
-1.9441202940000002
-2.211678234
-2.092955652
-1.9046379870000003
-1.7304771330000002
-1.528856127
-1.682137377
-2.008545507
-2.305872873
-2.477301642
-2.444238018
-2.54838294
-2.5186861080000003
-2.212095159
-1.8945258390000002
-1.642526559
-1.247098212
-0.9353643705000001
-0.7820338743
-0.7502099400000001
-0.7432925166
-0.6318855459
-0.5098322727
-0.3889965186
-0.2424179511
-0.07443586674000001
0.224954091
0.38914357050000004
0.344797956
0.39095773380000004
0.5021200431
0.5135716485
0.47384526870000004
0.4309630119
0.49534849440000006
0.6109251075000001
0.7583527305000001
0.8515679391000001
1.0009437300000001
1.173456504
1.2724717770000002
1.429694685
1.5988759830000001
1.625423805
1.51828389
0.8683602066000001
0.42390520740000004
0.5901230025
0.7758148248000001
1.0144177650000001
1.262867787
1.496082879
1.5844984469999999
1.30974291
0.8765467497
0.4317046479
0.006197443956
-0.35115228540000004
-0.6437066940000001
-0.9189063297000001
-1.138213098
-1.4557941900000002
-1.672649145
-1.5584205240000002
-0.990919872
-0.4673814597
-0.4285138473
-0.5313828807000001
-0.6824862126000001
-0.8747542665000001
-0.9810186390000001
-1.057084398
-1.10631294
-1.00938033
-0.7617302154
-0.4381708113
-0.15727029030000003
0.020937532050000002
0.013887801180000001
-0.04915878309
-0.19903930830000002
-0.34670963070000005
-0.2527532766
-0.006400078335000001
0.28932633
0.46752105600000005
0.6016678029
0.7855501707
0.9612843525000001
1.103875155
1.2197224260000001
1.326315924
1.207447173
0.8836176996
0.3921050133
0.1509940485
0.03815299314
-0.011904072029999999
0.07354677663
0.1377226881
0.242528706
0.31176386010000007
0.43563267000000006
0.539243928
0.6000937884
0.5111792838
0.33667998480000005
0.1765160388
0.009385575255
0.0038442407760000004
-0.03278518677
-0.06817114188
-0.03126870792
-0.09770163552
-0.3565845729
-0.815280651
-1.09946556
-1.084393476
-1.1224906110000001
-1.1190149280000001
-1.044136179
-0.9995163750000001
-0.9148598028
-0.6206420106000001
-0.23047564950000002
0.01914565707
0.19331193600000002
0.3570788988
0.4626077175
0.6604814016
0.8576042282999999
0.998925813
1.1297362770000001
1.208009286
1.189645947
1.291868109
1.431370233
1.512293904
1.441784529
1.404489852
1.462570938
1.391442552
1.318936842
1.429119819
1.520578449
1.4932526940000002
1.3202768880000002
1.1297205810000002
0.8707009707000001
0.6786229365
0.4512694176
0.22168078830000001
0.038669146290000005
-0.12077091000000001
-0.3252234744
-0.6159696057
-0.8553235014000001
-1.0016510310000002
-1.164366558
-1.3760693010000002
-1.55237364
-1.7346326490000001
-1.9893620520000002
-2.107701063
-2.133963414
-2.2634926920000003
-2.3678907120000003
-2.515598901
-2.647500237
-2.516054085
-2.148489081
-1.821801366
-1.5191520750000003
-1.238361426
-0.9844266330000001
-0.6959907567
-0.3664286136
-0.20587570110000003
-0.07928092764000001
0.0991717425
0.2947422348
0.5377361310000001
0.7439499828
0.9599747175000001
1.1627469270000002
1.282396554
1.4058642330000002
1.344132846
1.303365429
1.338053589
1.365759972
1.413155025
1.450194642
1.403429391
1.2736264140000002
0.9255240576000001
0.7588849230000001
0.8907777243000001
0.9628043139
0.9043005150000001
0.8362344186
0.6596456877000001
0.3090638538
0.052721510220000004
-0.11216646090000001
-0.2603234574
-0.3348767106
-0.1723041153
0.02337404175
0.14943013830000001
0.12520140030000002
0.07960900347000001
0.0103141359
-0.09963546120000001
-0.171289467
-0.2330584263
-0.28921047390000004
-0.41911900650000006
-0.5355983358
-0.5270428386
-0.5432553351
-0.5112500139
-0.44492264189999997
-0.37217815649999997
-0.22602485250000004
0.02062707498
0.1690258095
0.1018543851
0.053904184200000003
0.0993933504
0.07843737555000001
-0.0115423479
-0.10822853070000002
-0.18194038020000003
-0.1450609605
-0.118153602
-0.19418149440000002
-0.2851331436
-0.34177549500000004
-0.3505329801
-0.3206410272
-0.4020558849
-0.48027513510000003
-0.37901788470000003
-0.4612344156
-0.42533511300000004
-0.4900891572
-0.6601779783
-0.6808161582
-0.6648356682
-0.7733408409000001
-0.8133170814
-0.6481445418
-0.5162112252000001
-0.40121948430000004
-0.2005169886
-0.036074283570000004
0.0886165749
0.18041875110000002
0.2867885811
0.37906948530000006
0.4376518623
0.5091370380000001
0.6266675088000001
0.7475935149
0.8156506842
0.9047445156000001
1.002726207
1.0823117940000002
1.1546193420000002
1.206135576
1.283099931
1.230735132
0.9597626253000001
0.541653264
0.0948282669
-0.2052492345
-0.33482471760000004
-0.3305879748
-0.3155536593
-0.3423174975
-0.43007952330000004
-0.5662774431
-0.7087913352
-0.7247874231
-0.6425359686
-0.7067515419
-0.787461453
-0.8667020223
-1.007946108
-1.1158070580000001
-1.084675023
-1.1445317190000002
-1.1455009470000002
-1.037540916
-1.120378518
-1.022214753
-0.7412935329
-0.6025149945
-0.4720901616
-0.47030591880000006
-0.5590486503
-0.5635094535
-0.5724410661
-0.6316573653
-0.6912918648
-0.8457639507000001
-0.9704044152
-0.8535170879999999
-0.6353297388
-0.42554347740000004
-0.2156217399
0.00857631402
0.2037875445
0.35473960620000006
0.46524709799999997
0.6068384577
0.7915319163
0.9576775098000001
1.1109589560000002
1.2365259750000002
1.3451413140000001
1.4125909500000002
1.4646212280000002
1.5656230260000001
1.6068730949999999
1.4495197140000002
1.186695099
0.9282010104
0.7730024940000001
0.7653537351
0.8066765943
0.8462510172000001
0.8909160453
0.8903498121000001
0.8161736553
0.6497831061
0.408953394
0.1484849448
-0.023294158920000002
-0.191350917
-0.38293903980000005
-0.48260177280000005
-0.4775826825
-0.5588459757
-0.6361145388
-0.6515922663
-0.5758556328
-0.6282160173000001
-0.5898849138000001
-0.536139063
-0.5721033078000001
-0.6291864225000001
-0.7461689067
-0.8567507583000001
-1.018331955
-1.22564178
-1.350217008
-1.197458631
-0.9801306378
-0.7204917222
-0.3751344981
-0.2289037932
-0.08885221110000001
0.08127911673
0.23300908200000003
0.35336473470000007
0.43431646230000004
0.4943130489
0.4576670091
0.394638642
0.354079197
0.45814269600000007
0.5742164799
0.6790561461
0.8061298830000001
0.8962310052
0.9731787813000001
1.058135049
1.1374253550000002
1.101926889
1.187024715
1.2523298850000002
1.266650523
1.245361842
1.180143981
1.009525518
0.6706191537
0.3961711602
0.29942082000000003
0.2024543655
0.06195177846
-0.07893240777
-0.27606576060000004
-0.4196718
-0.3254240889
-0.2674468908
-0.2835459837
-0.2231949618
-0.1061816742
0.03774192471
0.015091566660000002
-0.08065502414999999
-0.17574399180000003
-0.3017795364
-0.4090606173
-0.5656801122
-0.6963998337000001
-0.7921394496
-0.7556343795
-0.7877235762
-0.7997195385000001
-0.6638352444000001
-0.48837073950000004
-0.23895433440000002
0.1305713943
0.12121206570000001
-0.006790107258000001
-0.2217777111
-0.4225970439
-0.4922751195
-0.47976776190000003
-0.5225057136
-0.6133674051
-0.6395970888000001
-0.6149217996
-0.5000302188
-0.319309614
-0.006219467406
0.24072160590000002
0.1925494047
-0.02324525607
-0.13651380180000003
-0.07647669990000001
0.1072482174
0.1591095672
0.23619174030000004
0.45411451380000006
0.4260434931
0.33193008090000004
0.22246696170000002
0.17619378030000002
0.2361705507
0.2711618397
0.3584059956
0.43169679990000004
0.4882565511
0.5717972358000001
0.5672002698
0.39196257209999996
0.1851070482
0.10963037970000002
0.05289791364
-0.03367911321
-0.17638899930000002
-0.2466230076
-0.3340391328
-0.5071608135
-0.5846080167
-0.6253878923999999
-0.7358502582
-0.8566913097000001
-0.9201194343000001
-0.9827687430000001
-1.090784691
-1.183794282
-1.241104302
-1.3523683410000003
-1.3408082370000003
-1.270229211
-1.1896253460000001
-1.03692681
-0.8795809827000001
-0.7104344121
-0.5023293885
-0.26494975530000003
-0.015443932050000001
0.08104981778999999
0.1955379231
0.3666287376
0.47650142430000003
0.6223694535
0.7910555427
0.9252393714
1.020941415
1.0933666830000002
1.2820630140000002
1.423596789
1.501291989
1.6420949190000003
1.804150233
1.9435267890000003
2.0074673880000002
1.970667135
1.901496825
1.844100477
1.7520954300000002
1.649976273
1.5490176390000001
1.40706792
1.2217629060000001
1.0693881
0.9192946095000001
0.795015153
0.6494680089
0.4521817476000001
0.23006961360000003
0.07995714075
-0.1180331352
-0.33918388920000003
-0.5400184275000001
-0.6390989370000001
-0.7184699793
-0.6553292877
-0.7349934528000001
-0.8661628647
-0.9451815318
-1.089396576
-1.147797468
-1.279335834
-1.4082441390000002
-1.4187437820000002
-1.400150889
-1.490633424
-1.537621362
-1.5444981720000002
-1.6067651850000002
-1.678879476
-1.6070555610000001
-1.530519903
-1.425340026
-1.2840956460000001
-1.193667066
-1.137701997
-1.04732541
-0.994825233
-0.9090937791
-0.7959672135
-0.7235768691000001
-0.7878417867
-0.67640931
-0.5498850312000001
-0.5016313089
-0.4473508131
-0.2997415089
-0.1368353736
0.015822333180000002
0.1186842249
0.2337200127
0.39756996810000006
0.5727005406000001
0.5384236158
0.6707619873
0.8317747926
0.9044197065
0.9674738739000001
0.9094178034000001
0.8564133924
0.8071453161000001
0.6594238836
0.513912546
0.38535386940000005
0.24364528020000004
0.1118242881
0.03126742281
0.07929878184000001
0.1215529632
0.1765951074
0.08541183429000002
-0.07155815229000001
-0.19636677000000002
-0.2530584657
-0.2424392388
-0.1980221094
-0.12676158270000001
-0.01651702833
-0.030037435200000004
-0.06373456938000001
-0.07563616929
-0.008481003003
0.006950991258
-0.07050413646
-0.0054064872
0.1034223174
0.1665166077
0.2587523859
0.38047643550000004
0.48961788480000007
0.576754425
0.6648519528
0.8003260908000001
0.8671358205
0.8291566017
0.7987447188000001
0.7459321914
0.6940118835
0.7026858855
0.7482475476
0.8318691648000001
0.8922092976
0.9194154687
0.8900959293000001
0.8866978434000001
0.9397530702000001
0.9931388940000001
1.07277255
1.1730278070000002
1.2519011880000002
1.2269455290000002
1.1959371
1.2620349180000001
1.331132634
1.37940372
1.37041776
1.3239723150000002
1.263350439
1.148716665
0.9368313578999999
0.778713876
0.6715801413
0.5547529494000001
0.45793413540000005
0.37486619460000004
0.2391298353
0.1072030914
0.02570116995
-0.055905767550000006
-0.1432167786
-0.1263863502
-0.1170732267
-0.1379283057
-0.19971580590000002
-0.2863491912
-0.37981494720000003
-0.47363661
-0.5563788588
-0.5686076124
-0.6177497283
-0.6653146905000001
-0.7063116615
-0.8939578320000001
-1.114101099
-1.251797202
-1.3742210970000002
-1.508494491
-1.6381807290000001
-1.7319142980000002
-1.946474694
-2.046095244
-1.9866544920000002
-1.969118136
-1.9182150270000002
-1.8705394080000002
-1.894992795
-1.92184767
-1.8687422160000002
-1.8129851190000001
-1.7739030599999999
-1.669340232
-1.392178302
-1.139906304
-0.9324847431
-0.8005488759
-0.6357409740000001
-0.44744655870000005
-0.285028569
-0.13846353930000002
-0.024859138410000002
0.053320332240000004
0.1538920206
0.2756375541
0.37849452120000004
0.44706014280000006
0.4780667079
0.48332114010000005
0.4787451675
0.47005762770000004
0.45479974230000003
0.45887883840000004
0.509804118
0.5526246699
0.5853485736
0.6220117809000001
0.6455491101
0.6351961266000001
0.6157359315
0.5887729503000001
0.5436730449
0.4466231073
0.3321356004
0.2241283833
0.1754840268
0.1061947215
0.02817818514
-0.06704122608
-0.1842318981
-0.21348355230000002
-0.12508672140000002
-0.03473989794
-0.06627619323
-0.09685453221000001
-0.1230755733
-0.1533769956
-0.1076492502
-0.05711470290000001
-0.01944087921
-0.06465887739000001
-0.11826504360000001
-0.1573412166
-0.11954878020000001
-0.10744490790000001
-0.09806991273
-0.07484069601
-0.04779968607
-0.0665366193
-0.02365966971
0.08989002081
0.2177467821
0.2919856248
0.3792066291
0.5418195435000001
0.6654149487000001
0.7329948615
0.7881116598000001
0.8617647474000001
0.9285782049000001
0.9546438654
0.9229046894999999
0.83990277
0.7703196552
0.6866525196000001
0.6811858971000001
0.702751122
0.696119562
0.714847833
0.6914679543000001
0.6718274514
0.6557261022
0.617087259
0.5007733263
0.35135584290000005
0.2105969598
0.1594973565
0.09707548284000002
0.05230527192
0.0994224861
0.09679057101
0.037820836350000005
-0.001040900841
-0.041424510420000005
-0.09101030319
-0.1777918293
-0.2085151797
-0.155291319
-0.07836835239
0.02894533695
0.08333029944
0.06003273645
0.08124526242
0.1232887446
0.17331366239999998
0.194617647
0.19107947430000002
0.20484162900000003
0.1775862117
0.184033638
0.2449752219
0.27479703330000005
0.2596523553
0.2214040482
0.2039991462
0.15847721460000003
0.07441955271
0.0135448632
-0.055549144620000004
-0.14812236720000002
-0.22062925440000003
-0.3021050322
-0.4282591797
-0.5277086433
-0.5898402783000001
-0.6598262898
-0.7329392388
-0.7885603691999999
-0.8740022319
-0.9983077830000001
-1.0974849210000002
-1.159945191
-1.15098768
-1.127665386
-1.1682454320000002
-1.200201507
-1.176731082
-1.12449087
-0.999800865
-0.8324629641000001
-0.6722539902000001
-0.6024019833
-0.6198297426
-0.5523609771
-0.47201285880000005
-0.35525845710000004
-0.206546607
-0.01362195018
0.09605322198
0.2032611399
0.33400479780000003
0.4087607256
0.3719311407
0.3165743898
0.2792590137
0.2568004902
0.3111919371
0.3611782035
0.42524574390000003
0.4516414128
0.3888303372
0.39897171900000006
0.38341943550000007
0.3194521533
0.2726585514
0.21212290530000003
0.17941803300000003
0.2271880242
0.2875126572
0.3264031269
0.3841179075
0.43054206480000007
0.4684980339
0.4974104583
0.5492601342000001
0.5202492174000001
0.4085729622
0.2132288847
0.030968090280000003
-0.09336763638000001
-0.12249089730000001
-0.1376243919
-0.178225137
-0.2492849511
-0.3457758168
-0.4366567359
-0.5158444293000001
-0.5448542670000001
-0.5263723251000001
-0.5081659461000001
-0.4830569568
-0.4357640259
-0.3517121421
-0.225858573
-0.1108004184
-0.026118320580000003
0.09771781221
0.23650929
0.3200235858
0.36218392470000005
0.38886153300000004
0.41147142480000004
0.445395582
0.4975735986
0.5547900312
0.5931790137
0.5868829557
0.5488921611
0.4976336358
0.43365830940000005
0.332521722
0.25297871040000003
0.20679676200000002
0.1547542215
0.08411912154000001
0.01154908737
-0.06320923407000001
-0.1332937674
-0.1422188073
-0.0911373525
-0.0271206279
0.042447026340000006
0.1362063564
0.2496760758
0.34004530530000004
0.423277956
0.5174324721
0.6056384004
0.658726785
0.6851705229
0.7041860307000001
0.7270404858
0.754087833
0.7656955155
0.7363520397000001
0.6951714255
0.619778142
0.4916623869
0.3459968361
0.1948229703
0.05172625629
-0.02710929735
-0.09072303696
-0.1456811487
-0.1930414743
-0.2590440372
-0.36313304220000003
-0.44174783160000003
-0.5082851376
-0.6085475559000001
-0.7249039659000001
-0.8083991322
-0.8913645585
-1.016432739
-1.127309283
-1.175321385
-1.09835703
-1.044074376
-1.022410953
-0.985665636
-0.9538313031000001
-0.8840638584
-0.79584606
-0.7486114986000001
-0.6998407893
-0.6196342293
-0.5580570555000001
-0.4962965328
-0.4408259859
-0.475475985
-0.4575772476
-0.4396329918
-0.37523102850000006
-0.24888911760000001
-0.1136582676
0.01901546856
0.009718582572000001
-0.022935417030000002
-0.01660769235
0.08244067959000001
0.16372693800000002
0.1997577927
0.28247895
0.3475600596
0.3278578518
0.36776679570000004
0.42611471370000004
0.45015147
0.47643030180000007
0.509376402
0.5445719352
0.6308266545
0.6925628484
0.7753919157000001
0.8513826282
0.8975087577
0.9562717368000001
1.003891635
1.039690287
1.069275285
1.036906209
0.9982803150000001
0.9732523563000001
0.9227490048000001
0.8109964278
0.6412430106
0.4290618339
0.2794907259
0.2922891462
0.3994337700000001
0.42499048770000003
0.38042081280000006
0.3527155089
0.30712765410000004
0.2573547552
0.2035383705
0.1468810098
0.07680988674
-0.01587458124
-0.11529359460000001
-0.17857711980000002
-0.20861602650000002
-0.20653630650000002
-0.22413691800000002
-0.2613229002
-0.3320317125
-0.4214184705
-0.5210567766
-0.631971972
-0.7244562375000001
-0.7188484491000001
-0.7194043818000001
-0.7819745238000001
-0.7921431774
-0.7054158123000001
-0.5991566391
-0.5101947522
-0.42790700070000004
-0.36126855360000004
-0.2804077647
-0.155340369
-0.08911910196000002
-0.028926776430000002
-0.04140230058
-0.1046578869
-0.15763394700000002
-0.2220540588
-0.29144489760000003
-0.2722897935
-0.2304882063
-0.21237296220000002
-0.15917804100000002
-0.1389418749
-0.17420627430000002
-0.227602791
-0.30074683770000005
-0.4043546622
-0.4107913956
-0.3467534814
-0.24343014690000003
-0.1082110689
-0.022114898820000003
-0.0192568338
-0.03610406673
-0.0231184422
0.012146585040000001
0.05279928390000001
0.062407521630000004
0.037304800920000006
0.00356641569
0.001359602235
0.04601532555000001
0.09506499201
0.13321705320000002
0.1658562966
0.1897544376
0.21490767
0.2388245481
0.24732461880000003
0.2206594692
0.1856039247
0.15132660750000002
0.11769988950000002
0.08664048774000001
0.04130665308
0.01611778095
0.10420927560000001
0.21689095770000003
0.2811046671
0.376082046
0.4308271434
0.39217338900000004
0.3732887466
0.3427520805
0.23435334630000001
0.1249072965
0.0192281886
-0.008388136638000001
0.041554669499999995
0.127525095
0.21199586580000002
0.3021314211
0.35570343870000004
0.3003539472
0.24611239710000002
0.1834863381
0.1027503324
0.04205591145
-0.058558450410000004
-0.16652945880000003
-0.2548040571
-0.25515388170000003
-0.27244498770000003
-0.3296011869
-0.373669767
-0.3974665707
-0.43112468070000004
-0.45586971900000006
-0.4896075843
-0.5107622607000001
-0.45195523470000004
-0.3478789827
-0.2423465343
-0.18829647540000002
-0.2555903286
-0.2066365647
-0.1361973312
-0.04011818139
0.09738480195
0.16714886220000003
0.2192082759
0.2830483224
0.3485359584
0.3830556807
0.3678385068
0.3265741152
0.3134123325
0.39955217670000004
0.4405986882
0.3806476200000001
0.309985209
0.18537996240000001
-0.045921080880000006
-0.198323865
-0.05671412136000001
-0.09405763254
-0.14652932130000001
-0.1480974498
-0.1250363961
-0.003279560499
0.1141587738
0.2260814562
0.3208170186
0.4064009301
0.3875917266
0.3020060493
0.1743130071
0.1206264087
0.06703792011
0.06213421503
0.043509949650000004
0.002909651886
-0.052564530600000006
-0.1601431488
-0.23452560990000001
-0.2990373471
-0.2473945641
-0.1849130064
-0.24596151930000001
-0.2920048524
-0.3707183304
-0.4534192791
-0.5227404669
-0.4653182205
-0.49757536440000005
-0.5528629548
-0.5279126913
-0.5255137539000001
-0.5210760042
-0.4898154582
-0.46685387790000005
-0.4203861642
-0.2932862346
-0.21307987080000002
-0.09595931084999999
0.0505903662
0.11926860660000001
0.19503143280000002
0.2724421428
0.30425979870000003
0.3561044715000001
0.42673293990000005
0.4929969393
0.5488676361
0.5236268004000001
0.45120692790000005
0.3367968219
0.1909631277
0.06365528496
-0.08437145436000001
-0.1748285226
-0.2559797856
-0.361575018
-0.4474114389
-0.5004486153
-0.5161425552000001
-0.433193904
-0.2770336152
-0.0985064283
0.009778304871000001
0.1078564374
0.23203661670000003
0.29278965240000004
0.21115004760000003
0.11154735180000001
-0.03780809316
-0.2387438118
-0.39475636199999997
-0.48815737200000003
-0.44639914500000005
-0.37661296320000004
-0.34749874710000006
-0.3002878278
-0.2167085898
-0.1203751746
-0.01793040408
0.05035027626
0.04411622727000001
0.1146432897
0.22315846860000002
0.33861235860000005
0.47388107520000006
0.5704958412000001
0.6137914914
0.5888065986000001
0.5488111305000001
0.5118797178
0.5691730608
0.6085651158000001
0.6130354347
0.5572707840000001
0.4776363432
0.4138594731
0.38953675530000004
0.36088821990000003
0.34485936660000005
0.3596817861
0.3133223748
0.27104902470000003
0.33212284740000003
0.3968193069
0.4009734495
0.3316237146
0.2199705129
0.1489947705
0.08985935475000001
0.04822498881000001
0.06774191514
0.02817725319
-0.02298222054
-0.043926815790000004
-0.07575112287
-0.05474438127000001
-0.01836478107
0.05491987236
0.026205286230000003
-0.02601611019
-0.055204185780000005
0.038600123130000004
0.13161978900000001
0.24639904530000004
0.41102193060000003
0.5010154371
0.473030352
0.39578690250000004
0.2314930446
0.10681128000000001
0.08405409105000002
0.02829575799
-0.08247061971000001
-0.20078803890000002
-0.2555831673
-0.32199951600000004
-0.39857804370000005
-0.41372919630000005
-0.428281056
-0.43842734280000006
-0.462220713
-0.4777678953000001
-0.49322629710000004
-0.5282168994
-0.5715863208
-0.6512913936
-0.7478165943
-0.8444422494
-0.992243241
-1.0994998950000001
-1.15771734
-1.242576783
-1.3473985950000003
-1.302021459
-1.260340731
-1.26000621
-1.1940241500000002
-1.071478611
-0.9792978669000001
-0.9590198121000001
-0.8893211355
-0.7801256331
-0.7104840507000001
-0.6334820253
-0.5218457949
-0.38435462280000005
-0.2424773997
-0.06198555429000001
0.07409308572000001
0.2260942092
0.3289068351
0.4462907445
0.5715955422
0.7026269274
0.8131562955
0.9237820959
1.0756900440000001
1.234645398
1.241274015
1.0193894730000002
0.7789249872000001
0.5795380125
0.6006352023
0.6668511327000001
0.7561124208
0.8788057965
0.989268849
1.087797546
1.1681277120000002
1.1969906940000001
1.1010439890000001
0.9170862804000001
0.6749265285
0.42013512630000005
0.28107111690000003
0.2686571505
0.2635029765
0.1507499757
0.037138698000000005
-0.043226784000000004
-0.1992311919
-0.3576290436
-0.4700082834
-0.5685049017
-0.6703328979000001
-0.7621306595999999
-0.9172474587
-0.8393204484000001
-0.6658700346
-0.5526896121
-0.5255504433
-0.44740957500000006
-0.4653577548
-0.5394370869
-0.625381614
-0.6228167895000001
-0.5341753953
-0.4174082406
-0.2710608948
-0.18240174450000002
-0.1922510826
-0.09235786365
0.08530027497
0.28291961520000003
0.462954501
0.5723178525000001
0.6648016275
0.735017193
0.7007227083
0.6414847290000001
0.5903176329
0.5061387096000001
0.5455064358
0.5221846323
0.48314975940000005
0.4525410879
0.5100972408
0.5645878668
0.6290875377
0.6861769308
0.6176753685
0.5589939105
0.45602128350000004
0.29351882970000004
0.16650218700000002
0.050550272730000005
-0.00033464529270000004
-0.058395074670000005
-0.17454148200000003
-0.3063246075
-0.3937378878
-0.4467592701
-0.5531283153
-0.6717465189000001
-0.7984377639000001
-0.9201764304
-1.0537617510000001
-1.176823296
-1.253965212
-1.357230177
-1.333804878
-1.312186581
-1.33427772
-1.3088590290000002
-1.020549996
-0.7648166376000001
-0.5184483957
-0.36923957100000004
-0.31412247840000007
-0.1632396753
-0.04182852546
0.02518284879
0.01772849466
0.1140263388
0.2141308161
0.2636927019
0.41951434950000005
0.5597592867
0.630927207
0.6196845546
0.5908901445
0.5743145799
0.5525073423000001
0.49905432000000005
0.4564456641
0.5314883382
0.5805138132000001
0.5628282471
0.6052401144
0.6717278799
0.7274917458000001
0.8003641536
0.8806848039
0.9340101000000001
0.8823857598
0.8139081339
0.7328474172
0.6776009307
0.5074216614
0.32060188530000006
0.2867334489
0.30086289
0.305968995
0.3232154655
0.2829658203
0.24253969320000002
0.1895579433
0.08538486660000001
0.01232494065
-0.048368136330000006
-0.08326723095
-0.1178128026
-0.1419794433
-0.12252277980000001
-0.15813906390000002
-0.13410868410000001
-0.09584044308
-0.054837743040000005
0.023264660250000003
0.07536452058
0.040202027460000005
0.046400132610000006
0.07093976913000001
0.09264466881
0.1076146209
0.07132392873
0.03493201698
0.013828950990000002
0.05260594842
0.099484191
0.20067963840000003
0.3237737526
0.2945842938
0.2820137598
0.33404305680000007
0.3900334356
0.41239945080000007
0.5050500939
0.6362418726000001
0.7231237452
0.779974461
0.7770574575
0.7521293646
0.6801894954
0.6246540063
0.6408832779000001
0.6122719224000001
0.5563361853000001
0.4517100828
0.3092681961
0.2155902498
0.2397815136
0.2655787725
0.22968623880000003
0.1775704176
0.09593293175999999
-0.045147572190000006
-0.1384689348
-0.2291898528
-0.3343401036
-0.39505321260000004
-0.46909114650000006
-0.5591001528
-0.6298483032000001
-0.7425567666
-0.8272564047000001
-0.9133285599000001
-0.985309533
-1.050458724
-1.1009978820000001
-1.028594196
-0.9777704499
-0.9370772946
-0.8519889843
-0.7399151298000001
-0.6124534074
-0.4131810135
-0.2866388805
-0.20218929929999999
-0.1295074017
-0.1018491858
-0.05733249471
-0.030481985160000002
-0.06122866374
-0.09465486534
-0.11436380280000001
-0.1023362523
-0.06011379648
0.01720972224
0.12324146040000002
0.2452098771
0.3081511314
0.2817356463
0.2477813724
0.20182907610000003
0.1238938254
0.050191579890000004
0.00115986573
-0.059791547789999996
-0.1317334869
-0.2059596747
-0.2935827909
-0.31711815810000005
-0.36301453740000006
-0.4351985775
-0.4891405302
-0.5069660850000001
-0.40154919840000003
-0.3518705736
-0.3396616362
-0.2883449376
-0.2279346633
-0.19987835760000003
-0.27094150710000003
-0.3602664621
-0.45884636730000006
-0.5390684271
-0.5120961264
-0.5380181685000001
-0.5843270583000001
-0.6186199734000001
-0.643329009
-0.5986770282
-0.5600217042000001
-0.5368445982
-0.5095835892
-0.44458821900000006
-0.418853646
-0.44935980300000006
-0.4727958930000001
-0.48761429040000004
-0.4644121689
-0.40368532590000006
-0.34511089500000003
-0.28791535770000004
-0.16875907560000003
-0.08485271334
-0.01662297633
0.026879409810000005
0.06585061581000001
0.09445289706000001
0.1218633516
0.15339612510000003
0.1987253883
0.29998577790000003
0.44208774810000007
0.6093782667000001
0.7551472149
0.8680787577000001
0.9754879572000001
1.052043039
1.090321659
1.0469536110000002
0.9601838667
0.8941906233000001
0.8585763012000001
0.8377670349
0.7888318119000001
0.7153288173000001
0.596540214
0.45211876740000007
0.36914814180000005
0.35551930500000006
0.29529816750000004
0.21104135280000003
0.1156141854
-0.02166582645
-0.1315102113
-0.25522402320000004
-0.40883076900000004
-0.5188941621000001
-0.5975507421
-0.6591980574
-0.7244171937000001
-0.8085475575000001
-0.8935890741000001
-0.9733591872
-1.063588428
-1.138834071
-1.145771703
-1.17163773
-1.126235088
-0.9567707715
-0.7209060966
-0.49653815310000005
-0.2963292966
-0.08584561286999999
0.055090762560000006
-0.023640049710000003
-0.2170466424
-0.34817112450000004
-0.28550984760000003
-0.18130547700000002
-0.11283913260000002
0.017761279680000002
0.1411465743
0.2250221724
0.28024913700000004
0.31054477140000003
0.3463611795
0.4300729506
0.4848565032
0.4925513691
0.5270671674
0.5500960443
0.5358602628
0.5786326476
0.6298785179999999
0.6578987229000001
0.6531956127
0.599237964
0.5316924843
0.44848592820000005
0.3560720004
0.3311250723
0.3448166931
0.3624143616
0.4047609924
0.47530499670000004
0.5541272676000001
0.6263384814
0.6682507254000001
0.6737885685000001
0.659914776
0.6470066799
0.6616460448000001
0.7108835139
0.7640559702
0.8311341996000001
0.8623644327000001
0.8194417587000001
0.750305097
0.6389312841000001
0.47702939850000003
0.3435688611
0.24311544210000002
0.17953173090000002
0.11808915030000001
0.05316613866
0.018435108960000002
0.023992719210000003
-0.008938758204
-0.05299296273
-0.07550504883
-0.0994169925
-0.1501389108
-0.2148420411
-0.2345891787
-0.16178249790000002
-0.10176982290000001
-0.09423602739
-0.1412347662
-0.18816992640000002
-0.23465618100000002
-0.25520577660000004
-0.2445743853
-0.2745651249
-0.3416320728
-0.4019391459
-0.3204395298
-0.19065960630000003
-0.02306577231
0.12086361450000001
0.20816231400000001
0.24664321620000002
0.24692417460000002
0.22009451130000002
0.1768226994
0.18301163220000002
0.14873843520000002
0.10394626950000001
0.09083338965
0.14638550670000003
0.16869776310000004
0.06739536708
-0.018609795630000002
-0.03123122391
-0.07824017493
-0.15260436000000002
-0.22283405190000002
-0.2842215003
-0.31071232620000006
-0.3237346107
-0.3156129117
-0.30883920480000004
-0.27196704450000003
-0.22297305960000002
-0.2737958247
-0.3053394873
-0.22711670550000002
-0.1916927955
-0.1515523356
-0.1061200674
-0.06414056604
-0.08230466394000001
-0.09163516095
-0.0555046857
-0.10670896170000001
-0.1581022764
-0.1759833558
-0.2232792297
-0.2689987347
-0.2936033919
-0.2574039033
-0.2034075051
-0.17718606180000002
-0.1908088164
-0.2263760505
-0.2575126962
-0.28627002450000005
-0.30734926200000007
-0.3129957018
-0.29996851230000005
-0.27254956230000005
-0.24368550120000002
-0.2168548569
-0.1828997982
-0.13776104520000002
-0.08704196199000001
-0.02774724165
0.04015070154
0.04316278356
-0.01737984726
-0.06851934783
-0.11362461930000001
-0.13778360820000002
-0.14064135930000002
-0.1364069709
-0.09085105746000001
-0.0376247835
0.004669975944
0.06332267691
0.09599220378000001
0.03234005802
-0.08535328821
-0.20767240260000003
-0.33569260830000003
-0.3763375965
-0.3435869115
-0.29117845800000003
-0.23861333880000002
-0.1542939363
-0.08389541430000001
-0.08143003377000001
-0.1260639936
-0.07603867359000001
-0.035346597390000005
-0.01180740429
0.04665928338
0.01974217374
0.0001482720678
-0.0031935935070000004
-0.01954037223
-0.051741167490000003
-0.09467410275
-0.1500168744
-0.1294512885
-0.08547823818000001
-0.08253264834
-0.12898639260000003
-0.11809601730000001
-0.08377931295
-0.06466637223
-0.06579573867
-0.07528113558
-0.08118759924
-0.10654454610000001
-0.1363199562
-0.16857778680000002
-0.1545206454
-0.09327513789000001
-0.04439374236000001
-0.03247784928
-0.02584422918
0.01290311262
0.0529492788
0.08240519682
0.1240465671
0.1827019305
0.23908215870000002
0.2593354923
0.2358898866
0.20706094530000002
0.19367686800000003
0.2183279265
0.2419904313
0.2486728071
0.2286058635
0.1921910454
0.1730565423
0.11424657330000001
0.06745554162
0.03601265715
-0.01529537922
-0.09537437978999999
-0.17969232059999998
-0.17984054970000002
-0.1457684577
-0.1308828618
-0.1293813432
-0.16589210310000002
-0.20666373840000002
-0.22145241150000003
-0.2457938664
-0.268317234
-0.3355562493
-0.394363962
-0.2712652371
-0.061292261970000005
0.09352492011
0.23798255580000002
0.3664514709
0.4375640628
0.5228907561
0.607608837
0.6411957264000001
0.6694708932
0.7226034228
0.7663333617
0.8077756086
0.9033000912
0.9805739517
1.014120522
1.056504627
1.072475307
1.0341378270000001
0.9983892060000001
0.9572036868
0.9295539075
0.9042275286000001
0.8154943128000001
0.7433526519
0.6774159141
0.5971630509
0.487229346
0.3800869785
0.3235994289
0.2738179953
0.1996007346
0.12335064570000001
0.003166541451
-0.09454707306000001
-0.1308686373
-0.156153618
-0.17120039220000002
-0.1969731261
-0.22940076780000002
-0.26002905930000003
-0.31710344310000005
-0.3722447664
-0.4000664169
-0.4206640815
-0.44297829990000004
-0.45801143820000007
-0.48986725500000006
-0.5320058157
-0.5557886892
-0.5951948706
-0.6431357520000001
-0.7140847131000001
-0.7371404694
-0.7316253855
-0.7139309904
-0.6556007304
-0.5960233251
-0.5801119956
-0.5691316626
-0.5197945239
-0.47013757920000004
-0.4384813959
-0.40388191830000003
-0.37843428780000005
-0.3636330579
-0.33751785689999997
-0.3353674068
-0.37378003140000005
-0.3873116511
-0.3739332636
-0.4005357273
-0.44169073740000003
-0.47525241510000005
-0.5132332035
-0.5564168235
-0.6214699746000001
-0.6785112987
-0.717295428
-0.7474263525
-0.7617585663
-0.6986481876
-0.6331341627
-0.5418503469
-0.44893159650000003
-0.397330506
-0.37332131580000005
-0.37043197650000004
-0.38444075460000005
-0.3997505349
-0.4030347267
-0.373343094
-0.33817277250000005
-0.3143697885
-0.2780530704
-0.1968346089
-0.09196772976
-0.05107217454000001
-0.029579837940000003
-0.02637885456
-0.1304085483
-0.1508927112
-0.04331145411
-0.006029003313000001
0.02935443357
0.06536661003000001
0.1208276118
0.1977376194
0.2869963569
0.3614637726
0.46288946070000003
0.5145258672
0.5541605235
0.6134184171
0.6634761983999999
0.6811885458000001
0.7211878398
0.7330376331000001
0.7067582127
0.6809693904000002
0.7130059074
0.7500582774000001
0.7724872728000001
0.7801500600000001
0.7520245938000001
0.7108200432
0.6455192877
0.5217062967
0.39500171010000007
0.32160397679999997
0.2332261773
0.16073930250000001
0.06478793775
-0.004941273456
0.022084448580000002
-0.01056669435
-0.06066468684
-0.04837457169000001
-0.07932763305
-0.1120187223
-0.1513415187
-0.20713501080000002
-0.19437161220000002
-0.1973798487
-0.16102663739999998
-0.12436705980000001
-0.09192197592
-0.06297663897
-0.03139000857
0.00929651517
0.039889647630000004
0.1028275371
0.19676829330000004
0.30338474670000004
0.29552124690000003
0.25942123170000003
0.3144306105
0.3604806144
0.3174282522
0.2694754026
0.2433857076
0.22592528100000003
0.2040280857
0.1827051678
0.2201266881
0.2466324252
0.2164918869
0.1746823536
0.1392957216
0.09036205839
0.04313180358
0.0038315476170000004
-0.02109963249
-0.053556400080000004
-0.09734095125
-0.12796056090000002
-0.10679038470000002
-0.05990708997
-0.021325929570000002
0.02518736139
0.05059199466000001
0.09120034251
0.11893182930000001
0.1393165188
0.16684455600000003
0.1404230868
0.08068708323
0.045038818530000004
0.03303503766
0.04068194247
0.01149122799
-0.013545912870000001
-0.02947608738
-0.028462037489999998
-0.05985782415
-0.09460500111
-0.1221574554
-0.1515795093
-0.18483236819999999
-0.21257759880000002
-0.26224219530000004
-0.3217056084
-0.35297704350000003
-0.3840545349000001
-0.4350758544
-0.47513243880000006
-0.4626420525
-0.4401273177000001
-0.4651329096
-0.5092441632
-0.5213084031
-0.47655331920000005
-0.4229088057
-0.3610104525
-0.2764900431
-0.18811018350000003
-0.12436470540000001
-0.07747960563
-0.06495133311000001
-0.09675385218000002
-0.11491443810000002
-0.1134258687
-0.09731839806
-0.08754756939000001
-0.07443351234000001
-0.03472558515
0.0068296886460000004
0.04981285503
0.08570843964000001
0.10313203950000001
0.13974658920000002
0.19854017550000003
0.22585337370000003
0.2741920506
0.29813119740000005
0.2793380823
0.2625682797
0.1987125372
0.17542379340000003
0.2229586389
0.2474305668
0.2697853005
0.3051696762
0.3193962363
0.3003729786
0.27230754960000003
0.256239162
0.2230688052
0.1798211259
0.1395499968
0.1103820219
0.1381554072
0.1832983785
0.2101418739
0.22494545820000003
0.1792328202
0.1903239081
0.22311540270000002
0.19563013710000002
0.1802467818
0.1542276207
0.1208162322
0.0708091686
0.041967778409999996
0.006251933601
-0.03522128445
-0.05382345771
-0.03212184438
0.0026706950010000003
0.066763917
0.10186743240000001
0.04225099311
-0.002959749594
0.001326402252
-0.01537212285
-0.05516524989
-0.10381383450000001
-0.1091937366
-0.143637039
-0.17731594620000002
-0.20472626340000002
-0.1732229199
-0.1297847304
-0.11891731050000001
-0.0934592814
-0.058222379430000006
-0.07064354637
-0.08681718546
-0.09816543270000001
-0.1156644126
-0.14971668840000002
-0.16684710660000002
-0.1462774986
-0.16798241790000001
-0.18389119680000002
-0.1965058758
-0.2023153578
-0.19268645040000001
-0.19096852320000002
-0.21004240050000003
-0.22116164310000003
-0.1894274703
-0.15063873030000002
-0.1518657651
-0.18521358480000003
-0.1859473728
-0.1621801953
-0.1959141366
-0.2270224314
-0.2411675685
-0.2718482454
-0.2814631245
-0.24572882610000002
-0.2061491058
-0.18135835290000002
-0.16410560400000002
-0.1374846975
-0.09049895694
-0.01163737737
0.07240088034
0.1352025972
0.1714851765
0.20593966230000002
0.2429615232
0.2761668036
0.3225084588
0.3745246104
0.3980814615
0.40489637040000004
0.4300652988
0.4478839866
0.4375076553
0.4275917073
0.4043909592
0.3798259344
0.37848402450000007
0.4001034987
0.4236490683
0.39754308870000005
0.36406038150000003
0.3239567091
0.3250568025
0.3137397903
0.2904292683
0.2855270151
0.271281816
0.23916976200000004
0.22132645110000002
0.19932919380000003
0.1431330012
0.08772385509000001
0.04881768939
-0.008090801424
-0.07782636951
-0.1708339887
-0.20454507270000002
-0.1798917579
-0.1767751209
-0.17447791320000003
-0.1517569722
-0.1340520804
-0.1335105684
-0.1366975431
-0.148566564
-0.1809704655
-0.21991940280000002
-0.2534556726
-0.29150434620000004
-0.34705994580000005
-0.3753123534
-0.3609023463
-0.3225862521
-0.2737407906
-0.20569931730000002
-0.1530788697
-0.1373769837
-0.1789979688
-0.23352410700000004
-0.2666079396
-0.2748241089
-0.2538600408
-0.22397760360000002
-0.20893338000000003
-0.19135925550000002
-0.12253504230000001
-0.012865707090000001
0.03304879128
0.07989444504000001
0.1452377367
0.1894290399
0.15108694920000001
0.1451528802
0.18701676090000002
0.1351255887
0.054817426530000005
0.002370637512
-0.0940333626
-0.21025331550000004
-0.2672811999
-0.30861210330000005
-0.31397895810000004
-0.28690541820000004
-0.24938256060000003
-0.22594578390000003
-0.2745284355
-0.25050276450000003
-0.2245809186
-0.2543776164
-0.2830360599
-0.26796789990000003
-0.21566872980000001
-0.1981244277
-0.23981006070000002
-0.2645908074
-0.29327966190000004
-0.33436070460000006
-0.3820525101
-0.34545718799999997
-0.3050120295
-0.2616512409
-0.1885039569
-0.14447157570000002
-0.11960548200000001
-0.03868309611
0.05243102631
0.11762798220000001
0.16501656060000003
0.19879739370000002
0.2448047241
0.2757536064
0.2920994208
0.3362766957
0.4050937476
0.46005888330000005
0.5102000496
0.5772823992
0.6190316991000001
0.6310653318
0.6111883098
0.5836681206000001
0.5949135198000001
0.6082245126
0.5770204722000001
0.5002164126
0.42261372090000004
0.3765904983
0.3086694918
0.2336665482
0.17776494990000002
0.154600695
0.19812011129999998
0.2316614823
0.19994889150000003
0.1374119073
0.08902336616999999
0.02767963113
-0.045967178069999996
-0.1027741707
-0.14672355930000003
-0.1635780222
-0.151596873
-0.1401203502
-0.1339142499
-0.1536995484
-0.1795093641
-0.1620549216
-0.1337586633
-0.1126638279
-0.07038539622000001
-0.0547411734
-0.08921308176
-0.11267873910000001
-0.1563930801
-0.17918033670000003
-0.1859677776
-0.1542447882
-0.1120907277
-0.08388115056
-0.014910258240000002
0.05888036556000001
0.1420009272
0.2234770974
0.2645627508
0.2737920969
0.24717119040000002
0.2110162392
0.1672290099
0.1104057621
0.034829786970000005
-0.001801112076
0.011479701240000001
0.02585975841
0.0355908762
-0.004622038398
-0.046635857100000004
-0.09109582677000001
-0.1484295183
-0.1767533427
-0.2000388492
-0.22216226310000003
-0.2291510052
-0.2081056122
-0.1694519559
-0.16524346590000002
-0.16830644220000002
-0.1428339924
-0.1344238794
-0.15604727760000003
-0.1862947449
-0.21975076890000003
-0.23502356550000003
-0.2716766685
-0.33664378590000005
-0.3782270025
-0.3669980841
-0.31509464940000004
-0.2285108046
-0.1429031529
-0.05630541714
0.00794542311
0.03916545381
0.07707127419000001
0.1274431815
0.1730220111
0.20967570270000002
0.24630173010000003
0.2643648831
0.27038272950000003
0.2635504569
0.2475635904
0.2226083238
0.2093442228
0.22642274610000002
0.25722742140000004
0.2600342586
0.26863291980000004
0.2838000627
0.3096795294
0.3387425373
0.3583129968
0.37281031290000005
0.3653310708
0.3411327438
0.30283263990000003
0.2462284494
0.1793360214
0.1323311121
0.09304010991
0.06291483597
0.03910483782
0.013903938630000001
-0.011431337940000001
-0.03379328199
-0.0682584705
-0.0930689415
-0.08226369738000001
-0.1003852395
-0.1485359568
-0.1776811725
-0.17643755880000003
-0.1523705877
-0.12486687930000001
-0.11944695240000001
-0.13679201340000002
-0.18277354350000002
-0.22788296460000002
-0.2329476714
-0.2657683998
-0.30542022360000004
-0.33710583689999996
-0.3617863254
-0.358235694
-0.3242455155
-0.2812757535
-0.218389239
-0.1395280224
-0.1132857819
-0.17554396590000002
-0.2276387937
-0.26239846860000005
-0.29575962990000004
-0.2875081446
-0.2540184723
-0.2110198689
-0.1936853046
-0.1745700291
-0.1108268073
-0.029769994980000002
0.057491907210000005
0.1289972817
0.2065278699
0.2670680286
0.2998637415
0.35361253530000003
0.3764683638
0.3728518092
0.3753177489
0.37926490050000006
0.3794316705
0.3781389087
0.36385074180000004
0.3724699059
0.384272415
0.3638472102
0.3340684647
0.29191126500000003
0.2726112672
0.2536259742
0.21947530410000002
0.18852524460000003
0.1667058426
0.1435077432
0.10752093540000002
0.05009269509
-0.02746199628
-0.048893530500000004
-0.025076233710000003
-0.05846754114
-0.08517545253
-0.1141929126
-0.1605587004
-0.1862579574
-0.19379674620000004
-0.19227913920000003
-0.1935711162
-0.18325580310000003
-0.1605109257
-0.14800543200000002
-0.1521601632
-0.14905039320000002
-0.1403029143
-0.1437678063
-0.1673809668
-0.2076102072
-0.2344400667
-0.2544720867
-0.2726937693
-0.2621348739
-0.2065724073
-0.20998000890000001
-0.2020524498
-0.1703092518
-0.143378055
-0.1350929214
-0.16134291180000002
-0.1767512826
-0.1401755805
-0.1085480424
-0.09802480635000001
-0.10991065140000002
-0.09252344664
-0.038307078810000006
-0.020429246520000003
-0.03324706119
-0.05222316222
-0.06496596963
-0.07610692176
-0.09382655799
-0.11156540220000001
-0.0825152454
-0.03439386
0.02653269498
0.07235926632
0.1274202261
0.1862876817
0.2208653811
0.2379933468
0.2697835347
0.2810883825
0.2436943302
0.22086567540000002
0.1914849216
0.1834095258
0.19334852730000002
0.1709266932
0.1304728038
0.08850320073000001
0.02641692717
-0.03717090423
-0.06637319451
-0.024295377330000003
0.008081712459
0.03759184152
0.07802608149
0.10864575
0.08172380403000001
0.04822465527
0.034568585910000005
-0.004315412133
-0.05613188805
-0.08065992915
-0.05784031917
-0.01789430328
0.01643919579
-0.036547508160000006
-0.012293882190000001
0.05350932189
0.05210495172
-0.02494574109
-0.1048434921
-0.14720218920000003
-0.1318626846
-0.10360164420000001
-0.09186962976
-0.08399954745000002
-0.1474075125
-0.1251778563
-0.06853583844000001
-0.001229305815
0.023472848070000003
-0.02859772941
-0.004945541787
0.028756455210000004
-0.005688998523000001
-0.04787327088
-0.03093609006
0.006498410832000001
0.026718270750000002
0.0437542677
0.0834920271
0.13141701630000002
0.16241887259999999
0.2073437676
0.2486845791
0.2906971794
0.2981320803
0.2799161856
0.24551437950000002
0.19465060860000002
0.1263173859
0.07510776345
0.06479397090000001
0.05473384533
-0.0007299136386
-0.040588315830000006
-0.09414390168000002
-0.1714595724
-0.2031545052
-0.2636135352
-0.3327742314
-0.3875341419000001
-0.4134232224
-0.386457102
-0.41915922750000006
-0.4355539938
-0.39605530410000006
-0.35550135270000005
-0.3232555884
-0.2975682015
-0.249569343
-0.22902602580000003
-0.16290662580000004
-0.07896297573
-0.06648959016
-0.09041442417000001
-0.07100891001000001
-0.02153331297
0.019463020379999998
0.05231003958
0.09133644645
0.1180758087
0.12449145060000001
0.1302411897
0.14089749840000002
0.158684598
0.17568679950000002
0.18794831850000002
0.2127973428
0.2520356751
0.280947609
0.3051118953
0.3318879960000001
0.33118079310000004
0.2672657982
0.1852705809
0.1325430081
0.09640753956
0.08512669683
0.1228387599
0.1222363278
0.09738334026
0.1345417956
0.11579341410000002
0.08217781083
0.07124619429
0.1157497596
0.1236606417
0.07662028887
0.032115546360000004
-0.030622238730000004
-0.09513885150000001
-0.1628200035
-0.1915566327
-0.20465759340000003
-0.2234156868
-0.23099979780000002
-0.2205692172
-0.21754626570000002
-0.212140269
-0.1943581725
-0.1715104863
-0.15445638990000002
-0.1751371452
-0.20622503520000002
-0.23116980510000001
-0.2692557567
-0.2637411633
-0.2268276048
-0.1964342628
-0.18071883900000002
-0.1633509207
-0.1306334916
-0.1088202699
-0.0992061756
-0.08021047419
-0.060065305650000005
-0.046380738240000004
-0.007853296419
0.03767800275
0.08222144571000001
0.1159449786
0.14761626930000002
0.1732071258
0.18824448240000002
0.21201813449999998
0.2322962874
0.24189527430000002
0.2772310905
0.300527388
0.32064289110000005
0.34649704800000003
0.3884468643
0.3810605229
0.3541983885
0.34630791120000004
0.31115603250000007
0.229808079
0.16016316120000001
0.08151219252000001
0.025999560720000002
-0.007576600464
-0.020376449100000003
-0.023673796110000003
-0.01809506493
-0.046491208650000004
-0.06952514751
-0.09819093870000001
-0.10772194230000001
-0.12134410830000002
-0.1341287946
-0.1547388198
-0.174390408
-0.1824511869
-0.211131801
-0.24251811120000002
-0.28027856700000003
-0.2617875018
-0.21394462230000003
-0.2403879678
-0.23953910850000001
-0.2029172994
-0.17827968060000002
-0.2097904797
-0.2286648216
-0.2291320719
-0.22001622750000002
-0.18312228900000002
-0.1699654113
-0.16000806509999999
-0.1167126111
-0.05657609466
-0.015187626180000002
0.016311891420000002
0.07397977041
0.10509727680000001
0.07406913951
0.07239180609000001
0.057730800330000005
0.02504964861
0.0053313887070000005
-0.018126103770000002
-0.00589690872
0.00022770177390000004
0.0005302218672000001
-0.01754395875
-0.050465739960000006
-0.08368280217000001
-0.1029456495
-0.06455151675
-0.036588612060000004
-0.06401101518
-0.08999483085000001
-0.10513690920000002
-0.08905264902
-0.1289589246
-0.1578936177
-0.123683499
-0.1216898127
-0.1390301649
-0.11830948290000001
-0.104925798
-0.05518573317000001
0.004310704314
0.036079924320000005
0.07740036045000001
0.11655859410000001
0.15473774070000001
0.1868178141
0.19975465350000002
0.2150937657
0.24610278330000002
0.2680816959
0.2972936196
0.3177320679
0.3339631053
0.3199792446
0.29514101130000003
0.2717228736
0.2939720517
0.3273912882
0.3605895054
0.38078858970000007
0.3748085118
0.3507628284
0.3030933897
0.22565383830000002
0.1953796878
0.1617196158
0.11892859200000001
0.05286301947
-0.021447004590000002
-0.0760753728
-0.0984123504
-0.1325606661
-0.1807509177
-0.20587344480000003
-0.2005469091
-0.20373908310000002
-0.21565764450000002
-0.2330162433
-0.2584575954
-0.2763844875
-0.2438213697
-0.23616064260000003
-0.23008609440000002
-0.22093091190000003
-0.19767660120000002
-0.19054453500000001
-0.17199578699999998
-0.1449844425
-0.1239938874
-0.1053158436
-0.06946090182
-0.028551769560000002
0.009329372784000001
-0.004056796989
0.023019792840000004
0.048459555720000005
0.02179122768
-0.030397432770000003
-0.05351397183
-0.06399300402000001
-0.0361460241
-0.02353355235
-0.0001164596112
0.02852873568
0.027648239130000002
0.02212777935
0.005762257641
-0.012271113180000001
-0.02844538011
-0.03785313087
-0.06057740727000001
-0.03302465868
-0.02227290849
-0.01309223961
0.013597945110000002
0.023927924160000003
0.005998791456000001
-0.007478044299000001
0.01288162872
0.041295302910000005
0.06776004402000001
0.09175682456999999
0.1155782808
0.1458509598
0.17362925010000002
0.1852106418
0.20952845460000002
0.22578695999999998
0.2404144548
0.2166556158
0.17801137710000003
0.1611491643
0.1218015486
0.07353354294
0.0451644552
0.06314375232000001
0.09217391634000001
0.1054213992
0.10977448860000001
0.114493491
0.1148155533
0.10140332130000002
0.08169013610999999
0.04336729263
0.04712722038000001
0.03904158294000001
0.020129462730000002
0.015022926090000001
0.005642120457000001
-0.01369709478
-0.02013422058
-0.0004785404328
-0.0018797451120000001
-0.03936165381
-0.05558381316
-0.051777150570000006
-0.05873461839000001
-0.09221965056000002
-0.12438197100000001
-0.16318836900000003
-0.1915166079
-0.19699784730000003
-0.1752679125
-0.16404850980000002
-0.1434047382
-0.12038174730000001
-0.10736113050000001
-0.1156319415
-0.1399794786
-0.1407250386
-0.12165371190000002
-0.09649854693000001
-0.06739863381
-0.07193886858
-0.1002243555
-0.1124766531
-0.13687363260000002
-0.128845521
-0.1130633892
-0.13398135030000002
-0.09797632533000002
-0.06864746643
-0.053109809640000005
-0.032941411020000005
-0.03250627866
-0.0432722043
-0.05588189982
-0.1077823719
-0.05488090704
0.01697801004
0.033959149470000005
0.06124297653000001
0.045460089360000004
0.023220976320000003
0.06991352541
0.1118922714
0.14043603600000001
0.18797196060000002
0.22048838280000002
0.2260062135
0.2117068632
0.1937736927
0.1616562432
0.10791343350000002
0.11559172050000001
0.1406526408
0.10195022880000001
0.05329009782
0.004127245542
-0.02025063585
-0.02221031088
-0.05843912157
-0.09146544795
-0.13885024950000002
-0.09175119363
-0.06484276584
-0.052216913250000004
-0.07477749018
-0.1133803503
-0.1446930855
-0.10724095800000001
-0.026220874320000004
0.002142625644
-0.02299706307
0.007155803457000001
0.04807636731
0.06923958822000001
0.04605056307000001
0.01059650694
-0.026134399170000003
0.01309760568
0.05905082412
0.0707655141
0.09259065495
0.1341999171
0.16396218180000002
0.12998622780000002
0.0969662583
0.059573697120000005
-0.007691242086
-0.02934100368
-0.03288189375
-0.07689753909
-0.11120380560000001
-0.08762719716
-0.07490709990000001
-0.1055789478
-0.1286778681
-0.12339616410000001
-0.09693907479
-0.07902857519999999
-0.05326560225
-0.03716291889
-0.0172463724
0.008170401726
0.03145745232
0.0458850978
0.03130614288
-0.008776008342
-0.04185901494
-0.04711276044
-0.005609913246
0.02933591229
0.06578933274000001
0.11175552
0.15973132499999998
0.16448799779999998
0.1687375917
0.1931679252
0.2130952725
0.2429396469
0.2687265072
0.22431094740000002
0.17511909479999999
0.2077054623
0.22034947320000003
0.2073241476
0.1902101121
0.18460791540000002
0.20932362180000003
0.191565756
0.1727558658
0.15949578690000002
0.1372902633
0.06870116637000001
0.008508890871000001
-0.01637915859
-0.04433561811
-0.04022663094
-0.03111273873
-0.056308850640000005
-0.1040245533
-0.15318942840000002
-0.19422210780000002
-0.21484312020000002
-0.2250517986
-0.2556795996
-0.2825596863
-0.30722281110000005
-0.2733766434
-0.2442923478
-0.2458148598
-0.24115903380000003
-0.23281445160000003
-0.2147798457
-0.2050798158
-0.1949849334
-0.1518767523
-0.1267843419
-0.09974288070000001
-0.07542567612000001
-0.05026888269
-0.02232439137
-0.006496556742
0.000675606852
0.012529498770000001
0.01325976498
0.001810203984
0.0072904506120000006
0.03695517252
0.05096567718
0.10423782270000001
0.1477436031
0.1630334691
0.1399271913
0.1164321432
0.08740565793
0.03564629289
0.04843466775
0.033883239690000004
0.01027757403
-0.01475215047
-0.05989217877
-0.06265535166
-0.008058917943
0.01080876591
0.039041337690000004
0.08536121469
0.1137888387
0.09595597545000001
0.07874455608000001
0.07730194653000001
0.04121556723000001
0.018548188830000003
-0.002092470057
-0.02045643984
-0.03240225342
-0.020660252400000002
-0.01535308164
0.008154480096
0.04612368681
0.1122274791
0.1488661614
0.13395790440000002
0.1071419751
0.07376618709
0.03703051332
0.0702874728
0.09577180251
0.08422658028
0.055291102380000005
0.025623906390000003
-0.0125288415
0.03580004502
0.052446025800000004
0.04703582061000001
0.02394625905
-0.03282829191
-0.06117389451
-0.07981171731
-0.1009325394
-0.14502446730000002
-0.15750857520000003
-0.1553689161
-0.1512232101
-0.1369435779
-0.1090971081
-0.06862406958
-0.04255755561
-0.06392289195
-0.07897222656
-0.05570927325
-0.01655678826
-0.0005833485108
0.03325126968
0.05686533270000001
0.08133729003000001
0.1205520489
0.1595177613
0.1986938982
0.21112562070000002
0.1730000367
0.1579862241
0.1334847681
0.1159754877
0.1476801324
0.125653347
0.09287052444
0.07883935992
0.1164379311
0.1405994706
0.11384828730000002
0.08804777148
0.09268558632
0.11487421710000001
0.11839983300000001
0.1267362729
0.09492534666
0.04923055305
-0.0016450389
-0.03552876909
-0.07655234481
-0.10661547240000001
-0.1502720325
-0.189290817
-0.23478557490000002
-0.2638373013
-0.238620402
-0.20988436140000002
-0.21006780840000003
-0.1741120002
-0.1621369332
-0.1895768766
-0.21614294520000002
-0.19528737570000002
-0.16188226560000002
-0.1334696607
-0.145331226
-0.15616695960000002
-0.135153351
-0.10388839050000001
-0.05510497725
-0.02129352714
-0.06512508783
-0.03505189518
0.018177488550000002
0.0370426581
0.01529214192
0.004020092874
0.0009777994875000001
0.01018714545
0.0289617687
0.0674637624
0.10323690840000001
0.07527033477
0.054951156450000004
0.047342677410000006
0.0307025532
0.0024824862270000003
-0.004948498521000001
0.007667626473000001
0.022832647470000002
0.038244598920000004
0.04508639703
0.030549262140000002
0.02610387045
0.0267124338
0.01094218191
-0.01571835699
-0.028158427800000004
-0.06906548034
-0.05689419372
-0.02081987091
0.0020695097520000002
0.0175104576
-0.01270050669
-0.038452698449999996
-0.026690429970000002
0.0025994999069999998
0.01703825325
0.04341947202
0.05137654941
0.04710297987
0.043814226420000005
0.04385715498
0.01673302491
-0.0005816586402000001
-0.020626545240000002
0.0008835764976000001
0.02246438007
0.06558442146
0.09786184263000001
0.06634516734000001
0.02172014442
-0.002247485715
0.014871420450000002
0.028059582240000002
0.03950671428
0.05945197464
0.07232143896
0.07821515943
0.0501376347
0.01325494827
-0.018176301540000002
-0.017221533480000002
0.0027591586380000003
-0.008844198633
-0.004735693134
0.02510557542
0.02554153182
-0.0037957430790000004
-0.02991769434
-0.05400839583
-0.08309578158
-0.1085083119
-0.1231195221
-0.1191653073
-0.1003539456
-0.09093528612
-0.10772419860000002
-0.12771737100000002
-0.14992623
-0.1638670248
-0.1488034755
-0.1344103416
-0.1244005119
-0.10959565230000001
-0.1048119039
-0.10307729970000001
-0.0924881895
-0.07203970557
-0.053425083420000005
-0.03217978224
-0.005409059382
0.01855607607
0.024206949990000004
0.06198066891000001
0.12370547340000002
0.17493810029999998
0.21533312970000001
0.2543838948
0.24383147400000002
0.21500577
0.17838141030000002
0.1711871487
0.1757627289
0.17051535990000002
0.13948907670000002
0.117950535
0.1186358616
0.1272804336
0.1403334234
0.10685199150000001
0.05045751918
0.01782051246
0.010628928990000001
-0.002895785451
-0.01386090216
-0.01856380635
-0.03240305784
-0.04514975982
-0.004584425877
0.03372363099
0.0016037662680000002
-0.032448546810000006
-0.02875886847
-0.01064161332
0.015816044970000002
-0.01459169811
-0.03738789162
-0.009391476951
0.03172012488
0.059091408090000005
0.07802468847
0.09658789641
0.07243061445000001
0.1003060728
0.1277456238
0.12531431340000002
0.12786599250000003
0.11538669150000001
0.09159558741
0.05971765887
0.0201185442
-0.005485627413
-0.02880898776
-0.04528085085
-0.06948420057
-0.09574225479000001
-0.1351881765
-0.1594641987
-0.12637398960000001
-0.13288164930000002
-0.1302914169
-0.14148727560000002
-0.16136184509999998
-0.17222749920000002
-0.1932814269
-0.18524585970000002
-0.1571605164
-0.1308012426
-0.0987639408
-0.06351371685
-0.07909080984
-0.06175117377
-0.007990767873
0.03394266867
0.05391015849
0.04852279098000001
0.03303554778
0.01665323037
0.015385238820000001
0.02388691836
0.030768358680000003
0.01849808916
0.00011298589020000001
-0.0014171221890000002
0.02101842531
0.047824623090000004
0.08333088804000001
0.1094086737
0.1089847836
0.08011642572000001
0.026540729370000002
-0.009684529119000002
0.03492587592
0.04651339887000001
0.007397248158000001
-0.02259503946
-0.010773999270000001
-0.01909229067
-0.046728836280000005
-0.06284153565
-0.08251561818000001
-0.07562427957000001
-0.04983730155
-0.02854882656
0.007729052769000001
0.022887406890000003
0.009468841554
0.04910777109000001
0.09985912920000001
0.063721836
0.08746973685000001
0.13947141870000002
0.1635411366
0.1470455235
0.1103879079
0.08000653410000001
0.029532504690000003
0.04368169332
0.05194363608
0.02486688831
-0.027263844090000003
-0.02544149925
0.008518301604000002
-0.017958342960000002
-0.05940093321
-0.06613035777
-0.07631537445
-0.10393606710000002
-0.1489119741
-0.1976476617
-0.23375562300000002
-0.23283672030000002
-0.2011065696
-0.1696981869
-0.1473523803
-0.137861892
-0.16184341800000002
-0.17488237950000002
-0.19120994730000002
-0.2125703394
-0.20634599250000002
-0.1833180966
-0.16776865800000001
-0.14368922820000002
-0.1155660183
-0.06916509108
-0.021801793050000004
0.01547791389
0.04272306012
0.05816650167
0.030116611710000005
0.008697141828
-0.0073247846310000005
0.03796216902
0.08029782243
0.09716017257000001
0.08297560908
0.06228610326
0.006481725003000001
-0.05205603906
-0.08474876658000001
-0.03354289155
0.025224168510000002
0.040537568700000005
0.031896126090000004
0.008142551136
-0.026040095640000004
-0.06763731111
-0.043748479800000004
-0.02368387098
-0.007353384705
0.036665041770000004
0.07688854332
0.09695149425
0.08972156349000002
0.07047940545
0.03540541815
-0.006951389544000001
-0.025556904090000002
-0.02777585742
0.005650219593
0.03659809833
0.07054034517
0.1002932217
0.1082625714
0.1233410319
0.10006827840000002
0.07255688877000001
0.05028122367
0.008263094454000001
0.06113564532
0.09453825387
0.1136897577
0.09437562369000001
0.07047227358000001
0.09703714536000001
0.1026097551
0.07684812612
0.033472053540000005
-0.005855903901
-0.02207342214
0.0036108932490000003
0.0118134963
0.03404512431
0.04107524499
0.009729844452
0.023555212830000002
0.06170928507000001
0.0524092383
0.01957672809
-0.023636017800000002
-0.03944913939
-0.04293048276
-0.053321960700000004
-0.06340616001
-0.08896263246000001
-0.1224175185
-0.14546405340000002
-0.12004899210000002
-0.08018869599
-0.044150601510000005
-0.007368059484
0.026557327890000003
0.021136606380000002
0.008077692321
0.02209149216
0.03284646003
0.01612232298
-0.02211562476
-0.022806160470000003
0.01300353759
0.03885503598
0.06359453163
0.0746782326
0.0436206555
0.016447750110000003
-0.009610595073000001
-0.04076264934
-0.058187043810000005
-0.06813197055
-0.07368129135000001
-0.08752755699
-0.09371486133
-0.05709971322
-0.02387856024
-0.013728938040000001
-0.059635490310000004
-0.08135673345
-0.10806234930000001
-0.12519855540000002
-0.07343729703
-0.03378471786
0.00775361799
0.03226799376
0.010190981160000001
-0.01564631235
-0.04234253022000001
-0.0983621232
-0.09614980143
-0.1048324068
-0.11512672650000001
-0.09100973421000001
-0.04917619584
-0.014063606190000001
-0.004161472632
0.01962405153
0.030395058750000002
0.05184762561
0.06103790829
0.02574227385
-0.01825700841
0.02177519814
0.04641285618
0.024983274150000002
0.02416800429
0.01579355064
0.02281470498
0.042522681060000005
0.05887466595
0.07527878118
0.09973630800000001
0.11924378730000001
0.1314129942
0.14686433280000002
0.1276717545
0.10018639080000001
0.08968540383
0.11095973280000002
0.1194637275
0.10292239980000001
0.09003146139000001
0.07546039371
0.051551697150000006
0.03234665034
0.039980586330000005
0.03855524238000001
0.0261412956
0.009472021956
-0.007842680037
-0.01282756581
-0.024073965630000003
-0.03868648056
-0.06312114027
-0.07876595169
-0.049324905630000006
-0.009251637363
0.023084892000000003
0.023043297600000002
0.005582578662
-0.01377561402
-0.02216800035
-0.019690494660000002
-0.003907982232000001
0.014265152640000002
0.048045289229999996
0.09622731024000002
0.1078041501
0.08464441761
0.06302411937
0.08154660600000001
0.06322840281
0.08207569854
0.0684077787
0.05578654662
0.054879641550000004
0.07382389932
0.08925396003000001
0.06389357967
0.04692326067000001
0.06739032474000001
0.08162458569
0.09494471160000001
0.1009074258
0.07699312773
0.06167479311
0.07078859703
0.052368860340000004
0.02606011785
0.007590629745
-0.01818599382
-0.03935849499
-0.05351715027
-0.03083338917
-0.011749299660000002
-0.006699557034000001
-0.02839863546
-0.042551571510000004
-0.04399092414
-0.04679097282
-0.05782903767
-0.06543538794
-0.06380775198000001
-0.06101230419
-0.07757574363
-0.0910811412
-0.1110115296
-0.1203317163
-0.10438624800000001
-0.08880436773000001
-0.07685096121000001
-0.06017129289
-0.05234412933
-0.041448437010000005
-0.026709687000000003
-0.008336975526
0.0064059388290000005
0.01503759204
0.03394598445
0.05445062082
0.06675845283
0.06002003250000001
0.06693387525
0.06253036245
0.045286226730000004
0.03430996488
0.022037949180000002
0.015334207200000002
0.006177701331000001
0.007168575096
0.03051621225
0.054139261230000006
0.056071105290000006
0.04104681561
0.022190681070000003
0.00998015445
0.00278071317
-0.0021773226330000003
-0.018710563950000002
-0.02910415104
-0.032013944190000004
-0.029730195810000002
-0.02658768003
-0.019367058960000003
-0.01844333955
-0.02747443536
-0.033901515720000004
-0.03719941209
-0.035608210470000005
-0.03184112142
-0.028367792820000005
-0.02024001162
-0.01001362617
-0.00243279171
-0.01316209662
-0.01126899225
-0.005372503398000001
-0.00116102331
0.01263668283
0.005686960005000001
-0.00810693495
0.002006725752
0.01792558737
0.023025188340000002
0.025112363940000004
0.02807040267
0.02343754188
0.01789692255
0.01622098215
0.007742804427
0.002765339919
-0.005423758686000001
-0.0005329456137
0.00688546242
-0.0025983011250000003
-0.009927013680000001
-0.004947686253
-0.001498708035
0.005403797298
0.01241726256
0.01620924939
0.01464502527
0.006842165985
-0.0017146830330000001
-0.0060395255190000005
-0.01162414368
-0.0193607217
-0.01493899173
-0.0159887304
-0.02032862535
-0.01793867391
-0.01502641845
-0.010146120029999999
-0.006886015704
-0.003906947277
-0.004889752317000001
-0.0035529769710000002
-0.0008402251266
-0.003339238653
-0.008747225802
-0.01267380387
-0.009762405804000002
-0.0040367335770000005
-0.001996085826
-0.003643750863
-0.009639733716000002
-0.01606969233
-0.017495762220000002
-0.012505797810000002
-0.01413479736
-0.01777938894
-0.01993164408
-0.013770532440000002
-0.009466656867
-0.0052722226350000005
-0.005395197852000001
-0.01015019118
-0.01256797359
-0.006955880562000001
-0.0027431830530000004
-0.0012734410050000001
0.001434911643
0.0031904032950000006
0.004706750691
0.002265367383
-0.000564458571
0.00229850262
0.003475112058
0.001473220674
0.0018393033870000002
-0.001045780335
-0.002411599167
-0.002281689261
-0.0025988710860000005
-0.003182480739
-0.0038908206180000003
-0.006543076743
-0.007342230735
-0.006788165859
-0.004774753611
-0.002896819425
-0.0007965412947000001
-0.001673346636
-0.002571373656
-0.002543822271
-0.001228330701
0.0005753461014000001
0.0016832537550000002
0.0029222577360000002
0.00375233481
0.004909942278
0.004343823855000001
0.0032536287450000002
0.0032823681210000003
0.003574035117
0.002967180669
0.002366209278
0.0030632205690000005
0.0038899073070000002
0.004659452757000001
0.004107579435
0.003288632787
0.0037340421030000004
0.003310241274
0.0023695446780000002
0.001583013213
0.001126486224
0.0015115964130000001
0.002130386688
0.0025044822089999997
0.0026887640400000004
0.002308482333
0.002167986456
0.0018617104080000002
0.001205369415
0.001242349191
0.001530390411
0.001708897095
0.0018193096260000002
0.001889931816
0.001903832586
0.001710901278
0.0014250015810000002
0.001337340402
0.001250921169
0.001015127028
0.0007011984933000001
0.00034894307340000005
2.7460877940000004e-05
-8.506194102e-05
4.6386683100000006e-05
4.466677428000001e-05
-0.00015776108460000002
-0.0003071394261
-0.00044174253420000006
-0.0005343447159
-0.00047206465560000003
-0.0004379035869
-0.0005582256894000001
-0.0006492965301
-0.0007379623512
-0.0008030196225000001
-0.0008360190891
-0.0009240219504
-0.0009990150840000001
-0.0010413442530000001
-0.0010779228
-0.001088917848
-0.001099180089
-0.001114863336
-0.001177825878
-0.001222516314
-0.0012512576520000002
-0.001276667514
-0.001301694786
-0.001332868023
-0.001369218978
-0.0014208921720000002
-0.001477418373
-0.001528121358
-0.001576274724
-0.001622412135
-0.001669468743
-0.001715548275
-0.001764696375
-0.0018158045130000002
-0.0018694622700000001
-0.0019227541140000002
-0.0019755270090000003
-0.0020268480240000003
-0.00207776781
-0.002128135293
-0.002178541035
-0.0022284641250000002
-0.00227812725
-0.002326925133
-0.002375147169
-0.0024228100350000004
-0.002470102083
-0.00251689284
-0.0025632862920000003
-0.002609249085
-0.002654830269
-0.002700015129
-0.0027448124940000003
