0.02403436266
0.02397427641
0.02391106077
0.023844970800000004
0.02377625175
0.023705600130000004
0.02363379093
0.02356239375
0.02349246807
0.02342394522
0.023355706860000002
0.02328794919
0.02322012285
0.02315185506
0.023084725230000002
0.023021578259999998
0.0229633461
0.02290854744
0.022851100080000002
0.0227773485
0.02267111601
0.022527281790000003
0.02235588147
0.02217902679
0.02201951619
0.021889847610000002
0.02178898119
0.02170520379
0.021623398199999998
0.02152728963
0.02140303617
0.021252884309999998
0.021097317330000004
0.02096163522
0.02085885585
0.02077603983
0.020683011600000002
0.020553961050000003
0.020382923700000003
0.02017748268
0.019928426399999997
0.01962993753
0.01931697891
0.01903224366
0.0187898778
0.01859609106
0.01846179216
0.018396712620000002
0.01840370715
0.018475938180000002
0.01859503158
0.01874351574
0.01892784564
0.01915241616
0.01935352116
0.019442419380000003
0.01938930804
0.01923362334
0.0190435644
0.018839339820000002
0.01858453488
0.01824119469
0.0177819003
0.01719365346
0.0164891385
0.01571641461
0.014955639300000002
0.014284252710000002
0.013721570730000002
0.01325728305
0.01289646144
0.01265441931
0.01254186918
0.012549275730000002
0.0126041823
0.0125582715
0.01234188252
0.012056372280000002
0.01178919693
0.011526239880000002
0.011233195560000001
0.010881644400000001
0.01044260766
0.00989500365
0.009236422053000001
0.008496039771
0.007743073221000001
0.007087962402
0.0066662874
0.006589814526000001
0.006851121534
0.007327564785000001
0.007949162681999999
0.008716054527
0.009567751860000001
0.01036194003
0.01089639864
0.010952727660000001
0.010439802
0.009617301189000001
0.008888396607
0.008296763355
0.007645534353000001
0.00680582484
0.005827264587
0.004874867604000001
0.0039909042
0.0031024105380000003
0.002180620755
0.001263019842
0.00043944846570000005
-0.0001538725968
-0.0003602970693
-5.875003971e-05
0.0007056621414
0.001632213306
0.002378898513
0.00275614893
0.002642996466
0.002021803722
0.001129717638
0.0002781069273
-0.0004285713339
-0.0010037866680000002
-0.0014608110240000001
-0.001824386301
-0.0021392068590000003
-0.002460109617
-0.002836900926
-0.003299619006
-0.0038447705160000005
-0.004427447238
-0.0049604068800000005
-0.005321762154
-0.005374279008
-0.004994539794
-0.00411082164
-0.002744139528
-0.001045134837
0.0006875762292
0.002028503952
0.002539660869
0.002011270725
0.0005735020176000001
-0.0014530836870000003
-0.0036326685060000005
-0.005474339046000001
-0.006641151237
-0.007112525661
-0.007048803825
-0.006678561672
-0.00629914815
-0.00623952297
-0.006738814692
-0.007729618806
-0.008847474192
-0.0098726859
-0.01084790781
-0.011819146860000001
-0.012793181760000001
-0.013768050510000001
-0.01472345622
-0.015613743150000001
-0.01636300152
-0.01688674761
-0.01717228728
-0.01746501768
-0.01825432047
-0.01976588451
-0.021738930570000002
-0.02368493046
-0.02500553304
-0.025122007170000002
-0.02380391595
-0.02135532033
-0.018407640960000003
-0.015631254
-0.01345118751
-0.012129829560000001
-0.01187748693
-0.01259336187
-0.0139236273
-0.01582714989
-0.01859584581
-0.02246093676
-0.027473630940000004
-0.033452992710000004
-0.0399246399
-0.04625343387
-0.05197487112000001
-0.0568965285
-0.06101345196
-0.06427677789
-0.06641136522
-0.0669903318
-0.06571433529
-0.06273530316
-0.05834845755
-0.05260737087
-0.04567336857
-0.03812834061
-0.03091761783
-0.024884732700000002
-0.02017519695
-0.01661949378
-0.01426526055
-0.01330938396
-0.01379946213
-0.01526506632
-0.016868854170000003
-0.01789586307
-0.01811680389
-0.01787781267
-0.01775022381
-0.01812843855
-0.01894468941
-0.020075792220000003
-0.02180134179
-0.02442892086
-0.027783126630000002
-0.03091495932
-0.03257190756
-0.03207485448
-0.02950548795
-0.02540106243
-0.020139930000000004
-0.01394667099
-0.007225987140000001
-0.0003196151955
0.006626047761
0.013325079960000001
0.01940391513
0.02473131411
0.02920149567
0.03260565396
0.03500186418
0.03669895494000001
0.037828998270000004
0.03830459688000001
0.03789700119
0.03629357631
0.033199443450000005
0.02846666781
0.0222399567
0.01505911518
0.007854548175
0.0015148307700000002
-0.0037599768
-0.007787695968
-0.009682245351
-0.008805584511000001
-0.0054979625070000005
-0.0008531644185000001
0.004098526767
0.009050916915
0.0135353475
0.01658251008
0.01766165913
0.01698370965
0.015095196360000002
0.011985818760000001
0.0071949483
0.001375013745
-0.004005578979
-0.008250865308
-0.01188086157
-0.01615509819
-0.02181789126
-0.02873195964
-0.0362389248
-0.04322389005
-0.048505495950000005
-0.05171167863
-0.05326631838
-0.05360039793000001
-0.05309896959
-0.05220165870000001
-0.05135777307
-0.050950501110000004
-0.051132878820000005
-0.051526132290000005
-0.051255562680000005
-0.04975500546000001
-0.04708130958000001
-0.04354513812
-0.03964196475
-0.035925975990000004
-0.03260910708
-0.029513649870000002
-0.026476444440000003
-0.02341530261
-0.02015904969
-0.01616759613
-0.01065263976
-0.0032460102990000002
0.005481482688
0.01401091668
0.02087899578
0.025195179960000005
0.026086644090000003
0.022938409080000003
0.01599239934
0.006243992406
-0.004942107306000001
-0.01621855908
-0.026424657450000003
-0.03465532593
-0.04034320317
-0.043173878670000006
-0.04279971546
-0.038851180650000004
-0.031256572950000006
-0.02073191445
-0.00885022884
0.0027247775310000003
0.012880834110000001
0.02134756062
0.028198099440000002
0.0333986355
0.03715848477000001
0.03992239341000001
0.041882048820000004
0.04295099547
0.04302351099
0.04235253642
0.04129189884
0.0395476416
0.036515007630000006
0.0319876632
0.02659583214
0.02147711148
0.01733676174
0.01427811165
0.01200757734
0.010185693570000001
0.008606674989
0.007212995757000001
0.0061287572790000005
0.005673314295000001
0.006329160864
0.008649060075000001
0.0131101821
0.019927239390000004
0.02885919534
0.03905903493
0.04906028088
0.057117744000000005
0.06208429194000001
0.06401859831000001
0.06393620412
0.06339342663
0.06390190836000001
0.06637742262
0.07090793568
0.07704286443
0.08411953356
0.09148390056000001
0.0982554885
0.1033339293
0.1059113106
0.10553215410000001
0.1019840733
0.09570710556
0.08772869142
0.07876519632000001
0.06878282481
0.05728119822
0.04463553924
0.03250821123
0.02256459903
0.01557324747
0.0111497517
0.008520921855
0.0071371399319999996
0.006638917500000001
0.006822383139
0.007636150107
0.009149449536
0.01147164723
0.0146490768
0.01854709011
0.02276956917
0.026651209590000002
0.02951169768
0.03108368151
0.03137995332
0.03038818194
0.0281250738
0.024738083010000002
0.02055436326
0.01608040485
0.01183599063
0.007983647775
0.004364994816
0.0009747851688000001
-0.001936161441
-0.00392448069
-0.004440159036000001
-0.0031763102489999998
-0.0005379367455
0.002568835809
0.005286093975
0.007237574712000001
0.008516375901
0.009283829859
0.009743514687
0.01019748519
0.01102563558
0.0126695169
0.015677871120000002
0.02087431641
0.0291287349
0.04044288258
0.05390469432
0.06847012125
0.08301724272000001
0.09627656625
0.1069469523
0.11389429620000001
0.1163944728
0.1142674686
0.1078606557
0.09789247926
0.08542009431
0.0716778441
0.057431526659999996
0.042586779600000006
0.02673256392
0.009555488379
-0.00893168127
-0.027944353980000003
-0.04590250074
-0.061304485230000004
-0.07348578786000001
-0.08283272643
-0.08978142411000001
-0.09415350567000001
-0.09626139999000001
-0.09693150147
-0.09632331090000001
-0.09436649058
-0.09130006116000002
-0.08709677046000001
-0.08159822622000001
-0.07536160701
-0.06924510144000001
-0.06364839834
-0.058475438190000006
-0.05340468843
-0.04825492893
-0.04285309167
-0.03704263848
-0.03141910503
-0.027294039270000004
-0.02567181843
-0.02687603517
-0.030593770110000005
-0.03611145366
-0.04267436328
-0.04981061835
-0.05714440758
-0.06417394947
-0.07061294898
-0.07645810995
-0.08163807444
-0.08617718106000001
-0.09045661698
-0.09488861802000001
-0.09979055730000001
-0.1055886597
-0.11230095600000001
-0.1189722465
-0.12434165190000002
-0.12750331680000002
-0.1279831239
-0.1255657437
-0.12007783350000001
-0.11161092060000001
-0.1007090676
-0.08825353623000001
-0.0749163213
-0.060546682350000006
-0.04455508743
-0.026607927870000003
-0.007110905049000001
0.013041786780000002
0.03306844071
0.05203678203
0.06877608534
0.08237883735
0.09229796379
0.0981411039
0.0998764929
0.09808135119
0.09399219003
0.08902289529
0.0839227842
0.07872560315999999
0.07322605830000001
0.06772758273
0.06285570129
0.05866310349000001
0.05454912303000001
0.04958322255
0.042999770789999996
0.03452242005
0.024489016920000002
0.0138907638
0.004013911593
-0.004360604841
-0.01094365341
-0.01526643972
-0.01701144252
-0.016376245020000003
-0.01380093363
-0.00983995974
-0.005220958518
-0.0008311564683000001
0.002500475805
0.004434398604
0.005127939117
0.004805799318
0.00370891575
0.0021418712550000003
0.00045434671650000007
-0.000980291718
-0.001807140321
-0.0017706863610000001
-0.000942531066
-5.921235558e-05
-0.00014737455090000002
-0.001627159194
-0.004410108063
-0.008212063815
-0.012560694570000001
-0.01702807047
-0.02158159779
-0.02632033791
-0.0311495949
-0.03582221562
-0.04021692885000001
-0.044629957350000006
-0.049446834120000005
-0.054767895840000004
-0.06041074518
-0.06615531441
-0.07201412109000001
-0.07791038235000002
-0.08338494114
-0.08775586512000001
-0.09072424359000002
-0.0928618524
-0.09469383066
-0.0959976189
-0.09622926243
-0.09481976163
-0.09140560695
-0.08628097086
-0.0803744091
-0.0745362819
-0.06951241413
-0.0661744341
-0.06509396070000001
-0.06630716340000001
-0.06959664279000001
-0.07451360118
-0.08028061569
-0.08581365189000001
-0.09000023616000001
-0.09217895868
-0.0921258081
-0.08991495783
-0.08625204117
-0.08214824349000001
-0.07791312915000001
-0.07391284659000001
-0.07146521235
-0.07141360194
-0.07338313602
-0.07659266391
-0.08010151452
-0.08291448297000001
-0.08439067215
-0.0843835599
-0.08299855467
-0.0805330368
-0.07745755275
-0.07433571645
-0.07152908526
-0.06878682729
-0.06548664519
-0.061105371660000005
-0.05538723057
-0.04850864496000001
-0.041164388460000007
-0.034191165780000005
-0.02823642711
-0.024081941160000002
-0.02253903417
-0.0238808754
-0.02789007525
-0.03407821344
-0.04162227021
-0.04952208663
-0.05695444674
-0.06307407189000001
-0.0669157758
-0.06787018089
-0.06578300529
-0.06065251263
-0.052730005680000004
-0.042707069820000006
-0.03176116992
-0.021310508250000002
-0.0125044146
-0.006046882038
-0.002100000213
-0.00020737005840000002
0.0004962505239
0.0008376189039
0.00148590108
0.0028961160480000005
0.005202728595
0.008143400682
0.01103337567
0.01281099672
0.01218860127
0.007933594212000001
-0.0005919799374
-0.012933994500000002
-0.027894224880000002
-0.0438679656
-0.05863588074000001
-0.07012410687000001
-0.07774731072
-0.08211028860000001
-0.08422377462000001
-0.08505965529000001
-0.08514980919
-0.08436350826000001
-0.08251846308
-0.07987683609
-0.07679788911
-0.07340594427000001
-0.06952745286
-0.06536421639000001
-0.061776856350000006
-0.059503820490000005
-0.05893727337
-0.06034298751000001
-0.06349225257
-0.06760381977
-0.07205127156
-0.07643776401
-0.08016164001000001
-0.08245954422
-0.08275296132000001
-0.08112973986
-0.07832623806
-0.07529530122
-0.07305545259
-0.07240443156000001
-0.07337959461
-0.07522704324
-0.07679881125000002
-0.07667916849
-0.07334867349
-0.06555778731
-0.05293668276
-0.03651942213
-0.018295473420000003
-0.0004271573205000001
0.01525971987
0.027377414460000003
0.03495708153
0.037974451140000004
0.03750909417
0.0349953111
0.03165557508
0.02830179114
0.02585176326
0.025470370080000002
0.02769992802
0.03223390401
0.03831265089
0.04478855562
0.050326104420000004
0.05388520185000001
0.054802407420000004
0.05264006760000001
0.047587799880000003
0.04053593043
0.03237570756
0.02390542002
0.01613127951
0.009898437150000002
0.005454669996
0.0024115354020000004
2.125104003e-05
-0.002350365147
-0.005086291743
-0.008267414778
-0.01160239491
-0.01445364198
-0.01603896741
-0.01589717367
-0.014150591460000002
-0.011247292530000001
-0.007821112752
-0.004589621253000001
-0.001982025153
3.601543338e-05
0.001627360299
0.002914777611
0.003997696644
0.004934068011
0.005735005461
0.0064069561260000005
0.007181797014000001
0.008684046459
0.011284658820000001
0.01454521833
0.01754925615
0.01938978873
0.01960349958
0.018098086410000002
0.014848729920000001
0.009928750049999999
0.003449869947
-0.00471072276
-0.014752297620000002
-0.02638053207
-0.038649320279999996
-0.05021587926
-0.06003658197
-0.06780858390000001
-0.07368179166
-0.07791471837000001
-0.08059264236000001
-0.08185897602000002
-0.08205919812000001
-0.08116933302
-0.07872024690000001
-0.07462648485000001
-0.06916960368
-0.062324185680000005
-0.054093752640000006
-0.04505795784
-0.03642430437
-0.029751199020000004
-0.02636934867
-0.02697996231
-0.0313816014
-0.038297357100000005
-0.04571968158
-0.05197329171
-0.05608348551000001
-0.05719687146000001
-0.05477736249
-0.049138407720000006
-0.041224563
-0.03198316041
-0.02166065658
-0.00991680147
0.003228354261
0.01708615548
0.03051865494
0.04254235992
0.052766596980000004
0.06112606095
0.06774154236
0.07293373992
0.07699563909000001
0.07986759507
0.08120481579000001
0.08071367814000001
0.07865952300000001
0.07590793572
0.07345782936
0.07209000144
0.07214846904000001
0.07379912907000001
0.07739734878
0.08367358076999999
0.09320506506
0.10549870200000001
0.1193080428
0.1332861156
0.14606010900000002
0.1564487028
0.16391627100000003
0.16832635650000002
0.1692266202
0.1659482163
0.1580579352
0.1459121742
0.1306766556
0.1136259927
0.09578958804000001
0.07789589297999999
0.06090586569
0.04612461876000001
0.0341117244
0.02459657376
0.017602789320000003
0.013377318210000001
0.011769557310000001
0.01211433957
0.013502022930000001
0.01539855099
0.01750983957
0.01902506274
0.019023375420000002
0.01723696461
0.013875705450000001
0.009367579791
0.004363581195000001
-0.00047174308380000003
-0.004850793864
-0.008664310701
-0.011625006960000002
-0.013312062090000002
-0.01343402982
-0.012213018360000001
-0.01016663274
-0.007428084912
-0.00416746458
-0.0011780652420000002
0.0007117758315
0.0011489148270000002
1.678067208e-05
-0.002523498894
-0.005750899623000001
-0.009060970203
-0.012854965140000002
-0.017748605160000003
-0.023858694990000002
-0.03136691583
-0.04065547509
-0.051774305670000006
-0.06441912099
-0.07822288971
-0.09265693131000001
-0.10680882750000001
-0.11925055620000001
-0.1286160651
-0.1348984872
-0.1391292459
-0.1419285294
-0.1433890422
-0.1432896669
-0.1411121412
-0.1361548539
-0.1277413074
-0.11549911410000001
-0.0995962212
-0.08075036753999999
-0.06010741998
-0.039296790090000006
-0.02025181305
-0.004628198097
0.006782321061
0.01441592253
0.019086120180000003
0.02083626342
0.019530797670000002
0.01549278585
0.009283732740000002
0.0016161543360000002
-0.006571135305
-0.014290913700000001
-0.020804841990000003
-0.025506431640000004
-0.028020391290000002
-0.02887805016
-0.0293648616
-0.03037969629
-0.0323044281
-0.03544075377
-0.040035757770000006
-0.046368524790000004
-0.055065158460000006
-0.06720925176
-0.0840706209
-0.10649785050000002
-0.13416224670000002
-0.16544535570000002
-0.1978195329
-0.22848608339999998
-0.2549395332
-0.2752268094
-0.2880317043
-0.292572459
-0.28866111390000004
-0.2766656421
-0.2574956268
-0.2325114207
-0.20334481920000003
-0.1715008725
-0.1377777222
-0.10258424910000001
-0.06656548032000001
-0.030698207370000005
0.004121262423
0.037997946090000005
0.07160922315
0.1044685539
0.1347790995
0.16028559
0.1791536535
0.19046919420000002
0.19371287069999998
0.18878530770000002
0.17668251450000003
0.158973993
0.1365111531
0.10975918500000001
0.07935467922
0.04597911684
0.01020491136
-0.02752335783
-0.06622839891
-0.1037316267
-0.13751226360000002
-0.1656619605
-0.18682546590000002
-0.20013086700000002
-0.2052150957
-0.2025229374
-0.19314624510000003
-0.1778071329
-0.1569036906
-0.1319010417
-0.10513661490000001
-0.07853332716
-0.053193155400000004
-0.029409212610000002
-0.007073513253
0.013884132240000001
0.03313542339
0.05020652052
0.06476718960000001
0.07646251464
0.08506860201
0.09101108799
0.09511354170000001
0.09805338288
0.1006118505
0.10362106800000001
0.1071908289
0.110849076
0.11434094550000001
0.1174605255
0.1197117243
0.12043452510000001
0.1191615795
0.11602836360000002
0.111403341
0.10534586220000001
0.09797138109
0.08983777275
0.08191923885
0.07529782239
0.07065785916
0.06815006019
0.06750294354000001
0.06832994616
0.07028949366000001
0.07307559252000001
0.0764450136
0.08037209394
0.0853453323
0.0922891446
0.10195689960000001
0.1145524491
0.1296178623
0.14615654130000003
0.1628152947
0.17794427670000001
0.1899378846
0.19781040960000001
0.2011845591
0.19999843200000003
0.19434483090000002
0.1844712621
0.1709046207
0.1543699638
0.1355677254
0.11529192690000001
0.09457368759000001
0.07465447278000001
0.056518402050000006
0.04024900755
0.02576124639
0.013486071870000001
0.003644569998
-0.004111044327
-0.01024509312
-0.01500298236
-0.01824892497
-0.019788192450000002
-0.019390416570000003
-0.01624090626
-0.009379166382
0.001205687259
0.0145424421
0.029208872790000003
0.04396111155
0.05784204573
0.06969996171
0.07795772541000001
0.08079294294
0.07708313448000001
0.06690863412
0.051059794320000004
0.030783466080000002
0.0076370604750000005
-0.01648931508
-0.03968613918
-0.060820145910000005
-0.07952331312000001
-0.09537941232000001
-0.107928639
-0.1170759735
-0.1236039399
-0.1292935437
-0.1364216859
-0.1471380318
-0.1626411672
-0.18251711010000002
-0.20512827720000001
-0.229081158
-0.2531722617
-0.2757808782
-0.29549544660000004
-0.3112297056
-0.321221583
-0.3231587637
-0.3152426823
-0.2971049733
-0.270084996
-0.2365306758
-0.19930545360000002
-0.1613252538
-0.1248529491
-0.09097129863
-0.059829561540000006
-0.031123264860000003
-0.004624805799
0.01948724127
0.0408426597
0.059942121480000006
0.07821783756
0.09669557097
0.11560221720000001
0.1342886976
0.15099973830000002
0.1634606946
0.17037860850000003
0.17165871540000002
0.1678079961
0.15983795970000003
0.1492583652
0.1380163014
0.12794133330000002
0.1199951352
0.1146509415
0.11220982110000001
0.11232087030000001
0.11393657730000001
0.1157614335
0.1163716155
0.11430612
0.10828611540000001
0.09749156418
0.08186246838000001
0.0623271483
0.040672878030000005
0.018892745460000002
-0.001118399841
-0.01746522369
-0.028928964060000003
-0.03559418217
-0.038108867760000005
-0.03726041067
-0.03441936600000001
-0.03138849783
-0.029723319
-0.030182181750000002
-0.03251638296
-0.03574218564
-0.03831838974
-0.038348114040000006
-0.03409717617
-0.024252527250000003
-0.007593404994
0.016680149010000003
0.04818261942
0.08545916754
0.12631581630000002
0.1677055797
0.20609593560000003
0.23835357000000001
0.26163888030000004
0.2733004197
0.27179566380000003
0.2572136874
0.23093122590000004
0.19537439040000001
0.15351629760000002
0.10838637360000002
0.06280061814
0.01931151474
-0.02007434034
-0.05430617838
-0.08313985791
-0.1069589205
-0.1267345071
-0.1433923776
-0.1569968856
-0.1677055797
-0.17658971190000003
-0.1849884453
-0.19386315990000003
-0.20335678740000002
-0.2127268089
-0.220554306
-0.22522455270000002
-0.2253959334
-0.2202676578
-0.20964588030000003
-0.1938699288
-0.17394483780000003
-0.1512043749
-0.1262981583
-0.0992887758
-0.07064394858
-0.041241661830000005
-0.01207643373
0.01565552394
0.04056099498000001
0.06124438917
0.07680443238000001
0.08723712213000001
0.09305304930000001
0.09475482924
0.09269348337
0.08737737570000001
0.0798935229
0.07145500995000001
0.06280442442
0.054263779559999996
0.04606571952
0.03873238155000001
0.03292056477
0.02908907307
0.027683172540000002
0.029067932520000003
0.032987106
0.03851642421
0.044528453280000005
0.0500250159
0.05429389626000001
0.056684632500000005
0.05674501305000001
0.054710968410000005
0.05135702751000001
0.04747872249000001
0.04354839504
0.03984513966
0.03704789664
0.0356477742
0.03485454741
0.033186916080000003
0.029523685500000004
0.02371269276
0.016663923270000002
0.00991196514
0.005190602454000001
0.003927692484000001
0.00692986248
0.014298928470000001
0.025604708219999998
0.04003827894
0.05661324513000001
0.07410202263
0.09097141635000001
0.10543562370000001
0.11563154910000001
0.1199758095
0.1177638507
0.1094107338
0.09580081068
0.07829551314000001
0.05948936055
0.0423368208
0.02864662245
0.01934566335
0.01486143387
0.01483847847
0.01792037826
0.02186453781
0.024214474260000004
0.022951525049999998
0.01646261226
0.003652451352
-0.015642702270000003
-0.04034018169
-0.06826056984
-0.09701603424000001
-0.1245323583
-0.14867614170000001
-0.16698513330000003
-0.17671704570000002
-0.17565521130000003
-0.1631594295
-0.14085914130000002
-0.1117630737
-0.07793322003
-0.040965039450000004
-0.002908932813
0.03458675403
0.07059365271000001
0.1040099364
0.133304166
0.1568496375
0.17361738
0.18387108630000001
0.18951585840000001
0.19360672650000002
0.1990761939
0.20836047600000002
0.2232382239
0.2445248448
0.27199245240000003
0.3045382065
0.340630668
0.3788048115
0.4173053337
0.45382953330000003
0.4859660142000001
0.5115477474
0.5288900616000001
0.5368528386
0.534839238
0.5229207747
0.5019878043
0.4737660039
0.440810388
0.4060297197
0.3718037088
0.33963505110000003
0.31084309350000006
0.2866150422
0.2676084615
0.2543258196
0.24738426360000002
0.24692643090000002
0.2524915458
0.2635432956
0.27920034990000003
0.2977702875
0.3166971129
0.33322352940000005
0.3457654182
0.35428157730000004
0.3597967593
0.3638059101
0.36770616990000005
0.3726491346
0.3794764041
0.38873400300000005
0.4010783184
0.41735889630000006
0.4374072009
0.4596778629
0.4824572715
0.5042706894000001
0.5237550171
0.5395075227
0.5502207294
0.5553335052
0.555267582
0.5511304107
0.5444955153000001
0.5370387381
0.5301604566
0.5249327076000001
0.5223339405
0.5229659988
0.5266001133
0.5323487733
0.5389195113
0.5446893609
0.5480623332000001
0.548105301
0.5447623473
0.5386609197
0.5304982149
0.5208818643
0.5106813282
0.5007912786000001
0.4915297557
0.4823391591
0.47223721350000003
0.4611157146
0.44974101960000007
0.4387952178
0.42875448660000004
0.4199287239
0.4122989964
0.40538863620000004
0.39819084300000007
0.3892830687
0.3772599327
0.3616382925
0.3430208745000001
0.32221200060000005
0.3003849468
0.2796382683
0.2619552528
0.2481892722
0.2382116193
0.2314602792
0.22758827220000002
0.22620319830000002
0.226564893
0.22794172650000002
0.2298346641
0.23197952250000003
0.2343365712
0.2372172777
0.24150885840000003
0.24839037720000004
0.2584865349
0.2721838455
0.2903585382
0.3135404511
0.34113921840000005
0.37168029900000005
0.4033435455
0.43456740210000006
0.46366435260000005
0.48885192000000005
0.5096027187
0.5270220414
0.5429309184000001
0.5593646304000001
0.5781087936
0.6003245196
0.6260603679
0.6538065795
0.6811980615000001
0.7062138558000001
0.7272746505
0.7434563436
0.7551026775000002
0.7634400984
0.7695490797000001
0.7745827869000002
0.7800655959
0.7876568682
0.7983737046
0.8116803810000001
0.8258464134000001
0.8387043804000001
0.8478795753
0.8513035596
0.8479058661000001
0.837549351
0.8204933907000002
0.7973514045000001
0.769164822
0.7375158
0.7041546387000001
0.670588056
0.6385826367
0.6101603199000001
0.5862435399
0.566732529
0.5513972427
0.5394178593
0.5286457926
0.515531196
0.4954963311
0.463945311
0.41723597700000004
0.3534659739
0.2723635647
0.17538720210000003
0.06584988987000001
-0.05152449402
-0.172183158
-0.2933980686
-0.4145182146
-0.5348541492
-0.6526904958
-0.7653337227
-0.8702165529000001
-0.9659317419000001
-1.052490375
-1.130781042
-1.201613166
-1.2657381930000002
-1.323954657
-1.376690274
-1.424487537
-1.4689964880000002
-1.51268238
-1.5574905360000002
-1.603701522
-1.649549538
-1.692198513
-1.72855143
-1.7560910430000003
-1.773526356
-1.7810525879999999
-1.7799989940000003
-1.772448237
-1.760554593
-1.746231993
-1.730927412
-1.7155629900000002
-1.700650809
-1.686519504
-1.6733054340000002
-1.660792779
-1.648153575
-1.634288121
-1.618786359
-1.602142713
-1.585149831
-1.5675683489999999
-1.547855154
-1.5248144070000003
-1.4981871240000002
-1.468259757
-1.4357288160000001
-1.401586092
-1.3671117900000003
-1.33342425
-1.3007157480000002
-1.2686880600000001
-1.2373774830000002
-1.20725784
-1.179208107
-1.154400579
-1.133891793
-1.118138895
-1.107114417
-1.1007712710000002
-1.09962252
-1.1047237200000002
-1.117155933
-1.137256623
-1.164151719
-1.1960911170000001
-1.230855795
-1.266289515
-1.3011807420000001
-1.335816909
-1.3708494
-1.406044737
-1.4397656310000002
-1.4693378760000002
-1.491984261
-1.5052218750000002
-1.507136787
-1.496536101
-1.472797863
-1.435398219
-1.384749189
-1.32249591
-1.2503590560000002
-1.169640414
-1.081982178
-0.990121338
-0.8980346718000001
-0.8096752170000001
-0.7278732567
-0.6540464340000001
-0.5883228675
-0.5300992422
-0.4791909339
-0.43634438550000004
-0.40231653660000005
-0.3775156794
-0.3625641603
-0.35811454049999997
-0.36461572560000005
-0.38201817509999997
-0.4097549691
-0.4470029505
-0.4925754036000001
-0.5448343527
-0.6017325489
-0.6611318046
-0.7214475105
-0.7816824801000001
-0.8410355307000001
-0.8981664201
-0.9509710014
-0.997420959
-1.03605372
-1.065901626
-1.086921513
-1.10014245
-1.1072743200000001
-1.1100221010000002
-1.1093059710000002
-1.104930711
-1.095755418
-1.0806028920000001
-1.058912001
-1.0303462620000001
-0.9947958030000001
-0.9525721896000001
-0.9050306733000001
-0.8544180384000001
-0.8025042051000001
-0.7499745981
-0.6969431115
-0.6430314717000001
-0.5875497414
-0.5296054068
-0.4683830607
-0.403397991
-0.3348592488
-0.2637154611
-0.1912252509
-0.1179134532
-0.04265817678
0.03669560973
0.1212367869
0.21073420169999998
0.3040110171
0.399431808
0.49490419950000003
0.5880273903000001
0.677221578
0.7632977553000001
0.8484756309
0.9353780064
1.027005957
1.1258966430000001
1.232649063
1.346841387
1.468043937
1.5951736890000001
1.72639323
1.860242832
1.9955580480000001
2.1309517440000003
2.2642068600000003
2.392288182
2.511849519
2.619883125
2.714278869
2.7945374220000003
2.861791839
2.917924659
2.964920445
3.0045999329999997
3.037930389
3.064520394
3.083425245
3.0934186919999997
3.092021748
3.076073631
3.043208169
2.992862268
2.9270253960000003
2.850806601
2.7706559580000003
2.6903650320000003
2.6107480530000005
2.5309132919999997
2.4497012070000004
2.3665320270000003
2.281211514
2.193467931
2.102324202
2.0059242750000004
1.9020020400000002
1.7889741630000002
1.6666032419999999
1.535688792
1.397377602
1.252601622
1.103160006
0.9523158543
0.8042601951
0.6628429629
0.5305027275
0.4093138134
0.30166731
0.2090066607
0.1316250864
0.06959688804
0.022989185640000003
-0.007900206858
-0.02215360908
-0.01856835819
0.003688786611
0.04509780606
0.1063419696
0.18783589590000002
0.2888656524
0.406792251
0.5380028649
0.6799684761000001
0.8294833728000001
0.9818505270000001
1.133960463
1.285192404
1.4354776800000002
1.584782937
1.732640238
1.876756005
2.013085575
2.1382032960000004
2.250354159
2.349334116
2.436091794
2.51187993
2.5773597180000003
2.63194452
2.6733525300000003
2.698159077
2.7028816110000005
2.685213801
2.644860366
2.5834144500000003
2.5036581690000004
2.407966524
2.298562461
2.177693451
2.047310703
1.909612638
1.7682485760000002
1.6274878289999999
1.4908217760000002
1.361281707
1.241473158
1.1323212120000001
1.0330685370000001
0.9423522297000001
0.8589612456000001
0.78194529
0.7097745915000001
0.6401094651000001
0.5710192047
0.501037902
0.42878185650000006
0.35231683050000007
0.2697196716
0.18107837550000003
0.08939846133
-0.00044822508030000006
-0.08443091277
-0.1615315581
-0.2320011045
-0.29567222280000005
-0.3512992392
-0.397862208
-0.4359845547
-0.4672328382
-0.493183035
-0.5158252998
-0.5376109554
-0.561077064
-0.5884267554
-0.6213152709
-0.6609155922
-0.7081410303000001
-0.7635517362
-0.8268692040000001
-0.8966270349
-0.9711853893000001
-1.049382567
-1.1300933610000001
-1.2121893270000001
-1.2951829080000001
-1.3784845230000002
-1.460700171
-1.539908073
-1.614518028
-1.6841337120000002
-1.74919167
-1.809801774
-1.8658207980000001
-1.916895582
-1.962349236
-2.00110266
-2.0318491620000003
-2.0540540970000003
-2.068659225
-2.07714978
-2.0809629270000003
-2.081618235
-2.080603881
-2.0789381430000002
-2.077058547
-2.074727691
-2.070906696
-2.0634873930000004
-2.048963688
-2.0227503870000003
-1.979919927
-1.9162353690000002
-1.8291981060000002
-1.7188110810000001
-1.5874542
-1.438484445
-1.274881113
-1.099265436
-0.9164486304000001
-0.7334086473
-0.5562700659
-0.390799008
-0.2434022865
-0.1197844164
-0.023667929730000002
0.04341509676000001
0.08268421284
0.09808223409
0.09542767752
0.08092286658
0.0599778495
0.03669356925
0.013754757959999999
-0.007186421448
-0.025176040650000002
-0.04025207808
-0.05379100623000001
-0.0685305018
-0.08736238602
-0.11179603530000001
-0.14245728840000002
-0.1796365017
-0.22288202280000002
-0.2716703901
-0.3269243322
-0.39028977090000005
-0.46285296750000005
-0.5447109429
-0.6353867349
-0.734849442
-0.8429016870000001
-0.9581530986000001
-1.078232796
-1.20046932
-1.32255477
-1.4417678520000001
-1.5532692930000003
-1.649701593
-1.7218884780000001
-1.7608204440000002
-1.759871817
-1.7163674100000001
-1.6313284440000002
-1.507660641
-1.349245818
-1.160713314
-0.9476322660000002
-0.7170663645
-0.4772939742
-0.2370968109
-0.004031244882
0.2174550327
0.4256584506
0.6190656417
0.7970911452000001
0.9613577313000001
1.1152518120000001
1.262789307
1.407405384
1.551603555
1.6971957270000002
1.845245304
1.996215318
2.1500773200000003
2.305478511
2.458277109
2.6029079010000005
2.734803351
2.851983801
2.95528212
3.0470919480000003
3.130307235
3.2070901050000002
3.2780939040000003
3.341774538
3.3938519040000004
3.4272657450000006
3.432605328
3.3984214020000003
3.3122327040000004
3.1630383
2.943771066
2.652397389
2.293290567
1.876216455
1.414262574
0.9222375114000001
0.4174082406
-0.08036005707
-0.5503284432
-0.9750344409
-1.344228003
-1.656267426
-1.916230464
-2.131465788
-2.309986206
-2.4594925680000004
-2.586948993
-2.6984445480000003
-2.7984967380000003
-2.890627353
-2.977775469
-3.0624877620000004
-3.146623227
-3.2311049850000004
-3.315386619
-3.3968518020000005
-3.4705749330000004
-3.529708632
-3.566214585
-3.5726401350000003
-3.544302969
-3.479801238
-3.3800678730000002
-3.247442559
-3.085086078
-2.8966271490000004
-2.686509702
-2.4600301559999997
-2.223531657
-1.984842585
-1.753597341
-1.5386641650000001
-1.3449147030000002
-1.175273316
-1.032637878
-0.9184957812000001
-0.8326901637
-0.7746440013
-0.7434958779
-0.7376988546000001
-0.7540959752999999
-0.7876286154000001
-0.8326281645000001
-0.8840610135
-0.9385601742000002
-0.9937804680000001
-1.047621672
-1.097793936
-1.141410177
-1.174885821
-1.1946578760000002
-1.1978814420000001
-1.1827544220000001
-1.1486764440000001
-1.096357752
-1.028640303
-0.9502155333000001
-0.865609875
-0.7788145266000001
-0.6935013711
-0.6127211223
-0.5385780252
-0.4722687036
-0.41379914160000003
-0.3620004777
-0.31577487480000005
-0.27476132490000005
-0.23777340660000001
-0.20302030440000002
-0.169919991
-0.1383309081
-0.10749474269999999
-0.07666040196000001
-0.04546374849
-0.0139074408
0.01771056198
0.048926521529999996
0.07947000558
0.10923258420000001
0.13782647790000002
0.16443090359999998
0.1878864174
0.20677890780000002
0.21964423230000002
0.2251874709
0.22238004510000003
0.2103517098
0.1884749193
0.1564121115
0.1140903
0.06138943983
-0.002238050457
-0.07655738715
-0.1595442483
-0.2478197295
-0.33815325060000007
-0.42934220370000004
-0.5205986496
-0.6099034941
-0.695360268
-0.7757641071000001
-0.8498903310000001
-0.9167571549000001
-0.9760383963000001
-1.027712277
-1.071695412
-1.107703017
-1.1354290200000001
-1.154496717
-1.163782863
-1.1613990330000001
-1.14570009
-1.115624592
-1.070170938
-1.008220788
-0.9287637120000001
-0.8318409120000001
-0.7189909884000001
-0.5927740569000001
-0.4558899276
-0.31079394540000005
-0.1603948734
-0.008136666117
0.1426096377
0.28743064560000003
0.4210686459
0.5404619376
0.6453016038
0.7357305762
0.8123247018
0.8761240368000001
0.9281328309000001
0.9697584267000001
1.003790592
1.033315749
1.05998031
1.0836233910000002
1.102671468
1.114862355
1.117823994
1.1093775840000002
1.087625871
1.051360263
1.0008083520000002
0.9377742951
0.8649580986
0.7849015335
0.6994833129
0.6103665261
0.5198305266000001
0.43105140000000003
0.34653991770000003
0.2673035667
0.19386580860000002
0.1263896856
0.06441439257
0.007713974799
-0.04298223051
-0.08619304383
-0.12009823830000001
-0.143061192
-0.1546305174
-0.1559392695
-0.1488941199
-0.13554869400000003
-0.1177096014
-0.09729773820000001
-0.07630033572
-0.05573015874000001
-0.03576054996
-0.016857327420000002
0.0009238492944000001
0.01868768703
0.03790749789
0.05978403333000001
0.08516228751
0.11457658170000001
0.1482187995
0.185416848
0.2247551442
0.26501597280000005
0.30571521030000004
0.3470800563
0.3891844782
0.43152198570000005
0.47356450650000004
0.5150331423
0.5558400936
0.5954637627
0.6329009790000001
0.6674664159000001
0.6986831112
0.7257300660000001
0.7479205803000001
0.7650651249
0.7772407083
0.784560636
0.7869676176
0.7843112658
0.7761920193
0.7614396432
0.7383891843
0.7056131895000001
0.6619477023
0.6065580879
0.5395943412
0.462440457
0.37720480050000005
0.2864079531
0.19242030510000002
0.09701418015
0.001916022492
-0.09005907654
-0.17595647640000003
-0.25368159690000003
-0.3209929119
-0.37545008580000006
-0.4157738946
-0.44193824370000007
-0.45461796300000007
-0.45536636790000007
-0.4464269073
-0.4298542857
-0.4072586184
-0.3796947747
-0.3476021445
-0.3109460004
-0.269605287
-0.223791606
-0.17417233170000002
-0.1215128403
-0.06629095728
-0.008805019455
0.050867920530000006
0.1129187898
0.17705892420000002
0.2419953363
0.3060691551
0.367676838
0.4253483565
0.4779807723
0.5250154059000001
0.5663278665
0.6022281501000001
0.6335035092
0.6609839679
0.6848889759000001
0.7048327059
0.7198605468000001
0.7283778831000001
0.7287514479
0.720138366
0.702716787
0.677438379
0.6454323711
0.6072380190000001
0.562151259
0.5091343893
0.44801857980000004
0.37987223760000005
0.3064282011
0.2287552698
0.1476089118
0.06378459057000001
-0.022359893760000003
-0.11066523660000001
-0.20018894220000003
-0.28952233380000003
-0.3774553479
-0.46297853550000007
-0.5451587694000001
-0.6230495808000001
-0.6952365639
-0.7595400348
-0.8136293337
-0.8556461523000001
-0.8842891941000001
-0.8988624396
-0.8991435942
-0.8856612207000001
-0.8595825129000001
-0.8220474909000001
-0.7741548747
-0.7171677999000001
-0.6525910224000001
-0.5817851892
-0.5052615975
-0.42303663
-0.3358674225
-0.2459713293
-0.15672818970000002
-0.07095959514
0.009451670130000001
0.08249214285
0.1463130108
0.199634481
0.2410976232
0.26913185640000004
0.28253761380000003
0.2809353465
0.26487568980000004
0.2358916524
0.195750702
0.1449360792
0.08304221898
0.0101059677
-0.07247290536
-0.1614482712
-0.2518729272
-0.3385020942
-0.41808120660000003
-0.48987637829999997
-0.5548814604000001
-0.6140915793
-0.6675069312
-0.7141802625
-0.7532648721
-0.7847551683000001
-0.8085525606
-0.8245595376
-0.8339551632000001
-0.8388732105000001
-0.8410861503
-0.8412728346
-0.8388776250000001
-0.8325931428
-0.8207502165
-0.8016368049
-0.7739563203
-0.7369609464
-0.6901847082
-0.6333850044
-0.5665896954
-0.4902989931
-0.40550557140000004
-0.3134159622
-0.2158214715
-0.1156319415
-0.01629291888
0.07931779362000001
0.1691239095
0.252026748
0.32796585990000005
0.39735689490000003
0.46029314610000005
0.516989943
0.5679444564
0.6133779999
0.6532189605
0.6873952347
0.7158707217000001
0.7387172307
0.7563377565000001
0.7692638049
0.7774515252
0.7803465543000001
0.7770260655000001
0.7661143044000001
0.7459828110000001
0.7151345793
0.6723144198
0.6165562437000001
0.5479213635000001
0.46790060490000007
0.3790644822
0.284487057
0.1869750684
0.08910242496000001
-0.006584012892000001
-0.09766039428
-0.1821826872
-0.259186086
-0.3283713072
-0.3897972108
-0.4441377438
-0.49274119260000004
-0.5370810192000001
-0.5779705707
-0.6150787596
-0.6478944849000001
-0.6763235706
-0.7004195793000001
-0.7202202795
-0.7355400660000001
-0.7458289902
-0.7502397624
-0.7479512856
-0.7385485968
-0.7221926781
-0.6993368496000001
-0.6703942104
-0.6357504897
-0.5962633758
-0.5537170134
-0.510223986
-0.467659377
-0.42824711340000005
-0.3941440218000001
-0.3660575994
-0.34357180410000004
-0.32607213749999997
-0.3125964348
-0.3018435957
-0.2925671616
-0.2838653973
-0.27517854420000004
-0.26562497760000003
-0.25380039600000004
-0.23861245590000002
-0.21945597840000003
-0.1959703479
-0.1682296299
-0.13701558330000002
-0.10381893570000002
-0.07015103532
-0.03648942315
-0.0028417608000000003
0.03053956986
0.06309433935
0.09406706976
0.12279804840000001
0.1494556443
0.17513322120000002
0.20076302340000002
0.2268230922
0.25380481050000003
0.2821734666
0.31222336050000005
0.34393712849999997
0.3768710643
0.41004769950000003
0.44196649650000003
0.47085027570000004
0.4952491191
0.5143489929
0.5278373505
0.5351390316
0.5350333779
0.5263924356
0.5088458772
0.4829025474
0.4494889026
0.4097043495
0.36542514870000004
0.3189745044
0.2719308456
0.2250643554
0.17871730470000002
0.13327149870000002
0.0893692962
0.04790245563000001
0.00988560567
-0.02393193645
-0.05369382837
-0.08054048259
-0.1060699383
-0.131654124
-0.1580129073
-0.1854435312
-0.2138337693
-0.24245071650000002
-0.26998287390000003
-0.29480031
-0.3153680541
-0.3305071404
-0.33944228460000003
-0.34183347210000004
-0.33786326699999997
-0.328475097
-0.3151385982
-0.2992136328
-0.2820417183
-0.2653013457
-0.25122487860000003
-0.2418587811
-0.23785286760000002
-0.23903487450000002
-0.2451021633
-0.2553498855
-0.2683086993
-0.28158525900000003
-0.2918601549
-0.2954807316
-0.28961700030000004
-0.2728572039
-0.2450776383
-0.2072365443
-0.1608946929
-0.1077631443
-0.0496490967
0.011516645700000001
0.07419267684
0.1376126199
0.2015451747
0.2655025488
0.32801343839999997
0.3871815705
0.4417723566
0.4917636261000001
0.5382028908
0.5823787923
0.6254560719000001
0.6680814048
0.7101103878
0.7512358698
0.7920128025
0.8330319441
0.8741145564
0.9146662515000001
0.9539205741000001
0.990915948
1.024572096
1.053786276
1.077587298
1.09505106
1.1049984000000002
1.105923483
1.096013421
1.0733768460000002
1.03683852
0.9867329640000001
0.9242212896
0.8503746507000001
0.7667657865
0.6759904230000001
0.5814859842
0.48711486330000003
0.3964156254
0.31213458
0.2362265658
0.1703008152
0.115147818
0.0704445309
0.03566645244
0.01037018043
-0.006600906693
-0.01714702653
-0.02333718558
-0.027164311830000003
-0.030103378020000002
-0.03246460578
-0.033808507110000004
-0.03378219669
-0.03201489576
-0.027932454449999998
-0.02087831889
-0.01007747946
0.005426174889
0.026218392390000005
0.052109483940000006
0.08234910324
0.11609222670000001
0.1529052327
0.19232544240000002
0.2333000466
0.2741704686
0.31333856130000004
0.35019590850000004
0.3840740568
0.4133211003
0.4362745383
0.45228367350000004
0.46206699030000004
0.4667799105
0.4668387705
0.462030399
0.45187881480000003
0.4359482577
0.41419782000000005
0.3870938691
0.3553215354
0.3198808503
0.28254654090000003
0.2452458798
0.2090924982
0.17466459750000002
0.1425509739
0.1136781819
0.08911857222
0.06984449244
0.057174661620000004
0.05280864264000001
0.05807302218
0.07371949149000001
0.1001131101
0.136722951
0.18200453760000002
0.23410064070000003
0.2908801359
0.34981380900000003
0.4084132554
0.4645628505
0.5161691403
0.561115323
0.5975518212
0.6242686695
0.6408419778000001
0.647451171
0.6452475507000001
0.6367792644
0.6247933083000001
0.6109113735
0.5960529513
0.5810906412
0.5671595583
0.5551479981
0.545129928
0.5366739042
0.529130799
0.5217247395
0.5139035208
0.5057388540000001
0.4979048823
0.4911860133
0.4856334552
0.48061926990000003
0.4756872924
0.47062307610000004
0.46525337640000003
0.4591857933
0.45182927430000003
0.44285076990000005
0.43224488460000005
0.4201508223
0.4073898762
0.39555675990000005
0.38561304960000004
0.37707982110000005
0.3687590772
0.35933255010000004
0.3478633848
0.3339720324
0.31770754290000003
0.2990282238
0.2776776417
0.25369778340000004
0.2276829387
0.2006122437
0.1732830552
0.14578160310000002
0.1178119197
0.08901376218
0.05908398192
0.0278971875
-0.004337716149
-0.0370245096
-0.06940244403000001
-0.10116287820000001
-0.13228029630000002
-0.16191355950000003
-0.1885420197
-0.2109309903
-0.2281537206
-0.23948544780000003
-0.24465914370000003
-0.243825588
-0.2370663999
-0.2245140144
-0.2067432975
-0.1850541723
-0.1613820537
-0.13764911310000003
-0.11513516310000001
-0.09412278075
-0.07429365117
-0.05555071422
-0.03806581167
-0.02189137797
-0.00633252177
0.009811549979999999
0.02698215975
0.04472102358
0.06225364197000001
0.07889593419
0.09428308596000001
0.10822195800000001
0.120813093
0.13287007350000002
0.1455326253
0.1594922553
0.1751046741
0.1926578052
0.21232450079999998
0.23442456690000002
0.2599008426
0.2894758344
0.3223189296
0.35629498170000007
0.38873223720000005
0.4169947491
0.4389285357
0.45313449480000006
0.4590926964
0.45698384070000003
0.447398784
0.43112252250000005
0.40933323720000003
0.38343768210000007
0.3544418727
0.3229766901
0.28959198480000004
0.2549340396
0.21976940790000002
0.1847386827
0.1502957727
0.11681698950000001
0.08489315997
0.05551631055
0.02968420653
0.008039745279
-0.009019623996
-0.021433398120000002
-0.029688081480000003
-0.03476587482
-0.037786314960000005
-0.039713263830000005
-0.04114190394
-0.04230339813
-0.04312660428
-0.04338633384
-0.04302874953
-0.04233599676
-0.04132860786
-0.03947603841
-0.036146112390000006
-0.030894348510000003
-0.023565532950000002
-0.01440795681
-0.004032779166
0.006865986627000001
0.01771729164
0.028035596790000002
0.0372244374
0.044439800310000006
0.04924187379
0.05206595697
0.05362246062
0.054437220360000003
0.05486561325
0.05509802196000001
0.05515055451
0.05487411852
0.05400847431
0.05226009687000001
0.04941309753
0.045433141290000006
0.040571226810000006
0.0354021318
0.03075445791
0.02728427832
0.02471474502
0.02209747626
0.01908999513
0.015912114300000002
0.012788884980000002
0.009612154863
0.005903353890000001
0.001205745138
-0.004696502184
-0.011825023050000001
-0.02020606902
-0.030012929820000003
-0.041181948360000005
-0.05326010865
-0.06574851333000001
-0.07826043258000001
-0.09049847625000002
-0.10227650939999999
-0.11353034520000001
-0.1243438101
-0.13491496800000002
-0.1454818095
-0.1560420783
-0.1661155749
-0.1752685992
-0.18349918920000002
-0.1905776928
-0.1956688866
-0.19759508010000001
-0.19557814410000002
-0.1899466155
-0.181491867
-0.17067418380000002
-0.1577689326
-0.1432832904
-0.12841594110000001
-0.1148696064
-0.1042187913
-0.09734719040999999
-0.09419043051
-0.09408107844000001
-0.09630973386000001
-0.10073810520000001
-0.1075281948
-0.11644489620000001
-0.12643579259999999
-0.1358703639
-0.1436791239
-0.149677056
-0.15407213220000002
-0.1571379534
-0.1589538825
-0.1594315314
-0.15857953290000001
-0.1568703366
-0.15494796900000002
-0.1528611858
-0.15030597510000002
-0.14711644980000002
-0.1433801151
-0.1394983962
-0.1362413781
-0.13469738220000002
-0.136032327
-0.1409606748
-0.1493911926
-0.1606015701
-0.17355469410000002
-0.1872745677
-0.2009584386
-0.2141382717
-0.2270364597
-0.2403401931
-0.2543293512
-0.2687710446
-0.2832768954
-0.2973169674
-0.3103606377
-0.32223927240000005
-0.3328718409
-0.34151307750000004
-0.3470561199
-0.348621894
-0.3457663992
-0.3384692307
-0.326881953
-0.3111850701
-0.2914686378
-0.2679457293
-0.24121200780000002
-0.21237875009999999
-0.1827395028
-0.1532074788
-0.1247869278
-0.0987628617
-0.07558908129
-0.054831709890000004
-0.036418016160000004
-0.020847780360000002
-0.008793877257
-0.0005908985811
0.004057848621
0.005857538247000001
0.005702579487
0.004409946198
0.002752492743
0.001510301493
0.001435710177
0.003149986095
0.006943688694000001
0.01239517044
0.01824831675
0.023119639020000003
0.02611937025
0.02694586275
0.025737672960000003
0.02277252198
0.01846011465
0.01322752932
0.0071848695060000006
0.000253188252
-0.007278070392
-0.01460747259
-0.02055617811
-0.02392391187
-0.023627600820000004
-0.018557194410000002
-0.007975427976
0.007997690790000001
0.028763067150000002
0.05376138003
0.08264325608999999
0.11494661490000001
0.14966361630000002
0.18565552529999998
0.22226193270000003
0.2592473985
0.29662359660000004
0.3343820904
0.37190691000000003
0.4076953596
0.4406511717
0.47074236570000005
0.4979709036
0.5219907867
0.5423476158
0.5586517377
0.570643776
0.5780988855
0.5811076125
0.5805443223000001
0.5775304941
0.5726986767
0.5667692184
0.5605656687
0.5538723057
0.5455798146
0.5347241667
0.5207862168
0.5036513841
0.4834265976
0.46020348270000005
0.4338886482
0.4045328118
0.372604401
0.3385067049
0.30261446550000004
0.265977549
0.2296538658
0.19355296770000002
0.15760824480000002
0.1227409542
0.09012131118000001
0.060648294330000005
0.0349417485
0.01344142656
-0.003498521661
-0.015869646810000002
-0.024238763820000002
-0.029751149970000005
-0.03342195387
-0.035308348200000006
-0.03513021822
-0.03288240387000001
-0.028605086910000004
-0.02236302315
-0.01434694842
-0.004777978158000001
0.006116651739
0.01766325816
0.02868291945
0.0379552824
0.044450561879999996
0.047461378410000005
0.0468040005
0.04279667436
0.03602736234
0.02726113653
0.01729967013
0.0064108173420000004
-0.005887875672
-0.02001847239
-0.03592651554
-0.05333925573
-0.07165801809000001
-0.0897965217
-0.1061810856
-0.11907181800000001
-0.1271477043
-0.1296771147
-0.1263141486
-0.1171302228
-0.1028295972
-0.08522141238
-0.06657954786
-0.04801164093
-0.0297044838
-0.01163817198
0.006613023024000001
0.025618255830000002
0.04519748547
0.06457702275
0.08318667123
0.10073261160000001
0.1169926866
0.13151158470000002
0.14355286920000002
0.15226267770000002
0.1569022191
0.1570966533
0.1530872082
0.1457307873
0.13617614160000002
0.1255416111
0.1145738349
0.1035655434
0.09239639733
0.08059093542
0.06763850793000001
0.05333474313
0.0373990554
0.019235624580000003
-0.001290943026
-0.023923499850000002
-0.04895050698
-0.0765530217
-0.105828318
-0.13561353810000001
-0.16510308480000002
-0.19346340239999998
-0.2196824913
-0.24275011770000002
-0.26188167780000005
-0.2769175629
-0.28880924490000004
-0.2992230504
-0.30922101
-0.31902659550000007
-0.3283850412
-0.33724258830000003
-0.345859398
-0.3541071555
-0.3614971266
-0.36762661080000003
-0.37203257610000007
-0.3741493779
-0.37378660410000003
-0.371257488
-0.367034283
-0.3617137314
-0.35594437230000003
-0.35010290969999996
-0.34423280190000005
-0.33840340560000004
-0.33263708760000005
-0.3266234595
-0.32006106000000006
-0.3130735932
-0.30622896000000005
-0.30024642960000003
-0.2954674881
-0.2916661131
-0.2881292157
-0.2839714434
-0.2784410559
-0.2710301895
-0.2615525523
-0.250053957
-0.2363402637
-0.2198085498
-0.20029842180000001
-0.1784695041
-0.15540854850000002
-0.1322752932
-0.10994812560000002
-0.08890200666
-0.06916290345000001
-0.05027825124000001
-0.03156556833
-0.012496821659999999
0.007396315227
0.0284487057
0.05012146782
0.07119540792000001
0.09098895663
0.1092564225
0.1255886991
0.1398044682
0.1521931248
0.1631505024
0.17281835550000002
0.1809141561
0.18733941180000002
0.19264259970000003
0.1973917188
0.2017443177
0.2055702177
0.2087841699
0.2116382913
0.21442933440000003
0.2171750553
0.21957948630000002
0.22107354930000003
0.22091443110000003
0.21852589230000002
0.213607845
0.20558620800000002
0.1934947944
0.176552532
0.15426068040000002
0.1261753371
0.09190660365
0.05143595877
0.005722598754
-0.04371952068
-0.09612269640000001
-0.1506369645
-0.20545436160000002
-0.2587283514
-0.3092171841
-0.3560034285
-0.3987022383
-0.4376557863
-0.47312825580000006
-0.5046631875
-0.5315562234
-0.5530992777
-0.5685432588
-0.5776542963000001
-0.5810721984
-0.5796254196
-0.5739041295
-0.5645105640000001
-0.5523068259
-0.5384350935000001
-0.5240565765
-0.5099067306
-0.49593925260000005
-0.48147087600000005
-0.46582314120000007
-0.4488220188
-0.4309785117
-0.4129538139
-0.39525471
-0.37854769140000005
-0.3634759017
-0.3501919845
-0.3385040562
-0.3281646105
-0.31888650869999996
-0.31051691100000006
-0.3033198045
-0.2975395563
-0.2929425903
-0.28964554740000004
-0.2885355459
-0.290389734
-0.29552389560000003
-0.3040513362
-0.3157400493
-0.32992177770000003
-0.3457400103
-0.36247165200000003
-0.37975530240000005
-0.3971197872
-0.4133248281
-0.4269150135
-0.4368244869
-0.4422119427
-0.44245709460000004
-0.4373934669
-0.42732516960000005
-0.4129143777
-0.39525529859999997
-0.3754896201
-0.3538247256
-0.3299605272
-0.30440223990000004
-0.2781348858
-0.2517784569
-0.2253250071
-0.19844266410000003
-0.1712696508
-0.1441724688
-0.11719653840000001
-0.09061603929
-0.06523809903
-0.04165990137
-0.020244131820000004
-0.0017413515180000002
0.01322449803
0.02469271176
0.032548236030000004
0.03611948805
0.03480799896
0.02852938314
0.01775036115
0.0031197654090000006
-0.01493266428
-0.03604654089
-0.05988436020000001
-0.08626780584
-0.11476768050000001
-0.1442078829
-0.17286240240000003
-0.19892796480000002
-0.22097348730000002
-0.23784511770000002
-0.2482601985
-0.2516210064
-0.248709987
-0.2409364449
-0.229585392
-0.2155403169
-0.1993236021
-0.18122444640000002
-0.16146004320000001
-0.14033371770000003
-0.11836716570000001
-0.0961720407
-0.07407551601
-0.052048544220000006
-0.029773016460000003
-0.006709832028
0.017597962800000002
0.04303646019
0.06889469805000001
0.094257423
0.11806599870000001
0.1391661315
0.1564453674
0.1688807196
0.1754856945
0.1758082473
0.17046719280000003
0.1608105231
0.14832582660000002
0.1343347065
0.11989007010000001
0.1057632777
0.09239220846000001
0.07971744321
0.06691512834
0.05266817325
0.03611827161
0.017075482200000002
-0.004352592033
-0.027952437420000004
-0.05337003951000001
-0.07972068051
-0.1056313332
-0.1298678211
-0.151818579
-0.1716882435
-0.18996643170000002
-0.2071476657
-0.2240636373
-0.2416916187
-0.26047757250000003
-0.2799417897
-0.2988974565
-0.31658625990000006
-0.3329856369
-0.3481388496
-0.36229762260000004
-0.37612982070000006
-0.39004147980000003
-0.4037778342
-0.4168255266
-0.4288358115
-0.43985538450000006
-0.4498158699
-0.4581046332
-0.4640128038
-0.4671293427
-0.4674137346
-0.46505747070000003
-0.4602413493
-0.453195513
-0.44413597800000004
-0.4330166373
-0.4197388023
-0.4046382693
-0.3883029516
-0.37113172380000004
-0.3530233467
-0.3335060574
-0.31225543920000004
-0.2893303521
-0.26511623100000004
-0.2400821901
-0.21454146270000002
-0.1886695497
-0.1625166783
-0.1360405674
-0.109113687
-0.08160422994
-0.05344434045
-0.02472961698
0.00421872183
0.03279974481
0.06016589739000001
0.08533196127
0.1075347675
0.1267365672
0.1434750759
0.15807883050000002
0.1706962563
0.18161537490000002
0.191633445
0.20186321490000003
0.2129374296
0.224947224
0.23772818250000002
0.2505953709
0.26244477180000003
0.27259910280000005
0.28106003160000004
0.2880427896
0.293703552
0.2980193634
0.3011106906
0.3032911593
0.3046518063
0.3049433595
0.30366717660000003
0.3001856076
0.29390397030000004
0.284484114
0.27206808750000006
0.2573841852
0.24154476300000002
0.2255822253
0.2100553497
0.19500612300000003
0.1803422331
0.16599559860000002
0.15193649520000002
0.1382252544
0.1250491491
0.11272906440000001
0.1016764317
0.0923065083
0.08491167144000002
0.07952979753
0.07584794757
0.07332819021
0.07158049947
0.07048606644000001
0.07016268960000001
0.07092080640000001
0.0731778912
0.07732139975999999
0.08353090413
0.09159441021
0.100779111
0.1098976041
0.1176859593
0.12317602770000001
0.1258734834
0.1258791732
0.1238022981
0.1202057559
0.11517764040000002
0.10869028740000002
0.1008782901
0.09199929834000001
0.08218997523000002
0.07117727904
0.05838153687
0.043281229500000004
0.02588484258
0.006535554435
-0.014731451370000002
-0.03786920946
-0.06247104138
-0.087997662
-0.11374557660000001
-0.1385468262
-0.1612937637
-0.18171023760000002
-0.20017775880000002
-0.2172725667
-0.2333853936
-0.2485672515
-0.2625457167
-0.2748011535
-0.2848291317
-0.29259992700000004
-0.2984845536
-0.3025873899
-0.304864389
-0.3053982492
-0.303897123
-0.2996132922
-0.2922186123
-0.2818956474
-0.2687201307
-0.25304218110000004
-0.2358862569
-0.2186388054
-0.2025320607
-0.18812195550000002
-0.17510869620000002
-0.16256975040000002
-0.1496385027
-0.1359968148
-0.1216226142
-0.1067025852
-0.09169927911
-0.07731889821
-0.06426559449000001
-0.05281691247
-0.04288153086
-0.03466495935
-0.0284917716
-0.024223617180000004
-0.02111197347
-0.0179612271
-0.013513176900000002
-0.006704206974
0.003292997256
0.01712510118
0.03524309208
0.05735681370000001
0.08238531195
0.1090868076
0.1360680354
0.1617125526
0.18517748400000003
0.20686709970000003
0.22739364180000002
0.24695968680000002
0.26548587180000005
0.2829319758
0.2996684244
0.3164458788
0.3339602604
0.3520938492
0.3702072294
0.38800649340000004
0.4056164244
0.4231599417
0.4400843499
0.4552881822
0.4680541314
0.47807298630000006
0.4852067202
0.4896566343
0.49216102920000004
0.4940305209
0.49684932630000006
0.5018253507
0.5092915455
0.5186196783
0.5288848623000001
0.5392824813
0.5491815561000001
0.5581851741
0.5661067491
0.5727708783000001
0.5782024791
0.5833026
0.5893136775000001
0.5964965595
0.6042461652
0.6118287066
0.6191092962000001
0.62653527
0.6343562925000001
0.6426787041
0.6517023345
0.6613045586999999
0.6706759536000001
0.6784003476
0.6830609805
0.684087597
0.6814703871000001
0.6753857346000001
0.6665431968
0.6558056613
0.6429162042
0.6265036817999999
0.6046954632
0.575500707
0.5372514189
0.48918644099999997
0.4315364064
0.36517518990000003
0.2916023481
0.21262409820000003
0.1295374203
0.043243529669999996
-0.044739486
-0.1321342254
-0.216592047
-0.29639600460000004
-0.37077699420000004
-0.43933045140000004
-0.5019431688
-0.5589518256
-0.6107816853
-0.6574517793000001
-0.6988497831000001
-0.7350835085999999
-0.7667656884
-0.7950076974
-0.821121525
-0.8462919249
-0.8711498763
-0.8953309376999999
-0.9175845303
-0.9363100545
-0.9498240162
-0.9564874587000001
-0.9547930755
-0.9436181121000001
-0.9226318734000001
-0.8922370599000001
-0.8529847974000001
-0.8052828876000001
-0.7495229457
-0.6868664757
-0.6189517476
-0.5466037824
-0.4704917202
-0.3920670486
-0.31313637720000004
-0.23552269830000003
-0.1610971713
-0.0917340948
-0.029075270400000002
0.025725400650000004
0.07203199491000001
0.10932077610000002
0.13707287370000001
0.1548510462
0.16279106399999999
0.1618970787
0.1537897023
0.14021177940000001
0.1225062009
0.1016138439
0.07821811224000001
0.052647091560000005
0.024995026530000002
-0.004349026098
-0.03481102044
-0.06625035369
-0.0985852026
-0.1312709454
-0.1632239793
-0.1930813029
-0.2196317736
-0.24175185210000003
-0.2582415792
-0.2680747308
-0.2705497938
-0.2651953977
-0.251808966
-0.230566392
-0.20237696460000001
-0.16890289020000002
-0.13195028790000002
-0.09308906181
-0.053269545870000004
-0.01266761376
0.028930994730000003
0.07092798732
0.11220972300000001
0.1526212332
0.19227021210000003
0.23050763010000003
0.26634581640000005
0.2989022634
0.3276452691
0.3526157412
0.37453589190000003
0.3945853737
0.41403762270000005
0.4338624555000001
0.45479464110000006
0.4774628043
0.5019384600000001
0.5272814178
0.5515880472
0.5726010672
0.5886003924000001
0.5982331257000001
0.6003987813
0.5949851328
0.5829872085
0.5657131719
0.5442768504
0.5193512100000001
0.49165032059999997
0.46221384600000004
0.43217493930000006
0.4028248908
0.37573594920000003
0.352734246
0.3357027126
0.326234493
0.32516588970000004
0.33218945730000005
0.3457909242
0.3637521513
0.3841123158
0.4053222225
0.4258423881
0.44442390150000005
0.46051308630000004
0.4742293302000001
0.48587536980000007
0.4952096829
0.5018502681000001
0.5058196884
0.5069668698
0.5045835303
0.4976389332
0.48514913550000005
0.4665545748
0.4420959885
0.4127653638
0.3797513784
0.34411429709999997
0.30677802570000007
0.2691092934
0.2328842007
0.19883064960000002
0.1667615634
0.13709121840000002
0.1102252581
0.08579134395
0.06363742095
0.044271303750000005
0.028360082160000005
0.01663515054
0.00987962157
0.008289245952
0.01126006515
0.0179044272
0.02711894058
0.03751419537
0.047718037440000007
0.056681454060000004
0.06377802768
0.06882294771
0.07202479437
0.07366503618
0.07380174834
0.07226153910000001
0.06873644313
0.0628995618
0.054596426850000004
0.044021511719999996
0.0318380607
0.01884560841
0.0053527136850000006
-0.008348319810000001
-0.02133475857
-0.03245504103
-0.04092630957
-0.046758923550000005
-0.05037871545
-0.051947118630000004
-0.05141129643
-0.04886921151
-0.04494595707000001
-0.04045494888000001
-0.03571981884
-0.03083316354
-0.025856060040000003
-0.020521058310000003
-0.01442076867
-0.007593327495
-0.0006980953941
0.005004983520000001
0.007826389551
0.006358210236
0.00050675517
-0.008780909418000001
-0.020382560730000002
-0.03360892266
-0.04801250421
-0.0625361994
-0.07562827224
-0.08577741375
-0.09173855835
-0.09293356350000001
-0.08990746299
-0.08378370783000001
-0.07534260504
-0.06530116752000001
-0.054488762100000004
-0.04343422626
-0.03225744801
-0.020864104200000004
-0.009297648225
0.002293686891
0.01429714305
0.027371381309999998
0.041556974850000004
0.056438117010000004
0.07165077831000001
0.08717655519000002
0.10298547810000001
0.1182767175
0.1319450886
0.1430784576
0.1504562643
0.15276190860000002
0.14963251860000001
0.1415685024
0.1294034157
0.1143811665
0.09795262437000002
0.0810310905
0.06349893318
0.04422431385
0.022277587860000003
-0.002242433565
-0.028581660630000002
-0.05589342657000001
-0.08365449051
-0.11111139540000001
-0.1370697345
-0.160789824
-0.18219897180000003
-0.20144109059999998
-0.218608983
-0.23374630350000003
-0.24721582590000002
-0.259516683
-0.2706228783
-0.2805800283
-0.2901755817
-0.3006051813
-0.3129037821
-0.32740433550000003
-0.3435992721
-0.36054133830000007
-0.3777967359
-0.39552340590000007
-0.4133107017
-0.4303361529
-0.4461243669
-0.460319535
-0.47239191720000007
-0.481734765
-0.48783334770000003
-0.49044947850000004
-0.4897978002
-0.4865363676
-0.4814682273
-0.47519649810000003
-0.46782663750000003
-0.45925181460000003
-0.449458884
-0.43830569880000003
-0.4256281377000001
-0.4117146147
-0.3971736441
-0.3823863444
-0.3671302248
-0.3505741821000001
-0.3317776335
-0.30999462660000004
-0.2848829886
-0.25671906720000004
-0.22640636340000003
-0.1951392447
-0.16401878550000001
-0.1336733163
-0.10444285169999999
-0.07648371405
-0.04945920453
-0.02281056516
0.0033604753410000003
0.02843933715
0.05189829426
0.0737115552
0.09418563342
0.1132112259
0.13015044720000002
0.1442043513
0.1549421811
0.16261644600000003
0.16797574710000002
0.1722496698
0.17708698080000002
0.1841514561
0.19460440350000002
0.2088256662
0.226214676
0.24524489880000003
0.2640811779
0.2813646321
0.2964135645
0.3091302675
0.3197026026
0.3285916398
0.3365559864
0.34454328840000004
0.3533351085
0.3629744145
0.37258213230000004
0.38064065490000004
0.3857529402
0.38702186369999997
0.38354363010000003
0.37437402690000005
0.35891729280000007
0.3372391548
0.31005329040000007
0.278264574
0.24302862360000002
0.2060945622
0.1690572015
0.1324529523
0.09611855658000001
0.05980830327
0.023684067180000004
-0.0117310923
-0.04571761167
-0.07706188602000001
-0.1040928309
-0.1253547306
-0.140058351
-0.14807635830000002
-0.1493437122
-0.1435357998
-0.1307212911
-0.1114658307
-0.08627921487000001
-0.05583814722
-0.02123559909
0.01616902839
0.054985589550000005
0.09411818966999999
0.1327707963
0.1704005829
0.2067165162
0.2416739607
0.27539446230000003
0.30789656190000003
0.338853096
0.3679300341
0.39494932470000005
0.4195851777
0.44134934940000004
0.4597844976
0.4746251637
0.48578943420000004
0.49315792140000003
0.4965720957
0.4959232623
0.4910217939
0.4815001098
0.4670023032000001
0.4472586972
0.42193594800000006
0.39089141820000006
0.35424145440000004
0.3120324579
0.2644362018
0.2125067706
0.1582295121
0.1039814874
0.05177987775
0.002957798385
-0.041653730879999996
-0.08176245543
-0.1177264746
-0.15031176300000001
-0.1803485115
-0.2084156082
-0.23503151160000002
-0.2608789977
-0.2863073025
-0.3111345486
-0.3354207732
-0.35936551170000003
-0.3825463455
-0.4041332505
-0.42322606110000005
-0.4386892698
-0.4496438025
-0.45633324150000004
-0.4595467032
-0.4596698187
-0.4567568373
-0.4507593957
-0.441693288
-0.4298209317
-0.4157149365
-0.40007926800000004
-0.38363868900000003
-0.36715229730000004
-0.351221544
-0.3361713363
-0.3226233339
-0.3115682487
-0.3034621476
-0.29804065110000005
-0.29476617120000004
-0.2931127938
-0.2927209824
-0.2933025192
-0.2943314901
-0.2948087466
-0.2938675752
-0.2913398325
-0.2874770469
-0.2827419561
-0.27773081190000004
-0.2728579887
-0.26811524610000004
-0.2633457222
-0.2582556075
-0.25210954440000005
-0.2440822176
-0.2339660475
-0.22258056150000002
-0.2111824206
-0.19993761000000002
-0.18824448240000002
-0.17587534770000002
-0.1627866495
-0.1488269214
-0.1339066962
-0.11835029250000001
-0.10311291
-0.08910209142
-0.07649221932000001
-0.0646987158
-0.05293223883
-0.04102733295
-0.02935519875
-0.01864598472
-0.0102862755
-0.005905428705
-0.006384921885
-0.01198906587
-0.022796497619999998
-0.03844298655
-0.05802299118
-0.08033521815000001
-0.1039100706
-0.127234719
-0.1494485811
-0.1704344274
-0.19005432930000002
-0.20813778900000002
-0.2247803559
-0.24000577020000002
-0.25345979280000003
-0.26446111920000004
-0.2721861018
-0.2759811003
-0.27584385840000003
-0.27227095830000003
-0.2651588064
-0.2541174552
-0.23965074630000002
-0.2220924159
-0.2007193689
-0.1749965679
-0.14509745370000002
-0.1112599188
-0.07393951998
-0.03413943765
0.006476704245
0.046006967430000004
0.08316628605000001
0.11733848910000001
0.1482650046
0.1760905791
0.2010663486
0.2229271488
0.2412896049
0.2563877835
0.2686132998
0.2780936838
0.2848463973
0.2889851382
0.2907493686
0.29032175070000005
0.28766991150000004
0.28267730820000003
0.2752983243
0.2656119303
0.25368826769999997
0.23961032910000002
0.22395327480000002
0.2078187678
0.1921993839
0.1773187911
0.16246350810000001
0.14708495970000002
0.13142545290000002
0.1162536993
0.1029892059
0.09357058566000001
0.0892379403
0.0900796383
0.09595057014000001
0.10657221030000001
0.12119332860000001
0.1385067033
0.15714099450000002
0.1766964447
0.19732648230000002
0.2185571862
0.23969410650000003
0.26045039880000004
0.2808340092
0.30076479
0.3195854712
0.3360658788
0.34875992070000006
0.35663587920000006
0.35953522470000004
0.35816771070000003
0.3534095664
0.34556186070000006
0.3347172
0.3209564187
0.30405153240000005
0.28357354980000005
0.2592122787
0.23105394900000004
0.1996798032
0.16599030120000002
0.1312374933
0.09696915225000001
0.06462905499
0.035146267380000006
0.008805531537
-0.01463419503
-0.0356255055
-0.05482364607
-0.07295015205000001
-0.09038605364999999
-0.107006499
-0.1223435511
-0.13599357750000002
-0.14795765730000002
-0.15844513590000003
-0.167725494
-0.17612648370000003
-0.1838035935
-0.19049175720000003
-0.19580661900000002
-0.1994122845
-0.200770479
-0.19937883240000004
-0.1952706987
-0.1888718319
-0.1805762997
-0.17042618700000003
-0.1580484195
-0.1428847101
-0.1246415436
-0.103556322
-0.0799501266
-0.05418024741
-0.02718215622
-0.00030300323580000006
0.02539757007
0.04951958508
0.07223196195
0.09359576793
0.1135718415
0.1325335905
0.1513255284
0.170990262
0.1922906169
0.21537305639999998
0.2397500235
0.2645247861
0.28875479940000004
0.31154627430000004
0.3321356985
0.3499709652
0.36461337120000004
0.3756184254
0.3829575807
0.3871186884
0.3885017022
0.3874230927
0.38450177280000003
0.3802120560000001
0.3744630036
0.3670628301
0.3581242524
0.3481100082
0.3376354788
0.32717066130000005
0.31706263349999997
0.3077433297
0.2999659617
0.2943187371
0.2905158906
0.28789740540000003
0.2860617582
0.2848928967
0.28452590460000005
0.2853373878
0.2878760196
0.29273069430000004
0.3003403113
0.31079316060000006
0.3237022377
0.3383451342
0.3539588283
0.3697892253
0.3852670509
0.4003516917
0.4151771523
0.429429807
0.44288677260000003
0.45591249060000005
0.4690615203
0.4827762927
0.49722220440000003
0.5119679097000001
0.5259231252000001
0.5380881138
0.5479293096000001
0.5551070904000001
0.5594813694
0.561154563
0.5602285971000001
0.5566435326
0.550254672
0.5409664659000001
0.5287470318
0.5134745295
0.49480384320000004
0.47237926230000005
0.44607629790000003
0.416163744
0.3831543693
0.34750875330000003
0.3094057323
0.268933302
0.22650142230000003
0.182569005
0.1372983075
0.09131717961000001
0.04587563115
0.0020191010670000003
-0.03971612835
-0.07904875437
-0.1154541843
-0.1481647464
-0.1770844302
-0.20272149180000001
-0.22550629590000001
-0.2457658098
-0.2637680427
-0.2794743432
-0.29279759850000003
-0.30411029430000003
-0.3141529875
-0.32374088910000004
-0.333754839
-0.34485818940000007
-0.3570456429
-0.36974998530000003
-0.3820564341
-0.3924762237
-0.39936784680000004
-0.402028515
-0.4009212603
-0.39730872780000004
-0.39294680940000004
-0.3895931628
-0.38841910200000007
-0.3897289332
-0.3930901335
-0.3979038024
-0.40373123670000005
-0.4099300776
-0.41560369110000006
-0.41998993830000003
-0.4232096784
-0.4262996322
-0.4299092217
-0.4338955152
-0.4379449851
-0.4419083232
-0.44589844260000006
-0.4499808741
-0.4541858325
-0.45878338710000005
-0.46376637660000003
-0.468429462
-0.4720990887
-0.4746691125
-0.4764869055
-0.47781056880000006
-0.4783863177
-0.47809250820000004
-0.4772728827
-0.47623037400000007
-0.47480468670000003
-0.4722786117000001
-0.468022347
-0.4617619974
-0.4529318202
-0.44075957220000006
-0.4248050787
-0.4049138322
-0.38108367449999997
-0.3536343135
-0.3231301185
-0.2899907613
-0.2542823613
-0.21581342730000003
-0.1747060938
-0.1318337451
-0.08873952363
-0.047054263410000005
-0.007721591283
0.029119425210000004
0.06376556898
0.09625065804
0.12650976
0.1547245953
0.1810754325
0.20553087960000002
0.227968704
0.2483292609
0.2667680388
0.283749345
0.299927997
0.3157419132
0.33123298230000003
0.3459289509
0.35865016650000003
0.3679261101
0.37330071480000004
0.3753028377
0.3742862274
0.37041579
0.36391852890000004
0.3551314176
0.34436651220000003
0.3316915998
0.31729120650000003
0.3016144341
0.2848126509
0.26698081770000004
0.24899535990000002
0.23207418900000001
0.2171729952
0.2051972415
0.1968379443
0.19210226489999999
0.1906864857
0.19251379440000002
0.1975943934
0.20577348090000003
0.21653181360000004
0.2288209968
0.2411223444
0.2518498737
0.2598534603
0.2648151621
0.26681385150000003
0.2657197422
0.2612593314
0.2532321027
0.24167219490000003
0.2270325357
0.2101827816
0.1921314987
0.17360227260000002
0.1546348338
0.1346015385
0.1126833498
0.08872235613
0.06342195411000001
0.037582247340000006
0.01192926411
-0.01287706707
-0.03632008293
-0.058161047310000005
-0.07854383367
-0.09805129335
-0.1175421447
-0.1377230805
-0.15878466
-0.1803855933
-0.2018752812
-0.2225747736
-0.24158135430000002
-0.2578894002
-0.2710401957
-0.28146842190000004
-0.29034264600000004
-0.2989565127
-0.30832545510000003
-0.3194017299
-0.33279120270000007
-0.34827324660000003
-0.36496633500000003
-0.3816275409
-0.3967863453
-0.409173138
-0.4182224706
-0.4239782919
-0.42675962310000004
-0.4269395385
-0.42513930540000006
-0.42247392840000003
-0.4199343156
-0.417947202
-0.4167253665
-0.41646530340000004
-0.4173121026
-0.4193385543
-0.42251454180000003
-0.42666289650000006
-0.4314070125
-0.43615112850000004
-0.4401532161
-0.44292297150000004
-0.444910968
-0.4468951386
-0.4485655854000001
-0.4494974373
-0.4500382626
-0.450197577
-0.44928505080000003
-0.44658965520000005
-0.4418619219
-0.4353436674
-0.42711729570000007
-0.41679374220000004
-0.40374938520000003
-0.387579366
-0.3684922452
-0.34712459370000004
-0.32419028520000004
-0.3001452885
-0.2751581394
-0.24929152380000003
-0.2228551434
-0.19639875060000003
-0.17005684050000003
-0.14343465870000002
-0.11623496220000001
-0.08869222962
-0.06168905685
-0.03613780332
-0.0127587879
0.007389861228
0.023335360920000003
0.035166966480000006
0.04376565711
0.050283764460000005
0.056148457140000003
0.06284103534
0.07131527631000001
0.08177353092
0.09369443691000001
0.1061208522
0.1179459243
0.1280399238
0.13541056920000002
0.1394211915
0.1399784976
0.13753678860000002
0.132801894
0.12637467630000002
0.11844996210000001
0.10909671570000001
0.09875079540000001
0.08827568721000001
0.07858429992
0.06993032013
0.06207645375
0.055092901140000004
0.04916778867
0.044327416950000004
0.04071812175
0.03856453245
0.03772129428
0.037769225940000005
0.038395702350000005
0.039453171300000006
0.0410903622
0.04403141001000001
0.04912363386
0.05637204666
0.06502408407
0.07420236912
0.08354887605
0.09318786813000002
0.10291278599999999
0.11217009060000001
0.120370662
0.12663984060000003
0.1297859076
0.1288683783
0.1236045285
0.11440981170000002
0.1019900574
0.08682319899
0.06923765565000001
0.04957225497000001
0.028231178760000003
0.00554514174
-0.018360317520000002
-0.04316245983
-0.06808650120000001
-0.09223896645
-0.1148199678
-0.1351976922
-0.15303099690000002
-0.168409251
-0.18189525420000002
-0.19416256110000002
-0.2052321651
-0.21454313040000003
-0.22150361970000002
-0.225712404
-0.2271119967
-0.22613982570000002
-0.2234370726
-0.219257424
-0.2139662043
-0.20855795130000002
-0.20395686510000002
-0.20040878430000003
-0.1974671577
-0.1942825374
-0.1900709082
-0.18428703030000002
-0.1767372543
-0.1676930229
-0.1577413665
-0.14737592430000002
-0.1369351413
-0.1267341147
-0.1173015054
-0.10915773390000001
-0.1020385188
-0.09512000649
-0.08794122507
-0.08054232687000001
-0.07325995185
-0.06635742984
-0.05982293979
-0.05342878179
-0.04702691313000001
-0.040900499459999996
-0.035743990680000004
-0.03233971467
-0.03102586137
-0.031431779550000004
-0.03261592503
-0.033653195190000006
-0.03412909791
-0.03386840697
-0.03274926255
-0.0307567044
-0.0279925407
-0.02454048018
-0.020192030910000002
-0.014605069140000001
-0.008072960958000001
-0.001351852335
0.0052440895170000005
0.01195300431
0.019310661269999998
0.02778808068
0.03770089929
0.049450149900000004
0.06320303415
0.07847946045
0.09439491996
0.11013422130000002
0.1253363859
0.140012244
0.15409440089999998
0.1673676252
0.1794800322
0.18990099900000001
0.1977737202
0.2017775736
0.2008186461
0.19490380470000002
0.1848382542
0.1716708798
0.1564555698
0.1401983397
0.1238093613
0.10785359250000001
0.09253906416
0.07837008876
0.06617521890000001
0.05625867249000001
0.048370314149999996
0.0422002656
0.03764419749
0.034769690910000005
0.03336823431
0.032916317040000004
0.032966652150000005
0.03315822183
0.03314213343
0.03258084447
0.03116663487
0.02866293648
0.02496310479
0.02014932798
0.01452032055
0.008450766621
0.002060347212
-0.004704864228
-0.011664904230000002
-0.01857330243
-0.02531475405
-0.031540140810000006
-0.03644126586
-0.0389607093
-0.03846995424000001
-0.035416827180000006
-0.030611408490000002
-0.02453625207
-0.01770641235
-0.01069519554
-0.0037402528140000006
0.0030767524830000005
0.009580841343000001
0.015799779990000002
0.022024274040000003
0.02842973316
0.03515065245
0.04259088999
0.05113322217
0.06091332129
0.0721153701
0.08509660956000001
0.1001834478
0.1172755089
0.1356097122
0.15430747410000004
0.1727319294
0.19017773910000002
0.20598675030000002
0.2200139712
0.23246757
0.24359132520000001
0.253673847
0.2630725137
0.2721320487
0.2809094481
0.28889724060000005
0.2953714482
0.2998334286
0.30213034200000005
0.302340276
0.3004514586
0.2963925711
0.2901500757
0.2818180503
0.27146673450000003
0.2588343975
0.2433315564
0.22435754490000004
0.20176099470000003
0.1759285179
0.1469836224
0.1147816107
0.07984799469000001
0.043276040009999996
0.006106386555
-0.03042230112
-0.06494634963000001
-0.09678739257
-0.12598953570000002
-0.1525959234
-0.1768650786
-0.19945338840000001
-0.22077669870000002
-0.24069904290000002
-0.2589512346
-0.27513302580000004
-0.2885469255
-0.2986638804
-0.3055472631
-0.3096775674
-0.31166958600000005
-0.3119549589
-0.3107884518
-0.3083419359
-0.3047836527
-0.3003650325
-0.2955101616
-0.2908512945
-0.287132814
-0.28482844500000004
-0.28374522480000003
-0.2830009401
-0.2815128612
-0.2788784838
-0.2754741195
-0.2720780937
-0.26979295230000006
-0.26978559480000003
-0.27272182590000005
-0.2785651524
-0.2868137928
-0.2964908673
-0.3063434427
-0.3155301153
-0.32381495460000004
-0.33089041710000006
-0.3363579225
-0.3401517438
-0.3423517344
-0.3430099854
-0.34246808100000004
-0.3411786546
-0.3389448195
-0.33507546120000004
-0.3290865543
-0.3211584066
-0.3119811516
-0.30178296990000003
-0.2903666805
-0.2780557191
-0.2656319427
-0.2540511396
-0.24460695450000003
-0.23845873320000002
-0.23538722220000002
-0.234209826
-0.23424631920000002
-0.234942633
-0.2354018391
-0.2351251971
-0.2343682575
-0.23373737640000003
-0.2339357346
-0.23554761570000002
-0.2385701748
-0.2421313029
-0.24485946390000002
-0.2456291565
-0.2443858371
-0.24176852910000002
-0.2380348431
-0.2332877841
-0.22790415420000001
-0.2224815786
-0.21753174690000002
-0.2130044319
-0.2081747727
-0.2019411063
-0.19354561020000002
-0.1830523437
-0.1708246692
-0.1571890635
-0.1425305691
-0.1273645053
-0.11232332280000001
-0.0981038259
-0.08525309868
-0.07380964539
-0.06348350205
-0.05441899338
-0.04710707064
-0.0418625073
-0.038693896920000005
-0.03739557285
-0.03779473194
-0.03984183369
-0.04349035908
-0.048579453540000005
-0.05474224269
-0.061371487530000005
-0.06777407232
-0.07358406444
-0.07899233706
-0.08469075024000002
-0.09152877150000001
-0.10001275379999999
-0.1101334365
-0.1214367147
-0.1333052451
-0.145128159
-0.1563239196
-0.1664056566
-0.17506523790000003
-0.1822302657
-0.1879607772
-0.1921705425
-0.19472820570000002
-0.1959055038
-0.19625797709999998
-0.19625886
-0.1962801477
-0.196626735
-0.19751238180000003
-0.19903469760000003
-0.2011402179
-0.2036046861
-0.20603050290000002
-0.2079045072
-0.20881369800000002
-0.2088236061
-0.2082439332
-0.2069287065
-0.2046623022
-0.20173705830000002
-0.19838164590000001
-0.1943739666
-0.18945876420000002
-0.1836195579
-0.1770562755
-0.1699874838
-0.1624779288
-0.1547756073
-0.14745312900000002
-0.1410611292
-0.1361277783
-0.1334536704
-0.1337646474
-0.1372759407
-0.1437937047
-0.15285265110000001
-0.1636571889
-0.1754478279
-0.1881527589
-0.20186645220000002
-0.21611969550000001
-0.23010904980000002
-0.2429247357
-0.25355681370000005
-0.2609748414
-0.2643036687
-0.2630264067
-0.2570237658
-0.24639580800000002
-0.2316155715
-0.2135961711
-0.1934427033
-0.17206749810000002
-0.14981832
-0.1264983804
-0.1017139059
-0.07543547631
-0.04840583616
-0.022061130210000002
0.002081013939
0.02314109349
0.040778894700000005
0.05510895030000001
0.06671703501
0.07621730388
0.08375147217000001
0.08940405303
0.09356114844
0.09690627015000002
0.1001544102
0.10373054760000001
0.10777059990000001
0.11235373380000001
0.11773108530000001
0.1238240763
0.1297608921
0.1346171364
0.1380170862
0.1401439923
0.14146873470000002
0.14241127950000002
0.143272107
0.14421651570000002
0.1452015378
0.14594180040000002
0.1459113894
0.1444103613
0.1406876625
0.1341246744
0.1244544669
0.1119677103
0.09760951962
0.08259900318
0.06763258269
0.052973303490000005
0.038863806120000004
0.025550792460000003
0.013274421120000001
0.002362565844
-0.006557240421
-0.01262754972
-0.01563500142
-0.01640518452
-0.01621388952
-0.01584720153
-0.015045547950000002
-0.013554202320000002
-0.011911723830000002
-0.011172550140000001
-0.01196676774
-0.013799207070000001
-0.015960281399999998
-0.0178715637
-0.018498717
-0.01708366374
-0.01398594042
-0.00978196302
-0.0047444701410000005
0.0007891944876
0.006578035659
0.01274069826
0.01938706155
0.02633985
0.033190398630000006
0.039627936450000005
0.045807775380000006
0.05235798105
0.060049089720000004
0.06925857057000001
0.07975505475
0.09082135278
0.10158127470000002
0.1112879754
0.1194208578
0.12581550630000002
0.1307536641
0.1349527365
0.1390856895
0.1430149869
0.1461461427
0.1480952916
0.14845796730000002
0.14667912
0.1423268154
0.1355762601
0.1274439663
0.1191742344
0.1116626193
0.10536322590000001
0.1002378933
0.09583357608
0.09163700523
0.08740765917000001
0.08325466433999999
0.07964184735
0.07723055916
0.07646472189
0.07734029382
0.07965872055
0.0830834406
0.08705445993000001
0.09079906446000001
0.09358374087
0.09516171861000002
0.09577960146
0.09576975222
0.09551189637
0.09545388984000001
0.0960608934
0.09773828568000001
0.1007567442
0.105162219
0.1107232137
0.1169246052
0.1232113437
0.1293776154
0.1354099806
0.14127420240000002
0.1472537898
0.15394116870000002
0.1618007445
0.1712125566
0.1825907832
0.1959160986
0.2105581122
0.22562166150000001
0.2400832692
0.252837054
0.26289377550000004
0.2697792183
0.27403705260000005
0.2769087339
0.2795309469
0.2827687374
0.287188731
0.29291639760000004
0.2995825869
0.30643644150000005
0.31276663830000007
0.3182909436
0.3232303767
0.3280561119
0.3330411615
0.3381347097
0.3429711378
0.34692780510000004
0.3496467447
0.35168290830000004
0.3537001386
0.35557404480000004
0.3567261312000001
0.3564625365
0.3541624839
0.3497208102
0.3438557055
0.3377582019
0.33236093610000006
0.32754854250000004
0.3225450501
0.31671722339999997
0.3097121967
0.3015039735
0.2924287425
0.2829491433
0.2732843313
0.26335474740000003
0.2528179245
0.2411792424
0.2281553883
0.2140457634
0.1995126408
0.1853045235
0.17215784820000002
0.16049395440000003
0.15016382820000002
0.14099098770000001
0.1331084565
0.12651613650000001
0.12086351640000001
0.11558279340000001
0.11022633720000001
0.1047950307
0.09972473220000001
0.09562324968000001
0.09281825676
0.091344834
0.09117401247000001
0.09191314692
0.09266989031999999
0.09272326653
0.09192847014
0.09041952537000002
0.08845331688000001
0.08636874093000001
0.08432836884
0.08217155205000001
0.07996384098
0.0782320032
0.07723961379000001
0.07676889075
0.07655129514
0.07641881109000001
0.07638688935
0.07689179043000001
0.07860479301000001
0.08143058313
0.08455642191000001
0.08790589926
0.09194870817
0.09648204651000002
0.10102583250000001
0.10549311030000001
0.1099386099
0.1144447353
0.1194635313
0.125698473
0.13354706160000002
0.142900308
0.1531727514
0.16352622540000003
0.1731726927
0.1815628914
0.18848688750000003
0.194063382
0.19857245040000002
0.2022162768
0.2052558072
0.2079699399
0.2100666312
0.21071242350000002
0.2094271173
0.2063273535
0.20190726180000002
0.19731559320000003
0.194313537
0.1941743331
0.1970243343
0.2023470441
0.2091981519
0.21617639730000002
0.22175200890000002
0.22479840630000003
0.2248193997
0.2219360445
0.2166292269
0.20941975980000002
0.20054975400000002
0.190178622
0.17875389600000002
0.166808259
0.15465994740000003
0.1424506176
0.13021646850000002
0.1179451395
0.1056341781
0.0934266141
0.08186613732
0.0719206416
0.06422062545
0.05854024305
0.05404470264
0.04965221628
0.044397254340000004
0.037437755850000004
0.02824313715
0.01773125127
0.008173812663000001
0.0005708137833
-0.0058732116840000004
-0.011563184340000001
-0.01639147014
-0.020629802160000002
-0.0246902004
-0.02868085935
-0.03239032446
-0.03551369112
-0.03805600167
-0.04027028544
-0.042247186830000005
-0.04387965912
-0.04494234699
-0.045156214800000004
-0.04439325186
-0.04298436909
-0.04150574703
-0.04015078983
-0.03885379992000001
-0.03760285815
-0.036446818320000005
-0.0354679569
-0.03477783321
-0.0344967669
-0.034711252740000004
-0.03538985949
-0.036198939240000005
-0.036202990770000006
-0.03409525341
-0.02912335902
-0.021348139409999998
-0.01128772935
0.00025753015800000003
0.012260430090000001
0.02319352794
0.03130669224
0.03567144573
0.036275025600000003
0.03348966249
0.028606244490000002
0.02385761589
0.02066347989
0.01905821073
0.019139378670000002
0.0210582441
0.024128460180000002
0.027363778560000003
0.03018099474
0.03212180514
0.03261639591
0.031067985510000003
0.026976558240000004
0.02006504046
0.01043275842
-0.0013281219450000002
-0.014142635550000001
-0.02705414553
-0.040284500130000005
-0.05445666378
-0.06884578539000001
-0.08188320672
-0.09231679899
-0.099818712
-0.1049636646
-0.10855647900000001
-0.1114868241
-0.1147581648
-0.11911664970000001
-0.1249448688
-0.13290960780000002
-0.1440366984
-0.15894976230000002
-0.1776322206
-0.1993832469
-0.2222750781
-0.24350342760000002
-0.2615494131
-0.276633171
-0.2889838629
-0.2989733859
-0.30790794150000006
-0.31699435589999997
-0.3263786019
-0.3356290395
-0.3441952296
-0.3515205528
-0.30081452670000003
-0.30360704130000005
-0.30268087920000003
-0.2965913217
-0.2834092323
-0.26144650620000004
-0.2306495808
-0.19282928400000002
-0.1509727608
-0.10860857010000001
-0.06903172413
-0.034727468670000004
-0.006899548599000001
0.014785926300000002
0.03186404739
0.04605941169
0.05826003021000001
0.06833364453
0.07654658634
0.08404770474
0.09212073633000001
0.1017720792
0.11352132000000001
0.1275614901
0.143786151
0.16136076600000002
0.1789368525
0.1954410003
0.2099827557
0.22165802910000001
0.22993717860000001
0.2352972645
0.2396046393
0.24464236860000002
0.2506240161
0.25663558410000004
0.2613073023
0.2632595904
0.2612607048
0.2543658444
0.2422232226
0.22512792420000002
0.2037853863
0.179453349
0.1539800163
0.1294706142
0.1077312618
0.08958018177
0.07476825897
0.06261059844
0.05322902076
0.04721885559
0.043970735159999996
0.04217807538
0.0408678714
0.03941596197
0.0374843043
0.03504830472
0.03241854783
0.0302062653
0.029219703030000002
0.030106576080000003
0.032889849660000005
0.03715320699000001
0.04255700625
0.04925240973
0.058152041730000006
0.07076664225
0.08786383398
0.1084885938
0.1309234752
0.1531460682
0.1727814699
0.1883492532
0.20005611480000002
0.2083885326
0.21352681440000001
0.21584992050000001
0.2158074432
0.2136211866
0.20936953260000002
0.2035091367
0.19764530730000002
0.19454367960000002
0.197297739
0.2076751494
0.2246495886
0.244100268
0.2616841044
0.27561714930000003
0.2857061457
0.2921997771
0.2953269108
0.2955963915
0.2940315984
0.2917553841
0.2897189262
0.2886359022
0.2889328509
0.29068844850000003
0.2936081007
0.29703787290000006
0.30010693140000005
0.30208197870000003
0.3026178009
0.301553514
0.29899604700000004
0.29560110030000003
0.2920601808
0.28858390920000004
0.2851838613
0.2818877013
0.27873280530000005
0.2757847041
0.2731669056
0.271076787
0.2697694083
0.2695102281
0.2704928958
0.2727401706
0.27600415380000004
0.2797146882
0.2830594077
0.2853233595
0.28625913540000003
0.28616191830000004
0.2856537603
0.2852623413
0.28529559720000003
0.2857921794
0.2864366964
0.2865603024
0.2852781354
0.2818808343
0.2760994089
0.2679453369
0.2576525868
0.2456947854
0.23255566380000003
0.2185022502
0.2035927179
0.187761438
0.17090069670000002
0.15298753860000003
0.13420599930000002
0.11506001850000001
0.09638167059000001
0.07911610983
0.06373016469
0.050130659790000004
0.03847037607
0.029042367660000002
0.02163339459
0.015903726750000003
0.01167526359
0.008589977388
0.006128185356
0.0039452759280000005
0.001887366501
-5.652773136000001e-05
-0.001785038391
-0.0031243486410000004
-0.0038924088570000005
-0.003962830923
-0.003353281668
-0.0022822906140000003
-0.001212224643
-0.0008300037933
-0.0019548367380000002
-0.005236937046
-0.01073077641
-0.017909145810000002
-0.02602893186
-0.034406004780000006
-0.04254715701
-0.05006399103
-0.05657313204
-0.06178070187000001
-0.06601760163
-0.07023500892
-0.07520131161
-0.08096624640000001
-0.08680011606
-0.09186223302000002
-0.09570068982
-0.09821938770000001
-0.0995759145
-0.1000302156
-0.09986707530000001
-0.099217359
-0.09787680288
-0.09571477698000001
-0.09311116374
-0.09066786552
-0.08866370214000001
-0.08660274867000001
-0.08378371764
-0.07990768854
-0.07469528238
-0.06781591197
-0.05927929902
-0.049367304449999996
-0.03854824785
-0.02779427079
-0.018282122010000002
-0.01058424444
-0.005078595798
-0.002386052946
-0.0028463773860000004
-0.006394437585
-0.012968584560000001
-0.0224175177
-0.03430550133
-0.04782996954
-0.06204587598
-0.07629054534
-0.09003783789
-0.1028202777
-0.1146007143
-0.12572025120000002
-0.13649094450000002
-0.1470983994
-0.1576046151
-0.1679110011
-0.1777792725
-0.1869271956
-0.19527825240000002
-0.20306072160000002
-0.2105879346
-0.2179722159
-0.22495340430000002
-0.2311908966
-0.2365663842
-0.2408320665
-0.2434749786
-0.24406818930000002
-0.24248524770000002
-0.23887477530000004
-0.23343248160000002
-0.22634956350000002
-0.218271519
-0.2101822911
-0.20269569150000002
-0.1961515386
-0.19080724680000002
-0.18628081470000002
-0.1815629895
-0.17599522590000002
-0.1695547647
-0.1625227605
-0.1551768363
-0.1476768951
-0.14041975140000001
-0.1339966539
-0.12872368080000002
-0.1247689755
-0.12244488840000001
-0.12195321120000001
-0.12311805060000001
-0.125339427
-0.12775131360000003
-0.1295919639
-0.1306055331
-0.131210712
-0.13209066900000002
-0.13367223720000002
-0.1357755012
-0.1380430827
-0.1405739646
-0.1436021154
-0.1471300857
-0.15091223310000002
-0.1545007311
-0.1573743744
-0.1592838909
-0.16045736310000003
-0.16129395990000003
-0.1621211391
-0.1631782647
-0.1645806042
-0.1662815601
-0.1680615846
-0.169626672
-0.1708021062
-0.17154011249999998
-0.1717860492
-0.171603387
-0.1712141262
-0.1707071454
-0.1700132841
-0.1692286803
-0.16848468989999998
-0.1676971431
-0.1668218949
-0.1660477878
-0.1656033948
-0.165552579
-0.1656755964
-0.16569492210000003
-0.16551147510000003
-0.16508944890000002
-0.16435752480000002
-0.1632417354
-0.1617082362
-0.1598373711
-0.1579391361
-0.1565003034
-0.155837736
-0.1559212191
-0.1564171146
-0.15692066190000004
-0.1572252624
-0.15735740310000002
-0.1574885628
-0.1577844324
-0.15833232090000002
-0.159122124
-0.1600218972
-0.1608308298
-0.16141364190000002
-0.1617722955
-0.16201882080000002
-0.1622746656
-0.1625473836
-0.16273436219999998
-0.1627011063
-0.162423189
-0.1620282384
-0.1617514983
-0.16181398800000002
-0.16230125069999998
-0.1631303919
-0.1641034458
-0.1650162663
-0.16569099810000001
-0.1659788235
-0.16578772470000003
-0.16510063230000002
-0.16398415620000004
-0.16253335530000002
-0.16078952970000002
-0.1588045743
-0.15670562670000002
-0.1546077582
-0.15255501570000002
-0.1505385702
-0.1485674469
-0.1467347427
-0.1451410101
-0.1437991002
-0.1426265109
-0.1414927692
-0.1403093889
-0.13903879770000002
-0.1376551953
-0.13607882640000002
-0.1341744111
-0.131847381
-0.1290964608
-0.12600719370000002
-0.1227036762
-0.1192916601
-0.1158585525
-0.1124773398
-0.10920433140000001
-0.1060747452
-0.10310005890000001
-0.1002647727
-0.09752508495000001
-0.09481012821
-0.09203076882
-0.08910319995
-0.08600490765
-0.08281602981
-0.07966386099
-0.07664265567
-0.07375696569000001
-0.07096516722
-0.06827196906
-0.06565885974
-0.06302896551
-0.060307416450000005
-0.05748794397
-0.05458489029
-0.051621681690000004
-0.048637970190000004
-0.045685150380000004
-0.04280406129
-0.039986266320000005
-0.03720721104
-0.03450693006
-0.031941644490000004
-0.029508911640000003
-0.027177525900000003
-0.024918008220000003
-0.02270110518
-0.02049563079
-0.01827128196
-0.0160024644
-0.01367354097
-0.01128378573
-0.008851154904
-0.006409537137000001
-0.003990175317
-0.0016012048770000001
0.0007475633982000001
0.0030314685420000003
0.005234927958
0.007347975471000001
0.009339887142
0.01117901493
0.012863784330000001
0.01442603664
0.01591590096
0.017375530860000002
0.01882781307
0.02027618109
0.021704713290000004
0.023088560940000002
0.024413450490000002
0.025678911060000004
0.026880989220000002
0.028022009940000002
0.029124153630000003
0.03021267123
0.031297333499999996
0.03237004719
0.03340614015
0.0343741419
0.03526075989
0.03608749764
0.03688404021
0.03766678992
0.03843708093
0.039181836510000005
0.03987708102
0.04050109512
0.04104610929
0.041520442410000004
0.04194218412
0.042328050660000005
0.04269084408
0.04304008989000001
0.043380761760000004
0.04371319323
0.04403291094
0.044332223850000005
0.044603539020000006
0.04484603241
0.04506605109
0.04526507637
0.0454394295
0.045593750610000004
0.04573487727
0.045860200020000005
0.04596288129000001
0.04603886955
0.046088213850000004
0.046115809380000004
0.046130799060000005
0.046143140039999996
0.04615930692
0.046182036690000004
0.04621080942
0.04624281945000001
0.04627572219
0.04631054769
0.04634878707
0.04638938085
0.04642889553
0.046463632740000003
0.046492454520000004
0.04651664598000001
0.046537904250000005
0.046555807500000004
0.04656705957
0.04656773646
0.046554188850000004
0.04652355222000001
0.04647518892
0.046411198290000004
0.04633449390000001
0.04624682193
0.04614766245
0.046036112940000005
0.04591292877000001
0.04577957163
0.04563695385
0.04548545802
0.04532492718
0.04515486102
0.04497477885000001
0.04478458257
0.04458381111
0.044371552140000006
0.044147118959999995
0.04391035461
0.043661474910000005
0.04340115675
0.04313043018
0.042850658789999996
0.04256319636
0.04226899446000001
0.041968602449999996
0.04166234406
0.041350552830000005
0.04103353287
0.04071138228000001
0.04038395391
0.04005097308
0.03971222397
0.03936770658
0.03901769559
0.038662583400000006
0.03830270355
0.037938311100000004
0.037569680730000006
0.03719707731
0.03682071666
0.036440745930000004
0.036057253410000004
0.035670327390000006
0.03528005616
0.0348865182
0.03448977237
0.03408990696
0.033686990640000004
0.033281062650000005
0.03287218185
0.03246037767
0.032045669730000004
0.03162807765
0.031207621050000002
0.03078430974
0.03035819277
0.029929270140000002
0.029497581090000002
0.029063145240000005
0.02862600183
0.02818617048
0.027743690430000002
0.027298581300000003
0.02685088233
