0.07516750635000001
0.07515859887000001
0.07515153567
0.07514003835000001
0.07513021854
0.07511621967
0.07510419261
0.07509077253
0.07507226106
0.07504097697
0.07499760696
0.0749398653
0.07485046677000001
0.07473412998000001
0.0746400717
0.07459768269000001
0.07457086215
0.07458785307
0.07456292586
0.07448380821
0.07437763458
0.07428218328000001
0.07414474518
0.07397658216
0.07375025565000001
0.07352645031
0.07322865795000001
0.07292668653
0.07254442026
0.07218136197000001
0.0717268941
0.07127432937
0.07071539481
0.07016237568
0.06948525024
0.06880523085
0.06798502656
0.06732601038000001
0.06662849976
0.06591243843
0.06423431040000001
0.06202501011000001
0.059043427380000006
0.055829014110000005
0.057009333690000004
0.06323446539
0.07090115697
0.07540775325000001
0.07000155054000001
0.06284044674
0.05584439619
0.05092436727
0.046304759790000004
0.04407607494000001
0.04307140341000001
0.04146336783000001
0.04036328424
0.04124787156
0.04286494215
0.04353065856
0.045098571239999996
0.05523029019
0.06740366634
0.06377424102
0.05412450699
0.04430311758000001
0.03529823409
0.031842072990000005
0.02863590993
0.02521635975
0.022145005710000002
0.01896945966
0.015624593010000002
0.012179683980000001
0.008754528366
0.0057793064400000005
0.002650689468
-0.00043163205390000007
-0.0034410625290000004
-0.006866904843000001
-0.01036770831
-0.009353820285
-0.004569460722000001
0.0007010850897
0.004507656741000001
0.0060883322310000005
0.007587330642000001
0.009272496366000001
0.01098693513
0.01299406113
0.012884257800000002
0.010553401799999999
0.00804443544
0.005576693643
0.0030813484680000005
0.0004697748054
-0.00464378913
-0.01040188635
-0.01663552332
-0.02263453452
-0.0221327334
-0.02063287269
-0.019661349150000004
-0.01788987897
-0.01639543338
-0.01439492913
-0.0124974495
-0.01089142497
-0.009183455901
-0.0002612767932
0.012490562880000002
0.02505462228
0.03752745849
0.051107627880000006
0.06603481818
0.06923938221
0.048436139249999996
0.025346813130000003
0.002174489505
-0.02212858377
-0.02683855116
-0.027909185130000003
-0.027959736060000004
-0.01506774798
-0.0007812075780000001
0.01469887236
0.030124557810000004
0.01887673554
-0.002626579431
-0.02155870125
-0.04234452165
-0.06705594108
-0.08912466423000001
-0.07399840941
-0.05225616306
-0.03996573399
-0.02180847366
0.03166035255
0.09735335109
0.06110907003
-0.002813306895
-0.05483869461
-0.04907051271000001
-0.004452075243
0.035221519890000004
0.08041862277000002
0.1285957584
0.1792460637
0.19506262859999998
0.1647772947
0.1294934715
0.09675188037000002
0.056975567670000005
0.02095503309
-0.0001571912217
-0.018432440640000002
-0.040274955
-0.04219561566
-0.03358242585
-0.02309530041
-0.01535092344
-0.004127336775
0.021038526000000002
0.06221785509
0.10714854780000001
0.1414681461
0.0997170804
0.04933540233000001
0.0059571637019999995
-0.04746187872
-0.1000730853
-0.1210020336
-0.1070058123
-0.09294604182
-0.07828022916
-0.05751196866000001
-0.03591894222
-0.01424066688
0.005790830247
0.025182338670000002
0.045917882820000006
0.06258489624000001
0.05425789356
0.04339352457
0.03398693139
0.02192324085
0.01657649655
0.02045639079
0.02614647528
0.03164936535
0.0256957254
0.006591960954
-0.01307023578
-0.03286586421
-0.051277183920000004
-0.06733781181000001
-0.08307151164
-0.08803062360000001
-0.08508072717000001
-0.08300965958999999
-0.07798661586000001
-0.07072616619
-0.08980715574
-0.1467322902
-0.2044389285
-0.2636551296
-0.33093760320000004
-0.34963261830000003
-0.29057563350000004
-0.22704156090000002
-0.21179034630000002
-0.2239208037
-0.23633535870000003
-0.25220273940000004
-0.2667267387
-0.2500405173
-0.22919407110000004
-0.21153332430000002
-0.19026789300000002
-0.1700669448
-0.15071103
-0.1312523064
-0.1121251608
-0.09108750789
-0.07380861534000001
-0.07932416031
-0.08778583467000001
-0.09357571629000001
-0.1021100337
-0.111205179
-0.1202278284
-0.1169190135
-0.1076850567
-0.105384906
-0.11565607410000002
-0.1260628164
-0.1363042602
-0.14804310240000002
-0.15904158390000003
-0.1745167608
-0.1933450938
-0.21008321010000003
-0.22788551520000003
-0.2469081843
-0.26636936040000003
-0.287026866
-0.3082008681
-0.3158491365
-0.30578250690000003
-0.2939795073
-0.2807753454
-0.2677272606
-0.26458384230000004
-0.2712866229
-0.279029754
-0.2873655072
-0.29173507740000004
-0.2950162281
-0.2996982468
-0.2958711696
-0.2747857518
-0.252524115
-0.2343918015
-0.1990107612
-0.1162660599
-0.02859905376
0.04563250992
0.12187443690000001
0.1922672691
0.2420680284
0.2873386278
0.3370640463
0.38284211700000004
0.41062639140000007
0.4321553193
0.45901048860000004
0.45971553330000003
0.4132591011
0.3605852871
0.3080800089
0.2514451131
0.2436989409
0.2539596123
0.26142639570000004
0.2482203699
0.22133194470000003
0.19877100479999998
0.1722922452
0.1231999641
0.0650211705
-0.010258719210000001
-0.1110622473
-0.22455335250000003
-0.3301818408
-0.296172729
-0.2068023537
-0.1261772991
-0.032992217010000005
0.034394360310000004
0.09030043197
0.1475889975
0.2025558009
0.2289608874
0.251088912
0.27222995250000004
0.327772701
0.4463186049
0.5662840158
0.6210065502000001
0.6334585794
0.6397194195000001
0.6460477524000001
0.7030808361
0.7885975491
0.8697396888000001
0.9638108199000001
1.0514858310000001
1.044740475
0.9757060335000001
0.9096336234
0.8418385773
0.7741396692
0.6507321255
0.47569572900000007
0.2939312421
0.1151539983
-0.05237446185
-0.2077078167
-0.3660204195
-0.4748678631
-0.5377026789
-0.5937548607
-0.6545324214000001
-0.7185014694
-0.7616684124
-0.670515462
-0.5613191748
-0.4614875136
-0.4003066638
-0.4003633656
-0.40325378400000006
-0.4069648089
-0.37775102130000004
-0.3328584012
-0.29095577100000003
-0.24574020570000002
-0.20092635990000002
-0.15748571790000002
-0.1112996493
-0.06223495392000001
-0.04853007981000001
-0.08564555754000001
-0.12626401950000002
-0.16379031060000002
-0.210564783
-0.2544024357
-0.25898390190000004
-0.21570983370000002
-0.172470591
-0.1278529452
-0.08115242058000001
-0.033244069140000006
0.012435469920000001
0.05905444401
0.10456694820000001
0.1513982205
0.194362587
0.2365429383
0.27432527040000004
0.3167965863
0.3651273171
0.38018723670000004
0.2973271698
0.2151390879
0.10057084470000001
-0.11664796320000001
-0.2015664624
-0.12661855290000001
-0.061844741550000006
0.01154769435
0.10548173070000001
0.1276547832
-0.01281887415
-0.16633885050000002
-0.2575541925
-0.30554844030000006
-0.3483490779
-0.3948713352
-0.43717499820000005
-0.43894128870000004
-0.3829283469
-0.33035086710000006
-0.3683210607
-0.419599206
-0.2745415809
-0.028565699760000004
0.1815688755
0.3133725039
0.4403839473
0.5417269371
0.6250391469000001
0.7293840948
0.818053938
0.7732006560000001
0.6878961333
0.6253102952999999
0.5460833619000001
0.4002090543
0.1357346916
-0.1410716259
-0.43184826630000006
-0.5552891640000001
-0.42693679170000004
-0.26640104670000003
-0.1166499252
-0.05236618221
-0.1858610448
-0.3560761206
-0.5089454487
-0.29519015940000004
0.029838076380000002
0.2846074257
0.3665793933
0.4285602486
0.5119221951
0.4278371535
0.2794784634
0.1297685439
-0.021881626830000004
-0.1719209367
-0.3046741731
-0.4450480137
-0.5953408434
-0.6884188101000001
-0.5783190219000001
-0.4391565201
-0.31204658430000004
-0.2736435735
-0.3677518845
-0.4604742387
-0.5036080239
-0.5209221834
-0.5417115354
-0.5588856081000001
-0.5757095619
-0.5626338129
-0.5475190554
-0.5302880847
-0.5107092867
-0.502001244
-0.5512409694
-0.6039170397
-0.6349850154
-0.6379827552
-0.6409876563
-0.6294627702000001
-0.5892365709
-0.4732050681
-0.3513703617
-0.23775682770000003
-0.1002085614
0.03073840875
-0.0169877808
-0.1677605157
-0.307076544
-0.45815682240000005
-0.6214652658
-0.7802640522000001
-0.8524282761
-0.9137086973999999
-1.004168277
-1.0435230540000002
-0.8691514812000001
-0.6619119939000001
-0.4576790754
-0.238475214
-0.3252223953
-0.4969516446
-0.6466669596000001
-0.6556851945
-0.5370718959
-0.42205857300000005
-0.2959168842
-0.15508942920000002
-0.07993277271
-0.10664078219999999
-0.1273982517
-0.08483950908000001
-0.08521377039000001
-0.10120947570000001
-0.11150664030000002
-0.1293911532
-0.1267090011
-0.02163656322
0.10769261040000001
0.17044286400000003
0.043710573960000006
-0.1099153602
-0.2544977889
-0.36539267760000005
-0.3387093795
-0.3020160555
-0.3092233644
-0.3429454356
-0.3787567425
-0.4270062465
-0.4721581449
-0.3730421232
-0.23654352690000002
-0.11352112380000001
0.023517797490000002
0.1585480428
0.2888268048
0.41644352520000005
0.5461115166
0.6754071204
0.8027492589
0.9318388527
1.059903792
1.180723752
1.2873927870000001
1.413606285
1.531850139
1.517463774
1.2723619050000001
1.004767668
0.7481745612
0.48051351810000004
0.2050179147
-0.09666515997
-0.28020283380000005
-0.05788922202
0.21120174630000002
0.4438825857
0.7241052357000001
0.995559021
1.266537708
1.529883234
1.8155170800000002
1.998484371
2.116100385
2.239231581
2.381409873
2.3969783430000002
2.120625738
1.80643302
1.518965685
1.334805498
1.206231714
1.068735735
0.9422092980000001
0.8113908879
0.6970262022
0.5839479018
0.4897203993
0.29460008790000003
-0.051792189300000006
-0.3489491556
-0.4154381964
-0.47742895980000005
-0.5494223916000001
-0.5747981148
-0.5978159064
-0.6273200700000001
-0.5926412295
-0.4918705551
-0.3857045769
-0.28764175680000004
-0.17667564750000003
-0.05310104931
0.009449332407000001
-0.1514571786
-0.33609609360000003
-0.5027174721000001
-0.6941891501999999
-0.8853416109000001
-1.0821685680000002
-1.26125208
-1.397850444
-1.5371112420000002
-1.682785818
-1.8103344570000002
-1.947258513
-2.095634763
-2.243102607
-2.257862733
-2.167040772
-2.079977022
-1.985219289
-1.8502925490000002
-1.716582249
-1.577057562
-1.445908653
-1.3236446610000001
-1.034411526
-0.6241688037
-0.2174779881
0.19493333280000003
0.610008363
1.039326336
1.468008621
1.7117400330000003
1.795047534
1.889110719
1.955479293
2.006376516
1.989825084
1.941264603
1.9004903190000002
1.713096756
1.301366151
0.8727865767
0.5135865597000001
0.28158624000000004
0.05664783519
-0.1582286292
-0.2586790071
-0.356911344
-0.42960903570000003
-0.3737332377
-0.30697775730000004
-0.188333361
-0.04136893677
-0.09524390679000001
-0.36994206510000005
-0.6594807816
-0.9472226004000001
-1.162290762
-1.321347159
-1.489498407
-1.5343850430000001
-1.315348344
-1.067852835
-0.8372220894000001
-0.5815190439000001
-0.3211642926
-0.06198590745000001
0.03999157353
0.05367891717000001
0.002182006908
-0.1366791984
-0.2837978064
-0.4299966288
-0.5822785341000001
-0.7362298071
-0.8807908500000001
-1.02756807
-1.204546356
-1.2856289490000001
-0.9991514430000001
-0.6643817595000001
-0.3739449375
-0.04788432675
0.32697191070000003
0.6728145336000001
0.4353402339
0.08544674808000001
0.1779261282
0.27052056
0.32643108540000004
0.4253947578
0.5083860825000001
0.5971389183000001
0.828871425
1.128352086
1.365006564
1.5104378520000001
1.6786646370000002
1.853264979
1.689701868
1.2557574990000002
0.9183382326
0.7267597236000001
0.5168701629
0.3398120235
0.24918243660000003
0.1658519802
0.09534409632000002
0.060285520530000004
0.023346151920000002
-0.013755748770000001
-0.050800947660000005
-0.059940983520000005
-0.054919028700000004
-0.04900050855
-0.04682526858
-0.039393604980000003
0.00455800068
0.05641059015
0.10242895680000001
0.1549918197
0.20427009840000002
0.2545504686
0.29785936230000004
0.34109301329999997
0.38051704890000004
0.43170405930000005
0.48021853140000004
0.41513035859999997
0.24846169590000003
0.08875518039
-0.07450629273
-0.26259653250000003
-0.4446130383
-0.39661437600000005
-0.21355369380000003
-0.03864184506
0.1517711967
0.34564514760000004
0.5366052342000001
0.7400641437000001
0.9489097242
0.9803871693
0.8150302998000001
0.6399277838999999
0.4629393936
0.26963746380000003
0.132093612
0.023222663640000002
-0.08424913347
-0.1941844374
-0.293342544
-0.3994145424
-0.5342777136
-0.614399319
-0.31134693510000006
0.04051357344
0.3721915962
0.7305749307
0.9028862073
1.059752718
1.183096791
0.9954305100000002
0.7772584644
0.5909763744000001
0.30832565130000006
0.032482283400000006
-0.2469882339
-0.5342897799
-0.8187572169
-0.9673338852000001
-1.107850167
-1.2572927640000002
-1.3216738319999999
-1.357470522
-1.395980658
-1.195542738
-0.8416889748
-0.5343907248
-0.3646183743
-0.21800458890000002
-0.06163415028
0.17740050840000002
0.49787290170000004
0.5252596749
0.42771011400000003
0.3585901293
0.2670554718
0.13675022280000002
-0.04672133163
-0.2271692871
-0.33351390540000003
-0.3744979272
-0.4195848834
-0.4480378074
-0.4563709119
-0.46667298150000003
-0.4709985048
-0.4149686898
-0.353132532
-0.2921141358
-0.22429701720000003
-0.21647727
-0.2625334542
-0.31133722320000007
-0.33927051150000004
-0.38661455250000004
-0.5909113341000001
-0.7375155057
-0.46423764900000003
-0.16235128170000002
0.1032607467
0.43516492920000005
0.7430994558
0.8355946104
0.8856555309
1.075155399
1.319241933
1.600546626
1.8639755370000002
2.0444246010000002
2.178394866
2.3347240830000002
2.294271567
2.157012009
2.048947011
1.938821913
1.673474166
1.320145434
0.9690202242000001
0.6075201546000001
0.26650287450000004
-0.021361510440000002
-0.3309515334
-0.6300598068
-0.6195990114
-0.4734745488
-0.3493012365
-0.204667011
-0.05103894807
0.1259551026
0.17919112770000004
-0.04163967315
-0.29944936710000003
-0.5095290456
-0.7108115085000001
-0.8985549942
-1.078516305
-1.152654399
-1.237202865
-1.311295833
-1.39340259
-1.46148399
-1.534520421
-1.59181965
-1.671742701
-1.7469412560000002
-1.818568971
-1.7581894020000002
-1.597361319
-1.422385254
-1.23542235
-1.055312712
-1.039654971
-1.02933387
-0.9211482089999999
-0.6751654020000001
-0.44198817660000006
-0.23997977369999998
0.0213077124
0.7436426355
1.2243154680000001
1.5931528289999999
1.9110017340000003
2.1441138210000004
2.147736654
2.052034218
2.025401049
2.0205343080000002
2.06261136
1.9629819810000002
1.54401552
1.080834408
0.7306697934
0.33722816759999996
-0.03414747204
-0.27118204830000003
-0.42380946180000006
-0.6044903361
-0.7550976744
-0.9184818510000001
-1.082880774
-1.2517049880000002
-1.217176731
-1.169009631
-1.137291939
-1.085148846
-0.9255930219
-0.7027503372
-0.47172150180000005
-0.25035021900000004
-0.01556244666
0.23875931160000002
0.45929017169999997
0.3362246046
0.1684110168
0.03437280774
-0.06054670197
-0.11369691900000001
-0.1353501396
-0.1304652501
-0.1282641804
-0.053777723490000005
0.08338274370000001
0.22020585480000002
0.3593970018
0.5017755159
0.6470328726
0.7873569765
0.9238148613
1.0722987270000002
1.23169455
1.237905261
1.110291876
0.990052668
0.8677843596
0.7312093434000001
0.602067168
0.46045422630000005
0.3186290943
0.29815336800000003
0.4405142241
0.5860575423000001
0.7360906032000001
0.8882153523
1.038037302
1.2139423740000002
1.385541837
1.274001156
1.03629897
0.8617522887000001
0.7564603815000001
0.6508903608
0.5555412810000001
0.45986827500000005
0.220741677
-0.0955364508
-0.43726809510000003
-0.7408928925
-0.6044919057000001
-0.4148801055
-0.27378611280000004
-0.06864138423
0.1328343651
0.1542292884
-0.08286671808
-0.3423847941
-0.5107786434
-0.4503783753
-0.37816225649999996
-0.4438793484
-0.498539295
-0.5486876226
-0.607215456
-0.6492509136000001
-0.6823200312
-0.7153117479000001
-0.7433540253
-0.8588014407
-1.019530737
-1.1845251270000001
-1.351741482
-1.5331391730000001
-1.695417174
-1.9040209380000002
-2.151809766
-2.3150265840000004
-2.162154411
-1.9456928370000002
-1.757081853
-1.7794133370000003
-1.993753008
-2.2130594820000002
-2.1978451530000003
-1.8675208710000002
-1.6074499230000001
-1.6192160370000002
-1.64541168
-1.65888081
-1.4690475
-1.313764029
-1.345452291
-1.1604190140000001
-0.3895667739
-0.27695739150000004
-0.37646620560000005
-0.31158865350000003
-0.347652666
-0.3821717016000001
-0.29968902540000003
0.23833748159999998
0.7169300055
0.8780493474
1.02010266
1.206268992
1.3545088830000003
1.5234037290000002
1.6433349030000002
1.7684447760000002
1.895724621
2.0130551640000003
2.12136345
2.525307858
2.949063561
3.213073224
3.4293376170000003
3.6683425710000006
3.8123935920000003
3.766491621
3.623341158
3.4824519000000005
3.311890335
3.103870266
2.923151427
2.7150165810000004
1.975201317
1.368366489
1.220082453
1.1463966
1.082708118
1.056869559
1.033477614
0.8695251441
0.6440351328
0.4016950731
0.08629259571000002
-0.2822311494
-0.6573704544
-0.9822753000000001
-1.2553140870000001
-1.5200693100000002
-1.6995726899999999
-1.7027344530000001
-1.678557708
-1.704715092
-1.7671949820000001
-1.8346730670000002
-1.9190655540000001
-1.953941085
-1.8772916310000003
-1.808821755
-1.736147313
-1.6497839970000001
-1.6249156470000001
-1.632401658
-1.631360817
-1.618190892
-1.604031138
-1.639730709
-1.754674479
-1.8844078050000002
-2.006860149
-1.975259196
-1.7494722360000001
-1.510522218
-1.2901876560000003
-1.230335865
-1.2519119790000002
-1.17579717
-0.49490272800000007
-0.1901353599
-0.06798536991000001
0.1445234706
0.3132986346
0.9006561981
1.364098158
1.2883571100000002
1.1743521570000002
1.10853
0.9791820108000001
0.8945239671
0.7062408333
0.34391064150000006
0.04552498251
0.03790430964
0.010922277420000001
-0.005416523811
-0.013066135199999999
-0.0291371715
-0.1403735463
-0.242280513
-0.3566172402000001
-0.4549236426
-0.5730930387000001
-0.7011336492000001
-0.7746519474000001
-0.48869437140000005
-0.1726595316
0.1233180765
0.43703442090000005
0.7687734030000001
1.1138421150000002
1.291886748
1.1178995310000002
0.9356553351000001
0.9866201490000002
1.172378385
1.3451020740000001
1.54931292
1.7506837710000003
1.8077210730000002
1.6723107000000001
1.5350688000000001
1.4868438210000001
1.524610359
1.557254115
1.610873613
1.6458237
1.690306164
1.7191769940000001
1.8407601720000002
1.979755119
2.117840679
1.9337354280000003
1.712670021
1.514364795
1.2981111930000002
1.089416196
0.8433098811
0.6131854296000001
0.7596292077
1.0247427900000001
1.259494128
1.558015371
1.8440318070000001
1.783769958
1.5456439800000001
1.325516409
1.0822862880000002
0.8108069967
0.5438364795
0.28620606330000004
0.0071792326800000006
-0.3260502612
-0.6337528794000001
-0.6842532879000001
-0.6965461008
-0.7359085296
-0.7373794410000001
-0.8496081954000001
-1.052847459
-1.2987174510000001
-1.502370108
-1.4230444860000002
-1.296869247
-1.218398076
-1.073001123
-0.9727133949
-0.836597781
-0.6672224412
-0.4418603523
-0.2386261899
0.010567096560000001
-0.005917305672
-0.21232204830000004
-0.4726097973000001
-0.6838735428000001
-0.9569020293000001
-1.184112126
-1.5479002800000001
-1.7072970840000001
-1.746627336
-2.091184947
-3.9671787150000006
-3.8181903210000003
-3.178220256
-2.9757163500000003
-2.4761754540000003
-2.044307862
-1.5196553280000002
-1.22480793
-1.292858919
-1.4433099839999999
-1.5346224450000001
-1.7207877960000002
-1.786565808
-1.823569128
-1.82095182
-1.8533679840000001
-1.833827445
-1.856979045
-1.907636904
-1.990584378
-2.044921968
-2.126475441
-2.180696292
-2.288995749
-2.440662273
-2.6178730559999996
-2.7940832190000005
-3.031194843
-3.2570867700000004
-3.343089078
-3.170381085
-3.007633185
-2.8292716890000005
-2.6509258890000003
-2.4630398639999997
-2.290442724
-2.10898323
-1.9264309020000001
-1.754227143
-1.829714112
-1.9945476180000001
-2.1429434880000002
-2.284414479
-2.500302168
-2.759678568
-2.8929552660000004
-2.9494500750000006
-2.995135245
-2.9541824190000003
-2.911991571
-2.864416014
-2.7460171620000002
-2.6160562439999997
-2.4862925070000004
-2.34457038
-2.349959013
-2.470967325
-2.58937893
-2.6876378520000004
-2.830363542
-2.972177883
-2.8966379399999997
-2.589021846
-2.323265022
-1.9666931040000002
-1.177379523
-0.34269528060000004
0.4669160733
1.3275686610000001
1.9904686200000001
2.4448531050000004
2.754889326
3.0193208190000003
3.234382506
3.0687769530000004
2.835006615
2.671099173
2.4411439440000002
2.201083434
2.006979831
2.186809884
2.411895429
2.609288325
2.6629264619999997
2.505868362
2.329380576
2.162275074
1.968880734
1.786717863
1.612551123
1.4271146550000002
1.215835704
1.1583981540000001
1.3982438250000002
1.6851323700000003
1.963376343
2.0968786710000002
2.1289642380000005
2.296109961
2.522433528
2.7025559190000004
2.68752798
2.660907564
2.638278837
2.611246401
2.5623464940000003
2.521898883
2.700606672
2.9498473800000005
3.1621014450000002
3.3854908410000006
3.6409314690000003
4.013914536000001
4.105615473
4.142382372
4.20812703
4.23612477
4.180230333
4.095691677
4.0447002780000005
4.004232066
3.738729321
3.020583366
2.59089948
2.578758624
2.537489916
2.507020056
2.471187069
2.399162049
2.32743231
2.0334570210000003
1.4626798290000003
1.143872487
0.9431786241000001
0.8690643684
0.8425060497000001
0.7953725313000001
0.7799831919000001
0.7610939388
0.6524890965000001
0.3919228416
0.1337536602
-0.1382953959
-0.43089699060000003
-0.5525829774000001
-0.4019911389
-0.2358557478
-0.08524608453
0.1008984006
0.3205090827
0.44077369860000004
0.390685212
0.33862334580000003
0.2727367371
0.1878118614
0.3272943654
0.6572112381000002
0.8525531574
0.7586714574
0.6444351846
0.5451350292
0.4371684255
0.4362303933000001
0.43991954190000004
0.4421449404
0.4491367236
0.458191746
0.46166379930000007
0.4858015005
0.5508474903
0.6254201673
0.6968658087
0.7395019326
0.7205587245
0.7023689244000001
0.6820279875
0.6608051316
0.6348903489
0.6136978059000001
0.6055649235
0.6052702311
0.597265173
0.5966165358000001
0.6191431407000001
0.6675611805
0.7305469722000001
0.7907908689
0.6509972898
0.3954757293
0.141071724
-0.1231992774
-0.34993663020000004
-0.5473665099
-0.7454980989000001
-0.9399573144
-1.135963665
-1.34135073
-1.538978085
-1.63097136
-1.640416428
-1.65129768
-1.676869407
-1.764586503
-1.85836716
-1.948233627
-2.043384741
-2.135842029
-2.220717168
-2.227068162
-2.229158673
-2.233978326
-2.2346620830000004
-2.233312227
-2.234062692
-2.2340273760000002
-2.236913478
-2.230174008
-2.2301759700000003
-2.301383817
-2.401516449
-2.475841914
-2.5665157439999997
-2.6549891910000003
-2.7317985480000004
-2.7783116820000004
-2.697797088
-2.5972671510000005
-2.5041604410000002
-2.212299207
-1.893541896
-1.56878577
-1.238291775
-0.9016108092
-0.5688524699999999
-0.2340761157
0.09756870021000001
0.4334442552
0.7645377393
1.103834934
1.4247651600000002
1.7668192590000003
2.0857109670000002
2.4324660180000004
2.8048771620000004
2.946763116
2.4734727990000005
1.9373023440000001
1.5302128500000003
1.3875322860000001
1.289462697
1.163759319
1.087440462
0.9885115170000001
0.9012180168
0.8092324917
0.7046026614
0.49248162
0.2707176429
0.04905905463
-0.09804491685
-0.15609299220000003
-0.1881543285
-0.1801033596
-0.15624328140000002
-0.1396549638
-0.1177271613
-0.10289640330000001
-0.07793622189
-0.05610430233
-0.09494567297999999
-0.2165290668
-0.3388576086
-0.4640558697
-0.5562824265
-0.6328430019000001
-0.704850462
-0.7845912432000001
-0.868854042
-0.862405929
-0.6989959521000001
-0.5257097577000001
-0.35816437530000006
-0.1760981328
0.004475267064
0.17992158030000002
0.3624949998
0.5877486882
0.8159009373
1.034373267
1.2828595859999998
1.51678296
1.62939195
1.69227405
1.7829400320000002
1.851560001
1.9140565680000001
1.9905549480000002
2.056320207
2.112906249
2.198162997
2.2208074200000003
1.879874604
0.8029095543
-0.0745850376
-0.2900843487
-0.5077773720000001
-0.7591670586
-0.98155917
-1.1063227500000001
-0.8160050214
-0.4874382009
-0.19391554530000002
0.1728618138
0.5160588759
0.5304945852
0.3845831958
0.2693912328
0.12066211710000001
-0.026194299030000003
-0.1793176767
-0.31775237460000005
-0.48465520200000006
-0.6365059578000001
-0.6062988096
-0.43975149660000007
-0.2973095118
-0.1329939738
0.05485176153
0.21279518460000002
0.05605238781000001
-0.1373670756
-0.30230790300000004
-0.43832757510000003
-0.5530254084
-0.6666790653000001
-0.7832577699
-0.9114115878
-0.9165686067000001
-0.7028682534
-0.47281413960000007
-0.2543436738
-0.01634913018
0.2257723431
0.4645795275
0.6363151533
0.7743611790000001
0.9122934087000001
1.057510152
1.207382427
1.1333100600000001
0.8998003737
0.6751337157
0.44164806390000005
0.1946307924
-0.04597136694000001
-0.2835880686
-0.5421556341
-0.7956326925
-0.7944110532
-0.6290645823
-0.4719408534
-0.2919819951
-0.12812144490000002
-0.08178187923
-0.05662722438
0.037311432480000004
0.20901607830000002
0.3904734141
0.5903533413000001
0.7869752694000001
0.6993234099000001
0.5234923053
0.37181489219999997
0.19203693030000002
0.01594658664
-0.1653109587
-0.33956559630000005
-0.5247070776
-0.6931010249999999
-0.8683267545
-1.078043463
-1.240538265
-0.9518618475
-0.608430915
-0.31241907
0.03975974361
0.3725179749
0.7086870549000001
1.066811994
1.425968847
1.42345062
1.088818767
0.7446786696000001
0.4015515528
0.02841815736
-0.34929633150000006
-0.7245109773
-0.9421941906000001
-1.095787791
-1.255329783
-1.399982157
-1.446197067
-1.4402718270000001
-1.38495618
-1.298456505
-1.231103007
-1.1494818450000002
-1.06944696
-0.993461643
-0.9063145080000001
-0.8237585511
-0.8609498307
-0.9588133116
-1.047487275
-1.142960157
-1.2441689460000003
-1.3559205420000002
-1.4220134549999999
-1.434901833
-1.31665896
-1.185747453
-1.063643364
-0.9214741953000001
-0.7889956389
-0.6543104211
-0.510324048
-0.367638579
-0.3828749805000001
-0.4664555919
-0.5425937487
-0.6375448368
-0.7373104766999999
-0.7195254372000001
-0.5950032813
-0.4642433388
-0.3321543375
-0.21131534610000002
-0.06905394378
0.257183865
0.48164931990000004
0.5007165264000001
0.5299336494
0.5610020175
0.5817798918
0.5845374828000001
0.5460590331
0.5025314745
0.4623732585
0.416430576
0.37291272929999997
0.3306169143
0.28291657410000004
0.2311624476
0.25641152370000003
0.38392327710000007
0.5156664759
0.6450449742000001
0.7847198523000001
0.9222541884
1.0562054220000001
1.1881577700000001
1.352324196
1.4513414310000001
1.3155847649999999
1.1496064320000001
0.9997596630000001
0.8206156233
0.6652673082
0.5865215553
0.5219084808000001
0.44488477530000003
0.3799397304
0.32218404210000007
0.2819607858
0.2395388142
0.1976765031
0.1534973643
0.1253044053
0.08415074898
-0.08685722006999999
-0.291161781
-0.4762468548
-0.680779665
-0.8789207697000001
-1.085192991
-1.2724904160000001
-1.478693673
-1.693410048
-1.904510457
-1.8824585580000002
-1.705435146
-1.5236872380000002
-1.342898748
-1.151665551
-0.9485613711
-0.7570695825
-0.6737780718
-0.6061588209000001
-0.5268343761000001
-0.4509287163
-0.37874761920000005
-0.40716532530000005
-0.46962657630000004
-0.5263894926
-0.5883211998
-0.6485401791000001
-0.7275928869000001
-0.7914053673000001
-0.6587013771000001
-0.4748751225
-0.31690871460000003
-0.1313785611
0.044519938200000005
0.2330317431
0.40164474780000003
0.5804990982
0.7867100069999999
0.9606423861000001
0.7220120760000001
0.42102136170000004
0.20914704180000002
0.1057238415
0.025991339940000004
-0.06747009966
-0.144046116
-0.2292911901
-0.25684846110000004
-0.23951026710000003
-0.21839718510000003
-0.19143665640000002
-0.1603202193
-0.22066574760000002
-0.34585243290000006
-0.470140326
-0.5978984085
-0.7246711746000001
-0.8568847629
-0.998832618
-1.089188604
-1.0216496970000002
-0.9399259224000001
-0.8691605064000001
-0.7840121589000001
-0.7004579364
-0.6064180011
-0.5389809219
-0.599962923
-0.6762213504
-0.7400499192000001
-0.8176271049000001
-0.8900371674
-0.9774642798000001
-1.052723853
-1.009801179
-0.9341288991000001
-0.8753010759000001
-0.8017950402
-0.7260123978
-0.649952721
-0.6301032651
-0.6349684365
-0.6404113188
-0.6460156737000001
-0.638201322
-0.6133461174
-0.5891461227
-0.5658186294
-0.5431932378000001
-0.4906719693
-0.41737429800000003
-0.34399314360000005
-0.2708024013
-0.19484582760000002
-0.12003888780000001
-0.0441962082
0.03031891353
0.1052361864
0.18080192970000003
0.2571134292
0.3231491499
0.3839892003
0.4458378168
0.4744603557
0.47846999700000004
0.48138464610000004
0.48270919230000003
0.490474494
0.4950567450000001
0.4201783884
0.2897806311
0.16110217440000002
0.013991483070000001
-0.12693031470000002
-0.10647214830000001
-0.024024425130000002
0.04407411294
0.12875448420000002
0.2117811249
0.29846463930000006
0.37785814650000005
0.4647635631
0.5545011267000001
0.5966997246
0.5305684545
0.45995921370000004
0.3924830907
0.3166800435
0.23846942610000002
0.1611193419
0.1268438886
0.1261078443
0.1229248917
0.1237186188
0.1252429947
0.1254362517
0.12486560400000002
0.15862210829999998
0.20550498120000002
0.2533453101
0.3063627684
0.3578365251
0.3353478849
0.294585471
0.25981490700000004
0.21778101900000002
0.1771946946
0.1376143857
0.09181946142000001
0.04810969188
0.08645747238
0.17214381990000002
0.2519807391
0.3381826806
0.4259922849
0.5154776334
0.5986859553
0.6927259887000001
0.7885619388
0.7958000511000001
0.6650214696000001
0.5294591397
0.39281417820000003
0.25239776220000004
0.11108549700000002
-0.04942468314
-0.1934830224
-0.0982666719
0.02964701682
0.1314959868
0.2610826533
0.38464637220000003
0.5163530778000001
0.6244263162000001
0.6926366196
0.7579894662000001
0.8007062283
0.7436727522000001
0.6818262939
0.6251029119000001
0.5592862485000001
0.49468622130000006
0.43102922940000005
0.36265333320000004
0.2974929588
0.281761839
0.2798878347
0.27161319780000004
0.2741751774
0.2724963921
0.23503268880000003
0.17422236270000002
0.11891132640000002
0.05768830341
-0.00025515437220000005
-0.06400947501000001
-0.128111733
-0.149083551
-0.0991411353
-0.04730187762
0.005326396398
0.060373270980000004
0.11811740310000002
0.1739713248
0.2251622592
0.257219181
0.28973207160000003
0.32501118600000006
0.35879084190000005
0.3428440002
0.3002672268
0.2604585411
0.21636563220000002
0.16839384929999998
0.1497826116
0.15787419390000001
0.16755803730000002
0.17985840390000002
0.19277660430000002
0.1531564668
0.1082806218
0.06507840204
0.012467578049999999
-0.015366442860000001
0.03779991162
0.09784940355
0.15181082910000002
0.2210000724
0.2735310528
0.229476501
0.17179703640000002
0.12551649750000002
0.06719986359
0.008807418000000001
-0.05247952695000001
-0.06430176396000001
-0.04468135194
-0.023203593
-0.00249819498
0.022674529890000003
0.04714012053
0.07035973326
0.07482555918
0.07764680727
0.08355107349
0.08074584513000001
0.04629761811
0.01003207878
-0.02281135977
-0.0609923016
-0.09778607019
-0.1202163507
-0.14099393070000002
-0.1627629093
-0.18314122230000002
-0.20475961739999998
-0.22554877320000002
-0.23396330070000002
-0.2391626007
-0.2452190004
-0.2491315227
-0.2562615288
-0.2637642168
-0.23641452540000002
-0.1687988061
-0.1000625886
-0.03132104427
0.03927508056
0.11948452470000001
0.2113681239
0.3028570668
0.39451170060000007
0.49070473470000003
0.5671552419000001
0.6013806642
0.6402282642
0.6760541880000001
0.6074543295000001
0.513064962
0.42841005750000005
0.33379074360000005
0.2386317816
0.14240863080000002
0.07729550136
0.04574455974
0.07565164947
0.1152421902
0.14865299010000002
0.1881316674
0.23288675130000003
0.27373843620000005
0.24192166320000003
0.2001566673
0.1646497647
0.12131222579999999
0.08139282444000001
0.038718755460000004
-0.0027899777340000004
-0.04445594757000001
-0.08611816409999999
-0.1283988717
-0.16966669680000002
-0.2118404754
-0.2518979427
-0.2923502625
-0.33246649170000003
-0.3731399289
-0.41143610880000003
-0.4527980118
-0.49806753210000004
-0.5091232059
-0.4347041535
-0.35132415660000005
-0.2748233241
-0.1889472708
-0.10587079530000001
-0.020851174620000003
0.06551427996
0.1405132407
0.17100497700000003
0.1971938511
0.2249670402
0.24793519320000001
0.2755225809
0.301006116
0.2867802426
0.26155843830000003
0.24124859910000002
0.21631275630000002
0.19025876970000002
0.16372791900000003
0.1550281167
0.1620689499
0.1690844733
0.17677620000000002
0.18485179200000001
0.1920858822
0.20186664840000001
0.20749807890000002
0.2134814922
0.2567942118
0.33010581330000005
0.40437026010000005
0.47995218990000005
0.5463127197000001
0.599023125
0.650493252
0.7030899594
0.7531607880000001
0.8014648356
0.8545161384000001
0.9061949241
0.9108392724000001
0.8929642752
0.8853527943
0.8675783496
0.8538065811000001
0.8446858317000001
0.8513466255000001
0.8619637923000001
0.8699513886000001
0.8806439943000001
0.8891458308
0.9012359691
0.9183129228000001
0.9276713685000001
0.9434793987
0.9649266093000001
0.8864780013000001
0.7792256637
0.6814971684000001
0.5692098483
0.4867365897
0.46233745200000004
0.43981506540000004
0.3158759178
0.15293662470000002
-0.0005069969865000001
-0.16139412000000003
-0.3423117096
-0.5083800003000001
-0.5371416450000001
-0.5584333671
-0.5779608588
-0.4631128344
-0.3350887047
-0.2143586043
-0.09929966490000001
-0.009218028303
0.08297119458
0.3219609627
0.34832062890000004
0.3224464596
0.29584713510000005
0.2709770193
0.2404998999
0.2068513056
0.1741606578
0.1957896477
0.2446766055
0.29101786830000004
0.34983990360000006
0.4039348923
0.35684885429999996
0.2810449242
0.2126632401
0.1344616479
0.059744332260000005
-0.014724299880000001
-0.09589843980000001
-0.17490455010000003
-0.15133710420000002
-0.06404146542000001
0.0156285072
0.1037007252
0.2021936157
0.2511953505
0.17977295880000002
0.10026536130000001
0.028773063540000005
-0.05924199159
-0.1366619328
-0.14353835040000001
-0.1412001369
-0.14800494150000001
-0.14465806380000001
-0.14491067130000002
-0.1417885407
-0.14213346030000001
-0.141487668
-0.14135405580000002
-0.1383155064
-0.139742469
-0.16724186100000002
-0.1993034916
-0.22681220310000003
-0.2588194863
-0.2869582941
-0.31653760230000005
-0.34415108460000005
-0.372493548
-0.39872352600000005
-0.4251513717
-0.4512777561
-0.477422289
-0.4847909724000001
-0.48167031330000004
-0.4783791564
-0.4747508298
-0.4696790598000001
-0.46524415500000005
-0.46031178510000004
-0.4558720734
-0.4507114248
-0.4459855554
-0.44086875750000004
-0.4364521974
-0.4285382742
-0.41583638430000003
-0.4025483469
-0.3903483366
-0.37695994290000007
-0.3642382368
-0.35346666060000004
-0.34161657300000003
-0.30808873980000007
-0.2687722218
-0.2285797689
-0.19899114120000003
-0.2155126527
-0.2377468215
-0.2550793257
-0.2762392014
-0.29508087600000005
-0.31432525110000004
-0.3323590722
-0.34996380390000004
-0.36648099900000003
-0.3765979539
-0.37742277869999996
-0.37827801450000004
-0.3784553793
-0.37821218940000007
-0.3774658446
-0.37682093520000004
-0.3756309822
-0.37435578030000005
-0.37320850080000006
-0.37168687170000003
-0.3676515282
-0.3699724761
-0.39726566190000007
-0.4263076764
-0.4503969162
-0.4761739665
-0.49994850150000003
-0.5184482976
-0.5215825926000001
-0.5220752508
-0.5225671242000001
-0.5244911595
-0.5209141392000001
-0.48920831730000003
-0.45408272940000005
-0.42423001650000003
-0.3902118795
-0.35849153880000006
-0.33028219710000006
-0.3035790828
-0.2399561316
-0.1606729869
-0.09047453985
-0.06553300725
-0.06121422342
-0.05505073776
-0.05227551819000001
-0.04994931213
-0.05436092799
-0.060567420690000005
-0.06594364404
-0.07105871538
-0.0759016377
-0.07958595977999999
-0.08297039016
-0.08532971478000001
-0.08760949992000001
-0.08922683538000001
-0.08916657255
-0.08933749218
-0.0987708078
-0.1093132224
-0.11698886070000002
-0.12392345160000001
-0.1261583658
-0.1170442872
-0.10142706150000001
-0.08737277481000001
-0.0734431536
-0.06051439764
-0.04856378697
-0.03698689806
-0.026792453969999998
-0.0250144209
-0.02418828156
-0.021764554289999998
-0.01964013993
-0.01699223454
-0.01205593083
-0.002165127822
0.007344429156000001
0.01571785668
0.02381041998
0.031104213840000002
0.037827301140000005
0.0438821901
0.048699694710000005
0.05249745963000001
0.056185686090000006
0.05971366620000001
0.06311547009
0.06638932215
0.06958485117
0.07273264473
0.07576411131
0.07844752890000001
0.08110897209000001
0.08379578394000001
0.086454549
0.08910979227000002
0.09174356145
0.09433143945
0.09689622471
0.0994074768
0.101877831
0.1042896195
0.10664313660000001
0.10892631600000001
0.11114376840000001
0.1132846047
0.11535019830000001
0.1173333879
0.119238588
0.12105490950000002
0.1227830391
0.12441905280000001
0.12596363730000001
0.1274135553
0.1287695916
0.1300289994
0.1311923673
0.1322578314
0.1332264708
0.1340957349
0.1348657218
0.1355358429
0.1361060982
0.1365760953
0.136945638
0.1372145301
0.13738267350000002
0.1374496758
0.13741563510000002
0.1372803552
0.137043738
0.1367056854
0.1362661974
0.1357254702
0.1350833076
0.1343398077
0.1334952648
0.132549777
0.1315034424
0.13035665340000002
