0.039918096630000004
0.039957503400000004
0.03999760668
0.04003678782
0.04007587086
0.04011398271000001
0.04015265373
0.04019236461
0.04023452799
0.04028470614
0.04034629332
0.04042566603
0.040517654400000006
0.04059546732
0.040651021350000004
0.04070043432
0.040737104100000004
0.04082179383
0.04095477819
0.04107697155
0.04113496827
0.04087909404
0.04017493224
0.039302715329999995
0.038723925330000006
0.038682870480000006
0.03884853195000001
0.03924793629
0.04032367146
0.04277293416
0.046883638080000005
0.05053920705
0.05301856683000001
0.05564310480000001
0.05683969917
0.05523287022
0.05194899234000001
0.048837741030000006
0.04591140822
0.041096591550000006
0.03341097648000001
0.024444185219999998
0.0170071065
0.01146758589
0.008023825611
0.005733467253000001
-0.0006927424695000001
-0.01289980665
-0.02366540856
-0.027930315870000003
-0.020120771069999998
-0.0034800111720000005
0.019241020079999997
0.03775556061
0.043173603990000003
0.041635749150000005
0.042918367410000005
0.045024525360000005
0.043011493740000004
0.0341503758
0.0161643294
-0.005908060728000001
-0.02929026636
-0.04832361855
-0.060545544390000004
-0.06494806638
-0.05485955067000001
-0.03304814382
-0.005625172701
0.027962267040000002
0.06319897281
0.0976260789
0.1337158917
0.1658051865
0.1823587767
0.184532967
0.1759438215
0.1638403416
0.1503955404
0.12860605890000001
0.10545004440000001
0.07834375872
0.04522382532000001
0.01323963486
-0.012905555310000002
-0.01373711958
0.0215263773
0.06125890797
0.07930006695000001
0.08322525396000001
0.09481377753
0.12854543310000002
0.17974715850000003
0.24363409680000003
0.30943761480000004
0.36249696179999996
0.38260442070000006
0.34930525860000006
0.2791880874
0.20976585660000002
0.1494682011
0.08493377337
0.01332736569
-0.05807955564000001
-0.1061192826
-0.1008366957
-0.039605667750000004
0.019985657940000002
0.03589111125
0.014229895500000003
-0.021155520060000002
-0.016482036060000003
0.042475573440000004
0.12008676060000001
0.1797795315
0.22328874540000002
0.27333151740000006
0.3085908156
0.3042583272
0.27398064510000003
0.23344297830000002
0.16432230690000002
0.021603846870000002
-0.2124506574
-0.5093816013000001
-0.8058531429000001
-0.983743857
-1.0328115150000001
-1.028580462
-0.9710248977
-0.8755120890000001
-0.7843030254
-0.7055436366000001
-0.6306643971000001
-0.5689121148
-0.49574334690000005
-0.3687960609
-0.1629779445
0.12294117630000001
0.45384699510000004
0.7752005226
0.9412212348000001
0.8993088927
0.7523630388
0.5800862934000001
0.3979087074
0.2139995583
0.08285376888000001
0.006233890068
-0.0395151705
-0.07687906686
-0.1401680268
-0.1917124155
-0.1932544494
-0.1475235648
-0.05906603943
0.03532220973
0.09554048271
0.11868775650000002
0.11506305960000002
0.07647449265
0.021247537860000002
-0.04017496167
-0.08255318066999999
-0.1075603716
-0.14598888840000002
-0.18672648300000003
-0.2052461934
-0.1760333868
-0.1287900945
-0.07072603866
0.05572122183
0.3032522136
0.5938080309
0.7645488246000001
0.7974091854
0.8058425481000001
0.8107909083
0.7568527815
0.6543664362
0.5412723417
0.4324052781
0.3133238463
0.16614265050000002
-0.014273069309999999
-0.19185103080000002
-0.3301429932
-0.4142354904
-0.46163270160000003
-0.4751951247
-0.4276823517
-0.35600146650000003
-0.2836951938
-0.1887239952
-0.07070735061
0.03328304427
0.0993045699
0.1683477423
0.243793215
0.305681562
0.3508770168
0.37722736349999997
0.4067786151000001
0.44675122590000005
0.4807660275
0.5395530411
0.6170896134
0.672274395
0.7026477246
0.7248162645000001
0.7025688522000001
0.6079368834000001
0.4905561132
0.38905861590000007
0.2800414593
0.1703795895
0.07797338217
0.01068363936
-0.008607829626000001
0.01821271626
0.0339951816
-0.02406747141
-0.21297765059999998
-0.4503798468
-0.5725467198
-0.5401357551
-0.39503575080000003
-0.1777717188
0.06154591914
0.2260217133
0.2743315488
0.2413319841
0.1850722227
0.1405532655
0.08327976813
-0.03147739605
-0.21028804290000003
-0.39373268850000004
-0.5182804485
-0.5305040028000001
-0.40371946470000003
-0.2047432347
-0.0564617493
-0.06394734828
-0.2284880454
-0.45473175900000007
-0.6315306201
-0.7547998428000001
-0.8159446899
-0.7984668015
-0.7032196476000001
-0.5334474933
-0.3072674466
-0.03967118874
0.20671533900000003
0.2576709315
0.08108359362
-0.2943789705
-0.8206443666
-1.248764931
-1.370580606
-1.217546568
-0.8877826332000001
-0.41983415550000003
0.05392756143
0.3812115969
0.4896839061
0.4947066261
0.5644588653
0.7306766604
0.9606193326000001
1.19313144
1.2984623910000002
1.259768808
1.104528501
0.8557132527
0.5807715219
0.31706273160000004
0.06792326280000001
-0.02766821229
0.0989006922
0.3208080915
0.4764337353
0.5454711198000001
0.5670851004
0.5700382047
0.5833401723
0.6344763669000001
0.7063808220000001
0.7215237342
0.6618560769
0.5805243099
0.5218244091
0.5337729891
0.6190119810000001
0.6955911954
0.7212658293
0.6747085503000001
0.5771205342
0.4673057265
0.25599195
-0.2024424954
-1.014429537
-1.791467865
-2.3689276290000003
-2.693193255
-2.687572125
-2.3580395100000002
-1.681403589
-0.8196806322
-0.059873883120000006
0.49043603880000003
0.8432572995000001
0.9616810689
0.8728422975000001
0.6424456185
0.4115729583
0.2975226831
0.29482414830000003
0.2842444557
0.2223522828
0.23493537360000002
0.44288902890000004
0.7697578365000001
0.9452728629
0.8273341980000001
0.49281584670000006
0.1764453087
0.07468577649000001
0.0787789107
0.03565489626
-0.08748277434
-0.2449608012
-0.3883372866
-0.4407300441
-0.34521311520000003
-0.17093875950000004
-0.06260959782
-0.0534002445
-0.06563445246
-0.0673264224
-0.057178624860000006
-0.04411294092
-0.05709809457
-0.1396386792
-0.3466446885
-0.6539299893
-1.059209244
-1.5302324699999998
-1.9201731030000002
-2.1019739850000003
-1.9682352360000002
-1.548500652
-1.002528045
-0.40699698570000004
0.16173540990000002
0.6842011968000001
1.1909644110000002
1.611364113
1.870035174
1.9754838450000003
1.931525235
1.680771825
1.3012651080000002
0.9783466893
0.7697126124
0.6062935122
0.45833968080000004
0.3354555006
0.29762372610000004
0.4061301741000001
0.622835919
0.8225659494
0.8892611964
0.788642577
0.5352751944
0.2330650971
-0.01758732876
-0.21466928700000001
-0.3357850185
-0.42238985670000007
-0.5556132864
-0.7114473927
-0.8596141991999999
-0.9729927837000001
-1.006523658
-0.9503096112000001
-0.8417148732
-0.7425527445
-0.6924485619
-0.6802803359999999
-0.6675719715
-0.6744955752
-0.7180819938
-0.7850274938999999
-0.9220109985
-1.1888062110000002
-1.4658052950000002
-1.4188026420000002
-0.9240267573000001
-0.248262651
0.16490403990000002
0.2058070311
0.09063427608
0.05555783628
0.18185630850000004
0.4287023955
0.7449709095000001
1.125738702
1.542097665
1.82381634
1.871805879
1.665338733
1.248804171
0.7411632561
0.3381935697
0.1355868549
0.09581893956000001
0.13405051080000002
0.2187467154
0.31397336640000006
0.3543555447
0.33566258970000007
0.2587066713
0.1441341117
-0.00807708312
-0.2588484258
-0.6193715175000001
-1.0225944
-1.358745822
-1.478184534
-1.351134243
-0.998033103
-0.47658461310000005
0.1826223714
1.069029054
1.7093150010000002
1.8079830000000001
1.435460022
0.9315266004
0.32463085230000005
-0.36893860019999997
-0.8414190036
-0.8722096506000001
-0.5394618081
-0.06691800267
0.2694299823
0.3702640293
0.30188754450000005
0.1505718261
0.031420733490000005
-0.03195760536
-0.052653909510000006
-0.002961365301
0.07258457259
0.09456411303000001
0.02956671216
-0.104617764
-0.2842744743
-0.5556426183000001
-0.9119772324000001
-1.234153917
-1.4941042020000002
-1.701980064
-1.777447413
-1.6909810920000001
-1.484779797
-1.255333707
-1.0695195540000002
-0.9030604329000002
-0.7103063916000001
-0.48529314630000003
-0.2161409832
0.07808143932
0.3829731786
0.6194545101
0.7055072415
0.7059078819
0.7298634114
0.7820215137000001
0.8031888450000001
0.7864573014
0.7112489364000001
0.5172152787000001
0.1753131366
-0.3059076825
-0.755640756
-1.000012761
-0.9389360934000001
-0.5881646322
-0.09333426276000001
0.3693624903
0.6723647451000001
0.7812299448
0.7292572515000001
0.5619970458
0.3347579115
0.15529337910000002
0.08719014204
0.1665721323
0.3067928388
0.3988610622
0.39629250990000003
0.3078568314
0.20757077100000002
0.1075424193
-0.02020265514
-0.17273104649999999
-0.3818028456
-0.6013488798000001
-0.7178699997000001
-0.7151108391000001
-0.6042513645
-0.4171305195
-0.2716943265
-0.2453085657
-0.3367415916
-0.4875739713
-0.6309975447
-0.7091110431
-0.6411700242
-0.4503710178
-0.2183231196
-0.017587152180000003
0.09297877779
0.12038488650000001
0.12016798740000001
0.1399564251
0.2282494662
0.3642466734
0.5159532222000001
0.6202494144
0.5872289544
0.44021590200000005
0.28550455020000004
0.17755020900000001
0.1049271714
0.05822091774
0.006036416730000001
-0.06532095429000001
-0.16165251540000003
-0.259153713
-0.34208666820000005
-0.4280851503
-0.5123236203
-0.616393692
-0.7566564834
-0.8895930687
-0.9941905260000001
-1.0634785560000002
-1.072217304
-1.054910502
-1.0596762000000002
-1.085969943
-1.125770094
-1.186915824
-1.2494526120000002
-1.256557995
-1.18807929
-1.092464163
-0.9926111160000001
-0.8819970876
-0.8117159913
-0.8016416118
-0.8644805478
-0.9526472361000001
-0.9590581692000001
-0.8039077218
-0.5506916094000001
-0.31248980010000005
-0.08245306962
0.14211658710000002
0.3250512108
0.4806097542
0.5525480538
0.5575628277
0.5452691319
0.48661514190000005
0.376588242
0.2341874592
0.039188909519999995
-0.19089465390000002
-0.4478488668000001
-0.7458333066
-1.002019887
-1.200531123
-1.3714056270000001
-1.463121279
-1.4355159389999999
-1.3317634170000001
-1.188862128
-1.030461039
-0.8769515103000001
-0.7034217336
-0.5071519845
-0.2870682642
-0.04963547061
0.14903950410000003
0.29793166200000004
0.3859276563
0.3792194802
0.26780014890000003
0.0933742287
-0.19517877900000002
-0.512734365
-0.7446137274000001
-0.894206025
-0.943636653
-0.8918302392
-0.827554923
-0.8225209215
-0.8922362751000001
-0.9836231940000001
-1.074470661
-1.149674121
-1.213472475
-1.246771539
-1.231073577
-1.17912276
-1.13402619
-1.109444292
-1.117698426
-1.186503804
-1.277680887
-1.370408931
-1.494185625
-1.624523247
-1.7502962760000003
-1.8562403520000001
-1.935636606
-2.022745482
-2.0955543210000003
-2.1108167190000002
-2.078722323
-2.006776764
-1.89074016
-1.7315572140000002
-1.522300104
-1.270466613
-0.9202928751000001
-0.5694405795
-0.2969250579
-0.06413310063000001
0.1639858239
0.41624840430000004
0.6169099923000001
0.795271194
0.9825529230000001
1.1571866190000002
1.344580182
1.503791577
1.6455804120000002
1.78540038
1.900137159
1.974310569
2.008871199
2.027203146
2.0400503220000004
2.083996179
2.1319974900000003
2.162472255
2.206159128
2.247203187
2.293408287
2.331940986
2.3847992280000003
2.463981624
2.5432169940000002
2.610718623
2.671525908
2.71366182
2.748185172
2.777696595
2.793532878
2.801827233
2.7890899289999997
2.7689549040000005
2.761376679
2.7842673330000003
2.8243814040000004
2.854323486
2.872196325
2.8837485810000003
2.9117021760000004
2.9632390109999998
3.023181054
3.1180270770000003
3.218600178
3.319001604
3.450130893
3.5748258030000004
3.727678356
3.8826184770000003
4.066613856
4.247750601
4.3915141890000005
4.546765287
4.652769204
4.711175982
4.744333782
4.736910555000001
4.707370683000001
4.696609113
4.694394996000001
4.679312121
4.66490025
4.627924398
4.551013998
4.430661975
4.232218428
3.9635019270000003
3.7204022790000004
3.496773519
3.267067464
3.0839177070000003
2.9037060450000003
2.715019524
2.5424410230000003
2.366991135
2.181178944
1.967972328
1.7675913060000001
1.574813034
1.363771485
1.147518864
0.9055587456
0.6346599119999999
0.277403256
-0.1811150649
-0.7261103997
-1.332620811
-1.9579818240000002
-2.4657032790000004
-2.832212727
-3.1714729380000004
-3.650551155
-4.300162488
-5.085368622000001
-6.287370264000001
-7.755322968000001
-8.972905833
-9.78298326
-10.50137937
-11.547713970000002
-12.52140552
-12.78158634
-12.1569444
-10.82096955
-9.082093095000001
-7.895203758
-7.612418736000001
-7.6736763
-7.549317873000001
-7.133053086
-6.579046089000001
-5.990821812000001
-5.1703605
-3.7651290120000005
-2.3044308030000002
-1.432872144
-1.163489544
-1.142636427
-1.161585423
-1.1909232090000001
-1.226533509
-1.202889447
-1.151476218
-1.128403098
-1.1282588910000002
-1.139315742
-1.214028702
-1.399469094
-1.6609006890000002
-1.9454181570000002
-2.236390605
-2.409082902
-2.4797511990000003
-2.557669086
-2.6390253780000004
-2.6114121900000002
-2.502816471
-2.401375185
-2.371060323
-2.4062762610000004
-2.438476605
-2.4244738110000004
-2.325052404
-2.174400234
-2.022744501
-1.870779753
-1.732597074
-1.5916273740000002
-1.451177604
-1.2710944530000001
-1.029223017
-0.8061379272000001
-0.610717626
-0.4134020328
-0.2365556913
-0.07770486285
0.055992330990000005
0.1920559617
0.3290635008
0.447839253
0.5561446941000001
0.65300265
0.7224987501000001
0.7691538348000001
0.8037081864000001
0.8773237998
0.9884281320000001
1.115842374
1.264861179
1.456465194
1.675212498
1.865118402
2.039304762
2.198448468
2.369931192
2.5379931690000004
2.604679587
2.598995673
2.5476874110000005
2.463960042
2.36094327
2.251086966
2.140991298
2.086713549
2.0794129470000002
2.127351474
2.2004889480000003
2.275652187
2.340666
2.4100315290000003
2.453746851
2.453173947
2.443362966
2.4518309580000004
2.478422925
2.500285491
2.512724571
2.533574745
2.556563499
2.5991801010000004
2.6617669200000003
2.718486378
2.811587202
2.947034853
3.1199468940000004
3.3289185330000004
3.5105124240000003
3.6402948000000004
3.754396872
3.8755395810000004
3.943530729
3.9387522780000004
3.895240023
3.861680013
3.822451785
3.722974461
3.5660968650000004
3.3753718260000003
3.206890962
3.038254119
2.8896630300000004
2.743214445
2.5794669060000004
2.4117865380000003
2.2632837390000002
2.180553066
2.1172883760000003
2.028071331
1.9316988720000001
1.8101098080000002
1.6563929940000002
1.490022261
1.249271127
0.9413629893000001
0.589244517
0.2370119544
-0.05064664617
-0.3067021944
-0.6021932265000001
-0.98931888
-1.399766337
-1.657925316
-1.977551793
-2.5929075870000005
-3.675602952
-4.983549651000001
-6.240443148000001
-7.452314631
-8.230149531
-8.292362589000001
-7.778234223
-6.910039413000001
-6.010378047000001
-5.016770235
-3.8737109970000003
-2.77860402
-1.9229208840000003
-1.3176379980000001
-0.8177007780000001
-0.4086331956
-0.1381383378
0.02469241746
0.08978330763
0.13681271250000002
0.26280940950000004
0.45207727110000007
0.7088890428000001
1.021572198
1.2485039850000001
1.368942336
1.4952804210000001
1.617934851
1.691914023
1.632747951
1.432641609
1.129573431
0.7870336389000001
0.4259310705
0.03767776731
-0.2933985591
-0.5117380614
-0.6697587186
-0.7897408065
-0.9219058353000001
-1.114316919
-1.310989761
-1.51370262
-1.696061691
-1.813040055
-1.887511689
-1.9863023130000002
-2.1876093990000003
-2.525805225
-2.9679115140000003
-3.316224393
-3.600557433
-3.8427212070000003
-4.059733122
-4.3138189890000005
-4.5662901300000005
-4.703027796
-4.539643227
-3.8493674820000003
-2.534211414
-1.226239209
-0.3519248229
0.2969509563
0.8633832993000001
1.176923358
1.288705365
1.3580120340000001
1.377169983
1.3248807210000002
1.255128678
1.21538052
1.223354088
1.279730196
1.40127021
1.545126012
1.6804402470000002
1.798430022
1.8501100830000001
1.8553319460000002
1.846767816
1.831631967
1.8008697690000002
1.7727788340000001
1.7507220300000002
1.73368206
1.7211478230000001
1.6821775980000002
1.645224309
1.6310106
1.6291417950000002
1.660135509
1.70369289
1.748211651
1.810188288
1.8995053950000003
1.991392722
2.077098768
2.155379625
2.1907672380000003
2.190399363
2.171133504
2.1591937530000003
2.160303264
2.163631797
2.1491669520000003
2.1173629320000003
2.0690074800000002
2.0130463350000003
1.937789901
1.838463651
1.710170433
1.552115637
1.370848419
1.17348201
0.9546440616
0.7131116592000001
0.45575749260000004
0.2151889227
-0.0175405743
-0.2810397249
-0.5478839874000001
-0.8146055268000001
-1.08762489
-1.391350338
-1.6904915730000003
-1.933051671
-2.137313529
-2.324681586
-2.4674121810000003
-2.580866793
-2.701750518
-2.8499629410000002
-2.93254254
-2.9152377
-2.836327041
-2.6802342450000003
-2.377889064
-1.9365087150000002
-1.369405368
-0.6902194356000001
0.03634037001
0.5992107903
1.010623257
1.4223607290000002
1.8529059330000002
2.116306395
2.3128458210000002
2.529913653
2.6817067260000003
2.717334684
2.6541573030000003
2.5361753760000005
2.3986637010000003
2.198130624
1.9344711780000001
1.6589867580000002
1.424403171
1.2224074230000002
0.9867496410000001
0.717397452
0.423695862
0.10431728370000001
-0.1728342477
-0.417813786
-0.6551874351
-0.8695032678
-1.063623744
-1.241859672
-1.401337899
-1.5718798440000001
-1.7573604570000003
-1.9412538120000002
-2.071882791
-2.1701005110000002
-2.237608026
-2.268340794
-2.245179384
-2.154831246
-1.993959999
-1.7782537950000001
-1.5179660460000002
-1.182794643
-0.8370780786
-0.4574273508
-0.07684804764000001
0.20449857329999999
0.4374271152
0.6426405432000001
0.8435368845000001
1.038838779
1.190972259
1.309572216
1.3659081030000002
1.3899327929999998
1.4185397339999999
1.428096636
1.3983409440000003
1.3634173440000001
1.347412329
1.3046838930000002
1.242045081
1.155862269
1.062748692
0.9772468902
0.8904048462
0.8312500557000001
0.7855893126000001
0.7268508585000001
0.660009933
0.5962936887
0.5245542378
0.4404263265
0.37613884589999996
0.31078904040000005
0.2161988622
0.1502681085
0.08798709663000001
-0.0041682650760000006
-0.10427049000000001
-0.2068086321
-0.2812025709
-0.35418249630000004
-0.4382884332
-0.5136318819
-0.5831140518
-0.657923346
-0.7532357364
-0.8384130234
-0.8902536741
-0.9333624438000001
-0.9712287494999999
-1.009961082
-1.047540249
-1.070991054
-1.049184405
-0.98787681
-0.9032411331
-0.8059831254000001
-0.7211101446000001
-0.6486093396
-0.5799097134000001
-0.5194912968000001
-0.46673282250000003
-0.4345264944
-0.4128327585
-0.37253308230000004
-0.3085364682
-0.23160487860000004
-0.12166558200000001
0.01931993172
0.14178402810000001
0.2389192146
0.3175370451
0.3898462608
0.4538461122
0.49436357040000006
0.5231317878
0.5147003871
0.4534929522
0.3742251111
0.2971155681
0.2129251671
0.1288746567
0.04106955519
-0.06485131035000001
-0.1552407975
-0.2333645964
-0.303919686
-0.3725177787000001
-0.4560632703
-0.5477870646
-0.6590568915
-0.7670051505000001
-0.8502229881000001
-0.9340447293
-1.032454431
-1.150018452
-1.2531146850000001
-1.335158658
-1.415831193
-1.471387185
-1.506419676
-1.525530537
-1.4913721170000003
-1.424858355
-1.348717059
-1.259273403
-1.154679183
-1.0505627100000001
-0.9223174629
-0.7978805559000001
-0.64234899
-0.43221712230000003
-0.22911461010000003
-0.060675448410000006
0.08302813182
0.2303661699
0.3616621308
0.44438770260000005
0.4992929973
0.5439317346
0.5894295336
0.6212225664
0.6201952632
0.6110063343
0.6098567004000001
0.589007115
0.5504961942
0.5089030695
0.48290519610000004
0.43946543700000007
0.35900018730000005
0.2672205741
0.20337179670000002
0.1493787339
0.06905552319
-0.008154769491
-0.07175600037
-0.1397047986
-0.20359360080000002
-0.2574952344
-0.30095569260000005
-0.3394853505
-0.36925634609999997
-0.39369207510000004
-0.41540621580000003
-0.4375265886
-0.4510283859
-0.44492009130000004
-0.4221436257
-0.388009044
-0.3512321388
-0.31846507110000005
-0.2786980779
-0.2330721603
-0.17952368670000002
-0.11026891260000002
-0.04173142608000001
0.018899259300000002
0.07255262142
0.1517408838
0.24335088210000003
0.3129141807
0.3843927837
0.45070799130000005
0.4977781371
0.5220058941
0.5244561378
0.5212216827
0.5186196783
0.5007913767000001
0.46772628120000004
0.4363349679
0.39781943640000006
0.3297159639
0.24829894800000002
0.17713455930000002
0.11839414320000001
0.06539417613
0.008259658992
-0.043975110420000005
-0.06723814221
-0.07700765634
-0.09704739681
-0.10494492750000001
-0.1010759616
-0.1000130481
-0.1033719921
-0.10548957870000002
-0.09600732099
-0.06318407142
-0.02274047271
0.019287441000000002
0.059928446340000004
0.1051100298
0.1648027026
0.2221864938
0.2631780693
0.2915954811
0.34262229420000007
0.4031032986
0.46934993430000005
0.5201864334
0.5795822556000001
0.6390073116000001
0.668955672
0.7003589535
0.7451640683999999
0.7694856090000001
0.7886834846999999
0.8155593531
0.8252633070000001
0.840455073
0.8480660634
0.843697278
0.8401877505
0.8304549552
0.8028756117000001
0.7656041844
0.7138459377
0.652074624
0.593727687
0.5281414605
0.44250212250000004
0.34941777930000006
0.2638378899
0.1854820845
0.1230315264
0.06282478017
0.01022212791
-0.02397864186
-0.042916346550000005
-0.061865950770000004
-0.06940518102
-0.04789034028
-0.009451075644
0.03641093334
0.0865353834
0.1511368821
0.2101668894
0.2718286254
0.3537264294
0.4315255173
0.5077782549000001
0.5772879909
0.6458143725
0.7090029369
0.7562250396000001
0.8117970219
0.8739652482
0.9163574955
0.9443578842000001
0.9819976770000001
1.019878011
1.04872824
1.081952748
1.11542643
1.127079729
1.113418323
1.082881755
1.048340745
0.9921833999999999
0.9242345331
0.8520438222
0.7874026911
0.729409797
0.6594552756000001
0.5770881612000001
0.48779420580000005
0.39602244059999997
0.2962582722
0.19386600480000002
0.08967606471
-0.01651689099
-0.111866373
-0.2130401403
-0.30179248560000005
-0.38264895810000005
-0.46687094730000006
-0.5410657431
-0.5940598536
-0.6300264528
-0.6570984231
-0.68512059
-0.7043167980000001
-0.7172366661
-0.7300243935000001
-0.7336254483
-0.7387272369000001
-0.7368851151000001
-0.7396881264
-0.7485303699
-0.7493741280000001
-0.7451749575
-0.7425795258000001
-0.7331315147999999
-0.7157596725
-0.6986037482999999
-0.6742579770000001
-0.6376767812999999
-0.6025342221000001
-0.5688027333000001
-0.5350633965
-0.5080205619
-0.48136276980000003
-0.4524389658
-0.4306489938
-0.41132505960000004
-0.39864053340000005
-0.40353533100000005
-0.4175837415
-0.4423126914
-0.4700602764
-0.49982626890000004
-0.5430352968000001
-0.5894756406
-0.6246690156
-0.6406070282999999
-0.6485368437
-0.6642691407
-0.684352467
-0.7011741645
-0.7205623542
-0.7491153402
-0.7770290085
-0.8081298477000001
-0.8519775066
-0.8945596754999999
-0.9252476118
-0.9591985503000001
-0.9956502540000001
-1.04381343
-1.096991478
-1.130476932
-1.151237835
-1.156689252
-1.169413803
-1.148239899
-1.088123238
-1.007883324
-0.9155616102
-0.7928427285
-0.6687706554
-0.5476885722000001
-0.4213460727000001
-0.2929699602
-0.1812910563
-0.1024034508
-0.04153023279
0.02041011702
0.09730358496000001
0.1891974258
0.2710215567
0.3451390497
0.41412591270000004
0.4520033037
0.48871948500000006
0.5320217079
0.5637433239
0.5903292087
0.618141834
0.6368768739
0.6454428678
0.6575540976
0.6846335235000001
0.7122411198
0.7318761291000001
0.7502618349000001
0.7795807857
0.8032656573000001
0.81382779
0.8329893687000001
0.8504049636000001
0.8631991656000001
0.8678241882
0.8711597844000001
0.8811955125
0.8833897152000001
0.8802605214
0.8863317342
0.8993181141000001
0.9066414753
0.9184883256
0.9272810286
0.9242445393000001
0.9272448297000001
0.9400398165
0.9377546751
0.9210755169
0.917670564
0.9251291070000001
0.9237897477
0.9050484294000001
0.8796627
0.8504441055000002
0.8180499159
0.7820705637
0.7532553564
0.7012249803
0.630747684
0.5569887465
0.48886692930000003
0.43514736930000003
0.3815476875
0.3105656667000001
0.24621393060000002
0.2038375755
0.1619622171
0.14091898230000002
0.11338113510000002
0.07157765457
0.03975608448
0.026003004030000002
0.006358356405
-0.02865979728
-0.06284633274000001
-0.09003928977
-0.11412404640000001
-0.1294387317
-0.1467735903
-0.16229683620000002
-0.168914466
-0.182009835
-0.2007262359
-0.2169300996
-0.22940979300000003
-0.2515417416
-0.2853853587
-0.31632551010000004
-0.3332033208
-0.34683127469999997
-0.3747168864
-0.4028070366
-0.42182725320000003
-0.44207548560000004
-0.4570573176
-0.46941624989999997
-0.47710346400000003
-0.48233435220000004
-0.4918491693
-0.5070944979
-0.5319166428000001
-0.5452514739000001
-0.5531096763
-0.5622380775000001
-0.5679332730000001
-0.5727904002
-0.5633600472
-0.5533814133
-0.5330277234
-0.4952589291
-0.47757483450000004
-0.47524172220000005
-0.46640909250000007
-0.4456111077
-0.40742911620000005
-0.3474519534
-0.29378046240000005
-0.2314172133
-0.1549739655
-0.06767822862
0.014078380050000002
0.05675509773000001
0.09566598204000001
0.1430381385
0.1776251574
0.1974593097
0.214467201
0.24882603930000002
0.26761493610000003
0.2578997007
0.24987207960000002
0.25185811410000003
0.2382082839
0.22198303440000003
0.2028144906
0.1717844796
0.1439370288
0.1204943661
0.08480378106000001
0.045150103170000004
0.01673084709
-0.024320049479999998
-0.06297366654
-0.07984697445
-0.1021323024
-0.1186786332
-0.1326898638
-0.15622140510000002
-0.17179075800000002
-0.1878504147
-0.2121058359
-0.2351043018
-0.2700961794
-0.3051976347
-0.3283057764
-0.3618566631
-0.38136090510000004
-0.36640477530000004
-0.3412482075
-0.3293784018
-0.32548402800000004
-0.31698778320000004
-0.3000735774
-0.2866494753
-0.288517005
-0.2849632344
-0.2566919916
-0.2336527161
-0.22465056960000002
-0.2111400414
-0.1843871904
-0.1652537664
-0.1636039206
-0.1774520109
-0.1682597466
-0.14293699740000002
-0.134005581
-0.1180589355
-0.09616241709
-0.07117778916
-0.052904309760000004
-0.02923896006
0.0026577722880000002
0.03675793266
0.07512715782
0.10046921310000001
0.11033238330000002
0.1200291759
0.1374756723
0.1566066438
0.1699467723
0.1710247932
0.165879252
0.1646095437
0.1579906386
0.15126303870000002
0.14175214560000002
0.1180928781
0.09379372392000002
0.06488182926
0.02785287573
-0.0007353468090000001
-0.03322492983
-0.07040345643000001
-0.100155195
-0.14298771510000002
-0.19049499450000001
-0.2164019292
-0.2358729153
-0.2558311641
-0.27650927070000003
-0.2917766718
-0.2756785599
-0.2354948379
-0.196681671
-0.15174833940000002
-0.1009626561
-0.05298094548
0.009325212363000001
0.07396037604000001
0.12108600720000001
0.16602659820000001
0.21760787250000002
0.2815122726
0.3430884654
0.40280497649999997
0.46965237660000003
0.5292838350000001
0.5822380188
0.6386106933
0.6900683616
0.7262548029
0.7685664120000001
0.7991969598
0.8234957412
0.8528505966000001
0.8830757952
0.8982032076
0.9069954201
0.9172328418000001
0.9061098714
0.8838345987000001
0.8680771881000001
0.8438757219000002
0.8047658025000001
0.7612404021000001
0.728936955
0.6949103814
0.6503926014
0.6148215414
0.588360636
0.5414718771
0.4919880789
0.43360111710000004
0.3653619723
0.2969973576
0.21781819890000004
0.13669891650000002
0.059568448770000004
-0.0077505141060000005
-0.05962136391
-0.1125434592
-0.1570292586
-0.1994840937
-0.2406573504
-0.26430886800000003
-0.3019777965
-0.36290545020000003
-0.4125130506
-0.45503851770000003
-0.5038106985
-0.5488526268
-0.5971793355
-0.6529085721
-0.6969743073000001
-0.7207332444000001
-0.7430698296000001
-0.7703698824
-0.7887252753
-0.7962754437
-0.7897049019
-0.7717072797
-0.7514965215
-0.7249714587000001
-0.690024609
-0.6462681831
-0.6285596616
-0.6268508577
-0.6125852538
-0.5806446786
-0.5719207437
-0.5833556721000001
-0.5897828898
-0.6003768069000001
-0.6289862985000001
-0.6568999668000001
-0.6721968960000001
-0.7005792861
-0.7301020887
-0.7504026084000001
-0.7656720696
-0.7787868624000001
-0.7940476908
-0.8085964113
-0.812749671
-0.8183471589000001
-0.8330570577
-0.8237667915
-0.7812603558000001
-0.7355542905000001
-0.6953593851000001
-0.6407668331999999
-0.579390372
-0.5137558803000001
-0.4497526935
-0.4054285629
-0.3715265763
-0.3483331857
-0.3227368356
-0.2889129366
-0.2556195624
-0.2343162645
-0.21872346569999998
-0.18985675590000003
-0.16814477340000003
-0.16052152050000001
-0.1342180656
-0.1103251239
-0.10150034220000001
-0.08317449702
-0.06188719923000001
-0.02857700088
0.018978043410000003
0.060592956120000006
0.08409437091000001
0.11424412080000002
0.1679477886
0.2057006907
0.2295087759
0.26511887970000003
0.2956580964
0.30673701989999996
0.319942359
0.35107949520000004
0.38093554350000003
0.3965297157
0.4184450595
0.4509061533
0.4800608847
0.49293543060000006
0.5011230528
0.5134198878
0.5171511213000001
0.5121103509
0.5001551001000001
0.49823008380000006
0.505174779
0.5160037437
0.5111782047000001
0.5090204952
0.5166287388
0.5186412603
0.5173946055
0.5269864311
0.5365620702
0.5441474565000001
0.5472142587000001
0.5442513444
0.5429251305
0.5447918754000001
0.5458140774
0.5361657462
0.5164905159
0.5005333737000001
0.4902318927
0.48671147610000004
0.49068285840000003
0.5003495343000001
0.5074348068
0.5120856297
0.5245204914
0.5335192044
0.5368539177
0.5435038224000001
0.545099517
0.5501759958000001
0.5605690041000001
0.5615991522
0.5579717085
0.5504136921
0.5345829027000001
0.5119657515
0.4781475423
0.4418830134000001
0.4105647846
0.37574497440000004
0.34501985820000003
0.31818430890000005
0.28988657910000004
0.26384171580000004
0.245729709
0.2188563912
0.185509062
0.159988347
0.142523604
0.1099588185
0.07106679882
0.03060358992
0.000717319953
-0.02209629906
-0.04930197966
-0.08603746704000001
-0.141047199
-0.1803188853
-0.21177857430000002
-0.2515035807
-0.281697093
-0.3163723038
-0.36374499000000005
-0.4009750191
-0.43471523880000007
-0.4771877319
-0.5126932611
-0.5364141354
-0.5505368076
-0.5607304767
-0.5642963136
-0.5518940211
-0.5317126929
-0.5070439764
-0.4775434425
-0.44390681640000007
-0.40370043330000005
-0.3677852385
-0.3443758317
-0.3286421613
-0.3158953416
-0.3009468636
-0.29318450490000003
-0.29500632000000004
-0.29589206490000003
-0.2944683396
-0.2928781386
-0.2926585908
-0.2931950016
-0.2929233627
-0.2928320316
-0.2998133181
-0.3110638185
-0.3103204167
-0.29820114270000003
-0.2866574214
-0.2836183815
-0.2727514521
-0.2548869516
-0.239415012
-0.2341361529
-0.23874479280000002
-0.2339603577
-0.21393137880000002
-0.20062941120000002
-0.20519272890000004
-0.2026925523
-0.1775432439
-0.16490296080000003
-0.15808962150000003
-0.1399431816
-0.1115569656
-0.09020878695000001
-0.07056132876000001
-0.05153038983
-0.02298103353
0.009761330628000001
0.034398431460000004
0.04723529715
0.0680219514
0.1021615362
0.13372874280000002
0.1457174457
0.15222098520000002
0.1669521717
0.18470434770000002
0.18897993810000002
0.1943905455
0.20007318420000003
0.21283511130000002
0.22884738570000002
0.22955458860000003
0.22264099110000002
0.2220411096
0.22380534000000002
0.2047312665
0.189438948
0.1932029469
0.1795349682
0.162430056
0.15386111910000003
0.1425743217
0.136628775
0.1281505806
0.1118374335
0.1034524341
0.08729789508000001
0.06556663593
0.04435563051
0.023711711760000004
0.003044137176
-0.01782069885
-0.030096923040000004
-0.02467343511
-0.02071704249
-0.03358572201
-0.047986262460000005
-0.06218181315
-0.05822910909
-0.0508755429
-0.06868596087
-0.08423178939
-0.08633433726
-0.09019447416000001
-0.09076568103
-0.08967022776000001
-0.09019173717000001
-0.08516220903
-0.0746437014
-0.06726716019000001
-0.06071044068
-0.05580445968
-0.05456129724
-0.0581353353
-0.04338095796000001
-0.022740364800000003
-0.01021679127
-7.976004804e-05
0.00916396245
0.01334919294
0.02669081256
0.04590182385000001
0.05639164704
0.05630165991
0.058252044870000005
0.05587667109
0.06934546755
0.09147645476999999
0.10929752640000001
0.1263992994
0.131342166
0.15093057780000002
0.174136329
0.1874874447
0.19536202980000003
0.1971982656
0.20952551160000002
0.22805130420000003
0.2321417799
0.23634791550000003
0.23920900200000003
0.24050156760000002
0.2526291801
0.2597794929
0.2645549028
0.25796944980000003
0.2474239941
0.23779135890000003
0.22439394
0.21058705170000003
0.2088660834
0.2139436413
0.2042984493
0.191763918
0.18136973250000002
0.16721733600000002
0.1538130501
0.1331601552
0.1096552971
0.09717902739
0.08692253505000001
0.07228719224999999
0.05571875952000001
0.04897369782
0.045079412310000004
0.02899839924
0.01863425196
0.02274597612
0.019931202630000002
0.008226110754
-0.007523444979000001
-0.03209336595
-0.04701901608
-0.056060579160000006
-0.06921086454
-0.08530355150999999
-0.10002246570000001
-0.11390518530000002
-0.12793554540000002
-0.149506362
-0.16879321440000003
-0.1701780921
-0.17713946430000002
-0.1964831166
-0.21544829910000002
-0.2281037877
-0.2353915386
-0.22907389860000002
-0.21474080190000003
-0.2193242301
-0.23923764720000004
-0.2431394766
-0.23437041570000003
-0.23071825080000002
-0.2376057537
-0.2514176451
-0.2560627782
-0.2601221562
-0.25008014970000003
-0.242968194
-0.24542196930000001
-0.2358712476
-0.2173369203
-0.2082714012
-0.17489493630000003
-0.1339682049
-0.1078265169
-0.08831065005000001
-0.07530403212
-0.062477761230000005
-0.0454020534
-0.03252163131
-0.044827825050000006
-0.053469699300000006
-0.037077346260000005
-0.02354242059
-0.029802328739999998
-0.04891309164
-0.06574696335
-0.06600203316
-0.06971340141
-0.08777569113000001
-0.1036574631
-0.09489115881
-0.08152710372000001
-0.08314491006000001
-0.07920955989
-0.06068643561
-0.04219137774
-0.027821415060000004
-0.004130492652
0.026850274110000003
0.04613863725
0.06165088614
0.08878801446000001
0.122383674
0.1525301964
0.1790358354
0.2058205689
0.22680572850000003
0.2464704621
0.2766666231
0.3017874825
0.32088421710000004
0.34844737410000004
0.3716595999
0.38211912000000003
0.39325052700000007
0.41895527760000006
0.44509725990000004
0.44728273170000005
0.44607610170000006
0.4563558045
0.4772041146
0.49380126120000006
0.4879155555
0.47996033220000006
0.4820303403
0.4806435006
0.4642608006
0.44498670120000006
0.4319428347
0.42080485500000003
0.40645262880000005
0.3841493976
0.35152575210000003
0.3270645171
0.311895216
0.28556527410000004
0.2515999149
0.2209953636
0.2012630391
0.18514795590000002
0.1620717948
0.14042583360000002
0.11958193800000001
0.1047951288
0.08816536394999999
0.06248595258
0.03627240633
0.003408757218
-0.01731348261
-0.035574934950000005
-0.05084212023000001
-0.06873081219
-0.10023769710000001
-0.1254255588
-0.1258301232
-0.130911507
-0.1508798601
-0.17506955429999999
-0.199704132
-0.20891209230000002
-0.2039334192
-0.2138939046
-0.2357148762
-0.2370463875
-0.21663236610000003
-0.2094002379
-0.2161296036
-0.2099910942
-0.2006254872
-0.1917389025
-0.19917625590000002
-0.19339532099999998
-0.17335300050000002
-0.1672174341
-0.16135321230000002
-0.1445104233
-0.1246985397
-0.0989053029
-0.08237140137
-0.07342741836000001
-0.06287233905
-0.058605960240000005
-0.04616434926
-0.029109585780000002
-0.02785017798
-0.03475646703
-0.03563908254
-0.03194552925
-0.030813720120000002
-0.03435904431
-0.0475757532
-0.05397827913
-0.061902110430000004
-0.07598180502
-0.09010873476
-0.09382649913
-0.09842500529999999
-0.10404250560000002
-0.1052042058
-0.11445081750000001
-0.1221748191
-0.1208303586
-0.12730584150000002
-0.136311912
-0.1469742048
-0.16291898640000002
-0.1793819322
-0.20153183310000003
-0.2100709476
-0.20329910460000003
-0.21100221090000001
-0.2329852437
-0.2417052546
-0.2451984975
-0.2597405472
-0.27566178480000003
-0.26862399270000004
-0.26523189090000004
-0.2736626049
-0.2668527972
-0.25691222610000003
-0.2604068424
-0.27573859710000004
-0.28034419590000004
-0.2626945344
-0.25145433450000004
-0.2565288513
-0.25106428890000004
-0.23046966540000002
-0.21088439280000001
-0.18864119880000002
-0.1698903648
-0.15973338509999999
-0.1498343103
-0.14316821910000002
-0.1358866485
-0.1187159112
-0.100262124
-0.08709039396000001
-0.07553568546
-0.06177731742
-0.05483069946
-0.04980123999
-0.03350594709
-0.01421278686
-0.0003189204513
0.0023240380500000003
-0.002827193931
-0.0036959371200000002
-4.519160928e-05
0.002197289907
0.0015540599790000002
0.00046066376790000003
0.0009208131975000001
0.010203439860000002
0.02810377629
0.03503601279
0.035632686420000004
0.03294288252
0.03378986811
0.05292399843000001
0.06537981429
0.06833177082
0.07988859828
0.0894620007
0.09524736972
0.1095344379
0.1184392692
0.11526328170000001
0.12918445650000002
0.1592511255
0.1767102768
0.1924640577
0.21348571050000004
0.23407091640000002
0.2607059493
0.28574283510000004
0.2974128111
0.30668453640000004
0.31565264220000006
0.3158384436
0.3207890601
0.33970568310000004
0.35840736900000003
0.357268428
0.33988648140000005
0.3311467524
0.3223411002
0.3089933199
0.29427576930000005
0.28722757860000003
0.2841846147
0.2687189535
0.24895141110000002
0.2278224369
0.2050701039
0.17926156350000003
0.1409110362
0.1098138267
0.07263246501000001
0.02417281119
-0.004951172727
-0.03146118993
-0.06834337605
-0.1018834227
-0.1346509809
-0.15378636690000003
-0.17641509390000001
-0.2051151318
-0.2217750624
-0.23555879910000002
-0.2609874963
-0.2799975105
-0.2863130904
-0.2871970695
-0.3016876167
-0.3229939557
-0.3382765623
-0.3496118211
-0.3625357113
-0.3773036853
-0.39243835709999997
-0.4111686882
-0.43694632710000003
-0.44830866150000004
-0.4412996127
-0.4363511544
-0.4362482475
-0.4299329619
-0.42818707620000007
-0.42664582710000004
-0.41140648260000007
-0.39663536940000005
-0.39397273920000003
-0.37926519480000004
-0.3499920567
-0.3339460359
-0.32768676539999997
-0.3161857176
-0.29838066570000005
-0.281218365
-0.2694829563
-0.26870070690000003
-0.2639063637
-0.2700955908
-0.275569767
-0.272057787
-0.270806031
-0.2818300185
-0.2758445451
-0.2640153528
-0.251099703
-0.2366437851
-0.2236470066
-0.20604090150000004
-0.1672356807
-0.14333086890000002
-0.1366747839
-0.11576398410000001
-0.09498196017
-0.09209183607
-0.07555513869000001
-0.06247501443
-0.05320874349
-0.0361681947
-0.00994524066
-0.003559815522
0.002589222951
0.03092597595
0.051430259160000005
0.04790414295
0.04220636742000001
0.06655097133
0.09703589949000001
0.0992504187
0.09677511045000001
0.10315999800000002
0.1159699941
0.1209669138
0.1051163082
0.08652237534000001
0.09709417089000001
0.123973875
0.1293323913
0.1184880249
0.12327913080000001
0.1360325232
0.148614633
0.1622488653
0.16612175520000003
0.1732809951
0.2013354369
0.22709335770000003
0.2362768911
0.2456432829
0.2715311862
0.29780942940000005
0.3201519006
0.3371085837
0.3484837692
0.3628716057
0.38981702700000004
0.4126774662
0.4229429445
0.4333091715
0.4487874876
0.4656682413
0.4809320127
0.49347056610000006
0.49691397420000005
0.5026136823
0.5103997812000001
0.5192375121
0.5151389922
0.5134717827
0.5101928883
0.4913311032
0.46321260210000004
0.4431890187
0.4232868831
0.3951321831
0.3738253536
0.3532721283
0.3345101109
0.3207994587
0.2984569875
0.2842900722
0.2682792693
0.2465767044
0.2319991425
0.2186788302
0.1930184208
0.15879044790000002
0.1300388094
0.1157785029
0.10772517960000001
0.09204961383
0.06383899683000001
0.05222844
0.06225932196
0.06878757285
0.07525631628000001
0.08892216621
0.10417543110000001
0.1173749823
0.13245991740000002
0.15758823240000003
0.17996552910000002
0.20105300700000003
0.2207545281
0.2431483056
0.2629087848
0.2747808468
0.2870287299
0.30120516090000005
0.3052628712
0.2999792052
0.28998026460000004
0.2842811451
0.27083310660000004
0.24565083660000003
0.2295021051
0.21240043020000002
0.1905158898
0.1670497812
0.14489124750000001
0.124328997
0.1032249402
0.08085042954
0.05850010053
0.034153809300000004
0.012554259210000002
0.0005607467613
-0.01092142395
-0.02600418123
-0.0426063015
-0.05793007086
-0.07132019112
-0.08500434651000001
-0.10136702430000001
-0.12644521020000002
-0.1456016877
-0.14591413620000002
-0.1507145616
-0.17157415320000002
-0.2008009881
-0.21381463979999998
-0.22889741670000002
-0.2475843876
-0.2621380131
-0.2746254564
-0.2907817416
-0.3189361473
-0.33876147060000006
-0.3470294367
-0.3582269631
-0.3753760203
-0.3918171879
-0.40810581
-0.43366576500000004
-0.4523647041
-0.46189453050000007
-0.4754845197
-0.48849728850000007
-0.4927563
-0.4957372647
-0.4913361063
-0.49462628220000004
-0.48941864370000004
-0.48067234200000003
-0.4710353904
-0.4666107861
-0.45915724620000004
-0.44852202900000004
-0.4282267086
-0.41568894000000006
-0.4003496316
-0.38927316060000006
-0.3719178972
-0.3553689177
-0.3326105025
-0.3168621171
-0.2996321274
-0.27472473360000005
-0.25173539100000003
-0.22983476220000001
-0.2102858847
-0.1950572331
-0.184876317
-0.1681137738
-0.159356583
-0.1475704566
-0.1372688775
-0.1389848427
-0.13431420360000002
-0.11386555290000001
-0.1028566728
-0.1003960305
-0.08789905188
-0.07759038015
-0.07188971067
-0.06564726432
-0.05818805424
-0.05056109316
-0.04255057089
-0.02683660878
-0.019007738280000002
-0.0243410625
-0.027999535230000004
-0.024528050909999998
-0.010740252870000001
-0.0002498916996
0.004796902629
0.007665918552000001
0.015537234960000002
0.021759198030000003
0.0185323653
0.0062551610910000005
-0.0006148543068000001
-0.005821187292
-0.009161579601000001
-0.008653527549000001
-0.01820203317
-0.02530208934
-0.01063311786
0.0125376705
0.028463567850000003
0.03600069876
0.03298412376
0.029495226690000004
0.03192668424
0.03553411554
0.0384202764
0.052011325080000004
0.06840848502
0.0704974068
0.07039738404000001
0.06655558203
0.07956649674
0.0979199865
0.09757606752000002
0.09390424338
0.10905777000000001
0.1262194821
0.1247464125
0.11720124720000001
0.1171599471
0.1213492095
0.1229797296
0.1217987037
0.12070547730000002
0.1144242324
0.09766331766
0.08706902778000002
0.08442729288
0.07860186963
0.06950378133000001
0.052574016870000004
0.03586066101
0.023040403650000003
0.010259513820000002
-0.004445382861
-0.01929305232
-0.026070948090000004
-0.040905325980000004
-0.05844566484
-0.07555052799
-0.08456747778000001
-0.09078637032
-0.1053748017
-0.1134744282
-0.1198157103
-0.1243266426
-0.1245439341
-0.1325121066
-0.1272089187
-0.1173081762
-0.1092184578
-0.1211725314
-0.133027524
-0.14009307840000002
-0.1407975345
-0.15101072550000003
-0.168258177
-0.1741749804
-0.17905045230000002
-0.1889468784
-0.21525268770000003
-0.23205731580000002
-0.22979375640000002
-0.23739032610000002
-0.25388917650000004
-0.2622502395
-0.27465547500000004
-0.2779480053
-0.27140385240000003
-0.2722534965
-0.26068122810000005
-0.2489732874
-0.2454007797
-0.2335265595
-0.2141655435
-0.1956632949
-0.1741233798
-0.14448168
-0.12194173350000001
-0.09571550292
-0.06499334934
-0.03477754872
0.00166834746
0.030653836740000003
0.05934268143000001
0.09246689199000001
0.1322717616
0.16608742020000003
0.1803849066
0.19917929700000003
0.23083224300000002
0.24450748110000003
0.2569620609
0.2809835136
0.29709702720000003
0.2961003312
0.3013972407
0.3076387551
0.3097992114
0.3208592997
0.32593185450000006
0.3194132076
0.30670572599999996
0.3144473856
0.31181016330000005
0.2921923215
0.2877456447
0.29572038990000005
0.2986245423
0.29503525950000004
0.29233662660000004
0.29325651030000005
0.2953919511
0.29989846890000005
0.30584460420000004
0.3006025326
0.3052632636
0.3154399614
0.33064977780000004
0.34203830490000003
0.33472112400000004
0.31821079590000007
0.3220017723
0.34172104950000004
0.3407318091
0.32790729420000003
0.3280870134
0.3244287663
0.3169118538
0.3014954388
0.2849691204
0.2715740559
0.2586282894
0.24538145400000003
0.2378834748
0.2337366897
0.2180832651
0.19883231730000003
0.1847729196
0.172777644
0.1588253715
0.1437732999
0.12930561000000002
0.11476022490000001
0.1004275206
0.08640617589
0.06960648222
0.04414255731
0.02087858376
0.009794043054000001
-0.0004595097195
-0.01580716692
-0.03267364707
-0.04857006537
-0.06979961169000001
-0.07510259358
-0.06728136507
-0.0647058771
-0.06096595194
-0.06250188402000001
-0.05651879445000001
-0.04593675726000001
-0.03792302712
-0.024362615070000003
-0.007798084758
0.006886098108000001
0.019436219460000004
0.02388989079
0.031781839590000006
0.04748866983
0.04455298809000001
0.04245703254
0.05059997019
0.05335465743
0.04943163843
0.03746761749
0.03005954694
0.02288178576
0.007439412519000001
-0.007483849857
-0.010309780260000002
-0.01512837378
-0.024375211110000003
-0.0462652353
-0.06873744375
-0.07003782792
-0.06859875978
-0.06312531933000001
-0.06227909892
-0.07797013506
-0.08502660540000001
-0.07882398765
-0.07445757627
-0.07648012359
-0.07923603708
-0.07927930899
-0.08045955009
-0.09258678000000001
-0.09743361651000002
-0.09233478072000001
-0.08720335610999999
-0.07687639854
-0.07458463539
-0.07745603220000001
-0.06441996465
-0.044918155530000003
-0.04173146532
-0.03854404917
-0.03349823643
-0.02241023868
-0.01842863436
-0.019994182830000002
-0.009252333873
-0.0027399114180000003
-0.0063858312720000004
-0.007038537660000001
0.004674881925
-0.0012339292680000002
-0.01098604242
-0.01150931763
-0.01923265215
-0.02570328891
-0.03422567736
-0.03880678059
-0.04792654899
-0.049216436460000006
-0.03342566205
-0.02986489692
-0.04731067719
-0.04357312605
-0.03333017151
-0.04468182282
-0.05400301995
-0.05014678743
-0.04332521754
-0.0347881239
-0.04482391086
-0.054445382279999996
-0.05105542887
-0.04819977711
-0.0633418947
-0.08052230466
-0.06784591095
-0.054429804000000005
-0.05896657584000001
-0.06722330949000001
-0.06748458903
-0.06357532365
-0.06163489584
-0.06340315815
-0.06264688563000001
-0.04973028426
-0.04444736382
-0.04976425629
-0.05272987815
-0.04982201757
-0.047031543450000005
-0.0474181065
-0.05008065822
-0.062333132400000005
-0.07952170428000001
-0.08233715466000001
-0.07621564599000001
-0.08478661356000002
-0.09715693527000001
-0.10643025960000001
-0.1098469845
-0.1169879778
-0.1233853731
-0.122964426
-0.13059140670000002
-0.13835376540000002
-0.13852730430000001
-0.1458065205
-0.154835154
-0.161991549
-0.15534939420000002
-0.1456885062
-0.1479605022
-0.1518870528
-0.1413526824
-0.1312315092
-0.1344888216
-0.141103116
-0.14946054930000002
-0.1442675277
-0.1419149916
-0.13953459510000002
-0.13574185290000002
-0.1474019208
-0.15841364580000003
-0.164326329
-0.1677648321
-0.17617955580000003
-0.1837310976
-0.1900279404
-0.1821982851
-0.16416004950000002
-0.17006812200000002
-0.1848408048
-0.1743873669
-0.1576890792
-0.1476965151
-0.13593108780000002
-0.1211384907
-0.1062306261
-0.09201933036000001
-0.07768392831
-0.06288247278
-0.04806363393
-0.03392167527
-0.02044715958
-0.01714196457
-0.02011654296
-0.00875428704
0.012171963510000001
0.01572900084
-0.004580963928
-0.024765227280000003
-0.0247470984
-0.026943812460000004
-0.05270770755
-0.06918026715
-0.07217945883
-0.08369780166000002
-0.10199064600000002
-0.11759119470000001
-0.13036842540000002
-0.1433844315
-0.1577999322
-0.1717754544
-0.18541312020000003
-0.1977451731
-0.2094578226
-0.2153208672
-0.2209433706
-0.23652322020000002
-0.23766765480000002
-0.2309867505
-0.22932179730000002
-0.22381328610000004
-0.21513143610000002
-0.1994463252
-0.19128813300000003
-0.18689413590000004
-0.1715218659
-0.1525147947
-0.13772259
-0.1252692855
-0.1108645758
-0.09597104361
-0.09034145739
-0.08485442028000001
-0.06739255161
-0.04806411462
-0.024720729120000003
-0.002827578483
0.009006647328
0.02860613658
0.05350626117
0.06813709137
0.08710143021000001
0.11134359810000001
0.12595784940000002
0.1368276237
0.1513802682
0.1682116776
0.1920652812
0.21589916670000003
0.2277972252
0.23731243470000002
0.2433274362
0.24231828150000004
0.24964605720000002
0.2607083037
0.2601340263
0.2556477171
0.2560450221
0.2579621904
0.2498434344
0.2406758913
0.24236586
0.2368061406
0.21781427490000002
0.19928916900000002
0.1785421962
0.1577159586
0.1450637073
0.1254388023
0.1008891792
0.07760617424999999
0.04829367843000001
0.0182687706
-0.00039857333490000003
-0.009383436675
-0.02226641427
-0.03879506745
-0.04645007532
-0.051016728420000004
-0.05865361722
-0.05888968506
-0.057060502650000004
-0.06631605126
-0.07703503605
-0.07430884686
-0.059822674920000006
-0.049982420879999996
-0.05497344477
-0.05253761196000001
-0.04151145645
-0.03096550044
-0.01634097807
-0.01004516532
-0.014335196040000001
-0.0001449125352
0.022332249180000003
0.02913869205
0.029215563210000003
0.03598037244
0.046773148050000005
0.05486393574
0.06067375128000001
0.05851669905
0.05608809621000001
0.05743747152
0.060038789220000006
0.0609133311
0.05945813532000001
0.04943443428
0.031308634620000005
0.015982618770000002
0.004792397877000001
-0.006905165805000001
-0.02208084831
-0.029053139040000002
-0.034276875750000005
-0.040296301560000004
-0.049700353950000005
-0.05521532994
-0.05248755153
-0.04877516304
-0.03944377332
-0.03222136683
-0.02581894881
-0.021088821870000003
-0.011193739740000002
0.005382805860000001
0.01158636537
0.0180762984
0.03318051015
0.03883030497
0.03518594883
0.044953481340000004
0.06692040612
0.0830739249
0.08361583911
0.08915691951
0.1087154991
0.1260714492
0.1281034926
0.1317768471
0.1397258901
0.15215378670000002
0.1682270793
0.1731715155
0.1774975293
0.1826179569
0.1821692475
0.1809155295
0.18038657430000002
0.1710985644
0.16495534620000002
0.1674905445
0.1600549569
0.15145786530000002
0.15087652470000001
0.1396871406
0.1221340095
0.11635797960000001
0.0996080913
0.0890941257
0.08125406199000001
0.06656222340000001
0.051565548870000005
0.049062527370000004
0.040371848370000005
0.02645648109
0.03380250339
0.028953989370000002
0.008438075424
0.003825032796
0.011880871380000001
0.01639228437
0.027225182880000004
0.041760463680000005
0.04400629641
0.05176124856000001
0.0697892229
0.08744646753
0.10071927
0.11257259490000002
0.1267848324
0.14246170290000001
0.1568399256
0.17089373160000002
0.1833229035
0.18635958900000002
0.19909542150000004
0.2151702837
0.21931236
0.2239259049
0.221410719
0.20924926200000002
0.20755703700000003
0.21381248160000002
0.2158576704
0.2085462774
0.18588988620000002
0.156956076
0.1429790823
0.1321871994
0.10812680100000001
0.08377663482
0.06087083418
0.0420116193
0.01914133086
0.002625603336
-0.008422165566000001
-0.02667685293
-0.05465398212
-0.07206160149
-0.07588095822
-0.07194215493
-0.07560540513
-0.09109895616
-0.1013365152
-0.1075630203
-0.1051606494
-0.09527900697000001
-0.09217480905000001
-0.0995631615
-0.093406896
-0.08147382561000001
-0.07247454363
-0.07587609246
-0.07355971602
-0.05476640472
-0.04204044108
-0.0473091174
-0.05349134016
-0.04519008873000001
-0.03073558347
-0.030728324070000004
-0.04344619446
-0.054867006270000004
-0.05130321966
-0.04488491925
-0.045388662749999996
-0.055756704600000005
-0.07490029176
-0.09127654659
-0.1027505286
-0.11590358040000001
-0.1323463176
-0.147932838
-0.16216852140000002
-0.17648278290000002
-0.1902338523
-0.19569821850000002
-0.2016042309
-0.21918375090000003
-0.23773043880000003
-0.2514976947
-0.2638048302
-0.27744249600000004
-0.2835102753
-0.2796888879
-0.2778283233
-0.28008619290000003
-0.2730516381
-0.2538629838
-0.23703098579999998
-0.22578686190000002
-0.2131352973
-0.18964907820000002
-0.1649411217
-0.1520345952
-0.1250504244
-0.0910891854
-0.07585659018
-0.05794793487
-0.03678011307
-0.021829349340000002
-0.0076054183200000005
0.015452878770000001
0.02752152336
0.03189716595
0.047541074850000004
0.07698277818
0.09792856044
0.09621064305
0.09923707710000002
0.11825592030000001
0.12681230040000002
0.1221173325
0.1291132359
0.1410254208
0.1504801026
0.1528635402
0.15053494050000002
0.16002385920000003
0.1692884232
0.16696031400000003
0.1643559552
0.1771049331
0.19657690020000002
0.20041025580000002
0.1912039632
0.1777957533
0.17459121870000002
0.1814821551
0.184664421
0.1805064525
0.1678941279
0.16017130350000003
0.1529129826
0.1374836184
0.12053586240000001
0.1052354016
0.08221445118000001
0.0599294862
0.038457377820000006
0.02106974142
0.009298645902
-0.004350804651
-0.02085539292
-0.036276477480000006
-0.0502609464
-0.06449111658000001
-0.07865902269
-0.09306058338
-0.1065520998
-0.11074509
-0.11691459900000001
-0.1247891841
-0.13621067280000002
-0.152040285
-0.1580555808
-0.1658597301
-0.1805426514
-0.1857635334
-0.1928162367
-0.1985002488
-0.2109989736
-0.226301004
-0.2289284163
-0.2364084432
-0.2526205473
-0.2559052296
-0.24977437200000002
-0.2505539727
-0.2640745071
-0.2605010184
-0.2601664974
-0.25371789390000005
-0.2488769532
-0.24967107270000002
-0.24076879200000004
-0.2332715976
-0.22387763970000002
-0.21875328810000003
-0.2106584685
-0.20560366980000003
-0.19682489700000003
-0.19108928430000002
-0.1810473759
-0.1760093523
-0.16536354030000003
-0.1471895343
-0.1333357542
-0.13391012970000002
-0.1256477553
-0.1049921136
-0.0866013066
-0.07652033478
-0.07691614866
-0.06674566059
-0.04639802346000001
-0.0291129408
-0.01754821629
-0.005379165369000001
0.009846297
0.0278543178
0.05428871658
0.07256736585000001
0.08129757915000001
0.0933181155
0.11281676580000001
0.1414063431
0.1597585968
0.1675998279
0.1793259171
0.1969530156
0.2116223991
0.21256072560000003
0.21901874670000002
0.2268070038
0.23807653560000003
0.2410800633
0.23676317280000003
0.2330357652
0.2229010542
0.22009411890000002
0.22504983660000002
0.2269793655
0.2217689802
0.20716404840000002
0.2011026456
0.1947943251
0.1936490076
0.19253341440000002
0.17857143
0.1589120919
0.14460185250000002
0.13574185290000002
0.1325172078
0.1111387653
0.09178849125
0.07627256361000001
0.07257262401
0.06737432463
0.060332579100000006
0.04504455738
0.03503156886
0.04393432044000001
0.04054626036
0.03739571019
0.04446091143000001
0.041854443479999996
0.046827573930000005
0.055550282580000006
0.06935982939
0.08096515749000001
0.07869320073
0.07784537148000001
0.09068182515
0.100567215
0.1119371031
0.1228881042
0.1216899108
0.12145309740000002
0.1294138143
0.12281747220000001
0.1166513967
0.11938122540000001
0.1181056311
0.1013415183
0.08197194798
0.07326266922
0.07383959532
0.06223698459
0.0419543289
0.02517044895
0.012920044680000001
0.004732582383000001
0.001820573154
-0.01075452642
-0.029968627860000003
-0.046079600670000005
-0.05399665326
-0.055181485440000004
-0.06337280601
-0.07179299388
-0.08229279384
-0.08785138509
-0.09927670950000002
-0.1122912441
-0.1117296216
-0.10631420729999999
-0.1065799602
-0.1099999224
-0.1113220161
-0.11459374920000001
-0.12056833350000001
-0.1157818383
-0.1204147089
-0.12148458750000002
-0.1091709774
-0.1051020837
-0.11040762600000001
-0.1131341193
-0.1110206529
-0.10470497490000001
-0.09387299853000002
-0.09297014499
-0.09774648684000001
-0.09375848640000001
-0.07579443402000001
-0.06181338879000001
-0.06555448134000001
-0.06795937341
-0.05541460047
-0.04432797612
-0.04178480229
-0.05069530377
-0.04419052821
-0.031578448860000004
-0.02106556236
-0.02249075916
-0.02313149931
-0.01117109826
-0.006179059035000001
-0.01026462483
-0.008386547418
0.004440537702
0.008087676939000001
0.003014239239
0.0007765790238000001
0.0032598237600000002
0.0056141570520000005
0.0046669711410000005
0.003628203975
0.004188383424
-0.00016042302810000003
-0.01157604525
-0.01336262283
-0.008308802187000001
-0.01144466973
-0.025702376580000002
-0.029255058270000002
-0.023186916000000002
-0.01974720627
-0.021280764330000004
-0.019256863230000004
-0.0082751274
-0.0008805806217
0.0064057357620000005
0.0069275473200000005
0.004542508728
0.004768079868000001
0.0066519648
0.0117624843
0.022694002740000004
0.02488762665
0.024702423660000004
0.03491932284
0.03914389143000001
0.03554317998
0.03363507612
0.03536431425
0.03698735913
0.03677616945000001
0.03177814122
0.02056523274
0.014394389580000002
0.0030679578180000003
-0.009043038504
-0.01195562358
-0.02267633493
-0.03658403079
-0.04580574471
-0.06402698586000001
-0.07244605539
-0.07699435398000001
-0.07719730326
-0.07575592977000001
-0.07601901435
-0.07790402547
-0.07940314062
-0.07457252004
-0.06650000838
-0.07599062421000001
-0.08309670372000001
-0.08012950245
-0.07190253234
-0.06515060364
-0.07696311894
-0.08464828275
-0.08025663024
-0.07581184677000001
-0.0768382965
-0.08380665342
-0.09567532116000001
-0.09593938674000001
-0.09045990333000001
-0.09454921164
-0.1043444574
-0.1005467121
-0.10403053740000001
-0.10867292370000001
-0.10774009080000001
-0.1104490242
-0.1229168475
-0.1264521753
-0.12075070140000002
-0.1183433274
-0.12086606700000001
-0.11835921960000001
-0.10613115270000001
-0.1031689251
-0.1040589864
-0.09491532084000001
-0.08688809214
-0.07823885058
-0.07476688557
-0.06596395074000001
-0.05750786808
-0.03644990847
-0.026802538650000002
-0.019862562060000002
-0.004827973842
0.01271069928
0.02751074217
0.03999624309
0.0514732662
0.05404568364
0.06259621698
0.0798340743
0.08561677499999999
0.08026527285
0.08761715172000001
0.09796222836000001
0.09694355796000001
0.09414005616000001
0.10432169820000001
0.1137208554
0.11051622270000001
0.10561926690000001
0.1064987334
0.10984198140000001
0.1192511448
0.1277861391
0.13293854730000002
0.1304977212
0.128338344
0.13812901830000002
0.14134542300000003
0.1384440174
0.14444989560000002
0.1469039652
0.1446919083
0.14368520610000002
0.1356569964
0.13451472
0.1381766949
0.1323832032
0.1195027713
0.11889710190000001
0.1176214095
0.10731443490000002
0.09827069399999999
0.08453056275000001
0.07573965498
0.07470855531000001
0.06639052878000001
0.0630443574
0.061087497840000005
0.050203312650000005
0.046930833990000004
0.05184326016
0.05379746121
0.05148087876
0.04972053312
0.050144511509999996
0.05101532559
0.05109805332
0.05075332011
0.052932435029999995
0.06552719973
0.06794016543
0.050755380210000006
0.04527906543000001
0.06259202811
0.06271124904
0.06049594503
0.05210401977
0.04761790677000001
0.05138257275
0.054236478330000004
0.05297422563
0.05112792477
0.05102835327000001
0.05175320436
0.052100193870000006
0.05257909845
0.054210511260000004
0.06405601365
0.07249281966000001
0.07702249887
0.06132448782
0.04313189187
0.04816801233
0.0578874366
0.057338292420000006
0.05222561472000001
0.05064465474
0.05225073813000001
0.05392711998000001
0.06247388628
0.07144441515
0.06890134923
0.0708214311
0.08240047821
0.08475905727
0.07975493703000001
0.07823956671
0.08060378652000001
0.08214499638
0.08193212919
0.08191317627
0.08194484295000001
0.07420135869000001
0.05064378165
0.04706633952000001
0.06979166559
0.07759899333
0.06787333971
0.06128220672
0.06372353313
0.06630395553
0.056562360660000005
0.04842198342
0.0515409552
0.055492639020000005
0.054455398290000005
0.051460679970000006
0.05039886519
0.051424304489999996
0.05207447205
0.04503568914
0.0402279651
0.045121683600000004
0.03875085378
0.03455548956
0.03662422236000001
0.03848519898
0.03768363369
0.03646817469
0.036396071190000004
0.036875476080000004
0.03704425713
0.03689206479
0.036620347410000004
0.03581408313
0.03556910781
0.035927261099999996
0.036086899230000004
0.03448919358
0.02365970895
0.01546803522
0.009346252851
-0.0032970213180000003
-0.011111659470000002
-0.01705670586
-0.03288605319
-0.049042161810000005
-0.05482781532000001
-0.05701117797000001
-0.07233671313000001
-0.08645109588000001
-0.09006676758000001
-0.1002583962
-0.1120502124
-0.1164119346
-0.12830999310000002
-0.14241461490000001
-0.1458541971
-0.1517130234
-0.15415816590000003
-0.1530663129
-0.1530974106
-0.1543128696
-0.1550084967
-0.1534867695
-0.1431972567
-0.1366438824
-0.13905017730000002
-0.1318794597
-0.1228902624
-0.1151238816
-0.10078421220000001
-0.09389426661
-0.09842569200000001
-0.09325157427
-0.07351019514
-0.06169383432
-0.0609910263
-0.04924474812
-0.03575796993
-0.037279236060000005
-0.038071167930000004
-0.025555658220000003
-0.02475148347
-0.03623900328
-0.025109342460000003
-0.004320941049
-0.0008564760783000001
0.004588728543
0.01955587203
0.023062201469999998
0.01752296535
0.014769259110000002
0.009303274260000001
0.013402569150000002
0.012979444230000001
0.004572876564
0.003403329345
0.006091160454
-0.0019162461600000001
-0.01245391272
-0.01762787349
-0.03037547799
-0.04056551739
-0.050691654450000005
-0.07359264819
-0.08494334793
-0.08295699951000002
-0.08986845843
-0.09473637663000001
-0.09727231068
-0.11023546050000001
-0.1267456905
-0.1271299482
-0.1197158445
-0.11890681380000001
-0.12298424220000001
-0.12500058960000002
-0.1240054632
-0.12288849660000001
-0.1224234045
-0.1140278103
-0.1040815494
-0.09821752380000001
-0.09384387264
-0.08871815745
-0.07243659855000001
-0.06060374712
-0.06509900304
-0.05981111874
-0.035568018900000005
-0.02977186869
-0.03473143191
-0.02185389396
-0.003959224767000001
-0.004783477644
-0.008072408655
0.01581534846
0.028700665740000002
0.02003758227
0.01489312998
0.02826034389
0.04069275309
0.04775010633
0.04947877548
0.04631580585000001
0.045489264300000005
0.04760903853
0.04859016606000001
0.040059448920000004
0.0355287789
0.04801453488
0.045851684940000005
0.02410968384
0.01065498435
0.01135336806
0.002319627474
-0.012147183450000001
-0.01302646356
-0.007580678481000001
-0.007247480850000001
-0.0104814945
-0.01194745185
-0.01110584214
-0.011689252649999999
-0.022477339080000002
-0.031311430470000005
-0.038099597310000004
-0.040742018910000004
-0.030402308340000003
-0.028591549110000003
-0.04118299803
-0.03682493496
-0.030042771840000003
-0.03923029791
-0.04405736727
-0.04069527426
-0.03803713704
-0.03907679103
-0.04071534552
-0.045336601080000004
-0.05193058878
-0.041822698320000004
-0.037124081100000005
-0.053370686970000004
-0.05874472269000001
-0.039713734710000004
-0.02887086924
-0.02454145137
-0.01386749448
-0.007173009216
-0.0001458920637
0.006329388456000001
0.01667371365
0.0333244719
0.04744210176
0.05014878867
0.053622195750000004
0.07103609352
0.08175257676000001
0.085461777
0.09097770456
0.09130864491
0.09848013750000001
0.11657880270000001
0.1327925745
0.1375956486
0.132051429
0.1364789763
0.15779031840000002
0.17122089510000002
0.16510514490000003
0.1582767963
0.1604243034
0.1648234998
0.16551363330000002
0.1639320651
0.1631801286
0.1636128477
0.16404586110000002
0.1639465839
0.1594994166
0.1520372439
0.16129847249999998
0.1690402302
0.16793444700000001
0.1761741603
0.17898305760000002
0.1633576896
0.1565929098
0.16345588770000002
0.16989674130000001
0.1787200515
0.1830856977
0.1888233705
0.1940044239
0.19284419519999998
0.19103483880000002
0.1934289693
0.2056891149
0.21292948350000002
0.2083929471
0.20441067570000002
0.20607965100000003
0.2092942899
0.2101237254
0.20783475810000002
0.1981964331
0.1892560896
0.18302340420000002
0.1695298473
0.16215900570000003
0.1596966957
0.14489016840000002
0.1322151579
0.12233658600000001
0.1054986039
0.0981797553
0.08700288876000001
0.07685893674
0.06774444612000001
0.0493989417
0.04680642357
0.04540505526
0.02374777332
0.011198350440000001
0.002752738974
-0.007043809554
-0.007383621087
-0.007499879397000001
-0.019083079080000002
-0.024595661430000002
-0.02303403696
-0.03287858778
-0.038975061330000005
-0.03552874947
-0.0327702069
-0.03428172189
-0.03627205317
-0.036328647060000004
-0.03552667956
-0.03661244055
-0.04551096402
-0.043698429180000005
-0.04397699394000001
-0.05195952828
-0.06358113117
-0.06715302084
-0.061650101340000006
-0.05947024086
-0.06214555539
-0.06480776376000001
-0.07332736617
-0.08243268444000001
-0.08030844666
-0.08405568027
-0.09427436487
-0.09466661772
-0.09072312525000001
-0.09037049499000001
-0.09248982777
-0.09400367754000001
-0.1028786472
-0.12015484200000001
-0.1177235316
-0.10053572490000001
-0.09160986096000001
-0.0985652883
-0.10477511639999999
-0.103202181
-0.10796012910000001
-0.1086005259
-0.106248186
-0.1135152378
-0.1161601119
-0.1139400108
-0.1204951509
-0.11381630670000001
-0.1016104104
-0.10310898600000001
-0.10906679520000001
-0.10114796700000002
-0.08851697397000001
-0.09014088213
-0.10351237320000001
-0.10438507080000001
-0.09023313537000001
-0.08714509452
-0.09245610099000001
-0.08681552757000001
-0.07590020544000001
-0.07648905069
-0.08167659831000001
-0.08968927878
-0.08839497681
-0.08437833117
-0.09145331298
-0.08576315001000001
-0.07367114781
-0.07416731799000001
-0.07100345565
-0.06190155126
-0.061693196670000006
-0.0652107978
-0.06534366444
-0.06333393879
-0.06250342419
-0.062553465
-0.05422077252
-0.036352514790000005
-0.02845476828
-0.02653394085
-0.02118225231
-0.02061040779
-0.02197382121
-0.028150717140000003
-0.029990612070000002
-0.018218101950000003
-0.01531984536
-0.020447179200000002
-0.02287119096
-0.021067514550000003
-0.019370943720000002
-0.019677015720000003
-0.02676247461
-0.030984953670000003
-0.026117771220000002
-0.032086312560000003
-0.036134399250000004
-0.034234692750000004
-0.03245242176
-0.033177086460000005
-0.03432554316
-0.03440825127
-0.03396111147
-0.033714615600000004
-0.02737064556
-0.010325270249999999
-0.0066095316450000005
-0.023301074970000002
-0.03461950962
-0.03757719519
-0.03276649872
-0.030131915310000004
-0.0325145583
-0.04173861681
-0.046035445859999996
-0.0332928837
-0.02841234003
-0.03353220846
-0.03000233502
-0.017147595510000002
-0.008872650576
-0.0030053396070000003
-0.0052208260830000006
-0.0018293069970000003
0.010494669330000001
0.012489189480000001
0.01409019129
0.023207212890000002
0.02490314607
0.02146243572
0.020652943950000002
0.02248349976
0.023585780790000004
0.0231885837
0.02261070603
0.022600631160000002
0.02283220602
0.023453208450000002
0.03170604753
0.03230013132
0.02021065029
0.018717607530000003
0.024717158280000002
0.02716479252
0.03422863017
0.05048802828
0.05730681213000001
0.05098333518
0.04671276750000001
0.04084248312000001
0.03447282069
0.036954319050000003
0.04088844297000001
0.04932831951
0.06545897118
0.07138961649
0.05597394705000001
0.04279766517
0.048593246400000005
0.05653127277000001
0.055711176390000006
0.05160883059
0.05055113601
0.05242902507000001
0.061002543240000005
0.06072477309
0.04890593034000001
0.047752735410000004
0.053087119110000004
0.054167327640000006
0.04318848576
0.03223077462
0.03456832104
0.02998075302
0.020773940490000004
0.02118346875
0.024727576500000004
0.02461021947
0.021213977850000003
0.01051286688
0.004583442915
0.007338029112
3.216437073e-06
-0.008630991036000001
-0.00699018417
-0.0034205252940000003
-0.003994793865
-0.007579511091000001
-0.01880553456
-0.02644587648
-0.032017583700000005
-0.03501953199
-0.03302292231
-0.03202192953000001
-0.03490225344
-0.046327499370000004
-0.05348256021
-0.04966673508
-0.047242036620000004
-0.05926918491
-0.06880627071
-0.06518626299000001
-0.060554893320000004
-0.061625811780000005
-0.06436589193
-0.06343775802
-0.05178134925
-0.044276061600000007
-0.04851338319
-0.05251980681
-0.049583399130000004
-0.03629824587
-0.029009151
-0.03262691223
-0.02678280093
-0.016416299250000002
-0.0055224394380000005
-0.0024214023
-0.004556956896
0.007819768782
0.02457995562
0.01577598093
0.01556568396
0.02396517273
0.02558165472
0.022874271300000002
0.021990880799999998
0.023159467620000002
0.02395236087
0.023703490980000002
0.02329447284
0.02311397865
0.02474947242
0.03930369633
0.056579459490000004
0.058182197670000005
0.06013396584
0.051575349060000004
0.04625740692
0.050923611900000006
0.05477869665
0.053487661410000005
0.05351602212
0.06577056621
0.07344568458
0.07861767354
0.06763135644
0.05755762440000001
0.049892531850000005
0.046000875420000004
0.034682784120000004
0.021137391180000003
0.02141114904
0.026893928610000003
0.02673938187
0.02331535833
0.02197691136
0.02254016232
0.01371517461
-0.009407340702
-0.013174476840000001
-0.0028977984630000004
5.13169929e-05
-0.004938074415
-0.01283242176
-0.023748048
-0.028319870970000004
-0.03405193245
-0.04382996166
-0.06449598234000001
-0.06833330118
-0.06441938586000001
-0.07409583252
-0.08508834954
-0.09451078587
-0.09864435690000001
-0.1108524114
-0.1247505327
-0.12835600200000002
-0.1392787503
-0.1532338677
-0.1522559088
-0.1466971704
-0.1471949298
-0.15069445110000002
-0.1517737473
-0.1438732638
-0.1319473449
-0.13278933720000002
-0.1384152741
-0.13870339380000002
-0.12894264
-0.11645696250000001
-0.1109505114
-0.0993149685
-0.08285409261000001
-0.06758967375000001
-0.06088866876
-0.051948688230000005
-0.03290299506
-0.02426419134
-0.013481421930000001
-0.003716779446
-0.005346448038
-0.0024362438490000003
0.01616649741
0.029077909290000002
0.02346038937
0.02392075305
0.043970656680000005
0.05862891564
0.05336691012
0.0462635676
0.04797234207
0.05235727473
0.054335088450000006
0.07058684457
0.08884957221
0.08458990344
0.08502244596000001
0.104134131
0.1157169942
0.11053025100000001
0.11395168470000001
0.1257159348
0.1261945647
0.12118675590000001
0.12116743020000001
0.13200139800000002
0.13322862900000002
0.1120595319
0.1003583601
0.10825030890000001
0.11503980990000001
0.11245046040000001
0.1081554462
0.106324704
0.09727662708000001
0.08946691551
0.08225516268000001
0.07864077609
0.08193642597
0.08097592887
0.05761431639
0.04171752531
0.04842511281
0.04458541995
0.024095959650000002
0.01580532264
0.022826859570000003
0.02700843093
0.023899602690000004
0.020607042960000002
0.020768025060000004
0.02216261466
0.022501000800000004
0.022016416230000002
0.021731102190000004
0.02184621273
0.021988771650000002
0.024291590669999998
0.03671181585
0.04118873688
0.03354555987
0.018334105200000003
0.01628993664
0.02466609723
0.02747924226
0.023850356490000002
0.02110734315
0.020979666
0.021974743350000003
0.02241909711
0.022045473450000002
0.01742281506
0.006363125046
0.00011289652110000001
-0.006732861984000001
-0.007277017779000001
-0.00438091056
-0.00446880816
-0.01112530518
-0.02390307543
-0.02959582824
-0.03480584076
-0.03513222927
-0.03327131151
-0.03437630991
-0.03630646665
-0.03666032316
-0.035784192060000004
-0.03474217386
-0.034716520710000004
-0.02884236138
-0.0185230458
-0.01878259878
-0.01669590387
-0.006035423958
-0.010927967220000001
-0.019323757620000003
-0.008570478051
-0.001874411415
-0.005477062302000001
-0.009036945513000001
-0.008060569947000001
0.0007279974513000001
0.012107972880000002
0.010647332550000001
-0.0017600974470000001
-0.01303746057
-0.009455203692000001
-0.003054130623
-0.003545480169
-0.007039424484
-0.008078473197
-0.006402580866
-0.0050104319940000005
-0.005417748099000001
-0.005601011652
0.0027209692890000003
0.01195783083
0.009624786219
0.004560186348
-0.00379071153
-0.010748444220000002
-0.007439850045
-0.003570960663
-0.004772397249
-0.008019824112
-0.01981719081
-0.03747207123
-0.04013036541
-0.0323046243
-0.028862079480000004
-0.02292769656
-0.019071925110000002
-0.022054694850000004
-0.02421532773
-0.02410060959
-0.02951737767
-0.01669003749
-0.008672166549
-0.008977799061
-0.006605438913
-0.006403936608000001
-0.005340255966000001
0.008874336915000001
0.02487951378
0.014537860830000002
0.01401249609
0.022964278050000002
0.024898074300000003
0.022063739670000002
0.020858590979999998
0.02119884102
0.02176267077
0.02189803896
0.01717253253
-0.007164819828
-0.01582391259
-0.007725298482
-0.014929986150000001
-0.023903870040000004
-0.02287945098
-0.02401212339
-0.03546125667
-0.03909380157
-0.03461883273
-0.032567208570000006
-0.0345581775
-0.03630157146
-0.03605789106
-0.03527081514
-0.03510340749
-0.03081418119
-0.01914703047
-0.0174449268
-0.01769993775
-0.008063078364
-0.004370094054
-0.007748383374
-0.009411751278000001
-0.007775314767000001
-0.0062304359669999995
0.0005099834448
0.01738388898
0.02702655981
0.021525229530000002
0.023349428460000002
0.04370729742
0.05792207571000001
0.05243693193000001
0.045355298940000004
0.03921422913000001
0.03222828288
0.026063561160000002
0.01912415355
0.003504971736
-0.013252456530000001
-0.01879956027
-0.029433207870000002
-0.03838299840000001
-0.053640844560000005
-0.07006879809000001
-0.06719874525
-0.06845276736
-0.07882771545
-0.08152511228999999
-0.08713000674
-0.09577309743000001
-0.09482821785000001
-0.0911575611
-0.09146289735
-0.09366941160000002
-0.09572505786
-0.10369003230000001
-0.0997719183
-0.08965698426
-0.0887105547
-0.08155366920000001
-0.06539847291
-0.060724743660000004
-0.0670791123
-0.06961468338
-0.06636978063
-0.06376499019000001
-0.06276670497
-0.05327847297
-0.04500651420000001
-0.03784832397000001
-0.035792726760000004
-0.047674716480000004
-0.045372780360000003
-0.03263378904
-0.03129502815
-0.03661811073
-0.036954574110000006
-0.026253325799999998
-0.02826498402
-0.03751269444
-0.028740111750000002
-0.027596422710000002
-0.03737748321
-0.03730383954
-0.022915512540000002
-0.01410293448
-0.007468589421
-0.006321730770000001
-0.007272287397
0.004842011952000001
0.01376645148
0.01916832798
0.01066140009
0.01478296368
0.02362212684
0.02337964326
0.019846032210000003
0.01944560763
0.021080473560000004
0.02180278386
0.021338594280000005
0.02089658511
0.020951324910000003
0.023457662190000002
0.03813440319
0.05435764164
0.053990698590000004
0.048899907
0.06079849524
0.07161538383
0.07991332929
0.08035008030000002
0.07654262310000001
0.07629569559
0.07871264415000001
0.08220728007000001
0.09644076603000001
0.110446866
0.09945476100000002
0.09965498310000001
0.1091245761
0.11075597910000001
0.1068277608
0.1054630917
0.1071014598
0.1058757984
0.09080915895000001
0.07405267833000001
0.07519366962
0.08316686484000001
0.07901099568000002
0.050423625629999996
0.039841146990000006
0.049052364210000005
0.040806097830000006
0.02005525989
0.011798114220000001
-0.005138673219
-0.01181123019
-0.005003858313000001
-0.002117773971
-0.005951665197
-0.01355572287
-0.03722292666
-0.044485436430000004
-0.03393145584
-0.029183945580000002
-0.03388051251
-0.03799576827
-0.04028031126000001
-0.05114604384
-0.05439829428000001
-0.049806831690000004
-0.04374784215
-0.03813714999
-0.04907409336
-0.05121587142
-0.04026361464000001
-0.041842887300000006
-0.04258545525
-0.05075605710000001
-0.05429059029
-0.050692821840000006
-0.05230714563
-0.06546803562
-0.0700434
-0.06483148434000001
-0.06216446907
-0.06436986498
-0.06647382549
-0.07089168051
-0.0949424553
-0.103742712
-0.09338481369
-0.08810286444
-0.09262007514000001
-0.09693843714000001
-0.09652648581
-0.09479438316000001
-0.09180701253000001
-0.07324709094000001
-0.05794643394000001
-0.06242926059
-0.07012303758
-0.06876461745000001
-0.06400409913
-0.06272756307
-0.05968787571
-0.04883803533
-0.0465566904
-0.05135377059
-0.05074147944
-0.03676770342
-0.030931832520000004
-0.03633401313
-0.03968907237000001
-0.03545081883
-0.02142511848
-0.017317848060000002
-0.02331961587
-0.02381861133
-0.008844429168
-0.0022436500050000002
-0.008706960657000001
-0.012756021480000001
-0.010284136919999999
-0.007530272739
-0.007716851091
-0.008943887853000002
-0.006918292566000001
0.003670230996
-0.001769951592
-0.001545076962
-0.004742788707
0.0006248065518
-0.002483650674
0.0027834423119999997
0.01133450343
0.0195302385
0.01080673524
0.013951428840000002
0.022771805850000004
0.02284107426
0.01711055295
0.0041661882990000005
0.001110999177
0.006519122685
0.009187835085
0.006267417705000001
0.003636142227
0.004063119534
0.0052527733290000005
0.005381065566
0.00505954674
0.003371494914
-0.00636265809
-0.0009198822285
-0.0014622599609999999
0.001697425281
-0.005844232944000001
-0.01517346054
-0.02266919325
-0.013424533740000001
-0.01671683841
-0.025652041470000005
-0.024911759250000002
-0.019296937080000003
-0.010202635440000002
-0.0184656573
-0.040110578640000005
-0.04660041357
-0.04781405772
-0.05077677582
-0.05212314927
-0.06325650846
-0.08148846213000001
-0.08428157514000001
-0.06758561241000001
-0.06856236468
-0.08323507377
-0.08581145445
-0.08007421329
-0.07920619506
-0.09052190253
-0.08853373926
-0.078638922
-0.08878568949
-0.1009108593
-0.0982410678
-0.09243085986
-0.09397285452
-0.10690202250000001
-0.11437920450000001
-0.1097380935
-0.10561259610000001
-0.1058535297
-0.09985912920000001
-0.1035420975
-0.11279930400000002
-0.11083043700000002
-0.09630845855999999
-0.08765177121
-0.08413040304000001
-0.09083492001000001
-0.08922762999
-0.07918350453
-0.07849497987
-0.08137720692000001
-0.07291240317
-0.07266084534
-0.0707959251
-0.054083991690000006
-0.045064295100000006
-0.039969657990000004
-0.02554507323
-0.008068291398000001
0.005450958873
0.006137270397000001
0.0004553953074
0.0019088082180000001
0.01787880348
0.036630432090000005
0.03820911615
0.032538749760000006
0.04997433744
0.0592935039
0.059826402720000005
0.07452415674
0.09253758285
0.09475656561
0.08752767471000002
0.08756546283
0.10231751520000001
0.1131598215
0.11903601150000001
0.12110376330000001
0.11849332230000001
0.11847262320000002
0.12914188110000002
0.1285330725
0.1295752869
0.14610111480000001
0.15362303040000003
0.14739554430000001
0.1447742142
0.15952325490000002
0.1788251166
0.172561824
0.1672796295
0.1756719864
0.181222092
0.18970067880000002
0.19627848000000003
0.20304531990000002
0.20695892130000001
0.2034027963
0.1934105265
0.19904558670000003
0.21128876100000002
0.2107454832
0.20357790480000001
0.19332517950000003
0.19800945450000002
0.2009983653
0.2023496928
0.1967380785
0.18995995710000002
0.2019483657
0.2129433156
0.20761138440000002
0.1897658172
0.1714569237
0.162845019
0.1747047204
0.1848204
0.17004075210000003
0.1547287155
0.14782512420000002
0.1476550188
0.1498886577
0.1381986693
0.1200709665
0.12475494720000001
0.1292328198
0.12165949980000001
0.11660803650000001
0.10801712520000001
0.10182397409999999
0.09341529336000001
0.0781971777
0.07199488368
0.06569100711
0.049534241220000004
0.033228225990000006
0.031754361780000004
0.03788164854
0.03815478837
0.03285798678
0.02031254676
0.01282860567
0.007812412263000001
0.0034687169190000004
-0.005423669415
-0.012968986770000001
-0.02116879299
-0.025661979
-0.022447497060000002
-0.022331327039999998
-0.0370422657
-0.057220572420000004
-0.05794301025
-0.04863448764
-0.04714107210000001
-0.0532627083
-0.06446273625
-0.061591614120000006
-0.06371498862000001
-0.08140820652
-0.08569376388000001
-0.07819945362000001
-0.07785841878
-0.09379909980000001
-0.1008263952
-0.09718840575
-0.1057193289
-0.1124028819
-0.1097398593
-0.10930419720000001
-0.1206622152
-0.11686996350000001
-0.11967944940000001
-0.1282251366
-0.13712516100000002
-0.1270529397
-0.12025637550000001
-0.1342876185
-0.1314615537
-0.12110042790000002
-0.12113662680000001
-0.12555240210000002
-0.12402900720000001
-0.1096403859
-0.10433160630000002
-0.1110090771
-0.1145920815
-0.1118971764
-0.10695430980000001
-0.09478518138
-0.08918689886999999
-0.08243101674
-0.08107364628
-0.08420124105
-0.08448592725
-0.08234719029
-0.07909627401
-0.06794224515000001
-0.06435155952
-0.06931585116
-0.07160973327
-0.06940833984000001
-0.06512119326
-0.05520006558
-0.06177032289000001
-0.05943372804000001
-0.052684830630000005
-0.05246727426000001
-0.05540858694
-0.05309705664
-0.04197605805000001
-0.04984202016
-0.05992209927
-0.057443975550000005
-0.052394415390000004
-0.05244897861
-0.05487263721
-0.05565286575
-0.05488677342000001
-0.05418555462
-0.053514550620000004
-0.053497128059999996
-0.05170933404
-0.040120339590000005
-0.037906173540000004
-0.05212727928
-0.04873485375
-0.04733523162
-0.04239363051
-0.05010361362
-0.05555458917
-0.04285739826
-0.044708035140000005
-0.04270886505
-0.03848997645
-0.03727699938
-0.0265604769
-0.01928072115
-0.01333784277
-0.02155944681
-0.01701705384
-0.005741863632000001
0.0033281710110000004
-0.0056594066580000005
-0.003511362951
0.004863116204999999
0.005452031106
0.0029916016830000003
0.0020486782170000004
0.0036452969190000004
0.007169200974
0.01710789444
0.009181638108
-0.001169260767
0.001069297848
0.006350244516
0.006491495763
0.006319272384
0.01775426553
0.02216985444
0.01480255425
-0.0002052656172
-0.0005741399619000001
0.01614535686
0.01233951831
-0.0006208948143000001
-0.001124134767
0.004141855575000001
0.0048280111200000005
0.002897987796
0.001664562762
0.001658738565
0.002242662138
0.001081418103
-0.009127571274
-0.014501279340000001
-0.002114679897
-0.0020876042970000004
-0.01587054933
-0.027694954350000002
-0.02049017643
-0.01742339385
-0.0260366229
-0.02915425071
-0.02845339488
-0.03734374662
-0.044654011470000005
-0.04176062064
-0.03828874392
-0.04080102606
-0.05228629938
-0.04895907111
-0.03716274231
-0.03713066361
-0.044608404780000006
-0.054936873090000005
-0.04756197996
-0.02508108966
-0.018941422680000004
-0.02862903312
-0.03327724656
-0.02794124421
-0.012229626690000002
0.0044763804990000005
0.0061354104210000005
-0.001148590116
-0.0014894856540000002
0.013726514970000001
0.03418720254
0.048444193260000004
0.05774946876
0.05729336262
0.045130944240000005
0.05047055667000001
0.0731450277
0.0718126335
0.06541688628
0.08093258829000001
0.09463640292000002
0.090364815
0.08398888398000001
0.08523915867000001
0.09672479496000001
0.0994784031
0.09531846279
0.09289649151
0.08536764024000001
0.08509275423000001
0.08938310868
0.09850328910000002
0.0984064644
0.08474467581
0.08178460641
0.0808617699
0.0655028415
0.05273554833
0.050280085710000005
0.04575764628
0.04428195741
0.03810746493
0.02043400437
0.008926706619
0.00947181006
0.003391219881
-0.0005709004056
0.0008182932039000001
0.001761065694
0.0006268985343
-0.0004239615168
-0.0003340956384
0.00012434106330000001
0.0002226289248
6.022049985e-05
-2.890345806e-05
1.14294348e-05
5.9077311120000006e-05
5.5010369610000006e-05
3.289405815e-05
2.696304006e-05
3.384737433e-05
3.742717086e-05
0.0001881084177
0.0010140822630000002
0.0027491249700000004
0.01174035294
0.009937108170000002
0.008205710859000001
0.004813780734
0.0002168133606
0.01036649187
0.010453908780000002
-4.054177719e-05
-0.002832965154
-0.006974308647
-0.004058416620000001
0.006284840265000001
-0.00150667866
-0.00801552537
-0.005545774485000001
-0.0018052764210000002
-0.0018658786770000002
-0.0032234443560000005
0.0047700183240000004
0.006511258008000001
0.0032052419010000005
0.002398938381
-0.0026070075
-0.00606077496
0.01227962826
0.026949090240000004
0.014887234170000001
-0.003340788633
0.004928015241
0.01844314335
0.015221804220000001
0.01721608893
0.01952673633
0.02394404199
0.03041300124
0.024916948740000004
0.030708919890000002
0.03700482093
0.035373820140000005
0.0326389491
0.033071913450000004
0.03692230902
0.049756378860000006
0.0513915489
0.03788349282
0.055781582760000004
0.070264125
0.04968796392
0.026981414190000004
0.039421583100000004
0.04395287115
0.035449837830000004
0.03199425552
0.03275924913
0.02212924104
0.005075989281
0.01034835318
0.014409653940000001
0.0060698452860000005
0.002474721612
0.004249853865
-0.003048201459
-0.013973834880000001
-0.02070766413
-0.02486406303
-0.02268535032
-0.02196760167
-0.03179357235
-0.03663790731
-0.03024174807
-0.0363611574
-0.048187701
-0.056785047660000004
-0.042368605200000006
-0.020087829090000002
-0.0269782848
-0.03066389199
-0.02544695361
-0.02293309206
-0.02456586846
-0.02552541399
-0.02477287908
-0.02412344727
-0.02428314426
-0.02694467574
-0.037163487870000005
-0.02671978149
-0.004335590322
-0.003935695482
-0.025036807320000003
-0.03468130281
-0.024633243540000002
-0.007890180057
-0.0032067948240000004
-0.01147835727
-0.02386414935
-0.02163527811
-0.007039141956
-0.0051883824509999996
-0.01104367617
-0.004472501625
0.007430803263000001
0.007087989870000001
0.002785099221
0.009290071962000001
0.01596259656
0.01059652656
0.01592152209
0.025587315090000003
0.035797965300000005
0.035492874300000005
0.030698776350000002
0.03046162941
0.03322045647
0.03677564952
0.046233549
0.03983669325
0.04026008304
0.035198270190000006
0.03238028883
0.04449319614
0.04233548664
0.030174579
0.029250143460000003
0.03447899118
0.03592831077
0.03381755193
0.03247008957
0.03237903315
0.024188536620000003
0.014699941650000001
0.01760820444
0.0228668157
0.02212983945
0.01905491457
0.011870943660000001
-0.004329107874
-0.014265643140000001
-0.009000574938000001
-0.0037683260910000003
-0.005985315459000001
-0.009730245681
-0.010244416230000001
-0.01341602847
-0.02009391129
-0.01518389838
-0.02013972399
-0.02575889199
-0.02436910929
-0.02198104137
-0.022390147800000003
-0.02375804439
-0.0240546105
-0.02358053244
-0.021881548350000002
-0.011406744270000001
-0.005247690768
-0.00958522347
-0.0123592266
-0.01086037632
-0.009238149594
-0.009142911171
-0.009740244033
-0.00998371548
-0.009829296270000001
-0.009653685498
-0.009085807161
-0.008513440749
-0.008782704648
-0.01584056997
-0.02061210492
-0.01579824963
-0.02150789526
-0.02551229802
-0.023707110870000003
-0.0177568848
-0.01169341209
-0.022021880400000002
-0.028838888640000004
-0.024863366520000003
-0.01665658539
-0.01012800096
-0.023775054930000004
-0.044299242630000006
-0.04228371927
-0.02216413521
-0.02828580084
-0.04284207504
-0.044293660740000004
-0.04743073197
-0.04387824648
-0.0460339155
-0.054654090030000005
-0.05525989677
-0.051788216250000005
-0.051087046500000004
-0.05269318875000001
-0.05354028225
-0.05255752626000001
-0.05088371463000001
-0.04222669374
-0.033336292950000006
-0.028785414330000002
-0.023037882480000004
-0.023394397500000004
-0.0255037437
-0.01844454618
0.0005469917679
0.01159025013
0.00557833878
0.0042428210760000005
0.01844637084
0.02902887891
0.03606621975
0.0349678431
0.03156275286
0.03216004452
0.034606766430000005
0.03540542796
0.034697420640000004
0.03416595408
0.03430485387
0.03456684954
0.03458671479
0.03448847745
0.03302334414
0.020934333989999998
0.003258056979
0.0003089970477
0.008706518226000002
0.01086253452
-0.002236201272
-0.0147484521
-0.01192220091
-0.01461862656
-0.02469383991
-0.025408841760000002
-0.021717328950000003
-0.02778305796
-0.04706793855
-0.05858089569
-0.052983407790000006
-0.04760708634
-0.04980593898
-0.04900501134
-0.037721304090000005
-0.034470378
-0.03916880883
-0.041125040550000005
-0.043486307550000006
-0.04895575533
-0.039376123560000004
-0.03528903231
-0.04932995778
-0.042777456570000004
-0.01948772196
-0.015516830160000002
-0.02560925025
-0.02902313025
-0.024650734770000002
-0.02002238658
-0.011543780160000001
-0.015324819030000002
-0.01718998452
-0.018570565440000002
-0.013438306980000002
-0.005356249209
-0.006498498141
-0.01037276046
-0.01192011138
-0.01946329506
-0.01609395246
-0.0046124805150000005
-0.00399576015
-0.001155007818
-0.0011489805540000001
-0.002071676781
0.00613583127
1.981047096e-05
-0.003966765714
0.006834516147
0.01037069055
0.006050363607
-0.0030240708210000004
-0.0057420353070000004
0.01398766698
0.02877355404
0.01630083555
0.004163113845
0.016627312350000003
0.02567819493
0.02954996649
0.043343817300000004
0.053583622830000004
0.045089212499999996
0.03306444804
0.044787702150000004
0.05544930825
0.05223372759
0.04694171328
0.04718984742000001
0.04971486294
0.05042095731
0.049586263650000004
0.049051471500000006
0.0492462981
0.04952914002000001
0.04953306402
0.04941990567
0.049388680440000006
0.04943552319
0.04715076438
0.03465046998
0.03246336972
0.050303727810000004
0.05753363895
0.04989351285000001
0.04352140773
0.03678088806
0.04363525278
0.054614320290000004
0.05304788892
0.04747263048000001
0.04691513799
0.05085930735000001
0.0612042957
0.05802563988
0.0560217708
0.06445820403000001
0.06678104526
0.06371000514
0.06242428692
0.06426095436
0.07362983790000001
0.08232968925
0.07939867707
0.0749431026
0.07575372252
0.07848763218
0.08587054989000001
0.08927251073999999
0.07707781746
0.07946346231
0.08900649297000002
0.08718724809
0.0919656108
0.08738832366000002
0.07411516803
0.06729009597
0.06315911478
0.06500858427
0.06245054829
0.0493377273
0.04550065371
0.05049950598
0.04847720391
0.03946203954
0.042214225230000006
0.037440963720000005
0.03288532725
0.034512835680000006
0.03650283342
0.03582453078
0.030014577900000002
0.02261290347
0.03297378402
0.040409352
0.036528123600000004
0.03234066624
0.03086945073
0.02293933122
0.031317542100000005
0.040343919299999996
0.03733484895
0.03253259889
0.03285583839
0.03741586974
0.04757367348
0.03931960815
0.02963199771
0.034424800740000004
0.048885290100000006
0.04133697579
0.0297912042
0.03149831097
0.03695533929
0.03740154714
0.03499161273
0.032093601390000004
0.02166760206
0.01631241135
0.02053010313
0.02219507595
0.010460579579999999
0.001697364459
0.003928682313
-0.002392896402
-0.01049931927
-0.010549134449999999
-0.017949749400000003
-0.02694356721
-0.03423485952
-0.02877676191
-0.03071518848
-0.050732679870000005
-0.05938044012
-0.05195904759000001
-0.04710925827000001
-0.051393707100000005
-0.06485966847
-0.07136420859
-0.06620562990000001
-0.06232143888
-0.06473209923
-0.0756805203
-0.07645281255
-0.0637901136
-0.06961727322
-0.08421066846000001
-0.08410419072
-0.07709939946000001
-0.06818977107
-0.07046359173
-0.08328364308000001
-0.08451254178
-0.0786609945
-0.07677132363000001
-0.07957149003000001
-0.09004753998000001
-0.0991387809
-0.09629447931
-0.0998661924
-0.1020393036
-0.10163532780000001
-0.10977350760000001
-0.11832733710000001
-0.1195296507
-0.11348423820000002
-0.12143642040000001
-0.12672616860000002
-0.1244252331
-0.1283230404
-0.13316712030000002
-0.1300000599
-0.13616270190000002
-0.1331751645
-0.12019810410000001
-0.1252796841
-0.1422389178
-0.1433981655
-0.1356054939
-0.13356275760000003
-0.1431982377
-0.1560347208
-0.1486400409
-0.1315045215
-0.1313510931
-0.13317065190000002
-0.1245633579
-0.12163330710000002
-0.1245302001
-0.1299084345
-0.13511126610000002
-0.12014620920000002
-0.1018281924
-0.10394519040000001
-0.11309223060000001
-0.1136462994
-0.10894230630000001
-0.1023701949
-0.09178193817000001
-0.08641680993
-0.07538880033
-0.058835053170000005
-0.04785078636
-0.04626821754
-0.03458864736
-0.01447346799
0.001912288806
0.008830988487
0.009741169116
0.023238271350000003
0.039660064200000004
0.04373434359
0.05271669351
0.06616520289
0.0670202523
0.06620488434
0.08159564619000001
0.0983768382
0.09678343914000001
0.08927495343
0.09313424667
0.111296412
0.1275612939
0.1253818062
0.1173742956
0.11525249070000002
0.1081149309
0.1056922533
0.10943251200000001
0.1085717826
0.09646013097000002
0.10060478730000001
0.09822007440000001
0.0918280746
0.0922559868
0.09266362173
0.08101215720000002
0.0753027372
0.07681523319000001
0.06782296536
0.0643383945
0.07687857636
0.07185217761
0.06127170021000001
0.06192615474
0.06427158840000001
0.05474695149000001
0.05841223236
0.05482705995
0.04635314271
0.037526349960000004
0.04500387531
0.054780874470000004
0.04192134768
0.02899877202
0.03116683107
0.025577642430000002
0.008194849227000001
0.002363834277
0.008866198539000001
0.01064199591
-0.003191142969
-0.014432275800000002
-0.020799976230000003
-0.022833559800000004
-0.021433829760000002
-0.030591572670000004
-0.04040894979
-0.048060700740000004
-0.050844965129999996
-0.04783527675
-0.0465469785
-0.04835547162
-0.05127218082
-0.06313235310000001
-0.07862301018
-0.07221604032000001
-0.06693322779000001
-0.06503599341
-0.06013943982
-0.0508209993
-0.045787939560000004
-0.04911666876
-0.051347482380000004
-0.048401421660000006
-0.02919557043
-0.010774685970000001
-0.01597312269
-0.01634971878
-0.005265200637000001
-0.001833937317
0.0031066965270000004
0.01083489975
0.01010752749
0.0075864241980000005
0.01607960043
0.01708979499
0.007100539803
0.006868220364000001
0.021856601519999998
0.03185737659
0.036801538110000004
0.03873192048
0.03654387846
0.035927084520000006
0.03767810085000001
0.03892504014
0.03867392376
0.0380669202
0.037952457120000005
0.03812618241
0.03817682163
0.038069784720000006
0.03796172757
0.03923129853000001
0.04755459303
0.043428683610000005
0.034272216
0.04512917844000001
0.056852932860000004
0.05507001441
0.059552948970000005
0.06657807636
0.06552404091000001
0.06261842682
0.06284092743
0.0638292555
0.06573614292
0.07592215041
0.08141040396
0.07667863875000001
0.0732323367
0.07618286097
0.08849992419
0.09359539515
0.0782714394
0.06741983322
0.07141211082
0.06901132914
0.06950357532000001
0.06613832349
0.058792095180000004
0.05864988942
0.06004959003
0.04996462554000001
0.040230476460000004
0.03425392035
0.03952128213
0.03882713634
0.03005997858
0.028290450780000004
0.02985322302
0.01932083424
0.001249628211
-0.002604912084
0.004788927099
0.007338523536
0.004239830007
0.0005205239955000001
-0.009190593657
-0.016037800020000003
-0.02204940726
-0.025418975490000002
-0.023253143310000002
-0.0219815613
-0.02469037698
-0.03527540622
-0.04113900018
-0.03833510598
-0.04338667719000001
-0.04135005252000001
-0.03216900105
-0.02458685205
-0.03284434107
-0.05239627929000001
-0.05660156142
-0.0474968808
-0.04355439876
-0.04708910853
-0.050089291019999996
-0.049425330600000004
-0.04777765281
-0.047337841080000005
-0.047653664219999996
-0.04768483059
-0.047316259080000006
-0.046947059730000004
-0.04665504546
-0.045859111109999996
-0.045226091430000004
-0.04520600055
-0.04517889552
-0.04485982527000001
-0.04447994283
-0.04421996802
-0.044155653659999995
-0.046538375130000004
-0.058714831620000005
-0.07055551143000001
-0.06069764844
-0.05666747481
-0.04555699254
-0.047633995170000006
-0.050397992100000004
-0.05227259481
-0.04312821312
-0.03772638567
-0.040529563739999996
-0.039110017500000004
-0.03169553121
-0.03429499482
-0.026370437580000003
-0.012620888730000002
-0.008385722397
-0.0042263177130000005
0.0024571881990000004
0.01044939618
0.01012337064
0.0071459179200000006
0.012813890670000001
0.029042269560000004
0.03827604978
0.03290068971
0.027745897680000003
0.035151221430000004
0.047534462910000005
0.05273671572
0.055951305570000005
0.05421467070000001
0.05217000183
0.052807622400000004
0.05440937958
0.060510110670000006
0.06040572246
0.057243606300000006
0.06248374533000001
0.06463120338
0.0692043507
0.07457069538000001
0.06592082598
0.06411241134
0.07222203423000001
0.07369109154
0.06975343602
0.0676082637
0.06815492595
0.06857781543
0.06784288947
0.0672541227
0.06688009683
0.06619138578
0.06532546689
0.06405662187
0.06318940806000001
0.06280271748
0.0605096496
0.05030610183
0.046238944500000004
0.04808578491
0.040887501209999996
0.03553857909
0.03711239739
0.03693826008
0.024263141670000002
0.00984944601
0.010788910470000001
0.01704982905
0.013567033800000001
-0.001978642665
-0.012985320420000002
-0.009551965608
-0.004097752758
-0.005166317799000001
-0.008671771206
-0.01615001661
-0.031874475420000006
-0.03380505399
-0.026120056949999998
-0.024077771910000004
-0.0326455218
-0.046914598440000004
-0.0482469534
-0.03518039637
-0.0363547809
-0.049484612430000005
-0.05174573895
-0.04606887834000001
-0.04360978602
-0.045301549950000006
-0.046602846450000006
-0.04593684555
-0.04482437193
-0.04439096613
-0.04433779593000001
-0.04411166562
-0.043676082
-0.04361444577
-0.049104818280000004
-0.054009749610000005
-0.045807726330000006
-0.043789515030000004
-0.04494446595
-0.048508360470000005
-0.053091141210000005
-0.05757575328
-0.05891018796
-0.05621517495
-0.05468519754
-0.05531988492
-0.05578173972000001
-0.05507777412
-0.05402874177
-0.05334539679
-0.05290861635
-0.05239127619
-0.051747220260000004
-0.0510982299
-0.050498348400000004
-0.04991300532
-0.04930984728
-0.04869387738
-0.04805664921
-0.04491288756
-0.037805032440000004
-0.033560647650000004
-0.029093487570000003
-0.02841335046
-0.029720640870000002
-0.029276797230000002
-0.02766634839
-0.0267433353
-0.02659947165
-0.0225744777
-0.01230388839
-0.006481638675
-0.009582252021000002
-0.012365298989999999
-0.01082357901
-0.00852858837
-0.008138558466000001
-0.00874557576
-0.008885017062000001
-0.008478815373
-0.008106693624
-0.007969208436
-0.007885140660000001
-0.007719630264000001
-0.007508797668000001
-0.0073185395850000005
-0.007153518708
-0.006698751633000001
-0.002290284783
-0.0016848675
-0.002571601248
-0.004243828563000001
-0.001711740033
0.002877836094
0.003260614446
0.005850583938
0.0038359189530000003
0.0001125235449
0.005979424554
0.01052109747
0.003793505418
0.004763859606
0.00933754059
0.007195956768
-0.006111800694
-0.009271031733000002
0.001322406639
0.0015860837430000001
0.001673894034
0.008523021195
0.010552656240000001
0.007690718232
0.006541140249
0.007819287111
0.0067989186
0.003367025478
0.0053336322539999995
0.0036106529040000005
0.0014222165219999999
0.0017877106350000001
0.002402757414
0.0022995866250000003
0.004808113497
0.009268884324
0.008994995010000001
0.006793268040000001
0.003873697263
0.0032429064150000003
0.008292668661
0.007050076182
0.0005577883596000001
-0.000284643036
0.0024503074650000004
0.0008544995595
-0.001598618961
-0.0002081323935
-0.004735219311000001
-0.009732017367
-0.006009709986
0.0003631595292
-0.000231460083
-0.0054066834
-0.009071004852
-0.007191317619
-0.004686479307
-0.006882383061
-0.009174408138
-0.007537913748000001
-0.006725139552000001
-0.004055082201
-0.003438170541
-0.00434880243
-0.006419334384000001
-0.006839882217
-0.0027499666680000003
-0.0012816186210000001
-0.0025933235310000003
-0.0014602479300000002
0.002085533406
0.002627886123
0.0032190092550000004
0.005876530407000001
0.004588763859
0.0008835943518
0.0025862191289999998
0.007163001054
0.0075812955300000005
0.007201663245
0.007613793117000001
0.00721428381
0.009195808653000001
0.009918655560000001
0.009086946102
0.008570259288
0.008770506894
0.009003718062
0.01020363606
0.012037664610000002
0.011674390500000001
0.009347400621
0.008428832442000002
0.010883223810000002
0.01170405594
0.010537735230000001
0.009711944145
0.008671700574000001
0.008198495604000001
0.010075360500000002
0.01052100918
0.009495755289
0.008890063326
0.009031618683
0.009181840194
0.009009937602000001
0.00873696258
0.008566753194
0.008469348723
0.008353645659
0.008205623549999999
0.008058208680000001
0.007926367185
0.007801213167
0.007673925474
0.007535835009
0.006677524755
0.006118641207
0.006565572054
0.005825702835000001
0.006014773908000001
0.0072284445450000005
0.007225222941000001
0.006531467589
0.006284376252
0.006434434917
0.006483250458000001
0.006326966367
0.006150213711
0.006051885138
0.005993874684
0.006458916753
0.007206581979
0.006992402211
0.006445986192
0.006294003786000001
0.006369653601
0.006321551247000001
0.006134743341000001
0.00595742661
0.005846915979
0.006160077666
0.006280483644
0.005439924585
0.0050630400810000005
0.005242324698
0.005307732873
0.005111934102000001
0.00490336173
0.0048068852850000005
0.004754733363
0.004877480007
0.005276150559
0.005025680658
0.004200344757000001
0.003988457586
0.004231259991
0.004273650963
0.004234508082
0.004305532482
0.003892880718
0.0036219589290000004
0.0036893035980000003
0.0038749127220000005
0.00410124708
0.003976137207000001
0.003726743463
0.0035815790070000005
0.003293499528
0.0031680296280000003
0.0032175868050000004
0.003202755066
0.0031502764710000003
0.003271248486
0.0030518488170000004
0.002822137857
0.0028352636370000002
0.002840896539
0.002579751396
0.002402426817
0.002277937917
0.0022618956240000004
0.0023022794700000002
0.0022613168340000003
0.002055785562
0.0019899016020000003
0.002051389701
0.001984891635
0.002004400782
0.001994485815
0.0019418061149999999
0.002041418817
0.002056654728
0.00204880869
0.0020229828840000004
0.002061590139
0.0021415661640000003
0.002209679937
0.002217528918
0.002173162212
0.002149354323
0.00215242191
0.002150522694
0.002133741708
0.002113374186
0.002097077814
0.002082771891
0.002066883615
0.002049205995
0.00203104278
0.002012808933
0.001994113035
0.0019728891000000003
0.0019259060670000002
0.001880447508
0.001870500168
0.0018431881470000002
0.001801252359
0.00178498836
0.001777055994
0.001758922209
0.001734716034
0.001712466954
0.001692251487
0.0016699563
0.0016337760390000003
0.0015873639480000002
0.001567244619
0.001554770223
0.0015199241220000001
0.001480919562
0.001453898898
0.0014399618310000002
0.0014134924890000001
0.001377221976
0.001343049822
0.0013119599700000002
0.001282879206
0.0012487001850000003
0.001205052552
0.001168376886
0.001136365875
0.001096399935
0.001053742131
0.001012935474
0.0009690294456
0.0009225599661
0.0008744917509000001
0.0008261346312
0.0007801391709
0.0007324682607
0.0006826391505
0.0006302371716
0.0005767677666
0.0005231229588
0.0004687055154
0.0004134160611
0.0003572248716
0.0002988030843
0.00023980692150000002
0.0001806387894
0.0001205573463
5.928048603e-05
-3.18457125e-06
-6.66884781e-05
-0.0001306135773
-0.0001952632431
-0.0002610047619
-0.00032777976420000004
-0.0003954208914
-0.0004638915522
-0.0005331600603
-0.000603494523
-0.0006748566813
-0.0007471299924000001
-0.0008201573001
-0.000894021597
-0.0009688119579000001
-0.0010444883580000002
-0.001121073066
-0.0011985445980000002
-0.0012768588089999999
-0.0013560686730000001
-0.001436135931
-0.0015170419440000001
-0.001598812218
-0.0016814457720000001
-0.0017649210240000001
-0.0018492360120000001
-0.0019343887740000002
-0.002020376367
-0.002107194867
-0.002194839369
-0.002283304968
-0.0023725877400000003
-0.00246268278
-0.0025535871450000002
-0.002645293968
-0.002737800306
-0.002831101254
-0.0029251919070000004
-0.003020066379
-0.0031157207460000003
-0.003212151084
-0.003309350526
-0.0034073151480000004
-0.003506039064
-0.003605517369
