0.01 0 -0.0689307 -0.0741812 -0.0722465
0.02 0 -0.0565324 -0.0775318 -0.0708949
0.03 0 -0.039433 -0.0800263 -0.0711664
0.04 0 -0.0242451 -0.0766208 -0.074897
0.05 0 -0.0149937 -0.0654712 -0.0823477
0.06 0 -0.0112566 -0.0489649 -0.0911769
0.07 0 -0.00961622 -0.0327249 -0.0976993
0.08 0 -0.00621619 -0.0219758 -0.0983828
0.09 0 0.000200564 -0.0188374 -0.0918114
0.1 0 0.00746482 -0.0212405 -0.0789074
0.11 0 0.0113702 -0.0248043 -0.0622801
0.12 0 0.00867288 -0.0255677 -0.0447411
0.13 0 -0.000700271 -0.0222351 -0.0280924
0.14 0 -0.0132443 -0.0163545 -0.0125689
0.15 0 -0.0237666 -0.0108008 0.00249976
0.16 0 -0.0282627 -0.00770178 0.0175015
0.17 0 -0.0255766 -0.0068446 0.0318039
0.18 0 -0.0176677 -0.00595299 0.0435354
0.19 0 -0.00803419 -0.00198293 0.0507365
0.2 0 0.000398262 0.00692127 0.0525332
0.21 0 0.00709988 0.0204258 0.0500312
0.22 0 0.0132433 0.0355587 0.0454326
0.23 0 0.0210577 0.0490113 0.0418211
0.24 0 0.0313471 0.0583992 0.0413426
0.25 0 0.0420332 0.0629479 0.0440801
0.26 0 0.0497559 0.0641246 0.0491393
0.27 0 0.0524371 0.064978 0.0561861
0.28 0 0.0489013 0.0665597 0.0642462
0.29 0 0.0406384 0.0684259 0.0732088
0.3 0 0.0305247 0.0687454 0.0830169
0.31 0 0.0218492 0.0663729 0.093728
0.32 0 0.0159322 0.061052 0.104103
0.33 0 0.0126223 0.0543912 0.112476
0.34 0 0.0124825 0.0505457 0.118805
0.35 0 0.0133293 0.0503769 0.120829
0.36 0 0.00254805 0.0409546 0.105426
0.37 0 -0.0155472 0.0219276 0.0752591
0.38 0 -0.00414017 0.0264036 0.0665547
0.39 0 0.0147352 0.0346785 0.060078
0.4 0 0.031414 0.0425742 0.0508472
0.41 0 0.0488951 0.0572783 0.0464046
0.42 0 0.0461779 0.0576582 0.028634
0.43 0 0.0194488 0.0335431 -0.00689782
0.44 0 -0.0181102 -0.0112301 -0.05092
0.45 0 -0.0230455 -0.0361843 -0.0632416
0.46 0 0.0661192 0.035017 0.0222153
0.47 0 0.119844 0.0972655 0.0870747
0.48 0 0.0627337 0.0780318 0.0590232
0.49 0 -0.0037819 0.0519235 0.0288659
0.5 0 -0.0538687 0.0140342 0.00807546
0.51 0 -0.0437538 -0.00027319 0.0328364
0.52 0 -0.0222468 -0.0208707 0.0562414
0.53 0 -0.0245407 -0.0551649 0.0483916
0.54 0 -0.0437531 -0.0810212 0.0182923
0.55 0 -0.0534055 -0.0754088 -0.00897799
0.56 0 0.0406526 0.0473543 0.0632544
0.57 0 0.0184256 0.055978 0.0200018
0.58 0 -0.151267 -0.113069 -0.17821
0.59 0 -0.155493 -0.173883 -0.23173
0.6 0 0.093854 -0.0028926 -0.0392939
0.61 0 0.298504 0.182902 0.139518
0.62 0 0.172777 0.129081 0.0395827
0.63 0 -0.0147355 0.0440461 -0.090892
0.64 0 -0.189734 -0.089021 -0.216084
0.65 0 -0.290044 -0.257243 -0.303617
0.66 0 0.0223989 -0.0735549 -0.00844852
0.67 0 0.02127 -0.157695 -0.0234877
0.68 0 -0.0994072 -0.268694 -0.144105
0.69 0 -0.171983 -0.271162 -0.217955
0.7 0 -0.330375 -0.369592 -0.402225
0.71 0 -0.362574 -0.416416 -0.504899
0.72 0 0.0134193 -0.11427 -0.22852
0.73 0 0.135633 -0.0440098 -0.188843
0.74 0 0.0288265 -0.142482 -0.336814
0.75 0 0.189369 0.0756914 -0.172926
0.76 0 0.30194 0.285111 -0.00265187
0.77 0 0.236285 0.328452 0.0446588
0.78 0 -0.014257 0.138323 -0.0648077
0.79 0 -0.207087 -0.0955947 -0.130573
0.8 0 -0.125515 -0.134018 0.0427505
0.81 0 0.154364 0.0578391 0.398927
0.82 0 0.345002 0.3078 0.688129
0.83 0 0.0097251 0.168375 0.471921
0.84 0 -0.633387 -0.31957 -0.105044
0.85 0 -0.597194 -0.337129 -0.131173
0.86 0 0.333358 0.403339 0.644934
0.87 0 0.917148 0.909225 1.11044
0.88 0 -0.00815347 0.082884 0.146315
0.89 0 -0.914485 -0.778023 -0.82772
0.9 0 -0.277756 -0.29799 -0.361275
0.91 0 0.921005 0.735357 0.66657
0.92 0 1.22836 1.1368 0.955959
0.93 0 0.115622 0.32209 -0.0208477
0.94 0 -0.73954 -0.3732 -0.739491
0.95 0 0.297669 0.546097 0.361885
0.96 0 0.565744 0.623273 0.70118
0.97 0 -0.268543 -0.327461 -0.0269874
0.98 0 -0.988504 -1.15654 -0.697184
0.99 0 -0.65409 -0.96316 -0.433307
1 0 0.453023 0.126704 0.554486
1.01 0 1.47561 1.46928 1.56507
1.02 0 0.88616 1.47711 1.13493
1.03 0 -1.24183 -0.279524 -0.834695
1.04 0 -2.30163 -1.73716 -2.01349
1.05 0 -0.339337 -0.789727 -0.464885
1.06 0 1.83574 0.637641 1.3341
1.07 0 1.90866 0.938967 1.38306
1.08 0 -0.678756 -0.712214 -0.952252
1.09 0 -1.28766 -0.564234 -1.36163
1.1 0 0.65232 1.52106 0.621186
1.11 0 0.870917 1.47176 0.870818
1.12 0 0.328347 0.513533 0.425995
1.13 0 -0.151461 -0.363416 0.0780707
1.14 0 -0.762704 -1.24211 -0.43005
1.15 0 -0.208228 -0.725615 0.17376
1.16 0 1.17771 1.01172 1.64561
1.17 0 1.00675 1.56859 1.68627
1.18 0 -0.604832 0.598518 0.297914
1.19 0 -1.86254 -0.722743 -0.979421
1.2 0 -1.44324 -1.20759 -0.943334
1.21 0 0.212057 -0.701528 0.133002
1.22 0 0.828491 -0.658275 0.267865
1.23 0 0.120839 -1.06411 -0.696934
1.24 0 0.293549 -0.0312516 -0.608928
1.25 0 -0.0559342 0.469247 -0.963926
1.26 0 -0.618395 0.195839 -1.56573
1.27 0 -0.627034 -0.306819 -1.71893
1.28 0 -0.403028 -1.07463 -1.70066
1.29 0 0.568478 -0.945786 -0.842955
1.3 0 1.24654 -0.334813 -0.00202557
1.31 0 1.32148 0.61206 0.591106
1.32 0 -0.0407746 0.558545 -0.0344214
1.33 0 -1.55113 -0.104269 -0.906184
1.34 0 -2.31362 -1.12124 -1.41797
1.35 0 -1.47484 -1.49326 -0.765245
1.36 0 0.0282139 -1.28088 0.341973
1.37 0 1.02372 -0.701933 1.04533
1.38 0 0.571968 -0.407913 0.547182
1.39 0 -0.704734 -0.377503 -0.663601
1.4 0 -1.01675 0.219433 -1.03863
1.41 0 -0.208542 1.00185 -0.510448
1.42 0 0.517804 0.928825 -0.164549
1.43 0 0.483795 -0.125865 -0.510108
1.44 0 0.374574 -0.928241 -0.754986
1.45 0 1.04577 -0.244963 0.0312411
1.46 0 1.33065 0.832778 0.731756
1.47 0 0.431281 1.1005 0.463537
1.48 0 -0.378676 1.11938 0.277653
1.49 0 -0.807899 0.679127 0.264367
1.5 0 -0.759264 -0.0780077 0.454991
1.51 0 0.175957 -0.164659 1.35722
1.52 0 0.974025 0.151447 2.14453
1.53 0 0.154414 -0.292922 1.42313
1.54 0 -1.05496 -0.67128 0.279539
1.55 0 -1.17859 -0.193846 -0.0120787
1.56 0 -0.203184 0.794514 0.525302
1.57 0 0.594439 1.13862 0.755069
1.58 0 0.786893 0.748832 0.420481
1.59 0 0.868507 0.423317 0.128748
1.6 0 0.699692 0.176999 -0.211333
1.61 0 0.470192 0.157711 -0.423857
1.62 0 0.561685 0.587401 -0.167717
1.63 0 0.58911 0.920841 0.138853
1.64 0 0.0946808 0.557829 -0.0154679
1.65 0 -0.422998 -0.099819 -0.219366
1.66 0 -0.542097 -0.574974 -0.11529
1.67 0 0.249112 -0.0834722 0.839547
1.68 0 -0.0539587 -0.364914 0.7018
1.69 0 -0.524412 -0.529026 0.364604
1.7 0 0.687196 1.12573 1.65543
1.71 0 0.512871 1.40728 1.54429
1.72 0 -0.467466 0.616183 0.552879
1.73 0 -0.990878 -0.249814 -0.177362
1.74 0 -0.708713 -0.753464 -0.31763
1.75 0 0.489773 -0.300795 0.389074
1.76 0 1.52607 0.593302 1.09799
1.77 0 1.18325 0.858119 0.716799
1.78 0 -0.119915 0.431892 -0.445953
1.79 0 -1.19421 -0.237117 -1.44585
1.8 0 -1.13626 -0.624827 -1.53496
1.81 0 -0.0301202 -0.505377 -0.724398
1.82 0 0.688332 -0.58993 -0.230096
1.83 0 0.475075 -0.897956 -0.444427
1.84 0 0.107528 -0.661028 -0.603741
1.85 0 -0.278443 -0.16915 -0.690685
1.86 0 -0.622024 0.0965612 -0.786199
1.87 0 -0.611121 0.110439 -0.671099
1.88 0 -0.388852 -0.214212 -0.485296
1.89 0 -0.0392331 -0.574773 -0.228317
1.9 0 0.145958 -0.805686 -0.0882796
1.91 0 -0.0111427 -0.850956 -0.194688
1.92 0 -0.462163 -0.792878 -0.544583
1.93 0 -0.7376 -0.53778 -0.770653
1.94 0 -0.53869 -0.118004 -0.64338
1.95 0 -0.188968 0.062476 -0.471364
1.96 0 -0.229611 -0.402046 -0.737373
1.97 0 0.455743 -0.121729 -0.23972
1.98 0 0.379133 -0.315658 -0.37756
1.99 0 -0.142427 -0.644618 -0.835218
2 0 -0.403696 -0.606785 -0.986615
2.01 0 -0.265319 -0.263252 -0.752507
2.02 0 0.0399872 0.0908748 -0.366455
2.03 0 0.330664 0.340235 0.0282498
2.04 0 0.51486 0.508426 0.381784
2.05 0 0.246608 0.307878 0.353142
2.06 0 -0.0468321 0.122257 0.322822
2.07 0 0.0561287 0.318013 0.664585
2.08 0 0.226868 0.572242 1.03995
2.09 0 -0.190121 0.216975 0.776049
2.1 0 -0.49351 -0.119075 0.52041
2.11 0 -0.155383 0.089553 0.780666
2.12 0 -0.258569 -0.158655 0.501621
2.13 0 -0.521258 -0.551775 -0.0257856
2.14 0 -0.581289 -0.751417 -0.445774
2.15 0 -0.00284074 -0.290494 -0.281669
2.16 0 0.640286 0.360902 -0.00434373
2.17 0 0.480872 0.352832 -0.403522
2.18 0 0.210493 0.231215 -0.795875
2.19 0 0.0406691 0.0487119 -1.01185
2.2 0 0.431579 0.270654 -0.590916
2.21 0 1.27478 1.0058 0.437962
2.22 0 1.75622 1.69844 1.36415
2.23 0 0.718625 1.16695 1.00765
2.24 0 -0.768023 0.0929577 0.226225
2.25 0 0.342929 1.27721 1.90388
2.26 0 -0.369333 0.398745 1.60266
2.27 0 -1.525 -1.10221 0.623361
2.28 0 -0.740944 -0.733305 1.28976
2.29 0 0.161896 0.00329708 1.88928
2.3 0 -0.485177 -0.44152 0.845436
2.31 0 -1.15533 -0.84372 -0.372008
2.32 0 -0.304036 0.0272932 -0.25002
2.33 0 0.565246 0.67238 -0.168596
2.34 0 1.41936 1.26659 0.032898
2.35 0 1.69444 1.44488 -0.0507922
2.36 0 1.29134 1.13608 -0.46848
2.37 0 0.707449 0.694536 -0.785365
2.38 0 0.814314 0.879537 -0.209974
2.39 0 0.863567 0.984914 0.474857
2.4 0 0.0500945 0.249917 0.400285
2.41 0 -0.562344 -0.312117 0.497043
2.42 0 -0.79449 -0.550177 0.822587
2.43 0 -1.36353 -1.17481 0.571289
2.44 0 -1.71943 -1.6574 0.214247
2.45 0 -1.01325 -1.10056 0.598571
2.46 0 -0.49482 -0.62549 0.5726
2.47 0 -1.16059 -1.2689 -0.799659
2.48 0 -0.449897 -0.629652 -0.932022
2.49 0 0.662294 0.341989 -0.666224
2.5 0 1.45235 1.08174 -0.525685
2.51 0 1.43385 1.16029 -0.867145
2.52 0 1.04226 0.901943 -1.2463
2.53 0 0.514983 0.385621 -1.49659
2.54 0 0.0174464 -0.287622 -1.54529
2.55 0 0.404027 -0.124672 -0.582717
2.56 0 0.801237 0.295644 0.543684
2.57 0 -0.0877673 -0.208498 0.50279
2.58 0 -1.00112 -0.612757 0.382886
2.59 0 -1.66315 -0.995159 0.250403
2.6 0 -2.07163 -1.55996 -0.0358099
2.61 0 -1.93774 -1.9585 -0.219077
2.62 0 -0.851924 -1.45553 0.215514
2.63 0 -0.504242 -1.36897 -0.235748
2.64 0 -0.636643 -1.3846 -1.20711
2.65 0 0.012259 -0.440622 -1.38121
2.66 0 0.699743 0.515435 -1.40808
2.67 0 1.05096 0.974675 -1.55704
2.68 0 1.1839 1.00331 -1.63878
2.69 0 1.18985 0.765128 -1.52129
2.7 0 1.07785 0.440812 -1.18329
2.71 0 0.775877 0.130378 -0.726037
2.72 0 0.65713 0.295738 0.15325
2.73 0 0.654252 0.856441 1.29877
2.74 0 -0.972767 -0.168542 0.792823
2.75 0 -3.62135 -2.71074 -1.11574
2.76 0 -2.50716 -2.2136 0.108474
2.77 0 -0.683338 -1.18205 1.55723
2.78 0 0.58626 -0.123308 2.29349
2.79 0 1.27214 1.2121 2.51709
2.8 0 0.507689 1.54516 1.38424
2.81 0 -0.170515 1.58835 0.287529
2.82 0 -0.329405 1.1804 -0.459195
2.83 0 0.0285346 0.379564 -0.820687
2.84 0 0.915422 -0.130841 -0.590113
2.85 0 2.39711 0.629771 0.588652
2.86 0 3.16083 1.9448 1.64562
2.87 0 1.45167 1.77946 0.785158
2.88 0 -0.962155 0.784668 -0.621801
2.89 0 -2.63801 -0.704387 -1.61469
2.9 0 -2.22295 -1.53688 -1.06476
2.91 0 0.0308291 -1.01983 0.969352
2.92 0 2.34253 0.500421 3.16182
2.93 0 3.45334 2.61462 4.62308
2.94 0 -0.0786975 1.2676 1.79568
2.95 0 -3.99835 -1.13217 -1.714
2.96 0 -2.69133 -0.278049 -0.787311
2.97 0 -0.33301 0.0995231 0.569306
2.98 0 1.57737 0.0136778 1.39537
2.99 0 2.28174 0.0258521 1.39569
3 0 2.9052 1.66705 1.91055
3.01 0 2.94025 3.85854 2.41467
3.02 0 -0.720498 2.07484 -0.548046
3.03 0 -3.75853 -0.951302 -3.27129
3.04 0 -1.6425 -0.929078 -1.48233
3.05 0 1.58418 -0.307911 1.20122
3.06 0 3.43019 0.455892 2.93423
3.07 0 0.814997 -1.03162 0.83291
3.08 0 -1.73801 -1.34596 -0.989794
3.09 0 -2.51771 -0.471659 -1.36885
3.1 0 -1.64103 0.484805 -0.670647
3.11 0 0.295851 1.2076 0.706076
3.12 0 1.06992 0.438956 0.869866
3.13 0 0.46929 -1.12209 -0.150778
3.14 0 -0.0951155 -1.73153 -0.918826
3.15 0 0.3691 -0.524398 -0.478254
3.16 0 0.634237 0.85271 -0.0909079
3.17 0 0.922733 2.08792 0.426791
3.18 0 0.887381 2.40925 0.678298
3.19 0 0.235671 1.38536 0.317405
3.2 0 -0.30126 -0.0654883 0.0197282
3.21 0 0.70401 0.0464954 1.25715
3.22 0 2.9797 2.20965 3.93857
3.23 0 1.85961 1.81719 3.3318
3.24 0 -0.196834 0.619337 1.54922
3.25 0 -1.53689 -0.033703 0.329916
3.26 0 -1.50064 0.0209219 0.215887
3.27 0 -0.656057 0.229181 0.665598
3.28 0 -0.630245 -0.682878 0.139159
3.29 0 -0.624711 -1.4721 -0.445086
3.3 0 -0.636571 -1.86767 -1.05212
3.31 0 0.366188 -0.73262 -0.58534
3.32 0 1.18818 0.647354 -0.165276
3.33 0 -0.0226321 0.0699541 -1.63503
3.34 0 -2.21034 -1.94101 -4.06219
3.35 0 -3.56309 -3.94363 -5.76943
3.36 0 -0.664625 -2.23281 -3.3036
3.37 0 2.78457 0.392984 -0.0996482
3.38 0 0.818922 -1.42425 -1.9419
3.39 0 -1.82567 -3.23097 -4.21019
3.4 0 -3.35624 -3.9592 -5.35272
3.41 0 -2.48499 -2.83221 -4.23659
3.42 0 -0.92607 -1.67927 -2.66033
3.43 0 -0.428155 -1.71282 -2.16423
3.44 0 -1.10434 -2.69319 -2.78771
3.45 0 -2.04558 -3.65447 -3.66371
3.46 0 -3.12823 -4.69273 -4.80091
3.47 0 -3.71683 -5.39126 -5.68208
3.48 0 -1.05766 -2.90705 -3.48173
3.49 0 1.78783 0.203351 -0.92052
3.5 0 1.92255 1.30283 -0.602916
3.51 0 -0.0221982 0.531513 -2.00632
3.52 0 -1.21309 -0.149174 -2.56735
3.53 0 -0.189201 0.482145 -0.9483
3.54 0 0.22111 0.0615045 0.0820753
3.55 0 0.242371 -0.691421 0.685253
3.56 0 0.320632 -0.844327 1.29716
3.57 0 -0.0644418 -0.587476 1.49283
3.58 0 -0.579292 -0.0126287 1.44147
3.59 0 -0.921812 0.515328 1.26394
3.6 0 -0.829435 0.883068 1.2159
3.61 0 -0.392766 0.886816 1.22312
3.62 0 -0.208577 0.459256 0.991693
3.63 0 -0.215229 -0.29205 0.487294
3.64 0 -0.503435 -0.719892 0.0352153
3.65 0 -0.916753 -1.11291 -0.561647
3.66 0 -1.62375 -1.80384 -1.56665
3.67 0 -2.03325 -2.34227 -2.39803
3.68 0 1.70719 1.24805 0.893678
3.69 0 5.79918 5.63003 4.78781
3.7 0 6.70498 7.51789 5.98293
3.71 0 4.25953 6.33549 4.28153
3.72 0 1.4265 4.23912 2.38563
3.73 0 -0.637744 1.82441 1.17986
3.74 0 -0.235633 0.972631 2.23383
3.75 0 1.19688 1.09615 4.17531
3.76 0 1.85856 1.30554 5.32686
3.77 0 0.383376 0.616703 4.40105
3.78 0 -2.16911 -0.586989 2.20595
3.79 0 -3.18406 -0.805866 0.990563
3.8 0 -2.92973 -0.874566 0.381889
3.81 0 -2.18411 -1.05856 0.000183108
3.82 0 -1.31396 -1.55093 -0.540205
3.83 0 -0.287792 -1.73815 -1.0156
3.84 0 0.231076 -1.82936 -1.90504
3.85 0 0.568797 -1.39723 -2.75663
3.86 0 0.881664 -0.526241 -3.3554
3.87 0 1.54264 0.740556 -3.28399
3.88 0 2.01136 1.51701 -3.03651
3.89 0 1.6615 1.04139 -3.22314
3.9 0 0.506368 -0.607397 -3.86716
3.91 0 0.608776 -1.05745 -2.97017
3.92 0 0.977154 -0.893324 -1.52132
3.93 0 1.0236 -0.37102 -0.125495
3.94 0 0.57887 0.39475 1.03401
3.95 0 0.301702 1.5908 2.40879
3.96 0 -0.0212434 2.42745 3.55958
3.97 0 -0.429907 2.46436 4.26563
3.98 0 -0.85599 1.73946 4.48723
3.99 0 -1.03406 0.716467 4.47336
4 0 -0.116242 0.761779 5.16446
4.01 0 4.82137 5.63935 9.79984
4.02 0 4.66457 6.75963 9.61151
4.03 0 1.60518 5.53546 6.69137
4.04 0 -0.0492621 4.81846 4.92451
4.05 0 1.93474 6.1819 6.37563
4.06 0 4.49781 7.20077 8.24999
4.07 0 3.27689 4.52458 6.47982
4.08 0 1.76629 2.14257 4.5558
4.09 0 1.77375 1.9463 4.18821
4.1 0 2.10902 2.64475 4.1398
4.11 0 1.44572 2.58369 3.03254
4.12 0 0.148889 1.64597 1.15452
4.13 0 -0.504892 0.606192 -0.348019
4.14 0 0.519909 0.578935 -0.305841
4.15 0 1.59588 0.350406 -0.189238
4.16 0 0.999341 -1.02904 -1.50646
4.17 0 2.67256 0.697253 -0.218699
4.18 0 3.72715 3.47845 1.50358
4.19 0 2.86517 5.4659 2.45734
4.2 0 1.47235 5.60238 2.85524
4.21 0 1.16068 3.87158 3.19706
4.22 0 2.13569 2.51823 4.40368
4.23 0 3.07873 1.84828 5.69348
4.24 0 1.04454 -0.216006 4.19063
4.25 0 -2.27005 -2.39613 1.25594
4.26 0 -5.44093 -4.1866 -1.87797
4.27 0 -8.10693 -6.41066 -5.13909
4.28 0 -8.64025 -7.96965 -7.06549
4.29 0 -7.63563 -9.10839 -8.0766
4.3 0 -5.81898 -9.59201 -8.43521
4.31 0 -4.66122 -10.1075 -9.36373
4.32 0 -6.5071 -13.0203 -13.0546
4.33 0 -4.8842 -11.6717 -13.2885
4.34 0 -2.69315 -8.78518 -12.8366
4.35 0 -1.5643 -6.26839 -13.1514
4.36 0 -0.527135 -3.79459 -13.2123
4.37 0 -1.1143 -3.62699 -14.6035
4.38 0 -0.0638672 -2.90131 -13.9045
4.39 0 3.27697 -0.720908 -10.0977
4.4 0 6.15035 1.44502 -5.60344
4.41 0 5.58927 1.61507 -3.21938
4.42 0 1.8086 0.14794 -2.88608
4.43 0 -2.36449 -1.44065 -2.59038
4.44 0 -5.73953 -3.32681 -2.0299
4.45 0 -8.30638 -6.24367 -1.90049
4.46 0 -9.55472 -9.41404 -2.00338
4.47 0 -8.07291 -10.1531 -0.631313
4.48 0 -4.54847 -7.48714 2.30324
4.49 0 -3.26296 -4.73605 2.9351
4.5 0 -4.56052 -3.08388 0.742622
4.51 0 -5.58929 -1.66857 -1.72058
4.52 0 -3.29203 0.830405 -1.63569
4.53 0 2.24422 4.59077 1.30427
4.54 0 8.83346 8.02584 4.99853
4.55 0 12.2082 7.80591 5.1973
4.56 0 9.07818 4.87174 1.10624
4.57 0 4.63718 3.24562 -2.44955
4.58 0 3.84664 5.967 -1.06439
4.59 0 3.98021 8.09424 1.60497
4.6 0 3.62435 7.82891 3.85637
4.61 0 1.28869 3.72331 4.2863
4.62 0 -1.11149 -0.857012 4.4435
4.63 0 -0.222883 -1.23399 7.46018
4.64 0 1.18111 0.96089 10.5438
4.65 0 1.62494 4.22542 12.5109
4.66 0 -0.963479 5.05688 11.0185
4.67 0 -4.48363 3.46283 7.53178
4.68 0 -4.78267 2.34626 5.92425
4.69 0 -0.734231 3.60741 7.76418
4.7 0 3.35078 4.35543 9.11031
4.71 0 2.80761 1.56759 5.75825
4.72 0 0.961609 -0.89918 1.25179
4.73 0 -0.321016 -1.69939 -2.58522
4.74 0 2.20971 1.61232 -2.42925
4.75 0 4.57776 4.48422 -1.99674
4.76 0 1.78771 1.46489 -6.13606
4.77 0 -1.04588 -2.63036 -9.76263
4.78 0 -1.70363 -5.42019 -10.8004
4.79 0 0.45816 -5.16124 -8.4695
4.8 0 1.99466 -3.92503 -5.91125
4.81 0 2.13472 -1.92993 -3.76761
4.82 0 1.68689 0.924307 -1.44764
4.83 0 1.02696 3.5433 0.970839
4.84 0 1.2049 5.70214 4.13777
4.85 0 1.67716 6.41406 7.19503
4.86 0 0.119225 3.82654 7.77696
4.87 0 -1.47713 0.721111 7.72285
4.88 0 -2.52015 -1.48475 7.50533
4.89 0 -3.94742 -3.25287 6.13478
4.9 0 -5.65271 -4.56384 3.57505
4.91 0 -6.65831 -5.2493 0.515005
4.92 0 -2.29541 -1.20293 1.68505
4.93 0 2.70618 3.25765 3.0156
4.94 0 2.72171 2.88636 -0.405942
4.95 0 2.46627 2.13984 -3.55734
4.96 0 4.47886 3.34248 -3.72197
4.97 0 5.89717 3.92023 -3.49191
4.98 0 6.16349 3.94025 -3.06944
4.99 0 5.317 3.60851 -2.41459
5 0 3.90683 3.17829 -1.27871
5.01 0 2.23892 2.4124 0.131911
5.02 0 0.805155 1.48239 1.83448
5.03 0 -0.590077 0.638513 3.58908
5.04 0 -2.55628 -0.317354 4.75376
5.05 0 -5.7211 -2.69099 4.03708
5.06 0 -8.15594 -5.48205 2.56397
5.07 0 -9.085 -7.97733 0.805706
5.08 0 -6.78642 -7.74955 0.625286
5.09 0 -3.68682 -6.34754 -0.0406049
5.1 0 -1.19435 -4.20781 -1.78737
5.11 0 1.05119 -1.07889 -3.66285
5.12 0 2.84231 1.96075 -5.32896
5.13 0 4.45207 4.46294 -6.20472
5.14 0 5.65798 5.57612 -6.32127
5.15 0 6.33266 5.26097 -5.70156
5.16 0 6.38412 4.20289 -4.20676
5.17 0 5.46271 3.04399 -2.11475
5.18 0 3.3517 1.90236 0.079852
5.19 0 0.816332 0.919786 2.31582
5.2 0 -1.45547 0.0195392 4.41881
5.21 0 -2.51235 -0.471168 6.48686
5.22 0 -2.97683 -0.297373 8.25249
5.23 0 -3.13795 0.339205 9.34188
5.24 0 -2.82024 1.43818 9.87042
5.25 0 -2.06327 2.64259 9.79247
5.26 0 -1.854 2.66911 8.20099
5.27 0 -1.70349 1.83722 5.7156
5.28 0 -1.01569 0.871815 3.24764
5.29 0 -0.14896 -0.28865 0.749838
5.3 0 0.506347 -1.38331 -1.94348
5.31 0 0.820321 -2.13949 -4.6136
5.32 0 1.20463 -2.15927 -6.54045
5.33 0 1.15288 -2.1107 -8.1631
5.34 0 0.839557 -2.25239 -9.41501
5.35 0 1.18083 -1.9255 -9.49304
5.36 0 1.75591 -1.47592 -8.78161
5.37 0 2.09665 -1.24187 -7.67683
5.38 0 2.17689 -1.03988 -6.15137
5.39 0 1.57173 -1.10776 -4.70519
5.4 0 0.115787 -1.61412 -3.65561
5.41 0 -1.50379 -2.11402 -2.57213
5.42 0 -2.79356 -2.39156 -1.20308
5.43 0 -3.98774 -2.92928 -0.0777038
5.44 0 -5.3149 -4.04631 0.369857
5.45 0 -5.86976 -4.78042 0.898039
5.46 0 -4.89101 -4.17342 2.13121
5.47 0 -3.14158 -2.89986 3.19105
5.48 0 -1.62335 -1.43903 3.37948
5.49 0 -3.00384 -2.56249 0.180274
5.5 0 -3.81794 -3.40467 -2.89922
5.51 0 -1.49104 -1.68801 -3.1501
5.52 0 0.86736 -0.213623 -3.27688
5.53 0 2.94282 1.15997 -3.19944
5.54 0 4.28827 2.26442 -3.10842
5.55 0 3.78735 1.95249 -4.04051
5.56 0 3.52757 2.05636 -3.95063
5.57 0 3.86372 2.76614 -2.55401
5.58 0 3.71933 3.12702 -0.908452
5.59 0 2.59308 2.74582 0.417952
5.6 0 0.657485 1.54118 1.30278
5.61 0 0.0392278 1.48529 3.51068
5.62 0 0.281237 2.20156 6.34469
5.63 0 -0.862212 1.61039 7.37177
5.64 0 -3.94132 -1.05803 5.75116
5.65 0 -5.57001 -2.82295 4.5351
5.66 0 -4.08012 -2.11082 5.23178
5.67 0 -2.30863 -1.24296 5.21858
5.68 0 -2.51932 -2.04661 2.56069
5.69 0 -2.75028 -2.60265 -0.554027
5.7 0 -1.27482 -1.42108 -2.15508
5.71 0 -0.505781 -1.15876 -4.392
5.72 0 0.884125 -0.601026 -5.67203
5.73 0 3.74937 1.35625 -4.89251
5.74 0 4.99524 2.01339 -4.89264
5.75 0 3.98858 0.914739 -6.19536
5.76 0 3.16576 0.36224 -6.40465
5.77 0 2.76674 0.5462 -5.31864
5.78 0 1.80475 0.441124 -4.00205
5.79 0 0.717648 0.187313 -2.26649
5.8 0 -0.772508 -0.633512 -0.743195
5.81 0 -2.57796 -2.0598 0.282952
5.82 0 -4.196 -3.5256 1.06048
5.83 0 -4.76484 -4.19327 2.10071
5.84 0 -4.10715 -3.67999 3.46079
5.85 0 -3.14849 -2.4773 4.25955
5.86 0 -2.28014 -0.775452 4.33294
5.87 0 -1.37499 1.18929 3.9998
5.88 0 -0.334171 2.85431 3.46151
5.89 0 1.23729 4.09377 3.22835
5.9 0 3.24161 4.66472 3.18874
5.91 0 5.49998 4.98109 3.38998
5.92 0 7.098 5.69452 3.73692
5.93 0 7.69846 6.92674 4.15271
5.94 0 5.36818 6.67584 2.94218
5.95 0 2.21495 5.41239 1.57154
5.96 0 2.15359 5.98071 3.49958
5.97 0 4.66294 7.81467 7.96619
5.98 0 2.48157 4.3487 7.58694
5.99 0 -0.308471 0.587777 6.40853
6 0 -0.36803 0.36846 7.4612
6.01 0 -0.555136 0.866758 7.80544
6.02 0 -0.691225 1.94141 7.58832
6.03 0 -1.06024 2.62644 6.54372
6.04 0 -2.43883 1.47693 3.87928
6.05 0 -3.16064 -0.3452 1.1755
6.06 0 -1.15721 -0.484566 0.664432
6.07 0 1.65667 0.114377 0.852432
6.08 0 3.96145 1.14567 0.920076
6.09 0 4.13962 1.50594 -0.469406
6.1 0 1.79567 0.294083 -3.69816
6.11 0 -0.449264 -0.923433 -6.39317
6.12 0 0.487994 0.197706 -5.64947
6.13 0 1.1228 0.216609 -4.96986
6.14 0 -1.53696 -3.57948 -7.36186
6.15 0 -4.32875 -7.69577 -9.75511
6.16 0 -6.90824 -11.4803 -11.937
6.17 0 -8.16565 -13.5008 -12.928
6.18 0 -8.38967 -13.8492 -13.0825
6.19 0 -9.60127 -14.8544 -14.6625
6.2 0 -10.2899 -15.6425 -16.4603
6.21 0 -10.1759 -16.0637 -18.1145
6.22 0 -10.2971 -16.9021 -20.3401
6.23 0 -10.4919 -17.5825 -22.5335
6.24 0 -7.35978 -14.4093 -20.9729
6.25 0 -2.08467 -8.53734 -16.5885
6.26 0 -0.453437 -5.98183 -15.1065
6.27 0 0.211912 -4.37758 -13.8114
6.28 0 1.64353 -2.80928 -11.4505
6.29 0 4.29389 -1.56297 -8.73041
6.3 0 4.44576 0.558889 -5.97679
6.31 0 2.87079 3.01184 -2.57912
6.32 0 1.6819 4.30668 1.75535
6.33 0 0.372201 3.95047 5.31097
6.34 0 -0.874436 3.24569 7.69024
6.35 0 -1.10342 3.40213 9.41516
6.36 0 -0.717719 3.46672 11.1087
6.37 0 -0.199953 3.53317 12.226
6.38 0 -0.0945416 3.38853 12.3771
6.39 0 -0.138582 3.35709 12.0328
6.4 0 -0.214204 3.51451 11.3208
6.41 0 0.29428 4.27215 10.8275
6.42 0 2.66661 6.78688 11.9247
6.43 0 4.32384 8.50454 12.1684
6.44 0 4.42476 8.54371 10.8132
6.45 0 4.66152 8.51625 9.56544
6.46 0 5.02152 8.31145 8.49122
6.47 0 5.23813 7.74622 7.40949
6.48 0 5.40969 7.1109 6.51164
6.49 0 1.47721 8.03038 5.86708
6.5 0 2.76642 6.33541 6.03074
6.51 0 3.35186 3.41689 5.36023
6.52 0 3.46111 1.03558 4.44777
6.53 0 3.58767 0.572813 3.98843
6.54 0 2.70916 1.1941 2.91263
6.55 0 1.41502 2.43267 1.65904
6.56 0 1.07896 4.25998 1.39798
6.57 0 1.3845 5.2666 1.68406
6.58 0 1.57926 4.45485 1.75613
6.59 0 1.9327 2.69457 1.97455
6.6 0 2.2205 0.910311 2.2559
6.61 0 2.00341 -0.289458 2.27227
6.62 0 1.56622 -0.175241 2.32124
6.63 0 0.208154 0.17222 1.59004
6.64 0 -1.34949 0.487835 0.587781
6.65 0 -2.25895 0.580488 -0.0497362
6.66 0 -2.5492 -0.101251 -0.463706
6.67 0 -2.27723 -1.39635 -0.689083
6.68 0 -1.73051 -2.79675 -0.885924
6.69 0 -0.497203 -2.93129 -0.460874
6.7 0 0.764504 -1.79655 0.103751
6.71 0 1.40384 -0.0271626 0.257494
6.72 0 1.51863 1.83567 0.0929047
6.73 0 1.35679 3.10406 -0.216025
6.74 0 1.52341 3.66933 -0.130022
6.75 0 2.21154 3.61794 0.555067
6.76 0 2.78846 2.83197 1.29902
6.77 0 2.63533 1.49783 1.57506
6.78 0 1.99829 0.495947 1.65539
6.79 0 1.73951 0.892355 2.35219
6.8 0 1.47731 2.04313 3.18082
6.81 0 1.58415 3.7463 4.385
6.82 0 1.97012 5.32022 5.76363
6.83 0 2.70823 6.51255 7.33238
6.84 0 3.73511 7.33802 9.04037
6.85 0 4.86997 8.0255 10.7747
6.86 0 5.9778 8.94734 12.4865
6.87 0 6.76557 10.1515 13.9461
6.88 0 5.9546 10.2986 13.8583
6.89 0 4.55462 9.93053 13.1132
6.9 0 3.92119 9.85728 12.9352
6.91 0 5.75243 11.6283 15.0214
6.92 0 6.78924 12.2701 16.2294
6.93 0 4.65117 9.65637 14.2879
6.94 0 2.2801 6.79116 12.1073
6.95 0 0.18967 4.07139 10.2314
6.96 0 -1.0065 3.12418 9.86156
6.97 0 -3.03384 2.98015 9.93368
6.98 0 -3.00187 -0.944837 8.31496
6.99 0 -3.18906 -4.80075 5.52387
7 0 -3.25963 -6.64045 1.0597
7.01 0 -2.28964 -3.74411 -3.2052
7.02 0 -1.24489 -0.580602 -6.15512
7.03 0 -0.467988 0.207669 -7.801
7.04 0 -0.678557 -1.69216 -10.17
7.05 0 -0.874638 -4.60098 -11.9685
7.06 0 -1.01575 -7.44987 -13.3162
7.07 0 -2.03978 -10.1649 -15.0058
7.08 0 -3.66027 -12.0415 -16.7539
7.09 0 -5.51531 -12.9222 -18.3285
7.1 0 -7.41248 -13.3379 -19.7595
7.11 0 -9.07854 -13.9124 -21.0358
7.12 0 -10.2918 -15.0536 -22.1352
7.13 0 -11.0116 -16.845 -23.0956
7.14 0 -9.84692 -17.4243 -22.4457
7.15 0 -6.15537 -15.1786 -19.2833
7.16 0 -2.86553 -12.0295 -16.2016
7.17 0 -2.04329 -9.57577 -14.9724
7.18 0 -3.19051 -8.10921 -15.0726
7.19 0 -3.8212 -6.39208 -14.2468
7.2 0 -3.17438 -4.60535 -11.9348
7.21 0 -2.53237 -4.15188 -9.52115
7.22 0 -2.74781 -5.32341 -7.90966
7.23 0 -3.08741 -6.53305 -6.42635
7.24 0 -3.55852 -7.09271 -5.15131
7.25 0 -4.65029 -7.30491 -4.68376
7.26 0 -5.72938 -6.93117 -4.54703
7.27 0 -5.45725 -5.28858 -3.53809
7.28 0 -4.27574 -3.31914 -2.15006
7.29 0 -3.67622 -2.71641 -1.83713
7.3 0 -2.54577 -2.2555 -1.39423
7.31 0 0.333713 -0.246542 0.592256
7.32 0 3.31522 2.31466 2.76408
7.33 0 5.71552 5.17429 4.67548
7.34 0 6.8002 7.58203 5.71649
7.35 0 5.06784 7.45561 4.30499
7.36 0 3.68751 7.10415 3.41665
7.37 0 4.4802 7.96652 4.8449
7.38 0 5.61798 8.36272 6.69487
7.39 0 4.53923 6.20968 6.58992
7.4 0 1.91283 2.65234 5.0832
7.41 0 0.559026 0.886934 4.91843
7.42 0 -0.220549 0.52301 5.52126
7.43 0 -1.51383 -0.124342 5.58665
7.44 0 -3.40457 -1.24795 4.72123
7.45 0 -5.03708 -2.34382 3.45906
7.46 0 -5.51728 -2.81016 2.70098
7.47 0 -5.12837 -3.26663 1.86134
7.48 0 -3.076 -3.84226 0.734149
7.49 0 -0.730591 -3.74343 -0.82694
7.5 0 0.710455 -1.70776 -2.11568
7.51 0 1.1365 0.916208 -3.44251
7.52 0 2.24951 3.54513 -3.76128
7.53 0 3.99484 5.3013 -3.03888
7.54 0 6.10677 6.14735 -1.26521
7.55 0 8.10226 6.37911 1.20299
7.56 0 7.73904 5.15578 2.26468
7.57 0 5.64932 3.56758 2.58295
7.58 0 5.05662 4.88149 5.04552
7.59 0 4.68881 7.12623 8.0091
7.6 0 1.91682 6.67204 8.24859
7.61 0 -1.19767 4.86462 7.70143
7.62 0 -3.2579 2.5915 7.36226
7.63 0 -4.64502 -0.453624 6.77885
7.64 0 -4.43374 -2.47634 6.91132
7.65 0 -3.31606 -3.10923 7.24634
7.66 0 -2.84905 -3.03148 6.28333
7.67 0 -3.3852 -2.65256 3.71576
7.68 0 -3.8873 -1.92938 0.596702
7.69 0 -3.83715 -1.53474 -2.52803
7.7 0 -1.82858 -0.656458 -4.08223
7.71 0 1.53293 0.46242 -4.32539
7.72 0 3.65326 0.124067 -5.35999
7.73 0 5.02766 -0.194279 -6.27504
7.74 0 7.0184 1.52309 -5.42878
7.75 0 7.89909 3.64476 -4.36728
7.76 0 7.84708 5.78062 -2.9438
7.77 0 7.5183 7.73838 -0.676234
7.78 0 6.91558 8.78329 2.17668
7.79 0 5.34844 8.00267 4.56972
7.8 0 3.55234 6.34332 6.86671
7.81 0 1.89384 4.65159 9.14323
7.82 0 0.200421 3.40159 10.7836
7.83 0 -2.47879 1.43699 10.8257
7.84 0 -5.90101 -1.36219 9.34494
7.85 0 -8.72615 -4.07185 7.4723
7.86 0 -8.61438 -4.54688 7.09236
7.87 0 -6.55845 -3.47542 7.23441
7.88 0 -4.2192 -2.12074 6.50359
7.89 0 -2.20478 -0.907528 4.62868
7.9 0 0.150779 0.816358 2.72977
7.91 0 2.78832 3.02901 1.03044
7.92 0 5.16569 4.93577 -0.682118
7.93 0 6.98304 6.18092 -2.63794
7.94 0 8.49058 6.79683 -3.85115
7.95 0 9.68183 6.91198 -4.04641
7.96 0 9.88421 6.39329 -3.6747
7.97 0 8.56504 5.07953 -3.27956
7.98 0 6.15596 3.65846 -2.50024
7.99 0 0.967037 2.71145 -1.44493
8 0 -2.47486 0.978621 0.512869
8.01 0 -2.49726 -0.555547 4.00691
8.02 0 -3.21182 -2.58632 6.19362
8.03 0 -4.94939 -4.76382 6.48709
8.04 0 -6.40467 -5.40039 6.07013
8.05 0 -6.63048 -3.98202 5.74877
8.06 0 -6.19403 -2.03301 4.86316
8.07 0 -5.02266 -0.454402 3.53854
8.08 0 -3.69393 -0.12475 1.64678
8.09 0 -2.41414 -1.1456 -0.805481
8.1 0 -0.27955 -1.99556 -2.40922
8.11 0 1.7722 -2.26605 -3.61776
8.12 0 2.74251 -2.44322 -4.94288
8.13 0 3.01075 -1.86391 -6.09717
8.14 0 3.08921 -0.310661 -6.67705
8.15 0 2.75604 1.18051 -7.06484
8.16 0 2.04552 1.73582 -7.39123
8.17 0 1.00005 0.829262 -7.79371
8.18 0 1.62947 0.382455 -6.21619
8.19 0 2.53169 -0.234364 -3.92973
8.2 0 2.72469 -0.853648 -1.78421
8.21 0 1.43027 -1.56037 -0.615747
8.22 0 -0.688364 -1.81276 0.00606684
8.23 0 -2.82811 -1.6074 0.527045
8.24 0 -5.08298 -2.07752 0.472781
8.25 0 -7.33632 -3.90429 -0.370951
8.26 0 -7.51903 -5.14642 -0.110486
8.27 0 -5.7801 -5.27967 1.1671
8.28 0 -4.10601 -5.19413 1.71235
8.29 0 -4.24967 -5.90558 0.0302367
8.3 0 -5.34911 -6.63943 -2.87613
8.31 0 -6.49214 -7.23901 -6.04705
8.32 0 -7.03141 -7.93345 -8.90224
8.33 0 -4.76472 -6.80808 -9.16247
8.34 0 -2.05583 -5.7083 -8.99491
8.35 0 -0.174796 -5.10516 -9.42199
8.36 0 1.83196 -3.50984 -9.25648
8.37 0 3.44981 -1.30131 -8.85726
8.38 0 4.26896 0.880341 -8.49746
8.39 0 2.96604 0.952624 -9.47119
8.4 0 1.47432 -0.0739683 -9.87383
8.41 0 0.225562 -1.91249 -9.4589
8.42 0 -1.05271 -4.35263 -8.64579
8.43 0 -0.763055 -4.88602 -5.96156
8.44 0 -0.464292 -4.24639 -3.05288
8.45 0 -1.90162 -3.9999 -1.82768
8.46 0 -3.20128 -2.85787 -0.622111
8.47 0 -3.8359 -1.3299 0.830914
8.48 0 -3.97737 -0.357821 2.13055
8.49 0 -3.89361 -0.47531 2.92285
8.5 0 -3.56341 -1.37141 3.27732
8.51 0 -2.30781 -1.67652 4.02312
8.52 0 -0.636907 -1.02757 4.88055
8.53 0 -0.646053 -0.967948 3.97981
8.54 0 -2.56265 -2.14181 1.02108
8.55 0 -4.32075 -3.30692 -2.21455
8.56 0 -5.01125 -4.23842 -4.83592
8.57 0 -2.96717 -4.59476 -5.94789
8.58 0 0.75142 -4.98981 -6.864
8.59 0 1.31727 -4.07893 -8.37609
8.6 0 1.63991 -1.70572 -8.93292
8.61 0 2.66071 1.43096 -7.94367
8.62 0 3.69318 3.71629 -6.00499
8.63 0 4.95158 5.0294 -3.38226
8.64 0 6.36324 5.67586 0.224613
8.65 0 7.14493 5.549 4.143
8.66 0 7.33387 5.91212 7.67998
8.67 0 6.69064 7.51617 10.7023
8.68 0 5.44845 9.65424 12.764
8.69 0 2.28998 10.051 12.5066
8.7 0 -0.237105 9.21061 12.2988
8.71 0 -1.30867 7.38189 12.6635
8.72 0 -1.51476 4.49671 12.936
8.73 0 -0.681635 2.20871 13.5769
8.74 0 0.63414 1.36642 14.4096
8.75 0 0.697158 1.25346 13.8608
8.76 0 -1.47364 0.981955 10.5426
8.77 0 -3.51649 1.34545 6.66239
8.78 0 -3.39649 2.61757 4.09888
8.79 0 -1.17279 3.79075 2.91383
8.8 0 2.02074 4.08527 2.31793
8.81 0 4.8325 3.45328 1.4785
8.82 0 6.16639 2.23535 -0.196256
8.83 0 6.31559 1.59879 -2.1141
8.84 0 5.53494 1.75763 -3.94472
8.85 0 3.91975 1.97107 -5.72721
8.86 0 2.0029 1.6172 -7.18644
8.87 0 0.736568 0.730672 -7.57396
8.88 0 2.03204 1.11161 -4.97941
8.89 0 2.00093 -0.282182 -3.26515
8.9 0 1.15365 -1.91665 -1.92335
8.91 0 0.852927 -1.73737 0.307538
8.92 0 0.0566966 -0.728439 2.21235
8.93 0 -0.939596 0.789731 3.821
8.94 0 -1.69977 2.27975 5.2798
8.95 0 -1.97646 3.17801 6.60752
8.96 0 -1.94052 3.02652 7.5186
8.97 0 -1.19402 2.55762 8.42153
8.98 0 -0.200396 2.09884 8.9689
8.99 0 0.387316 1.78017 8.6503
9 0 0.834706 2.19924 7.86036
9.01 0 1.59909 3.60555 7.16139
9.02 0 2.35155 5.12737 6.32055
9.03 0 2.83944 5.93724 5.18471
9.04 0 2.97803 5.58955 3.75945
9.05 0 3.37539 4.75962 2.75543
9.06 0 4.53766 4.47563 2.82561
9.07 0 5.40065 4.38921 3.06261
9.08 0 4.54597 3.41922 2.07729
9.09 0 3.0023 2.51777 0.897254
9.1 0 1.08446 1.80944 -0.236088
9.11 0 -1.88141 1.30354 -0.887726
9.12 0 -2.84477 0.558318 -0.345505
9.13 0 -2.6373 -2.3008 -0.441583
9.14 0 -2.18613 -5.25975 -0.85472
9.15 0 -2.23958 -6.9252 -1.82116
9.16 0 -3.46855 -7.29726 -4.00669
9.17 0 -4.45794 -6.29039 -6.07926
9.18 0 -3.73667 -3.63114 -6.54252
9.19 0 -2.36754 -1.43737 -6.26208
9.2 0 -0.879456 -0.774207 -5.8668
9.21 0 0.78909 -0.93585 -5.14068
9.22 0 2.14303 -1.35996 -4.33203
9.23 0 1.85316 -2.45423 -4.62039
9.24 0 0.220317 -3.63939 -5.69406
9.25 0 -1.69629 -4.23394 -6.67723
9.26 0 -2.45741 -3.56534 -6.37878
9.27 0 -1.9054 -2.12434 -4.7729
9.28 0 -3.12659 -3.25231 -5.01121
9.29 0 -4.37648 -5.15778 -5.45152
9.3 0 -5.20464 -7.03962 -5.72172
9.31 0 -4.85093 -7.57151 -5.07098
9.32 0 -3.02421 -5.89479 -3.13329
9.33 0 -2.03659 -4.06215 -2.12665
9.34 0 -2.71398 -3.29631 -2.87807
9.35 0 -2.75653 -2.10259 -3.1692
9.36 0 -1.76615 -0.715775 -2.6346
9.37 0 -0.393621 0.115797 -1.84954
9.38 0 1.27411 0.726931 -0.735938
9.39 0 2.17663 0.7198 -0.174661
9.4 0 0.846306 -0.931805 -1.55237
9.41 0 -1.02846 -2.56915 -3.24373
9.42 0 -2.87267 -3.99416 -4.83855
9.43 0 -4.03068 -4.96448 -5.83708
9.44 0 -4.20419 -5.36771 -6.02878
9.45 0 -4.2394 -5.94671 -6.2666
9.46 0 -4.19907 -6.54842 -6.58655
9.47 0 -3.26585 -6.03394 -6.09453
9.48 0 -1.23632 -3.91224 -4.46289
9.49 0 0.423489 -1.56802 -3.02685
9.5 0 0.100133 -0.965078 -3.41258
9.51 0 -0.530144 -0.874432 -3.94888
9.52 0 -0.737751 -0.95797 -3.93508
9.53 0 -0.450648 -1.10053 -3.29872
9.54 0 0.679663 -1.26066 -2.2211
9.55 0 1.48374 -1.81935 -1.82809
9.56 0 1.39645 -1.63803 -1.69822
9.57 0 0.427039 -0.430301 -1.50898
9.58 0 -0.797538 1.29121 -0.868164
9.59 0 -0.923173 2.75749 0.684922
9.6 0 0.0456699 3.26209 2.77456
9.61 0 1.58055 3.28421 5.03476
9.62 0 2.99432 3.38557 7.14192
9.63 0 2.37864 2.52738 7.24504
9.64 0 0.954372 2.01878 6.43397
9.65 0 -0.354564 2.09832 5.48999
9.66 0 0.588263 4.1412 6.44484
9.67 0 2.37264 6.35397 7.94869
9.68 0 3.08748 6.81854 8.18138
9.69 0 2.68607 5.60503 7.1701
9.7 0 2.25662 4.12097 6.05857
9.71 0 2.47231 3.42732 5.58784
9.72 0 2.97493 3.5272 5.46463
9.73 0 2.93359 3.68701 4.89833
9.74 0 3.18603 4.53998 4.74293
9.75 0 3.65012 5.64927 4.91847
9.76 0 4.01826 6.38878 5.12592
9.77 0 4.23465 6.54315 5.32434
9.78 0 3.7998 5.67737 5.02434
9.79 0 3.35713 4.65366 4.86413
9.8 0 2.5382 3.37706 4.45113
9.81 0 2.12763 2.83883 4.5279
9.82 0 3.88782 4.96063 6.85548
9.83 0 4.72329 6.6591 8.37408
9.84 0 2.25289 5.25543 6.63935
9.85 0 -0.00432284 3.58077 4.94552
9.86 0 -0.761926 2.48492 4.39805
9.87 0 0.195353 2.36712 5.1716
9.88 0 1.15987 2.24752 5.74731
9.89 0 -0.432405 0.00732028 3.59475
9.9 0 -2.90185 -2.69081 0.320896
9.91 0 -2.00578 -1.86224 0.125767
9.92 0 -0.489788 -0.327253 0.43724
9.93 0 0.129089 0.847375 0.271031
9.94 0 -0.611341 0.638881 -1.20905
9.95 0 -1.94128 -1.12277 -3.40271
9.96 0 -1.29514 -2.32195 -4.10994
9.97 0 0.0778894 -3.22023 -4.2526
9.98 0 1.2731 -3.6337 -4.4796
9.99 0 1.59392 -3.04719 -4.87588
10 0 1.15179 -1.69621 -5.288
10.01 0 0.296045 -0.521437 -5.62315
10.02 0 -1.04391 -0.574356 -6.21564
10.03 0 -1.86115 -1.56511 -6.30636
10.04 0 -2.06929 -3.13291 -5.76417
10.05 0 -2.2049 -4.96845 -5.1043
10.06 0 -2.86838 -6.69044 -4.90115
10.07 0 -3.81721 -7.50184 -4.95462
10.08 0 -2.66345 -5.02681 -2.94496
10.09 0 -1.91672 -2.27295 -1.44329
10.1 0 -3.81512 -2.39601 -2.81515
10.11 0 -3.8821 -1.82912 -2.74635
10.12 0 -1.21298 0.168644 -0.320536
10.13 0 -0.22109 -0.209732 0.228175
10.14 0 -0.0192605 -1.27554 -0.0430551
10.15 0 1.77813 0.0261339 1.39319
10.16 0 2.01973 0.829862 1.49267
10.17 0 0.848495 0.919849 0.374431
10.18 0 -0.178848 1.0621 -0.537834
10.19 0 -0.60595 1.02727 -0.912774
10.2 0 0.288724 1.37946 -0.051661
10.21 0 1.52615 1.57154 1.16033
10.22 0 2.02933 1.21739 1.77106
10.23 0 1.33842 0.337038 1.37314
10.24 0 0.361505 -0.12881 0.821842
10.25 0 -0.840839 -0.477475 0.0545221
10.26 0 -3.30053 -2.34624 -2.13864
10.27 0 -4.67125 -3.90688 -3.58778
10.28 0 -3.78073 -3.99062 -3.16292
10.29 0 -2.71867 -4.16606 -2.84025
10.3 0 -2.73007 -5.07243 -3.7214
10.31 0 -3.20655 -5.82371 -5.12008
10.32 0 -3.93247 -6.34477 -6.81062
10.33 0 -4.89261 -7.03918 -8.80863
10.34 0 -4.18856 -6.37056 -9.21765
10.35 0 -0.968063 -3.48239 -7.05511
10.36 0 1.51335 -1.27151 -5.33103
10.37 0 0.101475 -2.68923 -7.03275
10.38 0 -1.61509 -4.31642 -8.62532
10.39 0 -0.710789 -3.37624 -7.24666
10.4 0 0.530742 -2.01408 -5.1846
10.41 0 1.13074 -1.03639 -3.43532
10.42 0 0.52405 -0.897809 -2.54011
10.43 0 -0.960756 -1.48778 -2.28299
10.44 0 -2.68192 -2.41045 -2.1282
10.45 0 -4.06544 -3.3616 -1.89014
10.46 0 -2.76926 -2.49275 0.184866
10.47 0 0.17635 -0.947147 2.73021
10.48 0 1.30506 -0.149716 3.3474
10.49 0 0.620403 0.911545 2.82362
10.5 0 -0.69861 2.45593 2.25654
10.51 0 -1.12185 3.31127 2.02615
10.52 0 -1.35211 2.33142 1.52888
10.53 0 0.373504 1.90825 2.63779
10.54 0 2.94249 2.33314 4.6055
10.55 0 4.72563 3.12633 5.99896
10.56 0 4.12931 3.22571 5.37434
10.57 0 2.64518 3.60605 4.12945
10.58 0 1.39985 4.2542 3.18137
10.59 0 0.400173 4.103 2.32387
10.6 0 -0.486397 2.5496 1.30146
10.61 0 -0.925506 0.241857 0.44257
10.62 0 -1.32235 -2.38308 -0.542675
10.63 0 -1.45578 -4.16376 -1.3013
10.64 0 0.890168 -2.15792 0.541843
10.65 0 2.48281 0.640289 1.89802
10.66 0 0.188255 0.481582 -0.428763
10.67 0 -0.938242 1.13017 -1.58337
10.68 0 0.334907 2.87755 -0.457478
10.69 0 1.77591 3.43436 0.777025
10.7 0 2.29863 2.36849 1.1687
10.71 0 2.48203 1.18338 1.41023
10.72 0 2.23556 0.485766 1.47212
10.73 0 1.34907 0.219667 1.12852
10.74 0 1.47271 1.68185 1.94051
10.75 0 1.94706 3.65572 3.16435
10.76 0 2.47083 5.30932 4.41578
10.77 0 3.33434 6.6217 5.92336
10.78 0 4.61371 7.76417 7.836
10.79 0 5.9142 8.70919 9.85438
10.8 0 5.12629 7.70605 9.93817
10.81 0 2.65223 5.24559 8.43322
10.82 0 0.147385 2.80639 6.82407
10.83 0 -0.607992 1.98155 6.71219
10.84 0 0.857339 3.32586 8.47843
10.85 0 0.79866 3.37926 8.35144
10.86 0 -0.469317 2.334 6.63855
10.87 0 -1.48316 1.31643 4.73941
10.88 0 -1.70732 0.587849 3.17828
10.89 0 0.631532 2.02249 3.85251
10.9 0 2.37104 2.85016 3.82571
10.91 0 1.89603 1.77097 1.71032
10.92 0 1.08542 0.630109 -0.541573
10.93 0 0.375002 -0.341108 -2.48157
10.94 0 1.83369 0.8327 -2.0002
10.95 0 3.56765 2.41029 -0.874348
10.96 0 2.50669 1.41627 -2.10619
10.97 0 0.829199 -0.136655 -3.58968
10.98 0 -0.306796 -1.29795 -4.28678
10.99 0 1.9074 0.74433 -1.42779
11 0 3.46311 2.42367 1.07272
11.01 0 1.66513 1.22033 0.530698
11.02 0 -0.199614 0.278486 0.155715
11.03 0 -1.27812 -0.0901208 0.498063
11.04 0 -0.807219 0.662289 2.17574
11.05 0 -0.094612 1.50476 3.95476
11.06 0 -1.04139 1.88694 4.79677
11.07 0 -3.49126 0.208342 3.8965
11.08 0 -4.76723 -2.17585 2.91597
11.09 0 -3.12495 -2.86257 3.57863
11.1 0 -0.151716 -1.9474 4.76425
11.11 0 0.217201 -1.97626 3.05961
11.12 0 -1.51108 -2.57396 -0.732111
11.13 0 -2.84425 -2.18637 -4.43404
11.14 0 -1.62588 -0.278811 -5.73935
11.15 0 0.304212 0.909665 -6.11084
11.16 0 2.45472 1.0165 -5.74445
11.17 0 4.55623 0.720949 -4.78174
11.18 0 5.48315 0.27086 -4.14859
11.19 0 5.37169 0.519067 -3.54872
11.2 0 4.34266 1.41621 -2.96356
11.21 0 2.1243 1.74299 -2.9142
11.22 0 -0.997727 0.568035 -3.47203
11.23 0 -3.63105 -1.59929 -3.63458
11.24 0 -4.47537 -3.36488 -2.37257
11.25 0 -3.51833 -4.00509 0.240239
11.26 0 -3.06754 -4.64203 1.96156
11.27 0 -4.90924 -6.32244 0.961149
11.28 0 -7.24158 -7.48962 -1.12775
11.29 0 -9.08053 -8.1027 -3.51789
11.3 0 -7.36554 -5.93669 -3.16223
11.31 0 -4.14782 -3.25052 -1.87867
11.32 0 -2.34398 -2.67623 -2.29033
11.33 0 -2.61982 -4.47896 -4.83255
11.34 0 -1.00432 -4.3114 -5.29305
11.35 0 1.33315 -2.61525 -4.73954
11.36 0 2.70048 -0.827339 -4.6801
11.37 0 2.82249 0.499042 -5.34224
11.38 0 0.198479 -0.928855 -8.35165
11.39 0 -1.99007 -2.81102 -10.7487
11.4 0 -0.88296 -2.70156 -9.6103
11.41 0 1.04942 -2.4221 -7.25287
11.42 0 2.1966 -2.41077 -5.10074
11.43 0 2.09498 -2.26754 -3.5504
11.44 0 0.0492456 -2.65886 -3.42854
11.45 0 -2.28638 -2.70477 -3.40352
11.46 0 -3.68479 -2.2229 -2.6132
11.47 0 -2.31412 -0.00329517 0.544523
11.48 0 -0.201262 2.03979 4.02862
11.49 0 0.546394 2.34617 5.82094
11.5 0 -2.19651 -0.815993 3.79755
11.51 0 -4.97678 -3.98367 1.27988
11.52 0 -5.20318 -4.61527 0.761587
11.53 0 -3.01513 -2.71184 2.11236
11.54 0 -0.542274 -0.152807 3.34006
11.55 0 1.25316 2.13722 3.69733
11.56 0 -0.811434 0.546299 0.0803256
11.57 0 -3.43675 -2.37612 -4.28888
11.58 0 -4.71994 -5.22168 -7.63499
11.59 0 -0.919771 -3.74813 -6.03875
11.6 0 3.57889 -1.00032 -3.38701
11.61 0 5.60281 0.907557 -2.41269
11.62 0 5.38413 1.24753 -3.47495
11.63 0 4.27039 2.00749 -4.43014
11.64 0 5.14313 5.24598 -2.4841
11.65 0 2.49018 4.33556 -3.26772
11.66 0 0.0446824 1.95748 -3.54382
11.67 0 0.756911 1.54265 -0.326305
11.68 0 1.50168 0.882895 3.13239
11.69 0 -0.234964 -1.48864 4.31481
11.7 0 -3.52634 -3.9647 3.68737
11.71 0 -6.77594 -5.50881 2.4245
11.72 0 -6.88918 -3.60153 3.45018
11.73 0 -4.74337 -0.36568 5.54547
11.74 0 -4.15172 -0.0549703 5.00178
11.75 0 -4.43528 -1.68728 2.69841
11.76 0 -4.37919 -3.60982 0.0298122
11.77 0 -3.68507 -4.92423 -2.44057
11.78 0 -0.0286205 -2.74282 -2.12357
11.79 0 3.74345 0.65107 -1.41671
11.8 0 6.40515 4.07598 -1.12732
11.81 0 6.98605 5.99938 -1.99245
11.82 0 5.91637 5.86403 -3.57766
11.83 0 7.43254 7.48498 -1.67928
11.84 0 9.83444 9.43559 2.05683
11.85 0 11.3435 10.7466 5.91111
11.86 0 8.98222 9.10164 6.77456
11.87 0 5.66726 7.43041 7.07097
11.88 0 2.54432 6.12994 7.48804
11.89 0 -0.150408 5.08931 7.83898
11.9 0 -1.31136 4.38086 9.2015
11.91 0 -2.19003 2.80491 10.1921
11.92 0 -3.26725 0.400562 10.2984
11.93 0 -4.22038 -1.83772 9.8797
11.94 0 -4.97711 -3.3459 8.92409
11.95 0 -4.69934 -2.76906 8.02568
11.96 0 -4.67231 -1.88992 5.95698
11.97 0 -4.91348 -1.56453 2.74661
11.98 0 -4.07029 -1.27036 -0.109346
11.99 0 -0.50923 0.510757 -0.659135
12 0 2.98735 1.65014 -1.18584
12.01 0 4.15548 0.799478 -3.49117
12.02 0 4.71557 0.239832 -5.61979
12.03 0 4.44841 0.0177231 -7.73591
12.04 0 3.96793 0.329372 -9.16984
12.05 0 4.70956 1.93761 -8.42438
12.06 0 4.5851 2.33616 -7.5943
12.07 0 3.41988 1.21598 -6.87189
12.08 0 2.23779 -0.159537 -5.40001
12.09 0 1.2032 -1.16787 -3.22871
12.1 0 0.785416 -0.826761 -0.137445
12.11 0 0.0682594 -0.0245753 2.71947
12.12 0 -0.706591 1.23538 5.33613
12.13 0 -1.33221 2.58696 7.6579
12.14 0 -2.58819 2.65558 8.66276
12.15 0 -3.45181 2.13708 9.2464
12.16 0 -3.47321 1.40259 9.70339
12.17 0 -3.21043 0.370859 9.4597
12.18 0 -1.74221 0.670065 9.552
12.19 0 1.30691 3.24383 10.6222
12.2 0 2.62445 4.92689 9.65939
12.21 0 1.05753 3.93646 5.58646
12.22 0 -0.475465 2.29418 1.39163
12.23 0 -0.79516 0.826884 -1.86158
12.24 0 3.21142 2.80888 -0.747014
12.25 0 7.62508 5.19596 0.920419
12.26 0 8.54444 5.17017 0.025934
12.27 0 6.51369 4.20978 -2.10923
12.28 0 2.80036 3.25263 -3.97569
12.29 0 0.643219 2.55501 -3.89602
12.3 0 1.25849 1.39077 -2.04145
12.31 0 0.823499 -1.49678 -1.24715
12.32 0 -0.911305 -4.33564 -1.49327
12.33 0 -0.056017 -2.97632 0.93789
12.34 0 0.165841 -0.657756 2.73807
12.35 0 -2.28576 -0.309315 1.718
12.36 0 -4.26437 -0.251663 0.701244
12.37 0 -5.1384 -0.877916 0.143375
12.38 0 -4.54634 -1.89503 0.290329
12.39 0 -2.16907 -1.97777 1.64595
12.4 0 0.290279 -1.45837 2.82548
12.41 0 1.27201 -0.963905 2.61048
12.42 0 -0.359441 -1.66904 0.140243
12.43 0 -2.45506 -2.36373 -2.70434
12.44 0 -2.64452 -1.77198 -3.69739
12.45 0 -0.461369 0.0459344 -2.32017
12.46 0 1.85127 1.46925 -0.810527
12.47 0 0.717605 -0.596742 -2.57099
12.48 0 -1.39129 -3.45743 -5.13557
12.49 0 -0.0819293 -2.54525 -4.06692
12.5 0 0.955715 -1.38695 -3.03774
12.51 0 -0.211387 -1.93422 -3.98014
12.52 0 -0.664358 -1.61452 -4.06933
12.53 0 -0.379171 -0.762049 -3.36655
12.54 0 -1.14643 -1.39191 -3.70832
12.55 0 -1.9537 -2.52298 -4.15199
12.56 0 -2.45229 -3.67865 -4.37473
12.57 0 -2.93864 -4.88034 -4.6614
12.58 0 -3.40293 -5.83533 -4.98431
12.59 0 -3.95856 -6.50243 -5.4599
12.6 0 -4.71985 -7.04541 -6.24261
12.61 0 -5.37177 -7.36957 -7.0877
12.62 0 -4.80678 -6.56726 -6.93267
12.63 0 -3.71035 -5.42272 -6.43982
12.64 0 -3.50817 -5.3649 -6.97978
12.65 0 -3.28021 -5.45047 -7.57494
12.66 0 -3.0848 -5.6648 -8.2157
12.67 0 -2.89207 -5.90357 -8.79744
12.68 0 -1.57868 -4.93123 -8.06905
12.69 0 0.0236833 -3.34065 -6.73991
12.7 0 -0.767668 -3.76253 -7.427
12.71 0 -2.92891 -5.46994 -9.19891
12.72 0 -4.42132 -6.82825 -10.192
12.73 0 -2.29087 -4.91349 -7.52396
12.74 0 0.222077 -2.51453 -4.33954
12.75 0 1.08452 -1.21813 -2.57012
12.76 0 -0.570993 -1.93301 -3.13012
12.77 0 -2.8212 -3.18664 -4.26881
12.78 0 -3.44159 -3.27217 -3.97459
12.79 0 -0.750903 -0.603084 -0.636199
12.8 0 -0.01672 -0.0699551 0.573369
12.81 0 -1.88653 -1.96151 -0.95444
12.82 0 -2.99198 -3.17613 -2.01836
12.83 0 -2.41614 -2.76247 -1.52903
12.84 0 -1.07099 -1.50561 -0.383497
12.85 0 1.82224 -0.833279 0.736365
12.86 0 4.08968 1.22249 1.73161
12.87 0 2.70667 3.25952 1.40554
12.88 0 1.12616 4.96758 1.37258
12.89 0 0.401726 5.38562 2.09963
12.9 0 0.656333 4.35671 3.52577
12.91 0 1.40372 2.59154 4.93785
12.92 0 2.30733 1.55491 6.26799
12.93 0 3.05304 1.97962 7.44915
12.94 0 2.30213 2.5464 7.17359
12.95 0 0.113285 2.47394 5.25583
12.96 0 -1.68652 2.36032 3.43539
12.97 0 -2.89657 1.41888 1.70799
12.98 0 -3.17723 -0.292462 0.348359
12.99 0 -2.12666 -1.79222 -0.116459
13 0 -0.191932 -2.4043 0.15903
13.01 0 1.11323 -2.46991 -0.0218672
13.02 0 1.65102 -1.63571 -0.616372
13.03 0 0.848491 -0.810119 -2.22196
13.04 0 -0.443913 -0.265333 -4.11346
13.05 0 -1.0664 -0.0255302 -5.33063
13.06 0 2.10378 2.71598 -2.73425
13.07 0 4.93134 4.56282 -0.384599
13.08 0 4.78338 3.51842 -0.651493
13.09 0 4.16865 2.48405 -0.921644
13.1 0 3.43469 1.98803 -0.900339
13.11 0 4.29603 3.68149 1.05593
13.12 0 4.31369 4.88842 2.5191
13.13 0 2.29961 4.02688 2.16091
13.14 0 0.528185 2.90244 2.02738
13.15 0 -0.852148 1.38064 2.10783
13.16 0 -0.969553 0.51226 3.21716
13.17 0 -0.170908 0.498527 5.05902
13.18 0 0.486843 0.877075 6.68389
13.19 0 0.669918 1.62873 7.81156
13.2 0 0.508814 2.74652 8.5311
13.21 0 0.769378 4.02509 9.49835
13.22 0 1.61505 6.33956 10.8376
13.23 0 2.8182 8.46629 12.2624
13.24 0 4.46461 10.3252 13.887
13.25 0 5.78627 11.3016 15.0382
13.26 0 5.62781 10.5191 14.5062
13.27 0 5.3118 9.57463 13.6768
13.28 0 5.25939 9.07106 13.0009
13.29 0 5.02776 8.64829 12.0787
13.3 0 4.2812 7.86989 10.5863
13.31 0 2.8226 6.28729 8.30423
13.32 0 2.54127 5.57158 7.10235
13.33 0 3.49455 5.83746 7.10624
13.34 0 4.41575 6.113 7.18971
13.35 0 5.04713 6.43339 7.23323
13.36 0 5.37298 6.90023 7.30403
13.37 0 5.28554 7.30823 7.31171
13.38 0 5.03643 7.66899 7.46594
13.39 0 4.96398 8.08335 8.03992
13.4 0 4.94761 8.31083 8.85512
13.41 0 2.18023 5.45655 6.99915
13.42 0 -1.74959 0.933258 3.8611
13.43 0 -2.565 -0.963658 3.5565
13.44 0 -1.57211 -1.08253 4.79376
13.45 0 -0.963945 -1.06394 5.4832
13.46 0 -2.16317 -1.95628 4.34267
13.47 0 -4.66064 -3.90162 1.62659
13.48 0 -5.68062 -4.09753 0.194871
13.49 0 -6.75157 -2.77057 -0.372783
13.5 0 -5.53582 -2.92086 -0.945891
13.51 0 -3.09615 -4.49055 -3.20421
13.52 0 -1.17999 -5.51114 -7.25547
13.53 0 -0.246234 -6.0431 -11.3351
13.54 0 0.524793 -5.94188 -13.8068
13.55 0 2.30999 -4.39559 -13.6011
13.56 0 3.64916 -2.32278 -12.9808
13.57 0 3.13851 -1.54927 -13.3192
13.58 0 1.69267 -1.73302 -13.8298
13.59 0 0.612384 -2.06455 -13.445
13.6 0 2.33154 -0.410369 -9.84599
13.61 0 2.1967 -1.17228 -7.49366
13.62 0 0.203696 -3.51657 -6.44307
13.63 0 -0.298844 -3.57009 -3.4545
13.64 0 -0.726818 -2.49392 -0.178517
13.65 0 -3.48434 -3.00893 0.682336
13.66 0 -6.19387 -3.60932 1.08384
13.67 0 -7.91053 -4.2021 1.58379
13.68 0 -8.90007 -5.42268 1.66858
13.69 0 -8.61176 -6.43103 1.85011
13.7 0 -7.59638 -6.98723 1.80954
13.71 0 -6.28932 -6.78857 1.39413
13.72 0 -4.69069 -5.57652 0.781616
13.73 0 -3.11308 -3.90821 -0.0543781
13.74 0 -1.60852 -2.24307 -0.882632
13.75 0 -0.0526646 -0.612347 -1.54783
13.76 0 1.46779 0.8736 -2.09941
13.77 0 2.9975 2.26662 -2.41917
13.78 0 4.42127 3.49138 -2.50913
13.79 0 4.86142 3.70732 -3.15652
13.8 0 4.58877 3.19482 -4.04503
13.81 0 4.20685 2.56084 -4.56866
13.82 0 3.55987 1.68608 -4.89888
13.83 0 2.69484 0.660878 -5.01236
13.84 0 1.63231 -0.595671 -4.8314
13.85 0 0.372248 -1.85447 -4.42496
13.86 0 -1.62557 -3.58123 -4.47782
13.87 0 -4.21103 -5.71677 -5.0902
13.88 0 -6.65756 -7.78814 -5.81219
13.89 0 -8.06787 -9.094 -5.98913
13.9 0 -8.68117 -9.9093 -6.0023
13.91 0 -9.36406 -10.9983 -6.78072
13.92 0 -9.59196 -11.6953 -7.81198
13.93 0 -8.76329 -11.313 -8.43944
13.94 0 -7.69023 -10.6131 -9.34198
13.95 0 -6.57034 -9.82738 -10.5429
13.96 0 -5.25184 -8.90163 -11.6905
13.97 0 -3.91294 -8.0815 -12.7488
13.98 0 -2.65671 -7.42553 -13.6215
13.99 0 -1.65041 -6.96603 -14.3095
14 0 -0.915673 -6.66054 -14.6461
14.01 0 -0.504913 -6.43738 -14.5941
14.02 0 -0.0999399 -5.89966 -13.811
14.03 0 0.0168796 -5.28863 -12.6417
14.04 0 -0.142946 -4.63891 -11.2274
14.05 0 -0.509682 -3.99563 -9.71258
14.06 0 -1.75921 -4.22234 -9.03275
14.07 0 -3.13405 -4.79498 -8.67951
14.08 0 -3.84901 -5.09975 -7.98121
14.09 0 -2.98536 -4.23513 -6.04793
14.1 0 -1.93598 -3.25838 -4.0124
14.11 0 -1.66353 -2.95861 -2.83016
14.12 0 -1.58649 -2.82736 -1.77204
14.13 0 1.48539 -2.18899 0.273539
14.14 0 2.53384 1.02614 4.20563
14.15 0 2.18879 4.7141 8.04856
14.16 0 0.950607 6.58519 9.96788
14.17 0 -0.36118 7.36594 10.5989
14.18 0 -0.133237 7.97776 11.2298
14.19 0 1.46878 7.82222 12.5344
14.2 0 3.24123 6.99501 13.5092
14.21 0 3.9958 5.58657 13.1797
14.22 0 4.22699 5.04144 12.4314
14.23 0 4.90694 6.48312 12.3652
14.24 0 5.26412 8.6511 12.1709
14.25 0 5.28123 10.629 11.6996
14.26 0 5.83207 12.3735 11.7088
14.27 0 7.0403 13.5298 12.296
14.28 0 8.4504 13.8192 13.1105
14.29 0 7.89757 11.6642 12.1408
14.3 0 6.94063 9.27447 11.0423
14.31 0 5.54451 7.07212 9.81814
14.32 0 2.80329 4.2536 7.48753
14.33 0 1.35993 3.21388 6.53584
14.34 0 0.748777 3.13776 6.35476
14.35 0 -0.933231 1.77918 4.91672
14.36 0 -2.221 0.337454 3.44718
14.37 0 -3.13545 -1.31894 1.84958
14.38 0 -3.80428 -3.17376 -0.00623932
14.39 0 -2.67842 -3.30669 -0.467527
14.4 0 0.305663 -1.11499 0.757435
14.41 0 1.58122 0.183787 0.366459
14.42 0 1.57617 0.831146 -1.06937
14.43 0 1.73008 1.69656 -2.07841
14.44 0 2.81516 3.06455 -1.86184
14.45 0 4.13273 4.12783 -1.03587
14.46 0 4.78044 4.22327 -0.396591
14.47 0 4.52363 3.46464 -0.0981696
14.48 0 4.47221 3.3221 0.973173
14.49 0 4.30362 3.68586 2.43936
14.5 0 3.54956 4.04339 3.70723
14.51 0 1.9491 3.78339 4.30594
14.52 0 0.339321 3.25251 4.81056
14.53 0 -0.231232 3.16804 6.04807
14.54 0 -0.159745 3.15317 7.5082
14.55 0 0.182654 3.13064 8.79847
14.56 0 0.626826 3.33291 9.76735
14.57 0 1.08148 3.9652 10.325
14.58 0 1.42072 4.85725 10.3732
14.59 0 1.86974 5.94011 10.1671
14.6 0 2.76176 7.18473 10.1062
14.61 0 3.87556 8.16806 10.0935
14.62 0 4.49565 8.1989 9.57377
14.63 0 4.49638 7.35033 8.55327
14.64 0 4.40814 6.41365 7.67066
14.65 0 4.57997 5.96242 7.34513
14.66 0 4.64226 5.87292 7.27314
14.67 0 3.58194 5.01595 6.29578
14.68 0 2.06206 3.77616 5.11089
14.69 0 0.801188 2.87826 4.20009
14.7 0 -0.753304 3.10113 4.28994
14.71 0 -2.78183 1.99825 3.94091
14.72 0 -2.13773 -1.29704 3.22627
14.73 0 -1.12025 -3.58301 1.43858
14.74 0 -0.973826 -4.48039 -1.50998
14.75 0 -1.63503 -4.19478 -4.96327
14.76 0 -1.8022 -3.10789 -7.07504
14.77 0 -1.44512 -2.37557 -7.87662
14.78 0 -1.38339 -2.86724 -8.50214
14.79 0 -1.07643 -3.7096 -8.78276
14.8 0 -0.346608 -4.1234 -8.31513
14.81 0 0.40227 -3.9542 -7.37766
14.82 0 0.636804 -3.50453 -6.50269
14.83 0 0.505479 -2.53397 -5.60468
14.84 0 0.0383932 -1.4469 -4.76582
14.85 0 -1.47413 -1.57239 -4.86699
14.86 0 -3.16565 -2.64657 -5.27051
14.87 0 -4.39944 -4.29686 -5.49513
14.88 0 -5.10358 -6.22322 -5.5148
14.89 0 -3.90893 -6.39138 -3.87518
14.9 0 -2.88686 -6.08321 -2.48469
14.91 0 -4.21268 -7.08676 -3.44593
14.92 0 -6.17768 -8.00808 -5.17311
14.93 0 -8.00677 -8.8118 -7.11019
14.94 0 -9.42355 -9.95341 -9.18278
14.95 0 -8.23789 -9.52943 -9.2574
14.96 0 -5.54437 -8.26108 -8.26383
14.97 0 -2.93712 -6.97831 -7.50063
14.98 0 -2.34694 -7.01242 -8.64743
14.99 0 -3.20132 -7.71442 -11.0486
15 0 -1.9517 -5.87339 -11.1638
15.01 0 -1.0855 -4.36424 -11.4746
15.02 0 -2.00192 -5.0014 -13.399
15.03 0 -1.23036 -4.55848 -13.4625
15.04 0 -0.190422 -4.41443 -12.7884
15.05 0 -0.318002 -5.60062 -12.6312
15.06 0 -0.963159 -6.87151 -12.3151
15.07 0 -1.88103 -7.60673 -11.6793
15.08 0 -1.35519 -5.99898 -9.14727
15.09 0 -1.04053 -3.90306 -6.53938
15.1 0 -2.65484 -3.57713 -5.81509
15.11 0 -4.60912 -4.16334 -5.70406
15.12 0 -5.87538 -5.12905 -5.45112
15.13 0 -5.6926 -5.66806 -4.40125
15.14 0 -4.52904 -5.69614 -2.93304
15.15 0 -4.2498 -6.38668 -2.73282
15.16 0 -4.28846 -6.73612 -3.0894
15.17 0 -4.47747 -6.55871 -3.79705
15.18 0 -4.75164 -6.12484 -4.81704
15.19 0 -3.83565 -4.58292 -4.90223
15.2 0 -2.1843 -2.6964 -4.44978
15.21 0 -0.226041 -0.890647 -3.79868
15.22 0 1.72313 0.644275 -3.09741
15.23 0 2.42105 0.911674 -3.51108
15.24 0 3.52575 1.95602 -3.09307
15.25 0 7.12573 3.87723 -1.18911
15.26 0 10.2998 6.26871 0.82112
15.27 0 8.8115 8.84307 1.66366
15.28 0 4.30947 8.56508 0.69768
15.29 0 0.441827 6.13147 1.71735
15.3 0 -0.375653 3.21385 5.91687
15.31 0 0.0682179 1.03977 9.87575
15.32 0 -0.372597 0.0821626 11.7495
15.33 0 -2.27126 -0.667744 11.3942
15.34 0 -3.94288 -0.160155 10.7918
15.35 0 -3.7983 1.94581 11.2567
15.36 0 -3.47733 3.21396 10.9655
15.37 0 -2.54406 3.69937 10.3987
15.38 0 -0.574941 4.0549 10.194
15.39 0 1.28077 3.95937 9.36274
15.4 0 2.19428 3.3178 7.34159
15.41 0 2.76988 3.06217 4.9301
15.42 0 3.50246 3.60981 2.82916
15.43 0 4.47975 4.72732 1.28585
15.44 0 5.3218 5.63851 0.0743073
15.45 0 6.08647 6.15209 -0.621498
15.46 0 6.97722 6.48776 -0.475673
15.47 0 7.66985 6.56881 0.256622
15.48 0 7.97368 6.57322 1.3441
15.49 0 7.81019 6.79761 2.68829
15.5 0 6.45202 6.61586 3.43436
15.51 0 3.60841 5.37503 2.99441
15.52 0 0.944284 4.00404 2.6852
15.53 0 -0.533144 2.89379 3.29981
15.54 0 -1.56921 1.23127 3.99257
15.55 0 -2.39092 -0.770335 4.51716
15.56 0 -2.46605 -1.93371 5.47274
15.57 0 -1.16216 -0.960771 7.59043
15.58 0 -0.666444 0.294612 8.75899
15.59 0 -1.68977 0.878506 8.17735
15.6 0 -1.84374 2.5361 7.8701
15.61 0 -1.25844 4.12115 7.59363
15.62 0 -0.0375631 5.02531 7.28259
15.63 0 1.81445 5.37287 7.13184
15.64 0 2.98258 4.53349 6.10695
15.65 0 3.89589 3.73778 4.92715
15.66 0 4.41659 3.42702 3.68296
15.67 0 4.18172 3.33183 2.13942
15.68 0 3.31387 3.18434 0.418851
15.69 0 2.3275 2.86593 -1.05481
15.7 0 1.38801 2.02476 -2.23005
15.71 0 0.692721 0.700573 -2.98591
15.72 0 1.35413 0.308793 -2.20098
15.73 0 2.29167 0.39705 -0.862199
15.74 0 1.74277 -0.274396 -0.669297
15.75 0 0.737927 -0.589686 -0.640616
15.76 0 0.580028 0.457573 0.404401
15.77 0 0.764577 1.9277 1.83715
15.78 0 0.203126 2.30947 2.45391
15.79 0 -1.03616 1.34394 2.19703
15.8 0 -1.90566 0.0132202 2.01489
15.81 0 -2.45805 -1.48921 1.81291
15.82 0 -2.94509 -2.96884 1.35805
15.83 0 -2.96768 -3.63188 1.09415
15.84 0 -3.02183 -3.75617 0.573773
15.85 0 -2.71873 -3.03114 0.219274
15.86 0 -2.08311 -1.79177 0.0248659
15.87 0 -1.37036 -0.668324 -0.274706
15.88 0 -0.610134 0.0586795 -0.690628
15.89 0 0.506354 0.731046 -0.812487
15.9 0 2.1169 1.77097 -0.404767
15.91 0 3.6419 2.81265 0.17212
15.92 0 4.5272 3.54181 0.504124
15.93 0 4.1396 3.4019 0.0146609
15.94 0 3.39616 3.16323 -0.416842
15.95 0 2.66665 2.9493 -0.50992
15.96 0 1.92008 2.42858 -0.434029
15.97 0 1.18124 1.58195 -0.21373
15.98 0 0.244146 0.268507 -0.114016
15.99 0 -1.63755 -0.650458 0.112903
16 0 -2.89711 -1.06377 1.09649
16.01 0 -3.10723 -1.78225 2.158
16.02 0 -2.37906 -2.64322 2.92184
16.03 0 -1.48707 -2.90579 3.27607
16.04 0 -1.00541 -2.50469 3.05484
16.05 0 -1.02308 -1.10611 2.03976
16.06 0 -1.09968 0.557269 0.729893
16.07 0 -1.01451 1.86854 -0.893034
16.08 0 -0.440806 2.05034 -2.27066
16.09 0 1.08031 1.68692 -2.69241
16.1 0 3.28692 1.44913 -1.87378
16.11 0 5.00781 1.35266 -0.964744
16.12 0 4.94788 1.00809 -1.05774
16.13 0 3.85728 1.1689 -1.38895
16.14 0 2.23904 1.63801 -1.68204
16.15 0 0.565426 1.85917 -1.76698
16.16 0 -0.303137 1.97655 -1.01867
16.17 0 -0.477744 1.48666 0.339859
16.18 0 -0.327435 0.500529 1.88981
16.19 0 0.0420355 -0.20325 3.5347
16.2 0 0.00632553 -0.439292 4.6677
16.21 0 -1.69741 -1.27907 3.95357
16.22 0 -4.02917 -2.28085 2.25793
16.23 0 -5.09492 -2.47921 1.32193
16.24 0 -5.37308 -2.87814 0.542777
16.25 0 -5.0529 -3.76195 -0.184395
16.26 0 -4.29642 -4.82678 -0.841031
16.27 0 -3.48231 -5.51245 -1.62436
16.28 0 -2.72802 -5.47569 -2.55133
16.29 0 -2.08636 -4.67438 -3.55805
16.3 0 -1.02213 -2.96195 -3.96301
16.31 0 0.0707254 -0.985629 -4.21752
16.32 0 1.20111 0.810115 -4.31019
16.33 0 2.53204 2.28347 -4.03702
16.34 0 2.56534 1.88574 -4.83968
16.35 0 2.45802 0.920096 -5.5084
16.36 0 2.39327 -0.111445 -5.79468
16.37 0 1.71204 -1.49361 -6.30253
16.38 0 -0.194712 -3.68028 -7.63728
16.39 0 -2.49759 -5.97979 -9.04293
16.4 0 -4.53116 -7.83924 -9.97452
16.41 0 -5.25768 -8.37542 -9.57311
16.42 0 -6.32024 -9.27758 -9.61382
16.43 0 -7.57349 -10.4332 -10.0764
16.44 0 -8.46654 -11.351 -10.5252
16.45 0 -7.86798 -10.8828 -9.87833
16.46 0 -5.09053 -8.12353 -7.36505
16.47 0 -2.8506 -5.52372 -5.52617
16.48 0 -2.12788 -4.07032 -5.20954
16.49 0 -1.42393 -2.58045 -4.87058
16.5 0 -0.56281 -1.2256 -4.30847
16.51 0 0.365711 -0.248999 -3.56966
16.52 0 1.38539 0.484645 -2.56187
16.53 0 1.52904 0.280227 -2.195
16.54 0 0.714237 -0.71977 -2.55766
16.55 0 -0.232103 -1.62166 -2.8982
16.56 0 -1.27811 -2.45189 -3.28986
16.57 0 -2.50996 -3.4418 -3.9222
16.58 0 -3.49843 -4.34724 -4.49174
16.59 0 -2.72381 -3.69078 -3.52665
16.6 0 -1.52184 -2.62498 -2.30395
16.61 0 -0.55675 -1.55015 -1.39124
16.62 0 0.437468 -0.169487 -0.426949
16.63 0 1.3028 1.3318 0.526757
16.64 0 2.17281 2.94804 1.58478
16.65 0 2.48967 3.81678 2.16069
16.66 0 1.83539 3.27415 1.78067
16.67 0 1.19914 2.35456 1.46593
16.68 0 0.580942 1.35478 1.40482
16.69 0 0.808152 0.0898606 1.35825
16.7 0 1.89842 -0.536689 2.0361
16.71 0 1.71117 -0.0934877 2.49753
16.72 0 -0.0924129 0.507068 2.21664
16.73 0 -2.532 0.909248 1.62827
16.74 0 -3.81287 0.897701 1.60203
16.75 0 -2.65642 1.30072 3.23122
16.76 0 -0.574666 1.12402 5.03038
16.77 0 0.512896 0.252769 5.48353
16.78 0 1.18805 0.178052 5.39066
16.79 0 1.80058 1.4862 5.25649
16.8 0 2.11287 3.47489 4.86762
16.81 0 2.27838 5.31778 4.2941
16.82 0 1.78592 5.42062 2.99439
16.83 0 1.41125 4.23909 1.73279
16.84 0 1.66335 2.58324 1.0416
16.85 0 1.82129 0.623697 0.350843
16.86 0 1.51586 -1.08839 -0.57426
16.87 0 0.689375 -2.13194 -1.73851
16.88 0 0.620272 -1.35962 -1.87109
16.89 0 0.225329 -0.386005 -2.13263
16.9 0 -0.839022 -0.277007 -2.99451
16.91 0 -1.34283 -0.420581 -3.35657
16.92 0 -0.534531 -0.0417331 -2.60792
16.93 0 0.588585 0.0946303 -1.60177
16.94 0 1.62981 0.191951 -0.563178
16.95 0 2.14407 0.331436 0.157238
16.96 0 1.65839 0.272776 0.138207
16.97 0 0.855935 0.505162 0.00703467
16.98 0 1.04801 1.86832 0.963857
16.99 0 1.76938 3.52508 2.44497
17 0 2.59553 4.8862 3.97942
17.01 0 2.92315 5.26858 5.00158
17.02 0 2.61389 4.6858 5.39474
17.03 0 2.77799 4.49388 6.29122
17.04 0 3.26524 4.84374 7.57913
17.05 0 3.48799 5.37791 8.69228
17.06 0 3.42818 6.06043 9.60427
17.07 0 3.30086 6.89232 10.4634
17.08 0 3.22581 7.667 11.3033
17.09 0 3.36919 8.30247 12.2215
17.1 0 3.75781 8.75421 13.2089
17.11 0 3.81258 8.5216 13.6089
17.12 0 3.01619 7.39485 12.827
17.13 0 2.26612 6.32936 11.739
17.14 0 1.68146 5.44402 10.4457
17.15 0 1.71523 5.13741 9.42985
17.16 0 2.02379 5.05047 8.42703
17.17 0 2.04394 4.60017 6.98746
17.18 0 1.75195 3.73401 5.1948
17.19 0 1.39561 2.67993 3.38945
17.2 0 1.07991 1.58089 1.74345
17.21 0 1.33175 1.08668 0.84461
17.22 0 1.91951 1.16996 0.547342
17.23 0 2.14241 1.28311 0.214815
17.24 0 2.35525 1.74294 0.206913
17.25 0 3.02954 2.8486 0.893345
17.26 0 3.05449 3.48649 1.1684
17.27 0 1.77634 2.70086 0.321565
17.28 0 0.688017 1.50013 -0.215797
17.29 0 0.549311 1.02217 0.352387
17.3 0 0.640085 0.558092 1.06283
17.31 0 -1.08471 -0.00118043 1.16409
17.32 0 -3.47951 -1.09836 1.08702
17.33 0 -3.4045 -3.02732 0.98297
17.34 0 -2.81408 -4.49219 0.152127
17.35 0 -2.4456 -5.08099 -1.11283
17.36 0 -2.23094 -4.08713 -2.95232
17.37 0 -2.22395 -2.84626 -4.84593
17.38 0 -2.31533 -2.11528 -6.47075
17.39 0 -2.01626 -2.50051 -7.52535
17.4 0 -1.43114 -3.47606 -8.04129
17.41 0 -0.560611 -4.49978 -7.78982
17.42 0 0.503332 -4.5174 -6.99044
17.43 0 0.918144 -3.93454 -6.34651
17.44 0 0.64979 -2.83126 -5.91072
17.45 0 0.0686054 -1.45887 -5.43712
17.46 0 -0.458919 -0.256547 -4.75874
17.47 0 -0.649574 0.381575 -3.76279
17.48 0 -0.536308 0.195696 -2.51681
17.49 0 -0.331076 -0.652882 -1.18753
17.5 0 -0.980908 -2.33803 -0.69684
17.51 0 -2.56837 -4.34584 -1.18011
17.52 0 -4.45764 -5.90006 -2.13616
17.53 0 -6.22082 -6.88423 -3.31272
17.54 0 -6.72672 -6.6961 -3.72245
17.55 0 -6.72958 -6.56247 -4.14993
17.56 0 -6.2093 -6.64261 -4.5064
17.57 0 -4.5902 -6.05199 -4.11721
17.58 0 -2.90072 -5.27308 -3.84392
17.59 0 -1.48269 -4.2826 -3.7908
17.6 0 -0.224433 -2.73224 -3.7557
17.61 0 0.661813 -1.01601 -3.89223
17.62 0 0.311632 -0.4762 -5.08584
17.63 0 -0.342246 -0.747825 -6.49216
17.64 0 -0.521088 -1.36925 -7.38699
17.65 0 -0.568936 -2.5748 -8.08603
17.66 0 -0.695677 -4.23804 -8.5455
17.67 0 -0.993481 -5.72581 -8.75553
17.68 0 -0.0274185 -5.00118 -7.21617
17.69 0 0.509749 -3.48897 -5.60568
17.7 0 0.389341 -1.72445 -4.2262
17.71 0 0.0118475 -0.0294195 -2.8498
17.72 0 -0.755244 0.673245 -1.8262
17.73 0 -1.05024 0.804221 -0.480991
17.74 0 -0.854301 0.502703 1.10993
17.75 0 -0.868527 -0.377694 2.23344
17.76 0 -1.47229 -1.60528 2.5235
17.77 0 -2.26389 -2.44043 2.36778
17.78 0 -3.16475 -2.85024 1.78884
17.79 0 -3.89153 -2.90425 0.985
17.8 0 -3.84159 -2.43145 0.493525
17.81 0 -3.34242 -2.0272 -0.0208227
17.82 0 -2.5083 -1.82198 -0.602551
17.83 0 -1.46111 -1.74147 -1.22974
17.84 0 -0.349472 -1.57951 -1.86824
17.85 0 1.30375 -0.516287 -1.84232
17.86 0 2.86346 0.997942 -1.60137
17.87 0 4.00107 2.58917 -1.3373
17.88 0 4.3247 3.62983 -1.34005
17.89 0 3.61915 3.5003 -1.85847
17.9 0 2.92019 2.95973 -1.93707
17.91 0 2.18373 2.00601 -1.72824
17.92 0 1.23761 0.607687 -1.55161
17.93 0 0.181631 -0.787159 -1.39666
17.94 0 -1.0959 -2.0705 -1.46083
17.95 0 -2.41212 -3.07671 -1.66981
17.96 0 -2.37239 -2.51733 -0.637694
17.97 0 -2.14807 -1.67691 0.469621
17.98 0 -2.46229 -1.5394 0.754888
17.99 0 -2.83109 -1.72212 0.653729
18 0 -2.19131 -2.0303 0.918022
18.01 0 -0.714071 -1.8769 1.28521
18.02 0 0.371933 -1.43126 1.09058
18.03 0 0.091553 -0.624586 0.135397
18.04 0 -1.11114 0.442321 -0.992161
18.05 0 -1.84967 0.957322 -1.78694
18.06 0 -1.50345 0.835135 -1.79398
18.07 0 -0.326447 0.0616233 -1.11129
18.08 0 0.684721 -1.24657 -0.492405
18.09 0 1.11544 -2.1178 -0.216172
18.1 0 0.819114 -2.1317 -0.396926
18.11 0 -0.0276847 -1.45478 -0.992007
18.12 0 -1.05674 -0.59718 -1.80009
18.13 0 -1.7081 0.00909153 -2.31653
18.14 0 -1.65405 0.0278556 -2.31922
18.15 0 -0.885825 -0.517136 -1.80992
18.16 0 0.387339 -0.903499 -0.856122
18.17 0 1.48774 -0.877293 -0.117168
18.18 0 1.94851 -0.329243 0.247221
18.19 0 2.00746 0.870015 0.505868
18.2 0 1.956 2.45293 0.885117
18.21 0 1.89081 3.96065 1.24751
18.22 0 1.58323 4.35166 1.32739
18.23 0 1.53395 3.89248 1.57056
18.24 0 1.90923 2.99197 2.11786
18.25 0 2.22304 1.94412 2.67106
18.26 0 2.2533 1.22254 3.11874
18.27 0 1.873 1.11605 3.3405
18.28 0 1.13886 1.48968 3.34923
18.29 0 0.255062 1.97938 3.2257
18.3 0 -0.438079 2.28202 3.13068
18.31 0 -0.549959 2.38616 3.35557
18.32 0 0.360572 2.74265 4.34189
18.33 0 1.51903 2.99473 5.42486
18.34 0 2.55175 3.34424 6.37833
18.35 0 3.33787 4.08704 7.20681
18.36 0 3.63617 5.06857 7.71743
18.37 0 3.49135 6.05557 7.91233
18.38 0 3.33211 6.98745 8.1228
18.39 0 3.41621 7.68061 8.51658
18.4 0 3.77004 7.95296 9.08564
18.41 0 4.03708 7.55623 9.45295
18.42 0 4.25714 6.92412 9.7407
18.43 0 4.35936 6.50164 9.89868
18.44 0 4.0265 6.216 9.63621
18.45 0 3.31413 6.02762 8.96893
18.46 0 2.57782 5.91443 8.17943
18.47 0 2.05319 5.69251 7.42932
18.48 0 1.78372 5.16459 6.73432
18.49 0 1.43214 4.03208 5.77736
18.5 0 1.15594 2.72145 4.77326
18.51 0 0.874467 1.50673 3.7152
18.52 0 0.34675 0.406136 2.42747
18.53 0 -0.0722716 -0.184069 1.29114
18.54 0 0.282608 0.284407 0.994443
18.55 0 0.666181 0.910738 0.823039
18.56 0 0.939359 1.39384 0.666129
18.57 0 1.34507 1.85074 0.771257
18.58 0 1.73676 2.08026 0.989521
18.59 0 2.15742 2.2665 1.33887
18.6 0 2.42981 2.50147 1.69931
18.61 0 2.27769 2.41275 1.826
18.62 0 1.41225 1.76124 1.49508
18.63 0 0.434335 1.09699 1.18763
18.64 0 -0.404414 0.37518 0.916937
18.65 0 -2.82163 -0.0683645 0.56018
18.66 0 -4.26174 -1.47664 0.506327
18.67 0 -3.47486 -3.60868 0.339095
18.68 0 -2.37063 -5.2578 -0.503402
18.69 0 -1.6062 -5.52884 -1.80976
18.7 0 -1.54531 -4.40844 -3.91663
18.71 0 -1.85985 -2.86706 -6.10969
18.72 0 -2.01521 -1.82536 -7.6672
18.73 0 -1.57571 -1.80091 -8.44398
18.74 0 -0.483003 -2.34951 -8.29486
18.75 0 0.952347 -2.99614 -7.28708
18.76 0 1.89399 -3.25589 -6.30287
18.77 0 2.07627 -2.7926 -5.46663
18.78 0 1.51339 -1.74345 -4.81131
18.79 0 -0.179729 -1.23846 -4.9254
18.8 0 -2.07517 -1.35954 -5.17593
18.81 0 -3.34402 -2.14046 -4.92643
18.82 0 -3.62695 -3.25745 -3.94716
18.83 0 -3.13659 -4.27147 -2.45097
18.84 0 -3.10565 -5.42043 -1.61197
18.85 0 -3.56913 -6.04758 -1.43766
18.86 0 -4.3283 -5.88839 -1.78609
18.87 0 -5.20719 -5.3352 -2.58624
18.88 0 -5.7897 -4.84799 -3.52382
18.89 0 -5.65552 -4.6836 -4.21498
18.9 0 -4.73977 -4.83637 -4.54192
18.91 0 -3.50314 -5.22746 -4.78631
18.92 0 -2.29599 -5.48597 -5.13593
18.93 0 -1.15638 -5.05697 -5.42346
18.94 0 -0.355047 -3.9858 -5.80013
18.95 0 0.0449672 -2.59267 -6.29533
18.96 0 0.319379 -1.21535 -6.64446
18.97 0 0.671254 -0.126001 -6.71791
18.98 0 1.20853 0.443701 -6.35665
18.99 0 1.93253 0.411021 -5.3818
19 0 2.57868 0.105062 -3.9864
19.01 0 2.60877 -0.323434 -2.657
19.02 0 1.74975 -0.722723 -1.71946
19.03 0 0.515487 -0.657531 -0.82906
19.04 0 -0.709986 -0.21822 0.146343
19.05 0 -1.80493 0.101654 1.09357
19.06 0 -2.47737 0.116922 2.07357
19.07 0 -2.57179 -0.117164 3.12742
19.08 0 -2.28506 -0.498324 4.04421
19.09 0 -2.33372 -1.28374 4.15197
19.1 0 -2.66031 -2.05545 3.55605
19.11 0 -2.96892 -2.40362 2.56692
19.12 0 -3.25819 -2.46249 1.1504
19.13 0 -3.35086 -2.45321 -0.517305
19.14 0 -3.12327 -2.58502 -2.25566
19.15 0 -2.37952 -2.76354 -3.74101
19.16 0 -1.12875 -2.79173 -4.78538
19.17 0 0.427262 -2.45561 -5.35434
19.18 0 1.89203 -1.69408 -5.58962
19.19 0 2.91245 -0.631135 -5.64931
19.2 0 3.40998 0.615949 -5.51
19.21 0 3.12837 1.27119 -5.48702
19.22 0 2.13187 0.945415 -5.58109
19.23 0 1.13846 0.106137 -5.22705
19.24 0 0.280298 -1.03438 -4.47656
19.25 0 -0.194299 -1.84937 -3.2376
19.26 0 -0.766471 -2.3889 -2.09173
19.27 0 -1.76787 -2.67105 -1.25185
19.28 0 -2.78626 -2.93722 -0.721173
19.29 0 -3.26661 -3.35242 -0.247456
19.3 0 -3.36795 -3.49619 0.121453
19.31 0 -2.85034 -3.07501 0.846252
19.32 0 -2.53382 -1.82871 1.44778
19.33 0 -2.77854 -0.4513 1.75386
19.34 0 -2.44217 0.67001 2.08823
19.35 0 -1.235 1.26742 2.75571
19.36 0 0.392493 1.67924 3.52503
19.37 0 1.99819 2.12486 4.12304
19.38 0 3.2052 2.7674 4.31834
19.39 0 3.75051 3.65836 4.08931
19.4 0 3.95092 4.82393 3.78561
19.41 0 3.9135 5.7658 3.49523
19.42 0 3.89686 6.14585 3.43346
19.43 0 4.0893 6.08602 3.75803
19.44 0 4.33515 5.73726 4.30631
19.45 0 4.01634 4.76291 4.45153
19.46 0 3.3776 3.8244 4.44696
19.47 0 2.53889 3.15822 4.42826
19.48 0 1.7705 3.03794 4.51428
19.49 0 1.06962 3.11614 4.61363
19.5 0 0.409786 2.963 4.62793
19.51 0 -0.0507784 2.5337 4.631
19.52 0 -0.27059 1.89144 4.63155
19.53 0 -0.326117 1.1796 4.57033
19.54 0 -0.260931 0.653671 4.44451
19.55 0 0.0175344 0.70383 4.31784
19.56 0 -0.219944 0.654152 3.47367
19.57 0 -0.544403 0.676062 2.33822
19.58 0 -0.368232 1.00333 1.50444
19.59 0 0.292256 1.40558 1.00814
19.6 0 1.16774 1.65175 0.690785
19.61 0 1.923 1.6463 0.356413
19.62 0 2.26701 1.3885 -0.158294
19.63 0 2.3425 1.21182 -0.627676
19.64 0 2.6672 1.67777 -0.492174
19.65 0 2.77066 2.2258 -0.213888
19.66 0 2.66647 2.68048 0.19244
19.67 0 2.56525 3.05039 0.88678
19.68 0 2.40194 3.17249 1.74213
19.69 0 1.89994 2.79093 2.41034
19.7 0 1.35342 2.29878 3.10018
19.71 0 0.810164 1.86246 3.76761
19.72 0 0.217745 1.50136 4.26846
19.73 0 -0.189 1.43918 4.74775
19.74 0 -0.382325 1.62926 5.15304
19.75 0 -0.43553 1.89133 5.36069
19.76 0 -0.282833 2.13352 5.40804
19.77 0 0.111448 2.38308 5.35116
19.78 0 0.659154 2.61769 5.16792
19.79 0 1.01647 2.56443 4.60457
19.8 0 1.23884 2.37102 3.77566
19.81 0 1.42219 2.26649 2.86636
19.82 0 1.521 2.16192 1.92249
19.83 0 1.59015 1.99706 1.04805
19.84 0 1.6306 1.75884 0.283466
19.85 0 1.60745 1.36951 -0.346514
19.86 0 1.24576 0.859912 -0.953723
19.87 0 0.236262 0.700568 -1.21189
19.88 0 -0.489104 0.490587 -1.0173
19.89 0 -0.298386 -0.206566 -0.530058
19.9 0 0.715682 -1.10298 -0.00145943
19.91 0 0.922958 -1.74716 -0.0835021
19.92 0 0.380088 -1.66882 -0.672727
19.93 0 -0.540676 -1.04675 -1.48458
19.94 0 -1.39723 -0.530806 -2.24071
19.95 0 -1.9183 -0.491305 -2.66686
19.96 0 -1.90785 -1.08102 -2.71832
19.97 0 -1.50939 -2.07072 -2.49342
19.98 0 -1.07649 -3.05884 -2.27408
19.99 0 -0.99715 -3.71125 -2.32534
20 0 -1.30493 -3.70555 -2.62999
20.01 0 -1.43456 -2.72223 -2.64001
20.02 0 -1.59996 -1.63736 -2.63032
20.03 0 -2.20219 -1.49818 -3.15636
20.04 0 -2.51015 -1.99639 -3.52099
20.05 0 -2.39268 -2.81197 -3.6504
20.06 0 -2.03275 -3.67864 -3.64251
20.07 0 -1.73609 -4.32232 -3.69573
20.08 0 -1.73617 -4.58317 -3.96085
20.09 0 -2.03947 -4.43441 -4.43406
20.1 0 -2.51979 -4.07186 -5.04556
20.11 0 -2.91977 -3.74103 -5.62933
20.12 0 -2.84317 -3.44551 -5.85492
20.13 0 -2.37693 -3.37551 -5.80746
20.14 0 -1.7455 -3.53232 -5.63923
20.15 0 -1.07225 -3.63331 -5.36219
20.16 0 -0.474678 -3.41497 -4.94785
20.17 0 -0.167185 -2.86928 -4.54222
20.18 0 -0.240521 -2.18626 -4.23871
20.19 0 -0.855845 -1.88667 -4.27072
20.2 0 -1.47488 -1.86811 -4.2083
20.21 0 -1.97331 -2.26692 -4.02829
20.22 0 -2.31515 -3.01044 -3.75781
20.23 0 -2.50665 -3.81169 -3.42886
20.24 0 -2.69608 -4.44518 -3.19526
20.25 0 -2.78694 -4.5576 -2.96847
20.26 0 -2.9924 -4.34619 -2.98395
20.27 0 -3.2102 -3.93764 -3.18387
20.28 0 -3.28094 -3.52424 -3.45426
20.29 0 -3.0722 -3.25 -3.67882
20.3 0 -2.59599 -3.17453 -3.84683
20.31 0 -2.00666 -3.22382 -4.02009
20.32 0 -1.44423 -3.27932 -4.23616
20.33 0 -0.92253 -3.21718 -4.46995
20.34 0 -0.578695 -2.98861 -4.72229
20.35 0 -0.482475 -2.62603 -4.99762
20.36 0 -0.232672 -2.28535 -5.18204
20.37 0 1.49349 -1.84613 -4.86726
20.38 0 2.71904 -0.660131 -4.34628
20.39 0 2.20498 1.04514 -3.66153
20.4 0 1.15794 2.52591 -2.56969
20.41 0 0.643036 2.98093 -0.658549
20.42 0 0.706252 2.53983 1.79572
20.43 0 1.08597 1.67218 4.31369
20.44 0 1.12423 1.16242 6.02842
20.45 0 0.720316 1.31793 7.13181
20.46 0 0.0627499 2.1653 7.56306
20.47 0 -0.50302 3.26892 7.55942
20.48 0 -0.668755 4.15 7.51486
20.49 0 -0.374791 4.2946 7.41709
20.5 0 0.323729 3.88055 7.27304
20.51 0 1.29505 3.31236 7.10702
20.52 0 2.15325 2.89595 6.73153
20.53 0 2.71561 2.97732 6.09247
20.54 0 3.29516 3.97703 5.56584
20.55 0 3.64958 5.24819 4.95551
20.56 0 3.93313 6.35568 4.42518
20.57 0 4.45329 7.12548 4.2984
20.58 0 5.03413 7.25547 4.44808
20.59 0 5.23642 6.56117 4.50823
20.6 0 5.22487 5.68836 4.70521
20.61 0 4.93102 5.01306 4.99364
20.62 0 4.15881 4.5606 5.13938
20.63 0 3.09647 4.37714 5.22176
20.64 0 1.97122 4.28276 5.31088
20.65 0 1.05888 4.10275 5.52143
20.66 0 0.441015 3.64061 5.79834
20.67 0 0.183617 2.96351 6.11456
20.68 0 0.141244 2.21605 6.32038
20.69 0 0.167591 1.6749 6.27109
20.7 0 0.117034 1.45464 5.8589
20.71 0 0.0121367 1.55932 5.12301
20.72 0 -0.0569551 1.81766 4.16717
20.73 0 0.113338 2.09795 3.22129
20.74 0 0.513152 2.16738 2.34047
20.75 0 1.11182 2.02481 1.60152
20.76 0 1.74926 1.75031 0.981672
20.77 0 2.25119 1.50734 0.449818
20.78 0 2.47921 1.3198 -0.0396613
20.79 0 2.41851 1.28938 -0.55801
20.8 0 2.08148 1.36364 -1.05382
20.81 0 1.61338 1.39287 -1.38228
20.82 0 1.04544 1.22651 -1.50137
20.83 0 0.622692 0.807598 -1.31409
20.84 0 0.338845 0.197119 -0.881815
20.85 0 -0.320963 -0.419695 -0.362783
20.86 0 -1.97343 -0.993724 0.0978157
20.87 0 -3.12894 -1.73697 0.523908
20.88 0 -3.149 -2.80606 0.878673
20.89 0 -2.42155 -3.68436 0.960612
20.9 0 -2.02183 -3.79412 0.428989
20.91 0 -1.96448 -3.178 -0.636254
20.92 0 -2.07077 -2.21588 -2.02331
20.93 0 -2.01046 -1.24745 -3.39805
20.94 0 -1.44978 -0.750146 -4.32356
20.95 0 -0.342021 -0.764055 -4.47737
20.96 0 0.908716 -1.1871 -4.28984
20.97 0 1.88334 -1.526 -3.9941
20.98 0 2.23238 -1.48954 -3.80065
20.99 0 1.95155 -0.98171 -3.66634
21 0 1.26693 -0.197209 -3.47116
21.01 0 0.383861 0.379831 -3.19204
21.02 0 -0.99358 -0.239899 -3.30082
21.03 0 -1.53691 -0.976183 -2.60475
21.04 0 -1.62854 -1.89474 -1.5544
21.05 0 -1.81812 -2.88173 -0.714313
21.06 0 -2.08957 -3.42669 -0.091249
21.07 0 -2.61481 -3.49191 0.0851266
21.08 0 -3.21817 -3.12935 -0.103297
21.09 0 -3.66167 -2.62273 -0.520863
21.1 0 -3.68273 -2.23703 -0.964147
21.11 0 -3.2458 -2.17142 -1.36298
21.12 0 -2.41506 -2.33583 -1.66569
21.13 0 -1.48451 -2.59183 -2.01089
21.14 0 -0.835576 -2.84686 -2.61432
21.15 0 -0.471668 -2.86795 -3.33082
21.16 0 -0.373976 -2.59077 -4.10189
21.17 0 -0.492129 -2.21382 -4.88039
21.18 0 -0.625549 -1.89105 -5.51082
21.19 0 -0.668359 -1.80944 -5.92894
21.2 0 -0.567856 -1.99965 -6.07142
21.21 0 -0.40683 -2.46904 -5.90373
21.22 0 -0.341176 -3.00335 -5.5485
21.23 0 -0.522507 -3.40573 -5.13648
21.24 0 -0.930866 -3.48175 -4.68591
21.25 0 -1.51262 -3.28457 -4.23042
21.26 0 -2.15525 -3.00925 -3.78751
21.27 0 -2.67398 -2.82597 -3.30641
21.28 0 -2.92872 -2.82441 -2.75369
21.29 0 -2.9149 -3.02289 -2.14378
21.3 0 -2.77149 -3.2335 -1.62051
21.31 0 -2.56894 -3.31778 -1.27703
21.32 0 -2.37618 -3.15906 -1.15685
21.33 0 -2.2324 -2.76307 -1.26668
21.34 0 -2.05481 -2.23022 -1.52329
21.35 0 -1.70616 -1.68313 -1.78347
21.36 0 -1.06492 -1.24503 -1.9594
21.37 0 -0.327061 -0.935628 -2.07095
21.38 0 0.396021 -0.678851 -2.11506
21.39 0 1.42667 -0.431768 -2.11337
21.4 0 2.91076 -0.0585205 -2.08511
21.41 0 3.55113 0.750131 -2.0809
21.42 0 3.04803 1.97477 -2.01851
21.43 0 1.65811 3.14273 -1.66006
21.44 0 0.71182 3.43716 -0.67147
21.45 0 0.394012 2.76182 0.915911
21.46 0 0.530831 1.47212 2.83536
21.47 0 0.767915 0.271197 4.41969
21.48 0 0.554536 -0.175966 5.4073
21.49 0 -0.180387 0.192659 5.78362
21.5 0 -1.16316 1.13418 5.64929
21.51 0 -1.88427 2.07466 5.2897
21.52 0 -1.9621 2.58734 4.94869
21.53 0 -1.27785 2.52194 4.74928
21.54 0 -0.0615335 2.05439 4.65392
21.55 0 1.26793 1.58762 4.47461
21.56 0 2.31046 1.5349 4.00407
21.57 0 2.86807 2.00055 3.21064
21.58 0 2.98001 2.90136 2.2091
21.59 0 2.93428 3.90627 1.30406
21.6 0 2.96912 4.57197 0.717491
21.61 0 3.22674 4.65651 0.598179
21.62 0 3.65678 4.22179 0.943989
21.63 0 4.01316 3.54121 1.58247
21.64 0 4.02465 2.97602 2.28723
21.65 0 3.54195 2.766 2.87911
21.66 0 2.63634 2.89869 3.33004
21.67 0 1.53458 3.15226 3.68601
21.68 0 0.542911 3.25673 4.05882
21.69 0 -0.0934124 3.04832 4.53677
21.7 0 -0.315852 2.52274 5.09843
21.71 0 -0.242 1.8451 5.62836
21.72 0 -0.0573868 1.26837 5.96967
21.73 0 0.0465952 1.04132 5.95716
21.74 0 0.00817254 1.25213 5.53072
21.75 0 -0.0750369 1.75642 4.78796
21.76 0 -0.0199871 2.2941 3.90761
21.77 0 0.320054 2.62202 3.06543
21.78 0 0.97185 2.64446 2.37282
21.79 0 1.79926 2.42343 1.83386
21.8 0 2.58977 2.14881 1.33061
21.81 0 3.09557 2.0064 0.828101
21.82 0 3.21491 2.0762 0.323587
21.83 0 2.98654 2.29627 -0.120662
21.84 0 2.55035 2.47664 -0.402267
21.85 0 2.06854 2.44862 -0.426471
21.86 0 1.64878 2.12533 -0.16336
21.87 0 1.2109 1.57398 0.32742
21.88 0 0.780265 0.900401 0.941467
21.89 0 0.286025 0.278751 1.5338
21.9 0 -0.309862 -0.171863 1.98584
21.91 0 -1.88853 -0.323666 2.21855
21.92 0 -3.59088 -0.486052 2.29199
21.93 0 -4.08962 -1.17096 2.36968
21.94 0 -3.47379 -2.22208 2.34535
21.95 0 -2.17002 -3.15467 1.95867
21.96 0 -1.19762 -3.3215 0.948887
21.97 0 -0.743971 -2.62083 -0.664348
21.98 0 -0.620645 -1.45277 -2.56718
21.99 0 -0.507307 -0.352298 -4.33045
22 0 -0.179113 0.231634 -5.52141
22.01 0 0.60403 -0.0486879 -6.00416
22.02 0 1.54648 -0.871396 -5.95391
22.03 0 2.22368 -1.76002 -5.64086
22.04 0 2.30142 -2.29224 -5.30346
22.05 0 1.63853 -2.29563 -5.0551
22.06 0 0.406436 -1.91451 -4.83854
22.07 0 -1.00367 -1.53118 -4.47987
22.08 0 -2.18304 -1.51722 -3.82942
22.09 0 -2.8952 -2.03073 -2.86447
22.1 0 -3.16379 -2.93063 -1.73077
22.11 0 -3.21087 -3.87506 -0.67205
22.12 0 -3.30079 -4.46039 0.0229278
22.13 0 -3.56463 -4.47223 0.194686
22.14 0 -3.92709 -3.97137 -0.13872
22.15 0 -4.15201 -3.24677 -0.80403
22.16 0 -3.98624 -2.6459 -1.56881
22.17 0 -3.31088 -2.38934 -2.25921
22.18 0 -2.22659 -2.44966 -2.83933
22.19 0 -0.998251 -2.62545 -3.36098
22.2 0 0.0624011 -2.65636 -3.91358
22.21 0 0.739749 -2.38322 -4.53324
22.22 0 0.986146 -1.83516 -5.15645
22.23 0 0.911066 -1.1881 -5.66029
22.24 0 0.707373 -0.69715 -5.88342
22.25 0 0.546519 -0.590037 -5.67655
22.26 0 0.463345 -0.883242 -5.04571
22.27 0 0.36317 -1.42187 -4.10238
22.28 0 0.0852281 -1.9364 -3.04256
22.29 0 -0.547017 -2.31682 -2.12897
22.3 0 -1.32707 -2.3437 -1.26493
22.31 0 -2.18846 -2.17192 -0.557976
22.32 0 -2.91975 -1.94992 0.0162968
22.33 0 -3.33325 -1.82769 0.508212
22.34 0 -3.34119 -1.85637 0.94809
22.35 0 -2.977 -1.96313 1.24075
22.36 0 -2.38422 -1.99129 1.29596
