0.01 0 -1.72327e-06 -1.85453e-06 -1.80616e-06
0.02 0 -8.30638e-06 -9.35641e-06 -8.99703e-06
0.03 0 -2.04252e-05 -2.45901e-05 -2.3318e-05
0.04 0 -3.65351e-05 -4.76789e-05 -4.4842e-05
0.05 0 -5.5218e-05 -7.82361e-05 -7.39488e-05
0.06 0 -7.5538e-05 -0.000115207 -0.000111325
0.07 0 -9.70362e-05 -0.00015708 -0.000157761
0.08 0 -0.000119452 -0.000202364 -0.000213821
0.09 0 -0.000142414 -0.000250035 -0.000279538
0.1 0 -0.000165335 -0.000299728 -0.000354277
0.11 0 -0.000187593 -0.000351575 -0.000436815
0.12 0 -0.000208879 -0.000405832 -0.000525557
0.13 0 -0.000229465 -0.000462543 -0.000618796
0.14 0 -0.0002502 -0.000521414 -0.000714873
0.15 0 -0.000272209 -0.000581929 -0.000812217
0.16 0 -0.000296444 -0.000643585 -0.000909313
0.17 0 -0.000323326 -0.000706068 -0.00100468
0.18 0 -0.000352635 -0.000769234 -0.00109692
0.19 0 -0.000383668 -0.000832918 -0.00118493
0.2 0 -0.000415534 -0.000896678 -0.001268
0.21 0 -0.000447403 -0.00095963 -0.00134592
0.22 0 -0.000478576 -0.0010205 -0.0014189
0.23 0 -0.000508384 -0.00107785 -0.0014873
0.24 0 -0.000536023 -0.00113041 -0.00155144
0.25 0 -0.000560518 -0.00117725 -0.00161137
0.26 0 -0.000580884 -0.00121787 -0.00166684
0.27 0 -0.0005964 -0.00125209 -0.00171733
0.28 0 -0.000606828 -0.0012798 -0.00176219
0.29 0 -0.000612484 -0.00130084 -0.0018006
0.3 0 -0.000614123 -0.00131508 -0.00183166
0.31 0 -0.000612673 -0.00132251 -0.00185441
0.32 0 -0.000608969 -0.00132338 -0.00186778
0.33 0 -0.000603607 -0.00131818 -0.0018708
0.34 0 -0.000596903 -0.00130746 -0.00186262
0.35 0 -0.000588926 -0.0012916 -0.00184267
0.36 0 -0.000579907 -0.00127094 -0.00181107
0.37 0 -0.000570816 -0.00124642 -0.0017693
0.38 0 -0.000562543 -0.00121911 -0.00171946
0.39 0 -0.000554496 -0.00118908 -0.00166292
0.4 0 -0.000545031 -0.00115558 -0.00160043
0.41 0 -0.000532405 -0.00111766 -0.00153274
0.42 0 -0.000515394 -0.00107437 -0.00146074
0.43 0 -0.000494365 -0.00102592 -0.00138633
0.44 0 -0.000471662 -0.000974635 -0.00131281
0.45 0 -0.000449955 -0.000923978 -0.0012436
0.46 0 -0.0004282 -0.000874536 -0.00117826
0.47 0 -0.000400719 -0.000821816 -0.00111122
0.48 0 -0.000364024 -0.000761406 -0.0010378
0.49 0 -0.000321291 -0.000693365 -0.00095852
0.5 0 -0.000278526 -0.000620427 -0.000876123
0.51 0 -0.000239642 -0.000545495 -0.00079178
0.52 0 -0.000204849 -0.000470748 -0.000704187
0.53 0 -0.000172876 -0.000398431 -0.000611751
0.54 0 -0.00014378 -0.000331419 -0.000515033
0.55 0 -0.00011882 -0.000271722 -0.000416414
0.56 0 -9.66078e-05 -0.000216638 -0.000316206
0.57 0 -7.32375e-05 -0.000159671 -0.000212559
0.58 0 -5.17112e-05 -0.000101549 -0.000110786
0.59 0 -4.11751e-05 -5.20274e-05 -2.32169e-05
0.6 0 -3.98488e-05 -1.40991e-05 4.73282e-05
0.61 0 -3.02547e-05 2.391e-05 0.000113603
0.62 0 9.30513e-07 7.42189e-05 0.000186861
0.63 0 4.78487e-05 0.000136655 0.000263314
0.64 0 9.36063e-05 0.000202296 0.00033081
0.65 0 0.000122258 0.000258155 0.000377639
0.66 0 0.000132223 0.000297088 0.000403674
0.67 0 0.00013659 0.00032197 0.000421109
0.68 0 0.000140094 0.000330411 0.000433555
0.69 0 0.000134861 0.000314695 0.00043276
0.7 0 0.000110284 0.000269465 0.00040741
0.71 0 5.58239e-05 0.000188565 0.000343876
0.72 0 -2.46885e-05 7.47481e-05 0.000239329
0.73 0 -0.000110203 -5.62931e-05 0.000106013
0.74 0 -0.000187881 -0.000195954 -5.08794e-05
0.75 0 -0.000255991 -0.000341946 -0.000233656
0.76 0 -0.000306365 -0.000480588 -0.000433566
0.77 0 -0.000330999 -0.000594871 -0.000636815
0.78 0 -0.000336628 -0.000682146 -0.000839518
0.79 0 -0.000342239 -0.000756683 -0.00104761
0.8 0 -0.000361699 -0.000835892 -0.00126278
0.81 0 -0.000388753 -0.000922746 -0.0014691
0.82 0 -0.000402602 -0.00100236 -0.00163721
0.83 0 -0.000395098 -0.00106094 -0.00174914
0.84 0 -0.000394317 -0.00111138 -0.00182289
0.85 0 -0.000439893 -0.00118203 -0.00189338
0.86 0 -0.000522829 -0.00126744 -0.00195693
0.87 0 -0.000581098 -0.00131837 -0.00196376
0.88 0 -0.000585379 -0.00131169 -0.00189527
0.89 0 -0.000590002 -0.00129759 -0.00181241
0.9 0 -0.000647497 -0.00132777 -0.0017763
0.91 0 -0.000718716 -0.00137391 -0.00176229
0.92 0 -0.00072012 -0.00136231 -0.00170008
0.93 0 -0.000634191 -0.00126744 -0.00157393
0.94 0 -0.000530259 -0.00113737 -0.00144341
0.95 0 -0.000452972 -0.00100426 -0.00134134
0.96 0 -0.000365147 -0.000837592 -0.00122214
0.97 0 -0.000248306 -0.000634294 -0.0010595
0.98 0 -0.000155462 -0.000460701 -0.000898109
0.99 0 -0.000135108 -0.0003772 -0.000783087
1 0 -0.000160847 -0.000367603 -0.000693298
1.01 0 -0.000143395 -0.000339017 -0.00054749
1.02 0 -1.86839e-05 -0.000196872 -0.000281193
1.03 0 0.00015618 4.88717e-05 6.01097e-05
1.04 0 0.000233566 0.000274138 0.000337714
1.05 0 0.000156341 0.000385816 0.000482153
1.06 0 5.05019e-05 0.000430519 0.000586364
1.07 0 7.56829e-05 0.000510835 0.000780235
1.08 0 0.000225221 0.000636235 0.0010528
1.09 0 0.000356347 0.000735393 0.0012783
1.1 0 0.000422429 0.00082656 0.00142743
1.11 0 0.000510708 0.00101647 0.00159536
1.12 0 0.00066705 0.00133083 0.001833
1.13 0 0.000857796 0.00169858 0.00211566
1.14 0 0.00103011 0.00202994 0.00240213
1.15 0 0.0011553 0.00227197 0.00267339
1.16 0 0.00128045 0.00247196 0.00298373
1.17 0 0.00148445 0.00274361 0.00342285
1.18 0 0.0017531 0.00313394 0.00399487
1.19 0 0.00197013 0.00357535 0.00459946
1.2 0 0.00204282 0.00396539 0.00513894
1.21 0 0.00200209 0.00425945 0.0056101
1.22 0 0.00195659 0.00447179 0.00607102
1.23 0 0.00196084 0.00460707 0.00653123
1.24 0 0.00199919 0.0046719 0.00694807
1.25 0 0.00205383 0.0047203 0.00729294
1.26 0 0.00209756 0.00479628 0.00753525
1.27 0 0.00209329 0.00488611 0.0076322
1.28 0 0.00203213 0.00493864 0.00756155
1.29 0 0.00194936 0.00490611 0.00734181
1.3 0 0.0019161 0.00479106 0.00703736
1.31 0 0.00199242 0.00465092 0.00672651
1.32 0 0.00216496 0.00454698 0.00644431
1.33 0 0.00232971 0.00448367 0.00615251
1.34 0 0.00235805 0.00440107 0.00577909
1.35 0 0.00219506 0.00422247 0.00529298
1.36 0 0.00190119 0.00390916 0.00474171
1.37 0 0.00159746 0.00347692 0.00421455
1.38 0 0.00135991 0.00296736 0.00376187
1.39 0 0.00115894 0.00241043 0.0033461
1.4 0 0.000911616 0.0018299 0.00288487
1.41 0 0.00059062 0.00127596 0.00234235
1.42 0 0.000246723 0.000800817 0.00174423
1.43 0 -6.44028e-05 0.000394014 0.00111237
1.44 0 -0.000329029 -1.90671e-05 0.000432013
1.45 0 -0.000536688 -0.000487831 -0.000298064
1.46 0 -0.000649427 -0.00097123 -0.00102716
1.47 0 -0.000658708 -0.0013916 -0.0017073
1.48 0 -0.000622625 -0.00170814 -0.00233902
1.49 0 -0.000614891 -0.00192423 -0.00293867
1.5 0 -0.000676001 -0.00208032 -0.00350678
1.51 0 -0.000790873 -0.00222745 -0.0040116
1.52 0 -0.000891577 -0.00238098 -0.00438357
1.53 0 -0.000935321 -0.00253837 -0.00457881
1.54 0 -0.000973368 -0.00272341 -0.00464229
1.55 0 -0.00108977 -0.00295418 -0.00465652
1.56 0 -0.00129655 -0.00319156 -0.00465123
1.57 0 -0.00152809 -0.0033656 -0.0046011
1.58 0 -0.00171533 -0.00344412 -0.00448957
1.59 0 -0.00182664 -0.00344615 -0.00433492
1.6 0 -0.00185736 -0.00340387 -0.00416861
1.61 0 -0.00181963 -0.00333822 -0.00402024
1.62 0 -0.00172686 -0.00324557 -0.00390254
1.63 0 -0.00157952 -0.00309658 -0.00380035
1.64 0 -0.00138631 -0.00287293 -0.00369579
1.65 0 -0.00118422 -0.00260085 -0.00359403
1.66 0 -0.00101446 -0.0023342 -0.0035065
1.67 0 -0.000876158 -0.00210087 -0.00340923
1.68 0 -0.000740299 -0.00189522 -0.00325532
1.69 0 -0.000614021 -0.00172312 -0.00303622
1.7 0 -0.000498132 -0.00155846 -0.00273995
1.71 0 -0.000348172 -0.00131555 -0.00231319
1.72 0 -0.000167076 -0.000958734 -0.00175401
1.73 0 -2.13023e-05 -0.000542169 -0.00113302
1.74 0 4.55226e-05 -0.000141527 -0.000515007
1.75 0 6.43841e-05 0.000207677 9.24147e-05
1.76 0 0.000128168 0.000537837 0.000738799
1.77 0 0.000310082 0.000911596 0.00146773
1.78 0 0.000586312 0.00135389 0.0022488
1.79 0 0.000856272 0.0018333 0.00298935
1.8 0 0.00103512 0.00229604 0.00360808
1.81 0 0.00112654 0.00270897 0.00409581
1.82 0 0.00120526 0.00306626 0.00450319
1.83 0 0.00132952 0.00335898 0.00486985
1.84 0 0.00149743 0.00357552 0.00519344
1.85 0 0.00167563 0.00373233 0.00545846
1.86 0 0.00182705 0.00386657 0.0056542
1.87 0 0.00192512 0.00400418 0.00577659
1.88 0 0.00196737 0.00414436 0.00583364
1.89 0 0.00197392 0.00426223 0.00584393
1.9 0 0.00197244 0.00432586 0.00582847
1.91 0 0.00197699 0.00431356 0.00579802
1.92 0 0.00197308 0.00421875 0.00574201
1.93 0 0.00192734 0.00404958 0.00563465
1.94 0 0.0018197 0.00383074 0.00545905
1.95 0 0.00166197 0.00359413 0.00522023
1.96 0 0.00147557 0.00334763 0.00492332
1.97 0 0.00128437 0.00307955 0.00457177
1.98 0 0.00111969 0.00278745 0.00418036
1.99 0 0.000981802 0.0024604 0.00374319
2 0 0.000836177 0.00207806 0.00323016
2.01 0 0.000660174 0.00164268 0.00262811
2.02 0 0.000461812 0.00118125 0.00195461
2.03 0 0.000267083 0.00072628 0.00124467
2.04 0 0.000102759 0.000303307 0.000536536
2.05 0 -2.13906e-05 -7.80428e-05 -0.000142977
2.06 0 -0.000121509 -0.000428231 -0.000787219
2.07 0 -0.000216401 -0.00075666 -0.00138988
2.08 0 -0.000303985 -0.00105182 -0.00192523
2.09 0 -0.000383576 -0.001305 -0.00237258
2.1 0 -0.000479339 -0.001536 -0.00274211
2.11 0 -0.000608415 -0.00176529 -0.00304671
2.12 0 -0.000764062 -0.00199705 -0.00328672
2.13 0 -0.000949554 -0.0022483 -0.00348278
2.14 0 -0.0011821 -0.00254988 -0.00367873
2.15 0 -0.00145682 -0.00291009 -0.00390465
2.16 0 -0.00173021 -0.0032946 -0.00415592
2.17 0 -0.00195963 -0.00365949 -0.00442453
2.18 0 -0.00214374 -0.00399195 -0.00473332
2.19 0 -0.00230428 -0.0043028 -0.00511729
2.2 0 -0.00244674 -0.00459867 -0.00558652
2.21 0 -0.00253473 -0.00485464 -0.00609964
2.22 0 -0.00250429 -0.0050111 -0.00657154
2.23 0 -0.0023362 -0.00502832 -0.00693909
2.24 0 -0.00210748 -0.0049424 -0.00721649
2.25 0 -0.00189062 -0.00479074 -0.0074098
2.26 0 -0.00168505 -0.00456292 -0.00746219
2.27 0 -0.00152749 -0.00431079 -0.00737126
2.28 0 -0.00147394 -0.00412213 -0.00717686
2.29 0 -0.00149152 -0.00399761 -0.00685515
2.3 0 -0.00153165 -0.00390229 -0.0063856
2.31 0 -0.00162088 -0.00385007 -0.00583585
2.32 0 -0.00178761 -0.00385038 -0.00528981
2.33 0 -0.00198429 -0.00385361 -0.00476979
2.34 0 -0.00212483 -0.00379088 -0.00426362
2.35 0 -0.0021379 -0.00361189 -0.0037613
2.36 0 -0.00199849 -0.00330058 -0.0032724
2.37 0 -0.00173446 -0.00287899 -0.00282783
2.38 0 -0.00138241 -0.00237228 -0.00243949
2.39 0 -0.000950379 -0.0017796 -0.00206942
2.4 0 -0.000453557 -0.00110944 -0.00167084
2.41 0 5.33011e-05 -0.000409972 -0.00122795
2.42 0 0.000513432 0.000266389 -0.000729637
2.43 0 0.000885691 0.000878067 -0.000163485
2.44 0 0.00112693 0.00137582 0.000457151
2.45 0 0.00122277 0.00173381 0.00111775
2.46 0 0.0012126 0.0019797 0.00182794
2.47 0 0.00112333 0.00213509 0.00256174
2.48 0 0.000952424 0.00219565 0.00324657
2.49 0 0.000746563 0.00220155 0.00384815
2.5 0 0.000598877 0.00223586 0.00437998
2.51 0 0.000576212 0.00236181 0.00484719
2.52 0 0.000687605 0.00259536 0.00522674
2.53 0 0.000899832 0.00291266 0.00548488
2.54 0 0.0011643 0.0032646 0.00559841
2.55 0 0.00145262 0.00360869 0.00558268
2.56 0 0.0017816 0.00394674 0.00551278
2.57 0 0.00215855 0.00429124 0.00546807
2.58 0 0.00252612 0.00461739 0.00547166
2.59 0 0.00279986 0.00488281 0.00551323
2.6 0 0.00291362 0.00504415 0.00557599
2.61 0 0.00283378 0.00505366 0.00563774
2.62 0 0.00258396 0.00488985 0.00569303
2.63 0 0.0022305 0.00457008 0.00574773
2.64 0 0.00181461 0.00411086 0.00576585
2.65 0 0.00135459 0.00353717 0.0056832
2.66 0 0.000896755 0.00291972 0.0054661
2.67 0 0.000500491 0.00234139 0.00510514
2.68 0 0.000203867 0.00184976 0.00459016
2.69 0 2.24572e-05 0.0014518 0.00391628
2.7 0 -4.29163e-05 0.00112819 0.00309578
2.71 0 -5.25407e-06 0.000849013 0.00215994
2.72 0 0.000114577 0.000594768 0.00116204
2.73 0 0.000303017 0.00037998 0.00018613
2.74 0 0.000516279 0.000211194 -0.000701194
2.75 0 0.000606725 -1.23765e-05 -0.0015443
2.76 0 0.000429105 -0.000431037 -0.00242066
2.77 0 1.85105e-05 -0.0010577 -0.00328057
2.78 0 -0.000474274 -0.00180188 -0.00400256
2.79 0 -0.000923025 -0.00255148 -0.00450802
2.8 0 -0.00128082 -0.00320493 -0.00479568
2.81 0 -0.00158569 -0.00371111 -0.00494401
2.82 0 -0.00189463 -0.00406973 -0.00505484
2.83 0 -0.00222359 -0.00432014 -0.00520196
2.84 0 -0.00253647 -0.00452532 -0.00541634
2.85 0 -0.00274294 -0.00471182 -0.00566603
2.86 0 -0.00272765 -0.00482148 -0.00585991
2.87 0 -0.0024581 -0.00477367 -0.00593715
2.88 0 -0.00206099 -0.00456864 -0.00594954
2.89 0 -0.00174166 -0.00429751 -0.00601376
2.9 0 -0.00163385 -0.0040804 -0.00620088
2.91 0 -0.00170237 -0.00398325 -0.00645737
2.92 0 -0.00176636 -0.00396299 -0.00661297
2.93 0 -0.00162611 -0.00387784 -0.00647066
2.94 0 -0.00125661 -0.00361777 -0.00597327
2.95 0 -0.000904665 -0.00325725 -0.00531336
2.96 0 -0.000821888 -0.0029286 -0.00471394
2.97 0 -0.000981961 -0.00263967 -0.00418251
2.98 0 -0.00118653 -0.00235237 -0.00360741
2.99 0 -0.00126352 -0.00206125 -0.00291341
3 0 -0.00111436 -0.00172682 -0.00206698
3.01 0 -0.000689381 -0.00121193 -0.00102977
3.02 0 -6.2776e-05 -0.000410569 0.000162241
3.03 0 0.000507347 0.000567218 0.00130543
3.04 0 0.000830469 0.00152608 0.0022343
3.05 0 0.00101711 0.00240702 0.0030373
3.06 0 0.00132764 0.00326072 0.00393666
3.07 0 0.00186967 0.00410374 0.00503359
3.08 0 0.00249475 0.00487292 0.00622077
3.09 0 0.00299037 0.00553722 0.00734506
3.1 0 0.00327562 0.0061564 0.0083594
3.11 0 0.00342327 0.00681823 0.00932364
3.12 0 0.00357144 0.00756353 0.0103282
3.13 0 0.00379223 0.00833292 0.0113901
3.14 0 0.00406086 0.00901389 0.0124432
3.15 0 0.00434569 0.00956711 0.0134347
3.16 0 0.00466246 0.0100722 0.014377
3.17 0 0.00504323 0.0106589 0.0153134
3.18 0 0.00550818 0.0114316 0.016286
3.19 0 0.00604646 0.0124116 0.017311
3.2 0 0.00661117 0.0135195 0.0183693
3.21 0 0.00718431 0.0146599 0.019468
3.22 0 0.00785962 0.0158562 0.0207285
3.23 0 0.008748 0.0172096 0.0223007
3.24 0 0.00979893 0.0187245 0.0241766
3.25 0 0.0108481 0.0203151 0.0262216
3.26 0 0.011778 0.0219199 0.0283272
3.27 0 0.012578 0.0235307 0.0304684
3.28 0 0.0132919 0.0251364 0.0326518
3.29 0 0.0139424 0.0266769 0.0348477
3.3 0 0.0145299 0.02808 0.0369985
3.31 0 0.0150791 0.0293346 0.039071
3.32 0 0.0156604 0.0305221 0.0410837
3.33 0 0.0163097 0.0317253 0.0430327
3.34 0 0.0169323 0.0328997 0.0447942
3.35 0 0.0173548 0.0338803 0.0461675
3.36 0 0.0175273 0.0345593 0.0470682
3.37 0 0.017647 0.0350379 0.047657
3.38 0 0.0179098 0.0354447 0.0481096
3.39 0 0.0182376 0.0357094 0.0483575
3.4 0 0.0184106 0.0356779 0.0482124
3.41 0 0.0183081 0.0352969 0.0475885
3.42 0 0.0179742 0.0346333 0.0465525
3.43 0 0.0175213 0.0337721 0.0452235
3.44 0 0.0169961 0.032716 0.04365
3.45 0 0.0163539 0.031391 0.0417915
3.46 0 0.0155036 0.0296987 0.03956
3.47 0 0.0143528 0.0275455 0.0368549
3.48 0 0.0129116 0.0249329 0.0336586
3.49 0 0.0113692 0.0220451 0.0301231
3.5 0 0.00993785 0.0191275 0.0264395
3.51 0 0.00864676 0.0162933 0.0226526
3.52 0 0.0073723 0.0135146 0.0186861
3.53 0 0.00603189 0.0107537 0.0145174
3.54 0 0.00465723 0.00801479 0.0102391
3.55 0 0.00329496 0.0052737 0.00595833
3.56 0 0.00195835 0.00247846 0.00174633
3.57 0 0.000642212 -0.000390964 -0.00234636
3.58 0 -0.00068361 -0.00331119 -0.00629595
3.59 0 -0.00206305 -0.00623385 -0.0101045
3.6 0 -0.00352381 -0.00910898 -0.0137835
3.61 0 -0.00505889 -0.0119049 -0.0173395
3.62 0 -0.00663957 -0.0146229 -0.0207791
3.63 0 -0.00824588 -0.0173031 -0.0241264
3.64 0 -0.00988074 -0.0200044 -0.0274237
3.65 0 -0.0115691 -0.0227769 -0.030721
3.66 0 -0.0133564 -0.025668 -0.0340848
3.67 0 -0.0152987 -0.0287358 -0.0376008
3.68 0 -0.0173406 -0.0319345 -0.0412536
3.69 0 -0.019203 -0.0349887 -0.0448019
3.7 0 -0.0205651 -0.0375422 -0.047939
3.71 0 -0.0213404 -0.0394206 -0.0505501
3.72 0 -0.0216996 -0.0406884 -0.052738
3.73 0 -0.0218968 -0.0415402 -0.0546701
3.74 0 -0.0220962 -0.0421705 -0.0564276
3.75 0 -0.0222933 -0.0426792 -0.0579396
3.76 0 -0.0223901 -0.0430761 -0.0590539
3.77 0 -0.0223544 -0.0433649 -0.0596873
3.78 0 -0.0223073 -0.0436049 -0.0599124
3.79 0 -0.0224387 -0.043879 -0.0598924
3.8 0 -0.0228568 -0.0442299 -0.0597582
3.81 0 -0.0235555 -0.0446711 -0.0595802
3.82 0 -0.0244696 -0.0452259 -0.059406
3.83 0 -0.0255111 -0.0459282 -0.0592843
3.84 0 -0.0265941 -0.0468019 -0.0592745
3.85 0 -0.0276585 -0.0478454 -0.0594542
3.86 0 -0.0286667 -0.0490177 -0.0599033
3.87 0 -0.029578 -0.0502328 -0.0606711
3.88 0 -0.0303398 -0.051386 -0.061763
3.89 0 -0.030921 -0.0524188 -0.0631694
3.9 0 -0.0313561 -0.0533768 -0.0649095
3.91 0 -0.0317092 -0.0543656 -0.0669978
3.92 0 -0.0319948 -0.0554448 -0.0693693
3.93 0 -0.0321906 -0.0566044 -0.0718943
3.94 0 -0.0322964 -0.0577949 -0.0744377
3.95 0 -0.0323402 -0.0589353 -0.0768724
3.96 0 -0.0323549 -0.0599255 -0.0790718
3.97 0 -0.0323738 -0.060693 -0.0809263
3.98 0 -0.0324362 -0.0612331 -0.0823664
3.99 0 -0.032578 -0.0616067 -0.0833636
4 0 -0.0327958 -0.061882 -0.0838959
4.01 0 -0.0329247 -0.0619602 -0.0838132
4.02 0 -0.0326989 -0.0615685 -0.082871
4.03 0 -0.0320791 -0.0605594 -0.081036
4.04 0 -0.0312638 -0.0589841 -0.078503
4.05 0 -0.0303623 -0.0568749 -0.0753971
4.06 0 -0.029253 -0.0541562 -0.0716431
4.07 0 -0.0277884 -0.0508098 -0.0671552
4.08 0 -0.0260034 -0.0470035 -0.0620231
4.09 0 -0.0240038 -0.0429284 -0.0563966
4.1 0 -0.0218187 -0.0386362 -0.0503433
4.11 0 -0.0194476 -0.0340986 -0.0439024
4.12 0 -0.0169478 -0.0293245 -0.0371776
4.13 0 -0.014417 -0.0243883 -0.0303279
4.14 0 -0.0118948 -0.0193663 -0.0234744
4.15 0 -0.00931922 -0.0142913 -0.0166497
4.16 0 -0.00662592 -0.00921012 -0.00987968
4.17 0 -0.00377593 -0.00415418 -0.00319521
4.18 0 -0.000674157 0.000997861 0.00347826
4.19 0 0.00275242 0.0064779 0.0102829
4.2 0 0.00645224 0.0124583 0.0173193
4.21 0 0.0103263 0.0189522 0.0246399
4.22 0 0.0143486 0.0258427 0.0323018
4.23 0 0.0185837 0.0330021 0.0404061
4.24 0 0.0230523 0.0403115 0.04901
4.25 0 0.0275932 0.0475964 0.0579971
4.26 0 0.0319108 0.0546514 0.0671049
4.27 0 0.0356969 0.0612769 0.0760217
4.28 0 0.0387256 0.067278 0.0844579
4.29 0 0.0409287 0.0724926 0.0922105
4.3 0 0.0423886 0.0768128 0.0991717
4.31 0 0.0432501 0.0801729 0.105275
4.32 0 0.0435704 0.0824624 0.110373
4.33 0 0.0433267 0.0835564 0.114252
4.34 0 0.0426088 0.0835216 0.116819
4.35 0 0.041595 0.0825991 0.118084
4.36 0 0.0404225 0.0810487 0.11804
4.37 0 0.0391567 0.0790612 0.116641
4.38 0 0.0378204 0.0767249 0.113834
4.39 0 0.0365349 0.0741349 0.109714
4.4 0 0.0355655 0.0714724 0.104602
4.41 0 0.0351252 0.0689045 0.0988765
4.42 0 0.0351634 0.0664572 0.0927779
4.43 0 0.0353726 0.0640217 0.0863898
4.44 0 0.0353654 0.0614346 0.0797493
4.45 0 0.0348044 0.0584891 0.072895
4.46 0 0.0334457 0.0549129 0.0658448
4.47 0 0.0311997 0.0504561 0.0586312
4.48 0 0.0281976 0.0450691 0.0513935
4.49 0 0.0246847 0.0389355 0.0443286
4.5 0 0.0207808 0.0323008 0.0374866
4.51 0 0.0164277 0.0253518 0.030712
4.52 0 0.0115987 0.018263 0.0238291
4.53 0 0.00652154 0.0112889 0.016854
4.54 0 0.00169512 0.00476564 0.0100282
4.55 0 -0.00232832 -0.00104639 0.0036149
4.56 0 -0.00529356 -0.00614567 -0.00238595
4.57 0 -0.00738376 -0.0107251 -0.0082628
4.58 0 -0.00891897 -0.0148712 -0.0142611
4.59 0 -0.0100464 -0.0184356 -0.0203337
4.6 0 -0.0107881 -0.0212503 -0.0262563
4.61 0 -0.0112168 -0.0233781 -0.0318387
4.62 0 -0.0115183 -0.0251455 -0.0369994
4.63 0 -0.0118487 -0.0268934 -0.0416442
4.64 0 -0.0121885 -0.0287005 -0.0455413
4.65 0 -0.0124342 -0.0303848 -0.048412
4.66 0 -0.0125932 -0.0317073 -0.050118
4.67 0 -0.0128718 -0.0325848 -0.0507721
4.68 0 -0.0135183 -0.033104 -0.050626
4.69 0 -0.0145344 -0.0333292 -0.0498013
4.7 0 -0.0156229 -0.0332065 -0.0482125
4.71 0 -0.0164921 -0.0327367 -0.0458301
4.72 0 -0.0171131 -0.032102 -0.0429008
4.73 0 -0.0176239 -0.0315156 -0.0398295
4.74 0 -0.0180714 -0.0309964 -0.036917
4.75 0 -0.0183021 -0.0303269 -0.0342405
4.76 0 -0.0182039 -0.0293562 -0.0318779
4.77 0 -0.017928 -0.028266 -0.0301161
4.78 0 -0.0177023 -0.0274062 -0.0292659
4.79 0 -0.0175765 -0.0270122 -0.0294115
4.8 0 -0.0174205 -0.0271098 -0.0303983
4.81 0 -0.0170999 -0.027581 -0.0319867
4.82 0 -0.0165806 -0.0282237 -0.0339474
4.83 0 -0.0158979 -0.0287799 -0.0360504
4.84 0 -0.0150915 -0.0289932 -0.0380376
4.85 0 -0.0141573 -0.0286725 -0.0396137
4.86 0 -0.0131062 -0.0277929 -0.0405323
4.87 0 -0.0120441 -0.0265436 -0.040689
4.88 0 -0.0111158 -0.0251997 -0.0400776
4.89 0 -0.0104492 -0.0239933 -0.0387444
4.9 0 -0.0101842 -0.0231007 -0.0368275
4.91 0 -0.0104671 -0.0226489 -0.0345656
4.92 0 -0.0112816 -0.0226038 -0.0321465
4.93 0 -0.0123096 -0.0226686 -0.0295548
4.94 0 -0.0131917 -0.0225284 -0.0267804
4.95 0 -0.0138083 -0.0221089 -0.0240398
4.96 0 -0.0141217 -0.0214268 -0.0215803
4.97 0 -0.014002 -0.020426 -0.0194831
4.98 0 -0.0133214 -0.0190471 -0.0177303
4.99 0 -0.0120523 -0.017283 -0.0162786
5 0 -0.0102655 -0.0151606 -0.0150563
5.01 0 -0.00809457 -0.0127286 -0.0139551
5.02 0 -0.00569385 -0.0100596 -0.0128334
5.03 0 -0.00321166 -0.00724013 -0.0115269
5.04 0 -0.000802739 -0.00435963 -0.00987624
5.05 0 0.00132058 -0.00154631 -0.00779726
5.06 0 0.00289005 0.000987481 -0.00533348
5.07 0 0.00368156 0.00298046 -0.00262043
5.08 0 0.00364526 0.00424377 0.000212634
5.09 0 0.00295035 0.00476149 0.00309609
5.1 0 0.00187158 0.0046629 0.00594846
5.11 0 0.000667197 0.00416826 0.00861888
5.12 0 -0.000443426 0.00356349 0.0109283
5.13 0 -0.00127435 0.00314137 0.0127245
5.14 0 -0.00167017 0.00313081 0.0139192
5.15 0 -0.00151346 0.00364216 0.0145002
5.16 0 -0.000739073 0.00466103 0.014533
5.17 0 0.000649407 0.00609767 0.01416
5.18 0 0.00255442 0.00783914 0.0135781
5.19 0 0.00478399 0.00977482 0.0130052
5.2 0 0.00710179 0.0118045 0.0126605
5.21 0 0.00930441 0.0138465 0.0127569
5.22 0 0.0112706 0.0158579 0.0134944
5.23 0 0.0129467 0.0178511 0.0150402
5.24 0 0.014321 0.0198898 0.0175062
5.25 0 0.0154242 0.022075 0.0209441
5.26 0 0.0163074 0.024495 0.0253234
5.27 0 0.0170038 0.0271604 0.0305005
5.28 0 0.0175432 0.0300062 0.0362495
5.29 0 0.0179855 0.0329344 0.0423226
5.3 0 0.0184077 0.0358353 0.0484657
5.31 0 0.0188719 0.0386063 0.0544151
5.32 0 0.0194199 0.0411818 0.0599217
5.33 0 0.0200775 0.0435431 0.0647819
5.34 0 0.0208439 0.0456885 0.068835
5.35 0 0.0217106 0.0476205 0.071976
5.36 0 0.0227012 0.0493629 0.0741874
5.37 0 0.0238615 0.0509524 0.0755305
5.38 0 0.025225 0.0524168 0.0761164
5.39 0 0.026789 0.0537706 0.0760852
5.4 0 0.028489 0.0550026 0.0755735
5.41 0 0.0301964 0.0560733 0.0746972
5.42 0 0.0317617 0.0569383 0.0735707
5.43 0 0.03305 0.0575575 0.0723179
5.44 0 0.0339362 0.0578693 0.0710404
5.45 0 0.0343103 0.0577861 0.0698018
5.46 0 0.0341357 0.0572584 0.0686707
5.47 0 0.0334913 0.05633 0.0677484
5.48 0 0.0325269 0.0551163 0.0671234
5.49 0 0.0313277 0.053694 0.0667516
5.5 0 0.0298424 0.0520226 0.0664009
5.51 0 0.0280537 0.0500747 0.065831
5.52 0 0.0261167 0.0479519 0.0649491
5.53 0 0.0242594 0.0458052 0.0637447
5.54 0 0.0226781 0.0437678 0.0622206
5.55 0 0.0214795 0.0419214 0.0603602
5.56 0 0.0206657 0.0402807 0.0581212
5.57 0 0.0202195 0.0388607 0.0555199
5.58 0 0.0201476 0.0377087 0.0526694
5.59 0 0.0204232 0.0368508 0.04972
5.6 0 0.0209378 0.0362468 0.0468014
5.61 0 0.0215511 0.0358258 0.0440462
5.62 0 0.0221899 0.0355725 0.0416577
5.63 0 0.0228221 0.0355068 0.0398584
5.64 0 0.0233197 0.0355501 0.0387302
5.65 0 0.0234595 0.0355102 0.0381872
5.66 0 0.0231202 0.03525 0.0381455
5.67 0 0.0223799 0.0347825 0.0386093
5.68 0 0.0213592 0.034149 0.0395287
5.69 0 0.0200861 0.033317 0.0406929
5.7 0 0.0185806 0.0322682 0.0418395
5.71 0 0.01693 0.0310543 0.0427546
5.72 0 0.0152443 0.0297319 0.0432545
5.73 0 0.0136839 0.0283844 0.0432387
5.74 0 0.0124579 0.02714 0.0427142
5.75 0 0.0116752 0.026053 0.0416678
5.76 0 0.0112959 0.0250712 0.0400292
5.77 0 0.0112438 0.024144 0.0377825
5.78 0 0.0114543 0.0232643 0.0350097
5.79 0 0.0118421 0.0224249 0.0318472
5.8 0 0.0122917 0.02159 0.0284528
5.81 0 0.0126561 0.0206767 0.0249716
5.82 0 0.0127674 0.0195564 0.0215124
5.83 0 0.0124853 0.0181035 0.0181659
5.84 0 0.0117574 0.0162608 0.0150375
5.85 0 0.0106263 0.0140673 0.0122411
5.86 0 0.00917806 0.0116386 0.0098525
5.87 0 0.00750276 0.00913891 0.00788705
5.88 0 0.00569336 0.00675066 0.00631646
5.89 0 0.0038638 0.00463719 0.00509964
5.9 0 0.0021688 0.00291639 0.0042105
5.91 0 0.000804303 0.0016557 0.00364625
5.92 0 -2.6701e-05 0.000903045 0.00342464
5.93 0 -0.000172844 0.00073281 0.00357845
5.94 0 0.00037759 0.00121817 0.00410687
5.95 0 0.00144427 0.0023458 0.0049255
5.96 0 0.00280974 0.00406047 0.00598376
5.97 0 0.00445483 0.00640484 0.00745543
5.98 0 0.00644896 0.00939819 0.00960258
5.99 0 0.00867602 0.012819 0.0124884
6 0 0.0109405 0.0163872 0.0160709
6.01 0 0.013165 0.0200101 0.0203818
6.02 0 0.0153352 0.0237342 0.0254593
6.03 0 0.0174305 0.0276426 0.0312748
6.04 0 0.0193946 0.0317678 0.0377043
6.05 0 0.0211311 0.0360239 0.0445206
6.06 0 0.0226198 0.0402875 0.0515094
6.07 0 0.024013 0.0445212 0.058582
6.08 0 0.0255591 0.048777 0.0657369
6.09 0 0.0274482 0.0531307 0.0729474
6.1 0 0.0296882 0.0575957 0.080065
6.11 0 0.0321103 0.0620899 0.0868261
6.12 0 0.0345669 0.0665503 0.0930338
6.13 0 0.0370649 0.0710029 0.098675
6.14 0 0.0395927 0.0753817 0.103742
6.15 0 0.0419635 0.0793946 0.108074
6.16 0 0.0439068 0.0826462 0.111435
6.17 0 0.0451923 0.0847939 0.113632
6.18 0 0.0456871 0.0856333 0.114557
6.19 0 0.0453182 0.0850714 0.114138
6.2 0 0.0440022 0.0830295 0.112248
6.21 0 0.0416774 0.0794325 0.108715
6.22 0 0.038329 0.0742187 0.103356
6.23 0 0.0339492 0.0673186 0.0959643
6.24 0 0.0286033 0.0587566 0.086413
6.25 0 0.0225749 0.0488211 0.074835
6.26 0 0.0162471 0.0379491 0.0615255
6.27 0 0.00984971 0.026455 0.0467008
6.28 0 0.0034927 0.0145223 0.0305215
6.29 0 -0.0026695 0.00230058 0.0132062
6.3 0 -0.00846476 -0.0100555 -0.00498129
6.31 0 -0.0138586 -0.0223475 -0.0237504
6.32 0 -0.0189558 -0.0343672 -0.042754
6.33 0 -0.0238877 -0.0459975 -0.0616015
6.34 0 -0.0287809 -0.0572415 -0.0799473
6.35 0 -0.033736 -0.0681394 -0.0975405
6.36 0 -0.0387862 -0.0786993 -0.114193
6.37 0 -0.0439048 -0.0889126 -0.129749
6.38 0 -0.0490537 -0.0987778 -0.144106
6.39 0 -0.0542158 -0.108301 -0.157239
6.4 0 -0.0593926 -0.117484 -0.169177
6.41 0 -0.0645762 -0.126301 -0.179977
6.42 0 -0.0696837 -0.134647 -0.189655
6.43 0 -0.0745425 -0.142333 -0.198162
6.44 0 -0.0790078 -0.149212 -0.205492
6.45 0 -0.0830272 -0.155237 -0.211738
6.46 0 -0.0865773 -0.160415 -0.217024
6.47 0 -0.089629 -0.164772 -0.22146
6.48 0 -0.0921579 -0.168355 -0.225151
6.49 0 -0.0942485 -0.171188 -0.228184
6.5 0 -0.0960607 -0.173284 -0.23061
6.51 0 -0.097614 -0.174777 -0.232454
6.52 0 -0.098844 -0.175914 -0.233768
6.53 0 -0.0997274 -0.176901 -0.234626
6.54 0 -0.100277 -0.177802 -0.235101
6.55 0 -0.100566 -0.178569 -0.235288
6.56 0 -0.10069 -0.179078 -0.235286
6.57 0 -0.10069 -0.179181 -0.235129
6.58 0 -0.100554 -0.178804 -0.23481
6.59 0 -0.100257 -0.178004 -0.234311
6.6 0 -0.0997672 -0.176936 -0.233613
6.61 0 -0.0990685 -0.175762 -0.232696
6.62 0 -0.0981749 -0.174584 -0.231551
6.63 0 -0.0971477 -0.173417 -0.230194
6.64 0 -0.0961047 -0.172235 -0.228684
6.65 0 -0.0951804 -0.171009 -0.227107
6.66 0 -0.0944665 -0.169744 -0.225529
6.67 0 -0.0939935 -0.168505 -0.223992
6.68 0 -0.0937413 -0.167408 -0.222524
6.69 0 -0.0936451 -0.166559 -0.221128
6.7 0 -0.0935978 -0.165972 -0.219776
6.71 0 -0.0934897 -0.165548 -0.218423
6.72 0 -0.0932543 -0.165125 -0.217052
6.73 0 -0.0928739 -0.164533 -0.215676
6.74 0 -0.0923497 -0.163648 -0.214312
6.75 0 -0.09166 -0.162412 -0.212945
6.76 0 -0.090752 -0.160832 -0.211522
6.77 0 -0.0895834 -0.158983 -0.20998
6.78 0 -0.0881634 -0.156976 -0.208286
6.79 0 -0.0865341 -0.154884 -0.20641
6.8 0 -0.0847309 -0.152684 -0.204297
6.81 0 -0.0827707 -0.150266 -0.201855
6.82 0 -0.0806452 -0.147476 -0.198971
6.83 0 -0.0783138 -0.144164 -0.195506
6.84 0 -0.0757045 -0.14021 -0.191304
6.85 0 -0.0727188 -0.135526 -0.186197
6.86 0 -0.0692469 -0.130033 -0.180014
6.87 0 -0.0651852 -0.123638 -0.172588
6.88 0 -0.0604869 -0.116255 -0.163806
6.89 0 -0.0552079 -0.107855 -0.153655
6.9 0 -0.0494542 -0.098454 -0.142178
6.91 0 -0.0432469 -0.0880214 -0.129351
6.92 0 -0.0364841 -0.0764543 -0.115044
6.93 0 -0.0291218 -0.0637415 -0.0991932
6.94 0 -0.0213001 -0.0500693 -0.0819192
6.95 0 -0.0132435 -0.0357144 -0.0634268
6.96 0 -0.00514554 -0.0209081 -0.0438736
6.97 0 0.002831 -0.0057692 -0.0233233
6.98 0 0.0105556 0.00957314 -0.00182178
6.99 0 0.0179746 0.0248227 0.0204819
7 0 0.0250776 0.0396426 0.0432961
7.01 0 0.0318806 0.0539169 0.0662213
7.02 0 0.0384565 0.0678235 0.0888588
7.03 0 0.0449013 0.0816126 0.110913
7.04 0 0.0512746 0.0953552 0.13217
7.05 0 0.0575803 0.108903 0.152424
7.06 0 0.0638 0.121993 0.171492
7.07 0 0.069896 0.134341 0.18922
7.08 0 0.0757732 0.145694 0.205446
7.09 0 0.0812784 0.155867 0.22
7.1 0 0.0862311 0.164759 0.232726
7.11 0 0.0904483 0.172314 0.24348
7.12 0 0.0937689 0.178464 0.252134
7.13 0 0.0960728 0.183091 0.258578
7.14 0 0.0973225 0.186065 0.262753
7.15 0 0.0976508 0.187367 0.264747
7.16 0 0.0973535 0.187173 0.264809
7.17 0 0.0967079 0.18576 0.263206
7.18 0 0.0958087 0.183364 0.260072
7.19 0 0.0946035 0.180163 0.255454
7.2 0 0.093048 0.176325 0.249448
7.21 0 0.091175 0.171993 0.242252
7.22 0 0.0890273 0.167205 0.234083
7.23 0 0.0866017 0.161884 0.22512
7.24 0 0.0838641 0.155925 0.215509
7.25 0 0.0807552 0.149267 0.205363
7.26 0 0.0771815 0.141892 0.19474
7.27 0 0.0730686 0.133856 0.183685
7.28 0 0.0684328 0.125299 0.172285
7.29 0 0.0633549 0.116377 0.160643
7.3 0 0.0579226 0.107179 0.148821
7.31 0 0.0522794 0.0977938 0.136897
7.32 0 0.0466722 0.0883981 0.125038
7.33 0 0.0413819 0.0792413 0.113449
7.34 0 0.0366304 0.0705907 0.102305
7.35 0 0.0324884 0.062635 0.0916719
7.36 0 0.028862 0.0554191 0.0814822
7.37 0 0.0256586 0.0489441 0.0716921
7.38 0 0.022912 0.043254 0.062397
7.39 0 0.0206717 0.0383364 0.0537226
7.4 0 0.0188466 0.0340048 0.0456721
7.41 0 0.0172447 0.0299831 0.0381634
7.42 0 0.015713 0.0260852 0.0311658
7.43 0 0.0141464 0.0222325 0.0247069
7.44 0 0.0124134 0.0183555 0.0187834
7.45 0 0.0103465 0.0143544 0.0133221
7.46 0 0.00780469 0.0101346 0.00821926
7.47 0 0.00473287 0.00563404 0.00338451
7.48 0 0.0011898 0.000803849 -0.0012713
7.49 0 -0.00265355 -0.00439371 -0.00586453
7.5 0 -0.00659256 -0.00991718 -0.0105337
7.51 0 -0.0104859 -0.0155967 -0.0154153
7.52 0 -0.0142484 -0.0211845 -0.020616
7.53 0 -0.0177702 -0.0264396 -0.0261668
7.54 0 -0.0208833 -0.0311874 -0.0319952
7.55 0 -0.0233887 -0.0353357 -0.0379327
7.56 0 -0.0251427 -0.0388825 -0.0437852
7.57 0 -0.0261661 -0.0419229 -0.0494297
7.58 0 -0.0265871 -0.0445339 -0.0547623
7.59 0 -0.0264968 -0.0466336 -0.0595779
7.6 0 -0.0259977 -0.0480881 -0.0636606
7.61 0 -0.0253155 -0.0489092 -0.0669382
7.62 0 -0.0247267 -0.0492555 -0.0694404
7.63 0 -0.0244469 -0.0493619 -0.0712125
7.64 0 -0.0245917 -0.0494881 -0.0722888
7.65 0 -0.0251571 -0.0498273 -0.0726689
7.66 0 -0.0260704 -0.0504596 -0.0723568
7.67 0 -0.0272937 -0.0513875 -0.0714566
7.68 0 -0.0288547 -0.052572 -0.0701985
7.69 0 -0.0307906 -0.0539577 -0.0688809
7.7 0 -0.0330612 -0.0554848 -0.0677768
7.71 0 -0.0354809 -0.0570715 -0.0670482
7.72 0 -0.0377783 -0.0586484 -0.0667719
7.73 0 -0.039729 -0.0602124 -0.0670286
7.74 0 -0.0411616 -0.061745 -0.0678688
7.75 0 -0.0419201 -0.0631151 -0.0692465
7.76 0 -0.041912 -0.0641204 -0.0710519
7.77 0 -0.041126 -0.0645521 -0.0731305
7.78 0 -0.0395952 -0.0642327 -0.0752621
7.79 0 -0.0373968 -0.0630807 -0.0771876
7.8 0 -0.0346694 -0.0611504 -0.0786585
7.81 0 -0.0315832 -0.0585866 -0.0794432
7.82 0 -0.0283086 -0.0555465 -0.0793295
7.83 0 -0.0250385 -0.0521842 -0.0781774
7.84 0 -0.022035 -0.048699 -0.0759809
7.85 0 -0.0196066 -0.0453478 -0.0728596
7.86 0 -0.0179773 -0.0423479 -0.0689537
7.87 0 -0.017161 -0.0397641 -0.0643256
7.88 0 -0.0169933 -0.0375207 -0.0589959
7.89 0 -0.0172557 -0.0354929 -0.0530444
7.9 0 -0.0177301 -0.0335431 -0.0466306
7.91 0 -0.0181824 -0.0314995 -0.0399389
7.92 0 -0.0183623 -0.0291606 -0.0331444
7.93 0 -0.0180396 -0.0263446 -0.0264243
7.94 0 -0.0170264 -0.0229263 -0.0199494
7.95 0 -0.015172 -0.0188409 -0.0138341
7.96 0 -0.0123742 -0.01408 -0.00810932
7.97 0 -0.008626 -0.00869977 -0.00275141
7.98 0 -0.00404853 -0.00281423 0.00228814
7.99 0 0.00107503 0.00344901 0.00708457
8 0 0.00633898 0.00996374 0.0117591
8.01 0 0.0114409 0.0165813 0.0165233
8.02 0 0.0162758 0.0231309 0.0216555
8.03 0 0.020764 0.0294182 0.0273597
8.04 0 0.0247643 0.0352676 0.0336949
8.05 0 0.0281548 0.0406284 0.0406394
8.06 0 0.0308989 0.0456042 0.0481448
8.07 0 0.0330419 0.0503675 0.0561255
8.08 0 0.0346866 0.0550541 0.0644458
8.09 0 0.0359607 0.0596945 0.0729169
8.1 0 0.0370147 0.0642246 0.0813286
8.11 0 0.0380387 0.0685696 0.0895092
8.12 0 0.0392129 0.0726903 0.0973252
8.13 0 0.0406438 0.0765856 0.104651
8.14 0 0.042371 0.0803189 0.111382
8.15 0 0.0443968 0.0840196 0.117449
8.16 0 0.0466889 0.0878149 0.122812
8.17 0 0.0491771 0.0917473 0.127434
8.18 0 0.0518071 0.0957741 0.131326
8.19 0 0.054607 0.0998348 0.134614
8.2 0 0.0576423 0.103872 0.137505
8.21 0 0.0609128 0.107822 0.140194
8.22 0 0.0643058 0.111627 0.142807
8.23 0 0.0676294 0.115262 0.145419
8.24 0 0.0706674 0.11872 0.148068
8.25 0 0.073197 0.121936 0.150746
8.26 0 0.0750448 0.124776 0.153413
8.27 0 0.0761888 0.127129 0.156096
8.28 0 0.0767531 0.12896 0.158876
8.29 0 0.0768614 0.130251 0.161772
8.3 0 0.0765208 0.130951 0.164641
8.31 0 0.0756442 0.130991 0.167215
8.32 0 0.0741335 0.130304 0.169193
8.33 0 0.0719898 0.12887 0.170345
8.34 0 0.0693806 0.126754 0.170592
8.35 0 0.0665452 0.124055 0.169924
8.36 0 0.0636955 0.12087 0.168329
8.37 0 0.0610192 0.117349 0.165814
8.38 0 0.058668 0.113698 0.162412
8.39 0 0.0566906 0.110082 0.158128
8.4 0 0.055005 0.106534 0.15291
8.41 0 0.053473 0.102958 0.146726
8.42 0 0.0519628 0.0991755 0.139605
8.43 0 0.0503866 0.0950056 0.131667
8.44 0 0.0487342 0.0903765 0.123138
8.45 0 0.046992 0.085313 0.114262
8.46 0 0.0450631 0.0798718 0.105203
8.47 0 0.0428307 0.0741545 0.0960871
8.48 0 0.0402271 0.0682903 0.0870509
8.49 0 0.0372313 0.0623631 0.0782151
8.5 0 0.0338523 0.0563689 0.0696606
8.51 0 0.0301401 0.0502523 0.0614437
8.52 0 0.0262076 0.0439919 0.0536318
8.53 0 0.0221693 0.037614 0.0462641
8.54 0 0.0180187 0.0311085 0.0392429
8.55 0 0.0136159 0.0243891 0.0323169
8.56 0 0.00880764 0.0173447 0.0251847
8.57 0 0.00356663 0.00989097 0.0176067
8.58 0 -0.00192923 0.00197674 0.00943886
8.59 0 -0.00742877 -0.00640381 0.000569686
8.6 0 -0.0128027 -0.0151557 -0.00911322
8.61 0 -0.0179951 -0.0240591 -0.0196508
8.62 0 -0.0229212 -0.0328406 -0.0309589
8.63 0 -0.0274723 -0.0412749 -0.0428505
8.64 0 -0.0315244 -0.0492228 -0.0550557
8.65 0 -0.034956 -0.0566226 -0.0672307
8.66 0 -0.0376879 -0.0634551 -0.0790008
8.67 0 -0.0397072 -0.0696655 -0.0900159
8.68 0 -0.0410724 -0.0751108 -0.0999847
8.69 0 -0.0419406 -0.0796343 -0.108735
8.7 0 -0.0425641 -0.0831836 -0.116234
8.71 0 -0.0431749 -0.0858365 -0.122488
8.72 0 -0.043895 -0.0877777 -0.127478
8.73 0 -0.0447405 -0.0892543 -0.131166
8.74 0 -0.0456421 -0.0904738 -0.133491
8.75 0 -0.0465117 -0.0915385 -0.134409
8.76 0 -0.0473673 -0.0924818 -0.134011
8.77 0 -0.0483672 -0.0933111 -0.132572
8.78 0 -0.0496646 -0.093983 -0.130435
8.79 0 -0.051249 -0.0943957 -0.127853
8.8 0 -0.0529265 -0.0944513 -0.124965
8.81 0 -0.0544115 -0.0941215 -0.121851
8.82 0 -0.0554501 -0.0934611 -0.11861
8.83 0 -0.0559018 -0.0925625 -0.115395
8.84 0 -0.0557451 -0.0914842 -0.112389
8.85 0 -0.0550558 -0.0902288 -0.109777
8.86 0 -0.0539821 -0.0887904 -0.107729
8.87 0 -0.0526918 -0.0872037 -0.106373
8.88 0 -0.0512638 -0.0855122 -0.105699
8.89 0 -0.0496658 -0.0837539 -0.105546
8.9 0 -0.0478881 -0.0820298 -0.105729
8.91 0 -0.0459813 -0.0804521 -0.106081
8.92 0 -0.0440017 -0.0790273 -0.106411
8.93 0 -0.0420214 -0.0776627 -0.106528
8.94 0 -0.0401291 -0.0762198 -0.106265
8.95 0 -0.0383947 -0.0745637 -0.105479
8.96 0 -0.0368502 -0.0726161 -0.104041
8.97 0 -0.0354819 -0.0703737 -0.101853
8.98 0 -0.0342269 -0.0678753 -0.0988305
8.99 0 -0.0330021 -0.0651636 -0.0949331
9 0 -0.031742 -0.0622553 -0.0901825
9.01 0 -0.0303905 -0.0591025 -0.0846436
9.02 0 -0.0288795 -0.0555862 -0.0783921
9.03 0 -0.0271398 -0.051575 -0.071516
9.04 0 -0.025125 -0.046999 -0.0641286
9.05 0 -0.0228059 -0.0418761 -0.0563547
9.06 0 -0.0201302 -0.0362636 -0.0482784
9.07 0 -0.0170081 -0.0301986 -0.0399154
9.08 0 -0.013389 -0.0237168 -0.0312767
9.09 0 -0.00933242 -0.0168913 -0.0224351
9.1 0 -0.00498501 -0.00980925 -0.0135026
9.11 0 -0.000555353 -0.00254117 -0.00458171
9.12 0 0.00373623 0.00485129 0.00428026
9.13 0 0.0077726 0.0122467 0.0130917
9.14 0 0.0115513 0.0194096 0.0218511
9.15 0 0.0150988 0.0260788 0.0305112
9.16 0 0.018393 0.0320879 0.0389587
9.17 0 0.0213463 0.0374016 0.0470083
9.18 0 0.0238966 0.0421277 0.0544903
9.19 0 0.0260894 0.046479 0.0613366
9.2 0 0.0280484 0.0506483 0.0675595
9.21 0 0.029924 0.0547196 0.0732041
9.22 0 0.0318706 0.0586907 0.0783366
9.23 0 0.0339904 0.0625091 0.0830085
9.24 0 0.036262 0.0660797 0.0871987
9.25 0 0.0385485 0.0693012 0.0908218
9.26 0 0.0406943 0.0721309 0.0938093
9.27 0 0.0426272 0.0746234 0.0961915
9.28 0 0.0443251 0.0768392 0.0980503
9.29 0 0.0457098 0.0787103 0.0994029
9.3 0 0.0466673 0.0800663 0.100215
9.31 0 0.0471339 0.080752 0.100477
9.32 0 0.0471522 0.0807358 0.100265
9.33 0 0.0468471 0.080134 0.0997161
9.34 0 0.0462967 0.0790993 0.0989105
9.35 0 0.0454909 0.0777457 0.0978287
9.36 0 0.0444351 0.0761867 0.0964506
9.37 0 0.0432124 0.0745422 0.0948153
9.38 0 0.0419576 0.0729038 0.0930032
9.39 0 0.0408111 0.0713226 0.0911038
9.4 0 0.0398265 0.0697722 0.0891384
9.41 0 0.0389129 0.0681291 0.0870099
9.42 0 0.0378972 0.0662344 0.0845594
9.43 0 0.0366114 0.0639515 0.0816401
9.44 0 0.0349471 0.0611865 0.0781571
9.45 0 0.0328659 0.0578802 0.0740702
9.46 0 0.0303626 0.0539788 0.0693545
9.47 0 0.0274617 0.0494504 0.0640005
9.48 0 0.0242617 0.0443587 0.0580655
9.49 0 0.0209288 0.0388814 0.0516794
9.5 0 0.0175886 0.0332038 0.044945
9.51 0 0.0142508 0.0274169 0.0378655
9.52 0 0.0108706 0.0215381 0.030405
9.53 0 0.00742892 0.0155621 0.0225665
9.54 0 0.00396327 0.00947564 0.0144092
9.55 0 0.00055744 0.00325311 0.00601261
9.56 0 -0.0027223 -0.00313285 -0.00257333
9.57 0 -0.00588446 -0.00965696 -0.0113276
9.58 0 -0.00901029 -0.0162112 -0.0202215
9.59 0 -0.0121884 -0.0226428 -0.0291794
9.6 0 -0.0154315 -0.0288226 -0.0380554
9.61 0 -0.0186558 -0.0346883 -0.0466497
9.62 0 -0.0217251 -0.0402236 -0.0547443
9.63 0 -0.0245457 -0.0454444 -0.0621749
9.64 0 -0.0271487 -0.0504036 -0.0689037
9.65 0 -0.0296534 -0.0551463 -0.0749926
9.66 0 -0.0321372 -0.05963 -0.0804849
9.67 0 -0.0345411 -0.0636954 -0.085319
9.68 0 -0.0367346 -0.0671691 -0.0893901
9.69 0 -0.0386471 -0.0700029 -0.0926741
9.7 0 -0.0402918 -0.072283 -0.0952436
9.71 0 -0.0416947 -0.0741311 -0.0971912
9.72 0 -0.0428432 -0.0756168 -0.0985714
9.73 0 -0.0437078 -0.0767482 -0.0994161
9.74 0 -0.0442717 -0.0774936 -0.0997608
9.75 0 -0.0445117 -0.0777785 -0.0996229
9.76 0 -0.044389 -0.0775078 -0.0989923
9.77 0 -0.0438684 -0.0766129 -0.0978494
9.78 0 -0.0429405 -0.0750891 -0.0961865
9.79 0 -0.0416329 -0.0730015 -0.0940177
9.8 0 -0.039999 -0.0704549 -0.0913688
9.81 0 -0.038101 -0.0675521 -0.0882625
9.82 0 -0.035936 -0.064299 -0.0846472
9.83 0 -0.0334054 -0.0605604 -0.0803665
9.84 0 -0.0304851 -0.0562334 -0.0753298
9.85 0 -0.0273341 -0.0513876 -0.0696281
9.86 0 -0.0241461 -0.0461693 -0.0634032
9.87 0 -0.0209914 -0.040678 -0.0567055
9.88 0 -0.017817 -0.0349501 -0.0494956
9.89 0 -0.0145905 -0.0290505 -0.0417791
9.9 0 -0.0114292 -0.0231615 -0.0337312
9.91 0 -0.00847394 -0.0174535 -0.0255743
9.92 0 -0.00570376 -0.0119141 -0.0173921
9.93 0 -0.00300499 -0.00641634 -0.00917807
9.94 0 -0.000327291 -0.000868455 -0.000969824
9.95 0 0.00227454 0.00470449 0.00709967
9.96 0 0.00473164 0.0101792 0.0148661
9.97 0 0.0070774 0.0154293 0.0222356
9.98 0 0.0094265 0.0203694 0.0291777
9.99 0 0.0118811 0.0249712 0.0356677
10 0 0.0144759 0.0292874 0.0416696
10.01 0 0.0171756 0.0334295 0.0471447
10.02 0 0.0198928 0.0374888 0.0520511
10.03 0 0.0225187 0.0414673 0.0563484
10.04 0 0.0249737 0.0452748 0.0600309
10.05 0 0.0272236 0.0487623 0.0631399
10.06 0 0.0292398 0.0517558 0.0657271
10.07 0 0.030962 0.054103 0.0678177
10.08 0 0.0323551 0.0557822 0.0694645
10.09 0 0.0334716 0.0569657 0.0708041
10.1 0 0.0343304 0.05785 0.0719275
10.11 0 0.0348534 0.0585119 0.0728054
10.12 0 0.0350566 0.0590267 0.0734676
10.13 0 0.0350966 0.0594989 0.0740508
10.14 0 0.0350947 0.059933 0.0746364
10.15 0 0.0351308 0.0602987 0.0752603
10.16 0 0.0353058 0.0606546 0.0759901
10.17 0 0.0356475 0.0610756 0.0768387
10.18 0 0.0360776 0.0615899 0.07773
10.19 0 0.0365048 0.062206 0.0785809
10.2 0 0.0369045 0.0629345 0.0793714
10.21 0 0.0373416 0.063797 0.0801655
10.22 0 0.037913 0.0648029 0.0810606
10.23 0 0.0386574 0.0659174 0.0821076
10.24 0 0.0395286 0.067076 0.0832881
10.25 0 0.0404303 0.0682247 0.0845453
10.26 0 0.0412164 0.0692875 0.0857724
10.27 0 0.0416997 0.0701235 0.0868042
10.28 0 0.0417724 0.0706057 0.0875241
10.29 0 0.0414714 0.0706866 0.0879252
10.3 0 0.0408716 0.0703325 0.0880121
10.31 0 0.0399872 0.0694751 0.0877139
10.32 0 0.0387759 0.0680411 0.0868964
10.33 0 0.0371655 0.0659683 0.0853902
10.34 0 0.0351075 0.0632256 0.0830429
10.35 0 0.0326935 0.0599014 0.079838
10.36 0 0.0301642 0.056212 0.0759167
10.37 0 0.0276889 0.0523047 0.0713767
10.38 0 0.0252162 0.0481233 0.0661361
10.39 0 0.0226475 0.0435744 0.0601072
10.4 0 0.0200161 0.0386984 0.0533708
10.41 0 0.0174217 0.0336115 0.0461081
10.42 0 0.0149103 0.0283999 0.0384805
10.43 0 0.0124293 0.0230803 0.030583
10.44 0 0.00984634 0.0176036 0.0224545
10.45 0 0.00700362 0.0118851 0.0141154
10.46 0 0.00382135 0.00587604 0.00563315
10.47 0 0.000403385 -0.000365421 -0.00281885
10.48 0 -0.00304236 -0.0067203 -0.011046
10.49 0 -0.00640294 -0.0130836 -0.018967
10.5 0 -0.00971734 -0.0193436 -0.0266067
10.51 0 -0.0130792 -0.0253752 -0.0340123
10.52 0 -0.0165484 -0.0311216 -0.041222
10.53 0 -0.020104 -0.036621 -0.0482386
10.54 0 -0.0236011 -0.0419083 -0.05497
10.55 0 -0.0268236 -0.0469531 -0.0612552
10.56 0 -0.029633 -0.0517026 -0.0669909
10.57 0 -0.0320517 -0.0561226 -0.0722047
10.58 0 -0.0341999 -0.0601752 -0.0769982
10.59 0 -0.0362019 -0.0638224 -0.0814712
10.6 0 -0.0381612 -0.0670943 -0.085716
10.61 0 -0.0401579 -0.0701301 -0.0898266
10.62 0 -0.042246 -0.0731497 -0.093896
10.63 0 -0.0444599 -0.0763865 -0.0980141
10.64 0 -0.0467573 -0.079945 -0.102197
10.65 0 -0.0489845 -0.0836995 -0.106338
10.66 0 -0.0510606 -0.0874639 -0.110382
10.67 0 -0.0530887 -0.0911599 -0.114439
10.68 0 -0.0551507 -0.0947154 -0.118597
10.69 0 -0.0571749 -0.098013 -0.122798
10.7 0 -0.0590446 -0.101008 -0.126943
10.71 0 -0.0606928 -0.103769 -0.130975
10.72 0 -0.0621036 -0.106399 -0.13487
10.73 0 -0.0633068 -0.10897 -0.138628
10.74 0 -0.0643499 -0.111475 -0.142244
10.75 0 -0.0652369 -0.1138 -0.145656
10.76 0 -0.065928 -0.115767 -0.148751
10.77 0 -0.0663635 -0.117212 -0.151397
10.78 0 -0.0664552 -0.117999 -0.153442
10.79 0 -0.0660849 -0.118015 -0.1547
10.8 0 -0.0651755 -0.117208 -0.155021
10.81 0 -0.0637956 -0.115667 -0.154388
10.82 0 -0.0621512 -0.113601 -0.152914
10.83 0 -0.0604484 -0.111214 -0.15072
10.84 0 -0.0587509 -0.108574 -0.147808
10.85 0 -0.0570057 -0.105634 -0.144096
10.86 0 -0.0552109 -0.102384 -0.139588
10.87 0 -0.0534566 -0.0988999 -0.134421
10.88 0 -0.0518309 -0.0952767 -0.128772
10.89 0 -0.0503119 -0.0915407 -0.122749
10.9 0 -0.0487448 -0.0876176 -0.116358
10.91 0 -0.0469958 -0.0834571 -0.109637
10.92 0 -0.0450657 -0.0791211 -0.102748
10.93 0 -0.0430245 -0.0747178 -0.0959052
10.94 0 -0.0408916 -0.070295 -0.0892504
10.95 0 -0.0385684 -0.0657788 -0.0827794
10.96 0 -0.0359584 -0.0610859 -0.0764548
10.97 0 -0.0331131 -0.0562654 -0.0703472
10.98 0 -0.0301713 -0.0514487 -0.0645788
10.99 0 -0.0271765 -0.0466818 -0.0591503
11 0 -0.0240074 -0.0418494 -0.0538734
11.01 0 -0.0205758 -0.0368468 -0.0485654
11.02 0 -0.0169793 -0.0317156 -0.0432001
11.03 0 -0.0133832 -0.0265422 -0.0378013
11.04 0 -0.00987617 -0.0213498 -0.0323193
11.05 0 -0.0064438 -0.016089 -0.0266173
11.06 0 -0.00306238 -0.0106891 -0.0205431
11.07 0 0.00017733 -0.00515212 -0.0140329
11.08 0 0.00309726 0.000388093 -0.00713496
11.09 0 0.00561342 0.00575315 9.56159e-05
11.1 0 0.00785036 0.010872 0.00769713
11.11 0 0.010007 0.0157725 0.0157028
11.12 0 0.012133 0.0204612 0.0239623
11.13 0 0.0141177 0.0249171 0.0321508
11.14 0 0.0158818 0.0291923 0.0399558
11.15 0 0.0175011 0.0334218 0.0472102
11.16 0 0.0191563 0.0377151 0.053872
11.17 0 0.0210558 0.0421 0.0599743
11.18 0 0.0233815 0.0465532 0.0655901
11.19 0 0.0262296 0.0510509 0.0707902
11.2 0 0.0295919 0.0556167 0.0756351
11.21 0 0.0333587 0.0603099 0.0801703
11.22 0 0.0373154 0.0651398 0.0843989
11.23 0 0.0411845 0.0700017 0.0882901
11.24 0 0.0447353 0.0747138 0.0918535
11.25 0 0.0478835 0.0791175 0.0952134
11.26 0 0.0506673 0.0831208 0.098575
11.27 0 0.053087 0.0866338 0.102065
11.28 0 0.0550035 0.0895273 0.105623
11.29 0 0.0562081 0.0916858 0.109062
11.3 0 0.0565936 0.0931035 0.112217
11.31 0 0.0562801 0.0939405 0.115079
11.32 0 0.0555164 0.0943996 0.117711
11.33 0 0.0544664 0.0945317 0.120061
11.34 0 0.0532017 0.0942652 0.121979
11.35 0 0.0518546 0.0936057 0.123394
11.36 0 0.0506165 0.092687 0.124322
11.37 0 0.0496174 0.0916741 0.124764
11.38 0 0.0488318 0.0906422 0.124613
11.39 0 0.048077 0.089506 0.123642
11.4 0 0.0472056 0.0881385 0.121685
11.41 0 0.0462665 0.0865052 0.118798
11.42 0 0.0454127 0.0846229 0.115179
11.43 0 0.0447474 0.0825028 0.111036
11.44 0 0.044243 0.0801426 0.106502
11.45 0 0.0437362 0.0775252 0.101623
11.46 0 0.0430242 0.0746505 0.0964225
11.47 0 0.042013 0.0715969 0.0910199
11.48 0 0.0407889 0.0685386 0.0856799
11.49 0 0.0395106 0.0656408 0.0807005
11.5 0 0.0381996 0.062891 0.0762077
11.51 0 0.0366681 0.0600594 0.0720824
11.52 0 0.0347027 0.0568929 0.068135
11.53 0 0.0322774 0.0533282 0.0643105
11.54 0 0.0295576 0.0495087 0.0606942
11.55 0 0.0267668 0.0456672 0.0573902
11.56 0 0.0240047 0.0419424 0.0543565
11.57 0 0.0211474 0.0382389 0.051312
11.58 0 0.0179801 0.0342998 0.0478642
11.59 0 0.0144678 0.0299464 0.0437765
11.6 0 0.010881 0.0252502 0.0391113
11.61 0 0.00759028 0.0204328 0.0340654
11.62 0 0.00480374 0.0156671 0.0287274
11.63 0 0.00253323 0.0110366 0.0230446
11.64 0 0.000739421 0.00666875 0.0169912
11.65 0 -0.000628215 0.00272183 0.0106212
11.66 0 -0.00174165 -0.000828235 0.00393718
11.67 0 -0.00277167 -0.00413347 -0.00301393
11.68 0 -0.00372518 -0.00729056 -0.00999163
11.69 0 -0.00459057 -0.0104022 -0.016713
11.7 0 -0.00551831 -0.0136652 -0.0230482
11.71 0 -0.00679765 -0.0173015 -0.0290304
11.72 0 -0.00867617 -0.0214023 -0.0347131
11.73 0 -0.0111871 -0.0258301 -0.0400239
11.74 0 -0.0142113 -0.0303676 -0.0448462
11.75 0 -0.0176725 -0.0349591 -0.0492123
11.76 0 -0.0215687 -0.0397266 -0.0533177
11.77 0 -0.025887 -0.0448399 -0.0574152
11.78 0 -0.0304996 -0.0503583 -0.061687
11.79 0 -0.0351123 -0.0561206 -0.0661615
11.8 0 -0.0393783 -0.061817 -0.070788
11.81 0 -0.0430559 -0.0671434 -0.0755562
11.82 0 -0.0460761 -0.0719213 -0.0805416
11.83 0 -0.04844 -0.0760689 -0.0857977
11.84 0 -0.0500385 -0.0794597 -0.0911757
11.85 0 -0.050676 -0.081923 -0.0963451
11.86 0 -0.0502758 -0.0833855 -0.100998
11.87 0 -0.0490012 -0.0839385 -0.104988
11.88 0 -0.0471551 -0.0837392 -0.108268
11.89 0 -0.0450439 -0.0829204 -0.1108
11.9 0 -0.0429094 -0.0815844 -0.112524
11.91 0 -0.0408989 -0.079832 -0.113336
11.92 0 -0.0391125 -0.0778198 -0.113151
11.93 0 -0.0376496 -0.0757633 -0.11195
11.94 0 -0.0366039 -0.0738724 -0.109774
11.95 0 -0.03603 -0.072264 -0.106705
11.96 0 -0.0359323 -0.0709249 -0.102862
11.97 0 -0.0363086 -0.0697887 -0.0984514
11.98 0 -0.0371491 -0.0688097 -0.0937577
11.99 0 -0.0383286 -0.0679205 -0.0890173
12 0 -0.0395608 -0.0669963 -0.0843422
12.01 0 -0.0405523 -0.0659569 -0.0798302
12.02 0 -0.0411436 -0.0648302 -0.0756629
12.03 0 -0.0412839 -0.0636711 -0.0720572
12.04 0 -0.0409848 -0.0624969 -0.0692081
12.05 0 -0.0402583 -0.0612574 -0.0672215
12.06 0 -0.0390825 -0.0598543 -0.0660752
12.07 0 -0.0374742 -0.0582556 -0.065691
12.08 0 -0.0355244 -0.0565416 -0.0659753
12.09 0 -0.0333471 -0.0548344 -0.0667821
12.1 0 -0.031034 -0.0532103 -0.0678887
12.11 0 -0.0286499 -0.0516574 -0.069015
12.12 0 -0.0262604 -0.0500954 -0.0698753
12.13 0 -0.0239378 -0.0484076 -0.0702094
12.14 0 -0.0217643 -0.0464932 -0.0698106
12.15 0 -0.0198397 -0.0443279 -0.0685561
12.16 0 -0.0182392 -0.0419544 -0.0663801
12.17 0 -0.016979 -0.0394479 -0.0632513
12.18 0 -0.0160097 -0.0368712 -0.0591681
12.19 0 -0.015175 -0.0341705 -0.0541052
12.2 0 -0.014253 -0.0311677 -0.048031
12.21 0 -0.0131406 -0.0277391 -0.0410686
12.22 0 -0.0119217 -0.0239332 -0.0335506
12.23 0 -0.0107199 -0.0198934 -0.0258698
12.24 0 -0.00948951 -0.0156847 -0.0182661
12.25 0 -0.0079278 -0.011185 -0.0107232
12.26 0 -0.00569094 -0.00622605 -0.00315233
12.27 0 -0.00267338 -0.000773425 0.00439012
12.28 0 0.000953475 0.00510026 0.0117284
12.29 0 0.00489927 0.0113057 0.0187177
12.3 0 0.0089787 0.017755 0.0253618
12.31 0 0.0131577 0.0243002 0.0317752
12.32 0 0.0173866 0.030697 0.038038
12.33 0 0.0215891 0.0367652 0.0442183
12.34 0 0.0257702 0.0425597 0.0504766
12.35 0 0.029901 0.0482393 0.0569383
12.36 0 0.033815 0.0538806 0.0635718
12.37 0 0.0373303 0.0594796 0.0702869
12.38 0 0.0403683 0.0649811 0.077034
12.39 0 0.0429964 0.0703164 0.0838403
12.4 0 0.0454096 0.0754691 0.0908068
12.41 0 0.0478148 0.0804752 0.098021
12.42 0 0.050282 0.085355 0.10544
12.43 0 0.0527016 0.0900681 0.112863
12.44 0 0.0549233 0.094577 0.120063
12.45 0 0.0569399 0.0989394 0.126952
12.46 0 0.0589137 0.103297 0.133612
12.47 0 0.0609863 0.107713 0.140109
12.48 0 0.0631064 0.112051 0.14633
12.49 0 0.0651728 0.116136 0.152127
12.5 0 0.0672242 0.119974 0.157517
12.51 0 0.069316 0.12363 0.162554
12.52 0 0.0714046 0.127114 0.167214
12.53 0 0.0734452 0.130451 0.171486
12.54 0 0.0754216 0.133674 0.175397
12.55 0 0.0772823 0.136745 0.178933
12.56 0 0.0789553 0.139563 0.18206
12.57 0 0.0803835 0.142013 0.184749
12.58 0 0.0815183 0.14398 0.186969
12.59 0 0.0823106 0.145371 0.188688
12.6 0 0.0827018 0.146115 0.189853
12.61 0 0.0826238 0.14616 0.190392
12.62 0 0.0820391 0.145496 0.190248
12.63 0 0.0809869 0.144184 0.189419
12.64 0 0.0795414 0.142303 0.187919
12.65 0 0.0777457 0.139881 0.185721
12.66 0 0.0756211 0.136911 0.182764
12.67 0 0.0731881 0.133374 0.178987
12.68 0 0.0704938 0.129277 0.174362
12.69 0 0.0676489 0.124703 0.168946
12.7 0 0.0647465 0.119744 0.162806
12.71 0 0.061733 0.114376 0.155895
12.72 0 0.0584435 0.108471 0.148085
12.73 0 0.0548023 0.101964 0.139346
12.74 0 0.0509417 0.0949779 0.129868
12.75 0 0.0470619 0.087713 0.119921
12.76 0 0.0432277 0.0802759 0.109658
12.77 0 0.0393215 0.0726321 0.0990685
12.78 0 0.035174 0.0646988 0.0880875
12.79 0 0.030765 0.0565072 0.0767851
12.8 0 0.0262321 0.0482018 0.0653658
12.81 0 0.0216324 0.0398289 0.0539355
12.82 0 0.0168631 0.0312767 0.0424213
12.83 0 0.0118367 0.0224476 0.0307442
12.84 0 0.00658786 0.0133634 0.0189305
12.85 0 0.00127065 0.00411396 0.00707783
12.86 0 -0.00387998 -0.00518421 -0.00470431
12.87 0 -0.0087129 -0.0143606 -0.0163463
12.88 0 -0.0132801 -0.0232193 -0.0278405
12.89 0 -0.0177133 -0.0316134 -0.0391783
12.9 0 -0.0220818 -0.0395052 -0.0502888
12.91 0 -0.0263724 -0.0469797 -0.061047
12.92 0 -0.0305186 -0.0541768 -0.0713135
12.93 0 -0.0344382 -0.0611819 -0.0809569
12.94 0 -0.0380898 -0.0679855 -0.0898918
12.95 0 -0.0415471 -0.0745505 -0.0981504
12.96 0 -0.0449834 -0.080869 -0.105881
12.97 0 -0.0485736 -0.0869723 -0.113266
12.98 0 -0.0524303 -0.0929529 -0.12047
12.99 0 -0.0565713 -0.0989574 -0.127618
13 0 -0.060903 -0.105119 -0.134759
13.01 0 -0.0652695 -0.111507 -0.141895
13.02 0 -0.069544 -0.11812 -0.149043
13.03 0 -0.0736868 -0.124897 -0.156279
13.04 0 -0.077757 -0.131761 -0.163744
13.05 0 -0.0818549 -0.13866 -0.171603
13.06 0 -0.0859646 -0.145499 -0.179901
13.07 0 -0.0898725 -0.152089 -0.188477
13.08 0 -0.0933616 -0.158294 -0.197158
13.09 0 -0.0963841 -0.164148 -0.205904
13.1 0 -0.0989927 -0.169739 -0.214735
13.11 0 -0.101218 -0.175078 -0.223607
13.12 0 -0.103035 -0.18006 -0.232386
13.13 0 -0.104471 -0.184605 -0.240959
13.14 0 -0.105671 -0.188754 -0.24931
13.15 0 -0.106808 -0.192622 -0.257453
13.16 0 -0.108 -0.196336 -0.265359
13.17 0 -0.109265 -0.199978 -0.272926
13.18 0 -0.110551 -0.20356 -0.279992
13.19 0 -0.1118 -0.207045 -0.286402
13.2 0 -0.11299 -0.210357 -0.292041
13.21 0 -0.11412 -0.213392 -0.29682
13.22 0 -0.115157 -0.215997 -0.300641
13.23 0 -0.116024 -0.217974 -0.303376
13.24 0 -0.116599 -0.219111 -0.304879
13.25 0 -0.116735 -0.219237 -0.305006
13.26 0 -0.116329 -0.218277 -0.303671
13.27 0 -0.115364 -0.216269 -0.300892
13.28 0 -0.113862 -0.213292 -0.296743
13.29 0 -0.111838 -0.209407 -0.291299
13.3 0 -0.109325 -0.204665 -0.284661
13.31 0 -0.106401 -0.199157 -0.276985
13.32 0 -0.103165 -0.192998 -0.268451
13.33 0 -0.0996446 -0.186258 -0.259177
13.34 0 -0.0957753 -0.178933 -0.249191
13.35 0 -0.0914716 -0.170996 -0.238486
13.36 0 -0.0866709 -0.162413 -0.227057
13.37 0 -0.0813433 -0.15314 -0.2149
13.38 0 -0.0754911 -0.143138 -0.202008
13.39 0 -0.0691308 -0.132368 -0.188358
13.4 0 -0.0622728 -0.120794 -0.173899
13.41 0 -0.0549888 -0.108466 -0.15862
13.42 0 -0.0475158 -0.0956338 -0.142674
13.43 0 -0.0401399 -0.0826429 -0.126271
13.44 0 -0.0329753 -0.0697039 -0.109474
13.45 0 -0.0259775 -0.0568698 -0.0922114
13.46 0 -0.0191214 -0.0441647 -0.074446
13.47 0 -0.0125139 -0.0316817 -0.0562857
13.48 0 -0.00633565 -0.019545 -0.0379306
13.49 0 -0.000726699 -0.00778008 -0.0195345
13.5 0 0.00426426 0.00367089 -0.00117573
13.51 0 0.00873224 0.0147943 0.0170463
13.52 0 0.0128775 0.0254824 0.0349031
13.53 0 0.0168802 0.0356315 0.0520336
13.54 0 0.0208543 0.0451922 0.0680708
13.55 0 0.0249061 0.0541948 0.0827943
13.56 0 0.0291778 0.0627711 0.096168
13.57 0 0.0337682 0.0710825 0.10822
13.58 0 0.0386491 0.0792152 0.118935
13.59 0 0.0437083 0.0871708 0.12829
13.6 0 0.0488988 0.0949696 0.136381
13.61 0 0.0542761 0.102667 0.143456
13.62 0 0.0598266 0.110208 0.149749
13.63 0 0.0654347 0.117454 0.155446
13.64 0 0.0710148 0.124371 0.160805
13.65 0 0.076464 0.130999 0.166085
13.66 0 0.0815659 0.137325 0.171423
13.67 0 0.0860733 0.143289 0.176871
13.68 0 0.0898078 0.148818 0.182467
13.69 0 0.0926843 0.153809 0.188233
13.7 0 0.0947178 0.158169 0.194178
13.71 0 0.0959989 0.161849 0.200295
13.72 0 0.0966583 0.164876 0.206546
13.73 0 0.0968482 0.167356 0.212869
13.74 0 0.0967249 0.169445 0.219188
13.75 0 0.0964421 0.171309 0.225422
13.76 0 0.0961531 0.173108 0.231504
13.77 0 0.0960111 0.174993 0.237382
13.78 0 0.0961663 0.1771 0.243024
13.79 0 0.0967389 0.17953 0.248401
13.8 0 0.0977799 0.182313 0.253457
13.81 0 0.0992771 0.185413 0.258117
13.82 0 0.101188 0.188763 0.262325
13.83 0 0.10345 0.192277 0.266048
13.84 0 0.105976 0.195852 0.269278
13.85 0 0.108661 0.199367 0.27203
13.86 0 0.111364 0.202686 0.274328
13.87 0 0.11389 0.205635 0.276165
13.88 0 0.115999 0.208015 0.27749
13.89 0 0.117467 0.209635 0.278247
13.9 0 0.118149 0.210358 0.278409
13.91 0 0.117961 0.210083 0.277952
13.92 0 0.116848 0.208718 0.27681
13.93 0 0.114802 0.206211 0.274898
13.94 0 0.111886 0.20258 0.272134
13.95 0 0.108202 0.19789 0.268429
13.96 0 0.103866 0.192221 0.263671
13.97 0 0.099005 0.185658 0.257746
13.98 0 0.0937509 0.178284 0.250551
13.99 0 0.0882249 0.170162 0.241998
14 0 0.0825271 0.16134 0.232024
14.01 0 0.0767296 0.15185 0.220594
14.02 0 0.0708814 0.141724 0.207723
14.03 0 0.0650161 0.131009 0.193481
14.04 0 0.0591455 0.119767 0.177981
14.05 0 0.0532555 0.108061 0.16136
14.06 0 0.0472924 0.0959333 0.143747
14.07 0 0.0411503 0.0833748 0.125223
14.08 0 0.0347113 0.0703436 0.10584
14.09 0 0.0279268 0.0568316 0.0856893
14.1 0 0.0208484 0.0428988 0.0649363
14.11 0 0.013557 0.0286234 0.0437609
14.12 0 0.00609443 0.0140478 0.0222993
14.13 0 -0.00145197 -0.000797804 0.000685149
14.14 0 -0.00890042 -0.0157979 -0.0208545
14.15 0 -0.0161303 -0.0306836 -0.0419757
14.16 0 -0.0231637 -0.0451432 -0.0623402
14.17 0 -0.0301038 -0.0589716 -0.0817401
14.18 0 -0.0370416 -0.0720677 -0.10008
14.19 0 -0.0439583 -0.0843851 -0.11728
14.2 0 -0.0507239 -0.0959371 -0.133235
14.21 0 -0.0571908 -0.106804 -0.147872
14.22 0 -0.0632712 -0.117091 -0.161201
14.23 0 -0.0689177 -0.126824 -0.17327
14.24 0 -0.0740816 -0.135891 -0.184106
14.25 0 -0.0787275 -0.144097 -0.193731
14.26 0 -0.082832 -0.151246 -0.202175
14.27 0 -0.0863369 -0.157172 -0.209433
14.28 0 -0.0891327 -0.161767 -0.215456
14.29 0 -0.0911325 -0.165042 -0.220213
14.3 0 -0.0923526 -0.167156 -0.223758
14.31 0 -0.0928897 -0.168337 -0.226203
14.32 0 -0.092906 -0.168827 -0.227693
14.33 0 -0.0926094 -0.168847 -0.2284
14.34 0 -0.0921561 -0.168522 -0.228435
14.35 0 -0.0916547 -0.167914 -0.227865
14.36 0 -0.0912367 -0.167131 -0.226804
14.37 0 -0.0910315 -0.16632 -0.225402
14.38 0 -0.0911337 -0.165645 -0.223822
14.39 0 -0.0915715 -0.165245 -0.222207
14.4 0 -0.0922307 -0.165118 -0.220596
14.41 0 -0.092902 -0.165124 -0.218951
14.42 0 -0.0934472 -0.165128 -0.217295
14.43 0 -0.0938308 -0.165043 -0.215735
14.44 0 -0.0940181 -0.164777 -0.214352
14.45 0 -0.0939181 -0.164211 -0.21314
14.46 0 -0.0934215 -0.163257 -0.212037
14.47 0 -0.0924696 -0.161902 -0.210982
14.48 0 -0.0910601 -0.160185 -0.209917
14.49 0 -0.0892064 -0.158123 -0.208745
14.5 0 -0.0869369 -0.155693 -0.207334
14.51 0 -0.0843336 -0.152874 -0.205569
14.52 0 -0.0815356 -0.149683 -0.203376
14.53 0 -0.0786778 -0.146156 -0.200683
14.54 0 -0.075827 -0.14231 -0.19738
14.55 0 -0.0729854 -0.138149 -0.19333
14.56 0 -0.070123 -0.13367 -0.188409
14.57 0 -0.0671976 -0.128846 -0.182521
14.58 0 -0.064167 -0.12362 -0.175614
14.59 0 -0.0609916 -0.117902 -0.167675
14.6 0 -0.0576181 -0.111587 -0.158716
14.61 0 -0.0539629 -0.10456 -0.148746
14.62 0 -0.0499325 -0.0967402 -0.137778
14.63 0 -0.045468 -0.0881223 -0.125866
14.64 0 -0.0405561 -0.0787715 -0.113095
14.65 0 -0.0351969 -0.0687672 -0.0995432
14.66 0 -0.0293824 -0.0581577 -0.0852503
14.67 0 -0.0231318 -0.04698 -0.0702528
14.68 0 -0.0165344 -0.0353103 -0.0546309
14.69 0 -0.0097244 -0.0232544 -0.0384911
14.7 0 -0.0028416 -0.0108827 -0.0219062
14.71 0 0.00395403 0.00176597 -0.00490333
14.72 0 0.0105383 0.0145597 0.0124845
14.73 0 0.0169181 0.0272489 0.0301682
14.74 0 0.0231641 0.0396145 0.0479666
14.75 0 0.0292926 0.0515617 0.0656015
14.76 0 0.0352698 0.0631094 0.0827736
14.77 0 0.04108 0.0743375 0.0992709
14.78 0 0.0467383 0.0852974 0.114985
14.79 0 0.0522644 0.0959618 0.129857
14.8 0 0.0576934 0.106266 0.14387
14.81 0 0.0630882 0.116172 0.157063
14.82 0 0.0685104 0.12569 0.169517
14.83 0 0.0739871 0.134871 0.181321
14.84 0 0.079506 0.143801 0.192564
14.85 0 0.0850026 0.152556 0.203306
14.86 0 0.0903473 0.16113 0.213553
14.87 0 0.0953868 0.169425 0.223279
14.88 0 0.0999997 0.177284 0.23246
14.89 0 0.10415 0.184564 0.24113
14.9 0 0.107904 0.191217 0.249407
14.91 0 0.111312 0.197229 0.257377
14.92 0 0.114282 0.202534 0.264983
14.93 0 0.116638 0.207041 0.272067
14.94 0 0.118203 0.210659 0.278436
14.95 0 0.118891 0.21332 0.283937
14.96 0 0.118793 0.21505 0.288539
14.97 0 0.118139 0.215954 0.292308
14.98 0 0.11714 0.216127 0.29528
14.99 0 0.11587 0.215582 0.297356
15 0 0.114333 0.214329 0.298384
15.01 0 0.112592 0.212481 0.298291
15.02 0 0.110697 0.210143 0.29701
15.03 0 0.108644 0.207331 0.294435
15.04 0 0.106474 0.204056 0.290533
15.05 0 0.104257 0.200307 0.285339
15.06 0 0.101995 0.195995 0.278886
15.07 0 0.0996294 0.191009 0.271209
15.08 0 0.097112 0.185322 0.262412
15.09 0 0.0944538 0.179046 0.252702
15.1 0 0.0916434 0.172337 0.242291
15.11 0 0.088559 0.165246 0.231283
15.12 0 0.0850308 0.15773 0.219708
15.13 0 0.0809514 0.149712 0.207608
15.14 0 0.0763272 0.141139 0.195078
15.15 0 0.071228 0.131981 0.182224
15.16 0 0.0656959 0.122192 0.169082
15.17 0 0.0597311 0.111743 0.155622
15.18 0 0.0533165 0.100644 0.141775
15.19 0 0.0464565 0.0889605 0.12747
15.2 0 0.0392313 0.0768273 0.112688
15.21 0 0.0317954 0.0644225 0.0974655
15.22 0 0.0243366 0.0519219 0.0818647
15.23 0 0.0170188 0.039454 0.0659263
15.24 0 0.00995334 0.0270967 0.0496575
15.25 0 0.00330282 0.014957 0.0331166
15.26 0 -0.00264578 0.00321667 0.0164595
15.27 0 -0.00768096 -0.00789218 -0.000144735
15.28 0 -0.0119103 -0.018188 -0.0166278
15.29 0 -0.0156929 -0.0276813 -0.0329915
15.3 0 -0.019355 -0.0365735 -0.0491039
15.31 0 -0.0230232 -0.0451257 -0.0646307
15.32 0 -0.0267066 -0.0535435 -0.079222
15.33 0 -0.0304638 -0.0619479 -0.0926941
15.34 0 -0.0344424 -0.0703877 -0.105033
15.35 0 -0.0387699 -0.0788035 -0.116266
15.36 0 -0.0434728 -0.0870456 -0.126392
15.37 0 -0.0485082 -0.094986 -0.135429
15.38 0 -0.053772 -0.10256 -0.143416
15.39 0 -0.0590962 -0.109739 -0.1504
15.4 0 -0.0643159 -0.116536 -0.156478
15.41 0 -0.0693245 -0.122992 -0.161831
15.42 0 -0.0740523 -0.129121 -0.166683
15.43 0 -0.0784237 -0.134876 -0.171238
15.44 0 -0.0823505 -0.140162 -0.175657
15.45 0 -0.0857471 -0.144895 -0.180055
15.46 0 -0.0885318 -0.149017 -0.184494
15.47 0 -0.0906238 -0.152496 -0.188966
15.48 0 -0.0919586 -0.155321 -0.193404
15.49 0 -0.0925076 -0.157483 -0.197701
15.5 0 -0.0923055 -0.158975 -0.201744
15.51 0 -0.0914953 -0.159832 -0.205473
15.52 0 -0.0903198 -0.160155 -0.208899
15.53 0 -0.0890202 -0.160071 -0.212034
15.54 0 -0.0877629 -0.159711 -0.214837
15.55 0 -0.0866571 -0.159237 -0.217245
15.56 0 -0.0857718 -0.158818 -0.21919
15.57 0 -0.0850986 -0.15854 -0.220559
15.58 0 -0.0845618 -0.158351 -0.221193
15.59 0 -0.0841297 -0.158149 -0.220994
15.6 0 -0.0838448 -0.157832 -0.219971
15.61 0 -0.0837257 -0.157264 -0.21816
15.62 0 -0.0837167 -0.1563 -0.215591
15.63 0 -0.0836956 -0.154848 -0.21229
15.64 0 -0.0835102 -0.152888 -0.208297
15.65 0 -0.0830328 -0.150474 -0.203697
15.66 0 -0.0821757 -0.147674 -0.198606
15.67 0 -0.0808959 -0.144526 -0.193154
15.68 0 -0.0792137 -0.141045 -0.187493
15.69 0 -0.077203 -0.137251 -0.181784
15.7 0 -0.0749585 -0.133183 -0.176173
15.71 0 -0.072569 -0.128925 -0.170774
15.72 0 -0.0700763 -0.124574 -0.165635
15.73 0 -0.0674414 -0.120179 -0.160703
15.74 0 -0.0646144 -0.115764 -0.155886
15.75 0 -0.0616245 -0.111368 -0.151139
15.76 0 -0.0585397 -0.106996 -0.146431
15.77 0 -0.0553883 -0.102568 -0.141673
15.78 0 -0.0521791 -0.0979742 -0.136752
15.79 0 -0.0489666 -0.0931834 -0.131607
15.8 0 -0.0458484 -0.0882673 -0.126241
15.81 0 -0.0429128 -0.0833541 -0.120673
15.82 0 -0.0402214 -0.0785893 -0.114931
15.83 0 -0.037813 -0.074101 -0.109048
15.84 0 -0.035702 -0.0699624 -0.103062
15.85 0 -0.0338844 -0.0661782 -0.0970148
15.86 0 -0.0323302 -0.0626842 -0.0909414
15.87 0 -0.0309825 -0.0593723 -0.0848682
15.88 0 -0.0297706 -0.0561372 -0.0788253
15.89 0 -0.0286109 -0.0528975 -0.0728442
15.9 0 -0.0273881 -0.0495756 -0.066931
15.91 0 -0.0259558 -0.0460765 -0.0610541
15.92 0 -0.0241753 -0.042304 -0.0551662
15.93 0 -0.0219739 -0.038199 -0.0492483
15.94 0 -0.0193674 -0.0337563 -0.0433275
15.95 0 -0.016421 -0.0289966 -0.03744
15.96 0 -0.0132083 -0.0239497 -0.0315992
15.97 0 -0.0098034 -0.0186681 -0.0257982
15.98 0 -0.00628536 -0.0132399 -0.0200216
15.99 0 -0.00276652 -0.00777507 -0.0142532
16 0 0.000604121 -0.00236261 -0.00845462
16.01 0 0.00371129 0.00293584 -0.00254443
16.02 0 0.00653119 0.0080525 0.00357411
16.03 0 0.00911728 0.0129198 0.0099746
16.04 0 0.0115444 0.0175131 0.0166883
16.05 0 0.0138585 0.0218809 0.0236877
16.06 0 0.0160688 0.0261447 0.0308836
16.07 0 0.0181732 0.0304554 0.0381447
16.08 0 0.0201884 0.0349247 0.0453227
16.09 0 0.0221831 0.0395855 0.0522974
16.1 0 0.0243031 0.044418 0.059034
16.11 0 0.0267395 0.049399 0.0655854
16.12 0 0.0296323 0.0545091 0.0720153
16.13 0 0.0329941 0.0597326 0.0783335
16.14 0 0.0367283 0.0650808 0.0845137
16.15 0 0.0406852 0.0705865 0.090531
16.16 0 0.0447187 0.0762755 0.0963923
16.17 0 0.0487392 0.082147 0.102167
16.18 0 0.0527201 0.0881548 0.107981
16.19 0 0.0566737 0.0942197 0.113985
16.2 0 0.0606213 0.100276 0.120331
16.21 0 0.064528 0.106273 0.127097
16.22 0 0.0682491 0.112138 0.134234
16.23 0 0.071599 0.117796 0.141616
16.24 0 0.0744591 0.1232 0.149134
16.25 0 0.0767969 0.128305 0.156707
16.26 0 0.0786403 0.133028 0.164264
16.27 0 0.0800554 0.137279 0.171733
16.28 0 0.0811209 0.140996 0.179037
16.29 0 0.0819107 0.144185 0.186083
16.3 0 0.0825024 0.146929 0.192789
16.31 0 0.0829927 0.149384 0.199102
16.32 0 0.083491 0.151735 0.204997
16.33 0 0.0841144 0.15416 0.210471
16.34 0 0.0849585 0.156766 0.215513
16.35 0 0.0860557 0.159546 0.220076
16.36 0 0.0873997 0.162417 0.224097
16.37 0 0.0889677 0.165268 0.227533
16.38 0 0.0906762 0.167949 0.230318
16.39 0 0.0923553 0.17026 0.232337
16.4 0 0.0937914 0.171983 0.233464
16.41 0 0.0948071 0.172956 0.233627
16.42 0 0.0952886 0.173082 0.232822
16.43 0 0.0951333 0.172274 0.231045
16.44 0 0.0942297 0.170428 0.22826
16.45 0 0.0925167 0.167483 0.22445
16.46 0 0.0900714 0.163506 0.219699
16.47 0 0.0871036 0.158712 0.214195
16.48 0 0.0838128 0.153338 0.2081
16.49 0 0.0803088 0.147558 0.201485
16.5 0 0.0766662 0.141516 0.194388
16.51 0 0.0729691 0.135342 0.186864
16.52 0 0.0693109 0.129137 0.178991
16.53 0 0.0657692 0.122958 0.170845
16.54 0 0.0623566 0.116786 0.162462
16.55 0 0.059012 0.110545 0.153823
16.56 0 0.0556418 0.104143 0.144893
16.57 0 0.0521391 0.0974925 0.135628
16.58 0 0.0483914 0.0904997 0.125973
16.59 0 0.0443381 0.0831113 0.115907
16.6 0 0.040023 0.075364 0.105494
16.61 0 0.0355498 0.0673544 0.0948437
16.62 0 0.0310217 0.0591974 0.0840552
16.63 0 0.0265341 0.0510265 0.0732238
16.64 0 0.0221768 0.0429917 0.0624477
16.65 0 0.0180231 0.035233 0.051818
16.66 0 0.014094 0.0278206 0.0413805
16.67 0 0.0103489 0.0207263 0.0311226
16.68 0 0.00672422 0.0138654 0.0210178
16.69 0 0.00317873 0.00713339 0.0110537
16.7 0 -0.000264366 0.000426304 0.00124359
16.71 0 -0.00354956 -0.00630771 -0.00836832
16.72 0 -0.00670404 -0.0130471 -0.017749
16.73 0 -0.00988366 -0.0197408 -0.0269158
16.74 0 -0.0132875 -0.0263539 -0.0359056
16.75 0 -0.0170117 -0.0328669 -0.0446939
16.76 0 -0.0209784 -0.0392643 -0.0531548
16.77 0 -0.0250275 -0.0455666 -0.0611463
16.78 0 -0.0290355 -0.0518238 -0.0686031
16.79 0 -0.0329264 -0.0580286 -0.0755219
16.8 0 -0.0366446 -0.0640677 -0.0819214
16.81 0 -0.0401553 -0.069763 -0.0878387
16.82 0 -0.0434545 -0.07497 -0.0933448
16.83 0 -0.0465723 -0.0796671 -0.0985505
16.84 0 -0.0495332 -0.0839521 -0.103569
16.85 0 -0.0523302 -0.0879864 -0.108483
16.86 0 -0.0549566 -0.0919522 -0.113367
16.87 0 -0.0574444 -0.09601 -0.118316
16.88 0 -0.0598444 -0.100236 -0.123412
16.89 0 -0.0621905 -0.104592 -0.128698
16.9 0 -0.0645308 -0.109009 -0.134213
16.91 0 -0.066941 -0.11346 -0.140015
16.92 0 -0.0694526 -0.11794 -0.146125
16.93 0 -0.0720099 -0.12243 -0.152489
16.94 0 -0.0745103 -0.126911 -0.159012
16.95 0 -0.0768609 -0.131373 -0.1656
16.96 0 -0.0790222 -0.135806 -0.17219
16.97 0 -0.0810255 -0.140204 -0.17877
16.98 0 -0.0829183 -0.144524 -0.185321
16.99 0 -0.0846931 -0.14865 -0.191763
17 0 -0.0862884 -0.15243 -0.197959
17.01 0 -0.0876365 -0.155747 -0.20377
17.02 0 -0.0887083 -0.15856 -0.209097
17.03 0 -0.0895068 -0.160895 -0.213872
17.04 0 -0.0900195 -0.162768 -0.218007
17.05 0 -0.0902123 -0.164151 -0.221389
17.06 0 -0.0900633 -0.164993 -0.223907
17.07 0 -0.0895732 -0.165225 -0.225466
17.08 0 -0.0887517 -0.164769 -0.225979
17.09 0 -0.0876021 -0.16355 -0.22536
17.1 0 -0.0861096 -0.161506 -0.223517
17.11 0 -0.0842495 -0.158603 -0.220367
17.12 0 -0.0820295 -0.15487 -0.215886
17.13 0 -0.0795067 -0.150396 -0.210131
17.14 0 -0.0767532 -0.145285 -0.203206
17.15 0 -0.0738161 -0.139615 -0.19523
17.16 0 -0.0707005 -0.133426 -0.18631
17.17 0 -0.0673898 -0.126741 -0.176559
17.18 0 -0.0638826 -0.119606 -0.166118
17.19 0 -0.0602017 -0.112102 -0.155158
17.2 0 -0.0563802 -0.104332 -0.143855
17.21 0 -0.0524366 -0.0963882 -0.132359
17.22 0 -0.0483514 -0.0883214 -0.120763
17.23 0 -0.0440834 -0.0801369 -0.109113
17.24 0 -0.0396013 -0.0718155 -0.0974342
17.25 0 -0.0348722 -0.0633035 -0.085717
17.26 0 -0.0298564 -0.0545185 -0.0739207
17.27 0 -0.0245678 -0.0454203 -0.0620356
17.28 0 -0.0190967 -0.0360625 -0.0501107
17.29 0 -0.0135331 -0.0265366 -0.0381797
17.3 0 -0.00790883 -0.0169081 -0.0262099
17.31 0 -0.00226595 -0.00722615 -0.0141491
17.32 0 0.00325172 0.0024422 -0.00197626
17.33 0 0.00848318 0.0119799 0.0103046
17.34 0 0.0133871 0.0212265 0.0226655
17.35 0 0.018004 0.0300458 0.0350308
17.36 0 0.0223725 0.0383965 0.0472705
17.37 0 0.0265128 0.0463447 0.0592136
17.38 0 0.0304282 0.0539956 0.0706788
17.39 0 0.0341218 0.061407 0.0815112
17.4 0 0.037621 0.0685536 0.0916045
17.41 0 0.0409841 0.0753513 0.100913
17.42 0 0.0442961 0.0817243 0.109456
17.43 0 0.0476421 0.0876605 0.117296
17.44 0 0.0510629 0.0932163 0.124496
17.45 0 0.0545408 0.0984957 0.131107
17.46 0 0.058027 0.103625 0.137178
17.47 0 0.0614757 0.108714 0.142782
17.48 0 0.064867 0.113821 0.148016
17.49 0 0.068207 0.118932 0.153
17.5 0 0.0714924 0.123955 0.157844
17.51 0 0.0746564 0.128737 0.162594
17.52 0 0.077556 0.133096 0.167215
17.53 0 0.080013 0.136879 0.171616
17.54 0 0.0818793 0.140003 0.175705
17.55 0 0.0830855 0.142456 0.179422
17.56 0 0.0836319 0.144247 0.182725
17.57 0 0.0835848 0.145391 0.185596
17.58 0 0.0830804 0.145934 0.188053
17.59 0 0.0822792 0.145956 0.19012
17.6 0 0.0813257 0.145563 0.191807
17.61 0 0.0803404 0.1449 0.193114
17.62 0 0.0793904 0.144107 0.194006
17.63 0 0.0784641 0.143246 0.194384
17.64 0 0.0775153 0.142302 0.194125
17.65 0 0.0765177 0.141206 0.193133
17.66 0 0.0754613 0.139841 0.191338
17.67 0 0.074331 0.138057 0.188695
17.68 0 0.0731329 0.135755 0.18522
17.69 0 0.0719214 0.132973 0.181025
17.7 0 0.0707445 0.129848 0.176263
17.71 0 0.0696 0.126549 0.171079
17.72 0 0.068447 0.123223 0.165602
17.73 0 0.0672302 0.119949 0.159949
17.74 0 0.0659208 0.116745 0.154255
17.75 0 0.0645206 0.113577 0.14866
17.76 0 0.0630188 0.110363 0.143267
17.77 0 0.0613651 0.106997 0.138116
17.78 0 0.0594823 0.103399 0.133191
17.79 0 0.0572874 0.0995238 0.128439
17.8 0 0.0547227 0.0953717 0.123794
17.81 0 0.0517851 0.0909747 0.119197
17.82 0 0.0485216 0.08637 0.114596
17.83 0 0.0450127 0.0815801 0.109934
17.84 0 0.0413592 0.076618 0.105149
17.85 0 0.0376843 0.0715205 0.100194
17.86 0 0.0341375 0.0663826 0.0950594
17.87 0 0.0308664 0.0613465 0.0897656
17.88 0 0.0279751 0.0565555 0.0843314
17.89 0 0.0254906 0.0520983 0.0787503
17.9 0 0.0233681 0.0479808 0.0729943
17.91 0 0.0215367 0.0441489 0.0670519
17.92 0 0.0199185 0.0405065 0.0609357
17.93 0 0.0184212 0.036925 0.0546639
17.94 0 0.0169366 0.0332676 0.048247
17.95 0 0.0153414 0.02941 0.0416803
17.96 0 0.013539 0.0252839 0.0349777
17.97 0 0.0115038 0.0209131 0.0282132
17.98 0 0.00924046 0.016357 0.0214751
17.99 0 0.00672949 0.011639 0.0148028
18 0 0.00396062 0.00674564 0.00820508
18.01 0 0.000993551 0.00166079 0.00170169
18.02 0 -0.0020547 -0.00360445 -0.00468721
18.03 0 -0.00509992 -0.00900378 -0.0109861
18.04 0 -0.00815904 -0.0144591 -0.0172757
18.05 0 -0.0113177 -0.0198839 -0.0236562
18.06 0 -0.0146342 -0.025229 -0.0301958
18.07 0 -0.0180802 -0.0305068 -0.0368975
18.08 0 -0.0215631 -0.0357918 -0.0437119
18.09 0 -0.0249919 -0.0411906 -0.0505841
18.1 0 -0.0283275 -0.0467797 -0.0574893
18.11 0 -0.0315948 -0.0525647 -0.0644446
18.12 0 -0.0348695 -0.0584907 -0.0715045
18.13 0 -0.0382404 -0.0644826 -0.078737
18.14 0 -0.0417645 -0.0704884 -0.0861884
18.15 0 -0.0454362 -0.0765054 -0.0938589
18.16 0 -0.0491838 -0.0825702 -0.101699
18.17 0 -0.052897 -0.0887151 -0.109631
18.18 0 -0.0564774 -0.0949346 -0.117583
18.19 0 -0.059873 -0.101171 -0.125513
18.2 0 -0.0630706 -0.10731 -0.13339
18.21 0 -0.066073 -0.113207 -0.141179
18.22 0 -0.0688923 -0.118735 -0.14885
18.23 0 -0.0715469 -0.123849 -0.156384
18.24 0 -0.0740374 -0.128585 -0.163753
18.25 0 -0.0763386 -0.133025 -0.170911
18.26 0 -0.0784245 -0.137263 -0.177804
18.27 0 -0.0802954 -0.141363 -0.184391
18.28 0 -0.0819878 -0.145339 -0.190649
18.29 0 -0.0835701 -0.149164 -0.196576
18.3 0 -0.0851221 -0.152796 -0.202179
18.31 0 -0.0867034 -0.156204 -0.207461
18.32 0 -0.0883141 -0.159367 -0.212389
18.33 0 -0.0898826 -0.162259 -0.216879
18.34 0 -0.0913023 -0.164848 -0.220831
18.35 0 -0.092473 -0.167094 -0.224148
18.36 0 -0.0933221 -0.168925 -0.226752
18.37 0 -0.0938187 -0.170248 -0.228593
18.38 0 -0.0939665 -0.170968 -0.229642
18.39 0 -0.093775 -0.170995 -0.229874
18.4 0 -0.0932351 -0.170264 -0.22925
18.41 0 -0.0923204 -0.168755 -0.227722
18.42 0 -0.0910032 -0.166496 -0.225251
18.43 0 -0.0892632 -0.163539 -0.221809
18.44 0 -0.0870981 -0.159929 -0.217388
18.45 0 -0.0845399 -0.155695 -0.212014
18.46 0 -0.0816509 -0.150856 -0.205745
18.47 0 -0.0784988 -0.145428 -0.198658
18.48 0 -0.0751349 -0.139439 -0.190826
18.49 0 -0.0715948 -0.132948 -0.182328
18.5 0 -0.0679096 -0.126059 -0.173252
18.51 0 -0.0641089 -0.118895 -0.163701
18.52 0 -0.0602269 -0.111577 -0.153784
18.53 0 -0.0563075 -0.104207 -0.143621
18.54 0 -0.0523761 -0.0968278 -0.133308
18.55 0 -0.0484156 -0.0894165 -0.122891
18.56 0 -0.0443913 -0.0819178 -0.112393
18.57 0 -0.0402697 -0.0742803 -0.101821
18.58 0 -0.0360139 -0.0664635 -0.0911689
18.59 0 -0.0315838 -0.0584397 -0.0804148
18.6 0 -0.0269416 -0.050188 -0.0695266
18.61 0 -0.0220671 -0.0416943 -0.0584742
18.62 0 -0.0169826 -0.0329733 -0.0472507
18.63 0 -0.0117597 -0.0240766 -0.0358771
18.64 0 -0.00648992 -0.0150716 -0.0243838
18.65 0 -0.00130002 -0.00602215 -0.012801
18.66 0 0.00363214 0.00299637 -0.00115457
18.67 0 0.00819381 0.0118491 0.0105396
18.68 0 0.0124159 0.0203531 0.0222509
18.69 0 0.0163925 0.0283657 0.0339002
18.7 0 0.0201908 0.0358603 0.0453485
18.71 0 0.0238253 0.0429245 0.056403
18.72 0 0.0272777 0.0496895 0.0668625
18.73 0 0.0305435 0.0562465 0.0765747
18.74 0 0.033668 0.0626092 0.0854657
18.75 0 0.0367528 0.0687344 0.0935486
18.76 0 0.0399205 0.0745697 0.100902
18.77 0 0.0432586 0.0800975 0.107622
18.78 0 0.0467857 0.0853606 0.11379
18.79 0 0.0504359 0.0904359 0.119459
18.8 0 0.054063 0.0953716 0.124631
18.81 0 0.0574983 0.100155 0.129298
18.82 0 0.0606239 0.104716 0.13349
18.83 0 0.0634061 0.108953 0.137301
18.84 0 0.0658631 0.11276 0.140851
18.85 0 0.0679972 0.116039 0.144222
18.86 0 0.0697671 0.118732 0.147437
18.87 0 0.071101 0.120846 0.150462
18.88 0 0.0719217 0.122425 0.153224
18.89 0 0.0721813 0.123511 0.155641
18.9 0 0.071895 0.12412 0.157645
18.91 0 0.0711426 0.12424 0.159197
18.92 0 0.0700392 0.123841 0.160268
18.93 0 0.0687046 0.12291 0.160827
18.94 0 0.0672458 0.12149 0.160841
18.95 0 0.0657415 0.119679 0.160272
18.96 0 0.0642385 0.117609 0.159077
18.97 0 0.0627694 0.115409 0.157225
18.98 0 0.0613721 0.113184 0.154712
18.99 0 0.0601003 0.110989 0.151578
19 0 0.0590198 0.108827 0.147917
19.01 0 0.0581818 0.106674 0.143855
19.02 0 0.0575824 0.104488 0.139518
19.03 0 0.0571486 0.102242 0.135008
19.04 0 0.0567666 0.0999395 0.130417
19.05 0 0.0563169 0.0976121 0.12584
19.06 0 0.0556972 0.0952873 0.121374
19.07 0 0.0548442 0.092968 0.117116
19.08 0 0.0537436 0.0906333 0.113168
19.09 0 0.0524061 0.0882386 0.109604
19.1 0 0.0508283 0.0857159 0.106437
19.11 0 0.0489849 0.0829983 0.103617
19.12 0 0.046845 0.0800475 0.101042
19.13 0 0.0443843 0.0768521 0.0985759
19.14 0 0.0415965 0.073408 0.0960565
19.15 0 0.0385093 0.0697041 0.0933178
19.16 0 0.0351968 0.0657277 0.0902161
19.17 0 0.031779 0.0614812 0.0866477
19.18 0 0.0284017 0.0569998 0.0825522
19.19 0 0.0252025 0.0523564 0.0779022
19.2 0 0.0222815 0.0476546 0.0726921
19.21 0 0.019682 0.0429996 0.0669282
19.22 0 0.0173774 0.0384472 0.0606127
19.23 0 0.0152861 0.0339765 0.0537502
19.24 0 0.0133121 0.0295088 0.046375
19.25 0 0.0113757 0.0249459 0.0385643
19.26 0 0.00941734 0.0202049 0.0304275
19.27 0 0.00737166 0.0152315 0.0220739
19.28 0 0.00514876 0.00999134 0.0135874
19.29 0 0.00266069 0.00445375 0.00502731
19.3 0 -0.000144569 -0.0014123 -0.00356012
19.31 0 -0.00327115 -0.00761385 -0.0121265
19.32 0 -0.00668779 -0.0141023 -0.0206113
19.33 0 -0.0103718 -0.0207703 -0.0289588
19.34 0 -0.0143192 -0.0274898 -0.0371301
19.35 0 -0.0184891 -0.0341555 -0.0450843
19.36 0 -0.0227719 -0.040699 -0.0527604
19.37 0 -0.027016 -0.0470738 -0.0600883
19.38 0 -0.0310703 -0.0532311 -0.0670139
19.39 0 -0.0348205 -0.0591055 -0.0735183
19.4 0 -0.0382044 -0.0646073 -0.0796157
19.41 0 -0.0411991 -0.0696322 -0.0853341
19.42 0 -0.043802 -0.0740945 -0.0906973
19.43 0 -0.0460099 -0.0779533 -0.0957075
19.44 0 -0.0478076 -0.0812107 -0.100336
19.45 0 -0.0491858 -0.0839101 -0.104545
19.46 0 -0.0501704 -0.0861322 -0.108311
19.47 0 -0.0508223 -0.0879651 -0.111634
19.48 0 -0.0512185 -0.0894685 -0.114511
19.49 0 -0.051436 -0.0906632 -0.116936
19.5 0 -0.0515455 -0.091552 -0.118902
19.51 0 -0.0516091 -0.0921514 -0.120406
19.52 0 -0.0516717 -0.0925028 -0.121446
19.53 0 -0.0517572 -0.0926668 -0.122025
19.54 0 -0.0518723 -0.0927082 -0.122149
19.55 0 -0.0520082 -0.0926698 -0.121828
19.56 0 -0.0521553 -0.0925635 -0.121093
19.57 0 -0.0523265 -0.09239 -0.120018
19.58 0 -0.0525397 -0.0921413 -0.118702
19.59 0 -0.0527775 -0.0917904 -0.117227
19.6 0 -0.0529808 -0.0913028 -0.115646
19.61 0 -0.0530703 -0.0906563 -0.113997
19.62 0 -0.0529777 -0.0898515 -0.112317
19.63 0 -0.0526652 -0.0889058 -0.110652
19.64 0 -0.0521122 -0.0878229 -0.109034
19.65 0 -0.051298 -0.0865702 -0.107462
19.66 0 -0.050212 -0.0850972 -0.105908
19.67 0 -0.0488592 -0.0833582 -0.104327
19.68 0 -0.0472514 -0.0813205 -0.102654
19.69 0 -0.0454119 -0.0789781 -0.100811
19.7 0 -0.0433836 -0.0763593 -0.0987269
19.71 0 -0.0412198 -0.0735093 -0.0963332
19.72 0 -0.0389762 -0.0704711 -0.0935668
19.73 0 -0.0367062 -0.0672754 -0.0903742
19.74 0 -0.0344498 -0.0639294 -0.0867086
19.75 0 -0.0322281 -0.0604187 -0.0825327
19.76 0 -0.0300448 -0.0567193 -0.0778247
19.77 0 -0.0278837 -0.0528064 -0.0725785
19.78 0 -0.0257077 -0.0486556 -0.0668004
19.79 0 -0.0234705 -0.0442502 -0.060515
19.8 0 -0.0211351 -0.0395919 -0.0537757
19.81 0 -0.0186767 -0.0346943 -0.0466609
19.82 0 -0.0160782 -0.02957 -0.0392603
19.83 0 -0.0133284 -0.024231 -0.0316658
19.84 0 -0.0104203 -0.0186941 -0.0239636
19.85 0 -0.00735068 -0.0129851 -0.0162298
19.86 0 -0.0041288 -0.00714224 -0.00853008
19.87 0 -0.00079854 -0.00120458 -0.000916977
19.88 0 0.00256245 0.00480186 0.00658625
19.89 0 0.00589743 0.0108452 0.0139951
19.9 0 0.00922316 0.0168629 0.0213519
19.91 0 0.0126003 0.0227766 0.0286933
19.92 0 0.016051 0.0285336 0.0360137
19.93 0 0.0195302 0.0341374 0.0432613
19.94 0 0.0229569 0.0396338 0.0503618
19.95 0 0.0262524 0.0450652 0.0572465
19.96 0 0.0293693 0.0504318 0.0638738
19.97 0 0.0323051 0.0556803 0.0702363
19.98 0 0.0350908 0.0607217 0.0763492
19.99 0 0.03776 0.0654657 0.082228
20 0 0.0403199 0.0698549 0.0878679
20.01 0 0.0427537 0.0738981 0.0932522
20.02 0 0.0450431 0.0776716 0.098373
20.03 0 0.0471617 0.0812577 0.103217
20.04 0 0.0490674 0.084678 0.10775
20.05 0 0.0507326 0.0878908 0.111937
20.06 0 0.0521647 0.0908211 0.115762
20.07 0 0.053392 0.0933891 0.119221
20.08 0 0.0544382 0.0955344 0.122305
20.09 0 0.0553032 0.0972317 0.124988
20.1 0 0.0559598 0.0984909 0.127224
20.11 0 0.0563665 0.0993421 0.128956
20.12 0 0.0564931 0.0998183 0.130135
20.13 0 0.0563451 0.0999443 0.130734
20.14 0 0.0559636 0.0997271 0.130756
20.15 0 0.0554085 0.0991581 0.130217
20.16 0 0.0547444 0.0982337 0.129145
20.17 0 0.0540255 0.096976 0.127578
20.18 0 0.0532804 0.0954348 0.125554
20.19 0 0.0524977 0.0936654 0.123098
20.2 0 0.0516293 0.0917003 0.120217
20.21 0 0.0506164 0.0895379 0.116918
20.22 0 0.0494101 0.0871403 0.113219
20.23 0 0.0479761 0.0844402 0.109145
20.24 0 0.0462914 0.081363 0.104726
20.25 0 0.0443396 0.0778544 0.0999875
20.26 0 0.0421063 0.0738982 0.094946
20.27 0 0.0395734 0.0695122 0.0896015
20.28 0 0.0367231 0.0647326 0.0839368
20.29 0 0.0335518 0.0595971 0.0779279
20.3 0 0.0300799 0.0541316 0.0715525
20.31 0 0.0263512 0.0483456 0.0647923
20.32 0 0.0224212 0.042237 0.057629
20.33 0 0.0183458 0.0358034 0.0500417
20.34 0 0.0141736 0.0290523 0.0420068
20.35 0 0.00993742 0.0220056 0.0334992
20.36 0 0.00565681 0.0146959 0.0244941
20.37 0 0.00138984 0.00715999 0.0149833
20.38 0 -0.00274029 -0.000541821 0.00499091
20.39 0 -0.00664201 -0.00829666 -0.00543203
20.4 0 -0.0103366 -0.0159526 -0.0162109
20.41 0 -0.013902 -0.0233816 -0.0272263
20.42 0 -0.0173887 -0.0305349 -0.038294
20.43 0 -0.0207968 -0.0374449 -0.0491805
20.44 0 -0.0241049 -0.0441787 -0.0596557
20.45 0 -0.0273117 -0.0507796 -0.0695434
20.46 0 -0.0304527 -0.0572315 -0.0787347
20.47 0 -0.0335852 -0.0634604 -0.0871805
20.48 0 -0.0367579 -0.069368 -0.0948714
20.49 0 -0.0399861 -0.074879 -0.101812
20.5 0 -0.0432416 -0.0799745 -0.108012
20.51 0 -0.0464579 -0.0846858 -0.113486
20.52 0 -0.0495476 -0.0890621 -0.118254
20.53 0 -0.0524293 -0.0931363 -0.122355
20.54 0 -0.055039 -0.0968899 -0.125845
20.55 0 -0.0573248 -0.100239 -0.12878
20.56 0 -0.0592475 -0.103067 -0.131217
20.57 0 -0.0607709 -0.105268 -0.133202
20.58 0 -0.0618475 -0.106773 -0.13475
20.59 0 -0.0624301 -0.107573 -0.135855
20.6 0 -0.0624944 -0.107721 -0.136506
20.61 0 -0.0620433 -0.107295 -0.136685
20.62 0 -0.0611111 -0.106363 -0.136367
20.63 0 -0.0597702 -0.104967 -0.135537
20.64 0 -0.0581213 -0.103132 -0.134185
20.65 0 -0.0562699 -0.10087 -0.132299
20.66 0 -0.0543053 -0.0982057 -0.129859
20.67 0 -0.0522875 -0.0951824 -0.126838
20.68 0 -0.050246 -0.0918644 -0.123208
20.69 0 -0.0481887 -0.0883197 -0.118953
20.7 0 -0.0461165 -0.0845995 -0.11408
20.71 0 -0.044034 -0.0807257 -0.108629
20.72 0 -0.0419494 -0.0766921 -0.102671
20.73 0 -0.0398645 -0.0724762 -0.0962961
20.74 0 -0.0377625 -0.0680558 -0.0895976
20.75 0 -0.0356042 -0.0634239 -0.0826614
20.76 0 -0.0333338 -0.0585928 -0.075562
20.77 0 -0.0308918 -0.053586 -0.0683624
20.78 0 -0.0282316 -0.048427 -0.0611166
20.79 0 -0.0253307 -0.0431321 -0.0538756
20.8 0 -0.0221948 -0.0377056 -0.0466898
20.81 0 -0.0188541 -0.032144 -0.0396052
20.82 0 -0.0153545 -0.0264479 -0.0326536
20.83 0 -0.0117467 -0.0206355 -0.0258445
20.84 0 -0.0080732 -0.0147471 -0.0191606
20.85 0 -0.00437521 -0.00883911 -0.0125628
20.86 0 -0.000734136 -0.00297206 -0.00600269
20.87 0 0.00272202 0.00279138 0.000566322
20.88 0 0.00589367 0.00837298 0.00718594
20.89 0 0.00876911 0.0136787 0.0138866
20.9 0 0.0113942 0.0186353 0.020668
20.91 0 0.0138085 0.0232306 0.0274789
20.92 0 0.0160224 0.0275167 0.0342182
20.93 0 0.0180332 0.0315814 0.0407555
20.94 0 0.0198556 0.0355096 0.0469642
20.95 0 0.0215467 0.0393499 0.0527598
20.96 0 0.0232071 0.0431037 0.0581162
20.97 0 0.0249515 0.0467408 0.0630463
20.98 0 0.0268686 0.0502347 0.0675745
20.99 0 0.0289932 0.0535915 0.0717211
21 0 0.0313028 0.056857 0.0755026
21.01 0 0.0337342 0.0600976 0.0789391
21.02 0 0.0361916 0.0633462 0.0820467
21.03 0 0.0385705 0.066568 0.0848443
21.04 0 0.040807 0.0696876 0.0873904
21.05 0 0.0428782 0.0726159 0.0897757
21.06 0 0.0447655 0.0752672 0.0920841
21.07 0 0.0464376 0.0775878 0.0943723
21.08 0 0.0478462 0.0795699 0.0966599
21.09 0 0.048937 0.0812427 0.0989314
21.1 0 0.0496721 0.0826501 0.10115
21.11 0 0.0500505 0.0838259 0.103274
21.12 0 0.0501141 0.0847788 0.105263
21.13 0 0.0499387 0.0854958 0.107085
21.14 0 0.0496078 0.0859536 0.1087
21.15 0 0.0491863 0.0861326 0.11005
21.16 0 0.0487109 0.0860323 0.111065
21.17 0 0.0481927 0.0856753 0.111671
21.18 0 0.0476249 0.0850957 0.111792
21.19 0 0.0469969 0.0843209 0.111367
21.2 0 0.0463055 0.0833584 0.110356
21.21 0 0.045559 0.0821889 0.108746
21.22 0 0.0447693 0.0807709 0.10655
21.23 0 0.0439393 0.0790559 0.103801
21.24 0 0.0430515 0.0770084 0.100539
21.25 0 0.0420662 0.0746196 0.0968083
21.26 0 0.0409281 0.0719043 0.0926545
21.27 0 0.0395776 0.0688858 0.0881229
21.28 0 0.0379663 0.0655801 0.0832624
21.29 0 0.0360688 0.061987 0.078128
21.3 0 0.0338831 0.0580913 0.0727771
21.31 0 0.0314217 0.0538754 0.0672596
21.32 0 0.0287032 0.0493338 0.0616089
21.33 0 0.0257458 0.0444823 0.0558367
21.34 0 0.022566 0.0393578 0.0499341
21.35 0 0.0191851 0.0340107 0.0438792
21.36 0 0.0156408 0.0284925 0.037648
21.37 0 0.0119925 0.0228466 0.0312224
21.38 0 0.00831104 0.0171059 0.0245915
21.39 0 0.00467691 0.011297 0.0177502
21.4 0 0.00119678 0.0054481 0.0106982
21.41 0 -0.00201336 -0.000395769 0.00343715
21.42 0 -0.00489698 -0.00615423 -0.00403057
21.43 0 -0.00749797 -0.0117166 -0.0116927
21.44 0 -0.00992205 -0.0169866 -0.0195052
21.45 0 -0.0122592 -0.0219371 -0.0273698
21.46 0 -0.0145457 -0.0266268 -0.0351345
21.47 0 -0.0167765 -0.031167 -0.042624
21.48 0 -0.0189418 -0.0356613 -0.0496865
21.49 0 -0.0210647 -0.0401527 -0.0562236
21.5 0 -0.0232118 -0.0446106 -0.062195
21.51 0 -0.0254687 -0.0489551 -0.0676072
21.52 0 -0.0278979 -0.0531029 -0.0724899
21.53 0 -0.0305043 -0.0570063 -0.0768742
21.54 0 -0.0332252 -0.0606676 -0.080781
21.55 0 -0.0359494 -0.0641235 -0.0842245
21.56 0 -0.038554 -0.0674102 -0.0872278
21.57 0 -0.0409397 -0.0705305 -0.0898388
21.58 0 -0.0430497 -0.0734398 -0.0921339
21.59 0 -0.0448656 -0.0760564 -0.0942057
21.6 0 -0.0463861 -0.0782909 -0.0961391
21.61 0 -0.0476041 -0.0800827 -0.0979891
21.62 0 -0.0484952 -0.0814218 -0.0997676
21.63 0 -0.0490224 -0.0823449 -0.101444
21.64 0 -0.0491569 -0.082911 -0.102961
21.65 0 -0.0489013 -0.0831706 -0.104252
21.66 0 -0.048302 -0.083145 -0.105259
21.67 0 -0.0474441 -0.0828266 -0.105935
21.68 0 -0.0464299 -0.0821966 -0.106242
21.69 0 -0.0453526 -0.0812488 -0.106141
21.7 0 -0.0442742 -0.0800041 -0.105583
21.71 0 -0.04322 -0.078511 -0.104517
21.72 0 -0.0421873 -0.0768307 -0.102892
21.73 0 -0.0411623 -0.075015 -0.10068
21.74 0 -0.0401362 -0.0730841 -0.0978819
21.75 0 -0.0391104 -0.0710207 -0.0945387
21.76 0 -0.0380887 -0.0687808 -0.0907203
21.77 0 -0.0370618 -0.0663167 -0.0865101
21.78 0 -0.0359952 -0.0635981 -0.0819896
21.79 0 -0.0348269 -0.0606211 -0.077228
21.8 0 -0.0334797 -0.0574031 -0.0722821
21.81 0 -0.0318806 -0.0539669 -0.0672032
21.82 0 -0.0299816 -0.0503248 -0.0620415
21.83 0 -0.0277698 -0.0464713 -0.0568459
21.84 0 -0.0252645 -0.0423892 -0.0516583
21.85 0 -0.0225054 -0.0380646 -0.0465045
21.86 0 -0.0195378 -0.0335025 -0.0413862
21.87 0 -0.0164059 -0.0287336 -0.0362785
21.88 0 -0.0131526 -0.0238104 -0.031135
21.89 0 -0.00982292 -0.0187958 -0.0258979
21.9 0 -0.00646717 -0.0137491 -0.0205109
21.91 0 -0.00316698 -0.00871206 -0.0149309
21.92 0 -5.87347e-05 -0.00370768 -0.00913291
21.93 0 0.00272051 0.00123504 -0.00310565
21.94 0 0.00511866 0.0060515 0.00315603
21.95 0 0.00718663 0.0106487 0.00964318
21.96 0 0.00902932 0.0149496 0.0163106
21.97 0 0.0107393 0.0189401 0.0230579
21.98 0 0.0123666 0.0226801 0.0297314
21.99 0 0.0139315 0.0262732 0.0361518
22 0 0.0154512 0.0298181 0.0421534
22.01 0 0.0169643 0.0333646 0.0476205
22.02 0 0.0185417 0.0368926 0.0525006
22.03 0 0.0202672 0.0403319 0.0567919
22.04 0 0.0222001 0.0436041 0.0605197
22.05 0 0.0243446 0.0466602 0.0637149
22.06 0 0.0266387 0.0494965 0.0664038
22.07 0 0.028969 0.0521413 0.0686124
22.08 0 0.0312047 0.0546238 0.0703803
22.09 0 0.0332338 0.0569413 0.0717731
22.1 0 0.0349845 0.0590462 0.0728837
22.11 0 0.0364243 0.0608568 0.0738193
22.12 0 0.037542 0.0622889 0.0746787
22.13 0 0.0383252 0.0632894 0.0755273
22.14 0 0.0387495 0.0638554 0.0763827
22.15 0 0.0387846 0.0640299 0.0772159
22.16 0 0.0384142 0.0638766 0.0779662
22.17 0 0.0376579 0.0634501 0.0785616
22.18 0 0.0365807 0.0627767 0.0789337
22.19 0 0.0352845 0.0618555 0.0790234
22.2 0 0.0338843 0.0606754 0.0787762
22.21 0 0.0324807 0.0592373 0.078136
22.22 0 0.0311404 0.0575677 0.0770424
22.23 0 0.0298906 0.055717 0.0754361
22.24 0 0.0287287 0.0537437 0.0732708
22.25 0 0.0276386 0.051691 0.0705279
22.26 0 0.0266051 0.0495693 0.0672279
22.27 0 0.0256175 0.0473532 0.0634312
22.28 0 0.0246618 0.0449954 0.0592272
22.29 0 0.0237058 0.0424474 0.0547152
22.3 0 0.0226913 0.0396766 0.0499891
22.31 0 0.0215421 0.0366763 0.0451326
22.32 0 0.0201774 0.0334601 0.040217
22.33 0 0.0185286 0.0300464 0.035301
22.34 0 0.0165566 0.0264462 0.0304344
22.35 0 0.0142598 0.0226584 0.025659
22.36 0 0.011671 0.0186762 0.0210018
